0 0
0.999024 1
1.99805 0
2.99707 1
3.9961 0
4.99512 1
5.99415 0
6.99317 1
7.9922 0
8.99122 1
9.99024 0
10.9893 1
11.9883 0
12.9873 1
13.9863 0
14.9854 1
15.9844 0
16.9834 1
17.9824 0
18.9815 1
19.9805 0
20.9795 1
21.9785 0
22.9776 1
23.9766 0
24.9756 1
25.9746 0
26.9737 1
27.9727 0
28.9717 1
29.9707 0
30.9698 1
31.9688 0
32.9678 1
33.9668 0
34.9659 1
35.9649 0
36.9639 1
37.9629 0
38.962 1
39.961 0
40.96 1
41.959 0
42.958 1
43.9571 0
44.9561 1
45.9551 0
46.9541 1
47.9532 0
48.9522 1
49.9512 0
50.9502 1
51.9493 0
52.9483 1
53.9473 0
54.9463 1
55.9454 0
56.9444 1
57.9434 0
58.9424 1
59.9415 0
60.9405 1
61.9395 0
62.9385 1
63.9376 0
64.9366 1
65.9356 0
66.9346 1
67.9337 0
68.9327 1
69.9317 0
70.9307 1
71.9298 0
72.9288 1
73.9278 0
74.9268 1
75.9259 0
76.9249 1
77.9239 0
78.9229 1
79.922 0
80.921 1
81.92 0
82.919 1
83.918 0
84.9171 1
85.9161 0
86.9151 1
87.9141 0
88.9132 1
89.9122 0
90.9112 1
91.9102 0
92.9093 1
93.9083 0
94.9073 1
95.9063 0
96.9054 1
97.9044 0
98.9034 1
99.9024 0
100.901 1
101.9 0
102.9 1
103.899 0
104.898 1
105.897 0
106.896 1
107.895 0
108.894 1
109.893 0
110.892 1
111.891 0
112.89 1
113.889 0
114.888 1
115.887 0
116.886 1
117.885 0
118.884 1
119.883 0
120.882 1
121.881 0
122.88 1
123.879 0
124.878 1
125.877 0
126.876 1
127.875 0
128.874 1
129.873 0
130.872 1
131.871 0
132.87 1
133.869 0
134.868 1
135.867 0
136.866 1
137.865 0
138.864 1
139.863 0
140.862 1
141.861 0
142.86 1
143.86 0
144.859 1
145.858 0
146.857 1
147.856 0
148.855 1
149.854 0
150.853 1
151.852 0
152.851 1
153.85 0
154.849 1
155.848 0
156.847 1
157.846 0
158.845 1
159.844 0
160.843 1
161.842 0
162.841 1
163.84 0
164.839 1
165.838 0
166.837 1
167.836 0
168.835 1
169.834 0
170.833 1
171.832 0
172.831 1
173.83 0
174.829 1
175.828 0
176.827 1
177.826 0
178.825 1
179.824 0
180.823 1
181.822 0
182.821 1
183.82 0
184.82 1
185.819 0
186.818 1
187.817 0
188.816 1
189.815 0
190.814 1
191.813 0
192.812 1
193.811 0
194.81 1
195.809 0
196.808 1
197.807 0
198.806 1
199.805 0
200.804 1
201.803 0
202.802 1
203.801 0
204.8 1
205.799 0
206.798 1
207.797 0
208.796 1
209.795 0
210.794 1
211.793 0
212.792 1
213.791 0
214.79 1
215.789 0
216.788 1
217.787 0
218.786 1
219.785 0
220.784 1
221.783 0
222.782 1
223.781 0
224.78 1
225.78 0
226.779 1
227.778 0
228.777 1
229.776 0
230.775 1
231.774 0
232.773 1
233.772 0
234.771 1
235.77 0
236.769 1
237.768 0
238.767 1
239.766 0
240.765 1
241.764 0
242.763 1
243.762 0
244.761 1
245.76 0
246.759 1
247.758 0
248.757 1
249.756 0
250.755 1
251.754 0
252.753 1
253.752 0
254.751 1
255.75 0
256.749 1
257.748 0
258.747 1
259.746 0
260.745 1
261.744 0
262.743 1
263.742 0
264.741 1
265.74 0
266.74 1
267.739 0
268.738 1
269.737 0
270.736 1
271.735 0
272.734 1
273.733 0
274.732 1
275.731 0
276.73 1
277.729 0
278.728 1
279.727 0
280.726 1
281.725 0
282.724 1
283.723 0
284.722 1
285.721 0
286.72 1
287.719 0
288.718 1
289.717 0
290.716 1
291.715 0
292.714 1
293.713 0
294.712 1
295.711 0
296.71 1
297.709 0
298.708 1
299.707 0
300.706 1
301.705 0
302.704 1
303.703 0
304.702 1
305.701 0
306.7 1
307.7 0
308.699 1
309.698 0
310.697 1
311.696 0
312.695 1
313.694 0
314.693 1
315.692 0
316.691 1
317.69 0
318.689 1
319.688 0
320.687 1
321.686 0
322.685 1
323.684 0
324.683 1
325.682 0
326.681 1
327.68 0
328.679 1
329.678 0
330.677 1
331.676 0
332.675 1
333.674 0
334.673 1
335.672 0
336.671 1
337.67 0
338.669 1
339.668 0
340.667 1
341.666 0
342.665 1
343.664 0
344.663 1
345.662 0
346.661 1
347.66 0
348.66 1
349.659 0
350.658 1
351.657 0
352.656 1
353.655 0
354.654 1
355.653 0
356.652 1
357.651 0
358.65 1
359.649 0
360.648 1
361.647 0
362.646 1
363.645 0
364.644 1
365.643 0
366.642 1
367.641 0
368.64 1
369.639 0
370.638 1
371.637 0
372.636 1
373.635 0
374.634 1
375.633 0
376.632 1
377.631 0
378.63 1
379.629 0
380.628 1
381.627 0
382.626 1
383.625 0
384.624 1
385.623 0
386.622 1
387.621 0
388.62 1
389.62 0
390.619 1
391.618 0
392.617 1
393.616 0
394.615 1
395.614 0
396.613 1
397.612 0
398.611 1
399.61 0
400.609 1
401.608 0
402.607 1
403.606 0
404.605 1
405.604 0
406.603 1
407.602 0
408.601 1
409.6 0
410.599 1
411.598 0
412.597 1
413.596 0
414.595 1
415.594 0
416.593 1
417.592 0
418.591 1
419.59 0
420.589 1
421.588 0
422.587 1
423.586 0
424.585 1
425.584 0
426.583 1
427.582 0
428.581 1
429.58 0
430.58 1
431.579 0
432.578 1
433.577 0
434.576 1
435.575 0
436.574 1
437.573 0
438.572 1
439.571 0
440.57 1
441.569 0
442.568 1
443.567 0
444.566 1
445.565 0
446.564 1
447.563 0
448.562 1
449.561 0
450.56 1
451.559 0
452.558 1
453.557 0
454.556 1
455.555 0
456.554 1
457.553 0
458.552 1
459.551 0
460.55 1
461.549 0
462.548 1
463.547 0
464.546 1
465.545 0
466.544 1
467.543 0
468.542 1
469.541 0
470.54 1
471.54 0
472.539 1
473.538 0
474.537 1
475.536 0
476.535 1
477.534 0
478.533 1
479.532 0
480.531 1
481.53 0
482.529 1
483.528 0
484.527 1
485.526 0
486.525 1
487.524 0
488.523 1
489.522 0
490.521 1
491.52 0
492.519 1
493.518 0
494.517 1
495.516 0
496.515 1
497.514 0
498.513 1
499.512 0
500.511 1
501.51 0
502.509 1
503.508 0
504.507 1
505.506 0
506.505 1
507.504 0
508.503 1
509.502 0
510.501 1
511.5 0
512.5 1
513.499 0
514.498 1
515.497 0
516.496 1
517.495 0
518.494 1
519.493 0
520.492 1
521.491 0
522.49 1
523.489 0
524.488 1
525.487 0
526.486 1
527.485 0
528.484 1
529.483 0
530.482 1
531.481 0
532.48 1
533.479 0
534.478 1
535.477 0
536.476 1
537.475 0
538.474 1
539.473 0
540.472 1
541.471 0
542.47 1
543.469 0
544.468 1
545.467 0
546.466 1
547.465 0
548.464 1
549.463 0
550.462 1
551.461 0
552.46 1
553.46 0
554.459 1
555.458 0
556.457 1
557.456 0
558.455 1
559.454 0
560.453 1
561.452 0
562.451 1
563.45 0
564.449 1
565.448 0
566.447 1
567.446 0
568.445 1
569.444 0
570.443 1
571.442 0
572.441 1
573.44 0
574.439 1
575.438 0
576.437 1
577.436 0
578.435 1
579.434 0
580.433 1
581.432 0
582.431 1
583.43 0
584.429 1
585.428 0
586.427 1
587.426 0
588.425 1
589.424 0
590.423 1
591.422 0
592.421 1
593.42 0
594.42 1
595.419 0
596.418 1
597.417 0
598.416 1
599.415 0
600.414 1
601.413 0
602.412 1
603.411 0
604.41 1
605.409 0
606.408 1
607.407 0
608.406 1
609.405 0
610.404 1
611.403 0
612.402 1
613.401 0
614.4 1
615.399 0
616.398 1
617.397 0
618.396 1
619.395 0
620.394 1
621.393 0
622.392 1
623.391 0
624.39 1
625.389 0
626.388 1
627.387 0
628.386 1
629.385 0
630.384 1
631.383 0
632.382 1
633.381 0
634.38 1
635.38 0
636.379 1
637.378 0
638.377 1
639.376 0
640.375 1
641.374 0
642.373 1
643.372 0
644.371 1
645.37 0
646.369 1
647.368 0
648.367 1
649.366 0
650.365 1
651.364 0
652.363 1
653.362 0
654.361 1
655.36 0
656.359 1
657.358 0
658.357 1
659.356 0
660.355 1
661.354 0
662.353 1
663.352 0
664.351 1
665.35 0
666.349 1
667.348 0
668.347 1
669.346 0
670.345 1
671.344 0
672.343 1
673.342 0
674.341 1
675.34 0
676.34 1
677.339 0
678.338 1
679.337 0
680.336 1
681.335 0
682.334 1
683.333 0
684.332 1
685.331 0
686.33 1
687.329 0
688.328 1
689.327 0
690.326 1
691.325 0
692.324 1
693.323 0
694.322 1
695.321 0
696.32 1
697.319 0
698.318 1
699.317 0
700.316 1
701.315 0
702.314 1
703.313 0
704.312 1
705.311 0
706.31 1
707.309 0
708.308 1
709.307 0
710.306 1
711.305 0
712.304 1
713.303 0
714.302 1
715.301 0
716.3 1
717.3 0
718.299 1
719.298 0
720.297 1
721.296 0
722.295 1
723.294 0
724.293 1
725.292 0
726.291 1
727.29 0
728.289 1
729.288 0
730.287 1
731.286 0
732.285 1
733.284 0
734.283 1
735.282 0
736.281 1
737.28 0
738.279 1
739.278 0
740.277 1
741.276 0
742.275 1
743.274 0
744.273 1
745.272 0
746.271 1
747.27 0
748.269 1
749.268 0
750.267 1
751.266 0
752.265 1
753.264 0
754.263 1
755.262 0
756.261 1
757.26 0
758.26 1
759.259 0
760.258 1
761.257 0
762.256 1
763.255 0
764.254 1
765.253 0
766.252 1
767.251 0
768.25 1
769.249 0
770.248 1
771.247 0
772.246 1
773.245 0
774.244 1
775.243 0
776.242 1
777.241 0
778.24 1
779.239 0
780.238 1
781.237 0
782.236 1
783.235 0
784.234 1
785.233 0
786.232 1
787.231 0
788.23 1
789.229 0
790.228 1
791.227 0
792.226 1
793.225 0
794.224 1
795.223 0
796.222 1
797.221 0
798.22 1
799.22 0
800.219 1
801.218 0
802.217 1
803.216 0
804.215 1
805.214 0
806.213 1
807.212 0
808.211 1
809.21 0
810.209 1
811.208 0
812.207 1
813.206 0
814.205 1
815.204 0
816.203 1
817.202 0
818.201 1
819.2 0
820.199 1
821.198 0
822.197 1
823.196 0
824.195 1
825.194 0
826.193 1
827.192 0
828.191 1
829.19 0
830.189 1
831.188 0
832.187 1
833.186 0
834.185 1
835.184 0
836.183 1
837.182 0
838.181 1
839.18 0
840.18 1
841.179 0
842.178 1
843.177 0
844.176 1
845.175 0
846.174 1
847.173 0
848.172 1
849.171 0
850.17 1
851.169 0
852.168 1
853.167 0
854.166 1
855.165 0
856.164 1
857.163 0
858.162 1
859.161 0
860.16 1
861.159 0
862.158 1
863.157 0
864.156 1
865.155 0
866.154 1
867.153 0
868.152 1
869.151 0
870.15 1
871.149 0
872.148 1
873.147 0
874.146 1
875.145 0
876.144 1
877.143 0
878.142 1
879.141 0
880.14 1
881.14 0
882.139 1
883.138 0
884.137 1
885.136 0
886.135 1
887.134 0
888.133 1
889.132 0
890.131 1
891.13 0
892.129 1
893.128 0
894.127 1
895.126 0
896.125 1
897.124 0
898.123 1
899.122 0
900.121 1
901.12 0
902.119 1
903.118 0
904.117 1
905.116 0
906.115 1
907.114 0
908.113 1
909.112 0
910.111 1
911.11 0
912.109 1
913.108 0
914.107 1
915.106 0
916.105 1
917.104 0
918.103 1
919.102 0
920.101 1
921.1 0
922.1 1
923.099 0
924.098 1
925.097 0
926.096 1
927.095 0
928.094 1
929.093 0
930.092 1
931.091 0
932.09 1
933.089 0
934.088 1
935.087 0
936.086 1
937.085 0
938.084 1
939.083 0
940.082 1
941.081 0
942.08 1
943.079 0
944.078 1
945.077 0
946.076 1
947.075 0
948.074 1
949.073 0
950.072 1
951.071 0
952.07 1
953.069 0
954.068 1
955.067 0
956.066 1
957.065 0
958.064 1
959.063 0
960.062 1
961.061 0
962.06 1
963.06 0
964.059 1
965.058 0
966.057 1
967.056 0
968.055 1
969.054 0
970.053 1
971.052 0
972.051 1
973.05 0
974.049 1
975.048 0
976.047 1
977.046 0
978.045 1
979.044 0
980.043 1
981.042 0
982.041 1
983.04 0
984.039 1
985.038 0
986.037 1
987.036 0
988.035 1
989.034 0
990.033 1
991.032 0
992.031 1
993.03 0
994.029 1
995.028 0
996.027 1
997.026 0
998.025 1
999.024 0
1000.02 1
1001.02 0
1002.02 1
1003.02 0
1004.02 1
1005.02 0
1006.02 1
1007.02 0
1008.02 1
1009.01 0
1010.01 1
1011.01 0
1012.01 1
1013.01 0
1014.01 1
1015.01 0
1016.01 1
1017.01 0
1018.01 1
1019 0
1020 1
1021 0
1022 1
1023 0
