0 96
1 49
2 -80
3 4
4 70
5 10
6 65
7 15
8 99
9 49
10 -89
11 99
12 28
13 67
14 -98
15 14
16 75
17 -21
18 80
19 -82
20 -70
21 -47
22 -58
23 100
24 20
25 -22
26 -35
27 85
28 -67
29 62
30 -80
31 82
32 -5
33 100
34 -12
35 -98
36 37
37 45
38 3
39 -18
40 90
41 -79
42 -91
43 36
44 77
45 53
46 49
47 -21
48 -45
49 -59
50 71
51 -64
52 -11
53 91
54 48
55 89
56 34
57 -6
58 -60
59 -98
60 95
61 21
62 -64
63 58
64 69
65 59
66 -13
67 17
68 96
69 -77
70 85
71 76
72 24
73 66
74 -22
75 -1
76 -11
77 -61
78 -61
79 81
80 -74
81 -85
82 -70
83 -42
84 82
85 -93
86 -5
87 92
88 50
89 -81
90 84
91 24
92 68
93 -78
94 56
95 64
96 -50
97 -47
98 -27
99 8
100 -82
101 -2
102 -34
103 0
104 96
105 -65
106 88
107 48
108 5
109 -59
110 -33
111 -94
112 73
113 -55
114 1
115 56
116 -16
117 -25
118 -16
119 -42
120 12
121 23
122 -48
123 -74
124 30
125 -17
126 9
127 85
128 -39
129 -11
130 -62
131 -24
132 -39
133 -15
134 1
135 -9
136 23
137 -77
138 58
139 -14
140 -52
141 56
142 31
143 -75
144 9
145 74
146 -55
147 16
148 -100
149 -8
150 -73
151 22
152 79
153 83
154 13
155 28
156 36
157 -21
158 33
159 -1
160 -60
161 59
162 -23
163 -30
164 -60
165 -48
166 -91
167 7
168 -86
169 44
170 6
171 67
172 71
173 -78
174 74
175 76
176 85
177 -95
178 25
179 -38
180 90
181 -78
182 72
183 -24
184 -56
185 -40
186 -61
187 -48
188 50
189 100
190 -99
191 -14
192 -46
193 -4
194 23
195 87
196 42
197 71
198 -9
199 -62
200 -22
201 45
202 -35
203 -9
204 -4
205 8
206 86
207 8
208 -83
209 8
210 -70
211 -17
212 -3
213 23
214 -96
215 23
216 -32
217 100
218 75
219 10
220 -10
221 84
222 -36
223 25
224 71
225 60
226 91
227 -33
228 81
229 57
230 89
231 37
232 75
233 12
234 0
235 -2
236 11
237 23
238 65
239 -31
240 9
241 80
242 7
243 99
244 -92
245 -58
246 -81
247 -34
248 5
249 -34
250 -36
251 -92
252 -98
253 -29
254 15
255 -72
256 65
257 9
258 -73
259 -100
260 -5
261 -89
262 91
263 -81
264 -100
265 -53
266 -24
267 2
268 -89
269 -22
270 -35
271 67
272 74
273 -56
274 -92
275 56
276 23
277 45
278 49
279 -1
280 79
281 -5
282 3
283 52
284 60
285 86
286 -88
287 -63
288 -71
289 38
290 13
291 -82
292 90
293 75
294 90
295 27
296 12
297 4
298 -94
299 31
300 -49
301 -96
302 -78
303 -3
304 51
305 57
306 -26
307 77
308 -18
309 -90
310 -93
311 44
312 -19
313 -61
314 67
315 4
316 92
317 26
318 81
319 32
320 10
321 42
322 -23
323 81
324 50
325 -69
326 99
327 66
328 -57
329 -26
330 -42
331 -43
332 54
333 -78
334 -72
335 26
336 -47
337 14
338 -75
339 2
340 -49
341 90
342 65
343 57
344 60
345 -48
346 34
347 -100
348 -82
349 -100
350 -8
351 6
352 81
353 55
354 -32
355 36
356 -15
357 86
358 -32
359 -19
360 97
361 75
362 40
363 30
364 -91
365 99
366 90
367 -32
368 69
369 86
370 71
371 -14
372 -51
373 94
374 -58
375 -78
376 5
377 -53
378 -93
379 25
380 35
381 9
382 -100
383 57
384 71
385 -83
386 -82
387 -41
388 -93
389 -14
390 23
391 84
392 39
393 22
394 -91
395 -55
396 -44
397 -13
398 41
399 8
400 34
401 -53
402 7
403 77
404 -49
405 -66
406 45
407 97
408 -36
409 -12
410 95
411 -1
412 86
413 -75
414 -27
415 -31
416 -35
417 -27
418 -36
419 -29
420 -66
421 10
422 -48
423 -99
424 -31
425 -62
426 4
427 66
428 64
429 -65
430 -10
431 67
432 -31
433 90
434 -57
435 -59
436 -36
437 31
438 -11
439 -83
440 -39
441 5
442 85
443 -35
444 33
445 12
446 57
447 -82
448 26
449 -35
450 -65
451 53
452 -68
453 50
454 -73
455 -19
456 -22
457 93
458 38
459 -41
460 93
461 87
462 7
463 89
464 -98
465 -69
466 -12
467 -22
468 -96
469 -82
470 38
471 3
472 -4
473 -39
474 33
475 -69
476 -77
477 -59
478 -57
479 35
480 96
481 -69
482 -70
483 75
484 60
485 -94
486 12
487 50
488 -2
489 11
490 -58
491 -82
492 94
493 33
494 69
495 -3
496 85
497 -24
498 -23
499 -28
500 -100
501 76
502 -24
503 -1
504 5
505 98
506 6
507 76
508 -94
509 -71
510 98
511 -83
512 69
513 73
514 36
515 13
516 -38
517 -7
518 57
519 30
520 -80
521 -42
522 -100
523 15
524 -22
525 -30
526 -6
527 -38
528 54
529 100
530 -83
531 99
532 -48
533 58
534 -40
535 51
536 85
537 96
538 -57
539 -45
540 62
541 90
542 -72
543 -28
544 -41
545 48
546 -73
547 -63
548 44
549 41
550 -47
551 -43
552 68
553 62
554 -71
555 88
556 11
557 -56
558 2
559 65
560 78
561 -54
562 35
563 -77
564 37
565 15
566 72
567 -33
568 -92
569 97
570 93
571 -84
572 -10
573 90
574 -47
575 18
576 -77
577 77
578 83
579 -71
580 1
581 -53
582 94
583 -5
584 -55
585 -37
586 33
587 78
588 52
589 43
590 21
591 34
592 76
593 71
594 -48
595 17
596 -10
597 23
598 -75
599 -20
600 -31
601 -81
602 -20
603 16
604 -19
605 -58
606 -100
607 -57
608 36
609 44
610 -98
611 74
612 -36
613 23
614 20
615 60
616 -59
617 87
618 16
619 -43
620 89
621 -27
622 -94
623 -25
624 -86
625 78
626 44
627 0
628 -49
629 -63
630 96
631 66
632 35
633 58
634 64
635 5
636 -10
637 90
638 65
639 19
640 11
641 -24
642 40
643 1
644 -38
645 -99
646 43
647 49
648 94
649 -54
650 94
651 79
652 -42
653 -42
654 -71
655 48
656 -78
657 -15
658 63
659 17
660 -81
661 -67
662 -37
663 49
664 85
665 76
666 81
667 11
668 -2
669 -68
670 22
671 -20
672 -2
673 -43
674 59
675 -23
676 37
677 10
678 22
679 -78
680 -89
681 -12
682 -62
683 -49
684 72
685 -39
686 8
687 -33
688 -63
689 6
690 -58
691 -46
692 -36
693 41
694 -90
695 -88
696 -19
697 56
698 67
699 99
700 -83
701 81
702 60
703 35
704 -66
705 -43
706 -63
707 -79
708 22
709 -21
710 49
711 -99
712 33
713 -12
714 64
715 70
716 -52
717 99
718 93
719 97
720 12
721 -23
722 -55
723 88
724 -13
725 -42
726 22
727 12
728 -97
729 2
730 -41
731 24
732 -90
733 78
734 -30
735 -4
736 41
737 27
738 -3
739 -82
740 0
741 49
742 12
743 21
744 70
745 -13
746 -34
747 -66
748 -85
749 -68
750 -91
751 4
752 2
753 21
754 65
755 -5
756 -4
757 68
758 -69
759 -81
760 23
761 -12
762 -23
763 28
764 68
765 -88
766 60
767 -71
768 -65
769 -72
770 -82
771 -4
772 30
773 -23
774 78
775 -8
776 4
777 78
778 -10
779 -35
780 4
781 71
782 6
783 97
784 85
785 -23
786 -90
787 -92
788 -97
789 -46
790 -68
791 76
792 -81
793 -11
794 -84
795 15
796 -60
797 -61
798 -31
799 -8
800 -21
801 59
802 -28
803 37
804 28
805 24
806 50
807 46
808 53
809 51
810 -23
811 -100
812 -31
813 78
814 -25
815 34
816 -47
817 59
818 -68
819 -30
820 45
821 46
822 -21
823 -9
824 24
825 78
826 15
827 42
828 8
829 44
830 -80
831 76
832 30
833 -44
834 -78
835 99
836 -45
837 65
838 51
839 -53
840 -3
841 95
842 66
843 -87
844 -52
845 77
846 5
847 -75
848 -24
849 -88
850 -30
851 20
852 61
853 25
854 -36
855 -65
856 55
857 -22
858 -78
859 -80
860 9
861 82
862 -84
863 21
864 -17
865 10
866 -13
867 -27
868 -45
869 -42
870 -67
871 9
872 0
873 -14
874 37
875 -82
876 -29
877 -72
878 2
879 17
880 79
881 31
882 33
883 -20
884 -10
885 85
886 38
887 62
888 -69
889 -95
890 1
891 58
892 44
893 53
894 14
895 -79
896 28
897 -98
898 55
899 -10
900 87
901 22
902 -21
903 27
904 -24
905 -45
906 -40
907 82
908 86
909 49
910 -14
911 12
912 12
913 25
914 -56
915 65
916 -36
917 19
918 -13
919 17
920 -60
921 -48
922 62
923 78
924 73
925 3
926 56
927 77
928 57
929 75
930 -34
931 19
932 100
933 84
934 -89
935 -41
936 -98
937 -44
938 -27
939 40
940 -55
941 -92
942 86
943 2
944 56
945 -23
946 0
947 -98
948 48
949 -64
950 29
951 -74
952 4
953 67
954 9
955 -48
956 -3
957 16
958 -64
959 28
960 -94
961 -57
962 -69
963 65
964 -25
965 47
966 -74
967 -5
968 -42
969 97
970 23
971 -56
972 43
973 35
974 91
975 -88
976 -87
977 17
978 20
979 -13
980 -12
981 89
982 -27
983 -8
984 50
985 59
986 5
987 62
988 24
989 87
990 33
991 90
992 -21
993 61
994 -5
995 95
996 -48
997 -76
998 -89
999 87
1000 -60
1001 -85
1002 -4
1003 29
1004 81
1005 -77
1006 -35
1007 68
1008 31
1009 -66
1010 -62
1011 -54
1012 9
1013 -42
1014 -31
1015 31
1016 78
1017 27
1018 71
1019 -14
1020 -11
1021 40
1022 22
1023 -85
