0 -1
1 42
2 25
3 -80
4 -57
5 47
6 -46
7 94
8 18
9 -57
10 58
11 -3
12 85
13 65
14 78
15 -50
16 1
17 100
18 -95
19 -38
20 82
21 -70
22 66
23 -82
24 -100
25 -52
26 84
27 -12
28 -22
29 -38
30 45
31 -61
32 -5
33 -3
34 -21
35 71
36 -97
37 83
38 49
39 68
40 10
41 -82
42 68
43 -72
44 -54
45 -17
46 -23
47 69
48 55
49 -4
50 74
51 -11
52 47
53 35
54 -46
55 -70
56 -54
57 -90
58 45
59 -41
60 44
61 -56
62 -36
63 -63
64 -54
65 70
66 -59
67 -49
68 -51
69 0
70 77
71 12
72 -12
73 -90
74 -27
75 77
76 -33
77 74
78 27
79 -30
80 -72
81 38
82 72
83 -14
84 29
85 -4
86 35
87 -23
88 -52
89 88
90 -61
91 73
92 -61
93 45
94 80
95 15
96 -50
97 95
98 -55
99 -58
100 24
101 95
102 85
103 41
104 12
105 17
106 21
107 37
108 -46
109 31
110 -94
111 -96
112 -91
113 -96
114 76
115 65
116 -86
117 17
118 8
119 -11
120 49
121 52
122 -71
123 -9
124 76
125 -3
126 60
127 -12
128 89
129 -7
130 91
131 36
132 88
133 34
134 -86
135 -38
136 -5
137 -98
138 -92
139 -47
140 22
141 -20
142 17
143 20
144 -15
145 -57
146 -32
147 48
148 -55
149 41
150 62
151 40
152 -39
153 86
154 -84
155 -11
156 -63
157 -38
158 82
159 -19
160 1
161 29
162 -62
163 93
164 -99
165 89
166 -100
167 -16
168 1
169 78
170 -26
171 91
172 72
173 64
174 -10
175 65
176 -52
177 99
178 -36
179 -55
180 94
181 -37
182 98
183 -2
184 54
185 52
186 87
187 53
188 89
189 37
190 -22
191 3
192 -25
193 53
194 25
195 -80
196 49
197 -10
198 89
199 60
200 39
201 4
202 -14
203 -13
204 -13
205 84
206 50
207 57
208 12
209 -55
210 70
211 56
212 -53
213 98
214 44
215 -97
216 -70
217 -85
218 -61
219 -50
220 17
221 -64
222 46
223 58
224 -87
225 98
226 -75
227 -5
228 28
229 76
230 44
231 -70
232 -100
233 75
234 -13
235 -9
236 9
237 38
238 56
239 71
240 -100
241 58
242 -61
243 55
244 66
245 70
246 94
247 -49
248 9
249 82
250 22
251 90
252 92
253 -56
254 -22
255 40
256 -64
257 -2
258 54
259 37
260 23
261 -44
262 65
263 -97
264 2
265 72
266 -25
267 -98
268 82
269 -64
270 50
271 -17
272 68
273 -32
274 27
275 35
276 17
277 -65
278 -48
279 -86
280 -63
281 38
282 60
283 27
284 83
285 -34
286 31
287 23
288 41
289 98
290 -35
291 -58
292 82
293 -57
294 -97
295 -80
296 96
297 -31
298 92
299 -86
300 6
301 53
302 -47
303 -11
304 -63
305 82
306 -73
307 -80
308 -36
309 -18
310 80
311 -45
312 -58
313 19
314 23
315 12
316 76
317 -93
318 4
319 58
320 4
321 4
322 88
323 -26
324 84
325 27
326 -2
327 -100
328 -89
329 -100
330 -47
331 3
332 -64
333 92
334 93
335 99
336 20
337 98
338 -60
339 -30
340 -68
341 62
342 -43
343 83
344 -1
345 -13
346 -80
347 96
348 -49
349 -42
350 98
351 -33
352 -39
353 -65
354 -55
355 -65
356 -77
357 10
358 81
359 64
360 -65
361 -90
362 33
363 -46
364 65
365 23
366 43
367 12
368 -30
369 74
370 -74
371 9
372 -86
373 43
374 12
375 -65
376 92
377 50
378 -42
379 68
380 47
381 33
382 3
383 53
384 52
385 -45
386 20
387 78
388 20
389 -5
390 91
391 -16
392 21
393 -24
394 46
395 -13
396 -87
397 25
398 -6
399 -51
400 31
401 66
402 -73
403 -23
404 85
405 -51
406 -36
407 66
408 -18
409 0
410 45
411 5
412 -16
413 -9
414 73
415 87
416 -50
417 64
418 -57
419 -30
420 -78
421 11
422 -13
423 31
424 -83
425 15
426 70
427 -58
428 0
429 93
430 -41
431 46
432 21
433 34
434 47
435 2
436 -4
437 7
438 82
439 33
440 -64
441 14
442 8
443 -17
444 -31
445 19
446 -10
447 37
448 76
449 68
450 67
451 -1
452 -27
453 24
454 33
455 19
456 24
457 -90
458 92
459 -9
460 83
461 26
462 3
463 -90
464 -6
465 -3
466 9
467 76
468 -41
469 9
470 61
471 -44
472 84
473 -63
474 26
475 -8
476 32
477 -71
478 -80
479 75
480 63
481 26
482 -77
483 67
484 56
485 3
486 -56
487 100
488 51
489 71
490 49
491 96
492 50
493 31
494 -90
495 -20
496 50
497 74
498 14
499 -43
500 36
501 19
502 -2
503 -100
504 73
505 73
506 18
507 -91
508 95
509 91
510 7
511 20
512 -14
513 75
514 -26
515 -99
516 -32
517 63
518 -80
519 -5
520 -18
521 -41
522 -60
523 -76
524 -94
525 -53
526 54
527 -22
528 30
529 44
530 6
531 58
532 -46
533 -65
534 25
535 -38
536 7
537 90
538 60
539 65
540 87
541 -17
542 19
543 -62
544 31
545 -57
546 -72
547 -34
548 48
549 66
550 -31
551 -59
552 -81
553 -30
554 -40
555 72
556 64
557 -28
558 -43
559 34
560 -13
561 84
562 -29
563 82
564 2
565 52
566 -67
567 -60
568 36
569 -83
570 73
571 -30
572 94
573 9
574 -68
575 -16
576 14
577 47
578 -23
579 -85
580 81
581 -94
582 -40
583 -47
584 61
585 -29
586 -55
587 49
588 79
589 42
590 73
591 5
592 -34
593 90
594 44
595 48
596 88
597 -60
598 60
599 -93
600 20
601 95
602 86
603 -60
604 34
605 96
606 15
607 -41
608 -61
609 -32
610 -35
611 -83
612 -82
613 57
614 6
615 -2
616 -77
617 -27
618 37
619 23
620 -21
621 -16
622 -36
623 -74
624 -58
625 97
626 -53
627 58
628 -39
629 -22
630 44
631 70
632 50
633 -46
634 -13
635 44
636 -17
637 69
638 -11
639 66
640 47
641 45
642 35
643 -4
644 52
645 31
646 9
647 93
648 77
649 -67
650 64
651 47
652 -12
653 -23
654 25
655 -59
656 96
657 -44
658 70
659 97
660 1
661 -16
662 -100
663 -52
664 -10
665 1
666 0
667 84
668 38
669 -8
670 -72
671 60
672 36
673 94
674 74
675 -21
676 30
677 10
678 84
679 54
680 81
681 -92
682 -6
683 -47
684 72
685 -93
686 27
687 -78
688 93
689 91
690 -71
691 57
692 31
693 -5
694 61
695 -60
696 9
697 -23
698 -50
699 44
700 -62
701 -79
702 73
703 87
704 65
705 94
706 50
707 91
708 48
709 70
710 -78
711 -28
712 -35
713 84
714 3
715 56
716 53
717 75
718 92
719 67
720 -18
721 73
722 86
723 73
724 -58
725 -74
726 85
727 -12
728 42
729 -42
730 38
731 -55
732 -30
733 -32
734 -30
735 -68
736 -31
737 -10
738 -90
739 14
740 1
741 56
742 -77
743 -73
744 -41
745 -20
746 93
747 -13
748 -18
749 -79
750 51
751 -18
752 -93
753 6
754 73
755 37
756 83
757 51
758 -27
759 -53
760 24
761 -36
762 -43
763 -28
764 58
765 -4
766 92
767 -26
768 94
769 -74
770 -70
771 -49
772 78
773 -70
774 -23
775 70
776 -7
777 43
778 16
779 51
780 -52
781 -7
782 9
783 34
784 -82
785 -47
786 -93
787 -51
788 8
789 -53
790 -1
791 65
792 -22
793 35
794 -62
795 60
796 24
797 -52
798 19
799 21
800 69
801 76
802 26
803 60
804 -83
805 78
806 -18
807 61
808 49
809 -46
810 31
811 63
812 -44
813 -82
814 -39
815 -12
816 45
817 -15
818 -5
819 84
820 24
821 49
822 -43
823 -61
824 -55
825 10
826 0
827 -92
828 41
829 -21
830 55
831 -90
832 64
833 32
834 29
835 30
836 25
837 -44
838 10
839 58
840 -81
841 85
842 -38
843 4
844 -59
845 88
846 -7
847 -17
848 3
849 -84
850 -88
851 82
852 99
853 -93
854 4
855 28
856 60
857 41
858 -12
859 -59
860 -3
861 48
862 -87
863 42
864 -69
865 99
866 -10
867 -80
868 -24
869 49
870 -100
871 -63
872 58
873 -88
874 -34
875 -93
876 29
877 -90
878 -88
879 56
880 15
881 -27
882 39
883 -66
884 49
885 1
886 2
887 -65
888 -1
889 1
890 -20
891 20
892 18
893 -40
894 -33
895 99
896 13
897 33
898 65
899 -56
900 45
901 16
902 -95
903 -91
904 -20
905 -94
906 18
907 -89
908 -89
909 -26
910 70
911 -16
912 -4
913 -20
914 6
915 -61
916 -65
917 91
918 -73
919 30
920 53
921 27
922 -81
923 36
924 67
925 50
926 -75
927 88
928 -97
929 4
930 -3
931 1
932 -82
933 -73
934 -59
935 -26
936 90
937 57
938 55
939 39
940 52
941 -67
942 83
943 -4
944 6
945 -63
946 75
947 -84
948 -39
949 -74
950 -63
951 38
952 84
953 -53
954 -1
955 11
956 76
957 -31
958 -28
959 -86
960 62
961 -10
962 43
963 -44
964 -67
965 73
966 -72
967 -49
968 7
969 91
970 69
971 75
972 -47
973 -2
974 15
975 18
976 -74
977 22
978 -99
979 18
980 36
981 -73
982 -60
983 95
984 91
985 -81
986 68
987 -95
988 42
989 76
990 -87
991 69
992 -63
993 38
994 -57
995 -27
996 -90
997 -83
998 -74
999 -2
1000 68
1001 75
1002 -98
1003 -55
1004 90
1005 -60
1006 -52
1007 63
1008 -58
1009 51
1010 2
1011 -54
1012 -12
1013 -10
1014 -65
1015 -53
1016 -50
1017 -57
1018 -21
1019 88
1020 79
1021 -59
1022 4
1023 -52
