0 -39
1 -50
2 -25
3 50
4 -79
5 -47
6 -26
7 -64
8 13
9 -93
10 -58
11 40
12 -22
13 -87
14 57
15 5
16 70
17 9
18 -19
19 -40
20 31
21 -9
22 6
23 51
24 -38
25 58
26 -41
27 67
28 -46
29 69
30 89
31 25
32 85
33 -67
34 -39
35 -86
36 37
37 -7
38 18
39 24
40 73
41 -56
42 64
43 24
44 -98
45 -36
46 -5
47 -2
48 -38
49 -16
50 65
51 48
52 -93
53 39
54 -73
55 60
56 81
57 82
58 77
59 2
60 -18
61 5
62 -77
63 65
64 20
65 -80
66 78
67 -95
68 89
69 -66
70 94
71 19
72 -69
73 -78
74 64
75 31
76 -59
77 -74
78 55
79 81
80 -94
81 -60
82 27
83 -21
84 64
85 43
86 -54
87 -81
88 21
89 28
90 87
91 -11
92 70
93 6
94 -46
95 52
96 17
97 -75
98 83
99 80
100 51
101 -53
102 37
103 -71
104 -37
105 21
106 27
107 54
108 -51
109 40
110 13
111 -55
112 24
113 9
114 66
115 60
116 -86
117 -85
118 99
119 64
120 -87
121 58
122 65
123 12
124 56
125 -78
126 65
127 -46
128 21
129 -37
130 53
131 -60
132 11
133 31
134 57
135 -49
136 45
137 -36
138 28
139 -85
140 96
141 -61
142 72
143 50
144 45
145 81
146 1
147 71
148 53
149 35
150 96
151 27
152 9
153 14
154 -20
155 -57
156 8
157 -30
158 44
159 40
160 -51
161 -77
162 3
163 -12
164 29
165 63
166 -36
167 73
168 93
169 -48
170 68
171 -19
172 -98
173 86
174 -12
175 -93
176 54
177 92
178 -52
179 -36
180 -61
181 30
182 -52
183 50
184 -81
185 -88
186 -31
187 45
188 -63
189 -75
190 73
191 -62
192 53
193 78
194 -10
195 16
196 -61
197 16
198 0
199 21
200 -53
201 4
202 -88
203 64
204 32
205 -65
206 -78
207 65
208 -26
209 -66
210 79
211 66
212 -60
213 22
214 37
215 87
216 99
217 97
218 -78
219 -17
220 34
221 33
222 61
223 -98
224 18
225 -30
226 -68
227 99
228 72
229 -50
230 -16
231 98
232 23
233 -15
234 -56
235 37
236 9
237 84
238 60
239 -100
240 -59
241 76
242 -72
243 -84
244 56
245 85
246 65
247 -86
248 92
249 -46
250 13
251 66
252 15
253 35
254 21
255 53
256 -16
257 35
258 -4
259 94
260 -37
261 -70
262 -18
263 -1
264 -77
265 -15
266 -62
267 80
268 -50
269 92
270 -76
271 2
272 -15
273 -43
274 -34
275 -69
276 -77
277 46
278 -17
279 71
280 -80
281 -64
282 33
283 36
284 -40
285 -70
286 -77
287 -95
288 82
289 29
290 -20
291 -31
292 -61
293 -53
294 86
295 1
296 2
297 -3
298 60
299 -50
300 -70
301 -21
302 67
303 -43
304 -83
305 78
306 -1
307 -72
308 85
309 17
310 45
311 87
312 -62
313 -26
314 -39
315 91
316 -59
317 55
318 24
319 -88
320 42
321 70
322 29
323 -95
324 -95
325 43
326 -46
327 65
328 -30
329 -39
330 39
331 -51
332 -37
333 54
334 -51
335 -6
336 67
337 -19
338 -46
339 -28
340 -42
341 -23
342 38
343 75
344 82
345 -5
346 100
347 73
348 71
349 37
350 96
351 33
352 8
353 -61
354 -27
355 -11
356 -75
357 62
358 -69
359 -31
360 38
361 -76
362 -19
363 72
364 -28
365 -12
366 -37
367 44
368 -95
369 20
370 -68
371 48
372 -81
373 74
374 65
375 53
376 100
377 -73
378 -52
379 -50
380 94
381 -11
382 77
383 36
384 99
385 50
386 73
387 41
388 79
389 -86
390 -46
391 52
392 -89
393 70
394 12
395 48
396 80
397 -35
398 -2
399 -63
400 -22
401 7
402 -36
403 -38
404 -56
405 61
406 -39
407 -78
408 34
409 -22
410 -32
411 -58
412 -35
413 -79
414 -2
415 59
416 -38
417 -87
418 18
419 8
420 88
421 85
422 -60
423 12
424 -34
425 -94
426 -33
427 84
428 -98
429 25
430 -91
431 11
432 100
433 -4
434 -100
435 32
436 97
437 -60
438 -16
439 -1
440 -13
441 19
442 54
443 -84
444 21
445 10
446 36
447 -16
448 23
449 76
450 14
451 92
452 90
453 44
454 38
455 95
456 22
457 54
458 80
459 43
460 -50
461 87
462 57
463 -24
464 7
465 51
466 -13
467 83
468 78
469 90
470 93
471 24
472 30
473 67
474 64
475 98
476 68
477 -59
478 -2
479 -4
480 40
481 22
482 -83
483 11
484 -4
485 95
486 -79
487 46
488 -30
489 -43
490 -83
491 -54
492 -61
493 69
494 -96
495 -76
496 1
497 -16
498 22
499 47
500 35
501 -64
502 5
503 -95
504 -43
505 -54
506 -1
507 24
508 -100
509 19
510 48
511 -76
512 45
513 54
514 -22
515 -43
516 5
517 63
518 1
519 81
520 -14
521 -99
522 2
523 -87
524 56
525 -77
526 -38
527 32
528 30
529 -25
530 -58
531 -78
532 8
533 -93
534 35
535 19
536 91
537 -88
538 22
539 -74
540 -19
541 34
542 -40
543 51
544 18
545 -38
546 19
547 90
548 -54
549 61
550 61
551 -71
552 -59
553 1
554 -20
555 96
556 -72
557 -59
558 -11
559 9
560 48
561 91
562 91
563 71
564 5
565 14
566 -79
567 -84
568 90
569 -55
570 -46
571 88
572 91
573 -36
574 -57
575 89
576 84
577 -44
578 -40
579 22
580 -9
581 11
582 55
583 74
584 55
585 -72
586 -48
587 75
588 44
589 -73
590 -29
591 19
592 -19
593 16
594 -44
595 -70
596 33
597 -27
598 92
599 5
600 -93
601 -95
602 -88
603 12
604 -16
605 -32
606 -54
607 20
608 -89
609 70
610 -47
611 92
612 -34
613 61
614 76
615 -77
616 49
617 19
618 -1
619 4
620 42
621 83
622 31
623 -28
624 17
625 -67
626 -5
627 99
628 9
629 8
630 -22
631 -25
632 21
633 77
634 -34
635 -12
636 22
637 -35
638 -38
639 -93
640 -96
641 64
642 28
643 35
644 -46
645 19
646 -26
647 11
648 93
649 31
650 78
651 -71
652 -80
653 42
654 64
655 65
656 -89
657 76
658 -80
659 78
660 77
661 -99
662 -28
663 91
664 -100
665 63
666 -81
667 69
668 95
669 75
670 -93
671 12
672 1
673 -78
674 39
675 -52
676 -29
677 -55
678 90
679 -61
680 -23
681 53
682 -52
683 -12
684 58
685 -26
686 68
687 -9
688 81
689 -8
690 -24
691 72
692 -40
693 -87
694 -95
695 58
696 30
697 87
698 -49
699 83
700 -95
701 -96
702 -81
703 78
704 -33
705 11
706 -7
707 -69
708 -54
709 -41
710 -31
711 18
712 71
713 27
714 -99
715 -98
716 17
717 70
718 -16
719 53
720 1
721 -48
722 -67
723 -100
724 -4
725 -14
726 12
727 -2
728 4
729 -43
730 12
731 -81
732 -9
733 -2
734 98
735 -74
736 90
737 -71
738 -95
739 66
740 -62
741 11
742 84
743 96
744 -43
745 46
746 15
747 -77
748 67
749 -34
750 -3
751 78
752 30
753 -88
754 14
755 38
756 58
757 -96
758 96
759 89
760 23
761 34
762 26
763 -79
764 -89
765 -32
766 -19
767 60
768 -40
769 -60
770 78
771 -41
772 -14
773 -1
774 -10
775 -84
776 46
777 12
778 -8
779 96
780 -36
781 36
782 -29
783 64
784 98
785 -36
786 54
787 -79
788 -76
789 -27
790 -66
791 -67
792 -44
793 71
794 -24
795 -99
796 62
797 67
798 -50
799 38
800 43
801 7
802 90
803 66
804 -61
805 45
806 -62
807 -79
808 -31
809 95
810 -96
811 -99
812 -30
813 19
814 93
815 16
816 98
817 -29
818 85
819 42
820 -82
821 47
822 56
823 -72
824 12
825 -9
826 -90
827 -74
828 -58
829 96
830 -47
831 2
832 -49
833 -52
834 -98
835 -19
836 -71
837 -14
838 71
839 24
840 -2
841 69
842 32
843 -18
844 56
845 35
846 74
847 -61
848 9
849 -49
850 -15
851 50
852 -100
853 32
854 -78
855 24
856 -88
857 86
858 -3
859 -2
860 -44
861 46
862 -100
863 40
864 -71
865 -46
866 7
867 -65
868 81
869 -53
870 -97
871 -92
872 -7
873 92
874 47
875 -10
876 63
877 -7
878 7
879 59
880 -79
881 -96
882 77
883 -5
884 30
885 -88
886 -27
887 -13
888 76
889 -44
890 -90
891 56
892 -58
893 25
894 -62
895 39
896 65
897 75
898 -73
899 43
900 -85
901 -15
902 -95
903 -71
904 -98
905 -54
906 44
907 52
908 95
909 58
910 -97
911 13
912 -63
913 6
914 -56
915 -15
916 -87
917 0
918 -16
919 60
920 14
921 85
922 31
923 -79
924 16
925 -62
926 -49
927 73
928 75
929 43
930 91
931 55
932 22
933 -73
934 -11
935 68
936 24
937 100
938 -11
939 42
940 14
941 -35
942 33
943 19
944 46
945 -67
946 -89
947 -35
948 -35
949 37
950 91
951 -19
952 -19
953 -23
954 -20
955 -23
956 5
957 72
958 -38
959 29
960 76
961 -20
962 -92
963 22
964 -64
965 -33
966 31
967 87
968 -99
969 -48
970 -7
971 -66
972 -66
973 -74
974 79
975 -74
976 8
977 -97
978 -84
979 -9
980 12
981 8
982 33
983 -48
984 -75
985 3
986 -31
987 -66
988 57
989 -98
990 23
991 -89
992 54
993 -89
994 82
995 -11
996 87
997 48
998 20
999 80
1000 -60
1001 -80
1002 -36
1003 85
1004 -62
1005 -28
1006 33
1007 73
1008 -62
1009 -70
1010 62
1011 7
1012 30
1013 91
1014 -60
1015 84
1016 -76
1017 33
1018 -30
1019 -11
1020 -61
1021 -71
1022 -46
1023 -3
