0 -49
1 -60
2 -52
3 -61
4 -86
5 -17
6 81
7 98
8 -54
9 -38
10 -77
11 40
12 51
13 54
14 72
15 73
16 22
17 -39
18 7
19 -8
20 -65
21 -57
22 18
23 -74
24 16
25 -42
26 12
27 59
28 68
29 -37
30 -16
31 -22
32 21
33 48
34 19
35 -30
36 -37
37 44
38 100
39 0
40 23
41 -32
42 -100
43 77
44 71
45 -60
46 75
47 21
48 -52
49 55
50 -52
51 -51
52 -67
53 -77
54 -36
55 -44
56 64
57 -34
58 79
59 24
60 66
61 -30
62 93
63 -55
64 -41
65 -12
66 -78
67 97
68 74
69 90
70 72
71 -69
72 -72
73 71
74 72
75 -30
76 8
77 -37
78 51
79 9
80 26
81 11
82 90
83 77
84 -94
85 -48
86 60
87 81
88 43
89 92
90 -100
91 29
92 56
93 78
94 -91
95 -52
96 -70
97 84
98 -11
99 68
100 26
101 45
102 7
103 19
104 -75
105 84
106 50
107 -65
108 100
109 82
110 -92
111 19
112 20
113 -16
114 -2
115 94
116 -39
117 49
118 64
119 44
120 42
121 19
122 31
123 -33
124 12
125 -61
126 73
127 88
128 -45
129 88
130 39
131 -19
132 -50
133 25
134 -39
135 61
136 -17
137 15
138 79
139 100
140 -66
141 95
142 5
143 82
144 9
145 18
146 32
147 -50
148 -42
149 -2
150 -66
151 -78
152 68
153 -84
154 55
155 40
156 16
157 -41
158 98
159 -66
160 91
161 -97
162 1
163 -10
164 -60
165 -84
166 73
167 -77
168 99
169 -85
170 -45
171 -4
172 82
173 -45
174 -87
175 62
176 77
177 76
178 -90
179 -48
180 60
181 -89
182 -75
183 -17
184 3
185 -84
186 65
187 -83
188 -58
189 -38
190 -85
191 53
192 -30
193 98
194 89
195 -84
196 23
197 -18
198 98
199 31
200 -40
201 -71
202 -40
203 -56
204 69
205 -75
206 63
207 -76
208 -98
209 92
210 100
211 73
212 45
213 -66
214 4
215 -50
216 -77
217 -66
218 -77
219 28
220 86
221 -33
222 -69
223 -87
224 28
225 -29
226 77
227 13
228 17
229 -86
230 -64
231 39
232 -44
233 -56
234 -32
235 -15
236 1
237 49
238 -44
239 53
240 -47
241 2
242 -59
243 94
244 -16
245 64
246 7
247 20
248 93
249 -53
250 -6
251 56
252 64
253 20
254 -93
255 -69
256 -14
257 -47
258 35
259 -38
260 -17
261 91
262 53
263 -38
264 75
265 48
266 90
267 -71
268 47
269 -52
270 -6
271 -68
272 -25
273 -52
274 1
275 30
276 2
277 10
278 -66
279 93
280 76
281 95
282 -95
283 -16
284 17
285 57
286 94
287 -7
288 26
289 -30
290 -78
291 64
292 83
293 4
294 5
295 95
296 86
297 -18
298 86
299 -95
300 31
301 -13
302 33
303 -52
304 -85
305 35
306 -85
307 49
308 71
309 -97
310 47
311 55
312 77
313 -80
314 64
315 -57
316 -33
317 66
318 -82
319 -50
320 -6
321 88
322 -36
323 0
324 -28
325 -51
326 48
327 24
328 -41
329 -13
330 35
331 -99
332 67
333 19
334 -77
335 65
336 -99
337 44
338 -24
339 -66
340 -71
341 83
342 18
343 12
344 51
345 -20
346 0
347 67
348 48
349 37
350 -90
351 -22
352 -36
353 -81
354 55
355 -72
356 98
357 -87
358 -66
359 -10
360 -24
361 -86
362 -9
363 -2
364 20
365 39
366 -70
367 100
368 -14
369 21
370 16
371 -34
372 11
373 8
374 12
375 -9
376 -65
377 65
378 76
379 6
380 -70
381 -18
382 43
383 -9
384 83
385 10
386 -76
387 -12
388 14
389 45
390 -6
391 -99
392 79
393 -76
394 80
395 -62
396 -83
397 -49
398 -48
399 37
400 17
401 -79
402 76
403 -18
404 -43
405 -29
406 -38
407 33
408 -80
409 35
410 50
411 -93
412 100
413 -30
414 -66
415 72
416 70
417 -20
418 -7
419 -82
420 -95
421 76
422 -67
423 -31
424 75
425 -20
426 79
427 -85
428 -53
429 -66
430 12
431 -19
432 -92
433 56
434 -72
435 -44
436 70
437 -32
438 11
439 50
440 -15
441 -67
442 -38
443 97
444 98
445 59
446 42
447 -58
448 3
449 82
450 7
451 -52
452 73
453 84
454 34
455 98
456 92
457 83
458 -54
459 -40
460 66
461 -83
462 -53
463 27
464 61
465 -67
466 58
467 19
468 -48
469 60
470 61
471 -40
472 98
473 47
474 51
475 -8
476 -36
477 -77
478 -61
479 -90
480 -64
481 -2
482 24
483 83
484 39
485 23
486 100
487 34
488 88
489 60
490 -59
491 -41
492 -13
493 76
494 -83
495 -95
496 48
497 -30
498 94
499 38
500 92
501 99
502 36
503 95
504 -67
505 -80
506 -7
507 9
508 -14
509 -92
510 27
511 5
512 -81
513 -31
514 -34
515 36
516 -74
517 -50
518 20
519 -15
520 50
521 6
522 36
523 -40
524 26
525 -59
526 7
527 48
528 1
529 79
530 1
531 60
532 -24
533 -1
534 59
535 -3
536 -44
537 -39
538 77
539 -18
540 57
541 -32
542 -92
543 83
544 98
545 51
546 38
547 -5
548 -26
549 -79
550 71
551 -20
552 -42
553 -28
554 -6
555 32
556 39
557 18
558 -81
559 -32
560 -45
561 -81
562 -77
563 -66
564 44
565 22
566 -14
567 -62
568 -84
569 -77
570 -25
571 70
572 -66
573 40
574 -19
575 -10
576 75
577 52
578 -18
579 27
580 28
581 45
582 -22
583 37
584 64
585 18
586 -49
587 74
588 -78
589 67
590 99
591 -76
592 -54
593 58
594 85
595 71
596 -76
597 52
598 -54
599 -7
600 -64
601 -48
602 68
603 79
604 66
605 59
606 -22
607 -57
608 -28
609 69
610 66
611 37
612 -11
613 76
614 45
615 -59
616 16
617 -97
618 -85
619 46
620 35
621 -65
622 -35
623 -51
624 56
625 -91
626 -47
627 -60
628 40
629 0
630 67
631 -80
632 87
633 82
634 27
635 73
636 -90
637 93
638 19
639 4
640 -26
641 -71
642 88
643 -35
644 -64
645 -31
646 -72
647 83
648 -69
649 55
650 49
651 15
652 -51
653 89
654 7
655 -20
656 -17
657 -91
658 27
659 -15
660 -3
661 -35
662 -2
663 4
664 -13
665 89
666 1
667 -66
668 -10
669 35
670 -2
671 -55
672 -48
673 0
674 3
675 0
676 19
677 -82
678 -87
679 -60
680 -23
681 -70
682 42
683 -83
684 47
685 -93
686 41
687 -62
688 90
689 -74
690 -11
691 30
692 31
693 -48
694 57
695 54
696 -59
697 -23
698 -24
699 47
700 -30
701 -75
702 95
703 27
704 19
705 -45
706 -48
707 27
708 -64
709 -95
710 -32
711 -62
712 -30
713 84
714 12
715 -42
716 22
717 78
718 -41
719 -33
720 59
721 32
722 -18
723 -39
724 -72
725 92
726 -49
727 -19
728 -85
729 -6
730 -30
731 7
732 50
733 -71
734 38
735 92
736 -18
737 -59
738 -44
739 -80
740 52
741 4
742 -18
743 7
744 -28
745 81
746 54
747 64
748 61
749 -69
750 64
751 -69
752 60
753 -75
754 2
755 64
756 -91
757 -38
758 -14
759 -16
760 4
761 -45
762 54
763 5
764 51
765 41
766 -11
767 -37
768 29
769 4
770 38
771 95
772 1
773 4
774 30
775 -75
776 -71
777 91
778 84
779 -82
780 49
781 -50
782 -27
783 25
784 -25
785 -99
786 -39
787 64
788 -58
789 -13
790 23
791 33
792 5
793 40
794 -20
795 77
796 23
797 -89
798 -1
799 37
800 5
801 -99
802 25
803 -65
804 3
805 -92
806 -8
807 74
808 48
809 -43
810 54
811 -25
812 -86
813 -95
814 27
815 30
816 77
817 24
818 65
819 -44
820 0
821 81
822 38
823 99
824 -17
825 -100
826 -60
827 -32
828 86
829 -82
830 -16
831 -74
832 37
833 -29
834 77
835 19
836 -35
837 38
838 -79
839 28
840 85
841 -59
842 -1
843 -73
844 -93
845 70
846 -39
847 -88
848 11
849 30
850 -72
851 40
852 -34
853 56
854 96
855 49
856 -43
857 -12
858 -62
859 -69
860 -22
861 22
862 -72
863 -89
864 73
865 -58
866 76
867 97
868 2
869 88
870 7
871 2
872 -92
873 -94
874 47
875 -6
876 -84
877 -17
878 31
879 -58
880 59
881 96
882 81
883 79
884 72
885 -22
886 -31
887 -8
888 0
889 2
890 -57
891 46
892 -25
893 92
894 -32
895 69
896 51
897 -15
898 -94
899 71
900 88
901 31
902 -64
903 0
904 100
905 78
906 15
907 58
908 -37
909 -95
910 28
911 -57
912 84
913 -5
914 88
915 -81
916 73
917 7
918 61
919 -86
920 -29
921 -96
922 -63
923 -61
924 -44
925 -96
926 -83
927 -35
928 44
929 -27
930 83
931 -65
932 -38
933 6
934 80
935 -31
936 16
937 7
938 5
939 -7
940 73
941 -83
942 -47
943 4
944 -13
945 5
946 -100
947 -26
948 62
949 -8
950 -40
951 -36
952 70
953 32
954 13
955 -26
956 -32
957 72
958 62
959 -10
960 73
961 -35
962 10
963 -74
964 -82
965 42
966 -51
967 -22
968 -50
969 20
970 -46
971 5
972 5
973 33
974 -52
975 7
976 -85
977 29
978 -31
979 -21
980 -27
981 -42
982 -7
983 -99
984 73
985 -12
986 40
987 33
988 -63
989 -47
990 -32
991 -19
992 -78
993 -83
994 3
995 -77
996 -73
997 5
998 22
999 9
1000 94
1001 66
1002 15
1003 67
1004 13
1005 19
1006 -45
1007 48
1008 9
1009 -35
1010 -74
1011 -77
1012 0
1013 -38
1014 83
1015 -30
1016 -73
1017 -62
1018 -42
1019 2
1020 33
1021 -41
1022 -1
1023 -60
