0 86
1 -76
2 98
3 7
4 75
5 -97
6 -72
7 45
8 -74
9 11
10 -72
11 60
12 -94
13 33
14 -72
15 -68
16 -45
17 39
18 -58
19 -23
20 42
21 -84
22 84
23 -30
24 -3
25 10
26 90
27 -84
28 -70
29 40
30 -88
31 -42
32 28
33 -11
34 51
35 -33
36 54
37 -29
38 -1
39 -56
40 91
41 84
42 19
43 -38
44 -89
45 18
46 65
47 47
48 -14
49 32
50 -36
51 -37
52 50
53 -53
54 -32
55 -78
56 -85
57 37
58 84
59 75
60 57
61 50
62 -41
63 -74
64 75
65 95
66 83
67 80
68 -13
69 69
70 -27
71 -85
72 19
73 68
74 -8
75 -9
76 41
77 -73
78 40
79 -57
80 -63
81 -70
82 77
83 22
84 99
85 43
86 47
87 -82
88 1
89 -77
90 20
91 -98
92 6
93 85
94 -34
95 20
96 2
97 -40
98 -88
99 -45
100 -13
101 98
102 12
103 -4
104 -99
105 -67
106 -11
107 5
108 40
109 -58
110 -63
111 58
112 -65
113 68
114 -12
115 41
116 87
117 -53
118 -94
119 -64
120 19
121 -15
122 46
123 83
124 -43
125 -9
126 -5
127 57
128 -15
129 -91
130 -58
131 -86
132 41
133 -44
134 -42
135 -5
136 -95
137 -6
138 -29
139 89
140 20
141 33
142 -87
143 -25
144 70
145 -13
146 -44
147 13
148 -21
149 4
150 29
151 87
152 96
153 40
154 13
155 -91
156 22
157 95
158 -74
159 76
160 46
161 -29
162 40
163 -5
164 24
165 -16
166 35
167 9
168 -87
169 -39
170 -50
171 75
172 71
173 -63
174 93
175 98
176 -53
177 20
178 -45
179 -70
180 -96
181 94
182 -31
183 -12
184 61
185 -81
186 -37
187 -95
188 54
189 93
190 -89
191 62
192 58
193 -32
194 -19
195 80
196 18
197 85
198 36
199 86
200 -50
201 -74
202 -63
203 -9
204 35
205 -83
206 76
207 -14
208 -76
209 -70
210 -43
211 65
212 32
213 27
214 -82
215 -82
216 72
217 -29
218 22
219 -93
220 56
221 53
222 -41
223 51
224 -10
225 -42
226 -93
227 -16
228 32
229 -10
230 56
231 89
232 -85
233 97
234 66
235 35
236 -90
237 -62
238 -91
239 22
240 25
241 -19
242 85
243 28
244 -8
245 53
246 -27
247 27
248 25
249 88
250 84
251 38
252 65
253 93
254 26
255 87
256 -65
257 14
258 -3
259 -35
260 -94
261 59
262 -42
263 -91
264 -61
265 11
266 -68
267 -75
268 -2
269 -53
270 -97
271 9
272 26
273 -72
274 -37
275 -78
276 58
277 -16
278 -28
279 22
280 44
281 -24
282 77
283 4
284 -64
285 59
286 67
287 98
288 5
289 37
290 -58
291 -3
292 19
293 50
294 -33
295 -30
296 -44
297 22
298 3
299 -80
300 35
301 59
302 88
303 -53
304 51
305 -36
306 -5
307 -18
308 -99
309 77
310 13
311 -81
312 -27
313 -3
314 -67
315 -95
316 33
317 58
318 13
319 -100
320 -42
321 51
322 -43
323 35
324 76
325 32
326 66
327 89
328 -39
329 35
330 57
331 25
332 -86
333 -13
334 49
335 -66
336 14
337 86
338 26
339 -59
340 72
341 94
342 34
343 24
344 -48
345 -38
346 -52
347 19
348 -37
349 -25
350 52
351 49
352 -49
353 9
354 -12
355 18
356 -5
357 -11
358 -98
359 68
360 7
361 71
362 -83
363 65
364 -40
365 -78
366 94
367 -79
368 90
369 28
370 -37
371 -42
372 81
373 -15
374 3
375 -31
376 -12
377 59
378 -54
379 50
380 -83
381 28
382 88
383 63
384 69
385 -3
386 28
387 -12
388 -51
389 -93
390 74
391 39
392 6
393 -90
394 53
395 59
396 63
397 91
398 98
399 -41
400 -62
401 61
402 68
403 2
404 15
405 -4
406 -78
407 33
408 27
409 -3
410 -10
411 -62
412 -92
413 -99
414 34
415 3
416 -98
417 -81
418 17
419 21
420 71
421 -37
422 51
423 44
424 -76
425 7
426 -46
427 -67
428 25
429 -16
430 98
431 -21
432 -67
433 56
434 85
435 31
436 -89
437 -96
438 -42
439 83
440 -29
441 -12
442 92
443 -66
444 -8
445 -87
446 83
447 99
448 100
449 -90
450 99
451 -99
452 65
453 -39
454 61
455 -88
456 -45
457 24
458 62
459 66
460 -34
461 -29
462 19
463 39
464 84
465 82
466 -13
467 -39
468 44
469 -65
470 18
471 -7
472 11
473 7
474 68
475 -89
476 72
477 -28
478 35
479 -88
480 -78
481 -90
482 -98
483 -71
484 9
485 -21
486 73
487 -82
488 -57
489 -16
490 -97
491 -30
492 -84
493 0
494 11
495 65
496 11
497 -59
498 11
499 -28
500 95
501 100
502 -83
503 -67
504 -23
505 -30
506 -49
507 49
508 -44
509 -25
510 53
511 31
512 4
513 92
514 58
515 -67
516 26
517 87
518 -46
519 88
520 -91
521 -14
522 88
523 -5
524 94
525 94
526 43
527 -60
528 32
529 -88
530 -55
531 -59
532 14
533 68
534 71
535 -99
536 -63
537 -70
538 24
539 42
540 -40
541 -59
542 33
543 -4
544 13
545 43
546 60
547 79
548 20
549 84
550 -70
551 -6
552 -2
553 4
554 -58
555 -68
556 16
557 44
558 26
559 -56
560 -18
561 29
562 8
563 66
564 -59
565 39
566 -14
567 -100
568 65
569 94
570 62
571 -75
572 76
573 31
574 52
575 -22
576 -93
577 76
578 -24
579 -97
580 -60
581 -29
582 84
583 -6
584 93
585 38
586 -41
587 71
588 -27
589 -74
590 24
591 -35
592 -76
593 -57
594 11
595 82
596 -20
597 68
598 -19
599 -64
600 -4
601 -68
602 -100
603 8
604 76
605 1
606 89
607 -46
608 -69
609 -87
610 -90
611 -16
612 80
613 38
614 -87
615 -15
616 99
617 -3
618 96
619 33
620 -86
621 29
622 -10
623 -32
624 75
625 41
626 -55
627 -97
628 -38
629 81
630 21
631 6
632 70
633 -76
634 -27
635 46
636 -19
637 94
638 -67
639 69
640 16
641 67
642 43
643 -27
644 -8
645 -47
646 84
647 -61
648 -88
649 -94
650 6
651 68
652 94
653 73
654 -65
655 -67
656 9
657 -81
658 -76
659 55
660 -5
661 -39
662 -31
663 87
664 -65
665 41
666 -16
667 -9
668 -50
669 12
670 50
671 -73
672 -88
673 -18
674 -44
675 2
676 6
677 -77
678 35
679 -54
680 -74
681 -83
682 61
683 -13
684 -80
685 50
686 -21
687 -100
688 54
689 24
690 -57
691 -7
692 88
693 -5
694 92
695 25
696 16
697 -88
698 -75
699 60
700 -97
701 -46
702 -8
703 76
704 -89
705 -48
706 -33
707 1
708 -98
709 95
710 82
711 -53
712 -70
713 -96
714 -35
715 -58
716 -70
717 -55
718 -6
719 -43
720 -19
721 -93
722 -37
723 -78
724 -30
725 -3
726 -79
727 -99
728 -75
729 7
730 -97
731 16
732 -81
733 77
734 83
735 -92
736 -57
737 93
738 49
739 -8
740 -78
741 -12
742 16
743 -66
744 43
745 -90
746 -32
747 47
748 93
749 86
750 63
751 -61
752 -20
753 5
754 79
755 74
756 -79
757 -17
758 -88
759 44
760 -60
761 85
762 84
763 96
764 -64
765 -88
766 -17
767 -90
768 -7
769 29
770 -49
771 -19
772 -91
773 29
774 35
775 -20
776 -5
777 -27
778 8
779 7
780 0
781 38
782 93
783 -89
784 75
785 -66
786 -58
787 16
788 -42
789 -34
790 -65
791 56
792 -48
793 -12
794 53
795 -87
796 -38
797 70
798 -5
799 -79
800 78
801 74
802 -89
803 81
804 46
805 72
806 95
807 61
808 75
809 87
810 36
811 81
812 41
813 94
814 -82
815 78
816 -7
817 46
818 61
819 75
820 15
821 63
822 99
823 -22
824 -48
825 11
826 -35
827 67
828 66
829 -62
830 30
831 78
832 17
833 35
834 23
835 -48
836 -74
837 -61
838 -67
839 -2
840 95
841 93
842 100
843 24
844 35
845 15
846 -64
847 79
848 -5
849 -52
850 79
851 97
852 14
853 -58
854 -97
855 92
856 11
857 21
858 -87
859 43
860 74
861 -11
862 89
863 57
864 95
865 -87
866 -41
867 -26
868 44
869 -36
870 -51
871 -10
872 -22
873 40
874 -90
875 60
876 -39
877 -25
878 -51
879 6
880 39
881 53
882 5
883 9
884 85
885 -44
886 -17
887 59
888 100
889 -70
890 -60
891 85
892 -74
893 -28
894 66
895 -75
896 -12
897 -100
898 30
899 -53
900 22
901 -31
902 59
903 -24
904 27
905 -96
906 -73
907 85
908 45
909 66
910 -90
911 -31
912 -24
913 -40
914 -61
915 -50
916 -35
917 62
918 -91
919 37
920 7
921 -33
922 5
923 34
924 3
925 36
926 86
927 -87
928 -9
929 -76
930 -38
931 -95
932 89
933 73
934 -56
935 51
936 -41
937 -11
938 -25
939 9
940 -17
941 38
942 -16
943 38
944 -42
945 -61
946 -44
947 -68
948 48
949 -22
950 -7
951 -48
952 6
953 82
954 59
955 -63
956 -88
957 -85
958 -51
959 100
960 9
961 -57
962 5
963 38
964 54
965 -91
966 19
967 -22
968 -19
969 24
970 -87
971 61
972 84
973 -23
974 -19
975 -17
976 27
977 38
978 -55
979 76
980 69
981 14
982 22
983 -50
984 -58
985 -18
986 86
987 79
988 58
989 -70
990 -52
991 39
992 59
993 10
994 -18
995 49
996 41
997 81
998 -67
999 35
1000 -1
1001 33
1002 -10
1003 -25
1004 -12
1005 35
1006 93
1007 -68
1008 -32
1009 17
1010 -22
1011 79
1012 -4
1013 -38
1014 8
1015 94
1016 40
1017 12
1018 -80
1019 36
1020 -15
1021 16
1022 -41
1023 40
