0 30
1 -17
2 -72
3 75
4 -17
5 -32
6 17
7 12
8 14
9 56
10 -92
11 71
12 -16
13 19
14 -90
15 -96
16 -57
17 -99
18 51
19 -10
20 3
21 59
22 -60
23 -56
24 -96
25 -15
26 37
27 -76
28 -32
29 86
30 89
31 91
32 -9
33 25
34 21
35 55
36 -88
37 70
38 -74
39 83
40 -91
41 -53
42 -17
43 -35
44 56
45 91
46 34
47 100
48 -37
49 -83
50 -55
51 -15
52 3
53 71
54 -6
55 38
56 50
57 -100
58 -80
59 -35
60 -7
61 58
62 36
63 -40
64 72
65 -30
66 44
67 11
68 8
69 23
70 10
71 -49
72 85
73 6
74 16
75 98
76 59
77 -32
78 -49
79 -46
80 87
81 10
82 77
83 -25
84 27
85 -35
86 -95
87 -97
88 -52
89 -5
90 -94
91 -29
92 99
93 64
94 4
95 -14
96 32
97 0
98 93
99 -40
100 15
101 -8
102 11
103 -33
104 93
105 -93
106 46
107 83
108 23
109 28
110 28
111 70
112 -33
113 -42
114 53
115 77
116 -81
117 -52
118 19
119 55
120 28
121 48
122 -2
123 -19
124 -61
125 -61
126 23
127 43
