0 -29
1 -62
2 -78
3 15
4 -22
5 83
6 51
7 -73
8 58
9 -48
10 47
11 9
12 -95
13 -30
14 90
15 5
16 67
17 -81
18 30
19 -47
20 -23
21 60
22 -50
23 47
24 37
25 -66
26 88
27 -69
28 -13
29 -3
30 -53
31 -93
32 8
33 0
34 -53
35 -14
36 16
37 -10
38 -26
39 48
40 -65
41 50
42 -3
43 -24
44 11
45 -88
46 82
47 -18
48 94
49 82
50 36
51 89
52 -50
53 -98
54 -39
55 -28
56 50
57 32
58 -14
59 17
60 -99
61 99
62 30
63 -29
64 -60
65 -18
66 -66
67 10
68 47
69 -71
70 -46
71 64
72 44
73 -4
74 36
75 47
76 57
77 82
78 14
79 -89
80 20
81 26
82 -71
83 93
84 -66
85 -38
86 -81
87 -77
88 4
89 -51
90 15
91 18
92 -32
93 -43
94 28
95 -87
96 -53
97 40
98 -72
99 -55
100 -96
101 -29
102 -22
103 -37
104 91
105 -11
106 49
107 -41
108 -54
109 69
110 17
111 75
112 83
113 -1
114 63
115 46
116 -26
117 60
118 -89
119 -76
120 6
121 -63
122 28
123 -22
124 65
125 31
126 -5
127 -63
