0 44
1 80
2 -35
3 -65
4 97
5 54
6 45
7 28
8 75
9 -71
10 -78
11 51
12 14
13 70
14 -57
15 24
16 15
17 48
18 77
19 -55
20 -87
21 -10
22 -47
23 75
24 24
25 50
26 -7
27 65
28 74
29 -79
30 -87
31 -33
32 -25
33 -20
34 58
35 77
36 98
37 -34
38 -30
39 -100
40 43
41 83
42 -7
43 2
44 66
45 56
46 7
47 -59
48 54
49 -73
50 9
51 -11
52 -3
53 -88
54 57
55 56
56 97
57 -92
58 13
59 55
60 99
61 -88
62 1
63 80
64 5
65 -45
66 2
67 43
68 76
69 49
70 -67
71 40
72 71
73 33
74 -20
75 61
76 -51
77 33
78 60
79 86
80 35
81 77
82 72
83 78
84 -25
85 -9
86 -39
87 -27
88 26
89 57
90 18
91 82
92 -19
93 91
94 8
95 37
96 66
97 36
98 35
99 -20
100 71
101 87
102 -9
103 -31
104 -89
105 46
106 -27
107 42
108 19
109 73
110 -13
111 -87
112 -79
113 -95
114 50
115 -11
116 96
117 7
118 -44
119 57
120 -71
121 13
122 30
123 28
124 31
125 -52
126 -3
127 12
