0 -94
1 8
2 12
3 -24
4 -50
5 -76
6 47
7 21
8 15
9 -13
10 0
11 -62
12 35
13 -58
14 -47
15 -67
16 24
17 -34
18 -29
19 7
20 -53
21 -85
22 17
23 -12
24 23
25 -44
26 91
27 -83
28 72
29 32
30 -50
31 -5
32 -48
33 -57
34 -58
35 -43
36 95
37 -2
38 -20
39 -64
40 -52
41 -34
42 4
43 -1
44 -97
45 -81
46 72
47 -14
48 39
49 54
50 -65
51 83
52 65
53 67
54 -97
55 62
56 47
57 86
58 21
59 89
60 48
61 -73
62 -75
63 -13
64 3
65 -77
66 69
67 28
68 -92
69 91
70 92
71 77
72 -98
73 -94
74 94
75 -99
76 -1
77 -85
78 88
79 25
80 -52
81 -23
82 -62
83 45
84 4
85 -27
86 66
87 69
88 -17
89 64
90 -84
91 20
92 61
93 -44
94 24
95 -60
96 11
97 64
98 -15
99 54
100 32
101 44
102 57
103 -89
104 72
105 -37
106 43
107 8
108 -21
109 -40
110 49
111 90
112 -11
113 -36
114 78
115 -69
116 55
117 -42
118 -32
119 -84
120 -15
121 17
122 39
123 -23
124 2
125 16
126 -40
127 42
