0 46
1 -58
2 74
3 -21
4 20
5 -28
6 77
7 15
8 32
9 85
10 -71
11 27
12 -47
13 -88
14 -3
15 48
16 76
17 20
18 25
19 -100
20 25
21 53
22 -45
23 2
24 -35
25 -93
26 64
27 -55
28 -95
29 60
30 -16
31 47
32 26
33 93
34 -61
35 -89
36 74
37 37
38 59
39 29
40 24
41 -64
42 17
43 -78
44 37
45 -78
46 66
47 -38
48 -82
49 -86
50 -75
51 -94
52 -28
53 -50
54 23
55 -9
56 -1
57 -60
58 8
59 -31
60 63
61 -5
62 -24
63 52
64 -74
65 -62
66 39
67 -76
68 6
69 71
70 28
71 -70
72 35
73 27
74 -24
75 -37
76 -46
77 -56
78 -45
79 -13
80 -56
81 -32
82 -71
83 25
84 41
85 71
86 -2
87 42
88 -90
89 -6
90 29
91 85
92 25
93 -5
94 96
95 9
96 -25
97 -23
98 -11
99 6
100 -75
101 -50
102 -98
103 66
104 5
105 61
106 35
107 13
108 -95
109 -91
110 -10
111 -6
112 90
113 95
114 97
115 -52
116 80
117 34
118 34
119 -22
120 73
121 -62
122 -90
123 -44
124 96
125 -45
126 93
127 67
