0 31
1 -89
2 7
3 -1
4 19
5 -13
6 -20
7 38
8 93
9 -65
10 -80
11 -9
12 81
13 -60
14 -6
15 -52
16 77
17 69
18 36
19 -34
20 26
21 74
22 -41
23 86
24 54
25 100
26 30
27 95
28 76
29 -68
30 60
31 -79
32 -13
33 89
34 47
35 -89
36 -49
37 95
38 41
39 42
40 -50
41 23
42 -66
43 -35
44 -48
45 77
46 7
47 -80
48 -10
49 -51
50 14
51 -74
52 -3
53 -82
54 -56
55 25
56 88
57 8
58 63
59 -77
60 -36
61 -48
62 -21
63 -98
64 54
65 -73
66 74
67 -36
68 100
69 -80
70 -34
71 -80
72 48
73 82
74 -85
75 87
76 -44
77 -49
78 -7
79 -10
80 -67
81 51
82 29
83 81
84 96
85 -22
86 7
87 -97
88 -12
89 -11
90 -63
91 -10
92 28
93 -93
94 -4
95 23
96 -90
97 -5
98 22
99 31
100 -33
101 -13
102 93
103 -70
104 -28
105 -20
106 28
107 -42
108 -28
109 4
110 51
111 42
112 30
113 85
114 78
115 -23
116 38
117 -43
118 -38
119 28
120 -68
121 99
122 27
123 49
124 61
125 -86
126 -80
127 -90
