0 -79
1 97
2 -10
3 -70
4 40
5 96
6 89
7 87
8 65
9 -90
10 -54
11 -63
12 -32
13 78
14 8
15 -35
16 -19
17 -79
18 68
19 53
20 -27
21 -59
22 1
23 -68
24 -45
25 -37
26 -74
27 9
28 -94
29 35
30 -49
31 -25
32 7
33 -52
34 -28
35 56
36 88
37 -55
38 -15
39 -66
40 70
41 -59
42 80
43 -46
44 43
45 58
46 52
47 12
48 25
49 3
50 8
51 -39
52 -28
53 25
54 20
55 -53
56 -84
57 15
58 68
59 -42
60 26
61 -1
62 -82
63 19
64 -23
65 50
66 34
67 38
68 18
69 -42
70 14
71 -10
72 51
73 -19
74 -81
75 -94
76 -31
77 91
78 42
79 -6
80 13
81 22
82 -9
83 68
84 -17
85 2
86 79
87 -87
88 14
89 21
90 70
91 87
92 -68
93 100
94 70
95 -11
96 3
97 6
98 68
99 67
100 -95
101 9
102 -33
103 -19
104 28
105 -32
106 14
107 -15
108 21
109 73
110 61
111 41
112 44
113 -61
114 87
115 -96
116 -59
117 -65
118 -92
119 90
120 55
121 21
122 -42
123 69
124 30
125 28
126 -15
127 -68
128 32
129 -32
130 56
131 -48
132 39
133 62
134 8
135 -52
136 -15
137 -90
138 80
139 64
140 12
141 29
142 -21
143 9
144 -77
145 -6
146 29
147 -68
148 81
149 84
150 -37
151 -82
152 68
153 81
154 50
155 66
156 -53
157 64
158 -64
159 -30
160 -27
161 -100
162 -52
163 12
164 -17
165 0
166 55
167 51
168 -91
169 98
170 20
171 88
172 -95
173 26
174 -12
175 -14
176 82
177 49
178 67
179 25
180 -10
181 63
182 26
183 -77
184 1
185 14
186 24
187 31
188 64
189 100
190 -96
191 -76
192 57
193 8
194 -10
195 -99
196 51
197 91
198 81
199 96
200 -83
201 84
202 37
203 59
204 -96
205 53
206 -52
207 -1
208 1
209 -80
210 -8
211 21
212 3
213 15
214 -35
215 97
216 42
217 34
218 -74
219 36
220 25
221 -76
222 -4
223 -48
224 -6
225 -28
226 3
227 83
228 24
229 -33
230 17
231 -7
232 86
233 44
234 22
235 -94
236 100
237 -89
238 -82
239 43
240 21
241 84
242 -15
243 27
244 31
245 -27
246 -95
247 -38
248 -1
249 -93
250 -48
251 78
252 -84
253 68
254 -33
255 51
