0 -77
1 5
2 73
3 25
4 56
5 -7
6 35
7 -73
8 76
9 -87
10 36
11 30
12 -94
13 3
14 -69
15 60
16 -46
17 -26
18 73
19 20
20 -80
21 -37
22 -37
23 -97
24 18
25 62
26 57
27 81
28 -53
29 -14
30 -75
31 -22
32 -32
33 1
34 96
35 14
36 -88
37 93
38 -94
39 -74
40 94
41 -15
42 12
43 -95
44 74
45 3
46 -94
47 82
48 -2
49 -53
50 -15
51 24
52 55
53 0
54 98
55 -53
56 -8
57 82
58 38
59 81
60 -73
61 6
62 -63
63 -66
64 -92
65 38
66 -81
67 43
68 -54
69 -17
70 -25
71 -89
72 -18
73 6
74 -90
75 69
76 19
77 28
78 -22
79 -3
80 -79
81 15
82 94
83 51
84 19
85 -19
86 69
87 -98
88 -66
89 -9
90 46
91 65
92 5
93 -44
94 43
95 78
96 80
97 -12
98 -57
99 76
100 97
101 -4
102 74
103 -39
104 -38
105 -27
106 -52
107 -44
108 57
109 -99
110 62
111 51
112 -10
113 -94
114 -71
115 -28
116 13
117 -55
118 -53
119 55
120 10
121 -82
122 56
123 -25
124 -92
125 53
126 60
127 0
128 -56
129 -89
130 55
131 -25
132 -96
133 81
134 -19
135 58
136 67
137 30
138 -37
139 -76
140 8
141 -76
142 -11
143 -14
144 -81
145 16
146 -80
147 63
148 -32
149 47
150 67
151 91
152 93
153 -59
154 -7
155 -78
156 -43
157 38
158 52
159 59
160 -50
161 49
162 46
163 68
164 40
165 -30
166 12
167 18
168 -60
169 -42
170 34
171 64
172 -63
173 11
174 -98
175 30
176 -7
177 -36
178 -12
179 88
180 -51
181 -21
182 -59
183 88
184 23
185 -57
186 -36
187 -2
188 16
189 -38
190 17
191 22
192 -39
193 89
194 72
195 16
196 44
197 80
198 -19
199 7
200 20
201 79
202 -68
203 28
204 52
205 -49
206 61
207 -48
208 -78
209 39
210 -3
211 41
212 -100
213 52
214 60
215 -61
216 87
217 6
218 -63
219 20
220 67
221 66
222 28
223 -67
224 0
225 -45
226 -19
227 48
228 -50
229 23
230 26
231 -96
232 28
233 -16
234 8
235 -40
236 -15
237 97
238 -84
239 -17
240 -87
241 -10
242 -8
243 -8
244 -4
245 -13
246 -41
247 -35
248 -18
249 85
250 -70
251 -18
252 -38
253 78
254 76
255 0
