0 1
1 -15
2 -84
3 57
4 -31
5 0
6 39
7 -72
8 14
9 39
10 -86
11 -25
12 -36
13 22
14 82
15 41
16 -52
17 27
18 -33
19 -90
20 -46
21 -54
22 37
23 82
24 93
25 -64
26 60
27 -76
28 68
29 -76
30 -73
31 75
32 99
33 16
34 6
35 -64
36 11
37 -71
38 -95
39 -81
40 39
41 28
42 -26
43 -91
44 -36
45 -66
46 -30
47 82
48 -37
49 -67
50 90
51 -29
52 -58
53 48
54 -39
55 11
56 -33
57 13
58 11
59 -8
60 -26
61 34
62 -43
63 -70
64 -77
65 -80
66 -87
67 -32
68 1
69 8
70 -30
71 -19
72 28
73 -93
74 2
75 71
76 -38
77 -28
78 -74
79 90
80 -2
81 23
82 83
83 -61
84 -59
85 100
86 -6
87 74
88 9
89 -38
90 62
91 91
92 37
93 92
94 -23
95 -99
96 34
97 -80
98 -62
99 -71
100 37
101 -81
102 16
103 -10
104 -66
105 -100
106 -56
107 -6
108 37
109 -85
110 38
111 -74
112 -89
113 5
114 11
115 -4
116 -86
117 -1
118 -63
119 29
120 97
121 38
122 28
123 47
124 92
125 -11
126 -85
127 51
128 -65
129 -90
130 31
131 40
132 60
133 86
134 57
135 25
136 2
137 33
138 21
139 -26
140 36
141 -17
142 8
143 21
144 73
145 94
146 31
147 -49
148 95
149 -29
150 7
151 -97
152 26
153 -75
154 -41
155 18
156 42
157 -89
158 1
159 -84
160 90
161 64
162 -83
163 -70
164 32
165 -80
166 -49
167 86
168 -47
169 13
170 21
171 8
172 -52
173 27
174 48
175 41
176 -38
177 -16
178 -54
179 -48
180 48
181 24
182 33
183 25
184 -94
185 46
186 70
187 -22
188 -28
189 71
190 -41
191 -16
192 -99
193 -18
194 -53
195 -97
196 23
197 -96
198 -84
199 -5
200 -74
201 52
202 -78
203 39
204 62
205 -85
206 62
207 -96
208 84
209 -66
210 72
211 7
212 90
213 50
214 36
215 -87
216 38
217 19
218 -33
219 -85
220 4
221 -72
222 -14
223 -39
224 73
225 -95
226 -13
227 -51
228 -43
229 -85
230 -43
231 -9
232 25
233 9
234 63
235 59
236 -50
237 -17
238 -68
239 -95
240 6
241 19
242 -52
243 84
244 -76
245 -36
246 -36
247 -76
248 81
249 -92
250 -99
251 30
252 -36
253 -39
254 -15
255 -46
