0 45
1 96
2 21
3 89
4 77
5 93
6 -19
7 -20
8 16
9 -76
10 -65
11 -18
12 12
13 56
14 -52
15 54
16 55
17 -25
18 -85
19 -46
20 53
21 -56
22 -73
23 -98
24 52
25 -97
26 59
27 24
28 -88
29 -75
30 8
31 39
32 -10
33 93
34 75
35 42
36 53
37 97
38 42
39 11
40 79
41 -85
42 82
43 -31
44 -67
45 -28
46 28
47 -86
48 -11
49 92
50 -32
51 17
52 -56
53 -10
54 -11
55 -70
56 8
57 -85
58 36
59 -70
60 73
61 83
62 52
63 -92
64 2
65 50
66 -89
67 98
68 -3
69 73
70 12
71 88
72 -17
73 -78
74 18
75 -88
76 -46
77 1
78 -75
79 59
80 86
81 -19
82 -32
83 -69
84 -67
85 -39
86 -86
87 -71
88 -76
89 -33
90 7
91 -21
92 -10
93 -58
94 -32
95 -45
96 92
97 68
98 -18
99 4
100 -81
101 -35
102 -93
103 -39
104 -25
105 -21
106 -8
107 99
108 76
109 5
110 -95
111 38
112 77
113 6
114 -56
115 -44
116 -44
117 -77
118 -49
119 -100
120 33
121 -53
122 58
123 -55
124 83
125 78
126 -68
127 -33
128 95
129 -52
130 -92
131 8
132 -80
133 -10
134 96
135 36
136 -7
137 1
138 41
139 48
140 28
141 70
142 2
143 -77
144 -42
145 -40
146 78
147 28
148 16
149 -100
150 -82
151 -9
152 9
153 -7
154 90
155 28
156 -24
157 -65
158 29
159 -17
160 -67
161 95
162 96
163 80
164 11
165 -39
166 8
167 -1
168 74
169 59
170 -93
171 39
172 10
173 -6
174 32
175 -20
176 -71
177 11
178 54
179 -54
180 -87
181 -57
182 66
183 100
184 70
185 -88
186 12
187 -53
188 -43
189 99
190 13
191 83
192 -71
193 15
194 59
195 -7
196 -53
197 -40
198 -65
199 58
200 5
201 30
202 -87
203 -49
204 -46
205 64
206 66
207 28
208 -49
209 -22
210 -57
211 17
212 -5
213 41
214 -30
215 -56
216 9
217 -85
218 60
219 72
220 34
221 -89
222 83
223 17
224 26
225 70
226 -88
227 41
228 -94
229 -61
230 -78
231 -87
232 17
233 -73
234 -97
235 -60
236 -59
237 44
238 -10
239 -47
240 -90
241 100
242 -41
243 -80
244 -96
245 32
246 -25
247 4
248 -28
249 36
250 -18
251 48
252 71
253 36
254 92
255 -41
