0 31
1 -98
2 -16
3 67
4 60
5 -27
6 69
7 -85
8 -53
9 -89
10 -39
11 100
12 -27
13 100
14 23
15 13
16 28
17 26
18 97
19 -77
20 -54
21 3
22 34
23 62
24 -86
25 -99
26 68
27 -5
28 50
29 76
30 -46
31 60
32 -17
33 56
34 -99
35 -55
36 -85
37 -46
38 -97
39 -43
40 -74
41 -75
42 80
43 68
44 -34
45 -4
46 45
47 92
48 36
49 84
50 -77
51 45
52 37
53 -93
54 89
55 -21
56 93
57 44
58 -43
59 9
60 -74
61 -22
62 -45
63 8
64 -39
65 -14
66 -98
67 -52
68 -72
69 59
70 -30
71 -39
72 99
73 56
74 -67
75 -22
76 -18
77 33
78 -79
79 93
80 87
81 37
82 12
83 -26
84 49
85 -37
86 54
87 74
88 -87
89 -70
90 -73
91 27
92 66
93 -1
94 -18
95 75
96 -21
97 6
98 58
99 -5
100 72
101 -12
102 77
103 -11
104 -86
105 -3
106 53
107 6
108 91
109 10
110 43
111 55
112 48
113 83
114 47
115 36
116 -96
117 12
118 -55
119 -17
120 -29
121 17
122 18
123 89
124 -45
125 91
126 -40
127 -26
128 47
129 86
130 53
131 79
132 24
133 -38
134 31
135 -13
136 81
137 88
138 -10
139 -55
140 -76
141 0
142 41
143 -35
144 38
145 -27
146 61
147 -45
148 50
149 -100
150 57
151 -15
152 -36
153 -15
154 -36
155 69
156 54
157 7
158 30
159 46
160 -21
161 76
162 -44
163 -45
164 -46
165 62
166 -10
167 14
168 -9
169 -21
170 -96
171 72
172 50
173 49
174 28
175 -29
176 -25
177 92
178 -97
179 80
180 4
181 53
182 48
183 -63
184 58
185 3
186 -16
187 -60
188 12
189 93
190 99
191 -4
192 43
193 -86
194 15
195 65
196 100
197 -10
198 34
199 3
200 26
201 -73
202 52
203 -73
204 38
205 -22
206 -17
207 16
208 83
209 -87
210 -80
211 46
212 -5
213 -3
214 67
215 80
216 -77
217 39
218 -24
219 20
220 61
221 9
222 13
223 81
224 -18
225 -69
226 28
227 -57
228 -50
229 -52
230 88
231 69
232 31
233 90
234 -47
235 -69
236 -28
237 23
238 100
239 -14
240 97
241 -44
242 -98
243 43
244 -85
245 -7
246 -1
247 51
248 28
249 -31
250 94
251 -5
252 5
253 -33
254 99
255 50
