0 87
1 -84
2 57
3 39
4 55
5 -79
6 47
7 -89
8 -62
9 -87
10 87
11 -66
12 -61
13 -2
14 78
15 -3
16 -74
17 -12
18 -35
19 -57
20 -74
21 -9
22 -25
23 82
24 -11
25 -76
26 -37
27 62
28 -53
29 7
30 -55
31 93
32 86
33 27
34 58
35 -28
36 73
37 86
38 21
39 17
40 64
41 -57
42 92
43 -85
44 8
45 -66
46 98
47 7
48 -31
49 -40
50 5
51 -30
52 -96
53 11
54 -26
55 19
56 -63
57 -54
58 45
59 -54
60 -33
61 -44
62 19
63 8
64 -74
65 46
66 -18
67 -91
68 7
69 74
70 -31
71 24
72 -60
73 21
74 99
75 -38
76 68
77 70
78 96
79 71
80 23
81 -47
82 30
83 -93
84 25
85 -98
86 -5
87 -99
88 17
89 87
90 17
91 -89
92 -90
93 44
94 95
95 87
96 -69
97 -53
98 -71
99 40
100 -14
101 -3
102 -86
103 60
104 -83
105 -5
106 -5
107 26
108 23
109 60
110 13
111 -86
112 50
113 -98
114 95
115 -62
116 74
117 34
118 74
119 63
120 -50
121 -38
122 59
123 -80
124 -41
125 -10
126 -48
127 15
128 35
129 -68
130 81
131 -66
132 29
133 27
134 -86
135 21
136 84
137 -41
138 34
139 6
140 80
141 36
142 -1
143 85
144 82
145 87
146 23
147 76
148 66
149 7
150 -62
151 35
152 -13
153 -84
154 32
155 -53
156 -77
157 80
158 -50
159 -10
160 -31
161 60
162 20
163 69
164 -51
165 57
166 12
167 -28
168 -85
169 78
170 68
171 -65
172 93
173 -7
174 -18
175 -19
176 -51
177 -21
178 -55
179 -14
180 -10
181 -26
182 2
183 30
184 63
185 76
186 -90
187 82
188 36
189 52
190 49
191 -64
192 -91
193 -73
194 17
195 -70
196 36
197 78
198 -5
199 53
200 -71
201 -42
202 -85
203 -24
204 51
205 -37
206 80
207 -66
208 49
209 73
210 3
211 89
212 52
213 -41
214 -56
215 70
216 18
217 28
218 84
219 84
220 90
221 -53
222 5
223 65
224 -51
225 22
226 -88
227 10
228 -12
229 100
230 16
231 100
232 -61
233 100
234 -65
235 -96
236 -18
237 -3
238 -47
239 38
240 60
241 -98
242 40
243 -85
244 -55
245 -85
246 59
247 -94
248 -69
249 16
250 57
251 -10
252 -6
253 -33
254 -85
255 -87
