0 -90
1 87
2 87
3 19
4 75
5 63
6 87
7 -28
8 64
9 36
10 -50
11 3
12 -11
13 -33
14 -83
15 -75
16 65
17 -22
18 -64
19 -100
20 -76
21 49
22 36
23 84
24 6
25 36
26 89
27 -87
28 33
29 -90
30 -96
31 -69
32 -73
33 4
34 -76
35 42
36 -15
37 46
38 61
39 26
40 96
41 21
42 14
43 45
44 16
45 87
46 -86
47 -63
48 40
49 -73
50 9
51 73
52 71
53 22
54 -87
55 40
56 94
57 49
58 -31
59 -17
60 -24
61 50
62 -15
63 -31
64 64
65 -9
66 13
67 -86
68 -27
69 7
70 92
71 -2
72 29
73 72
74 90
75 -17
76 -46
77 96
78 6
79 -19
80 74
81 61
82 -72
83 81
84 -84
85 11
86 94
87 40
88 -92
89 -51
90 2
91 -88
92 -4
93 14
94 -77
95 67
96 -2
97 -68
98 27
99 17
100 24
101 -46
102 68
103 -18
104 87
105 100
106 63
107 38
108 -85
109 10
110 48
111 75
112 -99
113 -23
114 -55
115 5
116 -75
117 69
118 100
119 6
120 86
121 -97
122 -38
123 32
124 26
125 44
126 -80
127 17
128 -61
129 -100
130 63
131 50
132 -60
133 52
134 33
135 31
136 -50
137 -84
138 26
139 -54
140 69
141 -42
142 94
143 78
144 -4
145 -48
146 75
147 -59
148 60
149 3
150 2
151 64
152 4
153 89
154 58
155 -73
156 -36
157 -7
158 -10
159 -62
160 -62
161 -86
162 3
163 -89
164 -62
165 -60
166 33
167 -28
168 -16
169 -65
170 8
171 -37
172 -65
173 -80
174 -49
175 43
176 13
177 5
178 -37
179 81
180 -23
181 -69
182 23
183 25
184 94
185 -88
186 59
187 43
188 -44
189 16
190 -95
191 31
192 31
193 -50
194 18
195 94
196 -63
197 -1
198 -99
199 -8
200 -14
201 -84
202 25
203 77
204 -63
205 74
206 74
207 -23
208 -22
209 91
210 72
211 91
212 -80
213 62
214 1
215 63
216 -39
217 -82
218 -94
219 32
220 74
221 90
222 94
223 -51
224 -23
225 41
226 -60
227 34
228 -37
229 -29
230 82
231 -6
232 -86
233 16
234 98
235 -5
236 -48
237 -52
238 4
239 -94
240 -84
241 -76
242 -87
243 -19
244 46
245 1
246 46
247 20
248 -86
249 52
250 58
251 36
252 -48
253 -28
254 -21
255 52
