0 -49
1 28
2 -100
3 6
4 -37
5 48
6 -51
7 -3
8 -9
9 -21
10 65
11 78
12 -67
13 -34
14 46
15 -39
16 -6
17 52
18 16
19 82
20 -59
21 8
22 2
23 -2
24 38
25 -25
26 -27
27 -33
28 -91
29 47
30 67
31 -2
32 -69
33 92
34 6
35 5
36 59
37 20
38 31
39 72
40 -7
41 58
42 19
43 -18
44 -15
45 -79
46 -3
47 -21
48 -70
49 -39
50 36
51 21
52 65
53 -53
54 -2
55 100
56 0
57 -7
58 95
59 -52
60 84
61 79
62 67
63 55
64 74
65 65
66 16
67 51
68 -41
69 -26
70 -94
71 -63
72 -22
73 -67
74 85
75 95
76 -38
77 33
78 37
79 61
80 -37
81 63
82 17
83 73
84 -91
85 77
86 71
87 64
88 -50
89 -73
90 -4
91 27
92 69
93 72
94 13
95 -39
96 45
97 21
98 -68
99 -43
100 -12
101 69
102 -88
103 34
104 75
105 61
106 -61
107 -19
108 -37
109 -39
110 -53
111 -98
112 30
113 -19
114 59
115 -46
116 -62
117 24
118 19
119 -11
120 -94
121 -59
122 -96
123 32
124 5
125 11
126 97
127 87
128 25
129 -38
130 -82
131 68
132 94
133 -69
134 46
135 -40
136 58
137 0
138 -7
139 18
140 -4
141 6
142 39
143 50
144 61
145 -91
146 48
147 47
148 24
149 11
150 -54
151 87
152 46
153 -55
154 17
155 -34
156 -4
157 -79
158 -21
159 -56
160 -13
161 68
162 -65
163 80
164 71
165 -91
166 17
167 53
168 96
169 -33
170 71
171 66
172 33
173 -47
174 79
175 -29
176 -88
177 15
178 -86
179 -12
180 -34
181 95
182 29
183 69
184 27
185 -26
186 22
187 -93
188 17
189 58
190 -30
191 -4
192 -6
193 -60
194 -93
195 81
196 -97
197 18
198 -59
199 -85
200 -52
201 15
202 -26
203 -76
204 -2
205 47
206 56
207 40
208 -61
209 94
210 -18
211 20
212 65
213 77
214 -83
215 -27
216 -68
217 -54
218 56
219 25
220 -76
221 -86
222 -45
223 50
224 12
225 98
226 20
227 4
228 -47
229 70
230 51
231 34
232 -93
233 18
234 83
235 -49
236 97
237 -29
238 90
239 18
240 98
241 -95
242 -54
243 34
244 86
245 87
246 -16
247 54
248 -62
249 70
250 6
251 -46
252 -5
253 -68
254 -19
255 66
