0 48
1 10
2 8
3 -3
4 -37
5 -3
6 2
7 43
8 52
9 6
10 7
11 23
12 45
13 -27
14 36
15 -86
16 91
17 -37
18 95
19 -81
20 -29
21 48
22 61
23 61
24 -22
25 49
26 7
27 -49
28 -62
29 -14
30 29
31 -78
32 30
33 4
34 59
35 68
36 -6
37 -53
38 12
39 56
40 -97
41 -5
42 -16
43 11
44 -89
45 51
46 -39
47 -94
48 -6
49 -79
50 -7
51 30
52 -5
53 -40
54 -9
55 -54
56 4
57 -15
58 52
59 44
60 73
61 23
62 87
63 96
64 -87
65 -17
66 -33
67 -16
68 68
69 51
70 -55
71 -92
72 23
73 65
74 -18
75 97
76 -15
77 -71
78 36
79 -66
80 -98
81 -64
82 8
83 9
84 -100
85 -37
86 -31
87 35
88 95
89 14
90 -81
91 -73
92 -37
93 37
94 -38
95 16
96 52
97 -30
98 39
99 95
100 -56
101 -97
102 -16
103 -73
104 31
105 38
106 -38
107 67
108 -74
109 -42
110 -48
111 -91
112 -19
113 -80
114 92
115 32
116 38
117 -98
118 19
119 16
120 13
121 -57
122 84
123 -45
124 -16
125 -87
126 -6
127 83
128 -82
129 69
130 -13
131 48
132 22
133 9
134 89
135 -54
136 47
137 66
138 -67
139 -69
140 -31
141 -89
142 57
143 24
144 -15
145 60
146 -34
147 -28
148 -83
149 -55
150 -81
151 30
152 47
153 29
154 -69
155 -67
156 43
157 80
158 -95
159 -93
160 26
161 -55
162 52
163 -66
164 100
165 -99
166 56
167 -84
168 -48
169 88
170 -3
171 -69
172 65
173 -78
174 -62
175 74
176 -99
177 42
178 46
179 41
180 -18
181 -39
182 30
183 44
184 -12
185 -38
186 -59
187 -95
188 -97
189 -14
190 49
191 54
192 -87
193 -61
194 -25
195 48
196 44
197 -92
198 -86
199 -36
200 -44
201 -12
202 -64
203 -40
204 66
205 70
206 -41
207 62
208 -72
209 65
210 86
211 63
212 -13
213 -96
214 20
215 34
216 14
217 -24
218 -1
219 37
220 55
221 -35
222 6
223 -66
224 79
225 44
226 85
227 100
228 74
229 -87
230 61
231 -35
232 48
233 67
234 8
235 -93
236 -59
237 -16
238 -33
239 -94
240 -66
241 -45
242 78
243 -3
244 15
245 -45
246 -67
247 -28
248 -25
249 -32
250 -89
251 89
252 -73
253 -4
254 63
255 -72
256 -87
257 -2
258 48
259 100
260 76
261 21
262 -68
263 -69
264 38
265 53
266 89
267 -39
268 -26
269 85
270 -54
271 -20
272 82
273 91
274 -88
275 95
276 8
277 -1
278 -32
279 23
280 74
281 100
282 -66
283 -66
284 93
285 -56
286 -75
287 83
288 90
289 49
290 63
291 24
292 48
293 24
294 -51
295 -31
296 86
297 69
298 -60
299 -98
300 82
301 -9
302 68
303 -54
304 64
305 -84
306 -42
307 -70
308 81
309 82
310 -64
311 -60
312 74
313 24
314 2
315 88
316 -44
317 79
318 4
319 14
320 48
321 -44
322 -6
323 56
324 36
325 -99
326 -82
327 -52
328 -77
329 -61
330 -61
331 68
332 -52
333 15
334 51
335 79
336 -98
337 -41
338 -14
339 77
340 39
341 48
342 -5
343 8
344 -38
345 -20
346 -82
347 64
348 -3
349 74
350 87
351 60
352 62
353 -96
354 -68
355 99
356 -79
357 4
358 -33
359 33
360 20
361 78
362 13
363 78
364 -85
365 47
366 -66
367 13
368 -63
369 -47
370 -45
371 -32
372 -65
373 92
374 35
375 -85
376 63
377 -84
378 -14
379 92
380 -14
381 -83
382 -96
383 38
384 67
385 -13
386 53
387 86
388 41
389 -94
390 -48
391 40
392 -75
393 -26
394 -74
395 -96
396 -25
397 -11
398 32
399 -30
400 -11
401 -24
402 24
403 36
404 43
405 -75
406 -83
407 0
408 10
409 -44
410 78
411 -1
412 40
413 78
414 95
415 -69
416 -42
417 -50
418 60
419 96
420 -23
421 72
422 79
423 -24
424 -90
425 47
426 70
427 -75
428 -78
429 69
430 -4
431 71
432 77
433 74
434 -25
435 65
436 87
437 96
438 34
439 21
440 -61
441 28
442 -3
443 36
444 86
445 -68
446 85
447 -93
448 94
449 -19
450 -67
451 32
452 73
453 61
454 -29
455 -61
456 -37
457 -10
458 -58
459 38
460 -10
461 16
462 36
463 45
464 -68
465 -94
466 35
467 -98
468 -63
469 81
470 -55
471 3
472 83
473 -94
474 -20
475 -60
476 -40
477 -60
478 6
479 95
480 -83
481 91
482 9
483 78
484 -97
485 -24
486 22
487 -1
488 -26
489 89
490 72
491 -87
492 98
493 -5
494 -57
495 -18
496 -57
497 70
498 -28
499 73
500 89
501 -24
502 -65
503 -68
504 -80
505 -20
506 -93
507 -93
508 89
509 -55
510 39
511 -63
