0 -79
1 18
2 7
3 -11
4 -41
5 -98
6 77
7 44
8 23
9 87
10 -43
11 17
12 37
13 -11
14 -92
15 12
16 42
17 -14
18 61
19 -3
20 40
21 -37
22 -76
23 -19
24 98
25 66
26 -7
27 -95
28 -23
29 25
30 -90
31 -29
32 17
33 92
34 3
35 -99
36 99
37 -69
38 1
39 59
40 49
41 38
42 -3
43 -44
44 88
45 -81
46 65
47 25
48 84
49 57
50 41
51 -3
52 27
53 -71
54 -98
55 -32
56 -29
57 -73
58 -38
59 80
60 8
61 27
62 -75
63 100
64 76
65 -66
66 52
67 86
68 -13
69 -28
70 81
71 71
72 42
73 12
74 -90
75 88
76 18
77 96
78 20
79 -3
80 -13
81 87
82 -6
83 57
84 -82
85 -76
86 83
87 -7
88 41
89 94
90 -1
91 58
92 -24
93 -68
94 42
95 30
96 -71
97 -17
98 -72
99 26
100 4
101 24
102 14
103 39
104 25
105 -2
106 9
107 -98
108 8
109 -29
110 -17
111 20
112 3
113 69
114 0
115 79
116 -94
117 -55
118 43
119 -57
120 73
121 -93
122 2
123 27
124 -41
125 97
126 -70
127 -66
128 -60
129 -4
130 37
131 70
132 -82
133 -87
134 -5
135 -36
136 -2
137 76
138 28
139 97
140 -34
141 99
142 -42
143 -6
144 72
145 81
146 34
147 39
148 15
149 44
150 88
151 72
152 -35
153 -53
154 83
155 -6
156 -2
157 86
158 -64
159 96
160 -11
161 -19
162 -20
163 87
164 -8
165 61
166 -94
167 -27
168 -38
169 52
170 -27
171 -39
172 10
173 71
174 -92
175 -87
176 74
177 -49
178 -20
179 -12
180 26
181 15
182 -65
183 62
184 -75
185 92
186 55
187 94
188 -11
189 -4
190 -100
191 7
192 43
193 -92
194 21
195 -39
196 33
197 -32
198 55
199 -20
200 -72
201 -46
202 97
203 -85
204 10
205 52
206 -49
207 6
208 80
209 16
210 91
211 -93
212 28
213 -42
214 34
215 80
216 84
217 -67
218 58
219 -51
220 79
221 0
222 -73
223 10
224 -38
225 -18
226 -80
227 -2
228 17
229 -53
230 -8
231 -89
232 -56
233 -79
234 40
235 -35
236 -94
237 24
238 -81
239 8
240 58
241 23
242 86
243 -9
244 6
245 -11
246 81
247 -63
248 26
249 -14
250 -3
251 18
252 44
253 2
254 63
255 70
256 22
257 -71
258 49
259 -26
260 -44
261 -60
262 -30
263 58
264 35
265 70
266 -54
267 47
268 94
269 -25
270 60
271 -33
272 37
273 52
274 -41
275 45
276 -87
277 -18
278 -84
279 -68
280 93
281 -72
282 -39
283 68
284 28
285 -70
286 -67
287 -80
288 -75
289 4
290 -85
291 -29
292 -62
293 83
294 -40
295 -31
296 -13
297 41
298 57
299 69
300 31
301 -56
302 88
303 -57
304 56
305 -36
306 40
307 83
308 -34
309 90
310 12
311 94
312 -13
313 36
314 -19
315 47
316 -30
317 -37
318 6
319 72
320 -43
321 -47
322 41
323 44
324 42
325 60
326 81
327 25
328 53
329 -8
330 -72
331 -100
332 -72
333 12
334 37
335 28
336 -98
337 90
338 -6
339 60
340 -81
341 -30
342 78
343 -81
344 11
345 3
346 33
347 58
348 3
349 35
350 -93
351 -92
352 -1
353 -91
354 90
355 -100
356 22
357 17
358 -92
359 38
360 -61
361 -48
362 30
363 90
364 68
365 -95
366 -49
367 -7
368 -12
369 -17
370 -9
371 -41
372 80
373 -93
374 3
375 77
376 91
377 27
378 -79
379 -79
380 61
381 43
382 -13
383 74
384 -27
385 53
386 -41
387 -41
388 86
389 20
390 -80
391 58
392 90
393 -10
394 17
395 36
396 46
397 -26
398 52
399 -83
400 -53
401 66
402 -66
403 72
404 -15
405 -78
406 -3
407 75
408 -1
409 43
410 73
411 -43
412 0
413 -17
414 40
415 95
416 -10
417 -4
418 -84
419 -18
420 49
421 -53
422 -9
423 52
424 -52
425 86
426 -95
427 -95
428 96
429 -99
430 99
431 25
432 -42
433 52
434 -82
435 -83
436 46
437 -43
438 6
439 -28
440 62
441 -82
442 84
443 -8
444 6
445 -93
446 -75
447 -14
448 100
449 -29
450 22
451 18
452 -100
453 80
454 -65
455 5
456 -60
457 89
458 -97
459 -25
460 30
461 -92
462 51
463 -50
464 -81
465 23
466 -73
467 82
468 -37
469 -74
470 14
471 -68
472 5
473 -86
474 78
475 51
476 17
477 92
478 -97
479 -79
480 24
481 43
482 -36
483 62
484 -12
485 23
486 -54
487 -8
488 63
489 21
490 -99
491 -84
492 8
493 -100
494 69
495 85
496 -76
497 -85
498 -63
499 -76
500 98
501 -63
502 14
503 63
504 98
505 32
506 30
507 75
508 19
509 21
510 20
511 9
