0 10
1 -62
2 -30
3 4
4 -54
5 57
6 58
7 32
8 42
9 -6
10 -17
11 -70
12 -49
13 63
14 56
15 59
16 72
17 17
18 -82
19 92
20 -32
21 80
22 -82
23 -11
24 -43
25 -99
26 34
27 27
28 10
29 97
30 20
31 -9
32 20
33 80
34 25
35 97
36 -91
37 77
38 -30
39 96
40 16
41 -7
42 20
43 98
44 92
45 57
46 -93
47 57
48 -3
49 31
50 7
51 86
52 83
53 -98
54 71
55 80
56 12
57 -16
58 97
59 -9
60 -91
61 50
62 -100
63 -62
64 -30
65 -25
66 -81
67 -3
68 -36
69 -55
70 -12
71 34
72 -15
73 -69
74 -77
75 -85
76 -13
77 100
78 33
79 -84
80 -70
81 89
82 -46
83 42
84 0
85 -71
86 89
87 -41
88 -85
89 -32
90 -27
91 76
92 -46
93 35
94 54
95 58
96 -51
97 -44
98 -74
99 0
100 34
101 24
102 -95
103 -76
104 49
105 97
106 -62
107 -37
108 -90
109 11
110 69
111 -76
112 86
113 -32
114 -96
115 96
116 53
117 -15
118 99
119 84
120 97
121 59
122 -52
123 52
124 -69
125 -37
126 49
127 76
128 19
129 70
130 -23
131 77
132 -59
133 -84
134 84
135 -57
136 -76
137 9
138 90
139 -10
140 78
141 -74
142 67
143 -10
144 -28
145 85
146 -59
147 75
148 37
149 -42
150 59
151 60
152 -25
153 12
154 54
155 52
156 31
157 -14
158 60
159 12
160 -99
161 -5
162 -52
163 -91
164 83
165 -85
166 35
167 -88
168 3
169 45
170 -77
171 -4
172 74
173 0
174 -53
175 18
176 3
177 -99
178 -63
179 34
180 -89
181 -94
182 37
183 -5
184 -59
185 24
186 19
187 -33
188 58
189 56
190 27
191 50
192 -29
193 -25
194 -40
195 99
196 35
197 -13
198 83
199 -48
200 -74
201 -23
202 84
203 21
204 -83
205 48
206 85
207 46
208 17
209 -14
210 -22
211 -21
212 -66
213 -94
214 -42
215 -45
216 46
217 30
218 -26
219 38
220 43
221 52
222 55
223 59
224 -41
225 -99
226 -79
227 -19
228 -58
229 90
230 -6
231 10
232 -87
233 -6
234 59
235 37
236 94
237 20
238 -66
239 92
240 -42
241 -81
242 43
243 -10
244 75
245 -33
246 -54
247 23
248 -23
249 40
250 -58
251 -62
252 -15
253 42
254 30
255 36
256 20
257 -67
258 68
259 -42
260 -62
261 15
262 -84
263 -74
264 54
265 -50
266 -64
267 -90
268 86
269 -83
270 -27
271 8
272 41
273 -78
274 -65
275 -81
276 -85
277 -26
278 -76
279 -64
280 37
281 -51
282 -11
283 72
284 81
285 -33
286 100
287 -68
288 -67
289 -44
290 -37
291 -72
292 87
293 -31
294 -52
295 -36
296 -62
297 -95
298 76
299 5
300 -18
301 -34
302 32
303 -91
304 -85
305 38
306 -61
307 66
308 -3
309 -87
310 -80
311 -73
312 -95
313 -51
314 44
315 -76
316 91
317 69
318 -9
319 -24
320 26
321 -13
322 -71
323 -21
324 52
325 -62
326 -52
327 -74
328 84
329 63
330 -20
331 74
332 -54
333 -14
334 89
335 19
336 -30
337 -80
338 -56
339 8
340 -39
341 -27
342 -53
343 -59
344 -62
345 -90
346 16
347 -89
348 44
349 -25
350 12
351 -75
352 -30
353 39
354 95
355 91
356 89
357 99
358 43
359 -34
360 72
361 -18
362 -94
363 9
364 84
365 -29
366 -52
367 100
368 -48
369 -64
370 -48
371 -73
372 67
373 -45
374 -95
375 27
376 -83
377 -33
378 39
379 -30
380 -99
381 -89
382 68
383 74
384 29
385 99
386 -10
387 -36
388 25
389 -19
390 -22
391 -24
392 -27
393 -48
394 -10
395 64
396 49
397 45
398 32
399 53
400 25
401 -70
402 63
403 -10
404 -92
405 -49
406 -63
407 64
408 23
409 30
410 35
411 8
412 19
413 -23
414 -79
415 7
416 19
417 50
418 67
419 -39
420 3
421 -85
422 -71
423 -54
424 -61
425 96
426 75
427 -5
428 -71
429 -67
430 -10
431 70
432 -57
433 19
434 16
435 19
436 44
437 24
438 -32
439 -47
440 -33
441 -66
442 8
443 95
444 -12
445 -85
446 71
447 -17
448 34
449 -40
450 -87
451 23
452 -62
453 34
454 -77
455 -12
456 -44
457 1
458 15
459 -6
460 -12
461 -85
462 -21
463 98
464 62
465 92
466 15
467 69
468 -25
469 3
470 -76
471 49
472 -63
473 77
474 40
475 -19
476 -61
477 -9
478 -40
479 74
480 -11
481 -50
482 22
483 62
484 -54
485 91
486 93
487 55
488 -22
489 41
490 12
491 7
492 85
493 -62
494 -61
495 58
496 -91
497 26
498 2
499 -47
500 -52
501 -28
502 -47
503 17
504 -96
505 -3
506 -18
507 26
508 -40
509 83
510 44
511 -97
