0 -71
1 95
2 52
3 -40
4 99
5 1
6 -29
7 -49
8 -18
9 -63
10 82
11 -85
12 -71
13 2
14 -97
15 67
16 -17
17 -15
18 28
19 -66
20 87
21 52
22 90
23 -41
24 -97
25 95
26 -61
27 73
28 -4
29 -27
30 -68
31 43
32 -28
33 15
34 -83
35 -63
36 19
37 -22
38 39
39 59
40 78
41 -46
42 -34
43 -22
44 7
45 -52
46 -44
47 85
48 -52
49 -86
50 97
51 -61
52 46
53 -22
54 -15
55 -36
56 1
57 -19
58 6
59 -88
60 40
61 30
62 42
63 38
64 63
65 -21
66 -51
67 -92
68 0
69 -23
70 -80
71 46
72 -68
73 65
74 -82
75 47
76 19
77 -87
78 -13
79 79
80 -97
81 -2
82 -31
83 29
84 -30
85 -78
86 86
87 -35
88 -95
89 -48
90 -36
91 88
92 46
93 -47
94 38
95 76
96 14
97 -22
98 16
99 -90
100 -6
101 -60
102 -72
103 -73
104 85
105 89
106 -57
107 -22
108 13
109 39
110 -47
111 -30
112 -60
113 25
114 97
115 -15
116 37
117 -44
118 17
119 -48
120 21
121 -68
122 0
123 -14
124 -10
125 2
126 -80
127 18
128 23
129 10
130 87
131 49
132 37
133 -13
134 66
135 -58
136 -39
137 -30
138 81
139 -11
140 73
141 -47
142 -6
143 -83
144 -16
145 -86
146 63
147 9
148 -81
149 56
150 31
151 98
152 -47
153 66
154 26
155 53
156 2
157 -21
158 -37
159 70
160 -98
161 -62
162 -2
163 30
164 95
165 54
166 56
167 55
168 -46
169 -81
170 97
171 91
172 -96
173 -80
174 30
175 14
176 17
177 58
178 -52
179 -75
180 -82
181 -51
182 94
183 -49
184 -10
185 55
186 76
187 -16
188 -1
189 -41
190 2
191 -24
192 90
193 -50
194 -70
195 -40
196 96
197 34
198 92
199 32
200 75
201 47
202 -55
203 100
204 90
205 4
206 18
207 78
208 -78
209 10
210 -38
211 -87
212 75
213 14
214 64
215 -28
216 63
217 -30
218 -64
219 -48
220 41
221 40
222 -34
223 -65
224 68
225 -13
226 -79
227 -48
228 -95
229 -49
230 52
231 -59
232 12
233 19
234 -36
235 -54
236 88
237 81
238 99
239 30
240 38
241 -32
242 -24
243 99
244 -20
245 -85
246 -96
247 -32
248 -39
249 69
250 -98
251 -35
252 -22
253 -9
254 -92
255 58
256 -34
257 28
258 21
259 14
260 3
261 28
262 -33
263 -59
264 32
265 -20
266 -56
267 -25
268 -39
269 -91
270 85
271 -11
272 42
273 11
274 -89
275 35
276 -18
277 -2
278 -100
279 100
280 54
281 -30
282 -33
283 -94
284 86
285 -49
286 -47
287 24
288 13
289 -31
290 -23
291 46
292 -99
293 6
294 19
295 -91
296 -52
297 -100
298 -68
299 -69
300 -99
301 25
302 -100
303 -95
304 -96
305 18
306 -51
307 -60
308 -1
309 7
310 -72
311 94
312 -31
313 -93
314 -89
315 -49
316 4
317 76
318 83
319 -72
320 -87
321 81
322 -24
323 -50
324 -93
325 -85
326 -87
327 -66
328 -28
329 -57
330 -44
331 0
332 97
333 -30
334 -2
335 -44
336 77
337 87
338 -97
339 -50
340 83
341 31
342 42
343 92
344 -18
345 -45
346 -82
347 -46
348 -64
349 68
350 -54
351 -53
352 100
353 46
354 88
355 42
356 -29
357 -22
358 12
359 -41
360 15
361 -18
362 -21
363 25
364 -97
365 -36
366 10
367 -50
368 13
369 82
370 -36
371 -59
372 22
373 -54
374 -71
375 -32
376 -55
377 -10
378 -95
379 -36
380 93
381 -7
382 68
383 -21
384 -7
385 -75
386 -20
387 52
388 77
389 -90
390 6
391 30
392 -1
393 33
394 -23
395 -15
396 -87
397 67
398 -90
399 17
400 36
401 -22
402 -83
403 34
404 90
405 -92
406 -10
407 -5
408 -8
409 92
410 -83
411 -58
412 -58
413 66
414 97
415 -67
416 -95
417 42
418 -11
419 4
420 -66
421 -72
422 -28
423 72
424 87
425 -36
426 -89
427 -33
428 -44
429 -15
430 -58
431 -44
432 -57
433 -56
434 -18
435 10
436 86
437 -44
438 -84
439 31
440 59
441 -96
442 55
443 -40
444 0
445 79
446 -39
447 73
448 69
449 98
450 -44
451 -6
452 -24
453 92
454 -60
455 60
456 -40
457 76
458 -74
459 -13
460 -8
461 99
462 -12
463 -16
464 21
465 79
466 -1
467 40
468 40
469 -74
470 1
471 -55
472 -74
473 -52
474 84
475 -35
476 84
477 -52
478 -49
479 -45
480 -65
481 -16
482 -22
483 -37
484 100
485 20
486 -16
487 91
488 83
489 -50
490 26
491 33
492 -47
493 -18
494 47
495 48
496 17
497 -31
498 17
499 39
500 96
501 -81
502 10
503 -80
504 -16
505 -17
506 -25
507 -47
508 -8
509 -41
510 26
511 -76
