0 24
1 32
2 74
3 -37
4 90
5 7
6 60
7 32
8 -100
9 -39
10 -99
11 -13
12 69
13 60
14 80
15 -80
16 -20
17 77
18 28
19 57
20 62
21 21
22 41
23 15
24 -73
25 50
26 1
27 -59
28 -94
29 -28
30 -6
31 -32
32 93
33 29
34 -59
35 75
36 -24
37 34
38 -35
39 -12
40 41
41 -39
42 5
43 59
44 14
45 -90
46 -15
47 -46
48 40
49 -44
50 25
51 -86
52 -22
53 4
54 71
55 -48
56 6
57 -54
58 53
59 36
60 -30
61 54
62 -47
63 72
64 27
65 -17
66 -85
67 54
68 83
69 -41
70 -56
71 -23
72 -26
73 -82
74 -91
75 13
76 -87
77 -3
78 -97
79 71
80 -8
81 -6
82 -65
83 -53
84 -50
85 37
86 -96
87 99
88 -9
89 2
90 -32
91 -38
92 -8
93 30
94 -67
95 83
96 10
97 -34
98 -84
99 70
100 21
101 78
102 79
103 59
104 50
105 52
106 99
107 -95
108 36
109 -98
110 -34
111 -1
112 64
113 57
114 38
115 -95
116 -73
117 82
118 98
119 18
120 -68
121 -38
122 -18
123 19
124 18
125 52
126 60
127 16
128 -49
129 20
130 -37
131 55
132 -84
133 -94
134 -100
135 56
136 10
137 57
138 7
139 -38
140 68
141 95
142 -24
143 39
144 34
145 94
146 67
147 -84
148 2
149 -81
150 26
151 -97
152 83
153 -41
154 84
155 79
156 -91
157 -87
158 22
159 13
160 -57
161 72
162 36
163 -70
164 58
165 -58
166 89
167 -89
168 96
169 -73
170 93
171 -17
172 -52
173 -83
174 70
175 80
176 -83
177 -35
178 33
179 49
180 -79
181 47
182 -66
183 -12
184 57
185 54
186 -59
187 32
188 -41
189 -40
190 -98
191 100
192 38
193 0
194 -85
195 42
196 3
197 -8
198 91
199 17
200 85
201 93
202 65
203 46
204 4
205 78
206 -82
207 -90
208 -85
209 -86
210 72
211 -16
212 19
213 48
214 -5
215 35
216 -77
217 -68
218 75
219 63
220 -54
221 52
222 80
223 66
224 87
225 -56
226 -71
227 72
228 3
229 -59
230 84
231 19
232 -43
233 46
234 -97
235 -89
236 74
237 61
238 39
239 -81
240 66
241 -8
242 -97
243 -44
244 61
245 75
246 34
247 -24
248 92
249 -89
250 69
251 -42
252 -95
253 -12
254 63
255 -5
256 -67
257 -81
258 -99
259 38
260 -48
261 87
262 -93
263 -37
264 -61
265 80
266 32
267 -77
268 77
269 -81
270 -7
271 -71
272 11
273 88
274 -53
275 -88
276 56
277 53
278 -95
279 -69
280 26
281 -80
282 -60
283 -23
284 27
285 -70
286 -40
287 12
288 34
289 -27
290 -54
291 -13
292 -80
293 -24
294 -7
295 -41
296 -15
297 74
298 49
299 57
300 -88
301 -33
302 -72
303 26
304 -93
305 -84
306 -74
307 -13
308 -30
309 92
310 50
311 95
312 95
313 -3
314 35
315 -12
316 -29
317 26
318 -85
319 35
320 25
321 36
322 -5
323 -35
324 -80
325 84
326 -85
327 -59
328 -75
329 -13
330 -86
331 -40
332 -57
333 9
334 90
335 -30
336 -53
337 -82
338 -39
339 1
340 53
341 61
342 -63
343 40
344 -35
345 74
346 51
347 75
348 -50
349 31
350 50
351 5
352 -91
353 91
354 58
355 -22
356 80
357 -81
358 -75
359 -17
360 -47
361 32
362 -29
363 -7
364 56
365 54
366 64
367 47
368 0
369 36
370 78
371 -9
372 -68
373 -19
374 -47
375 100
376 -3
377 -99
378 -71
379 45
380 72
381 -99
382 -100
383 70
384 -76
385 2
386 -6
387 46
388 77
389 -5
390 -34
391 -87
392 -2
393 3
394 -30
395 -54
396 -78
397 -7
398 -2
399 -76
400 95
401 -39
402 2
403 76
404 -46
405 -54
406 -40
407 58
408 86
409 -18
410 -16
411 50
412 -43
413 -86
414 72
415 -76
416 23
417 31
418 12
419 33
420 38
421 -2
422 -78
423 53
424 -44
425 -29
426 72
427 100
428 66
429 -31
430 -35
431 -12
432 21
433 27
434 33
435 0
436 -26
437 -53
438 87
439 87
440 47
441 18
442 23
443 -88
444 14
445 84
446 68
447 39
448 -21
449 -3
450 57
451 -35
452 63
453 -70
454 17
455 99
456 19
457 -35
458 -97
459 75
460 62
461 -27
462 61
463 75
464 -1
465 -92
466 -14
467 0
468 -93
469 88
470 31
471 -13
472 31
473 76
474 -79
475 50
476 80
477 55
478 -98
479 83
480 -22
481 -62
482 9
483 -79
484 19
485 76
486 -88
487 79
488 -75
489 -23
490 -81
491 -92
492 -83
493 13
494 -31
495 -77
496 60
497 89
498 56
499 81
500 -66
501 -8
502 14
503 39
504 -20
505 23
506 -5
507 40
508 45
509 79
510 93
511 60
