0 89
1 -62
2 -10
3 5
4 42
5 -32
6 -20
7 -70
8 29
9 55
10 -71
11 27
12 -96
13 -44
14 1
15 55
16 32
17 63
18 6
19 -22
20 35
21 -51
22 -29
23 -64
24 0
25 -80
26 84
27 40
28 -94
29 76
30 -79
31 9
32 7
33 48
34 36
35 -59
36 36
37 -10
38 67
39 75
40 -49
41 -20
42 -67
43 0
44 -89
45 -72
46 87
47 -71
48 -72
49 -84
50 27
51 -91
52 -2
53 -12
54 -24
55 -25
56 -94
57 27
58 -30
59 -83
60 -86
61 24
62 -42
63 90
64 61
65 9
66 20
67 -28
68 33
69 79
70 66
71 66
72 -18
73 0
74 -5
75 -24
76 96
77 -47
78 84
79 81
80 86
81 15
82 93
83 -99
84 85
85 66
86 -45
87 36
88 81
89 -47
90 61
91 -18
92 74
93 79
94 -39
95 36
96 72
97 96
98 64
99 68
100 -97
101 -49
102 -92
103 20
104 -43
105 -82
106 -10
107 88
108 -25
109 -86
110 -79
111 70
112 24
113 -87
114 83
115 59
116 -30
117 -19
118 47
119 -85
120 -72
121 87
122 50
123 14
124 -81
125 24
126 54
127 -66
128 16
129 1
130 45
131 51
132 -13
133 93
134 -59
135 17
136 83
137 81
138 -61
139 -30
140 -72
141 -45
142 -78
143 8
144 55
145 13
146 82
147 39
148 -78
149 83
150 48
151 31
152 -54
153 80
154 77
155 71
156 -28
157 85
158 11
159 57
160 53
161 -90
162 -79
163 -21
164 56
165 48
166 -74
167 26
168 -44
169 -46
170 -82
171 57
172 85
173 -57
174 -61
175 -67
176 95
177 46
178 41
179 -67
180 -78
181 -33
182 -23
183 -13
184 -75
185 84
186 -70
187 90
188 -36
189 -9
190 -75
191 -18
192 23
193 82
194 66
195 95
196 90
197 -81
198 -83
199 -3
200 42
201 -60
202 67
203 -9
204 17
205 -82
206 -39
207 60
208 45
209 64
210 -21
211 45
212 20
213 -83
214 -38
215 84
216 35
217 21
218 -81
219 -38
220 75
221 -47
222 -95
223 -88
224 -6
225 10
226 -88
227 46
228 -59
229 -3
230 -53
231 8
232 -10
233 86
234 11
235 44
236 -47
237 -73
238 -7
239 -46
240 -26
241 16
242 -48
243 93
244 -54
245 14
246 -95
247 4
248 99
249 41
250 -12
251 -95
252 85
253 7
254 85
255 -6
256 -24
257 -9
258 -31
259 -67
260 8
261 51
262 -4
263 16
264 56
265 -88
266 -40
267 54
268 47
269 -72
270 31
271 -16
272 21
273 25
274 58
275 6
276 77
277 -74
278 11
279 85
280 79
281 15
282 -71
283 -45
284 -94
285 91
286 10
287 -53
288 -98
289 -61
290 -57
291 61
292 69
293 -61
294 -35
295 -20
296 -76
297 -86
298 91
299 88
300 -28
301 11
302 63
303 54
304 23
305 71
306 22
307 68
308 36
309 -85
310 -39
311 94
312 -67
313 -54
314 -42
315 78
316 77
317 -83
318 -84
319 30
320 43
321 9
322 -86
323 -89
324 -15
325 82
326 35
327 -41
328 -95
329 -88
330 -69
331 36
332 88
333 -94
334 -97
335 63
336 -53
337 -82
338 7
339 -2
340 14
341 82
342 44
343 -48
344 3
345 -89
346 -27
347 47
348 -66
349 39
350 -93
351 42
352 39
353 29
354 65
355 81
356 -50
357 -77
358 -48
359 -8
360 18
361 -4
362 93
363 62
364 53
365 -69
366 18
367 37
368 -6
369 13
370 72
371 -31
372 -69
373 -62
374 42
375 58
376 50
377 -5
378 15
379 -43
380 67
381 44
382 -47
383 -53
384 58
385 -62
386 16
387 11
388 -73
389 61
390 -80
391 37
392 -84
393 75
394 73
395 5
396 2
397 -30
398 91
399 -21
400 -82
401 -85
402 2
403 -30
404 -2
405 65
406 85
407 -54
408 40
409 61
410 14
411 -34
412 22
413 -92
414 -4
415 -27
416 34
417 -62
418 8
419 77
420 -49
421 28
422 -49
423 88
424 11
425 -49
426 -98
427 -20
428 -22
429 -93
430 -14
431 -76
432 1
433 23
434 -40
435 -59
436 -18
437 -44
438 -82
439 -17
440 16
441 91
442 81
443 49
444 95
445 -30
446 -12
447 24
448 -13
449 -62
450 83
451 39
452 -13
453 12
454 88
455 71
456 22
457 3
458 77
459 36
460 -42
461 2
462 -31
463 71
464 -16
465 67
466 65
467 -41
468 18
469 -15
470 -62
471 78
472 60
473 52
474 -21
475 -95
476 77
477 61
478 -21
479 83
480 99
481 53
482 74
483 -61
484 28
485 21
486 30
487 -29
488 -76
489 61
490 -29
491 29
492 50
493 -30
494 13
495 49
496 78
497 -48
498 -11
499 31
500 25
501 -83
502 25
503 91
504 32
505 -18
506 61
507 -9
508 62
509 -62
510 30
511 -33
