0 44
1 -68
2 97
3 -68
4 76
5 -32
6 83
7 -89
8 -15
9 -6
10 70
11 67
12 -37
13 -14
14 7
15 -80
16 -6
17 -71
18 48
19 36
20 62
21 63
22 65
23 -57
24 37
25 -79
26 -94
27 73
28 46
29 -43
30 79
31 61
32 -73
33 5
34 58
35 52
36 19
37 91
38 91
39 -62
40 -86
41 29
42 23
43 -64
44 -93
45 49
46 76
47 -50
48 76
49 66
50 -52
51 66
52 -65
53 -20
54 -21
55 -62
56 -40
57 81
58 71
59 37
60 -81
61 -45
62 0
63 31
64 -79
65 60
66 -39
67 -3
68 -81
69 2
70 -68
71 -77
72 -15
73 3
74 94
75 90
76 -6
77 -31
78 54
79 88
80 0
81 -17
82 19
83 -84
84 95
85 -42
86 94
87 -55
88 31
89 92
90 -90
91 -15
92 8
93 61
94 51
95 -35
96 -72
97 60
98 -55
99 79
100 63
101 -9
102 89
103 -53
104 31
105 10
106 -26
107 11
108 83
109 -36
110 -82
111 24
112 89
113 -41
114 -96
115 -98
116 -49
117 52
118 -68
119 -21
120 29
121 82
122 -89
123 -14
124 93
125 84
126 5
127 -92
128 81
129 -92
130 65
131 99
132 53
133 -19
134 -84
135 78
136 -23
137 -11
138 -7
139 22
140 -4
141 42
142 -89
143 16
144 24
145 0
146 98
147 -16
148 21
149 -43
150 34
151 -40
152 -1
153 -82
154 -23
155 -7
156 -23
157 85
158 42
159 -10
160 56
161 4
162 2
163 50
164 87
165 49
166 -82
167 89
168 -26
169 40
170 -84
171 87
172 90
173 28
174 41
175 26
176 21
177 67
178 -51
179 -68
180 -21
181 -72
182 -11
183 -25
184 -12
185 -75
186 35
187 20
188 59
189 -20
190 -88
191 85
192 -75
193 59
194 54
195 96
196 46
197 -38
198 -85
199 -5
200 87
201 77
202 -54
203 -55
204 -43
205 -40
206 -17
207 46
208 57
209 75
210 78
211 66
212 41
213 -68
214 -87
215 -25
216 39
217 42
218 89
219 22
220 74
221 24
222 22
223 -48
224 2
225 -56
226 -10
227 48
228 -14
229 -98
230 -82
231 61
232 -44
233 -13
234 -70
235 -20
236 -69
237 21
238 63
239 -15
240 47
241 70
242 53
243 -30
244 22
245 -83
246 -18
247 -96
248 66
249 -55
250 -77
251 -42
252 -53
253 97
254 35
255 98
256 -52
257 -10
258 14
259 -6
260 -59
261 63
262 62
263 4
264 88
265 -4
266 85
267 -79
268 -38
269 -5
270 2
271 -91
272 30
273 -8
274 -74
275 -61
276 -14
277 -84
278 -53
279 16
280 -26
281 90
282 -86
283 -25
284 30
285 -26
286 -3
287 -25
288 -82
289 48
290 42
291 88
292 61
293 18
294 -25
295 -93
296 -34
297 96
298 -30
299 9
300 -22
301 -94
302 94
303 67
304 -84
305 -63
306 -65
307 1
308 39
309 -33
310 73
311 47
312 80
313 8
314 12
315 -4
316 -99
317 75
318 28
319 -30
320 83
321 -52
322 -90
323 -51
324 61
325 -54
326 -78
327 -42
328 -67
329 80
330 68
331 -35
332 -4
333 -11
334 70
335 -48
336 -24
337 78
338 -17
339 15
340 30
341 -27
342 -22
343 -47
344 -72
345 59
346 -51
347 -7
348 31
349 -58
350 96
351 20
352 -78
353 -13
354 90
355 -78
356 77
357 -89
358 -91
359 87
360 -93
361 -19
362 44
363 45
364 -82
365 22
366 -11
367 -45
368 44
369 -91
370 41
371 97
372 85
373 -34
374 37
375 44
376 46
377 4
378 10
379 13
380 -75
381 59
382 29
383 5
384 7
385 34
386 -5
387 -78
388 89
389 -68
390 38
391 -71
392 -32
393 11
394 -48
395 -36
396 -93
397 -61
398 93
399 56
400 -85
401 -82
402 55
403 13
404 -14
405 -21
406 -25
407 65
408 76
409 -33
410 -19
411 32
412 53
413 -78
414 -25
415 87
416 56
417 53
418 -79
419 -1
420 -55
421 50
422 -35
423 60
424 -86
425 10
426 -22
427 92
428 -62
429 42
430 -12
431 -33
432 97
433 -73
434 -73
435 88
436 -74
437 -26
438 -46
439 -78
440 -11
441 -94
442 -25
443 86
444 -21
445 8
446 -30
447 5
448 -18
449 -30
450 -30
451 -36
452 -52
453 -86
454 14
455 -51
456 -27
457 4
458 -50
459 70
460 -62
461 52
462 25
463 -23
464 -25
465 7
466 91
467 -7
468 -21
469 -68
470 -60
471 -72
472 74
473 -92
474 -30
475 23
476 -96
477 -3
478 85
479 -26
480 12
481 3
482 50
483 -51
484 -51
485 25
486 84
487 -48
488 32
489 95
490 -67
491 25
492 -81
493 -45
494 89
495 38
496 -67
497 48
498 -32
499 73
500 64
501 100
502 -88
503 63
504 -44
505 42
506 -19
507 -38
508 -20
509 -20
510 25
511 -50
