0 -55
1 -26
2 -84
3 -24
4 77
5 56
6 -59
7 45
8 -19
9 41
10 -86
11 -73
12 -79
13 8
14 -33
15 -81
16 63
17 28
18 -12
19 97
20 69
21 -19
22 -97
23 -11
24 78
25 -14
26 -91
27 83
28 -36
29 -50
30 -88
31 -78
32 -85
33 80
34 89
35 74
36 -39
37 -20
38 -84
39 -68
40 -61
41 -68
42 -95
43 -87
44 74
45 -41
46 71
47 -100
48 2
49 -82
50 64
51 65
52 -87
53 27
54 92
55 69
56 40
57 -54
58 -39
59 70
60 87
61 91
62 -52
63 -57
64 41
65 -60
66 -68
67 6
68 -78
69 -17
70 -38
71 -2
72 -96
73 9
74 -23
75 -6
76 99
77 66
78 -27
79 66
80 -41
81 -14
82 93
83 69
84 27
85 53
86 -13
87 98
88 39
89 -82
90 -22
91 57
92 7
93 30
94 33
95 -66
96 -89
97 -93
98 -15
99 -50
100 -77
101 -40
102 33
103 93
104 -30
105 99
106 -92
107 30
108 -33
109 -18
110 55
111 18
112 52
113 -30
114 24
115 12
116 25
117 -93
118 -93
119 45
120 -9
121 -8
122 28
123 -10
124 76
125 68
126 -3
127 -84
128 -76
129 84
130 -64
131 -37
132 34
133 -91
134 -78
135 27
136 -53
137 -79
138 9
139 61
140 -73
141 40
142 69
143 54
144 -11
145 27
146 97
147 55
148 -51
149 38
150 1
151 28
152 -88
153 19
154 -40
155 -97
156 -100
157 72
158 46
159 17
160 -40
161 -34
162 49
163 2
164 63
165 -64
166 -89
167 17
168 -14
169 86
170 -70
171 -83
172 0
173 -81
174 -27
175 39
176 67
177 -35
178 -1
179 39
180 -63
181 -3
182 25
183 -78
184 -46
185 86
186 -67
187 91
188 19
189 -47
190 -82
191 60
192 84
193 90
194 52
195 -13
196 -42
197 -25
198 75
199 7
200 -34
201 -64
202 68
203 5
204 52
205 96
206 26
207 -6
208 -24
209 -6
210 -30
211 100
212 40
213 -61
214 -39
215 -84
216 1
217 61
218 -60
219 16
220 100
221 41
222 65
223 -92
224 89
225 2
226 35
227 73
228 65
229 61
230 5
231 -50
232 95
233 36
234 -69
235 29
236 -72
237 99
238 36
239 -41
240 -15
241 89
242 -41
243 -19
244 12
245 77
246 16
247 -91
248 -1
249 -8
250 8
251 7
252 -90
253 -16
254 77
255 100
256 94
257 70
258 19
259 -69
260 -2
261 22
262 -97
263 79
264 79
265 85
266 60
267 44
268 96
269 -75
270 17
271 31
272 -88
273 31
274 -13
275 -14
276 19
277 14
278 -17
279 -21
280 44
281 39
282 87
283 -54
284 83
285 77
286 2
287 -76
288 94
289 -55
290 44
291 -2
292 -42
293 -71
294 51
295 94
296 97
297 73
298 45
299 -68
300 -49
301 25
302 -7
303 -26
304 98
305 5
306 69
307 -45
308 49
309 60
310 83
311 43
312 89
313 68
314 32
315 -7
316 -85
317 -83
318 -38
319 -23
320 66
321 82
322 -59
323 70
324 13
325 24
326 19
327 -59
328 87
329 -4
330 48
331 10
332 -59
333 86
334 7
335 -87
336 -77
337 -69
338 19
339 -92
340 -32
341 1
342 -89
343 -51
344 15
345 43
346 -21
347 93
348 -79
349 47
350 -24
351 -54
352 -74
353 59
354 -92
355 -45
356 -76
357 29
358 -84
359 13
360 80
361 -50
362 -100
363 -44
364 68
365 57
366 -8
367 -45
368 53
369 13
370 97
371 -66
372 81
373 -66
374 -74
375 91
376 -65
377 -5
378 97
379 -92
380 36
381 -85
382 -90
383 51
384 -42
385 -73
386 43
387 41
388 -39
389 10
390 -14
391 65
392 24
393 33
394 62
395 -65
396 79
397 -66
398 83
399 47
400 5
401 31
402 24
403 53
404 -50
405 95
406 -69
407 -10
408 -67
409 31
410 -10
411 9
412 64
413 -38
414 89
415 98
416 -42
417 -55
418 54
419 57
420 -53
421 -34
422 -61
423 32
424 -66
425 53
426 29
427 1
428 24
429 -8
430 34
431 66
432 6
433 62
434 6
435 -28
436 -33
437 8
438 97
439 14
440 81
441 -87
442 -64
443 -73
444 -86
445 0
446 -11
447 -10
448 64
449 -54
450 -47
451 96
452 -5
453 33
454 76
455 27
456 3
457 67
458 16
459 95
460 -91
461 45
462 10
463 65
464 -65
465 -66
466 58
467 -70
468 -32
469 -95
470 -74
471 76
472 55
473 4
474 74
475 -86
476 -24
477 -90
478 -53
479 32
480 -98
481 -55
482 -67
483 58
484 -9
485 -28
486 -51
487 -66
488 52
489 -88
490 91
491 -77
492 -61
493 -88
494 88
495 -8
496 4
497 46
498 85
499 91
500 -2
501 -34
502 -91
503 -67
504 -26
505 -96
506 -72
507 -39
508 -59
509 -66
510 73
511 87
