64	1	1	1	1	0	0.1704249382019043
64	1	1	1	2	0	0.16320013999938965
64	1	1	1	4	0	0.15709757804870605
64	1	1	1	8	0	0.15452361106872559
64	1	1	1	16	0	0.16634535789489746
64	1	1	1	32	0	0.16439485549926758
64	1	1	1	64	0	0.1631333827972412
64	1	1	2	2	0	0.2310316562652588
64	1	1	2	4	0	0.1918630599975586
64	1	1	2	8	0	0.18842625617980957
64	1	1	2	16	0	0.1861863136291504
64	1	1	2	32	0	0.18567752838134766
64	1	1	2	64	0	0.196549654006958
64	1	1	4	4	0	0.30089831352233887
64	1	1	4	8	0	0.24585676193237305
64	1	1	4	16	0	0.24446845054626465
64	1	1	4	32	0	0.24898409843444824
64	1	1	4	64	0	0.25008392333984375
64	1	1	8	8	0	0.4621412754058838
64	1	1	8	16	0	0.43032145500183105
64	1	1	8	32	0	0.4173305034637451
64	1	1	8	64	0	0.4370584487915039
64	1	1	16	16	0	0.9677200317382812
64	1	1	16	32	0	0.9227700233459473
64	1	1	16	64	0	0.9132812023162842
64	1	1	32	32	0	2.8402583599090576
64	1	1	32	64	0	3.515258312225342
64	1	1	64	64	0	9.102136135101318
64	1	2	1	1	0	0.15188813209533691
64	1	2	1	2	0	0.15444207191467285
64	1	2	1	4	0	0.15807437896728516
64	1	2	1	8	0	0.15590715408325195
64	1	2	1	16	0	0.15978479385375977
64	1	2	1	32	0	0.16056227684020996
64	1	2	2	2	0	0.23336124420166016
64	1	2	2	4	0	0.20157170295715332
64	1	2	2	8	0	0.20002126693725586
64	1	2	2	16	0	0.19180870056152344
64	1	2	2	32	0	0.18846702575683594
64	1	2	4	4	0	0.2940361499786377
64	1	2	4	8	0	0.2488248348236084
64	1	2	4	16	0	0.2542572021484375
64	1	2	4	32	0	0.251814603805542
64	1	2	8	8	0	0.47282910346984863
64	1	2	8	16	0	0.4241948127746582
64	1	2	8	32	0	0.42549562454223633
64	1	2	16	16	0	0.9782164096832275
64	1	2	16	32	0	0.9209165573120117
64	1	2	32	32	0	2.736259937286377
64	1	4	1	1	0	0.15950393676757812
64	1	4	1	2	0	0.16054892539978027
64	1	4	1	4	0	0.1602799892425537
64	1	4	1	8	0	0.16068601608276367
64	1	4	2	2	0	0.2368621826171875
64	1	4	2	4	0	0.1966724395751953
64	1	4	2	8	0	0.19037795066833496
64	1	4	4	4	0	0.29543161392211914
64	1	4	4	8	0	0.2538304328918457
64	1	4	8	8	0	0.4733006954193115
64	1	8	1	1	0	0.15326523780822754
64	1	8	1	2	0	0.1600654125213623
64	1	8	1	4	0	0.15612244606018066
64	1	8	2	2	0	0.23481154441833496
64	1	8	2	4	0	0.19046378135681152
64	1	8	4	4	0	0.29767918586730957
64	2	1	1	1	0	0.1690976619720459
64	2	1	1	2	0	0.17948555946350098
64	2	1	1	4	0	0.17560672760009766
64	2	1	1	8	0	0.17619562149047852
64	2	1	1	16	0	0.1758108139038086
64	2	1	1	32	0	0.17609095573425293
64	2	1	1	64	0	0.17407679557800293
64	2	1	2	2	0	0.28899621963500977
64	2	1	2	4	0	0.2127847671508789
64	2	1	2	8	0	0.2047746181488037
64	2	1	2	16	0	0.21074914932250977
64	2	1	2	32	0	0.20480060577392578
64	2	1	2	64	0	0.21384072303771973
64	2	1	4	4	0	0.41478943824768066
64	2	1	4	8	0	0.3297743797302246
64	2	1	4	16	0	0.32797670364379883
64	2	1	4	32	0	0.33858609199523926
64	2	1	4	64	0	0.3372502326965332
64	2	1	8	8	0	0.6178855895996094
64	2	1	8	16	0	0.5397889614105225
64	2	1	8	32	0	0.5517826080322266
64	2	1	8	64	0	0.5256664752960205
64	2	1	16	16	0	1.1704301834106445
64	2	1	16	32	0	1.1572926044464111
64	2	1	16	64	0	1.1496939659118652
64	2	1	32	32	0	3.1733901500701904
64	2	1	32	64	0	3.10428786277771
64	2	1	64	64	0	11.098488569259644
64	2	2	1	1	0	0.17517423629760742
64	2	2	1	2	0	0.18237829208374023
64	2	2	1	4	0	0.17591476440429688
64	2	2	1	8	0	0.18213772773742676
64	2	2	1	16	0	0.17198443412780762
64	2	2	1	32	0	0.1752030849456787
64	2	2	2	2	0	0.29326462745666504
64	2	2	2	4	0	0.21281790733337402
64	2	2	2	8	0	0.21956658363342285
64	2	2	2	16	0	0.21644353866577148
64	2	2	2	32	0	0.21381258964538574
64	2	2	4	4	0	0.42133283615112305
64	2	2	4	8	0	0.3290433883666992
64	2	2	4	16	0	0.3716151714324951
64	2	2	4	32	0	0.3560314178466797
64	2	2	8	8	0	0.624955415725708
64	2	2	8	16	0	0.5572543144226074
64	2	2	8	32	0	0.5426774024963379
64	2	2	16	16	0	1.1905276775360107
64	2	2	16	32	0	1.1273384094238281
64	2	2	32	32	0	3.254948616027832
64	2	4	1	1	0	0.17148685455322266
64	2	4	1	2	0	0.17899370193481445
64	2	4	1	4	0	0.1723477840423584
64	2	4	1	8	0	0.17440342903137207
64	2	4	1	16	0	0.17654728889465332
64	2	4	2	2	0	0.28481030464172363
64	2	4	2	4	0	0.19934797286987305
64	2	4	2	8	0	0.2202591896057129
64	2	4	2	16	0	0.20659351348876953
64	2	4	4	4	0	0.42081499099731445
64	2	4	4	8	0	0.33562326431274414
64	2	4	4	16	0	0.33315229415893555
64	2	4	8	8	0	0.6323790550231934
64	2	4	8	16	0	0.556365966796875
64	2	4	16	16	0	1.2350702285766602
64	2	8	1	1	0	0.16716337203979492
64	2	8	1	2	0	0.17710375785827637
64	2	8	1	4	0	0.17597508430480957
64	2	8	2	2	0	0.29454588890075684
64	2	8	2	4	0	0.2138662338256836
64	2	8	4	4	0	0.4133636951446533
64	4	1	1	1	0	0.19716715812683105
64	4	1	1	2	0	0.20536041259765625
64	4	1	1	4	0	0.19859075546264648
64	4	1	1	8	0	0.20346307754516602
64	4	1	1	16	0	0.20215392112731934
64	4	1	1	32	0	0.20325469970703125
64	4	1	1	64	0	0.2041933536529541
64	4	1	2	2	0	0.36257410049438477
64	4	1	2	4	0	0.23991680145263672
64	4	1	2	8	0	0.23737597465515137
64	4	1	2	16	0	0.23706579208374023
64	4	1	2	32	0	0.24561834335327148
64	4	1	2	64	0	0.2531759738922119
64	4	1	4	4	0	0.5874991416931152
64	4	1	4	8	0	0.39552831649780273
64	4	1	4	16	0	0.4031188488006592
64	4	1	4	32	0	0.4028940200805664
64	4	1	4	64	0	0.39299607276916504
64	4	1	8	8	0	0.9877045154571533
64	4	1	8	16	0	0.8005564212799072
64	4	1	8	32	0	0.9624707698822021
64	4	1	8	64	0	0.7983367443084717
64	4	1	16	16	0	1.7791287899017334
64	4	1	16	32	0	1.6236789226531982
64	4	1	16	64	0	1.6528608798980713
64	4	1	32	32	0	4.8189377784729
64	4	1	32	64	0	4.352262258529663
64	4	1	64	64	0	16.071887016296387
64	4	2	1	1	0	0.19602179527282715
64	4	2	1	2	0	0.20654630661010742
64	4	2	1	4	0	0.20355653762817383
64	4	2	1	8	0	0.20323753356933594
64	4	2	1	16	0	0.2025613784790039
64	4	2	1	32	0	0.19793009757995605
64	4	2	2	2	0	0.37114477157592773
64	4	2	2	4	0	0.24713754653930664
64	4	2	2	8	0	0.24123930931091309
64	4	2	2	16	0	0.2435455322265625
64	4	2	2	32	0	0.24857783317565918
64	4	2	4	4	0	0.5685937404632568
64	4	2	4	8	0	0.4000236988067627
64	4	2	4	16	0	0.3960611820220947
64	4	2	4	32	0	0.41406917572021484
64	4	2	8	8	0	1.0310511589050293
64	4	2	8	16	0	0.9586169719696045
64	4	2	8	32	0	0.8300497531890869
64	4	2	16	16	0	1.7651586532592773
64	4	2	16	32	0	1.6488399505615234
64	4	2	32	32	0	4.965454339981079
64	4	4	1	1	0	0.19331932067871094
64	4	4	1	2	0	0.20322322845458984
64	4	4	1	4	0	0.2048652172088623
64	4	4	1	8	0	0.20628857612609863
64	4	4	1	16	0	0.20298433303833008
64	4	4	2	2	0	0.3756139278411865
64	4	4	2	4	0	0.2396683692932129
64	4	4	2	8	0	0.23523330688476562
64	4	4	2	16	0	0.24716520309448242
64	4	4	4	4	0	0.581118106842041
64	4	4	4	8	0	0.40344953536987305
64	4	4	4	16	0	0.38152384757995605
64	4	4	8	8	0	1.0125396251678467
64	4	4	8	16	0	0.8510205745697021
64	4	4	16	16	0	1.7974612712860107
64	4	8	1	1	0	0.20562005043029785
64	4	8	1	2	0	0.20552730560302734
64	4	8	1	4	0	0.20081663131713867
64	4	8	1	8	0	0.20547962188720703
64	4	8	2	2	0	0.3745870590209961
64	4	8	2	4	0	0.24339795112609863
64	4	8	2	8	0	0.2468404769897461
64	4	8	4	4	0	0.5615010261535645
64	4	8	4	8	0	0.3972008228302002
64	4	8	8	8	0	1.0142979621887207
64	8	1	1	1	0	0.24507927894592285
64	8	1	1	2	0	0.2658708095550537
64	8	1	1	4	0	0.2672302722930908
64	8	1	1	8	0	0.2665588855743408
64	8	1	1	16	0	0.262237548828125
64	8	1	1	32	0	0.2642018795013428
64	8	1	1	64	0	0.2611503601074219
64	8	1	2	2	0	0.4763004779815674
64	8	1	2	4	0	0.32248473167419434
64	8	1	2	8	0	0.3168981075286865
64	8	1	2	16	0	0.31519317626953125
64	8	1	2	32	0	0.3115041255950928
64	8	1	2	64	0	0.31078577041625977
64	8	1	4	4	0	0.8251252174377441
64	8	1	4	8	0	0.5185327529907227
64	8	1	4	16	0	0.5753452777862549
64	8	1	4	32	0	0.5426537990570068
64	8	1	4	64	0	0.568897008895874
64	8	1	8	8	0	1.7667243480682373
64	8	1	8	16	0	1.1971261501312256
64	8	1	8	32	0	1.1728935241699219
64	8	1	8	64	0	1.1770977973937988
64	8	1	16	16	0	4.2091968059539795
64	8	1	16	32	0	3.616393804550171
64	8	1	16	64	0	3.3543686866760254
64	8	1	32	32	0	8.662726402282715
64	8	1	32	64	0	8.536842823028564
64	8	1	64	64	0	35.532439947128296
64	8	2	1	1	0	0.24369311332702637
64	8	2	1	2	0	0.2623429298400879
64	8	2	1	4	0	0.2641894817352295
64	8	2	1	8	0	0.25681543350219727
64	8	2	1	16	0	0.2594277858734131
64	8	2	1	32	0	0.263202428817749
64	8	2	2	2	0	0.48241353034973145
64	8	2	2	4	0	0.323333740234375
64	8	2	2	8	0	0.3199422359466553
64	8	2	2	16	0	0.3161754608154297
64	8	2	2	32	0	0.31528520584106445
64	8	2	4	4	0	0.8648464679718018
64	8	2	4	8	0	0.5339305400848389
64	8	2	4	16	0	0.5284724235534668
64	8	2	4	32	0	0.5139453411102295
64	8	2	8	8	0	1.8264880180358887
64	8	2	8	16	0	1.158128261566162
64	8	2	8	32	0	1.116873025894165
64	8	2	16	16	0	4.255959510803223
64	8	2	16	32	0	4.327483415603638
64	8	2	32	32	0	9.984054803848267
64	8	4	1	1	0	0.24074172973632812
64	8	4	1	2	0	0.2650160789489746
64	8	4	1	4	0	0.2583150863647461
64	8	4	1	8	0	0.26438188552856445
64	8	4	1	16	0	0.25956201553344727
64	8	4	2	2	0	0.47413110733032227
64	8	4	2	4	0	0.3224806785583496
64	8	4	2	8	0	0.3203580379486084
64	8	4	2	16	0	0.32041120529174805
64	8	4	4	4	0	0.8303039073944092
64	8	4	4	8	0	0.5365753173828125
64	8	4	4	16	0	0.5344555377960205
64	8	4	8	8	0	1.7526111602783203
64	8	4	8	16	0	1.1291897296905518
64	8	4	16	16	0	4.3653974533081055
64	8	8	1	1	0	0.24797272682189941
64	8	8	1	2	0	0.25899696350097656
64	8	8	1	4	0	0.26053285598754883
64	8	8	1	8	0	0.26023292541503906
64	8	8	2	2	0	0.48363566398620605
64	8	8	2	4	0	0.32791662216186523
64	8	8	2	8	0	0.3182260990142822
64	8	8	4	4	0	0.8264725208282471
64	8	8	4	8	0	0.5371227264404297
64	8	8	8	8	0	2.0826900005340576
128	1	1	1	1	0	0.1556110382080078
128	1	1	1	2	0	0.16295886039733887
128	1	1	1	4	0	0.1592261791229248
128	1	1	1	8	0	0.16406655311584473
128	1	1	1	16	0	0.1591196060180664
128	1	1	1	32	0	0.16009211540222168
128	1	1	1	64	0	0.15743684768676758
128	1	1	1	128	0	0.16121816635131836
128	1	1	2	2	0	0.23594212532043457
128	1	1	2	4	0	0.1823585033416748
128	1	1	2	8	0	0.1919405460357666
128	1	1	2	16	0	0.1871480941772461
128	1	1	2	32	0	0.19037699699401855
128	1	1	2	64	0	0.1812610626220703
128	1	1	2	128	0	0.18817830085754395
128	1	1	4	4	0	0.30797839164733887
128	1	1	4	8	0	0.26894354820251465
128	1	1	4	16	0	0.2572932243347168
128	1	1	4	32	0	0.25177955627441406
128	1	1	4	64	0	0.25995755195617676
128	1	1	4	128	0	0.2557556629180908
128	1	1	8	8	0	0.47232890129089355
128	1	1	8	16	0	0.42986369132995605
128	1	1	8	32	0	0.4263439178466797
128	1	1	8	64	0	0.4281792640686035
128	1	1	8	128	0	0.4336526393890381
128	1	1	16	16	0	0.9919772148132324
128	1	1	16	32	0	0.9196867942810059
128	1	1	16	64	0	0.9879300594329834
128	1	1	16	128	0	0.9252490997314453
128	1	1	32	32	0	4.137417554855347
128	1	1	32	64	0	2.6794397830963135
128	1	1	32	128	0	3.24233341217041
128	1	1	64	64	0	9.33800721168518
128	1	1	64	128	0	9.396587371826172
128	1	1	128	128	0	46.7156400680542
128	1	2	1	1	0	0.1530625820159912
128	1	2	1	2	0	0.15306401252746582
128	1	2	1	4	0	0.15719866752624512
128	1	2	1	8	0	0.15549421310424805
128	1	2	1	16	0	0.15357255935668945
128	1	2	1	32	0	0.15784478187561035
128	1	2	1	64	0	0.1601850986480713
128	1	2	2	2	0	0.24205422401428223
128	1	2	2	4	0	0.18556475639343262
128	1	2	2	8	0	0.19194364547729492
128	1	2	2	16	0	0.185807466506958
128	1	2	2	32	0	0.19191527366638184
128	1	2	2	64	0	0.19787025451660156
128	1	2	4	4	0	0.2955906391143799
128	1	2	4	8	0	0.24740052223205566
128	1	2	4	16	0	0.2610630989074707
128	1	2	4	32	0	0.26552438735961914
128	1	2	4	64	0	0.2619335651397705
128	1	2	8	8	0	0.47915148735046387
128	1	2	8	16	0	0.4333984851837158
128	1	2	8	32	0	0.4307236671447754
128	1	2	8	64	0	0.4460890293121338
128	1	2	16	16	0	0.9908819198608398
128	1	2	16	32	0	0.9294748306274414
128	1	2	16	64	0	1.047485113143921
128	1	2	32	32	0	2.731705904006958
128	1	2	32	64	0	2.6989011764526367
128	1	2	64	64	0	9.117347955703735
128	1	4	1	1	0	0.15790200233459473
128	1	4	1	2	0	0.16183996200561523
128	1	4	1	4	0	0.16399717330932617
128	1	4	1	8	0	0.156524658203125
128	1	4	1	16	0	0.15697836875915527
128	1	4	2	2	0	0.23616623878479004
128	1	4	2	4	0	0.1882030963897705
128	1	4	2	8	0	0.1895895004272461
128	1	4	2	16	0	0.18886470794677734
128	1	4	4	4	0	0.305919885635376
128	1	4	4	8	0	0.26771116256713867
128	1	4	4	16	0	0.25496673583984375
128	1	4	8	8	0	0.4807150363922119
128	1	4	8	16	0	0.43116235733032227
128	1	4	16	16	0	0.9792768955230713
128	1	8	1	1	0	0.16153359413146973
128	1	8	1	2	0	0.16464686393737793
128	1	8	1	4	0	0.1606602668762207
128	1	8	1	8	0	0.1636359691619873
128	1	8	2	2	0	0.23886609077453613
128	1	8	2	4	0	0.19718599319458008
128	1	8	2	8	0	0.18900632858276367
128	1	8	4	4	0	0.30323171615600586
128	1	8	4	8	0	0.2693030834197998
128	1	8	8	8	0	0.4737229347229004
128	2	1	1	1	0	0.17290401458740234
128	2	1	1	2	0	0.18059921264648438
128	2	1	1	4	0	0.18315482139587402
128	2	1	1	8	0	0.17606234550476074
128	2	1	1	16	0	0.18004179000854492
128	2	1	1	32	0	0.17772746086120605
128	2	1	1	64	0	0.17494821548461914
128	2	1	1	128	0	0.17878437042236328
128	2	1	2	2	0	0.2881646156311035
128	2	1	2	4	0	0.2150249481201172
128	2	1	2	8	0	0.21413922309875488
128	2	1	2	16	0	0.20727849006652832
128	2	1	2	32	0	0.2131025791168213
128	2	1	2	64	0	0.21241188049316406
128	2	1	2	128	0	0.20992064476013184
128	2	1	4	4	0	0.4231529235839844
128	2	1	4	8	0	0.3216702938079834
128	2	1	4	16	0	0.33650970458984375
128	2	1	4	32	0	0.31747865676879883
128	2	1	4	64	0	0.32439589500427246
128	2	1	4	128	0	0.33402466773986816
128	2	1	8	8	0	0.6165399551391602
128	2	1	8	16	0	0.5460555553436279
128	2	1	8	32	0	0.5491125583648682
128	2	1	8	64	0	0.5507066249847412
128	2	1	8	128	0	0.5389199256896973
128	2	1	16	16	0	1.2311830520629883
128	2	1	16	32	0	1.1870629787445068
128	2	1	16	64	0	1.3414943218231201
128	2	1	16	128	0	1.1454615592956543
128	2	1	32	32	0	3.24855375289917
128	2	1	32	64	0	4.838809967041016
128	2	1	32	128	0	3.248382806777954
128	2	1	64	64	0	11.626906156539917
128	2	1	64	128	0	11.48013424873352
128	2	1	128	128	0	54.93219804763794
128	2	2	1	1	0	0.1835026741027832
128	2	2	1	2	0	0.17754006385803223
128	2	2	1	4	0	0.17720317840576172
128	2	2	1	8	0	0.17883944511413574
128	2	2	1	16	0	0.1788184642791748
128	2	2	1	32	0	0.17970919609069824
128	2	2	1	64	0	0.1808180809020996
128	2	2	2	2	0	0.2928931713104248
128	2	2	2	4	0	0.20697522163391113
128	2	2	2	8	0	0.21042871475219727
128	2	2	2	16	0	0.21497726440429688
128	2	2	2	32	0	0.21935367584228516
128	2	2	2	64	0	0.2152869701385498
128	2	2	4	4	0	0.4281423091888428
128	2	2	4	8	0	0.3383646011352539
128	2	2	4	16	0	0.33851099014282227
128	2	2	4	32	0	0.34849047660827637
128	2	2	4	64	0	0.34082961082458496
128	2	2	8	8	0	0.6195008754730225
128	2	2	8	16	0	0.5408773422241211
128	2	2	8	32	0	0.5409870147705078
128	2	2	8	64	0	0.55279541015625
128	2	2	16	16	0	1.230818748474121
128	2	2	16	32	0	1.1517260074615479
128	2	2	16	64	0	1.0852797031402588
128	2	2	32	32	0	3.5167171955108643
128	2	2	32	64	0	3.170642375946045
128	2	2	64	64	0	11.128954887390137
128	2	4	1	1	0	0.17459750175476074
128	2	4	1	2	0	0.1832437515258789
128	2	4	1	4	0	0.18016934394836426
128	2	4	1	8	0	0.17855525016784668
128	2	4	1	16	0	0.18293118476867676
128	2	4	1	32	0	0.18153095245361328
128	2	4	2	2	0	0.2978672981262207
128	2	4	2	4	0	0.22181272506713867
128	2	4	2	8	0	0.21470880508422852
128	2	4	2	16	0	0.21416687965393066
128	2	4	2	32	0	0.20886015892028809
128	2	4	4	4	0	0.41930079460144043
128	2	4	4	8	0	0.34504055976867676
128	2	4	4	16	0	0.33943867683410645
128	2	4	4	32	0	0.33401036262512207
128	2	4	8	8	0	0.6532368659973145
128	2	4	8	16	0	0.5566310882568359
128	2	4	8	32	0	0.546271800994873
128	2	4	16	16	0	1.2456552982330322
128	2	4	16	32	0	1.1349601745605469
128	2	4	32	32	0	3.938084125518799
128	2	8	1	1	0	0.17669129371643066
128	2	8	1	2	0	0.17379522323608398
128	2	8	1	4	0	0.18023109436035156
128	2	8	1	8	0	0.1777052879333496
128	2	8	2	2	0	0.2927999496459961
128	2	8	2	4	0	0.21250677108764648
128	2	8	2	8	0	0.22179722785949707
128	2	8	4	4	0	0.41851258277893066
128	2	8	4	8	0	0.3370018005371094
128	2	8	8	8	0	0.617922306060791
128	4	1	1	1	0	0.19927620887756348
128	4	1	1	2	0	0.20867252349853516
128	4	1	1	4	0	0.20280051231384277
128	4	1	1	8	0	0.2077631950378418
128	4	1	1	16	0	0.20522809028625488
128	4	1	1	32	0	0.20634841918945312
128	4	1	1	64	0	0.20318984985351562
128	4	1	1	128	0	0.20499920845031738
128	4	1	2	2	0	0.36800050735473633
128	4	1	2	4	0	0.2464122772216797
128	4	1	2	8	0	0.24336838722229004
128	4	1	2	16	0	0.24864935874938965
128	4	1	2	32	0	0.251629114151001
128	4	1	2	64	0	0.24802136421203613
128	4	1	2	128	0	0.24672365188598633
128	4	1	4	4	0	0.5743286609649658
128	4	1	4	8	0	0.4082036018371582
128	4	1	4	16	0	0.3908727169036865
128	4	1	4	32	0	0.4136049747467041
128	4	1	4	64	0	0.41359615325927734
128	4	1	4	128	0	0.4082672595977783
128	4	1	8	8	0	1.4188246726989746
128	4	1	8	16	0	0.8634450435638428
128	4	1	8	32	0	0.8302853107452393
128	4	1	8	64	0	0.8443574905395508
128	4	1	8	128	0	0.8333828449249268
128	4	1	16	16	0	1.872861385345459
128	4	1	16	32	0	1.6195573806762695
128	4	1	16	64	0	1.8085167407989502
128	4	1	16	128	0	1.9818193912506104
128	4	1	32	32	0	4.775737524032593
128	4	1	32	64	0	4.453961372375488
128	4	1	32	128	0	4.764626502990723
128	4	1	64	64	0	15.915382623672485
128	4	1	64	128	0	17.10755968093872
128	4	1	128	128	0	98.24939727783203
128	4	2	1	1	0	0.2103431224822998
128	4	2	1	2	0	0.21646833419799805
128	4	2	1	4	0	0.20929861068725586
128	4	2	1	8	0	0.20571589469909668
128	4	2	1	16	0	0.212202787399292
128	4	2	1	32	0	0.20700383186340332
128	4	2	1	64	0	0.2137446403503418
128	4	2	2	2	0	0.3885354995727539
128	4	2	2	4	0	0.2663874626159668
128	4	2	2	8	0	0.2714090347290039
128	4	2	2	16	0	0.2521016597747803
128	4	2	2	32	0	0.24431276321411133
128	4	2	2	64	0	0.25255823135375977
128	4	2	4	4	0	0.5941979885101318
128	4	2	4	8	0	0.39985060691833496
128	4	2	4	16	0	0.39835691452026367
128	4	2	4	32	0	0.4142646789550781
128	4	2	4	64	0	0.40862560272216797
128	4	2	8	8	0	1.099057912826538
128	4	2	8	16	0	0.8305373191833496
128	4	2	8	32	0	0.8087456226348877
128	4	2	8	64	0	0.8155710697174072
128	4	2	16	16	0	1.7891440391540527
128	4	2	16	32	0	1.6140751838684082
128	4	2	16	64	0	1.6743977069854736
128	4	2	32	32	0	4.697288990020752
128	4	2	32	64	0	4.396764039993286
128	4	2	64	64	0	15.579814434051514
128	4	4	1	1	0	0.2051088809967041
128	4	4	1	2	0	0.2030789852142334
128	4	4	1	4	0	0.1992480754852295
128	4	4	1	8	0	0.208296537399292
128	4	4	1	16	0	0.21385765075683594
128	4	4	1	32	0	0.21090340614318848
128	4	4	2	2	0	0.3818936347961426
128	4	4	2	4	0	0.24853301048278809
128	4	4	2	8	0	0.24405241012573242
128	4	4	2	16	0	0.24604225158691406
128	4	4	2	32	0	0.2484285831451416
128	4	4	4	4	0	0.5856192111968994
128	4	4	4	8	0	0.38871240615844727
128	4	4	4	16	0	0.3815004825592041
128	4	4	4	32	0	0.40572500228881836
128	4	4	8	8	0	1.0038526058197021
128	4	4	8	16	0	0.8222200870513916
128	4	4	8	32	0	0.8436784744262695
128	4	4	16	16	0	1.91744065284729
128	4	4	16	32	0	1.5766417980194092
128	4	4	32	32	0	4.637824058532715
128	4	8	1	1	0	0.19290494918823242
128	4	8	1	2	0	0.20261812210083008
128	4	8	1	4	0	0.20902633666992188
128	4	8	1	8	0	0.2002887725830078
128	4	8	1	16	0	0.20729970932006836
128	4	8	2	2	0	0.37868833541870117
128	4	8	2	4	0	0.24872326850891113
128	4	8	2	8	0	0.25054001808166504
128	4	8	2	16	0	0.24772882461547852
128	4	8	4	4	0	0.5731494426727295
128	4	8	4	8	0	0.38680458068847656
128	4	8	4	16	0	0.41147851943969727
128	4	8	8	8	0	1.0127437114715576
128	4	8	8	16	0	0.8127808570861816
128	4	8	16	16	0	1.8644180297851562
128	8	1	1	1	0	0.24741148948669434
128	8	1	1	2	0	0.25975513458251953
128	8	1	1	4	0	0.26459550857543945
128	8	1	1	8	0	0.2674264907836914
128	8	1	1	16	0	0.2652709484100342
128	8	1	1	32	0	0.2704164981842041
128	8	1	1	64	0	0.26362037658691406
128	8	1	1	128	0	0.267472505569458
128	8	1	2	2	0	0.47058963775634766
128	8	1	2	4	0	0.3270454406738281
128	8	1	2	8	0	0.32805752754211426
128	8	1	2	16	0	0.3236069679260254
128	8	1	2	32	0	0.31500935554504395
128	8	1	2	64	0	0.3275716304779053
128	8	1	2	128	0	0.323760986328125
128	8	1	4	4	0	0.8540987968444824
128	8	1	4	8	0	0.5432994365692139
128	8	1	4	16	0	0.5307633876800537
128	8	1	4	32	0	0.5291376113891602
128	8	1	4	64	0	0.5142796039581299
128	8	1	4	128	0	0.5164144039154053
128	8	1	8	8	0	1.8220915794372559
128	8	1	8	16	0	1.108961582183838
128	8	1	8	32	0	1.4147758483886719
128	8	1	8	64	0	1.1363182067871094
128	8	1	8	128	0	1.1393208503723145
128	8	1	16	16	0	4.094189882278442
128	8	1	16	32	0	3.7233774662017822
128	8	1	16	64	0	3.7099320888519287
128	8	1	16	128	0	4.309292793273926
128	8	1	32	32	0	9.615946531295776
128	8	1	32	64	0	9.310661554336548
128	8	1	32	128	0	8.514294862747192
128	8	1	64	64	0	36.220452547073364
128	8	1	64	128	0	34.662675857543945
128	8	1	128	128	0	210.72969508171082
128	8	2	1	1	0	0.25213027000427246
128	8	2	1	2	0	0.26819705963134766
128	8	2	1	4	0	0.2652876377105713
128	8	2	1	8	0	0.2707688808441162
128	8	2	1	16	0	0.26808977127075195
128	8	2	1	32	0	0.2674903869628906
128	8	2	1	64	0	0.2743058204650879
128	8	2	2	2	0	0.4942784309387207
128	8	2	2	4	0	0.33033108711242676
128	8	2	2	8	0	0.3198678493499756
128	8	2	2	16	0	0.33121657371520996
128	8	2	2	32	0	0.33002495765686035
128	8	2	2	64	0	0.33098912239074707
128	8	2	4	4	0	0.858027458190918
128	8	2	4	8	0	0.529728889465332
128	8	2	4	16	0	0.5357234477996826
128	8	2	4	32	0	0.5446579456329346
128	8	2	4	64	0	0.5375449657440186
128	8	2	8	8	0	1.861912488937378
128	8	2	8	16	0	1.1292381286621094
128	8	2	8	32	0	1.2747199535369873
128	8	2	8	64	0	1.115818738937378
128	8	2	16	16	0	4.408846378326416
128	8	2	16	32	0	3.5470941066741943
128	8	2	16	64	0	3.719247341156006
128	8	2	32	32	0	9.594336986541748
128	8	2	32	64	0	8.468358516693115
128	8	2	64	64	0	42.179951667785645
128	8	4	1	1	0	0.2612295150756836
128	8	4	1	2	0	0.27263426780700684
128	8	4	1	4	0	0.26564478874206543
128	8	4	1	8	0	0.26222872734069824
128	8	4	1	16	0	0.2617366313934326
128	8	4	1	32	0	0.2684168815612793
128	8	4	2	2	0	0.4878499507904053
128	8	4	2	4	0	0.33094072341918945
128	8	4	2	8	0	0.32109880447387695
128	8	4	2	16	0	0.3250257968902588
128	8	4	2	32	0	0.32387328147888184
128	8	4	4	4	0	0.8356916904449463
128	8	4	4	8	0	0.5322291851043701
128	8	4	4	16	0	0.538337230682373
128	8	4	4	32	0	0.5149600505828857
128	8	4	8	8	0	1.7454438209533691
128	8	4	8	16	0	1.1449928283691406
128	8	4	8	32	0	1.1421177387237549
128	8	4	16	16	0	4.476282596588135
128	8	4	16	32	0	3.9384591579437256
128	8	4	32	32	0	10.027971982955933
128	8	8	1	1	0	0.24891948699951172
128	8	8	1	2	0	0.26546454429626465
128	8	8	1	4	0	0.2678043842315674
128	8	8	1	8	0	0.26874685287475586
128	8	8	1	16	0	0.26019859313964844
128	8	8	2	2	0	0.4815199375152588
128	8	8	2	4	0	0.327007532119751
128	8	8	2	8	0	0.32263731956481934
128	8	8	2	16	0	0.32346296310424805
128	8	8	4	4	0	0.8657503128051758
128	8	8	4	8	0	0.5604853630065918
128	8	8	4	16	0	0.5483067035675049
128	8	8	8	8	0	1.675520658493042
128	8	8	8	16	0	1.2124278545379639
128	8	8	16	16	0	5.389072418212891
256	1	1	1	1	0	0.16492462158203125
256	1	1	1	2	0	0.16313624382019043
256	1	1	1	4	0	0.159423828125
256	1	1	1	8	0	0.16204142570495605
256	1	1	1	16	0	0.1604301929473877
256	1	1	1	32	0	0.15934348106384277
256	1	1	1	64	0	0.17392301559448242
256	1	1	1	128	0	0.16387224197387695
256	1	1	1	256	0	0.16756939888000488
256	1	1	2	2	0	0.23989272117614746
256	1	1	2	4	0	0.19036245346069336
256	1	1	2	8	0	0.1941983699798584
256	1	1	2	16	0	0.19230914115905762
256	1	1	2	32	0	0.18967914581298828
256	1	1	2	64	0	0.19341754913330078
256	1	1	2	128	0	0.18939685821533203
256	1	1	2	256	0	0.18295502662658691
256	1	1	4	4	0	0.3093547821044922
256	1	1	4	8	0	0.2531452178955078
256	1	1	4	16	0	0.2628188133239746
256	1	1	4	32	0	0.2540144920349121
256	1	1	4	64	0	0.2571735382080078
256	1	1	4	128	0	0.26509785652160645
256	1	1	4	256	0	0.2660493850708008
256	1	1	8	8	0	0.5007781982421875
256	1	1	8	16	0	0.4577186107635498
256	1	1	8	32	0	0.4288942813873291
256	1	1	8	64	0	0.43634963035583496
256	1	1	8	128	0	0.4197204113006592
256	1	1	8	256	0	0.4284348487854004
256	1	1	16	16	0	0.9650964736938477
256	1	1	16	32	0	0.9158515930175781
256	1	1	16	64	0	0.9251503944396973
256	1	1	16	128	0	0.9338340759277344
256	1	1	16	256	0	0.9828803539276123
256	1	1	32	32	0	2.762413501739502
256	1	1	32	64	0	2.7174503803253174
256	1	1	32	128	0	2.6742022037506104
256	1	1	32	256	0	2.696925163269043
256	1	1	64	64	0	9.187000513076782
256	1	1	64	128	0	9.658498764038086
256	1	1	64	256	0	9.46656322479248
256	1	1	128	128	0	43.189252853393555
256	1	1	128	256	0	40.711615562438965
256	1	1	256	256	0	372.2466378211975
256	1	2	1	1	0	0.1630077362060547
256	1	2	1	2	0	0.16191554069519043
256	1	2	1	4	0	0.17265939712524414
256	1	2	1	8	0	0.166395902633667
256	1	2	1	16	0	0.17492222785949707
256	1	2	1	32	0	0.17525577545166016
256	1	2	1	64	0	0.16680145263671875
256	1	2	1	128	0	0.16495037078857422
256	1	2	2	2	0	0.24464654922485352
256	1	2	2	4	0	0.19950485229492188
256	1	2	2	8	0	0.1983332633972168
256	1	2	2	16	0	0.19670534133911133
256	1	2	2	32	0	0.19476747512817383
256	1	2	2	64	0	0.20498085021972656
256	1	2	2	128	0	0.20247650146484375
256	1	2	4	4	0	0.32575488090515137
256	1	2	4	8	0	0.27629661560058594
256	1	2	4	16	0	0.2697467803955078
256	1	2	4	32	0	0.26401352882385254
256	1	2	4	64	0	0.26891326904296875
256	1	2	4	128	0	0.271254301071167
256	1	2	8	8	0	0.5094287395477295
256	1	2	8	16	0	0.4413292407989502
256	1	2	8	32	0	0.4380638599395752
256	1	2	8	64	0	0.46711206436157227
256	1	2	8	128	0	0.43898487091064453
256	1	2	16	16	0	0.9855647087097168
256	1	2	16	32	0	0.9712977409362793
256	1	2	16	64	0	0.9352250099182129
256	1	2	16	128	0	0.9666233062744141
256	1	2	32	32	0	3.192779064178467
256	1	2	32	64	0	3.0778968334198
256	1	2	32	128	0	2.83752179145813
256	1	2	64	64	0	9.949415922164917
256	1	2	64	128	0	9.958317279815674
256	1	2	128	128	0	44.17815065383911
256	1	4	1	1	0	0.16249537467956543
256	1	4	1	2	0	0.1624295711517334
256	1	4	1	4	0	0.15902066230773926
256	1	4	1	8	0	0.16051650047302246
256	1	4	1	16	0	0.1597902774810791
256	1	4	1	32	0	0.1711103916168213
256	1	4	2	2	0	0.2423725128173828
256	1	4	2	4	0	0.20011281967163086
256	1	4	2	8	0	0.19972443580627441
256	1	4	2	16	0	0.19782614707946777
256	1	4	2	32	0	0.20105814933776855
256	1	4	4	4	0	0.31479597091674805
256	1	4	4	8	0	0.26418638229370117
256	1	4	4	16	0	0.2786238193511963
256	1	4	4	32	0	0.2684755325317383
256	1	4	8	8	0	0.4943103790283203
256	1	4	8	16	0	0.4399693012237549
256	1	4	8	32	0	0.44772791862487793
256	1	4	16	16	0	0.9911937713623047
256	1	4	16	32	0	0.9624543190002441
256	1	4	32	32	0	2.782754898071289
256	1	8	1	1	0	0.16346096992492676
256	1	8	1	2	0	0.1733241081237793
256	1	8	1	4	0	0.17070579528808594
256	1	8	1	8	0	0.16921734809875488
256	1	8	1	16	0	0.1689615249633789
256	1	8	2	2	0	0.24388670921325684
256	1	8	2	4	0	0.19689273834228516
256	1	8	2	8	0	0.19494295120239258
256	1	8	2	16	0	0.20418500900268555
256	1	8	4	4	0	0.31831955909729004
256	1	8	4	8	0	0.25853943824768066
256	1	8	4	16	0	0.2644777297973633
256	1	8	8	8	0	0.48120903968811035
256	1	8	8	16	0	0.43810033798217773
256	1	8	16	16	0	0.9995157718658447
256	2	1	1	1	0	0.17194652557373047
256	2	1	1	2	0	0.18699240684509277
256	2	1	1	4	0	0.18251466751098633
256	2	1	1	8	0	0.18534564971923828
256	2	1	1	16	0	0.18592262268066406
256	2	1	1	32	0	0.195023775100708
256	2	1	1	64	0	0.19131255149841309
256	2	1	1	128	0	0.18882036209106445
256	2	1	1	256	0	0.18750214576721191
256	2	1	2	2	0	0.3052048683166504
256	2	1	2	4	0	0.2246561050415039
256	2	1	2	8	0	0.21349883079528809
256	2	1	2	16	0	0.2215261459350586
256	2	1	2	32	0	0.2208404541015625
256	2	1	2	64	0	0.22029685974121094
256	2	1	2	128	0	0.21428489685058594
256	2	1	2	256	0	0.21780610084533691
256	2	1	4	4	0	0.426663875579834
256	2	1	4	8	0	0.34809446334838867
256	2	1	4	16	0	0.338733434677124
256	2	1	4	32	0	0.34844970703125
256	2	1	4	64	0	0.3507540225982666
256	2	1	4	128	0	0.35013628005981445
256	2	1	4	256	0	0.3566322326660156
256	2	1	8	8	0	0.6617717742919922
256	2	1	8	16	0	0.5754103660583496
256	2	1	8	32	0	0.5567543506622314
256	2	1	8	64	0	0.5537369251251221
256	2	1	8	128	0	0.5572240352630615
256	2	1	8	256	0	0.5622594356536865
256	2	1	16	16	0	1.296419620513916
256	2	1	16	32	0	1.2330152988433838
256	2	1	16	64	0	1.160991907119751
256	2	1	16	128	0	1.171384334564209
256	2	1	16	256	0	1.1668851375579834
256	2	1	32	32	0	3.3480277061462402
256	2	1	32	64	0	3.175745725631714
256	2	1	32	128	0	3.7384588718414307
256	2	1	32	256	0	3.400731325149536
256	2	1	64	64	0	11.724328756332397
256	2	1	64	128	0	11.843850135803223
256	2	1	64	256	0	11.040429592132568
256	2	1	128	128	0	57.63089656829834
256	2	1	128	256	0	54.62191104888916
256	2	1	256	256	0	507.6734719276428
256	2	2	1	1	0	0.18992137908935547
256	2	2	1	2	0	0.18702054023742676
256	2	2	1	4	0	0.19146370887756348
256	2	2	1	8	0	0.19026494026184082
256	2	2	1	16	0	0.19265222549438477
256	2	2	1	32	0	0.19138264656066895
256	2	2	1	64	0	0.1867048740386963
256	2	2	1	128	0	0.18463921546936035
256	2	2	2	2	0	0.300886869430542
256	2	2	2	4	0	0.2249469757080078
256	2	2	2	8	0	0.2270958423614502
256	2	2	2	16	0	0.21520471572875977
256	2	2	2	32	0	0.2165699005126953
256	2	2	2	64	0	0.2212514877319336
256	2	2	2	128	0	0.22043871879577637
256	2	2	4	4	0	0.4250223636627197
256	2	2	4	8	0	0.3304018974304199
256	2	2	4	16	0	0.3349039554595947
256	2	2	4	32	0	0.33615732192993164
256	2	2	4	64	0	0.34924793243408203
256	2	2	4	128	0	0.33995580673217773
256	2	2	8	8	0	0.6575522422790527
256	2	2	8	16	0	0.5715405941009521
256	2	2	8	32	0	0.5771129131317139
256	2	2	8	64	0	0.5776371955871582
256	2	2	8	128	0	0.5660731792449951
256	2	2	16	16	0	1.2707653045654297
256	2	2	16	32	0	1.204742431640625
256	2	2	16	64	0	1.1612181663513184
256	2	2	16	128	0	1.1246490478515625
256	2	2	32	32	0	3.2459213733673096
256	2	2	32	64	0	3.388319253921509
256	2	2	32	128	0	3.2730865478515625
256	2	2	64	64	0	11.887557029724121
256	2	2	64	128	0	11.825949430465698
256	2	2	128	128	0	57.23808765411377
256	2	4	1	1	0	0.184370756149292
256	2	4	1	2	0	0.18478918075561523
256	2	4	1	4	0	0.1865236759185791
256	2	4	1	8	0	0.17914414405822754
256	2	4	1	16	0	0.18203258514404297
256	2	4	1	32	0	0.1873013973236084
256	2	4	1	64	0	0.1840989589691162
256	2	4	2	2	0	0.29461145401000977
256	2	4	2	4	0	0.21986794471740723
256	2	4	2	8	0	0.21833372116088867
256	2	4	2	16	0	0.2169504165649414
256	2	4	2	32	0	0.21422958374023438
256	2	4	2	64	0	0.22232508659362793
256	2	4	4	4	0	0.41394925117492676
256	2	4	4	8	0	0.33574533462524414
256	2	4	4	16	0	0.33361124992370605
256	2	4	4	32	0	0.3390932083129883
256	2	4	4	64	0	0.3393869400024414
256	2	4	8	8	0	0.5979459285736084
256	2	4	8	16	0	0.5470242500305176
256	2	4	8	32	0	0.5458776950836182
256	2	4	8	64	0	0.551640510559082
256	2	4	16	16	0	1.3819801807403564
256	2	4	16	32	0	1.144526481628418
256	2	4	16	64	0	1.1225223541259766
256	2	4	32	32	0	3.4570741653442383
256	2	4	32	64	0	3.29365873336792
256	2	4	64	64	0	12.023993015289307
256	2	8	1	1	0	0.1860976219177246
256	2	8	1	2	0	0.1803886890411377
256	2	8	1	4	0	0.1837015151977539
256	2	8	1	8	0	0.18402791023254395
256	2	8	1	16	0	0.18466734886169434
256	2	8	2	2	0	0.29503893852233887
256	2	8	2	4	0	0.2152724266052246
256	2	8	2	8	0	0.20791125297546387
256	2	8	2	16	0	0.21552324295043945
256	2	8	4	4	0	0.4336230754852295
256	2	8	4	8	0	0.3416123390197754
256	2	8	4	16	0	0.33223652839660645
256	2	8	8	8	0	0.6390881538391113
256	2	8	8	16	0	0.5145409107208252
256	2	8	16	16	0	1.201984167098999
256	4	1	1	1	0	0.20703339576721191
256	4	1	1	2	0	0.21807050704956055
256	4	1	1	4	0	0.22394013404846191
256	4	1	1	8	0	0.220550537109375
256	4	1	1	16	0	0.2260434627532959
256	4	1	1	32	0	0.2136533260345459
256	4	1	1	64	0	0.21609067916870117
256	4	1	1	128	0	0.2236323356628418
256	4	1	1	256	0	0.215773344039917
256	4	1	2	2	0	0.3912520408630371
256	4	1	2	4	0	0.2675292491912842
256	4	1	2	8	0	0.2600424289703369
256	4	1	2	16	0	0.2594449520111084
256	4	1	2	32	0	0.2638058662414551
256	4	1	2	64	0	0.25406813621520996
256	4	1	2	128	0	0.2595970630645752
256	4	1	2	256	0	0.2556483745574951
256	4	1	4	4	0	0.5916430950164795
256	4	1	4	8	0	0.4845695495605469
256	4	1	4	16	0	0.410980224609375
256	4	1	4	32	0	0.3984105587005615
256	4	1	4	64	0	0.3893852233886719
256	4	1	4	128	0	0.40616393089294434
256	4	1	4	256	0	0.40656089782714844
256	4	1	8	8	0	1.0574417114257812
256	4	1	8	16	0	0.9722244739532471
256	4	1	8	32	0	0.8313183784484863
256	4	1	8	64	0	0.9160685539245605
256	4	1	8	128	0	0.9183487892150879
256	4	1	8	256	0	0.8281073570251465
256	4	1	16	16	0	1.9502286911010742
256	4	1	16	32	0	1.6360116004943848
256	4	1	16	64	0	1.915710687637329
256	4	1	16	128	0	1.645467758178711
256	4	1	16	256	0	1.6918375492095947
256	4	1	32	32	0	5.067207336425781
256	4	1	32	64	0	5.3105549812316895
256	4	1	32	128	0	4.523357629776001
256	4	1	32	256	0	4.61600661277771
256	4	1	64	64	0	17.829415559768677
256	4	1	64	128	0	16.525919675827026
256	4	1	64	256	0	16.48676371574402
256	4	1	128	128	0	96.62178754806519
256	4	1	128	256	0	96.4137372970581
256	4	1	256	256	0	967.0113372802734
256	4	2	1	1	0	0.21719908714294434
256	4	2	1	2	0	0.21922087669372559
256	4	2	1	4	0	0.21606945991516113
256	4	2	1	8	0	0.21982669830322266
256	4	2	1	16	0	0.22061967849731445
256	4	2	1	32	0	0.21508526802062988
256	4	2	1	64	0	0.22693967819213867
256	4	2	1	128	0	0.22105646133422852
256	4	2	2	2	0	0.3977799415588379
256	4	2	2	4	0	0.2547492980957031
256	4	2	2	8	0	0.2575502395629883
256	4	2	2	16	0	0.26114988327026367
256	4	2	2	32	0	0.2548236846923828
256	4	2	2	64	0	0.25908541679382324
256	4	2	2	128	0	0.2618565559387207
256	4	2	4	4	0	0.5954680442810059
256	4	2	4	8	0	0.41570329666137695
256	4	2	4	16	0	0.42551302909851074
256	4	2	4	32	0	0.4158499240875244
256	4	2	4	64	0	0.43181538581848145
256	4	2	4	128	0	0.42934393882751465
256	4	2	8	8	0	1.0262727737426758
256	4	2	8	16	0	1.1320009231567383
256	4	2	8	32	0	0.843902587890625
256	4	2	8	64	0	0.8532156944274902
256	4	2	8	128	0	0.8575179576873779
256	4	2	16	16	0	1.9046831130981445
256	4	2	16	32	0	1.738074779510498
256	4	2	16	64	0	1.7116196155548096
256	4	2	16	128	0	1.7950937747955322
256	4	2	32	32	0	4.695072889328003
256	4	2	32	64	0	4.317803859710693
256	4	2	32	128	0	4.575807332992554
256	4	2	64	64	0	16.784959077835083
256	4	2	64	128	0	16.800772190093994
256	4	2	128	128	0	97.82537603378296
256	4	4	1	1	0	0.21179556846618652
256	4	4	1	2	0	0.21364474296569824
256	4	4	1	4	0	0.21176362037658691
256	4	4	1	8	0	0.21128392219543457
256	4	4	1	16	0	0.20683073997497559
256	4	4	1	32	0	0.21029305458068848
256	4	4	1	64	0	0.2076709270477295
256	4	4	2	2	0	0.3801908493041992
256	4	4	2	4	0	0.24674344062805176
256	4	4	2	8	0	0.25632214546203613
256	4	4	2	16	0	0.25525927543640137
256	4	4	2	32	0	0.259035587310791
256	4	4	2	64	0	0.25449538230895996
256	4	4	4	4	0	0.5945141315460205
256	4	4	4	8	0	0.40329575538635254
256	4	4	4	16	0	0.405148983001709
256	4	4	4	32	0	0.4134786128997803
256	4	4	4	64	0	0.4077036380767822
256	4	4	8	8	0	1.1149680614471436
256	4	4	8	16	0	0.9411187171936035
256	4	4	8	32	0	0.972381591796875
256	4	4	8	64	0	0.8678848743438721
256	4	4	16	16	0	1.8656306266784668
256	4	4	16	32	0	1.9265737533569336
256	4	4	16	64	0	1.785949468612671
256	4	4	32	32	0	4.6503005027771
256	4	4	32	64	0	4.838903188705444
256	4	4	64	64	0	18.571160316467285
256	4	8	1	1	0	0.20615077018737793
256	4	8	1	2	0	0.21363282203674316
256	4	8	1	4	0	0.21063446998596191
256	4	8	1	8	0	0.21588349342346191
256	4	8	1	16	0	0.20714879035949707
256	4	8	1	32	0	0.21898150444030762
256	4	8	2	2	0	0.4022023677825928
256	4	8	2	4	0	0.25641489028930664
256	4	8	2	8	0	0.26580357551574707
256	4	8	2	16	0	0.25616002082824707
256	4	8	2	32	0	0.26520633697509766
256	4	8	4	4	0	0.591210126876831
256	4	8	4	8	0	0.4339325428009033
256	4	8	4	16	0	0.40533971786499023
256	4	8	4	32	0	0.4111309051513672
256	4	8	8	8	0	1.0453860759735107
256	4	8	8	16	0	0.8739080429077148
256	4	8	8	32	0	1.241368055343628
256	4	8	16	16	0	1.8941292762756348
256	4	8	16	32	0	1.6008431911468506
256	4	8	32	32	0	5.0522987842559814
256	8	1	1	1	0	0.2493746280670166
256	8	1	1	2	0	0.2725505828857422
256	8	1	1	4	0	0.270458459854126
256	8	1	1	8	0	0.27147650718688965
256	8	1	1	16	0	0.2702333927154541
256	8	1	1	32	0	0.272998571395874
256	8	1	1	64	0	0.2780895233154297
256	8	1	1	128	0	0.2741830348968506
256	8	1	1	256	0	0.28314757347106934
256	8	1	2	2	0	0.5166540145874023
256	8	1	2	4	0	0.3445405960083008
256	8	1	2	8	0	0.3444643020629883
256	8	1	2	16	0	0.34673357009887695
256	8	1	2	32	0	0.3336496353149414
256	8	1	2	64	0	0.3337690830230713
256	8	1	2	128	0	0.3327326774597168
256	8	1	2	256	0	0.3251011371612549
256	8	1	4	4	0	0.8915646076202393
256	8	1	4	8	0	0.5689334869384766
256	8	1	4	16	0	0.5327944755554199
256	8	1	4	32	0	0.5507688522338867
256	8	1	4	64	0	0.5308394432067871
256	8	1	4	128	0	0.5404877662658691
256	8	1	4	256	0	0.5319423675537109
256	8	1	8	8	0	1.9096078872680664
256	8	1	8	16	0	1.2960317134857178
256	8	1	8	32	0	1.5578432083129883
256	8	1	8	64	0	1.4648754596710205
256	8	1	8	128	0	1.6790111064910889
256	8	1	8	256	0	1.2161126136779785
256	8	1	16	16	0	4.2745444774627686
256	8	1	16	32	0	3.797847032546997
256	8	1	16	64	0	3.529798984527588
256	8	1	16	128	0	3.899449586868286
256	8	1	16	256	0	3.8223416805267334
256	8	1	32	32	0	10.270327091217041
256	8	1	32	64	0	9.495359182357788
256	8	1	32	128	0	9.188553094863892
256	8	1	32	256	0	9.312237739562988
256	8	1	64	64	0	34.108192443847656
256	8	1	64	128	0	34.61018395423889
256	8	1	64	256	0	35.06769895553589
256	8	1	128	128	0	239.3078842163086
256	8	1	128	256	0	220.43678379058838
256	8	1	256	256	0	1728.4117608070374
256	8	2	1	1	0	0.27045202255249023
256	8	2	1	2	0	0.2781054973602295
256	8	2	1	4	0	0.27769899368286133
256	8	2	1	8	0	0.28442907333374023
256	8	2	1	16	0	0.27782320976257324
256	8	2	1	32	0	0.2715301513671875
256	8	2	1	64	0	0.2745821475982666
256	8	2	1	128	0	0.2707037925720215
256	8	2	2	2	0	0.507601261138916
256	8	2	2	4	0	0.3362233638763428
256	8	2	2	8	0	0.3317711353302002
256	8	2	2	16	0	0.332791805267334
256	8	2	2	32	0	0.3449273109436035
256	8	2	2	64	0	0.3502378463745117
256	8	2	2	128	0	0.3551657199859619
256	8	2	4	4	0	0.9243197441101074
256	8	2	4	8	0	0.5478746891021729
256	8	2	4	16	0	0.5317106246948242
256	8	2	4	32	0	0.5492098331451416
256	8	2	4	64	0	0.5173978805541992
256	8	2	4	128	0	0.5443205833435059
256	8	2	8	8	0	2.0437841415405273
256	8	2	8	16	0	1.2232677936553955
256	8	2	8	32	0	1.138096809387207
256	8	2	8	64	0	1.1708526611328125
256	8	2	8	128	0	1.2323739528656006
256	8	2	16	16	0	4.032490015029907
256	8	2	16	32	0	3.71396803855896
256	8	2	16	64	0	3.757546901702881
256	8	2	16	128	0	4.095996856689453
256	8	2	32	32	0	9.527880668640137
256	8	2	32	64	0	10.046373128890991
256	8	2	32	128	0	9.234914541244507
256	8	2	64	64	0	36.01832938194275
256	8	2	64	128	0	37.444913148880005
256	8	2	128	128	0	219.073068857193
256	8	4	1	1	0	0.26760435104370117
256	8	4	1	2	0	0.2748262882232666
256	8	4	1	4	0	0.27487659454345703
256	8	4	1	8	0	0.27419495582580566
256	8	4	1	16	0	0.276932954788208
256	8	4	1	32	0	0.2714219093322754
256	8	4	1	64	0	0.27188754081726074
256	8	4	2	2	0	0.49930477142333984
256	8	4	2	4	0	0.3237943649291992
256	8	4	2	8	0	0.3323981761932373
256	8	4	2	16	0	0.3390977382659912
256	8	4	2	32	0	0.3357808589935303
256	8	4	2	64	0	0.32546043395996094
256	8	4	4	4	0	0.8702998161315918
256	8	4	4	8	0	0.5586705207824707
256	8	4	4	16	0	0.5582196712493896
256	8	4	4	32	0	0.5366499423980713
256	8	4	4	64	0	0.5320582389831543
256	8	4	8	8	0	1.7068493366241455
256	8	4	8	16	0	1.2658538818359375
256	8	4	8	32	0	1.2070140838623047
256	8	4	8	64	0	1.240427017211914
256	8	4	16	16	0	5.23971700668335
256	8	4	16	32	0	4.387157201766968
256	8	4	16	64	0	4.101906061172485
256	8	4	32	32	0	10.860481023788452
256	8	4	32	64	0	9.349743604660034
256	8	4	64	64	0	37.008612871170044
256	8	8	1	1	0	0.2651479244232178
256	8	8	1	2	0	0.2758924961090088
256	8	8	1	4	0	0.27736473083496094
256	8	8	1	8	0	0.27022695541381836
256	8	8	1	16	0	0.2721877098083496
256	8	8	1	32	0	0.2697112560272217
256	8	8	2	2	0	0.5079669952392578
256	8	8	2	4	0	0.3363616466522217
256	8	8	2	8	0	0.3273501396179199
256	8	8	2	16	0	0.3329637050628662
256	8	8	2	32	0	0.321901798248291
256	8	8	4	4	0	0.8701746463775635
256	8	8	4	8	0	0.533576250076294
256	8	8	4	16	0	0.5541000366210938
256	8	8	4	32	0	0.54697585105896
256	8	8	8	8	0	1.8363699913024902
256	8	8	8	16	0	1.3342385292053223
256	8	8	8	32	0	1.2089874744415283
256	8	8	16	16	0	4.518096208572388
256	8	8	16	32	0	4.1254448890686035
256	8	8	32	32	0	10.720686912536621
