64000 1000 1000 1 1 4 0.000389009
64000 1000 1000 1 2 6 0.000500182
64000 1000 1000 1 4 10 0.000830315
64000 1000 1000 1 8 18 0.00143693
64000 1000 1000 1 16 34 0.00263402
64000 1000 1000 1 32 67 0.0052354
64000 1000 1000 1 64 130 0.00990806
64000 1000 1000 2 2 8 0.000736341
64000 1000 1000 2 4 12 0.00099244
64000 1000 1000 2 8 20 0.0015675
64000 1000 1000 2 16 36 0.00278811
64000 1000 1000 2 32 70 0.00534137
64000 1000 1000 2 64 134 0.0102547
64000 1000 1000 4 4 16 0.00123993
64000 1000 1000 4 8 24 0.00190748
64000 1000 1000 4 16 40 0.00314603
64000 1000 1000 4 32 74 0.00563627
64000 1000 1000 4 64 138 0.0105719
64000 1000 1000 8 8 32 0.00252066
64000 1000 1000 8 16 48 0.00379894
64000 1000 1000 8 32 82 0.00632105
64000 1000 1000 8 64 146 0.0112673
64000 1000 1000 16 16 64 0.00498204
64000 1000 1000 16 32 98 0.00759982
64000 1000 1000 16 64 162 0.0126512
64000 1000 1000 32 32 132 0.0108243
64000 1000 1000 32 64 195 0.0160063
64000 1000 1000 64 64 131 0.0104596
64000 1000 2000 1 1 4 0.000369565
64000 1000 2000 1 2 6 0.000506223
64000 1000 2000 1 4 10 0.000806897
64000 1000 2000 1 8 18 0.00139566
64000 1000 2000 1 16 34 0.00263874
64000 1000 2000 1 32 68 0.00528508
64000 1000 2000 2 2 8 0.000655328
64000 1000 2000 2 4 12 0.000977374
64000 1000 2000 2 8 20 0.00155964
64000 1000 2000 2 16 36 0.00282078
64000 1000 2000 2 32 70 0.00534043
64000 1000 2000 4 4 16 0.00132939
64000 1000 2000 4 8 24 0.00193723
64000 1000 2000 4 16 40 0.00317031
64000 1000 2000 4 32 74 0.00577175
64000 1000 2000 8 8 32 0.0025127
64000 1000 2000 8 16 48 0.00375371
64000 1000 2000 8 32 82 0.00627049
64000 1000 2000 16 16 64 0.00500698
64000 1000 2000 16 32 98 0.00769916
64000 1000 2000 32 32 132 0.0102771
64000 1000 4000 1 1 4 0.000382089
64000 1000 4000 1 2 6 0.000518616
64000 1000 4000 1 4 10 0.00080353
64000 1000 4000 1 8 18 0.0014749
64000 1000 4000 2 2 8 0.000695202
64000 1000 4000 2 4 12 0.00102858
64000 1000 4000 2 8 20 0.00160597
64000 1000 4000 4 4 16 0.00132191
64000 1000 4000 4 8 24 0.00187477
64000 1000 4000 8 8 32 0.00254807
64000 1000 8000 1 1 4 0.00039093
64000 1000 8000 1 2 6 0.000571911
64000 1000 8000 1 4 10 0.000874512
64000 1000 8000 2 2 8 0.000711505
64000 1000 8000 2 4 12 0.000958788
64000 1000 8000 4 4 16 0.00128443
64000 2000 1000 1 1 4 0.000349573
64000 2000 1000 1 2 6 0.00057567
64000 2000 1000 1 4 10 0.000817426
64000 2000 1000 1 8 18 0.00140976
64000 2000 1000 1 16 34 0.00266288
64000 2000 1000 1 32 67 0.00513962
64000 2000 1000 1 64 130 0.0100168
64000 2000 1000 2 2 8 0.000668761
64000 2000 1000 2 4 12 0.000994142
64000 2000 1000 2 8 20 0.00157387
64000 2000 1000 2 16 36 0.0028251
64000 2000 1000 2 32 70 0.00538366
64000 2000 1000 2 64 134 0.0103607
64000 2000 1000 4 4 16 0.00125738
64000 2000 1000 4 8 24 0.0018862
64000 2000 1000 4 16 40 0.00310653
64000 2000 1000 4 32 74 0.00576156
64000 2000 1000 4 64 138 0.0107807
64000 2000 1000 8 8 32 0.00249582
64000 2000 1000 8 16 48 0.00379391
64000 2000 1000 8 32 82 0.00638528
64000 2000 1000 8 64 146 0.0115083
64000 2000 1000 16 16 64 0.00525024
64000 2000 1000 16 32 98 0.00796295
64000 2000 1000 16 64 162 0.0130965
64000 2000 1000 32 32 131 0.0118623
64000 2000 1000 32 64 194 0.0174245
64000 2000 1000 64 64 132 0.0111827
64000 2000 2000 1 1 4 0.000391561
64000 2000 2000 1 2 6 0.000582837
64000 2000 2000 1 4 10 0.000822758
64000 2000 2000 1 8 18 0.00142813
64000 2000 2000 1 16 33 0.00263087
64000 2000 2000 1 32 66 0.00506803
64000 2000 2000 2 2 8 0.000667717
64000 2000 2000 2 4 12 0.00102879
64000 2000 2000 2 8 20 0.00159479
64000 2000 2000 2 16 36 0.0028312
64000 2000 2000 2 32 70 0.00536764
64000 2000 2000 4 4 16 0.00133677
64000 2000 2000 4 8 24 0.00189465
64000 2000 2000 4 16 40 0.00311778
64000 2000 2000 4 32 74 0.00577683
64000 2000 2000 8 8 32 0.00247635
64000 2000 2000 8 16 48 0.00379471
64000 2000 2000 8 32 82 0.00637504
64000 2000 2000 16 16 64 0.00525671
64000 2000 2000 16 32 98 0.00800716
64000 2000 2000 32 32 67 0.00527213
64000 2000 4000 1 1 4 0.000353373
64000 2000 4000 1 2 6 0.000538654
64000 2000 4000 1 4 10 0.000817177
64000 2000 4000 1 8 18 0.00144298
64000 2000 4000 1 16 34 0.00302063
64000 2000 4000 2 2 8 0.000697707
64000 2000 4000 2 4 12 0.00095744
64000 2000 4000 2 8 20 0.00157183
64000 2000 4000 2 16 36 0.00287967
64000 2000 4000 4 4 16 0.00128898
64000 2000 4000 4 8 24 0.00194209
64000 2000 4000 4 16 40 0.00310209
64000 2000 4000 8 8 32 0.00254304
64000 2000 4000 8 16 48 0.00381132
64000 2000 4000 16 16 64 0.00499455
64000 2000 8000 1 1 4 0.000389521
64000 2000 8000 1 2 6 0.000508515
64000 2000 8000 1 4 10 0.000838277
64000 2000 8000 2 2 8 0.000663921
64000 2000 8000 2 4 12 0.000977544
64000 2000 8000 4 4 16 0.00132557
64000 4000 1000 1 1 4 0.000356345
64000 4000 1000 1 2 6 0.00061491
64000 4000 1000 1 4 10 0.000869064
64000 4000 1000 1 8 18 0.00149559
64000 4000 1000 1 16 34 0.0027612
64000 4000 1000 1 32 67 0.0053651
64000 4000 1000 1 64 130 0.0100298
64000 4000 1000 2 2 8 0.000709691
64000 4000 1000 2 4 12 0.00100747
64000 4000 1000 2 8 20 0.00165723
64000 4000 1000 2 16 36 0.00286999
64000 4000 1000 2 32 70 0.00544812
64000 4000 1000 2 64 134 0.0103425
64000 4000 1000 4 4 16 0.0013483
64000 4000 1000 4 8 24 0.00193424
64000 4000 1000 4 16 40 0.00315387
64000 4000 1000 4 32 74 0.00592801
64000 4000 1000 4 64 138 0.010915
64000 4000 1000 8 8 32 0.00268827
64000 4000 1000 8 16 48 0.00393395
64000 4000 1000 8 32 82 0.00678456
64000 4000 1000 8 64 146 0.0118015
64000 4000 1000 16 16 63 0.00714272
64000 4000 1000 16 32 97 0.0106103
64000 4000 1000 16 64 161 0.0141946
64000 4000 1000 32 32 129 0.0152254
64000 4000 1000 32 64 192 0.0219136
64000 4000 1000 64 64 134 0.0136637
64000 4000 2000 1 1 4 0.00036649
64000 4000 2000 1 2 6 0.00053428
64000 4000 2000 1 4 10 0.000873639
64000 4000 2000 1 8 18 0.00142457
64000 4000 2000 1 16 33 0.00259766
64000 4000 2000 1 32 66 0.00571832
64000 4000 2000 2 2 8 0.000764696
64000 4000 2000 2 4 12 0.00103157
64000 4000 2000 2 8 20 0.0016477
64000 4000 2000 2 16 36 0.00280389
64000 4000 2000 2 32 70 0.00557123
64000 4000 2000 4 4 16 0.00127301
64000 4000 2000 4 8 24 0.00189471
64000 4000 2000 4 16 40 0.00317739
64000 4000 2000 4 32 74 0.00584322
64000 4000 2000 8 8 32 0.00266536
64000 4000 2000 8 16 48 0.00384815
64000 4000 2000 8 32 82 0.00661179
64000 4000 2000 16 16 63 0.00589488
64000 4000 2000 16 32 97 0.00858336
64000 4000 2000 32 32 68 0.00579714
64000 4000 4000 1 1 4 0.00035557
64000 4000 4000 1 2 6 0.000510458
64000 4000 4000 1 4 10 0.000818551
64000 4000 4000 1 8 17 0.00134858
64000 4000 4000 1 16 32 0.00257084
64000 4000 4000 2 2 8 0.000694142
64000 4000 4000 2 4 12 0.000961927
64000 4000 4000 2 8 20 0.00159336
64000 4000 4000 2 16 36 0.00286393
64000 4000 4000 4 4 16 0.0013457
64000 4000 4000 4 8 24 0.00196096
64000 4000 4000 4 16 40 0.00321712
64000 4000 4000 8 8 32 0.00264188
64000 4000 4000 8 16 48 0.00384288
64000 4000 4000 16 16 48 0.00408523
64000 4000 8000 1 1 4 0.000435788
64000 4000 8000 1 2 6 0.000558084
64000 4000 8000 1 4 10 0.000849059
64000 4000 8000 1 8 18 0.00142091
64000 4000 8000 2 2 8 0.000721213
64000 4000 8000 2 4 12 0.000971547
64000 4000 8000 2 8 20 0.00159858
64000 4000 8000 4 4 16 0.00128661
64000 4000 8000 4 8 24 0.00195879
64000 4000 8000 8 8 32 0.00251615
64000 8000 1000 1 1 4 0.000357715
64000 8000 1000 1 2 6 0.000539521
64000 8000 1000 1 4 10 0.000957387
64000 8000 1000 1 8 18 0.00156926
64000 8000 1000 1 16 34 0.00267712
64000 8000 1000 1 32 67 0.00529
64000 8000 1000 1 64 130 0.0100795
64000 8000 1000 2 2 8 0.000756465
64000 8000 1000 2 4 12 0.00110671
64000 8000 1000 2 8 20 0.00165768
64000 8000 1000 2 16 36 0.00281395
64000 8000 1000 2 32 70 0.00546008
64000 8000 1000 2 64 134 0.0104616
64000 8000 1000 4 4 16 0.00152488
64000 8000 1000 4 8 24 0.00212508
64000 8000 1000 4 16 40 0.00332945
64000 8000 1000 4 32 74 0.00589848
64000 8000 1000 4 64 138 0.011209
64000 8000 1000 8 8 31 0.00299406
64000 8000 1000 8 16 47 0.00494595
64000 8000 1000 8 32 81 0.00710792
64000 8000 1000 8 64 145 0.0124328
64000 8000 1000 16 16 62 0.00844908
64000 8000 1000 16 32 96 0.0108849
64000 8000 1000 16 64 160 0.0173204
64000 8000 1000 32 32 125 0.0259331
64000 8000 1000 32 64 188 0.0364454
64000 8000 1000 64 64 138 0.0224611
64000 8000 2000 1 1 4 0.000408
64000 8000 2000 1 2 6 0.000524805
64000 8000 2000 1 4 10 0.000892323
64000 8000 2000 1 8 18 0.00146962
64000 8000 2000 1 16 33 0.00256029
64000 8000 2000 1 32 66 0.00521866
64000 8000 2000 2 2 8 0.000680344
64000 8000 2000 2 4 12 0.00106391
64000 8000 2000 2 8 20 0.00157076
64000 8000 2000 2 16 36 0.00288062
64000 8000 2000 2 32 70 0.0054248
64000 8000 2000 4 4 16 0.00139371
64000 8000 2000 4 8 24 0.00199002
64000 8000 2000 4 16 40 0.00329151
64000 8000 2000 4 32 74 0.00604545
64000 8000 2000 8 8 31 0.00286063
64000 8000 2000 8 16 47 0.00426604
64000 8000 2000 8 32 81 0.00711077
64000 8000 2000 16 16 61 0.0071791
64000 8000 2000 16 32 95 0.0105972
64000 8000 2000 32 32 70 0.00710084
64000 8000 4000 1 1 4 0.000383465
64000 8000 4000 1 2 6 0.000557667
64000 8000 4000 1 4 10 0.000813931
64000 8000 4000 1 8 17 0.00142479
64000 8000 4000 1 16 32 0.002574
64000 8000 4000 2 2 8 0.00070992
64000 8000 4000 2 4 12 0.000980748
64000 8000 4000 2 8 20 0.00164272
64000 8000 4000 2 16 36 0.00285613
64000 8000 4000 4 4 16 0.0013765
64000 8000 4000 4 8 24 0.00205049
64000 8000 4000 4 16 40 0.00332279
64000 8000 4000 8 8 31 0.00285154
64000 8000 4000 8 16 47 0.00425077
64000 8000 4000 16 16 48 0.00450875
64000 8000 8000 1 1 4 0.000395753
64000 8000 8000 1 2 6 0.000514936
64000 8000 8000 1 4 9 0.000728117
64000 8000 8000 1 8 16 0.00124648
64000 8000 8000 2 2 8 0.000723306
64000 8000 8000 2 4 12 0.00103104
64000 8000 8000 2 8 20 0.00162356
64000 8000 8000 4 4 16 0.00146712
64000 8000 8000 4 8 24 0.00201878
64000 8000 8000 8 8 24 0.00203553
128000 1000 1000 1 1 4 0.000362504
128000 1000 1000 1 2 6 0.000531744
128000 1000 1000 1 4 10 0.00088143
128000 1000 1000 1 8 18 0.00145943
128000 1000 1000 1 16 34 0.00267639
128000 1000 1000 1 32 68 0.00524217
128000 1000 1000 1 64 131 0.0100871
128000 1000 1000 1 128 256 0.020113
128000 1000 1000 2 2 8 0.00068697
128000 1000 1000 2 4 12 0.000951667
128000 1000 1000 2 8 20 0.00157738
128000 1000 1000 2 16 36 0.00287449
128000 1000 1000 2 32 70 0.00551293
128000 1000 1000 2 64 134 0.0103371
128000 1000 1000 2 128 260 0.0205116
128000 1000 1000 4 4 16 0.00128757
128000 1000 1000 4 8 24 0.00184261
128000 1000 1000 4 16 40 0.00312087
128000 1000 1000 4 32 74 0.00574472
128000 1000 1000 4 64 138 0.010846
128000 1000 1000 4 128 264 0.0208978
128000 1000 1000 8 8 32 0.00257679
128000 1000 1000 8 16 48 0.00383081
128000 1000 1000 8 32 82 0.00639106
128000 1000 1000 8 64 146 0.0113239
128000 1000 1000 8 128 272 0.0215756
128000 1000 1000 16 16 64 0.00504795
128000 1000 1000 16 32 98 0.00775268
128000 1000 1000 16 64 162 0.0126412
128000 1000 1000 16 128 288 0.0230597
128000 1000 1000 32 32 132 0.0104764
128000 1000 1000 32 64 196 0.0154422
128000 1000 1000 32 128 321 0.0260058
128000 1000 1000 64 64 260 0.0218735
128000 1000 1000 64 128 385 0.0328511
128000 1000 1000 128 128 384 0.0337774
128000 1000 2000 1 1 4 0.000423177
128000 1000 2000 1 2 6 0.000506118
128000 1000 2000 1 4 10 0.00088414
128000 1000 2000 1 8 18 0.00143635
128000 1000 2000 1 16 34 0.00267009
128000 1000 2000 1 32 68 0.00525107
128000 1000 2000 1 64 132 0.0114166
128000 1000 2000 2 2 8 0.000663128
128000 1000 2000 2 4 12 0.00103271
128000 1000 2000 2 8 20 0.00165635
128000 1000 2000 2 16 36 0.00283468
128000 1000 2000 2 32 70 0.00542341
128000 1000 2000 2 64 134 0.0112453
128000 1000 2000 4 4 16 0.00128271
128000 1000 2000 4 8 24 0.00193602
128000 1000 2000 4 16 40 0.00316434
128000 1000 2000 4 32 74 0.00579794
128000 1000 2000 4 64 138 0.0108237
128000 1000 2000 8 8 32 0.00250814
128000 1000 2000 8 16 48 0.00374434
128000 1000 2000 8 32 82 0.00642291
128000 1000 2000 8 64 146 0.0113879
128000 1000 2000 16 16 64 0.00495923
128000 1000 2000 16 32 98 0.00761038
128000 1000 2000 16 64 162 0.0127859
128000 1000 2000 32 32 132 0.0103734
128000 1000 2000 32 64 196 0.0155291
128000 1000 2000 64 64 260 0.0207461
128000 1000 4000 1 1 4 0.000433605
128000 1000 4000 1 2 6 0.000537452
128000 1000 4000 1 4 10 0.000871085
128000 1000 4000 1 8 18 0.00141257
128000 1000 4000 1 16 34 0.00272269
128000 1000 4000 2 2 8 0.000656611
128000 1000 4000 2 4 12 0.000974341
128000 1000 4000 2 8 20 0.00158113
128000 1000 4000 2 16 36 0.00282414
128000 1000 4000 4 4 16 0.00128606
128000 1000 4000 4 8 24 0.00190755
128000 1000 4000 4 16 40 0.00315375
128000 1000 4000 8 8 32 0.00253348
128000 1000 4000 8 16 48 0.00385228
128000 1000 4000 16 16 64 0.00499856
128000 1000 8000 1 1 4 0.000355043
128000 1000 8000 1 2 6 0.000510233
128000 1000 8000 1 4 10 0.000821617
128000 1000 8000 1 8 18 0.00144096
128000 1000 8000 2 2 8 0.00066961
128000 1000 8000 2 4 12 0.00103339
128000 1000 8000 2 8 20 0.00155112
128000 1000 8000 4 4 16 0.00125103
128000 1000 8000 4 8 24 0.00190808
128000 1000 8000 8 8 32 0.00255213
128000 2000 1000 1 1 4 0.000399025
128000 2000 1000 1 2 6 0.000578648
128000 2000 1000 1 4 10 0.000858981
128000 2000 1000 1 8 18 0.00151262
128000 2000 1000 1 16 34 0.00273301
128000 2000 1000 1 32 68 0.00525043
128000 2000 1000 1 64 131 0.0102583
128000 2000 1000 1 128 256 0.0226849
128000 2000 1000 2 2 8 0.000717918
128000 2000 1000 2 4 12 0.0010035
128000 2000 1000 2 8 20 0.00158592
128000 2000 1000 2 16 36 0.0028327
128000 2000 1000 2 32 70 0.00541238
128000 2000 1000 2 64 134 0.0105965
128000 2000 1000 2 128 260 0.0205554
128000 2000 1000 4 4 16 0.00137612
128000 2000 1000 4 8 24 0.00189915
128000 2000 1000 4 16 40 0.00317365
128000 2000 1000 4 32 74 0.00588051
128000 2000 1000 4 64 138 0.0108051
128000 2000 1000 4 128 264 0.0220358
128000 2000 1000 8 8 32 0.00249579
128000 2000 1000 8 16 48 0.00386576
128000 2000 1000 8 32 82 0.00636765
128000 2000 1000 8 64 146 0.0113435
128000 2000 1000 8 128 272 0.022673
128000 2000 1000 16 16 64 0.00521227
128000 2000 1000 16 32 98 0.00767549
128000 2000 1000 16 64 162 0.0129258
128000 2000 1000 16 128 288 0.0234836
128000 2000 1000 32 32 132 0.0108128
128000 2000 1000 32 64 196 0.0161576
128000 2000 1000 32 128 321 0.0272071
128000 2000 1000 64 64 259 0.024285
128000 2000 1000 64 128 384 0.0357286
128000 2000 1000 128 128 384 0.0459235
128000 2000 2000 1 1 4 0.000355572
128000 2000 2000 1 2 6 0.000541446
128000 2000 2000 1 4 10 0.000861578
128000 2000 2000 1 8 18 0.00159845
128000 2000 2000 1 16 34 0.00265345
128000 2000 2000 1 32 67 0.00523412
128000 2000 2000 1 64 130 0.0102447
128000 2000 2000 2 2 8 0.000788684
128000 2000 2000 2 4 12 0.00101733
128000 2000 2000 2 8 20 0.00165782
128000 2000 2000 2 16 36 0.00280969
128000 2000 2000 2 32 70 0.00543688
128000 2000 2000 2 64 134 0.0104301
128000 2000 2000 4 4 16 0.00130259
128000 2000 2000 4 8 24 0.00194158
128000 2000 2000 4 16 40 0.00317109
128000 2000 2000 4 32 74 0.00574457
128000 2000 2000 4 64 138 0.01082
128000 2000 2000 8 8 32 0.00256495
128000 2000 2000 8 16 48 0.00376775
128000 2000 2000 8 32 82 0.00644821
128000 2000 2000 8 64 146 0.0115139
128000 2000 2000 16 16 64 0.00499988
128000 2000 2000 16 32 98 0.00773635
128000 2000 2000 16 64 162 0.0127633
128000 2000 2000 32 32 132 0.0108651
128000 2000 2000 32 64 195 0.0162351
128000 2000 2000 64 64 131 0.0105981
128000 2000 4000 1 1 4 0.000388445
128000 2000 4000 1 2 6 0.000505672
128000 2000 4000 1 4 10 0.000833754
128000 2000 4000 1 8 18 0.00147751
128000 2000 4000 1 16 34 0.00272562
128000 2000 4000 1 32 68 0.00524053
128000 2000 4000 2 2 8 0.000668415
128000 2000 4000 2 4 12 0.000958836
128000 2000 4000 2 8 20 0.00155935
128000 2000 4000 2 16 36 0.00279203
128000 2000 4000 2 32 70 0.0054235
128000 2000 4000 4 4 16 0.00130873
128000 2000 4000 4 8 24 0.00193044
128000 2000 4000 4 16 40 0.00314434
128000 2000 4000 4 32 74 0.00578446
128000 2000 4000 8 8 32 0.00257505
128000 2000 4000 8 16 48 0.0038349
128000 2000 4000 8 32 82 0.00641424
128000 2000 4000 16 16 64 0.00502995
128000 2000 4000 16 32 98 0.00770831
128000 2000 4000 32 32 132 0.010276
128000 2000 8000 1 1 4 0.000357276
128000 2000 8000 1 2 6 0.000513562
128000 2000 8000 1 4 10 0.000826829
128000 2000 8000 1 8 18 0.00145109
128000 2000 8000 2 2 8 0.000670868
128000 2000 8000 2 4 12 0.000985925
128000 2000 8000 2 8 20 0.00160932
128000 2000 8000 4 4 16 0.00135845
128000 2000 8000 4 8 24 0.00195719
128000 2000 8000 8 8 32 0.00261974
128000 4000 1000 1 1 4 0.000358555
128000 4000 1000 1 2 6 0.000556252
128000 4000 1000 1 4 10 0.000881807
128000 4000 1000 1 8 18 0.00145942
128000 4000 1000 1 16 34 0.00273281
128000 4000 1000 1 32 68 0.0052536
128000 4000 1000 1 64 131 0.0104905
128000 4000 1000 1 128 256 0.0206075
128000 4000 1000 2 2 8 0.000690737
128000 4000 1000 2 4 12 0.00108249
128000 4000 1000 2 8 20 0.00169241
128000 4000 1000 2 16 36 0.00276743
128000 4000 1000 2 32 70 0.00552257
128000 4000 1000 2 64 134 0.0104606
128000 4000 1000 2 128 260 0.0210168
128000 4000 1000 4 4 16 0.00138425
128000 4000 1000 4 8 24 0.0019637
128000 4000 1000 4 16 40 0.00314129
128000 4000 1000 4 32 74 0.00593272
128000 4000 1000 4 64 138 0.010908
128000 4000 1000 4 128 264 0.0212231
128000 4000 1000 8 8 32 0.00254877
128000 4000 1000 8 16 48 0.00381118
128000 4000 1000 8 32 82 0.00647726
128000 4000 1000 8 64 146 0.0116534
128000 4000 1000 8 128 272 0.0218502
128000 4000 1000 16 16 64 0.0053208
128000 4000 1000 16 32 98 0.00795912
128000 4000 1000 16 64 162 0.0132652
128000 4000 1000 16 128 288 0.0240634
128000 4000 1000 32 32 131 0.0120853
128000 4000 1000 32 64 195 0.0175489
128000 4000 1000 32 128 320 0.0291749
128000 4000 1000 64 64 257 0.0313725
128000 4000 1000 64 128 382 0.0460949
128000 4000 1000 128 128 384 0.0475364
128000 4000 2000 1 1 4 0.000360101
128000 4000 2000 1 2 6 0.000551227
128000 4000 2000 1 4 10 0.000823798
128000 4000 2000 1 8 18 0.00149933
128000 4000 2000 1 16 34 0.00273715
128000 4000 2000 1 32 67 0.00525333
128000 4000 2000 1 64 130 0.0101613
128000 4000 2000 2 2 8 0.00066805
128000 4000 2000 2 4 12 0.000977878
128000 4000 2000 2 8 20 0.00162455
128000 4000 2000 2 16 36 0.00285164
128000 4000 2000 2 32 70 0.00567303
128000 4000 2000 2 64 134 0.0104183
128000 4000 2000 4 4 16 0.00130433
128000 4000 2000 4 8 24 0.00201643
128000 4000 2000 4 16 40 0.00319504
128000 4000 2000 4 32 74 0.0058776
128000 4000 2000 4 64 138 0.0108399
128000 4000 2000 8 8 32 0.00252414
128000 4000 2000 8 16 48 0.0037325
128000 4000 2000 8 32 82 0.00654301
128000 4000 2000 8 64 146 0.0115685
128000 4000 2000 16 16 64 0.00537824
128000 4000 2000 16 32 98 0.00813301
128000 4000 2000 16 64 162 0.0132037
128000 4000 2000 32 32 131 0.0122938
128000 4000 2000 32 64 194 0.0178952
128000 4000 2000 64 64 132 0.0113129
128000 4000 4000 1 1 4 0.000412202
128000 4000 4000 1 2 6 0.000534806
128000 4000 4000 1 4 10 0.000892765
128000 4000 4000 1 8 18 0.00145156
128000 4000 4000 1 16 33 0.00264458
128000 4000 4000 1 32 66 0.00513192
128000 4000 4000 2 2 8 0.000687955
128000 4000 4000 2 4 12 0.00096393
128000 4000 4000 2 8 20 0.00166522
128000 4000 4000 2 16 36 0.00295401
128000 4000 4000 2 32 70 0.00548649
128000 4000 4000 4 4 16 0.00133175
128000 4000 4000 4 8 24 0.00197579
128000 4000 4000 4 16 40 0.00321099
128000 4000 4000 4 32 74 0.00584139
128000 4000 4000 8 8 32 0.00254542
128000 4000 4000 8 16 48 0.00394355
128000 4000 4000 8 32 82 0.00655249
128000 4000 4000 16 16 64 0.00552182
128000 4000 4000 16 32 98 0.00803067
128000 4000 4000 32 32 67 0.00531767
128000 4000 8000 1 1 4 0.000397985
128000 4000 8000 1 2 6 0.00054863
128000 4000 8000 1 4 10 0.000840407
128000 4000 8000 1 8 18 0.00145677
128000 4000 8000 1 16 34 0.00258391
128000 4000 8000 2 2 8 0.000651685
128000 4000 8000 2 4 12 0.000950459
128000 4000 8000 2 8 20 0.00158747
128000 4000 8000 2 16 36 0.00281582
128000 4000 8000 4 4 16 0.00130644
128000 4000 8000 4 8 24 0.00202742
128000 4000 8000 4 16 40 0.00315438
128000 4000 8000 8 8 32 0.0025063
128000 4000 8000 8 16 48 0.00378368
128000 4000 8000 16 16 64 0.00508271
128000 8000 1000 1 1 4 0.000381502
128000 8000 1000 1 2 6 0.000556396
128000 8000 1000 1 4 10 0.00101529
128000 8000 1000 1 8 18 0.00151611
128000 8000 1000 1 16 34 0.00268688
128000 8000 1000 1 32 68 0.0052881
128000 8000 1000 1 64 131 0.0106115
128000 8000 1000 1 128 256 0.0206993
128000 8000 1000 2 2 8 0.000731081
128000 8000 1000 2 4 12 0.0011652
128000 8000 1000 2 8 20 0.00173532
128000 8000 1000 2 16 36 0.00284581
128000 8000 1000 2 32 70 0.00548234
128000 8000 1000 2 64 134 0.010643
128000 8000 1000 2 128 260 0.0208375
128000 8000 1000 4 4 16 0.00144226
128000 8000 1000 4 8 24 0.00199061
128000 8000 1000 4 16 40 0.00317045
128000 8000 1000 4 32 74 0.0057852
128000 8000 1000 4 64 138 0.0108795
128000 8000 1000 4 128 264 0.0213005
128000 8000 1000 8 8 32 0.00281255
128000 8000 1000 8 16 48 0.00390532
128000 8000 1000 8 32 82 0.00673918
128000 8000 1000 8 64 146 0.0120009
128000 8000 1000 8 128 272 0.0227206
128000 8000 1000 16 16 63 0.00578878
128000 8000 1000 16 32 97 0.00868064
128000 8000 1000 16 64 161 0.014728
128000 8000 1000 16 128 287 0.0258075
128000 8000 1000 32 32 130 0.0184161
128000 8000 1000 32 64 194 0.0265863
128000 8000 1000 32 128 319 0.0362536
128000 8000 1000 64 64 253 0.0555617
128000 8000 1000 64 128 378 0.0772815
128000 8000 1000 128 128 384 0.0818633
128000 8000 2000 1 1 4 0.00036027
128000 8000 2000 1 2 6 0.000543638
128000 8000 2000 1 4 10 0.000884912
128000 8000 2000 1 8 18 0.00145097
128000 8000 2000 1 16 34 0.00263491
128000 8000 2000 1 32 67 0.00525827
128000 8000 2000 1 64 130 0.0101966
128000 8000 2000 2 2 8 0.000713898
128000 8000 2000 2 4 12 0.00101123
128000 8000 2000 2 8 20 0.00170356
128000 8000 2000 2 16 36 0.00294735
128000 8000 2000 2 32 70 0.00550205
128000 8000 2000 2 64 134 0.0105902
128000 8000 2000 4 4 16 0.0014011
128000 8000 2000 4 8 24 0.00209557
128000 8000 2000 4 16 40 0.00318507
128000 8000 2000 4 32 74 0.00579305
128000 8000 2000 4 64 138 0.0109216
128000 8000 2000 8 8 32 0.00279344
128000 8000 2000 8 16 48 0.00405739
128000 8000 2000 8 32 82 0.00682646
128000 8000 2000 8 64 146 0.0119494
128000 8000 2000 16 16 63 0.00730777
128000 8000 2000 16 32 97 0.0107579
128000 8000 2000 16 64 161 0.0142891
128000 8000 2000 32 32 129 0.0186376
128000 8000 2000 32 64 192 0.0220712
128000 8000 2000 64 64 134 0.0138163
128000 8000 4000 1 1 4 0.000365996
128000 8000 4000 1 2 6 0.000540448
128000 8000 4000 1 4 10 0.000863305
128000 8000 4000 1 8 18 0.00142327
128000 8000 4000 1 16 33 0.00267701
128000 8000 4000 1 32 66 0.00512263
128000 8000 4000 2 2 8 0.000719944
128000 8000 4000 2 4 12 0.0010385
128000 8000 4000 2 8 20 0.00155553
128000 8000 4000 2 16 36 0.00295306
128000 8000 4000 2 32 70 0.00566713
128000 8000 4000 4 4 16 0.00128467
128000 8000 4000 4 8 24 0.00199286
128000 8000 4000 4 16 40 0.00328296
128000 8000 4000 4 32 74 0.00588529
128000 8000 4000 8 8 32 0.00266485
128000 8000 4000 8 16 48 0.0040669
128000 8000 4000 8 32 82 0.00665191
128000 8000 4000 16 16 63 0.00590747
128000 8000 4000 16 32 97 0.00867732
128000 8000 4000 32 32 68 0.00588717
128000 8000 8000 1 1 4 0.000356377
128000 8000 8000 1 2 6 0.000504589
128000 8000 8000 1 4 10 0.00079807
128000 8000 8000 1 8 17 0.00132668
128000 8000 8000 1 16 32 0.00248991
128000 8000 8000 2 2 8 0.000723452
128000 8000 8000 2 4 12 0.000981939
128000 8000 8000 2 8 20 0.00159226
128000 8000 8000 2 16 36 0.00290914
128000 8000 8000 4 4 16 0.00128901
128000 8000 8000 4 8 24 0.00202609
128000 8000 8000 4 16 40 0.00324642
128000 8000 8000 8 8 32 0.00269702
128000 8000 8000 8 16 48 0.0038876
128000 8000 8000 16 16 48 0.00403858
256000 1000 1000 1 1 4 0.000359766
256000 1000 1000 1 2 6 0.000516483
256000 1000 1000 1 4 10 0.000875746
256000 1000 1000 1 8 18 0.00140896
256000 1000 1000 1 16 34 0.00278307
256000 1000 1000 1 32 68 0.00537497
256000 1000 1000 1 64 132 0.0102347
256000 1000 1000 1 128 257 0.0203988
256000 1000 1000 1 256 514 0.0430515
256000 1000 1000 2 2 8 0.000674918
256000 1000 1000 2 4 12 0.00100917
256000 1000 1000 2 8 20 0.00162237
256000 1000 1000 2 16 36 0.00280474
256000 1000 1000 2 32 70 0.00561932
256000 1000 1000 2 64 134 0.0104872
256000 1000 1000 2 128 260 0.0207558
256000 1000 1000 2 256 518 0.0433755
256000 1000 1000 4 4 16 0.00133758
256000 1000 1000 4 8 24 0.00193876
256000 1000 1000 4 16 40 0.00326981
256000 1000 1000 4 32 74 0.00587151
256000 1000 1000 4 64 138 0.0107383
256000 1000 1000 4 128 264 0.0209856
256000 1000 1000 4 256 522 0.0439645
256000 1000 1000 8 8 32 0.00249531
256000 1000 1000 8 16 48 0.00373762
256000 1000 1000 8 32 82 0.00640489
256000 1000 1000 8 64 146 0.0114972
256000 1000 1000 8 128 272 0.0216776
256000 1000 1000 8 256 530 0.0443543
256000 1000 1000 16 16 64 0.00517378
256000 1000 1000 16 32 98 0.0079135
256000 1000 1000 16 64 162 0.0127192
256000 1000 1000 16 128 288 0.0232754
256000 1000 1000 16 256 546 0.04697
256000 1000 1000 32 32 132 0.0103358
256000 1000 1000 32 64 196 0.0154958
256000 1000 1000 32 128 322 0.0261272
256000 1000 1000 32 256 579 0.0494756
256000 1000 1000 64 64 260 0.0211616
256000 1000 1000 64 128 386 0.0318987
256000 1000 1000 64 256 643 0.0558336
256000 1000 1000 128 128 512 0.0450004
256000 1000 1000 128 256 770 0.0712811
256000 1000 1000 256 256 515 0.047146
256000 1000 2000 1 1 4 0.000416444
256000 1000 2000 1 2 6 0.000508185
256000 1000 2000 1 4 10 0.000860665
256000 1000 2000 1 8 18 0.00146741
256000 1000 2000 1 16 34 0.00269386
256000 1000 2000 1 32 68 0.0052143
256000 1000 2000 1 64 132 0.0104031
256000 1000 2000 1 128 258 0.0205649
256000 1000 2000 2 2 8 0.000643471
256000 1000 2000 2 4 12 0.000947123
256000 1000 2000 2 8 20 0.00153301
256000 1000 2000 2 16 36 0.00271257
256000 1000 2000 2 32 70 0.00541668
256000 1000 2000 2 64 134 0.0104039
256000 1000 2000 2 128 260 0.0209078
256000 1000 2000 4 4 16 0.00128281
256000 1000 2000 4 8 24 0.00191386
256000 1000 2000 4 16 40 0.0031175
256000 1000 2000 4 32 74 0.00582584
256000 1000 2000 4 64 138 0.0107208
256000 1000 2000 4 128 264 0.0211028
256000 1000 2000 8 8 32 0.00258936
256000 1000 2000 8 16 48 0.00378623
256000 1000 2000 8 32 82 0.00638771
256000 1000 2000 8 64 146 0.0112767
256000 1000 2000 8 128 272 0.0215266
256000 1000 2000 16 16 64 0.00511066
256000 1000 2000 16 32 98 0.00772269
256000 1000 2000 16 64 162 0.0127085
256000 1000 2000 16 128 288 0.0230866
256000 1000 2000 32 32 132 0.0103898
256000 1000 2000 32 64 196 0.0158476
256000 1000 2000 32 128 322 0.0262633
256000 1000 2000 64 64 260 0.0209728
256000 1000 2000 64 128 386 0.0318367
256000 1000 2000 128 128 512 0.042924
256000 1000 4000 1 1 4 0.000390985
256000 1000 4000 1 2 6 0.000507033
256000 1000 4000 1 4 10 0.000860208
256000 1000 4000 1 8 18 0.00147222
256000 1000 4000 1 16 34 0.00273783
256000 1000 4000 1 32 68 0.00543959
256000 1000 4000 2 2 8 0.000688873
256000 1000 4000 2 4 12 0.00096791
256000 1000 4000 2 8 20 0.00169539
256000 1000 4000 2 16 36 0.00295447
256000 1000 4000 2 32 70 0.00548744
256000 1000 4000 4 4 16 0.0012832
256000 1000 4000 4 8 24 0.00190638
256000 1000 4000 4 16 40 0.00312624
256000 1000 4000 4 32 74 0.00581593
256000 1000 4000 8 8 32 0.00258777
256000 1000 4000 8 16 48 0.00384655
256000 1000 4000 8 32 82 0.00651717
256000 1000 4000 16 16 64 0.00516788
256000 1000 4000 16 32 98 0.00774401
256000 1000 4000 32 32 132 0.0104003
256000 1000 8000 1 1 4 0.000417192
256000 1000 8000 1 2 6 0.000520556
256000 1000 8000 1 4 10 0.000862099
256000 1000 8000 1 8 18 0.00153178
256000 1000 8000 1 16 34 0.00276081
256000 1000 8000 2 2 8 0.000711871
256000 1000 8000 2 4 12 0.00102882
256000 1000 8000 2 8 20 0.00166988
256000 1000 8000 2 16 36 0.00295892
256000 1000 8000 4 4 16 0.00131323
256000 1000 8000 4 8 24 0.00192569
256000 1000 8000 4 16 40 0.00316004
256000 1000 8000 8 8 32 0.00253208
256000 1000 8000 8 16 48 0.00386686
256000 1000 8000 16 16 64 0.00510764
256000 2000 1000 1 1 4 0.000386493
256000 2000 1000 1 2 6 0.000576399
256000 2000 1000 1 4 10 0.000808814
256000 2000 1000 1 8 18 0.00147042
256000 2000 1000 1 16 34 0.00272905
256000 2000 1000 1 32 68 0.005273
256000 2000 1000 1 64 132 0.0102222
256000 2000 1000 1 128 257 0.020587
256000 2000 1000 1 256 514 0.0429794
256000 2000 1000 2 2 8 0.000680704
256000 2000 1000 2 4 12 0.00099455
256000 2000 1000 2 8 20 0.00161873
256000 2000 1000 2 16 36 0.00287642
256000 2000 1000 2 32 70 0.00536123
256000 2000 1000 2 64 134 0.0104424
256000 2000 1000 2 128 260 0.0207535
256000 2000 1000 2 256 518 0.0435924
256000 2000 1000 4 4 16 0.00130072
256000 2000 1000 4 8 24 0.00194604
256000 2000 1000 4 16 40 0.00323265
256000 2000 1000 4 32 74 0.00576884
256000 2000 1000 4 64 138 0.0111358
256000 2000 1000 4 128 264 0.0212204
256000 2000 1000 4 256 522 0.0457115
256000 2000 1000 8 8 32 0.00250206
256000 2000 1000 8 16 48 0.00380202
256000 2000 1000 8 32 82 0.00642246
256000 2000 1000 8 64 146 0.0114021
256000 2000 1000 8 128 272 0.0216526
256000 2000 1000 8 256 530 0.0444044
256000 2000 1000 16 16 64 0.0050165
256000 2000 1000 16 32 98 0.00764962
256000 2000 1000 16 64 162 0.0128353
256000 2000 1000 16 128 288 0.0232297
256000 2000 1000 16 256 546 0.0468959
256000 2000 1000 32 32 132 0.0104484
256000 2000 1000 32 64 196 0.0156908
256000 2000 1000 32 128 322 0.0263463
256000 2000 1000 32 256 579 0.0500868
256000 2000 1000 64 64 260 0.0219696
256000 2000 1000 64 128 386 0.0330465
256000 2000 1000 64 256 643 0.057318
256000 2000 1000 128 128 511 0.06284
256000 2000 1000 128 256 769 0.0948695
256000 2000 1000 256 256 516 0.050187
256000 2000 2000 1 1 4 0.000417935
256000 2000 2000 1 2 6 0.000510385
256000 2000 2000 1 4 10 0.000856091
256000 2000 2000 1 8 18 0.00142078
256000 2000 2000 1 16 34 0.00282878
256000 2000 2000 1 32 68 0.00532124
256000 2000 2000 1 64 131 0.010148
256000 2000 2000 1 128 256 0.0203679
256000 2000 2000 2 2 8 0.000676707
256000 2000 2000 2 4 12 0.000995021
256000 2000 2000 2 8 20 0.00159427
256000 2000 2000 2 16 36 0.00288582
256000 2000 2000 2 32 70 0.00551342
256000 2000 2000 2 64 134 0.010463
256000 2000 2000 2 128 260 0.020646
256000 2000 2000 4 4 16 0.00130829
256000 2000 2000 4 8 24 0.00189472
256000 2000 2000 4 16 40 0.00316901
256000 2000 2000 4 32 74 0.0059015
256000 2000 2000 4 64 138 0.0108655
256000 2000 2000 4 128 264 0.0209625
256000 2000 2000 8 8 32 0.00254772
256000 2000 2000 8 16 48 0.00386823
256000 2000 2000 8 32 82 0.00638534
256000 2000 2000 8 64 146 0.0113762
256000 2000 2000 8 128 272 0.0216514
256000 2000 2000 16 16 64 0.00500269
256000 2000 2000 16 32 98 0.00779173
256000 2000 2000 16 64 162 0.0127088
256000 2000 2000 16 128 288 0.0230335
256000 2000 2000 32 32 132 0.0104501
256000 2000 2000 32 64 196 0.0157329
256000 2000 2000 32 128 321 0.0263102
256000 2000 2000 64 64 260 0.0219129
256000 2000 2000 64 128 385 0.0328765
256000 2000 2000 128 128 384 0.0337525
256000 2000 4000 1 1 4 0.000448461
256000 2000 4000 1 2 6 0.000563566
256000 2000 4000 1 4 10 0.000864737
256000 2000 4000 1 8 18 0.00148257
256000 2000 4000 1 16 34 0.00269352
256000 2000 4000 1 32 68 0.0053124
256000 2000 4000 1 64 132 0.0102103
256000 2000 4000 2 2 8 0.000659617
256000 2000 4000 2 4 12 0.000975824
256000 2000 4000 2 8 20 0.00160296
256000 2000 4000 2 16 36 0.00291751
256000 2000 4000 2 32 70 0.00540378
256000 2000 4000 2 64 134 0.0105326
256000 2000 4000 4 4 16 0.0012813
256000 2000 4000 4 8 24 0.00190889
256000 2000 4000 4 16 40 0.00317349
256000 2000 4000 4 32 74 0.00583666
256000 2000 4000 4 64 138 0.0107701
256000 2000 4000 8 8 32 0.0026383
256000 2000 4000 8 16 48 0.00384686
256000 2000 4000 8 32 82 0.00641658
256000 2000 4000 8 64 146 0.0113947
256000 2000 4000 16 16 64 0.00501499
256000 2000 4000 16 32 98 0.00766148
256000 2000 4000 16 64 162 0.012682
256000 2000 4000 32 32 132 0.0104219
256000 2000 4000 32 64 196 0.0155652
256000 2000 4000 64 64 260 0.0209901
256000 2000 8000 1 1 4 0.000441202
256000 2000 8000 1 2 6 0.000559451
256000 2000 8000 1 4 10 0.000808466
256000 2000 8000 1 8 18 0.00145594
256000 2000 8000 1 16 34 0.00265212
256000 2000 8000 2 2 8 0.000692312
256000 2000 8000 2 4 12 0.000969423
256000 2000 8000 2 8 20 0.0016645
256000 2000 8000 2 16 36 0.0027694
256000 2000 8000 4 4 16 0.00126343
256000 2000 8000 4 8 24 0.00193668
256000 2000 8000 4 16 40 0.00317351
256000 2000 8000 8 8 32 0.00256499
256000 2000 8000 8 16 48 0.00373818
256000 2000 8000 16 16 64 0.00502593
256000 4000 1000 1 1 4 0.000394102
256000 4000 1000 1 2 6 0.000566029
256000 4000 1000 1 4 10 0.000886627
256000 4000 1000 1 8 18 0.00146582
256000 4000 1000 1 16 34 0.00262829
256000 4000 1000 1 32 68 0.00542719
256000 4000 1000 1 64 132 0.0102328
256000 4000 1000 1 128 257 0.0204641
256000 4000 1000 1 256 514 0.0476335
256000 4000 1000 2 2 8 0.000699453
256000 4000 1000 2 4 12 0.00102886
256000 4000 1000 2 8 20 0.00163671
256000 4000 1000 2 16 36 0.00289433
256000 4000 1000 2 32 70 0.00552572
256000 4000 1000 2 64 134 0.0104556
256000 4000 1000 2 128 260 0.0206663
256000 4000 1000 2 256 518 0.0433497
256000 4000 1000 4 4 16 0.00139444
256000 4000 1000 4 8 24 0.00194213
256000 4000 1000 4 16 40 0.0031822
256000 4000 1000 4 32 74 0.00577227
256000 4000 1000 4 64 138 0.0108837
256000 4000 1000 4 128 264 0.0213244
256000 4000 1000 4 256 522 0.0454223
256000 4000 1000 8 8 32 0.00254454
256000 4000 1000 8 16 48 0.00376517
256000 4000 1000 8 32 82 0.00652715
256000 4000 1000 8 64 146 0.0115294
256000 4000 1000 8 128 272 0.0220274
256000 4000 1000 8 256 530 0.044961
256000 4000 1000 16 16 64 0.00505009
256000 4000 1000 16 32 98 0.0077672
256000 4000 1000 16 64 162 0.013102
256000 4000 1000 16 128 288 0.0232855
256000 4000 1000 16 256 546 0.0473643
256000 4000 1000 32 32 132 0.0108581
256000 4000 1000 32 64 196 0.0162681
256000 4000 1000 32 128 322 0.0268818
256000 4000 1000 32 256 579 0.0508445
256000 4000 1000 64 64 259 0.0242761
256000 4000 1000 64 128 385 0.035978
256000 4000 1000 64 256 642 0.0616677
256000 4000 1000 128 128 509 0.0641325
256000 4000 1000 128 256 767 0.113045
256000 4000 1000 256 256 518 0.0589982
256000 4000 2000 1 1 4 0.000362203
256000 4000 2000 1 2 6 0.000569795
256000 4000 2000 1 4 10 0.000866471
256000 4000 2000 1 8 18 0.00146104
256000 4000 2000 1 16 34 0.00266984
256000 4000 2000 1 32 68 0.00529712
256000 4000 2000 1 64 131 0.0101768
256000 4000 2000 1 128 256 0.0228489
256000 4000 2000 2 2 8 0.00073799
256000 4000 2000 2 4 12 0.0009975
256000 4000 2000 2 8 20 0.00157154
256000 4000 2000 2 16 36 0.002849
256000 4000 2000 2 32 70 0.00543584
256000 4000 2000 2 64 134 0.0104259
256000 4000 2000 2 128 260 0.0206331
256000 4000 2000 4 4 16 0.00128299
256000 4000 2000 4 8 24 0.0018731
256000 4000 2000 4 16 40 0.00311077
256000 4000 2000 4 32 74 0.00576817
256000 4000 2000 4 64 138 0.0108063
256000 4000 2000 4 128 264 0.0221805
256000 4000 2000 8 8 32 0.00247996
256000 4000 2000 8 16 48 0.00381144
256000 4000 2000 8 32 82 0.00636022
256000 4000 2000 8 64 146 0.0114249
256000 4000 2000 8 128 272 0.0220359
256000 4000 2000 16 16 64 0.00503162
256000 4000 2000 16 32 98 0.0078689
256000 4000 2000 16 64 162 0.0127207
256000 4000 2000 16 128 288 0.0238298
256000 4000 2000 32 32 132 0.0110226
256000 4000 2000 32 64 196 0.0161567
256000 4000 2000 32 128 321 0.0272218
256000 4000 2000 64 64 259 0.0242158
256000 4000 2000 64 128 384 0.0360339
256000 4000 2000 128 128 384 0.0460342
256000 4000 4000 1 1 4 0.00035637
256000 4000 4000 1 2 6 0.000553699
256000 4000 4000 1 4 10 0.000836612
256000 4000 4000 1 8 18 0.00146809
256000 4000 4000 1 16 34 0.00267713
256000 4000 4000 1 32 67 0.00531374
256000 4000 4000 1 64 130 0.0112745
256000 4000 4000 2 2 8 0.000712427
256000 4000 4000 2 4 12 0.000972955
256000 4000 4000 2 8 20 0.00160411
256000 4000 4000 2 16 36 0.00290073
256000 4000 4000 2 32 70 0.0054044
256000 4000 4000 2 64 134 0.011399
256000 4000 4000 4 4 16 0.00130494
256000 4000 4000 4 8 24 0.00191924
256000 4000 4000 4 16 40 0.00316053
256000 4000 4000 4 32 74 0.00573305
256000 4000 4000 4 64 138 0.0107932
256000 4000 4000 8 8 32 0.00258994
256000 4000 4000 8 16 48 0.0038019
256000 4000 4000 8 32 82 0.00633924
256000 4000 4000 8 64 146 0.0118398
256000 4000 4000 16 16 64 0.00508088
256000 4000 4000 16 32 98 0.00767769
256000 4000 4000 16 64 162 0.0129044
256000 4000 4000 32 32 132 0.0109206
256000 4000 4000 32 64 195 0.016307
256000 4000 4000 64 64 131 0.010522
256000 4000 8000 1 1 4 0.000375618
256000 4000 8000 1 2 6 0.000539969
256000 4000 8000 1 4 10 0.000822201
256000 4000 8000 1 8 18 0.00140343
256000 4000 8000 1 16 34 0.00263116
256000 4000 8000 1 32 68 0.00598949
256000 4000 8000 2 2 8 0.000682765
256000 4000 8000 2 4 12 0.000961225
256000 4000 8000 2 8 20 0.00158057
256000 4000 8000 2 16 36 0.00286521
256000 4000 8000 2 32 70 0.00589743
256000 4000 8000 4 4 16 0.00128635
256000 4000 8000 4 8 24 0.00193946
256000 4000 8000 4 16 40 0.00321147
256000 4000 8000 4 32 74 0.00581001
256000 4000 8000 8 8 32 0.00259874
256000 4000 8000 8 16 48 0.00375835
256000 4000 8000 8 32 82 0.00635731
256000 4000 8000 16 16 64 0.00519251
256000 4000 8000 16 32 98 0.00789909
256000 4000 8000 32 32 132 0.0104651
256000 8000 1000 1 1 4 0.000367271
256000 8000 1000 1 2 6 0.000536638
256000 8000 1000 1 4 10 0.000977712
256000 8000 1000 1 8 18 0.00157669
256000 8000 1000 1 16 34 0.00269171
256000 8000 1000 1 32 68 0.00526651
256000 8000 1000 1 64 132 0.0102526
256000 8000 1000 1 128 257 0.0204377
256000 8000 1000 1 256 514 0.0429591
256000 8000 1000 2 2 8 0.000677665
256000 8000 1000 2 4 12 0.00112287
256000 8000 1000 2 8 20 0.00171879
256000 8000 1000 2 16 36 0.00283046
256000 8000 1000 2 32 70 0.00540972
256000 8000 1000 2 64 134 0.0104011
256000 8000 1000 2 128 260 0.0206684
256000 8000 1000 2 256 518 0.0433063
256000 8000 1000 4 4 16 0.00143661
256000 8000 1000 4 8 24 0.00214698
256000 8000 1000 4 16 40 0.00317905
256000 8000 1000 4 32 74 0.0056779
256000 8000 1000 4 64 138 0.0107495
256000 8000 1000 4 128 264 0.0210456
256000 8000 1000 4 256 522 0.0436989
256000 8000 1000 8 8 32 0.00267743
256000 8000 1000 8 16 48 0.00382144
256000 8000 1000 8 32 82 0.00639283
256000 8000 1000 8 64 146 0.011627
256000 8000 1000 8 128 272 0.0219281
256000 8000 1000 8 256 530 0.0451503
256000 8000 1000 16 16 64 0.00526387
256000 8000 1000 16 32 98 0.00804374
256000 8000 1000 16 64 162 0.0133071
256000 8000 1000 16 128 288 0.0238604
256000 8000 1000 16 256 546 0.057065
256000 8000 1000 32 32 131 0.0150525
256000 8000 1000 32 64 195 0.0217541
256000 8000 1000 32 128 321 0.0290984
256000 8000 1000 32 256 578 0.0648481
256000 8000 1000 64 64 258 0.0377078
256000 8000 1000 64 128 384 0.0448256
256000 8000 1000 64 256 641 0.0892454
256000 8000 1000 128 128 505 0.113522
256000 8000 1000 128 256 763 0.178082
256000 8000 1000 256 256 522 0.10045
256000 8000 2000 1 1 4 0.000379205
256000 8000 2000 1 2 6 0.000519514
256000 8000 2000 1 4 10 0.000854569
256000 8000 2000 1 8 18 0.00142848
256000 8000 2000 1 16 34 0.00261058
256000 8000 2000 1 32 68 0.00516231
256000 8000 2000 1 64 131 0.0102319
256000 8000 2000 1 128 256 0.0202454
256000 8000 2000 2 2 8 0.000693351
256000 8000 2000 2 4 12 0.0010462
256000 8000 2000 2 8 20 0.0016362
256000 8000 2000 2 16 36 0.00276254
256000 8000 2000 2 32 70 0.00542578
256000 8000 2000 2 64 134 0.010392
256000 8000 2000 2 128 260 0.0207839
256000 8000 2000 4 4 16 0.00137012
256000 8000 2000 4 8 24 0.0019701
256000 8000 2000 4 16 40 0.00319403
256000 8000 2000 4 32 74 0.00578864
256000 8000 2000 4 64 138 0.0108439
256000 8000 2000 4 128 264 0.0211603
256000 8000 2000 8 8 32 0.00258211
256000 8000 2000 8 16 48 0.00375669
256000 8000 2000 8 32 82 0.00645194
256000 8000 2000 8 64 146 0.0116956
256000 8000 2000 8 128 272 0.0219334
256000 8000 2000 16 16 64 0.0052297
256000 8000 2000 16 32 98 0.00797232
256000 8000 2000 16 64 162 0.0132651
256000 8000 2000 16 128 288 0.02388
256000 8000 2000 32 32 131 0.0120137
256000 8000 2000 32 64 195 0.0176497
256000 8000 2000 32 128 320 0.0288641
256000 8000 2000 64 64 257 0.0312347
256000 8000 2000 64 128 382 0.0449807
256000 8000 2000 128 128 384 0.047481
256000 8000 4000 1 1 4 0.000395419
256000 8000 4000 1 2 6 0.000531556
256000 8000 4000 1 4 10 0.000810252
256000 8000 4000 1 8 18 0.00143902
256000 8000 4000 1 16 34 0.00264521
256000 8000 4000 1 32 67 0.0051851
256000 8000 4000 1 64 130 0.0101512
256000 8000 4000 2 2 8 0.000673136
256000 8000 4000 2 4 12 0.000965691
256000 8000 4000 2 8 20 0.00156313
256000 8000 4000 2 16 36 0.00272919
256000 8000 4000 2 32 70 0.00545198
256000 8000 4000 2 64 134 0.0103739
256000 8000 4000 4 4 16 0.00141601
256000 8000 4000 4 8 24 0.00193304
256000 8000 4000 4 16 40 0.00314703
256000 8000 4000 4 32 74 0.00573027
256000 8000 4000 4 64 138 0.0107762
256000 8000 4000 8 8 32 0.00253736
256000 8000 4000 8 16 48 0.00381605
256000 8000 4000 8 32 82 0.00648206
256000 8000 4000 8 64 146 0.011598
256000 8000 4000 16 16 64 0.00528383
256000 8000 4000 16 32 98 0.00808542
256000 8000 4000 16 64 162 0.0131728
256000 8000 4000 32 32 131 0.0153785
256000 8000 4000 32 64 194 0.0175242
256000 8000 4000 64 64 132 0.0112449
256000 8000 8000 1 1 4 0.000359644
256000 8000 8000 1 2 6 0.000511279
256000 8000 8000 1 4 10 0.000815614
256000 8000 8000 1 8 18 0.00148605
256000 8000 8000 1 16 33 0.00267632
256000 8000 8000 1 32 66 0.00511665
256000 8000 8000 2 2 8 0.000705262
256000 8000 8000 2 4 12 0.00102133
256000 8000 8000 2 8 20 0.00159276
256000 8000 8000 2 16 36 0.00283197
256000 8000 8000 2 32 70 0.00543243
256000 8000 8000 4 4 16 0.00137065
256000 8000 8000 4 8 24 0.00199406
256000 8000 8000 4 16 40 0.003186
256000 8000 8000 4 32 74 0.00578267
256000 8000 8000 8 8 32 0.0025533
256000 8000 8000 8 16 48 0.00385251
256000 8000 8000 8 32 82 0.00642696
256000 8000 8000 16 16 64 0.00525778
256000 8000 8000 16 32 98 0.00797376
256000 8000 8000 32 32 67 0.00532656
