64000 1000 1000 1 1 4 0.000155943
64000 1000 1000 1 2 6 9.69715e-05
64000 1000 1000 1 4 10 0.000325013
64000 1000 1000 1 8 18 0.000584034
64000 1000 1000 1 16 34 0.00114659
64000 1000 1000 1 32 67 0.00109948
64000 1000 1000 1 64 130 0.00235359
64000 1000 1000 2 2 8 0.000113294
64000 1000 1000 2 4 12 0.000429198
64000 1000 1000 2 8 20 0.000731031
64000 1000 1000 2 16 36 0.00121352
64000 1000 1000 2 32 70 0.00116295
64000 1000 1000 2 64 134 0.00245421
64000 1000 1000 4 4 16 0.000577046
64000 1000 1000 4 8 24 0.000837219
64000 1000 1000 4 16 40 0.00138748
64000 1000 1000 4 32 74 0.00116409
64000 1000 1000 4 64 138 0.00237578
64000 1000 1000 8 8 32 0.00122194
64000 1000 1000 8 16 48 0.00175815
64000 1000 1000 8 32 82 0.00128243
64000 1000 1000 8 64 146 0.00253185
64000 1000 1000 16 16 64 0.00249862
64000 1000 1000 16 32 98 0.0015081
64000 1000 1000 16 64 162 0.00294417
64000 1000 1000 32 32 132 0.00246365
64000 1000 1000 32 64 195 0.00394156
64000 1000 1000 64 64 131 0.002722
64000 1000 2000 1 1 4 0.00015809
64000 1000 2000 1 2 6 0.00013017
64000 1000 2000 1 4 10 0.000188123
64000 1000 2000 1 8 18 0.000307509
64000 1000 2000 1 16 34 0.00117194
64000 1000 2000 1 32 68 0.00110034
64000 1000 2000 2 2 8 0.000185154
64000 1000 2000 2 4 12 0.000207603
64000 1000 2000 2 8 20 0.000315755
64000 1000 2000 2 16 36 0.00126744
64000 1000 2000 2 32 70 0.00117012
64000 1000 2000 4 4 16 0.000247411
64000 1000 2000 4 8 24 0.000356892
64000 1000 2000 4 16 40 0.00145026
64000 1000 2000 4 32 74 0.00118125
64000 1000 2000 8 8 32 0.000441783
64000 1000 2000 8 16 48 0.00177163
64000 1000 2000 8 32 82 0.00128958
64000 1000 2000 16 16 64 0.00255244
64000 1000 2000 16 32 98 0.0014486
64000 1000 2000 32 32 132 0.00187178
64000 1000 4000 1 1 4 4.70085e-05
64000 1000 4000 1 2 6 0.000205681
64000 1000 4000 1 4 10 0.000183277
64000 1000 4000 1 8 18 0.000584856
64000 1000 4000 2 2 8 0.000309689
64000 1000 4000 2 4 12 0.000200043
64000 1000 4000 2 8 20 0.000664285
64000 1000 4000 4 4 16 0.000229414
64000 1000 4000 4 8 24 0.000872575
64000 1000 4000 8 8 32 0.00126393
64000 1000 8000 1 1 4 0.000157333
64000 1000 8000 1 2 6 0.000216883
64000 1000 8000 1 4 10 0.000349024
64000 1000 8000 2 2 8 0.000296352
64000 1000 8000 2 4 12 0.000422943
64000 1000 8000 4 4 16 0.000578121
64000 2000 1000 1 1 4 0.000147668
64000 2000 1000 1 2 6 0.000114114
64000 2000 1000 1 4 10 0.00028953
64000 2000 1000 1 8 18 0.000571668
64000 2000 1000 1 16 34 0.000628859
64000 2000 1000 1 32 67 0.00120502
64000 2000 1000 1 64 130 0.00242117
64000 2000 1000 2 2 8 0.000131778
64000 2000 1000 2 4 12 0.000391423
64000 2000 1000 2 8 20 0.000643842
64000 2000 1000 2 16 36 0.0006184
64000 2000 1000 2 32 70 0.00123243
64000 2000 1000 2 64 134 0.00248432
64000 2000 1000 4 4 16 0.000570172
64000 2000 1000 4 8 24 0.000843626
64000 2000 1000 4 16 40 0.000699717
64000 2000 1000 4 32 74 0.0012567
64000 2000 1000 4 64 138 0.00256176
64000 2000 1000 8 8 32 0.00121101
64000 2000 1000 8 16 48 0.000769654
64000 2000 1000 8 32 82 0.00142243
64000 2000 1000 8 64 146 0.00265485
64000 2000 1000 16 16 64 0.00118106
64000 2000 1000 16 32 98 0.00191824
64000 2000 1000 16 64 162 0.00341622
64000 2000 1000 32 32 131 0.0035797
64000 2000 1000 32 64 194 0.00537003
64000 2000 1000 64 64 132 0.00340275
64000 2000 2000 1 1 4 5.40884e-05
64000 2000 2000 1 2 6 0.000166344
64000 2000 2000 1 4 10 0.000334987
64000 2000 2000 1 8 18 0.000312514
64000 2000 2000 1 16 33 0.000568308
64000 2000 2000 1 32 66 0.00113996
64000 2000 2000 2 2 8 0.0002806
64000 2000 2000 2 4 12 0.00041108
64000 2000 2000 2 8 20 0.000334634
64000 2000 2000 2 16 36 0.000580112
64000 2000 2000 2 32 70 0.00117415
64000 2000 2000 4 4 16 0.000605991
64000 2000 2000 4 8 24 0.000379949
64000 2000 2000 4 16 40 0.000657542
64000 2000 2000 4 32 74 0.00125492
64000 2000 2000 8 8 32 0.000445119
64000 2000 2000 8 16 48 0.000727236
64000 2000 2000 8 32 82 0.0013322
64000 2000 2000 16 16 64 0.00116286
64000 2000 2000 16 32 98 0.00188655
64000 2000 2000 32 32 67 0.00126671
64000 2000 4000 1 1 4 4.86472e-05
64000 2000 4000 1 2 6 0.000200794
64000 2000 4000 1 4 10 0.000194839
64000 2000 4000 1 8 18 0.000624203
64000 2000 4000 1 16 34 0.00115536
64000 2000 4000 2 2 8 0.000279092
64000 2000 4000 2 4 12 0.000203916
64000 2000 4000 2 8 20 0.000689094
64000 2000 4000 2 16 36 0.00120213
64000 2000 4000 4 4 16 0.000237917
64000 2000 4000 4 8 24 0.000903936
64000 2000 4000 4 16 40 0.00148152
64000 2000 4000 8 8 32 0.00127558
64000 2000 4000 8 16 48 0.00187104
64000 2000 4000 16 16 64 0.00243453
64000 2000 8000 1 1 4 0.000152583
64000 2000 8000 1 2 6 0.00012605
64000 2000 8000 1 4 10 0.000330122
64000 2000 8000 2 2 8 0.000139098
64000 2000 8000 2 4 12 0.00040879
64000 2000 8000 4 4 16 0.000614862
64000 4000 1000 1 1 4 4.78414e-05
64000 4000 1000 1 2 6 0.000254572
64000 4000 1000 1 4 10 0.000281666
64000 4000 1000 1 8 18 0.000539149
64000 4000 1000 1 16 34 0.00111938
64000 4000 1000 1 32 67 0.00221205
64000 4000 1000 1 64 130 0.00240499
64000 4000 1000 2 2 8 0.000344607
64000 4000 1000 2 4 12 0.000296696
64000 4000 1000 2 8 20 0.000628229
64000 4000 1000 2 16 36 0.00119871
64000 4000 1000 2 32 70 0.00249363
64000 4000 1000 2 64 134 0.00245036
64000 4000 1000 4 4 16 0.000313034
64000 4000 1000 4 8 24 0.000806716
64000 4000 1000 4 16 40 0.00136477
64000 4000 1000 4 32 74 0.0026444
64000 4000 1000 4 64 138 0.00272046
64000 4000 1000 8 8 32 0.00126398
64000 4000 1000 8 16 48 0.00181085
64000 4000 1000 8 32 82 0.0032372
64000 4000 1000 8 64 146 0.00305054
64000 4000 1000 16 16 63 0.00325575
64000 4000 1000 16 32 97 0.00476234
64000 4000 1000 16 64 161 0.00433048
64000 4000 1000 32 32 129 0.0106397
64000 4000 1000 32 64 192 0.0101594
64000 4000 1000 64 64 134 0.00584433
64000 4000 2000 1 1 4 6.58702e-05
64000 4000 2000 1 2 6 0.000108281
64000 4000 2000 1 4 10 0.000296337
64000 4000 2000 1 8 18 0.000335613
64000 4000 2000 1 16 33 0.000583219
64000 4000 2000 1 32 66 0.00226694
64000 4000 2000 2 2 8 0.000130242
64000 4000 2000 2 4 12 0.000388881
64000 4000 2000 2 8 20 0.000372726
64000 4000 2000 2 16 36 0.000668146
64000 4000 2000 2 32 70 0.0024447
64000 4000 2000 4 4 16 0.000549848
64000 4000 2000 4 8 24 0.000421793
64000 4000 2000 4 16 40 0.000712488
64000 4000 2000 4 32 74 0.00270532
64000 4000 2000 8 8 32 0.00064831
64000 4000 2000 8 16 48 0.000959502
64000 4000 2000 8 32 82 0.00322008
64000 4000 2000 16 16 63 0.00176575
64000 4000 2000 16 32 97 0.00470563
64000 4000 2000 32 32 68 0.00276395
64000 4000 4000 1 1 4 4.64461e-05
64000 4000 4000 1 2 6 0.000162343
64000 4000 4000 1 4 10 0.000322764
64000 4000 4000 1 8 17 0.000552044
64000 4000 4000 1 16 32 0.00056023
64000 4000 4000 2 2 8 0.00026042
64000 4000 4000 2 4 12 0.000430385
64000 4000 4000 2 8 20 0.000719503
64000 4000 4000 2 16 36 0.000616571
64000 4000 4000 4 4 16 0.000620225
64000 4000 4000 4 8 24 0.000916893
64000 4000 4000 4 16 40 0.000659692
64000 4000 4000 8 8 32 0.00128509
64000 4000 4000 8 16 48 0.000889401
64000 4000 4000 16 16 48 0.000936031
64000 4000 8000 1 1 4 0.000150368
64000 4000 8000 1 2 6 0.000195314
64000 4000 8000 1 4 10 0.000183254
64000 4000 8000 1 8 18 0.000309742
64000 4000 8000 2 2 8 0.00027535
64000 4000 8000 2 4 12 0.000203667
64000 4000 8000 2 8 20 0.000329885
64000 4000 8000 4 4 16 0.000252567
64000 4000 8000 4 8 24 0.00039226
64000 4000 8000 8 8 32 0.000459313
64000 8000 1000 1 1 4 4.59969e-05
64000 8000 1000 1 2 6 0.000116269
64000 8000 1000 1 4 10 0.000401364
64000 8000 1000 1 8 18 0.000601266
64000 8000 1000 1 16 34 0.0010211
64000 8000 1000 1 32 67 0.00134539
64000 8000 1000 1 64 130 0.00251915
64000 8000 1000 2 2 8 0.000134469
64000 8000 1000 2 4 12 0.000413136
64000 8000 1000 2 8 20 0.000627258
64000 8000 1000 2 16 36 0.00113503
64000 8000 1000 2 32 70 0.00138904
64000 8000 1000 2 64 134 0.00259732
64000 8000 1000 4 4 16 0.000887617
64000 8000 1000 4 8 24 0.00133653
64000 8000 1000 4 16 40 0.00140629
64000 8000 1000 4 32 74 0.00153367
64000 8000 1000 4 64 138 0.00291706
64000 8000 1000 8 8 31 0.00227629
64000 8000 1000 8 16 47 0.00215031
64000 8000 1000 8 32 81 0.00219116
64000 8000 1000 8 64 145 0.00401446
64000 8000 1000 16 16 62 0.00470723
64000 8000 1000 16 32 96 0.00500378
64000 8000 1000 16 64 160 0.00781714
64000 8000 1000 32 32 125 0.0185403
64000 8000 1000 32 64 188 0.0253061
64000 8000 1000 64 64 138 0.0144624
64000 8000 2000 1 1 4 0.000152502
64000 8000 2000 1 2 6 0.000110687
64000 8000 2000 1 4 10 0.000419727
64000 8000 2000 1 8 18 0.000391454
64000 8000 2000 1 16 33 0.000664156
64000 8000 2000 1 32 66 0.00123641
64000 8000 2000 2 2 8 0.000123555
64000 8000 2000 2 4 12 0.000497456
64000 8000 2000 2 8 20 0.000392449
64000 8000 2000 2 16 36 0.000679018
64000 8000 2000 2 32 70 0.00127063
64000 8000 2000 4 4 16 0.0010285
64000 8000 2000 4 8 24 0.000530108
64000 8000 2000 4 16 40 0.000837434
64000 8000 2000 4 32 74 0.00147228
64000 8000 2000 8 8 31 0.000967431
64000 8000 2000 8 16 47 0.00140281
64000 8000 2000 8 32 81 0.00223631
64000 8000 2000 16 16 61 0.00336206
64000 8000 2000 16 32 95 0.00482237
64000 8000 2000 32 32 70 0.00295709
64000 8000 4000 1 1 4 4.59495e-05
64000 8000 4000 1 2 6 0.000252418
64000 8000 4000 1 4 10 0.000233506
64000 8000 4000 1 8 17 0.000538535
64000 8000 4000 1 16 32 0.000624159
64000 8000 4000 2 2 8 0.000349306
64000 8000 4000 2 4 12 0.000249426
64000 8000 4000 2 8 20 0.000664583
64000 8000 4000 2 16 36 0.000656783
64000 8000 4000 4 4 16 0.000354471
64000 8000 4000 4 8 24 0.000850292
64000 8000 4000 4 16 40 0.000809505
64000 8000 4000 8 8 31 0.00149897
64000 8000 4000 8 16 47 0.00127196
64000 8000 4000 16 16 48 0.00136681
64000 8000 8000 1 1 4 0.000147605
64000 8000 8000 1 2 6 0.000165208
64000 8000 8000 1 4 9 0.000282919
64000 8000 8000 1 8 16 0.000296222
64000 8000 8000 2 2 8 0.000249334
64000 8000 8000 2 4 12 0.00041522
64000 8000 8000 2 8 20 0.00033618
64000 8000 8000 4 4 16 0.000600894
64000 8000 8000 4 8 24 0.000478547
64000 8000 8000 8 8 24 0.000485458
128000 1000 1000 1 1 4 4.49757e-05
128000 1000 1000 1 2 6 9.26958e-05
128000 1000 1000 1 4 10 0.000322808
128000 1000 1000 1 8 18 0.000301925
128000 1000 1000 1 16 34 0.00107962
128000 1000 1000 1 32 68 0.00115146
128000 1000 1000 1 64 131 0.00489984
128000 1000 1000 1 128 256 0.00505824
128000 1000 1000 2 2 8 0.000114659
128000 1000 1000 2 4 12 0.000424681
128000 1000 1000 2 8 20 0.00032916
128000 1000 1000 2 16 36 0.00127091
128000 1000 1000 2 32 70 0.00116219
128000 1000 1000 2 64 134 0.00479494
128000 1000 1000 2 128 260 0.00508406
128000 1000 1000 4 4 16 0.000597003
128000 1000 1000 4 8 24 0.000368564
128000 1000 1000 4 16 40 0.00144894
128000 1000 1000 4 32 74 0.00119893
128000 1000 1000 4 64 138 0.00508429
128000 1000 1000 4 128 264 0.00521041
128000 1000 1000 8 8 32 0.000428971
128000 1000 1000 8 16 48 0.0018011
128000 1000 1000 8 32 82 0.00128158
128000 1000 1000 8 64 146 0.00541268
128000 1000 1000 8 128 272 0.0053888
128000 1000 1000 16 16 64 0.00253279
128000 1000 1000 16 32 98 0.00148066
128000 1000 1000 16 64 162 0.00618743
128000 1000 1000 16 128 288 0.00570185
128000 1000 1000 32 32 132 0.00189569
128000 1000 1000 32 64 196 0.00787435
128000 1000 1000 32 128 321 0.00653869
128000 1000 1000 64 64 260 0.0122354
128000 1000 1000 64 128 385 0.00900259
128000 1000 1000 128 128 384 0.0102113
128000 1000 2000 1 1 4 0.000169163
128000 1000 2000 1 2 6 0.000124913
128000 1000 2000 1 4 10 0.000321788
128000 1000 2000 1 8 18 0.000613106
128000 1000 2000 1 16 34 0.000552879
128000 1000 2000 1 32 68 0.00231095
128000 1000 2000 1 64 132 0.0045956
128000 1000 2000 2 2 8 0.000139309
128000 1000 2000 2 4 12 0.00040971
128000 1000 2000 2 8 20 0.000666652
128000 1000 2000 2 16 36 0.000569751
128000 1000 2000 2 32 70 0.00241666
128000 1000 2000 2 64 134 0.00485974
128000 1000 2000 4 4 16 0.000607039
128000 1000 2000 4 8 24 0.000890854
128000 1000 2000 4 16 40 0.000650142
128000 1000 2000 4 32 74 0.0028373
128000 1000 2000 4 64 138 0.00502488
128000 1000 2000 8 8 32 0.00123785
128000 1000 2000 8 16 48 0.000713212
128000 1000 2000 8 32 82 0.00304526
128000 1000 2000 8 64 146 0.00537654
128000 1000 2000 16 16 64 0.000848074
128000 1000 2000 16 32 98 0.00382916
128000 1000 2000 16 64 162 0.00616238
128000 1000 2000 32 32 132 0.00547379
128000 1000 2000 32 64 196 0.00800707
128000 1000 2000 64 64 260 0.0110466
128000 1000 4000 1 1 4 0.000159372
128000 1000 4000 1 2 6 0.0002026
128000 1000 4000 1 4 10 0.000191701
128000 1000 4000 1 8 18 0.000321101
128000 1000 4000 1 16 34 0.000590513
128000 1000 4000 2 2 8 0.000293488
128000 1000 4000 2 4 12 0.000209598
128000 1000 4000 2 8 20 0.000340748
128000 1000 4000 2 16 36 0.000602173
128000 1000 4000 4 4 16 0.000243367
128000 1000 4000 4 8 24 0.000347561
128000 1000 4000 4 16 40 0.00060811
128000 1000 4000 8 8 32 0.000425016
128000 1000 4000 8 16 48 0.000685165
128000 1000 4000 16 16 64 0.000882388
128000 1000 8000 1 1 4 0.000150978
128000 1000 8000 1 2 6 0.000126383
128000 1000 8000 1 4 10 0.000183893
128000 1000 8000 1 8 18 0.000306284
128000 1000 8000 2 2 8 0.000139056
128000 1000 8000 2 4 12 0.000202052
128000 1000 8000 2 8 20 0.000316859
128000 1000 8000 4 4 16 0.00023299
128000 1000 8000 4 8 24 0.000351646
128000 1000 8000 8 8 32 0.000420809
128000 2000 1000 1 1 4 0.000158395
128000 2000 1000 1 2 6 0.000263115
128000 2000 1000 1 4 10 0.000220572
128000 2000 1000 1 8 18 0.00036444
128000 2000 1000 1 16 34 0.00106988
128000 2000 1000 1 32 68 0.00110643
128000 2000 1000 1 64 131 0.00224923
128000 2000 1000 1 128 256 0.00937075
128000 2000 1000 2 2 8 0.000371485
128000 2000 1000 2 4 12 0.000234822
128000 2000 1000 2 8 20 0.000352075
128000 2000 1000 2 16 36 0.0011759
128000 2000 1000 2 32 70 0.00115182
128000 2000 1000 2 64 134 0.00244289
128000 2000 1000 2 128 260 0.00987497
128000 2000 1000 4 4 16 0.00030601
128000 2000 1000 4 8 24 0.000403502
128000 2000 1000 4 16 40 0.00138377
128000 2000 1000 4 32 74 0.00120404
128000 2000 1000 4 64 138 0.00248621
128000 2000 1000 4 128 264 0.0101409
128000 2000 1000 8 8 32 0.000465995
128000 2000 1000 8 16 48 0.00178386
128000 2000 1000 8 32 82 0.00138511
128000 2000 1000 8 64 146 0.00258967
128000 2000 1000 8 128 272 0.0105073
128000 2000 1000 16 16 64 0.00251668
128000 2000 1000 16 32 98 0.00156703
128000 2000 1000 16 64 162 0.00292497
128000 2000 1000 16 128 288 0.0116599
128000 2000 1000 32 32 132 0.00253079
128000 2000 1000 32 64 196 0.0039729
128000 2000 1000 32 128 321 0.0140608
128000 2000 1000 64 64 259 0.00775546
128000 2000 1000 64 128 384 0.0210597
128000 2000 1000 128 128 384 0.0222423
128000 2000 2000 1 1 4 4.83767e-05
128000 2000 2000 1 2 6 0.000167548
128000 2000 2000 1 4 10 0.000334075
128000 2000 2000 1 8 18 0.000600175
128000 2000 2000 1 16 34 0.000574965
128000 2000 2000 1 32 67 0.00238241
128000 2000 2000 1 64 130 0.00222169
128000 2000 2000 2 2 8 0.000244903
128000 2000 2000 2 4 12 0.000405115
128000 2000 2000 2 8 20 0.000670311
128000 2000 2000 2 16 36 0.000594733
128000 2000 2000 2 32 70 0.0024401
128000 2000 2000 2 64 134 0.00238922
128000 2000 2000 4 4 16 0.000598309
128000 2000 2000 4 8 24 0.000884566
128000 2000 2000 4 16 40 0.000648181
128000 2000 2000 4 32 74 0.00267464
128000 2000 2000 4 64 138 0.00248245
128000 2000 2000 8 8 32 0.00125769
128000 2000 2000 8 16 48 0.000731615
128000 2000 2000 8 32 82 0.00298289
128000 2000 2000 8 64 146 0.00260146
128000 2000 2000 16 16 64 0.000858631
128000 2000 2000 16 32 98 0.00383607
128000 2000 2000 16 64 162 0.00285492
128000 2000 2000 32 32 132 0.00591952
128000 2000 2000 32 64 195 0.00395628
128000 2000 2000 64 64 131 0.00276207
128000 2000 4000 1 1 4 0.000156478
128000 2000 4000 1 2 6 0.000200399
128000 2000 4000 1 4 10 0.000193782
128000 2000 4000 1 8 18 0.000615438
128000 2000 4000 1 16 34 0.000583344
128000 2000 4000 1 32 68 0.00240781
128000 2000 4000 2 2 8 0.000285269
128000 2000 4000 2 4 12 0.000200975
128000 2000 4000 2 8 20 0.000698495
128000 2000 4000 2 16 36 0.000585822
128000 2000 4000 2 32 70 0.00239597
128000 2000 4000 4 4 16 0.000231189
128000 2000 4000 4 8 24 0.000852441
128000 2000 4000 4 16 40 0.000616588
128000 2000 4000 4 32 74 0.00267404
128000 2000 4000 8 8 32 0.00126031
128000 2000 4000 8 16 48 0.000725906
128000 2000 4000 8 32 82 0.0029847
128000 2000 4000 16 16 64 0.00087446
128000 2000 4000 16 32 98 0.00376262
128000 2000 4000 32 32 132 0.00514789
128000 2000 8000 1 1 4 4.87685e-05
128000 2000 8000 1 2 6 0.000131448
128000 2000 8000 1 4 10 0.000336237
128000 2000 8000 1 8 18 0.000612239
128000 2000 8000 2 2 8 0.000148374
128000 2000 8000 2 4 12 0.000435371
128000 2000 8000 2 8 20 0.000706772
128000 2000 8000 4 4 16 0.000615576
128000 2000 8000 4 8 24 0.00089863
128000 2000 8000 8 8 32 0.00125599
128000 4000 1000 1 1 4 0.000150191
128000 4000 1000 1 2 6 0.000109193
128000 4000 1000 1 4 10 0.00040482
128000 4000 1000 1 8 18 0.000535985
128000 4000 1000 1 16 34 0.000633427
128000 4000 1000 1 32 68 0.00220424
128000 4000 1000 1 64 131 0.00245826
128000 4000 1000 1 128 256 0.0052901
128000 4000 1000 2 2 8 0.000123696
128000 4000 1000 2 4 12 0.000493245
128000 4000 1000 2 8 20 0.000628633
128000 4000 1000 2 16 36 0.000681119
128000 4000 1000 2 32 70 0.00240313
128000 4000 1000 2 64 134 0.002509
128000 4000 1000 2 128 260 0.00508428
128000 4000 1000 4 4 16 0.000698237
128000 4000 1000 4 8 24 0.00081339
128000 4000 1000 4 16 40 0.000722682
128000 4000 1000 4 32 74 0.00261136
128000 4000 1000 4 64 138 0.0024155
128000 4000 1000 4 128 264 0.00525399
128000 4000 1000 8 8 32 0.00113932
128000 4000 1000 8 16 48 0.000795315
128000 4000 1000 8 32 82 0.00308157
128000 4000 1000 8 64 146 0.002745
128000 4000 1000 8 128 272 0.00575533
128000 4000 1000 16 16 64 0.0012235
128000 4000 1000 16 32 98 0.00393781
128000 4000 1000 16 64 162 0.0032784
128000 4000 1000 16 128 288 0.00663223
128000 4000 1000 32 32 131 0.00693482
128000 4000 1000 32 64 195 0.00554658
128000 4000 1000 32 128 320 0.00954251
128000 4000 1000 64 64 257 0.015119
128000 4000 1000 64 128 382 0.0216608
128000 4000 1000 128 128 384 0.0236532
128000 4000 2000 1 1 4 4.68378e-05
128000 4000 2000 1 2 6 0.000112693
128000 4000 2000 1 4 10 0.000251651
128000 4000 2000 1 8 18 0.000573022
128000 4000 2000 1 16 34 0.000603326
128000 4000 2000 1 32 67 0.0023448
128000 4000 2000 1 64 130 0.00231393
128000 4000 2000 2 2 8 0.000127723
128000 4000 2000 2 4 12 0.000231942
128000 4000 2000 2 8 20 0.00065146
128000 4000 2000 2 16 36 0.000640969
128000 4000 2000 2 32 70 0.00249393
128000 4000 2000 2 64 134 0.00242068
128000 4000 2000 4 4 16 0.000263606
128000 4000 2000 4 8 24 0.000811871
128000 4000 2000 4 16 40 0.000660618
128000 4000 2000 4 32 74 0.0025533
128000 4000 2000 4 64 138 0.00251934
128000 4000 2000 8 8 32 0.00126587
128000 4000 2000 8 16 48 0.000730117
128000 4000 2000 8 32 82 0.00302112
128000 4000 2000 8 64 146 0.0025603
128000 4000 2000 16 16 64 0.00116913
128000 4000 2000 16 32 98 0.00397853
128000 4000 2000 16 64 162 0.00334055
128000 4000 2000 32 32 131 0.00689183
128000 4000 2000 32 64 194 0.00543075
128000 4000 2000 64 64 132 0.00337921
128000 4000 4000 1 1 4 0.000158847
128000 4000 4000 1 2 6 9.62959e-05
128000 4000 4000 1 4 10 0.000332685
128000 4000 4000 1 8 18 0.000618203
128000 4000 4000 1 16 33 0.00110971
128000 4000 4000 1 32 66 0.0011125
128000 4000 4000 2 2 8 0.000111608
128000 4000 4000 2 4 12 0.000417452
128000 4000 4000 2 8 20 0.000708329
128000 4000 4000 2 16 36 0.00129646
128000 4000 4000 2 32 70 0.00121254
128000 4000 4000 4 4 16 0.000598256
128000 4000 4000 4 8 24 0.000894965
128000 4000 4000 4 16 40 0.00150915
128000 4000 4000 4 32 74 0.00127726
128000 4000 4000 8 8 32 0.00125587
128000 4000 4000 8 16 48 0.00180902
128000 4000 4000 8 32 82 0.00136193
128000 4000 4000 16 16 64 0.00271069
128000 4000 4000 16 32 98 0.00182934
128000 4000 4000 32 32 67 0.00126698
128000 4000 8000 1 1 4 5.02916e-05
128000 4000 8000 1 2 6 0.000209103
128000 4000 8000 1 4 10 0.000195316
128000 4000 8000 1 8 18 0.000618049
128000 4000 8000 1 16 34 0.000609009
128000 4000 8000 2 2 8 0.000278869
128000 4000 8000 2 4 12 0.000201201
128000 4000 8000 2 8 20 0.000668414
128000 4000 8000 2 16 36 0.000582897
128000 4000 8000 4 4 16 0.000232717
128000 4000 8000 4 8 24 0.000882926
128000 4000 8000 4 16 40 0.000648895
128000 4000 8000 8 8 32 0.00126555
128000 4000 8000 8 16 48 0.000757385
128000 4000 8000 16 16 64 0.000868802
128000 8000 1000 1 1 4 5.9294e-05
128000 8000 1000 1 2 6 0.000254991
128000 8000 1000 1 4 10 0.00058009
128000 8000 1000 1 8 18 0.000608387
128000 8000 1000 1 16 34 0.00103861
128000 8000 1000 1 32 68 0.00217972
128000 8000 1000 1 64 131 0.00463251
128000 8000 1000 1 128 256 0.00530823
128000 8000 1000 2 2 8 0.00034234
128000 8000 1000 2 4 12 0.000680049
128000 8000 1000 2 8 20 0.000648217
128000 8000 1000 2 16 36 0.00108808
128000 8000 1000 2 32 70 0.00229491
128000 8000 1000 2 64 134 0.00476914
128000 8000 1000 2 128 260 0.00546505
128000 8000 1000 4 4 16 0.000861516
128000 8000 1000 4 8 24 0.000659938
128000 8000 1000 4 16 40 0.00122147
128000 8000 1000 4 32 74 0.00250188
128000 8000 1000 4 64 138 0.00510084
128000 8000 1000 4 128 264 0.00565364
128000 8000 1000 8 8 32 0.00109741
128000 8000 1000 8 16 48 0.00184605
128000 8000 1000 8 32 82 0.00313439
128000 8000 1000 8 64 146 0.00575633
128000 8000 1000 8 128 272 0.00630288
128000 8000 1000 16 16 63 0.00313825
128000 8000 1000 16 32 97 0.00462516
128000 8000 1000 16 64 161 0.00757414
128000 8000 1000 16 128 287 0.00839692
128000 8000 1000 32 32 130 0.0103391
128000 8000 1000 32 64 194 0.0145249
128000 8000 1000 32 128 319 0.0168949
128000 8000 1000 64 64 253 0.0456786
128000 8000 1000 64 128 378 0.0537038
128000 8000 1000 128 128 384 0.0582636
128000 8000 2000 1 1 4 0.000153419
128000 8000 2000 1 2 6 0.000253066
128000 8000 2000 1 4 10 0.000320019
128000 8000 2000 1 8 18 0.000537808
128000 8000 2000 1 16 34 0.00107045
128000 8000 2000 1 32 67 0.00223771
128000 8000 2000 1 64 130 0.00242619
128000 8000 2000 2 2 8 0.00040614
128000 8000 2000 2 4 12 0.000283648
128000 8000 2000 2 8 20 0.000606482
128000 8000 2000 2 16 36 0.00119875
128000 8000 2000 2 32 70 0.00235304
128000 8000 2000 2 64 134 0.00243319
128000 8000 2000 4 4 16 0.000313523
128000 8000 2000 4 8 24 0.00078362
128000 8000 2000 4 16 40 0.00138796
128000 8000 2000 4 32 74 0.00261204
128000 8000 2000 4 64 138 0.00270061
128000 8000 2000 8 8 32 0.00118504
128000 8000 2000 8 16 48 0.00179656
128000 8000 2000 8 32 82 0.00306373
128000 8000 2000 8 64 146 0.00301098
128000 8000 2000 16 16 63 0.0031122
128000 8000 2000 16 32 97 0.00468271
128000 8000 2000 16 64 161 0.00440222
128000 8000 2000 32 32 129 0.0103637
128000 8000 2000 32 64 192 0.0101508
128000 8000 2000 64 64 134 0.00584162
128000 8000 4000 1 1 4 6.24728e-05
128000 8000 4000 1 2 6 0.00027073
128000 8000 4000 1 4 10 0.000225888
128000 8000 4000 1 8 18 0.000346811
128000 8000 4000 1 16 33 0.00108958
128000 8000 4000 1 32 66 0.00115336
128000 8000 4000 2 2 8 0.000378098
128000 8000 4000 2 4 12 0.000234868
128000 8000 4000 2 8 20 0.000357283
128000 8000 4000 2 16 36 0.0012001
128000 8000 4000 2 32 70 0.00125206
128000 8000 4000 4 4 16 0.000289247
128000 8000 4000 4 8 24 0.000402186
128000 8000 4000 4 16 40 0.00137053
128000 8000 4000 4 32 74 0.00130995
128000 8000 4000 8 8 32 0.000656066
128000 8000 4000 8 16 48 0.00188646
128000 8000 4000 8 32 82 0.00162021
128000 8000 4000 16 16 63 0.00323806
128000 8000 4000 16 32 97 0.00257135
128000 8000 4000 32 32 68 0.00165285
128000 8000 8000 1 1 4 0.000159869
128000 8000 8000 1 2 6 0.000172738
128000 8000 8000 1 4 10 0.000182797
128000 8000 8000 1 8 17 0.000305657
128000 8000 8000 1 16 32 0.000556309
128000 8000 8000 2 2 8 0.000246482
128000 8000 8000 2 4 12 0.000204923
128000 8000 8000 2 8 20 0.000330542
128000 8000 8000 2 16 36 0.000614998
128000 8000 8000 4 4 16 0.000242728
128000 8000 8000 4 8 24 0.000375489
128000 8000 8000 4 16 40 0.000644037
128000 8000 8000 8 8 32 0.000618031
128000 8000 8000 8 16 48 0.000948778
128000 8000 8000 16 16 48 0.000971067
256000 1000 1000 1 1 4 5.24569e-05
256000 1000 1000 1 2 6 0.000183504
256000 1000 1000 1 4 10 0.000324685
256000 1000 1000 1 8 18 0.000581459
256000 1000 1000 1 16 34 0.000559051
256000 1000 1000 1 32 68 0.00112351
256000 1000 1000 1 64 132 0.00236272
256000 1000 1000 1 128 257 0.00506053
256000 1000 1000 1 256 514 0.021408
256000 1000 1000 2 2 8 0.00025439
256000 1000 1000 2 4 12 0.000595919
256000 1000 1000 2 8 20 0.000675202
256000 1000 1000 2 16 36 0.000591673
256000 1000 1000 2 32 70 0.00110554
256000 1000 1000 2 64 134 0.00231149
256000 1000 1000 2 128 260 0.00521953
256000 1000 1000 2 256 518 0.0214968
256000 1000 1000 4 4 16 0.000602811
256000 1000 1000 4 8 24 0.000864847
256000 1000 1000 4 16 40 0.000611375
256000 1000 1000 4 32 74 0.00119788
256000 1000 1000 4 64 138 0.00244674
256000 1000 1000 4 128 264 0.00519627
256000 1000 1000 4 256 522 0.0221248
256000 1000 1000 8 8 32 0.0012028
256000 1000 1000 8 16 48 0.000669846
256000 1000 1000 8 32 82 0.00127593
256000 1000 1000 8 64 146 0.00240017
256000 1000 1000 8 128 272 0.00526349
256000 1000 1000 8 256 530 0.0227002
256000 1000 1000 16 16 64 0.000832055
256000 1000 1000 16 32 98 0.00146249
256000 1000 1000 16 64 162 0.0027704
256000 1000 1000 16 128 288 0.0056277
256000 1000 1000 16 256 546 0.0236907
256000 1000 1000 32 32 132 0.00184988
256000 1000 1000 32 64 196 0.00316663
256000 1000 1000 32 128 322 0.00627946
256000 1000 1000 32 256 579 0.0257113
256000 1000 1000 64 64 260 0.00430411
256000 1000 1000 64 128 386 0.0078166
256000 1000 1000 64 256 643 0.0306002
256000 1000 1000 128 128 512 0.0124835
256000 1000 1000 128 256 770 0.0406281
256000 1000 1000 256 256 515 0.0261363
256000 1000 2000 1 1 4 0.000186525
256000 1000 2000 1 2 6 0.000123393
256000 1000 2000 1 4 10 0.000331308
256000 1000 2000 1 8 18 0.000298671
256000 1000 2000 1 16 34 0.000555911
256000 1000 2000 1 32 68 0.00231581
256000 1000 2000 1 64 132 0.00472617
256000 1000 2000 1 128 258 0.00507335
256000 1000 2000 2 2 8 0.000137466
256000 1000 2000 2 4 12 0.000443266
256000 1000 2000 2 8 20 0.00031467
256000 1000 2000 2 16 36 0.000559531
256000 1000 2000 2 32 70 0.00241037
256000 1000 2000 2 64 134 0.0047849
256000 1000 2000 2 128 260 0.00502462
256000 1000 2000 4 4 16 0.000593864
256000 1000 2000 4 8 24 0.000362225
256000 1000 2000 4 16 40 0.000609175
256000 1000 2000 4 32 74 0.00270655
256000 1000 2000 4 64 138 0.00508335
256000 1000 2000 4 128 264 0.00511239
256000 1000 2000 8 8 32 0.000417794
256000 1000 2000 8 16 48 0.000696251
256000 1000 2000 8 32 82 0.00298583
256000 1000 2000 8 64 146 0.00531775
256000 1000 2000 8 128 272 0.00533909
256000 1000 2000 16 16 64 0.000878442
256000 1000 2000 16 32 98 0.00370927
256000 1000 2000 16 64 162 0.00619607
256000 1000 2000 16 128 288 0.00554087
256000 1000 2000 32 32 132 0.0053147
256000 1000 2000 32 64 196 0.00755577
256000 1000 2000 32 128 322 0.00638674
256000 1000 2000 64 64 260 0.0111298
256000 1000 2000 64 128 386 0.00772375
256000 1000 2000 128 128 512 0.0101534
256000 1000 4000 1 1 4 0.000157538
256000 1000 4000 1 2 6 0.000129344
256000 1000 4000 1 4 10 0.000337674
256000 1000 4000 1 8 18 0.000322306
256000 1000 4000 1 16 34 0.0011744
256000 1000 4000 1 32 68 0.00242379
256000 1000 4000 2 2 8 0.000144684
256000 1000 4000 2 4 12 0.000425536
256000 1000 4000 2 8 20 0.000336427
256000 1000 4000 2 16 36 0.00124759
256000 1000 4000 2 32 70 0.00246609
256000 1000 4000 4 4 16 0.000591065
256000 1000 4000 4 8 24 0.000353268
256000 1000 4000 4 16 40 0.00139222
256000 1000 4000 4 32 74 0.00265213
256000 1000 4000 8 8 32 0.000433409
256000 1000 4000 8 16 48 0.00182052
256000 1000 4000 8 32 82 0.00306207
256000 1000 4000 16 16 64 0.00248369
256000 1000 4000 16 32 98 0.00370516
256000 1000 4000 32 32 132 0.00536149
256000 1000 8000 1 1 4 5.19484e-05
256000 1000 8000 1 2 6 0.000197243
256000 1000 8000 1 4 10 0.00034574
256000 1000 8000 1 8 18 0.000614299
256000 1000 8000 1 16 34 0.00122515
256000 1000 8000 2 2 8 0.000297331
256000 1000 8000 2 4 12 0.000440117
256000 1000 8000 2 8 20 0.000679576
256000 1000 8000 2 16 36 0.00124756
256000 1000 8000 4 4 16 0.000623361
256000 1000 8000 4 8 24 0.000873518
256000 1000 8000 4 16 40 0.00144462
256000 1000 8000 8 8 32 0.00120988
256000 1000 8000 8 16 48 0.00181962
256000 1000 8000 16 16 64 0.00257491
256000 2000 1000 1 1 4 4.82792e-05
256000 2000 1000 1 2 6 0.000117234
256000 2000 1000 1 4 10 0.000300663
256000 2000 1000 1 8 18 0.000351594
256000 2000 1000 1 16 34 0.000589939
256000 2000 1000 1 32 68 0.00235134
256000 2000 1000 1 64 132 0.00463717
256000 2000 1000 1 128 257 0.00953323
256000 2000 1000 1 256 514 0.0214828
256000 2000 1000 2 2 8 0.00016755
256000 2000 1000 2 4 12 0.000368219
256000 2000 1000 2 8 20 0.000348876
256000 2000 1000 2 16 36 0.000594241
256000 2000 1000 2 32 70 0.00236371
256000 2000 1000 2 64 134 0.0047232
256000 2000 1000 2 128 260 0.00974375
256000 2000 1000 2 256 518 0.0217637
256000 2000 1000 4 4 16 0.000533758
256000 2000 1000 4 8 24 0.000402452
256000 2000 1000 4 16 40 0.000639841
256000 2000 1000 4 32 74 0.00258944
256000 2000 1000 4 64 138 0.00500794
256000 2000 1000 4 128 264 0.010059
256000 2000 1000 4 256 522 0.022064
256000 2000 1000 8 8 32 0.000495905
256000 2000 1000 8 16 48 0.000721504
256000 2000 1000 8 32 82 0.00301099
256000 2000 1000 8 64 146 0.00535031
256000 2000 1000 8 128 272 0.010511
256000 2000 1000 8 256 530 0.0226541
256000 2000 1000 16 16 64 0.000883019
256000 2000 1000 16 32 98 0.00375438
256000 2000 1000 16 64 162 0.00624706
256000 2000 1000 16 128 288 0.0112976
256000 2000 1000 16 256 546 0.0236919
256000 2000 1000 32 32 132 0.00530461
256000 2000 1000 32 64 196 0.00797398
256000 2000 1000 32 128 322 0.013361
256000 2000 1000 32 256 579 0.0259325
256000 2000 1000 64 64 260 0.0120618
256000 2000 1000 64 128 386 0.0179483
256000 2000 1000 64 256 643 0.0315192
256000 2000 1000 128 128 511 0.030339
256000 2000 1000 128 256 769 0.0468788
256000 2000 1000 256 256 516 0.0284041
256000 2000 2000 1 1 4 9.50606e-05
256000 2000 2000 1 2 6 9.57111e-05
256000 2000 2000 1 4 10 0.000325687
256000 2000 2000 1 8 18 0.000321746
256000 2000 2000 1 16 34 0.00112122
256000 2000 2000 1 32 68 0.00108511
256000 2000 2000 1 64 131 0.00444661
256000 2000 2000 1 128 256 0.0051417
256000 2000 2000 2 2 8 0.000112795
256000 2000 2000 2 4 12 0.000418417
256000 2000 2000 2 8 20 0.000331911
256000 2000 2000 2 16 36 0.00125739
256000 2000 2000 2 32 70 0.0012118
256000 2000 2000 2 64 134 0.00476993
256000 2000 2000 2 128 260 0.00495493
256000 2000 2000 4 4 16 0.000598026
256000 2000 2000 4 8 24 0.000359102
256000 2000 2000 4 16 40 0.00142437
256000 2000 2000 4 32 74 0.00121595
256000 2000 2000 4 64 138 0.00501071
256000 2000 2000 4 128 264 0.00526137
256000 2000 2000 8 8 32 0.000428015
256000 2000 2000 8 16 48 0.00180088
256000 2000 2000 8 32 82 0.00132546
256000 2000 2000 8 64 146 0.00529639
256000 2000 2000 8 128 272 0.00532106
256000 2000 2000 16 16 64 0.00252745
256000 2000 2000 16 32 98 0.00145606
256000 2000 2000 16 64 162 0.00608677
256000 2000 2000 16 128 288 0.00561914
256000 2000 2000 32 32 132 0.00190925
256000 2000 2000 32 64 196 0.00785778
256000 2000 2000 32 128 321 0.00643204
256000 2000 2000 64 64 260 0.0121066
256000 2000 2000 64 128 385 0.00884501
256000 2000 2000 128 128 384 0.0100671
256000 2000 4000 1 1 4 0.000154485
256000 2000 4000 1 2 6 0.000126784
256000 2000 4000 1 4 10 0.000187469
256000 2000 4000 1 8 18 0.000317457
256000 2000 4000 1 16 34 0.00120016
256000 2000 4000 1 32 68 0.00235333
256000 2000 4000 1 64 132 0.00235381
256000 2000 4000 2 2 8 0.000138833
256000 2000 4000 2 4 12 0.00020799
256000 2000 4000 2 8 20 0.000322216
256000 2000 4000 2 16 36 0.00125821
256000 2000 4000 2 32 70 0.00243137
256000 2000 4000 2 64 134 0.00240847
256000 2000 4000 4 4 16 0.000238443
256000 2000 4000 4 8 24 0.000366416
256000 2000 4000 4 16 40 0.00143506
256000 2000 4000 4 32 74 0.00259839
256000 2000 4000 4 64 138 0.00245263
256000 2000 4000 8 8 32 0.000452949
256000 2000 4000 8 16 48 0.00184831
256000 2000 4000 8 32 82 0.00307667
256000 2000 4000 8 64 146 0.00253352
256000 2000 4000 16 16 64 0.00248209
256000 2000 4000 16 32 98 0.00367643
256000 2000 4000 16 64 162 0.00278875
256000 2000 4000 32 32 132 0.00537612
256000 2000 4000 32 64 196 0.0033633
256000 2000 4000 64 64 260 0.00418189
256000 2000 8000 1 1 4 0.000176007
256000 2000 8000 1 2 6 0.000192902
256000 2000 8000 1 4 10 0.000181835
256000 2000 8000 1 8 18 0.000610902
256000 2000 8000 1 16 34 0.000573562
256000 2000 8000 2 2 8 0.000299115
256000 2000 8000 2 4 12 0.00019879
256000 2000 8000 2 8 20 0.000693879
256000 2000 8000 2 16 36 0.000595443
256000 2000 8000 4 4 16 0.000241395
256000 2000 8000 4 8 24 0.000902966
256000 2000 8000 4 16 40 0.000662772
256000 2000 8000 8 8 32 0.00119253
256000 2000 8000 8 16 48 0.000706523
256000 2000 8000 16 16 64 0.000909813
256000 4000 1000 1 1 4 0.000149037
256000 4000 1000 1 2 6 0.000255354
256000 4000 1000 1 4 10 0.000270766
256000 4000 1000 1 8 18 0.000375233
256000 4000 1000 1 16 34 0.000627498
256000 4000 1000 1 32 68 0.00218079
256000 4000 1000 1 64 132 0.00489254
256000 4000 1000 1 128 257 0.00508082
256000 4000 1000 1 256 514 0.0216224
256000 4000 1000 2 2 8 0.000345229
256000 4000 1000 2 4 12 0.000296934
256000 4000 1000 2 8 20 0.00040713
256000 4000 1000 2 16 36 0.000678058
256000 4000 1000 2 32 70 0.00237869
256000 4000 1000 2 64 134 0.0045816
256000 4000 1000 2 128 260 0.00507273
256000 4000 1000 2 256 518 0.0217867
256000 4000 1000 4 4 16 0.000321934
256000 4000 1000 4 8 24 0.000431838
256000 4000 1000 4 16 40 0.000694974
256000 4000 1000 4 32 74 0.00250275
256000 4000 1000 4 64 138 0.0048627
256000 4000 1000 4 128 264 0.00527362
256000 4000 1000 4 256 522 0.0221697
256000 4000 1000 8 8 32 0.000493033
256000 4000 1000 8 16 48 0.000761947
256000 4000 1000 8 32 82 0.00294589
256000 4000 1000 8 64 146 0.00539411
256000 4000 1000 8 128 272 0.00549536
256000 4000 1000 8 256 530 0.022673
256000 4000 1000 16 16 64 0.000918756
256000 4000 1000 16 32 98 0.00372963
256000 4000 1000 16 64 162 0.00614412
256000 4000 1000 16 128 288 0.0060173
256000 4000 1000 16 256 546 0.0239695
256000 4000 1000 32 32 132 0.00579537
256000 4000 1000 32 64 196 0.00838392
256000 4000 1000 32 128 322 0.00729335
256000 4000 1000 32 256 579 0.0270227
256000 4000 1000 64 64 259 0.0143109
256000 4000 1000 64 128 385 0.0118666
256000 4000 1000 64 256 642 0.0359404
256000 4000 1000 128 128 509 0.0319906
256000 4000 1000 128 256 767 0.0660984
256000 4000 1000 256 256 518 0.0373823
256000 4000 2000 1 1 4 5.06042e-05
256000 4000 2000 1 2 6 0.000257551
256000 4000 2000 1 4 10 0.000221725
256000 4000 2000 1 8 18 0.000340848
256000 4000 2000 1 16 34 0.00118487
256000 4000 2000 1 32 68 0.00235268
256000 4000 2000 1 64 131 0.00230192
256000 4000 2000 1 128 256 0.00946628
256000 4000 2000 2 2 8 0.000385418
256000 4000 2000 2 4 12 0.000235882
256000 4000 2000 2 8 20 0.0003623
256000 4000 2000 2 16 36 0.00116225
256000 4000 2000 2 32 70 0.00234612
256000 4000 2000 2 64 134 0.00239827
256000 4000 2000 2 128 260 0.00944623
256000 4000 2000 4 4 16 0.000269304
256000 4000 2000 4 8 24 0.000394616
256000 4000 2000 4 16 40 0.00138669
256000 4000 2000 4 32 74 0.00258311
256000 4000 2000 4 64 138 0.00245233
256000 4000 2000 4 128 264 0.00995617
256000 4000 2000 8 8 32 0.000462753
256000 4000 2000 8 16 48 0.00177649
256000 4000 2000 8 32 82 0.00301989
256000 4000 2000 8 64 146 0.0026739
256000 4000 2000 8 128 272 0.0103689
256000 4000 2000 16 16 64 0.00238297
256000 4000 2000 16 32 98 0.0038057
256000 4000 2000 16 64 162 0.00299591
256000 4000 2000 16 128 288 0.0116116
256000 4000 2000 32 32 132 0.00581091
256000 4000 2000 32 64 196 0.00396586
256000 4000 2000 32 128 321 0.0138614
256000 4000 2000 64 64 259 0.00769923
256000 4000 2000 64 128 384 0.0208313
256000 4000 2000 128 128 384 0.0221232
256000 4000 4000 1 1 4 4.6918e-05
256000 4000 4000 1 2 6 0.000163931
256000 4000 4000 1 4 10 0.000184667
256000 4000 4000 1 8 18 0.000317159
256000 4000 4000 1 16 34 0.00117593
256000 4000 4000 1 32 67 0.00117015
256000 4000 4000 1 64 130 0.00455289
256000 4000 4000 2 2 8 0.000257853
256000 4000 4000 2 4 12 0.000205275
256000 4000 4000 2 8 20 0.000329125
256000 4000 4000 2 16 36 0.00128142
256000 4000 4000 2 32 70 0.0011834
256000 4000 4000 2 64 134 0.00484318
256000 4000 4000 4 4 16 0.000264056
256000 4000 4000 4 8 24 0.000346716
256000 4000 4000 4 16 40 0.00137868
256000 4000 4000 4 32 74 0.00121076
256000 4000 4000 4 64 138 0.00481383
256000 4000 4000 8 8 32 0.000445536
256000 4000 4000 8 16 48 0.0017213
256000 4000 4000 8 32 82 0.00124859
256000 4000 4000 8 64 146 0.00544576
256000 4000 4000 16 16 64 0.00251235
256000 4000 4000 16 32 98 0.00147773
256000 4000 4000 16 64 162 0.00619133
256000 4000 4000 32 32 132 0.00246157
256000 4000 4000 32 64 195 0.0085931
256000 4000 4000 64 64 131 0.00507721
256000 4000 8000 1 1 4 4.63339e-05
256000 4000 8000 1 2 6 0.000195221
256000 4000 8000 1 4 10 0.000227355
256000 4000 8000 1 8 18 0.000298404
256000 4000 8000 1 16 34 0.000568486
256000 4000 8000 1 32 68 0.00243037
256000 4000 8000 2 2 8 0.000298273
256000 4000 8000 2 4 12 0.000208633
256000 4000 8000 2 8 20 0.000338411
256000 4000 8000 2 16 36 0.000613165
256000 4000 8000 2 32 70 0.0025125
256000 4000 8000 4 4 16 0.000242556
256000 4000 8000 4 8 24 0.000365959
256000 4000 8000 4 16 40 0.000632738
256000 4000 8000 4 32 74 0.00258112
256000 4000 8000 8 8 32 0.000423347
256000 4000 8000 8 16 48 0.000749095
256000 4000 8000 8 32 82 0.00297017
256000 4000 8000 16 16 64 0.000843157
256000 4000 8000 16 32 98 0.00375683
256000 4000 8000 32 32 132 0.00513779
256000 8000 1000 1 1 4 5.55064e-05
256000 8000 1000 1 2 6 0.000251914
256000 8000 1000 1 4 10 0.000580484
256000 8000 1000 1 8 18 0.000762274
256000 8000 1000 1 16 34 0.00102825
256000 8000 1000 1 32 68 0.00223766
256000 8000 1000 1 64 132 0.0045877
256000 8000 1000 1 128 257 0.00529448
256000 8000 1000 1 256 514 0.0215897
256000 8000 1000 2 2 8 0.000346642
256000 8000 1000 2 4 12 0.000681842
256000 8000 1000 2 8 20 0.000901413
256000 8000 1000 2 16 36 0.00109901
256000 8000 1000 2 32 70 0.00232734
256000 8000 1000 2 64 134 0.00462992
256000 8000 1000 2 128 260 0.00539187
256000 8000 1000 2 256 518 0.0220383
256000 8000 1000 4 4 16 0.000847176
256000 8000 1000 4 8 24 0.00102134
256000 8000 1000 4 16 40 0.00126336
256000 8000 1000 4 32 74 0.00241366
256000 8000 1000 4 64 138 0.00485783
256000 8000 1000 4 128 264 0.00542063
256000 8000 1000 4 256 522 0.0221855
256000 8000 1000 8 8 32 0.00147651
256000 8000 1000 8 16 48 0.0016466
256000 8000 1000 8 32 82 0.00292898
256000 8000 1000 8 64 146 0.00532959
256000 8000 1000 8 128 272 0.00566261
256000 8000 1000 8 256 530 0.0226833
256000 8000 1000 16 16 64 0.00261961
256000 8000 1000 16 32 98 0.00392345
256000 8000 1000 16 64 162 0.00645014
256000 8000 1000 16 128 288 0.00657881
256000 8000 1000 16 256 546 0.02442
256000 8000 1000 32 32 131 0.00678753
256000 8000 1000 32 64 195 0.0097342
256000 8000 1000 32 128 321 0.00970814
256000 8000 1000 32 256 578 0.0305823
256000 8000 1000 64 64 258 0.021219
256000 8000 1000 64 128 384 0.0217255
256000 8000 1000 64 256 641 0.0498533
256000 8000 1000 128 128 505 0.0820761
256000 8000 1000 128 256 763 0.132039
256000 8000 1000 256 256 522 0.0705666
256000 8000 2000 1 1 4 0.000177496
256000 8000 2000 1 2 6 0.000255037
256000 8000 2000 1 4 10 0.000420887
256000 8000 2000 1 8 18 0.000545713
256000 8000 2000 1 16 34 0.000687691
256000 8000 2000 1 32 68 0.00235206
256000 8000 2000 1 64 131 0.00460341
256000 8000 2000 1 128 256 0.00503488
256000 8000 2000 2 2 8 0.000353552
256000 8000 2000 2 4 12 0.000500286
256000 8000 2000 2 8 20 0.000605184
256000 8000 2000 2 16 36 0.000677917
256000 8000 2000 2 32 70 0.00228283
256000 8000 2000 2 64 134 0.0048167
256000 8000 2000 2 128 260 0.00524637
256000 8000 2000 4 4 16 0.000690598
256000 8000 2000 4 8 24 0.000812959
256000 8000 2000 4 16 40 0.000755651
256000 8000 2000 4 32 74 0.00257776
256000 8000 2000 4 64 138 0.00497255
256000 8000 2000 4 128 264 0.00542049
256000 8000 2000 8 8 32 0.00117053
256000 8000 2000 8 16 48 0.000789935
256000 8000 2000 8 32 82 0.00305454
256000 8000 2000 8 64 146 0.00549487
256000 8000 2000 8 128 272 0.00563019
256000 8000 2000 16 16 64 0.00121496
256000 8000 2000 16 32 98 0.00400605
256000 8000 2000 16 64 162 0.00652706
256000 8000 2000 16 128 288 0.00645249
256000 8000 2000 32 32 131 0.00699594
256000 8000 2000 32 64 195 0.00989852
256000 8000 2000 32 128 320 0.00948612
256000 8000 2000 64 64 257 0.0214669
256000 8000 2000 64 128 382 0.0214022
256000 8000 2000 128 128 384 0.0234498
256000 8000 4000 1 1 4 0.000155771
256000 8000 4000 1 2 6 0.000109918
256000 8000 4000 1 4 10 0.000294656
256000 8000 4000 1 8 18 0.000354563
256000 8000 4000 1 16 34 0.00111378
256000 8000 4000 1 32 67 0.00233304
256000 8000 4000 1 64 130 0.0023392
256000 8000 4000 2 2 8 0.000128072
256000 8000 4000 2 4 12 0.000384815
256000 8000 4000 2 8 20 0.000395447
256000 8000 4000 2 16 36 0.00119226
256000 8000 4000 2 32 70 0.00244843
256000 8000 4000 2 64 134 0.00244597
256000 8000 4000 4 4 16 0.000600999
256000 8000 4000 4 8 24 0.000420501
256000 8000 4000 4 16 40 0.00137928
256000 8000 4000 4 32 74 0.00266744
256000 8000 4000 4 64 138 0.00264764
256000 8000 4000 8 8 32 0.00048165
256000 8000 4000 8 16 48 0.00184902
256000 8000 4000 8 32 82 0.00307972
256000 8000 4000 8 64 146 0.00268864
256000 8000 4000 16 16 64 0.00273419
256000 8000 4000 16 32 98 0.00403882
256000 8000 4000 16 64 162 0.00327426
256000 8000 4000 32 32 131 0.00700991
256000 8000 4000 32 64 194 0.00547212
256000 8000 4000 64 64 132 0.00337883
256000 8000 8000 1 1 4 0.000155851
256000 8000 8000 1 2 6 0.000143685
256000 8000 8000 1 4 10 0.000318835
256000 8000 8000 1 8 18 0.000299565
256000 8000 8000 1 16 33 0.000539364
256000 8000 8000 1 32 66 0.00114535
256000 8000 8000 2 2 8 0.000110291
256000 8000 8000 2 4 12 0.000426341
256000 8000 8000 2 8 20 0.000321325
256000 8000 8000 2 16 36 0.000594213
256000 8000 8000 2 32 70 0.00118743
256000 8000 8000 4 4 16 0.000607772
256000 8000 8000 4 8 24 0.000390424
256000 8000 8000 4 16 40 0.000652949
256000 8000 8000 4 32 74 0.00120095
256000 8000 8000 8 8 32 0.00042669
256000 8000 8000 8 16 48 0.000701516
256000 8000 8000 8 32 82 0.00130534
256000 8000 8000 16 16 64 0.00117982
256000 8000 8000 16 32 98 0.00187121
256000 8000 8000 32 32 67 0.00129194
