0 -8
1 32
2 -25
3 -75
4 74
5 93
6 -5
7 -68
8 -33
9 -52
10 -53
11 -87
12 -10
13 -18
14 -76
15 90
16 26
17 97
18 -19
19 -47
20 26
21 -66
22 62
23 -73
24 -13
25 -7
26 53
27 -18
28 -24
29 39
30 45
31 -20
32 80
33 39
34 14
35 66
36 25
37 98
38 -28
39 -32
40 -8
41 12
42 47
43 14
44 -13
45 81
46 -3
47 83
48 -91
49 -27
50 -24
51 78
52 72
53 -43
54 -4
55 24
56 -53
57 -16
58 15
59 -79
60 -45
61 -28
62 59
63 3
64 -100
65 -23
66 -72
67 10
68 30
69 86
70 77
71 59
72 41
73 49
74 -72
75 -41
76 23
77 18
78 -8
79 33
80 82
81 17
82 -34
83 46
84 33
85 8
86 63
87 -31
88 -22
89 32
90 24
91 62
92 -26
93 73
94 -57
95 63
96 -90
97 -78
98 -60
99 42
100 -10
101 -86
102 -96
103 -27
104 -21
105 15
106 -95
107 -24
108 28
109 -97
110 18
111 71
112 -38
113 42
114 -74
115 9
116 33
117 12
118 -94
119 -62
120 100
121 84
122 46
123 -93
124 -98
125 -14
126 65
127 99
128 -47
129 15
130 -69
131 -60
132 57
133 68
134 -40
135 -64
136 -13
137 52
138 -95
139 42
140 -78
141 32
142 -48
143 -89
144 5
145 8
146 44
147 43
148 -41
149 -11
150 57
151 82
152 26
153 -6
154 47
155 -56
156 -73
157 40
158 68
159 -3
160 37
161 -72
162 29
163 45
164 49
165 -6
166 25
167 -47
168 88
169 61
170 -96
171 92
172 -51
173 99
174 30
175 76
176 -93
177 61
178 -27
179 74
180 39
181 -81
182 -12
183 81
184 18
185 87
186 -57
187 -15
188 -86
189 -15
190 -87
191 48
192 -29
193 -30
194 11
195 18
196 -39
197 -17
198 20
199 63
200 -52
201 -50
202 -93
203 90
204 74
205 -47
206 11
207 3
208 31
209 96
210 -19
211 57
212 70
213 93
214 -8
215 27
216 21
217 55
218 -52
219 -17
220 -55
221 47
222 15
223 94
224 -29
225 85
226 11
227 -39
228 82
229 89
230 -7
231 -65
232 -34
233 -20
234 -16
235 -24
236 50
237 81
238 62
239 48
240 30
241 8
242 -97
243 -78
244 32
245 4
246 43
247 66
248 10
249 39
250 -77
251 -69
252 -83
253 70
254 18
255 -83
256 -58
257 93
258 -72
259 -29
260 59
261 0
262 -72
263 -85
264 73
265 62
266 8
267 -60
268 -66
269 98
270 -42
271 -66
272 -11
273 -79
274 -34
275 51
276 -38
277 -11
278 77
279 2
280 60
281 37
282 -90
283 -79
284 97
285 32
286 2
287 -93
288 62
289 24
290 -54
291 21
292 50
293 -73
294 -93
295 -2
296 47
297 100
298 -33
299 45
300 16
301 -36
302 39
303 81
304 64
305 75
306 67
307 -65
308 -51
309 10
310 11
311 55
312 -93
313 -80
314 -21
315 -73
316 -42
317 -69
318 -52
319 94
320 76
321 42
322 -57
323 24
324 46
325 94
326 -48
327 -15
328 -61
329 40
330 78
331 98
332 4
333 92
334 -36
335 26
336 86
337 94
338 -79
339 2
340 -53
341 -69
342 -88
343 -8
344 20
345 -31
346 -50
347 -30
348 67
349 8
350 99
351 76
352 64
353 53
354 -30
355 -1
356 71
357 -47
358 -20
359 -86
360 32
361 -75
362 43
363 48
364 -14
365 85
366 11
367 -17
368 33
369 56
370 50
371 -98
372 -87
373 39
374 96
375 -87
376 20
377 64
378 39
379 86
380 64
381 -24
382 -49
383 -15
384 -96
385 7
386 -31
387 -72
388 -98
389 23
390 -13
391 97
392 8
393 -81
394 -40
395 -7
396 -93
397 -48
398 96
399 -13
400 65
401 -87
402 97
403 7
404 46
405 0
406 -17
407 23
408 58
409 -81
410 -65
411 -79
412 88
413 86
414 -63
415 65
416 -31
417 33
418 13
419 84
420 85
421 -63
422 81
423 -16
424 74
425 -67
426 24
427 43
428 -26
429 -20
430 29
431 79
432 -75
433 -64
434 61
435 12
436 -16
437 41
438 -46
439 29
440 17
441 -94
442 -63
443 -50
444 9
445 64
446 74
447 -46
448 83
449 -30
450 100
451 69
452 58
453 -89
454 6
455 -91
456 13
457 91
458 18
459 -1
460 4
461 -51
462 35
463 55
464 -13
465 98
466 -7
467 -99
468 -54
469 6
470 -97
471 -78
472 39
473 -35
474 21
475 -81
476 -70
477 -88
478 -46
479 75
480 -41
481 -11
482 54
483 -99
484 -75
485 -30
486 55
487 -19
488 -45
489 -16
490 49
491 63
492 -79
493 43
494 92
495 66
496 88
497 63
498 -18
499 93
500 -42
501 -73
502 25
503 -74
504 66
505 90
506 -73
507 14
508 -38
509 -60
510 69
511 81
512 -93
513 -6
514 20
515 51
516 -21
517 -5
518 -49
519 9
520 -45
521 65
522 -64
523 95
524 -20
525 79
526 -20
527 -87
528 -66
529 -12
530 -32
531 43
532 -71
533 66
534 4
535 -44
536 -37
537 -29
538 -11
539 -63
540 -10
541 -12
542 20
543 -25
544 -7
545 81
546 -8
547 33
548 65
549 -73
550 85
551 89
552 36
553 -58
554 -67
555 -35
556 1
557 -88
558 60
559 12
560 45
561 83
562 -71
563 83
564 -71
565 23
566 -70
567 -10
568 80
569 -8
570 8
571 46
572 -2
573 66
574 -18
575 24
576 49
577 -33
578 90
579 -61
580 52
581 4
582 -34
583 -45
584 -4
585 31
586 61
587 24
588 -52
589 -54
590 -4
591 81
592 83
593 27
594 -79
595 27
596 98
597 83
598 67
599 47
600 16
601 -46
602 -17
603 -8
604 -62
605 -69
606 -20
607 30
608 -14
609 -86
610 -8
611 58
612 -12
613 51
614 -88
615 8
616 48
617 -85
618 79
619 -91
620 2
621 -60
622 11
623 25
624 -85
625 -40
626 96
627 -66
628 -22
629 -70
630 -72
631 -53
632 15
633 56
634 87
635 69
636 31
637 -57
638 -24
639 -48
640 -71
641 60
642 -16
643 -85
644 11
645 -26
646 85
647 24
648 -100
649 95
650 -78
651 61
652 -65
653 -32
654 -73
655 -91
656 59
657 -74
658 -58
659 81
660 20
661 17
662 15
663 -42
664 -68
665 23
666 38
667 -7
668 80
669 -49
670 -98
671 25
672 86
673 23
674 -81
675 80
676 42
677 50
678 -77
679 58
680 -13
681 64
682 27
683 6
684 87
685 -31
686 42
687 -20
688 4
689 -88
690 -5
691 -2
692 -49
693 45
694 -67
695 32
696 -38
697 -7
698 -10
699 29
700 61
701 32
702 17
703 45
704 -86
705 -83
706 -12
707 -55
708 -48
709 -21
710 -99
711 -74
712 -40
713 85
714 65
715 -63
716 -49
717 21
718 -91
719 68
720 -22
721 97
722 -70
723 -13
724 15
725 -54
726 -78
727 -60
728 -21
729 18
730 56
731 -21
732 -78
733 -9
734 70
735 -34
736 -77
737 76
738 73
739 15
740 8
741 -31
742 34
743 60
744 7
745 -48
746 58
747 1
748 52
749 -42
750 92
751 -4
752 -36
753 -66
754 1
755 57
756 -3
757 -25
758 -20
759 -80
760 93
761 33
762 -56
763 48
764 -74
765 -44
766 -55
767 -88
768 -27
769 55
770 -76
771 -56
772 -79
773 -1
774 65
775 -83
776 -26
777 35
778 -72
779 -10
780 -18
781 78
782 -1
783 39
784 53
785 -88
786 -74
787 -65
788 94
789 -86
790 78
791 -41
792 -100
793 4
794 -95
795 -52
796 84
797 97
798 -35
799 -55
800 60
801 -83
802 11
803 -70
804 -62
805 -6
806 -33
807 -52
808 26
809 31
810 -74
811 -56
812 70
813 -23
814 -74
815 -89
816 29
817 6
818 65
819 -1
820 72
821 -85
822 -70
823 27
824 -36
825 -4
826 34
827 13
828 76
829 -53
830 72
831 61
832 -72
833 86
834 46
835 -98
836 -27
837 -88
838 18
839 44
840 100
841 -57
842 -43
843 -53
844 -73
845 -57
846 12
847 -64
848 89
849 -83
850 74
851 78
852 31
853 62
854 -47
855 -43
856 -85
857 69
858 42
859 53
860 72
861 3
862 88
863 -46
864 -93
865 30
866 27
867 65
868 -53
869 -14
870 -25
871 95
872 -84
873 71
874 -19
875 51
876 31
877 49
878 -21
879 7
880 -24
881 -43
882 -3
883 -14
884 74
885 -47
886 -80
887 -36
888 -1
889 -69
890 94
891 -81
892 -5
893 -78
894 -80
895 -3
896 -52
897 0
898 -2
899 -20
900 -82
901 47
902 -17
903 -88
904 37
905 4
906 26
907 43
908 -95
909 77
910 -45
911 -71
912 -67
913 27
914 -63
915 -70
916 -18
917 12
918 -3
919 27
920 -49
921 -97
922 98
923 -74
924 -10
925 -39
926 71
927 -32
928 5
929 -48
930 -50
931 16
932 -13
933 -90
934 74
935 71
936 -96
937 37
938 9
939 -26
940 -100
941 73
942 84
943 -27
944 -47
945 -70
946 -74
947 51
948 -41
949 -27
950 61
951 -1
952 20
953 21
954 93
955 43
956 -30
957 3
958 44
959 15
960 22
961 24
962 -37
963 -45
964 1
965 -98
966 -39
967 23
968 -83
969 -54
970 17
971 65
972 -27
973 91
974 -18
975 52
976 -22
977 77
978 25
979 64
980 60
981 -91
982 52
983 0
984 -74
985 14
986 -81
987 -44
988 -46
989 33
990 -1
991 -47
992 74
993 -85
994 -34
995 96
996 95
997 -74
998 -31
999 -20
1000 89
1001 36
1002 49
1003 -80
1004 10
1005 -97
1006 11
1007 8
1008 15
1009 21
1010 55
1011 -9
1012 -28
1013 21
1014 29
1015 57
1016 84
1017 -33
1018 25
1019 -16
1020 8
1021 9
1022 -72
1023 -10
