0 64
1 -26
2 85
3 60
4 -20
5 -32
6 14
7 -26
8 89
9 -96
10 -74
11 57
12 -8
13 65
14 -7
15 -6
16 23
17 74
18 64
19 70
20 -73
21 83
22 -18
23 61
24 65
25 -66
26 12
27 -63
28 -68
29 69
30 94
31 -46
32 -85
33 -30
34 -69
35 27
36 69
37 -28
38 79
39 27
40 49
41 -84
42 9
43 64
44 -94
45 -60
46 -11
47 -96
48 -63
49 11
50 82
51 -50
52 -4
53 85
54 -64
55 73
56 90
57 83
58 22
59 -31
60 54
61 90
62 -65
63 -94
64 -91
65 61
66 -59
67 -81
68 -37
69 89
70 -94
71 -92
72 33
73 -59
74 -46
75 39
76 69
77 98
78 -99
79 -5
80 -88
81 -29
82 -31
83 39
84 91
85 -36
86 65
87 -98
88 -98
89 74
90 11
91 16
92 -31
93 83
94 89
95 -8
96 -8
97 -1
98 38
99 -69
100 22
101 -92
102 -81
103 33
104 55
105 -42
106 96
107 -94
108 46
109 -40
110 -30
111 -16
112 34
113 44
114 -8
115 -77
116 -91
117 36
118 22
119 83
120 -96
121 -44
122 78
123 -50
124 56
125 39
126 -21
127 51
128 27
129 -74
130 60
131 -78
132 52
133 -59
134 -90
135 15
136 -20
137 12
138 3
139 19
140 29
141 81
142 -65
143 80
144 -40
145 96
146 21
147 34
148 -4
149 -25
150 46
151 -51
152 86
153 49
154 -42
155 49
156 -61
157 0
158 -50
159 -95
160 -71
161 11
162 52
163 -75
164 61
165 -97
166 23
167 -29
168 -32
169 89
170 38
171 -24
172 87
173 74
174 -80
175 82
176 97
177 -51
178 13
179 73
180 19
181 -88
182 39
183 49
184 -63
185 72
186 82
187 57
188 77
189 4
190 -4
191 4
192 -8
193 -76
194 -41
195 78
196 68
197 -79
198 34
199 83
200 -11
201 -35
202 30
203 -31
204 -74
205 -66
206 12
207 -26
208 18
209 49
210 92
211 61
212 -70
213 76
214 39
215 -88
216 -77
217 0
218 -68
219 28
220 84
221 -53
222 -21
223 73
224 67
225 -49
226 -97
227 45
228 -59
229 3
230 -66
231 -24
232 39
233 33
234 -53
235 -23
236 97
237 -56
238 56
239 -74
240 38
241 -54
242 88
243 52
244 -23
245 47
246 -5
247 -55
248 -20
249 62
250 58
251 2
252 -55
253 -88
254 -51
255 46
256 -67
257 -73
258 36
259 91
260 22
261 96
262 83
263 64
264 14
265 73
266 76
267 31
268 -82
269 -85
270 68
271 88
272 -69
273 -82
274 62
275 91
276 -12
277 8
278 -16
279 -17
280 -10
281 -66
282 20
283 -27
284 -7
285 75
286 31
287 -39
288 -97
289 69
290 23
291 53
292 -1
293 17
294 -47
295 10
296 41
297 12
298 -98
299 -36
300 -25
301 59
302 -76
303 94
304 -50
305 23
306 -86
307 50
308 -17
309 -87
310 36
311 -34
312 -88
313 -70
314 40
315 -12
316 56
317 -89
318 -57
319 21
320 82
321 38
322 74
323 43
324 -36
325 86
326 -92
327 -59
328 -9
329 -79
330 35
331 48
332 -66
333 28
334 -69
335 -50
336 39
337 -20
338 25
339 93
340 76
341 82
342 -43
343 18
344 -16
345 -53
346 -82
347 41
348 47
349 60
350 -47
351 -16
352 -57
353 16
354 -68
355 -85
356 -30
357 -51
358 -57
359 -87
360 -24
361 47
362 60
363 -26
364 60
365 4
366 -26
367 68
368 85
369 -68
370 -99
371 -15
372 -86
373 -51
374 -18
375 -89
376 -34
377 88
378 -44
379 75
380 59
381 73
382 38
383 64
384 28
385 -98
386 -55
387 -92
388 19
389 -13
390 0
391 40
392 -23
393 5
394 70
395 -48
396 70
397 -79
398 -31
399 -42
400 -65
401 -13
402 -83
403 70
404 96
405 61
406 100
407 -63
408 -80
409 -83
410 93
411 44
412 87
413 -14
414 90
415 90
416 -7
417 -91
418 -2
419 -76
420 39
421 1
422 -26
423 -30
424 96
425 44
426 -13
427 -92
428 -77
429 61
430 -73
431 -89
432 48
433 85
434 -98
435 -79
436 -90
437 5
438 -69
439 82
440 -99
441 16
442 48
443 -23
444 -79
445 86
446 48
447 -42
448 84
449 78
450 -73
451 94
452 -98
453 26
454 -66
455 51
456 -40
457 30
458 -2
459 -48
460 -74
461 -91
462 64
463 -3
464 25
465 40
466 -83
467 74
468 -7
469 97
470 93
471 -21
472 12
473 74
474 28
475 -18
476 -54
477 -79
478 -4
479 11
480 -24
481 3
482 -39
483 -5
484 15
485 -85
486 -3
487 -35
488 40
489 13
490 -30
491 -5
492 10
493 -90
494 -90
495 -31
496 -16
497 38
498 -69
499 79
500 54
501 33
502 98
503 -89
504 11
505 65
506 -74
507 40
508 0
509 40
510 56
511 40
512 15
513 62
514 10
515 86
516 -25
517 -76
518 -48
519 -38
520 51
521 69
522 -69
523 -60
524 -63
525 -29
526 51
527 -92
528 92
529 -20
530 73
531 -5
532 -60
533 25
534 50
535 -65
536 -16
537 -16
538 -61
539 84
540 -27
541 63
542 -50
543 84
544 -23
545 96
546 10
547 -87
548 -58
549 -64
550 -83
551 4
552 -68
553 4
554 -70
555 -41
556 83
557 -94
558 -72
559 -12
560 -83
561 19
562 94
563 -28
564 83
565 3
566 43
567 2
568 69
569 66
570 21
571 93
572 94
573 16
574 30
575 1
576 -85
577 -99
578 68
579 -5
580 -78
581 52
582 -22
583 -23
584 -61
585 16
586 -87
587 -10
588 63
589 -5
590 10
591 -74
592 19
593 95
594 25
595 70
596 -13
597 77
598 -17
599 -64
600 -49
601 68
602 41
603 73
604 -15
605 -55
606 -43
607 -93
608 84
609 -95
610 -9
611 32
612 57
613 -49
614 -13
615 -22
616 -79
617 91
618 -9
619 62
620 -97
621 53
622 -41
623 55
624 44
625 18
626 9
627 -66
628 -16
629 91
630 -92
631 -51
632 -67
633 -9
634 17
635 23
636 -54
637 66
638 -77
639 93
640 58
641 93
642 -78
643 10
644 -13
645 45
646 66
647 7
648 -6
649 -65
650 -6
651 -85
652 -33
653 51
654 80
655 73
656 -27
657 -31
658 -15
659 -83
660 99
661 46
662 -19
663 96
664 79
665 66
666 34
667 86
668 83
669 -47
670 5
671 -87
672 49
673 -98
674 -70
675 6
676 -70
677 -79
678 -77
679 50
680 -70
681 14
682 63
683 -99
684 42
685 39
686 89
687 -53
688 -39
689 72
690 -9
691 47
692 27
693 -47
694 -87
695 46
696 33
697 -22
698 52
699 -8
700 -43
701 -5
702 6
703 -70
704 -64
705 -8
706 68
707 -42
708 -44
709 19
710 -67
711 -18
712 82
713 -5
714 50
715 -90
716 66
717 -79
718 31
719 78
720 53
721 -17
722 8
723 19
724 29
725 34
726 93
727 -43
728 -20
729 -99
730 -41
731 79
732 -43
733 63
734 9
735 -8
736 -77
737 -11
738 8
739 -79
740 22
741 26
742 88
743 78
744 43
745 33
746 84
747 80
748 -54
749 56
750 57
751 -49
752 56
753 -61
754 70
755 48
756 81
757 2
758 -21
759 -55
760 11
761 87
762 -86
763 -85
764 -39
765 -25
766 -71
767 64
768 71
769 -26
770 -48
771 68
772 97
773 -94
774 -57
775 3
776 9
777 -35
778 74
779 -86
780 16
781 -16
782 -61
783 -81
784 -86
785 47
786 48
787 -71
788 -48
789 5
790 -96
791 -63
792 -12
793 -68
794 94
795 10
796 51
797 -21
798 43
799 -47
800 -25
801 -38
802 -85
803 -75
804 -42
805 -39
806 -82
807 9
808 -12
809 -91
810 37
811 -72
812 92
813 -59
814 92
815 97
816 31
817 61
818 39
819 -12
820 -93
821 18
822 -13
823 -47
824 -3
825 30
826 31
827 -17
828 89
829 94
830 1
831 47
832 -52
833 28
834 -87
835 34
836 100
837 89
838 9
839 43
840 8
841 -33
842 15
843 72
844 11
845 100
846 -33
847 -26
848 16
849 -90
850 30
851 77
852 -86
853 50
854 -89
855 40
856 49
857 -97
858 -98
859 -75
860 58
861 -78
862 12
863 39
864 -15
865 -62
866 -54
867 10
868 14
869 41
870 47
871 18
872 7
873 -10
874 -82
875 -82
876 72
877 -27
878 2
879 -68
880 -79
881 84
882 18
883 5
884 78
885 -29
886 42
887 -13
888 -41
889 -57
890 -46
891 8
892 70
893 70
894 -1
895 -100
896 37
897 -78
898 -28
899 -97
900 -58
901 59
902 73
903 -34
904 -63
905 -84
906 -39
907 64
908 -50
909 18
910 -34
911 87
912 1
913 55
914 89
915 -99
916 75
917 95
918 -38
919 58
920 -70
921 60
922 61
923 72
924 31
925 -71
926 -72
927 -93
928 -60
929 93
930 -57
931 -83
932 -24
933 -33
934 -45
935 -70
936 9
937 58
938 94
939 92
940 71
941 5
942 36
943 86
944 48
945 -80
946 32
947 -70
948 -84
949 -21
950 -7
951 94
952 63
953 96
954 9
955 -54
956 29
957 86
958 97
959 37
960 73
961 -88
962 63
963 55
964 61
965 51
966 -44
967 27
968 93
969 81
970 -80
971 -53
972 -77
973 -21
974 -50
975 -29
976 -75
977 -45
978 40
979 16
980 -85
981 96
982 -20
983 35
984 2
985 58
986 63
987 32
988 -2
989 26
990 10
991 -58
992 -19
993 -76
994 -44
995 -66
996 73
997 48
998 -80
999 4
1000 -82
1001 33
1002 9
1003 -14
1004 -61
1005 -16
1006 85
1007 -37
1008 13
1009 80
1010 -18
1011 13
1012 -18
1013 -41
1014 -96
1015 -94
1016 6
1017 -52
1018 38
1019 56
1020 -87
1021 43
1022 86
1023 51
