0 66
1 -61
2 78
3 -20
4 92
5 58
6 -38
7 1
8 -48
9 1
10 -18
11 60
12 -80
13 -61
14 12
15 84
16 39
17 -82
18 15
19 53
20 -13
21 -53
22 -75
23 -94
24 -31
25 -27
26 38
27 95
28 20
29 -82
30 -64
31 80
32 -63
33 -27
34 -15
35 87
36 -46
37 64
38 14
39 -84
40 23
41 87
42 -45
43 31
44 -15
45 65
46 -86
47 62
48 16
49 87
50 -86
51 70
52 -84
53 -9
54 -75
55 -49
56 60
57 -11
58 65
59 82
60 -5
61 54
62 41
63 66
64 -28
65 91
66 37
67 53
68 62
69 63
70 71
71 -89
72 -73
73 73
74 -2
75 34
76 -24
77 33
78 -9
79 96
80 -9
81 -34
82 -98
83 31
84 85
85 -44
86 35
87 -54
88 -58
89 -75
90 77
91 -86
92 14
93 -78
94 72
95 47
96 -38
97 -56
98 55
99 77
100 -45
101 63
102 -47
103 78
104 -25
105 -67
106 12
107 29
108 -68
109 54
110 -21
111 73
112 -55
113 98
114 -72
115 25
116 -22
117 -48
118 67
119 -61
120 34
121 -83
122 -73
123 23
124 -88
125 28
126 2
127 97
128 39
129 98
130 -46
131 37
132 -48
133 -41
134 -31
135 74
136 36
137 -22
138 36
139 -74
140 -33
141 86
142 12
143 32
144 48
145 -88
146 11
147 -69
148 63
149 -2
150 0
151 -1
152 60
153 85
154 -33
155 50
156 53
157 -64
158 6
159 -82
160 -67
161 -94
162 -83
163 -60
164 -24
165 -18
166 -73
167 -3
168 98
169 40
170 -13
171 12
172 91
173 40
174 -28
175 -21
176 -59
177 1
178 -96
179 86
180 -2
181 76
182 60
183 32
184 52
185 72
186 -16
187 -80
188 38
189 -88
190 27
191 -51
192 68
193 -89
194 -49
195 -40
196 -84
197 -38
198 -92
199 62
200 -15
201 71
202 3
203 78
204 -41
205 -88
206 13
207 -90
208 37
209 96
210 88
211 -53
212 -73
213 -57
214 -63
215 55
216 -9
217 2
218 38
219 -32
220 -74
221 -82
222 -91
223 28
224 -92
225 -55
226 -55
227 -71
228 -77
229 87
230 -57
231 -40
232 24
233 -58
234 -20
235 10
236 -66
237 -24
238 -30
239 69
240 58
241 97
242 79
243 -9
244 -80
245 -89
246 25
247 -30
248 74
249 -98
250 12
251 -98
252 95
253 -75
254 -8
255 2
256 -59
257 44
258 83
259 92
260 69
261 -7
262 -94
263 -24
264 -32
265 98
266 -59
267 -23
268 -29
269 -99
270 23
271 4
272 -93
273 79
274 -74
275 61
276 -13
277 -46
278 -47
279 -33
280 -35
281 75
282 77
283 -99
284 -98
285 -2
286 -17
287 74
288 -50
289 53
290 62
291 48
292 -73
293 76
294 70
295 -38
296 62
297 -54
298 6
299 0
300 -17
301 89
302 56
303 70
304 0
305 -42
306 75
307 14
308 -72
309 -48
310 37
311 8
312 -93
313 80
314 35
315 80
316 6
317 14
318 61
319 7
320 -79
321 -28
322 100
323 10
324 19
325 32
326 -87
327 60
328 76
329 100
330 -93
331 -66
332 97
333 50
334 -59
335 61
336 -40
337 -80
338 72
339 91
340 -85
341 -76
342 90
343 -95
344 -91
345 84
346 77
347 -56
348 -80
349 -59
350 -62
351 -89
352 -98
353 3
354 -29
355 -63
356 -92
357 -94
358 -19
359 19
360 -66
361 -74
362 48
363 -82
364 11
365 -99
366 17
367 -24
368 79
369 -14
370 -33
371 -4
372 20
373 98
374 -97
375 -14
376 34
377 -38
378 -26
379 70
380 91
381 78
382 84
383 89
384 3
385 -61
386 -99
387 92
388 49
389 -47
390 -34
391 -73
392 19
393 -77
394 4
395 -42
396 -61
397 -67
398 92
399 -14
400 -8
401 30
402 76
403 53
404 8
405 40
406 0
407 -42
408 81
409 -84
410 -21
411 -39
412 5
413 69
414 92
415 92
416 10
417 -30
418 -62
419 51
420 32
421 18
422 74
423 -71
424 45
425 28
426 60
427 25
428 -68
429 -18
430 57
431 -41
432 99
433 67
434 -96
435 40
436 -85
437 82
438 -57
439 -57
440 93
441 43
442 56
443 -53
444 -70
445 -9
446 -98
447 91
448 76
449 -82
450 72
451 82
452 -77
453 -22
454 55
455 44
456 -7
457 -91
458 23
459 24
460 11
461 -48
462 46
463 97
464 -28
465 -19
466 15
467 44
468 -77
469 -23
470 -5
471 -85
472 12
473 63
474 -70
475 -36
476 81
477 67
478 -87
479 40
480 -3
481 -25
482 -99
483 -42
484 -51
485 85
486 -37
487 7
488 82
489 9
490 -22
491 95
492 93
493 26
494 -41
495 -67
496 -55
497 -88
498 -66
499 21
500 -37
501 -28
502 -19
503 32
504 15
505 -31
506 -70
507 69
508 -94
509 -40
510 77
511 -26
512 54
513 -34
514 -73
515 24
516 49
517 22
518 45
519 -79
520 -4
521 -28
522 41
523 -76
524 -56
525 -78
526 30
527 71
528 76
529 78
530 -8
531 59
532 -70
533 -67
534 94
535 47
536 -81
537 39
538 -7
539 46
540 1
541 100
542 -61
543 67
544 37
545 -79
546 -66
547 18
548 86
549 19
550 -65
551 -82
552 -41
553 68
554 -9
555 17
556 6
557 70
558 94
559 -27
560 -26
561 -14
562 54
563 46
564 -67
565 -66
566 12
567 -31
568 8
569 2
570 55
571 4
572 29
573 83
574 81
575 -13
576 -66
577 -9
578 -84
579 -87
580 -29
581 -26
582 24
583 33
584 -33
585 -61
586 23
587 14
588 -10
589 -84
590 -94
591 11
592 -21
593 4
594 78
595 -50
596 -85
597 -8
598 -52
599 -82
600 58
601 -24
602 93
603 -35
604 -83
605 56
606 20
607 -13
608 27
609 5
610 -89
611 8
612 57
613 31
614 89
615 -43
616 -17
617 6
618 -46
619 -58
620 51
621 -34
622 -64
623 -72
624 -35
625 93
626 33
627 17
628 -22
629 -41
630 73
631 -34
632 -36
633 -7
634 -54
635 -71
636 -2
637 -46
638 -91
639 -33
640 -79
641 73
642 34
643 16
644 9
645 38
646 87
647 -2
648 -12
649 -38
650 -6
651 -28
652 -14
653 -3
654 -82
655 38
656 14
657 32
658 -95
659 -100
660 -17
661 -63
662 -40
663 -63
664 -17
665 -71
666 85
667 5
668 91
669 95
670 1
671 58
672 76
673 42
674 42
675 -27
676 50
677 88
678 74
679 9
680 -47
681 67
682 15
683 44
684 47
685 -6
686 6
687 77
688 17
689 23
690 -38
691 92
692 4
693 53
694 77
695 -75
696 96
697 37
698 13
699 -68
700 -79
701 -40
702 18
703 71
704 66
705 30
706 83
707 15
708 55
709 67
710 60
711 -34
712 -96
713 82
714 90
715 -17
716 -28
717 31
718 78
719 19
720 16
721 -35
722 -13
723 72
724 -72
725 46
726 97
727 -83
728 15
729 35
730 -87
731 -69
732 74
733 -28
734 -92
735 73
736 66
737 9
738 -91
739 -100
740 -17
741 -31
742 -59
743 11
744 -10
745 -18
746 -71
747 35
748 41
749 -51
750 48
751 -88
752 -84
753 -15
754 36
755 -43
756 -21
757 54
758 -96
759 -36
760 46
761 64
762 98
763 32
764 63
765 -35
766 17
767 -53
768 17
769 53
770 -89
771 -32
772 97
773 -92
774 99
775 -9
776 -15
777 -11
778 78
779 -2
780 50
781 86
782 -20
783 -68
784 -15
785 -26
786 -19
787 4
788 7
789 53
790 -5
791 -46
792 -48
793 -6
794 -85
795 22
796 -94
797 76
798 -20
799 -69
800 0
801 9
802 -81
803 40
804 -10
805 93
806 15
807 -82
808 -11
809 86
810 66
811 25
812 -12
813 -14
814 -67
815 -25
816 64
817 -36
818 -71
819 -45
820 18
821 -13
822 1
823 -57
824 -46
825 -27
826 -45
827 70
828 -97
829 -49
830 11
831 31
832 -39
833 -13
834 -10
835 -98
836 -81
837 -93
838 -90
839 25
840 -78
841 -65
842 88
843 -26
844 61
845 30
846 -50
847 67
848 24
849 15
850 11
851 -30
852 67
853 -80
854 66
855 33
856 82
857 -42
858 -17
859 -69
860 -66
861 -99
862 91
863 95
864 -76
865 29
866 -92
867 57
868 89
869 -29
870 -37
871 -45
872 -69
873 52
874 -20
875 -19
876 55
877 -79
878 94
879 17
880 -94
881 65
882 -50
883 -86
884 -92
885 -26
886 -15
887 -69
888 -53
889 93
890 8
891 62
892 -48
893 64
894 -40
895 -69
896 50
897 -58
898 5
899 80
900 3
901 -56
902 1
903 36
904 -81
905 100
906 -15
907 62
908 99
909 -18
910 -97
911 -36
912 24
913 30
914 4
915 -84
916 76
917 41
918 -77
919 91
920 45
921 42
922 -43
923 -10
924 40
925 7
926 -70
927 76
928 51
929 100
930 28
931 82
932 -47
933 -8
934 8
935 -51
936 -70
937 59
938 -15
939 58
940 -7
941 64
942 -64
943 -20
944 45
945 -22
946 -4
947 -86
948 -11
949 -99
950 -95
951 58
952 40
953 -51
954 -8
955 29
956 7
957 40
958 43
959 -82
960 -9
961 56
962 -4
963 -36
964 -47
965 79
966 -28
967 -13
968 16
969 54
970 67
971 68
972 -25
973 -25
974 64
975 25
976 77
977 -71
978 20
979 -91
980 95
981 85
982 99
983 -55
984 64
985 0
986 28
987 -91
988 74
989 61
990 -46
991 62
992 20
993 80
994 77
995 -32
996 -30
997 76
998 -53
999 -95
1000 -9
1001 -55
1002 14
1003 -66
1004 53
1005 8
1006 55
1007 69
1008 52
1009 -4
1010 52
1011 -28
1012 1
1013 5
1014 -31
1015 59
1016 -9
1017 -54
1018 -76
1019 -5
1020 -75
1021 -47
1022 71
1023 13
