0 -94
1 -35
2 -13
3 6
4 -60
5 -21
6 -44
7 97
8 81
9 -38
10 -100
11 4
12 -70
13 28
14 -70
15 -58
16 -35
17 0
18 -56
19 -4
20 90
21 -37
22 94
23 -50
24 38
25 78
26 41
27 87
28 -71
29 -7
30 -50
31 -79
32 -4
33 -49
34 57
35 -59
36 -42
37 -72
38 17
39 56
40 -33
41 -55
42 -53
43 80
44 -21
45 -19
46 -1
47 100
48 35
49 32
50 -83
51 -96
52 -48
53 -27
54 92
55 73
56 -61
57 91
58 -55
59 60
60 1
61 74
62 43
63 28
64 -76
65 -80
66 5
67 3
68 -15
69 21
70 -29
71 37
72 -56
73 -46
74 -42
75 -36
76 97
77 -59
78 85
79 9
80 66
81 -91
82 95
83 -16
84 59
85 67
86 42
87 70
88 54
89 -48
90 17
91 58
92 75
93 52
94 -20
95 70
96 -31
97 65
98 -14
99 -36
100 83
101 -75
102 -46
103 -88
104 -55
105 -31
106 86
107 54
108 -22
109 67
110 31
111 -29
112 59
113 -99
114 35
115 37
116 -70
117 -7
118 -95
119 13
120 -84
121 -43
122 -32
123 85
124 7
125 -30
126 -3
127 12
128 -29
129 26
130 98
131 17
132 -11
133 -81
134 70
135 -83
136 53
137 51
138 40
139 -72
140 14
141 65
142 22
143 59
144 -48
145 57
146 -20
147 94
148 -81
149 -6
150 -31
151 24
152 -83
153 -91
154 -91
155 -71
156 -10
157 -73
158 20
159 35
160 72
161 35
162 74
163 83
164 83
165 33
166 43
167 50
168 89
169 -71
170 -99
171 -60
172 39
173 -68
174 -7
175 8
176 31
177 13
178 -83
179 66
180 23
181 8
182 91
183 3
184 -47
185 23
186 71
187 -74
188 -74
189 29
190 67
191 -19
192 -17
193 84
194 45
195 -9
196 83
197 -34
198 -6
199 -18
200 98
201 -20
202 -88
203 -46
204 32
205 93
206 -92
207 -62
208 52
209 -19
210 29
211 78
212 -36
213 69
214 -41
215 -56
216 20
217 -36
218 47
219 -51
220 -23
221 -90
222 -25
223 12
224 -32
225 78
226 -14
227 -75
228 -86
229 -34
230 84
231 91
232 3
233 -55
234 -68
235 39
236 22
237 62
238 -100
239 61
240 59
241 60
242 16
243 -20
244 -34
245 28
246 -74
247 15
248 56
249 97
250 -25
251 34
252 52
253 -54
254 -55
255 -5
256 27
257 -41
258 50
259 58
260 -20
261 -32
262 65
263 -1
264 -22
265 -43
266 -30
267 71
268 -20
269 40
270 18
271 -99
272 28
273 -36
274 -23
275 -62
276 69
277 -38
278 94
279 -21
280 2
281 50
282 -69
283 2
284 64
285 40
286 42
287 -98
288 -21
289 -29
290 85
291 -56
292 -11
293 -75
294 85
295 97
296 13
297 -70
298 59
299 -41
300 -53
301 8
302 -8
303 8
304 -28
305 -55
306 2
307 71
308 -15
309 77
310 87
311 -49
312 -22
313 -70
314 -4
315 -17
316 81
317 -72
318 -23
319 69
320 -69
321 -92
322 -16
323 -51
324 -30
325 -37
326 60
327 46
328 -49
329 -99
330 -4
331 5
332 -4
333 -51
334 -26
335 26
336 -91
337 -71
338 78
339 56
340 -61
341 3
342 -43
343 -35
344 62
345 -92
346 48
347 34
348 -2
349 85
350 -78
351 -74
352 -89
353 92
354 -29
355 -38
356 -4
357 -77
358 -72
359 -27
360 -2
361 76
362 -9
363 11
364 81
365 -21
366 15
367 -14
368 50
369 -88
370 44
371 -86
372 17
373 -70
374 -74
375 -61
376 31
377 -40
378 19
379 -34
380 24
381 -90
382 -21
383 -49
384 91
385 -84
386 90
387 -34
388 -98
389 -20
390 62
391 -72
392 93
393 -19
394 -14
395 92
396 -56
397 2
398 56
399 -55
400 -63
401 3
402 -73
403 24
404 80
405 67
406 -84
407 12
408 25
409 -87
410 -60
411 91
412 100
413 -5
414 27
415 -84
416 17
417 83
418 52
419 -93
420 16
421 -51
422 0
423 80
424 73
425 66
426 67
427 -98
428 57
429 -18
430 -32
431 -54
432 35
433 -70
434 73
435 89
436 -22
437 52
438 84
439 18
440 49
441 66
442 -1
443 14
444 96
445 -93
446 74
447 -57
448 -62
449 83
450 -52
451 -24
452 1
453 1
454 86
455 -55
456 20
457 -34
458 63
459 -1
460 -66
461 -20
462 44
463 97
464 96
465 -27
466 49
467 48
468 -25
469 -50
470 -41
471 -95
472 -58
473 -85
474 -82
475 66
476 -17
477 73
478 -1
479 -90
480 4
481 -20
482 25
483 -12
484 -28
485 23
486 56
487 92
488 80
489 -16
490 68
491 -43
492 66
493 -92
494 42
495 -93
496 55
497 -73
498 65
499 -29
500 49
501 20
502 -22
503 99
504 -65
505 -29
506 11
507 -58
508 -90
509 -53
510 37
511 -43
512 -51
513 14
514 -34
515 -87
516 -20
517 81
518 -77
519 90
520 -78
521 -35
522 52
523 53
524 20
525 -84
526 -80
527 -94
528 74
529 72
530 100
531 93
532 -32
533 -25
534 81
535 38
536 -37
537 14
538 -22
539 -61
540 -23
541 -10
542 -55
543 31
544 34
545 -73
546 20
547 32
548 -18
549 50
550 50
551 75
552 -27
553 69
554 92
555 4
556 -70
557 81
558 15
559 -81
560 -58
561 86
562 -62
563 -63
564 29
565 45
566 -77
567 94
568 50
569 84
570 -97
571 96
572 -9
573 -44
574 -41
575 29
576 -28
577 47
578 63
579 -61
580 89
581 -99
582 -8
583 -88
584 81
585 49
586 97
587 18
588 1
589 -48
590 -30
591 8
592 -75
593 38
594 -9
595 -25
596 -49
597 11
598 -50
599 -41
600 86
601 -38
602 11
603 -68
604 22
605 37
606 -10
607 -100
608 -16
609 55
610 -49
611 -64
612 97
613 -24
614 18
615 -46
616 -29
617 36
618 68
619 48
620 -25
621 2
622 -44
623 -63
624 -45
625 -97
626 0
627 -59
628 70
629 42
630 8
631 -10
632 72
633 -86
634 74
635 71
636 82
637 91
638 -48
639 -22
640 -74
641 -59
642 70
643 39
644 -95
645 -2
646 80
647 -35
648 42
649 67
650 -5
651 -72
652 17
653 -32
654 32
655 67
656 15
657 -39
658 -42
659 -29
660 15
661 -25
662 54
663 25
664 -78
665 12
666 48
667 -68
668 28
669 89
670 -12
671 28
672 92
673 30
674 25
675 47
676 -26
677 55
678 -56
679 43
680 -31
681 90
682 72
683 7
684 59
685 -65
686 -78
687 48
688 -96
689 14
690 -2
691 -18
692 1
693 55
694 66
695 -62
696 4
697 89
698 97
699 -11
700 38
701 93
702 -29
703 35
704 -17
705 -68
706 -26
707 -46
708 53
709 -76
710 -37
711 69
712 -5
713 -25
714 -58
715 43
716 -82
717 85
718 -6
719 56
720 83
721 -60
722 55
723 73
724 74
725 27
726 -99
727 80
728 98
729 -34
730 44
731 -10
732 -36
733 21
734 69
735 -32
736 66
737 -48
738 -1
739 90
740 35
741 5
742 80
743 -78
744 -62
745 24
746 -5
747 -2
748 97
749 -71
750 -76
751 73
752 -67
753 62
754 33
755 -33
756 42
757 30
758 27
759 96
760 -39
761 -61
762 52
763 -43
764 -1
765 -77
766 52
767 57
768 26
769 75
770 -56
771 89
772 -37
773 80
774 -90
775 23
776 -77
777 7
778 -7
779 -12
780 42
781 5
782 -70
783 65
784 26
785 48
786 9
787 30
788 43
789 17
790 -60
791 -75
792 19
793 66
794 58
795 -61
796 67
797 75
798 83
799 32
800 88
801 29
802 26
803 -57
804 74
805 -83
806 -21
807 -80
808 41
809 23
810 18
811 94
812 -13
813 21
814 -28
815 -100
816 81
817 39
818 91
819 -52
820 12
821 84
822 73
823 -96
824 2
825 -12
826 88
827 2
828 42
829 95
830 44
831 -67
832 40
833 55
834 -43
835 -82
836 -34
837 -77
838 -79
839 93
840 -33
841 35
842 -66
843 57
844 -94
845 -5
846 24
847 -88
848 61
849 -35
850 -23
851 -95
852 -79
853 55
854 -30
855 28
856 34
857 -79
858 -24
859 -4
860 51
861 0
862 -46
863 -88
864 -67
865 -25
866 -38
867 82
868 -30
869 -46
870 11
871 -98
872 61
873 -7
874 78
875 -15
876 89
877 -18
878 -54
879 -70
880 -49
881 82
882 63
883 5
884 41
885 76
886 29
887 -40
888 -6
889 -65
890 39
891 -87
892 33
893 60
894 -67
895 16
896 12
897 -98
898 -50
899 -74
900 0
901 43
902 86
903 -59
904 -18
905 2
906 52
907 45
908 -19
909 -4
910 -97
911 -39
912 -62
913 92
914 -60
915 -38
916 -34
917 -99
918 41
919 -50
920 62
921 31
922 68
923 -23
924 87
925 3
926 -86
927 88
928 -38
929 -74
930 -6
931 97
932 14
933 92
934 63
935 -93
936 96
937 -80
938 -89
939 -66
940 -4
941 56
942 -49
943 80
944 45
945 -49
946 67
947 89
948 -48
949 -47
950 -26
951 -18
952 62
953 85
954 -25
955 -94
956 -85
957 44
958 -45
959 -81
960 52
961 16
962 -98
963 -63
964 25
965 74
966 -16
967 32
968 -29
969 24
970 60
971 -11
972 1
973 -51
974 -5
975 -21
976 -48
977 -74
978 -48
979 6
980 -82
981 -62
982 -24
983 52
984 -83
985 -78
986 -81
987 79
988 -51
989 29
990 -27
991 47
992 -83
993 28
994 86
995 20
996 -11
997 -63
998 -59
999 -33
1000 13
1001 -61
1002 -1
1003 78
1004 -24
1005 -33
1006 -18
1007 -84
1008 81
1009 -70
1010 86
1011 -7
1012 10
1013 -99
1014 70
1015 -37
1016 -64
1017 -67
1018 32
1019 30
1020 76
1021 -84
1022 12
1023 90
