0 -76
1 94
2 26
3 24
4 -64
5 0
6 -30
7 -87
8 -24
9 39
10 -32
11 39
12 17
13 -58
14 59
15 53
16 -24
17 78
18 30
19 -63
20 39
21 -20
22 80
23 5
24 -94
25 -81
26 64
27 -6
28 -47
29 71
30 46
31 36
32 -31
33 -81
34 36
35 -90
36 -53
37 36
38 -66
39 82
40 23
41 -77
42 -77
43 -48
44 -97
45 21
46 92
47 23
48 30
49 25
50 60
51 -74
52 -67
53 74
54 95
55 98
56 24
57 -30
58 98
59 -78
60 62
61 -92
62 6
63 -5
64 -47
65 -85
66 15
67 80
68 75
69 -30
70 -37
71 -26
72 -72
73 40
74 64
75 -49
76 85
77 64
78 -17
79 -18
80 24
81 -13
82 8
83 24
84 77
85 -50
86 -81
87 48
88 8
89 82
90 -23
91 48
92 66
93 -31
94 -6
95 40
96 36
97 -30
98 -16
99 -33
100 61
101 -24
102 3
103 60
104 81
105 68
106 -64
107 -64
108 -18
109 -32
110 -54
111 73
112 -12
113 99
114 34
115 -83
116 20
117 -4
118 58
119 -38
120 49
121 61
122 64
123 -59
124 -63
125 53
126 69
127 -30
128 -95
129 -58
130 -48
131 -24
132 -24
133 -14
134 19
135 -56
136 -74
137 54
138 -72
139 95
140 -52
141 57
142 -55
143 55
144 67
145 71
146 -24
147 100
148 -47
149 -22
150 46
151 -16
152 -48
153 -53
154 19
155 91
156 -74
157 -97
158 20
159 69
160 4
161 52
162 60
163 -20
164 -68
165 -59
166 21
167 61
168 11
169 66
170 3
171 -98
172 53
173 -63
174 -31
175 -42
176 59
177 -59
178 -42
179 -71
180 -1
181 58
182 58
183 50
184 -28
185 59
186 -26
187 15
188 93
189 97
190 -73
191 29
192 15
193 84
194 46
195 83
196 30
197 61
198 60
199 -57
200 41
201 43
202 -75
203 34
204 -17
205 93
206 -37
207 -7
208 -78
209 91
210 -84
211 49
212 24
213 -69
214 -53
215 34
216 -22
217 50
218 -25
219 85
220 -91
221 7
222 -72
223 52
224 66
225 -51
226 37
227 -68
228 42
229 -67
230 -51
231 57
232 -44
233 73
234 -75
235 55
236 14
237 60
238 42
239 -45
240 -42
241 -70
242 11
243 -98
244 -17
245 -82
246 -81
247 94
248 77
249 -99
250 -19
251 77
252 -95
253 17
254 -36
255 -60
256 -1
257 -42
258 30
259 -85
260 80
261 49
262 47
263 -84
264 -79
265 -21
266 -35
267 43
268 -37
269 32
270 -35
271 74
272 36
273 31
274 97
275 -78
276 -7
277 -93
278 -41
279 0
280 -88
281 92
282 -54
283 -66
284 -12
285 27
286 6
287 0
288 26
289 87
290 -38
291 93
292 -59
293 -28
294 -5
295 -60
296 48
297 -88
298 51
299 66
300 -58
301 84
302 -42
303 -19
304 -11
305 -7
306 -8
307 -6
308 -49
309 -52
310 -14
311 19
312 36
313 -33
314 19
315 47
316 -32
317 86
318 9
319 17
320 -27
321 26
322 -75
323 0
324 -88
325 25
326 96
327 -98
328 -8
329 -12
330 -24
331 31
332 -56
333 21
334 28
335 31
336 -100
337 41
338 -2
339 -6
340 -67
341 95
342 -31
343 -21
344 -73
345 36
346 11
347 -16
348 27
349 68
350 -61
351 -31
352 73
353 -29
354 -11
355 100
356 -83
357 30
358 88
359 31
360 65
361 86
362 -94
363 -79
364 -68
365 -5
366 -37
367 52
368 64
369 5
370 92
371 -75
372 -39
373 -9
374 92
375 18
376 12
377 62
378 42
379 -79
380 -58
381 -28
382 87
383 85
384 -14
385 96
386 43
387 74
388 -47
389 -45
390 5
391 -90
392 13
393 -89
394 84
395 71
396 -69
397 -19
398 -23
399 81
400 -30
401 -92
402 99
403 100
404 49
405 33
406 98
407 -50
408 28
409 78
410 -1
411 -81
412 53
413 68
414 14
415 35
416 64
417 30
418 92
419 -42
420 -50
421 32
422 38
423 59
424 85
425 82
426 -70
427 43
428 82
429 96
430 -87
431 76
432 -89
433 -94
434 -85
435 -65
436 47
437 -36
438 -3
439 -90
440 24
441 70
442 92
443 -96
444 -31
445 86
446 -64
447 21
448 -3
449 -14
450 -50
451 14
452 19
453 -55
454 27
455 -43
456 76
457 61
458 29
459 78
460 86
461 86
462 -7
463 -89
464 -18
465 18
466 -97
467 80
468 36
469 74
470 -64
471 -99
472 -20
473 -30
474 -50
475 95
476 73
477 48
478 35
479 83
480 -57
481 28
482 79
483 6
484 -91
485 1
486 -46
487 59
488 94
489 -8
490 18
491 34
492 98
493 -40
494 -18
495 -91
496 -66
497 5
498 38
499 -81
500 41
501 40
502 -82
503 -100
504 71
505 56
506 -57
507 91
508 -7
509 -10
510 -75
511 -46
512 59
513 65
514 -84
515 -81
516 -40
517 1
518 -52
519 26
520 19
521 -66
522 -93
523 -70
524 60
525 -33
526 23
527 10
528 34
529 1
530 -35
531 15
532 -88
533 -50
534 28
535 85
536 -24
537 69
538 52
539 67
540 67
541 -41
542 -4
543 58
544 -5
545 85
546 -31
547 -59
548 14
549 -100
550 -82
551 87
552 -63
553 -77
554 -86
555 74
556 57
557 -87
558 91
559 7
560 -80
561 51
562 -48
563 87
564 -82
565 62
566 -51
567 20
568 -90
569 -90
570 52
571 -97
572 49
573 -84
574 -7
575 -3
576 -7
577 81
578 -56
579 -93
580 -30
581 88
582 -24
583 -94
584 -79
585 68
586 71
587 -43
588 69
589 89
590 27
591 61
592 -31
593 -62
594 -55
595 -29
596 95
597 -42
598 -95
599 -68
600 -8
601 -34
602 46
603 -53
604 -36
605 84
606 33
607 -95
608 45
609 84
610 8
611 -51
612 -63
613 -69
614 -19
615 45
616 78
617 90
618 52
619 -94
620 96
621 55
622 41
623 -57
624 28
625 12
626 -96
627 -94
628 64
629 -71
630 2
631 50
632 -1
633 -51
634 -19
635 -15
636 63
637 -27
638 35
639 90
640 72
641 58
642 -14
643 2
644 23
645 74
646 -22
647 -60
648 14
649 60
650 50
651 -83
652 66
653 -47
654 63
655 95
656 -64
657 -4
658 -89
659 66
660 57
661 -6
662 68
663 38
664 -89
665 -90
666 99
667 -40
668 47
669 -58
670 -59
671 9
672 96
673 -39
674 -73
675 36
676 -91
677 38
678 11
679 42
680 51
681 -5
682 -97
683 58
684 -88
685 27
686 -13
687 -32
688 -18
689 -88
690 67
691 -38
692 -3
693 53
694 -79
695 16
696 97
697 -29
698 90
699 -45
700 -64
701 10
702 -91
703 -83
704 75
705 -84
706 -20
707 -45
708 -14
709 45
710 -74
711 -17
712 -26
713 6
714 92
715 -4
716 18
717 -31
718 78
719 -97
720 35
721 -53
722 -15
723 65
724 -31
725 -71
726 -64
727 43
728 55
729 38
730 -41
731 -47
732 -55
733 19
734 -38
735 51
736 -76
737 -57
738 22
739 -83
740 45
741 -66
742 10
743 -41
744 85
745 78
746 -39
747 16
748 69
749 49
750 0
751 -81
752 14
753 63
754 10
755 -42
756 84
757 66
758 10
759 91
760 7
761 -81
762 -38
763 47
764 9
765 -67
766 12
767 -15
768 35
769 14
770 -84
771 -46
772 0
773 61
774 89
775 80
776 -38
777 77
778 -13
779 99
780 -50
781 3
782 -100
783 1
784 98
785 -24
786 58
787 -100
788 -73
789 -58
790 37
791 12
792 87
793 71
794 27
795 -48
796 -63
797 54
798 39
799 -22
800 18
801 69
802 24
803 3
804 -58
805 85
806 -41
807 91
808 6
809 100
810 7
811 -99
812 -69
813 -55
814 78
815 67
816 -94
817 -80
818 -83
819 51
820 -43
821 1
822 -59
823 -90
824 44
825 25
826 -85
827 -64
828 -4
829 24
830 -17
831 43
832 -13
833 -73
834 97
835 -95
836 22
837 0
838 -97
839 -79
840 -54
841 32
842 -82
843 -65
844 25
845 -88
846 21
847 91
848 -3
849 71
850 41
851 38
852 -1
853 -28
854 11
855 64
856 -84
857 -4
858 -56
859 88
860 95
861 -76
862 -13
863 -47
864 -1
865 20
866 -98
867 68
868 6
869 -15
870 92
871 -72
872 -59
873 -17
874 -44
875 -76
876 -70
877 -95
878 -82
879 25
880 21
881 -1
882 -1
883 37
884 9
885 -45
886 4
887 -76
888 41
889 39
890 -40
891 5
892 22
893 -75
894 96
895 28
896 28
897 -62
898 -31
899 -63
900 -90
901 2
902 -1
903 -34
904 41
905 -96
906 44
907 -79
908 -25
909 94
910 61
911 40
912 38
913 23
914 4
915 -68
916 35
917 -93
918 -72
919 98
920 -50
921 23
922 -60
923 96
924 86
925 63
926 59
927 -75
928 87
929 -48
930 62
931 -91
932 24
933 -67
934 40
935 -55
936 86
937 11
938 -42
939 93
940 -84
941 98
942 -81
943 96
944 -26
945 -30
946 70
947 71
948 -28
949 56
950 30
951 -78
952 -30
953 76
954 67
955 -47
956 19
957 -95
958 -28
959 60
960 32
961 -44
962 26
963 -80
964 76
965 34
966 -77
967 13
968 -9
969 -87
970 27
971 -71
972 -55
973 80
974 70
975 79
976 -29
977 2
978 -17
979 -10
980 0
981 -18
982 31
983 72
984 -58
985 -19
986 9
987 61
988 7
989 -73
990 -35
991 -70
992 78
993 -63
994 -40
995 8
996 -48
997 82
998 -100
999 -84
1000 -70
1001 -58
1002 41
1003 -10
1004 95
1005 36
1006 36
1007 18
1008 15
1009 -84
1010 -46
1011 38
1012 80
1013 -46
1014 -22
1015 -1
1016 80
1017 19
1018 59
1019 37
1020 -13
1021 9
1022 -87
1023 26
