0 -96
1 -56
2 -19
3 97
4 91
5 -90
6 85
7 67
8 65
9 -91
10 74
11 82
12 -13
13 93
14 -72
15 96
16 -89
17 74
18 26
19 73
20 89
21 -16
22 -64
23 -37
24 -79
25 -69
26 4
27 8
28 89
29 -29
30 54
31 100
32 -16
33 -4
34 59
35 -47
36 -100
37 -13
38 -30
39 4
40 -32
41 -25
42 -30
43 14
44 -45
45 10
46 -67
47 87
48 86
49 -83
50 89
51 21
52 -72
53 -90
54 -24
55 10
56 -10
57 59
58 -33
59 -64
60 59
61 46
62 84
63 -76
64 42
65 51
66 -28
67 52
68 -86
69 82
70 -81
71 100
72 2
73 21
74 5
75 -17
76 43
77 -86
78 -87
79 47
80 -80
81 -79
82 -74
83 -18
84 -95
85 75
86 -1
87 74
88 42
89 -100
90 -68
91 85
92 -91
93 -32
94 89
95 19
96 52
97 44
98 5
99 98
100 6
101 -62
102 18
103 -36
104 82
105 -97
106 -4
107 12
108 1
109 -62
110 80
111 70
112 57
113 81
114 -96
115 37
116 -64
117 18
118 96
119 -2
120 91
121 65
122 -46
123 65
124 78
125 -97
126 -14
127 -11
128 -17
129 -51
130 53
131 56
132 -44
133 -82
134 -83
135 25
136 -49
137 79
138 66
139 -46
140 23
141 -74
142 -94
143 -70
144 -42
145 15
146 -96
147 78
148 -93
149 -90
150 -39
151 -98
152 -35
153 -90
154 70
155 -18
156 84
157 0
158 73
159 -28
160 -42
161 61
162 -49
163 -18
164 31
165 20
166 100
167 -49
168 -98
169 86
170 -67
171 -77
172 -85
173 -31
174 -3
175 -51
176 -56
177 -43
178 -13
179 -40
180 -44
181 -53
182 -69
183 98
184 10
185 -84
186 -41
187 7
188 78
189 70
190 8
191 -88
192 -9
193 43
194 92
195 5
196 95
197 -62
198 -51
199 11
200 80
201 -3
202 -78
203 47
204 10
205 -2
206 -9
207 4
208 57
209 -6
210 69
211 44
212 26
213 -61
214 -83
215 -31
216 -13
217 89
218 6
219 40
220 -51
221 80
222 -75
223 -71
224 23
225 -1
226 -81
227 -28
228 -87
229 42
230 -63
231 10
232 2
233 -3
234 -70
235 -89
236 -53
237 7
238 1
239 5
240 26
241 -95
242 35
243 27
244 -78
245 -74
246 -20
247 54
248 -66
249 -54
250 -74
251 -70
252 40
253 -2
254 -81
255 -75
256 11
257 62
258 -83
259 57
260 85
261 -21
262 57
263 -62
264 -48
265 23
266 91
267 41
268 -20
269 23
270 94
271 39
272 -30
273 40
274 61
275 -25
276 59
277 23
278 -9
279 -18
280 26
281 40
282 -26
283 -62
284 56
285 -41
286 34
287 12
288 69
289 74
290 16
291 2
292 -45
293 -35
294 -97
295 -23
296 79
297 -14
298 99
299 82
300 43
301 82
302 93
303 -83
304 83
305 -32
306 -85
307 47
308 -2
309 67
310 -65
311 -93
312 -63
313 42
314 -14
315 81
316 60
317 0
318 -81
319 14
320 37
321 27
322 76
323 90
324 19
325 -56
326 -2
327 10
328 -90
329 52
330 81
331 -91
332 -1
333 -64
334 -2
335 32
336 -17
337 11
338 31
339 -50
340 68
341 -86
342 -33
343 4
344 -59
345 -6
346 13
347 68
348 -13
349 -58
350 14
351 -10
352 -93
353 -86
354 69
355 -75
356 100
357 -11
358 80
359 57
360 -17
361 41
362 -86
363 58
364 -24
365 13
366 -66
367 61
368 39
369 52
370 -48
371 47
372 39
373 -59
374 55
375 -36
376 7
377 -62
378 -23
379 -75
380 -90
381 46
382 -54
383 -59
384 61
385 23
386 -11
387 22
388 -61
389 -70
390 -87
391 21
392 68
393 -42
394 9
395 48
396 -22
397 0
398 49
399 48
400 -83
401 100
402 -23
403 -63
404 71
405 -19
406 71
407 95
408 9
409 19
410 -9
411 -83
412 96
413 -53
414 -2
415 -95
416 -55
417 23
418 -69
419 -72
420 24
421 -38
422 -39
423 60
424 -34
425 98
426 -62
427 53
428 -89
429 82
430 83
431 -42
432 33
433 -39
434 -90
435 -64
436 -81
437 -13
438 -82
439 5
440 -100
441 82
442 11
443 -24
444 -74
445 88
446 28
447 69
448 62
449 -71
450 84
451 36
452 18
453 21
454 -37
455 -30
456 -10
457 -70
458 -45
459 54
460 65
461 33
462 -27
463 52
464 31
465 0
466 -33
467 38
468 -67
469 -27
470 46
471 -43
472 -100
473 -10
474 29
475 -75
476 -19
477 14
478 75
479 -13
480 -79
481 84
482 46
483 51
484 -49
485 43
486 -35
487 66
488 -93
489 -52
490 45
491 65
492 -81
493 -98
494 12
495 55
496 40
497 -71
498 15
499 -18
500 59
501 -76
502 25
503 57
504 -15
505 74
506 60
507 85
508 -28
509 -86
510 34
511 25
512 95
513 -68
514 -45
515 -95
516 38
517 -47
518 63
519 -48
520 21
521 -99
522 -81
523 41
524 19
525 4
526 41
527 -16
528 68
529 -61
530 -97
531 -52
532 64
533 -22
534 -72
535 -15
536 31
537 75
538 -66
539 5
540 40
541 -83
542 18
543 -72
544 96
545 -83
546 27
547 -98
548 -48
549 -67
550 92
551 -5
552 64
553 -43
554 75
555 -41
556 8
557 93
558 10
559 66
560 -13
561 34
562 -44
563 24
564 83
565 12
566 95
567 -27
568 18
569 16
570 56
571 -64
572 -7
573 -13
574 -64
575 81
576 -98
577 98
578 -12
579 -78
580 48
581 9
582 3
583 13
584 18
585 31
586 -35
587 -49
588 -79
589 -24
590 39
591 -53
592 62
593 5
594 45
595 50
596 -68
597 65
598 -2
599 -89
600 -46
601 -66
602 -2
603 -64
604 85
605 -39
606 -14
607 9
608 45
609 -15
610 65
611 10
612 99
613 -60
614 57
615 -65
616 67
617 -59
618 -24
619 -19
620 -90
621 -44
622 59
623 -45
624 -62
625 -74
626 100
627 10
628 43
629 -73
630 50
631 -12
632 66
633 -23
634 14
635 -85
636 -65
637 -62
638 -82
639 -75
640 41
641 46
642 28
643 94
644 -23
645 38
646 -58
647 -92
648 -83
649 96
650 12
651 -19
652 15
653 -31
654 74
655 -40
656 18
657 -90
658 -8
659 -66
660 -71
661 75
662 -16
663 19
664 -56
665 -43
666 38
667 33
668 -79
669 59
670 -45
671 -73
672 51
673 11
674 -70
675 72
676 -20
677 -66
678 43
679 95
680 58
681 32
682 -75
683 49
684 71
685 52
686 -56
687 30
688 16
689 28
690 -73
691 -36
692 -53
693 -14
694 -14
695 -86
696 -25
697 63
698 -42
699 -67
700 89
701 -98
702 -61
703 -57
704 6
705 92
706 69
707 -42
708 54
709 94
710 33
711 -35
712 -61
713 -64
714 -14
715 -1
716 -43
717 89
718 53
719 -60
720 84
721 -86
722 -64
723 84
724 89
725 -39
726 -22
727 86
728 17
729 87
730 18
731 67
732 53
733 60
734 -29
735 -72
736 3
737 -58
738 -75
739 50
740 -95
741 -24
742 48
743 36
744 -45
745 -68
746 -39
747 -60
748 8
749 -18
750 -56
751 58
752 24
753 -4
754 98
755 63
756 -12
757 7
758 23
759 -99
760 8
761 88
762 70
763 -73
764 2
765 -79
766 -100
767 7
768 0
769 98
770 52
771 62
772 -55
773 21
774 -55
775 -97
776 46
777 -27
778 100
779 -14
780 18
781 31
782 -54
783 -13
784 81
785 90
786 -63
787 36
788 13
789 -35
790 -79
791 42
792 43
793 -52
794 -11
795 -15
796 -77
797 -57
798 -33
799 -59
800 -52
801 13
802 -64
803 46
804 -72
805 -14
806 15
807 57
808 -35
809 21
810 -65
811 56
812 56
813 -72
814 47
815 3
816 13
817 -54
818 -28
819 82
820 -42
821 46
822 11
823 -99
824 85
825 51
826 3
827 81
828 61
829 -87
830 -39
831 -1
832 -6
833 23
834 -97
835 -11
836 51
837 -5
838 -70
839 -88
840 70
841 43
842 79
843 -52
844 59
845 40
846 50
847 42
848 4
849 -39
850 55
851 -4
852 67
853 -69
854 -10
855 32
856 20
857 39
858 -29
859 -74
860 -39
861 30
862 16
863 -83
864 16
865 -60
866 -93
867 97
868 -32
869 57
870 -16
871 -72
872 13
873 44
874 66
875 -61
876 -62
877 -90
878 95
879 -25
880 -70
881 -60
882 -92
883 -67
884 37
885 -44
886 -20
887 -68
888 -21
889 -21
890 -35
891 17
892 -80
893 -1
894 80
895 91
896 60
897 7
898 57
899 6
900 -61
901 -12
902 -12
903 66
904 11
905 72
906 15
907 16
908 -41
909 75
910 67
911 -76
912 -9
913 59
914 92
915 23
916 47
917 -17
918 -71
919 2
920 -58
921 -68
922 -75
923 67
924 19
925 46
926 -48
927 -12
928 1
929 -12
930 37
931 15
932 24
933 73
934 -66
935 77
936 -40
937 -66
938 -39
939 92
940 80
941 89
942 94
943 -43
944 -57
945 -56
946 99
947 -88
948 -13
949 22
950 19
951 -22
952 53
953 80
954 89
955 19
956 65
957 -65
958 16
959 -25
960 -70
961 -87
962 96
963 -39
964 61
965 -75
966 30
967 78
968 65
969 -12
970 -8
971 -20
972 -10
973 -78
974 -72
975 -36
976 67
977 26
978 28
979 97
980 49
981 -1
982 81
983 -80
984 -14
985 -13
986 35
987 -67
988 -25
989 -19
990 47
991 50
992 -36
993 -63
994 87
995 -48
996 71
997 -17
998 -93
999 25
1000 71
1001 60
1002 68
1003 32
1004 32
1005 35
1006 7
1007 -31
1008 -7
1009 -92
1010 -84
1011 76
1012 -75
1013 81
1014 -69
1015 -13
1016 -86
1017 17
1018 12
1019 -64
1020 -93
1021 15
1022 -14
1023 -66
