0 35
1 94
2 69
3 1
4 11
5 76
6 -96
7 81
8 -55
9 -37
10 71
11 40
12 -45
13 -27
14 -48
15 -63
16 -83
17 84
18 -39
19 -59
20 -94
21 99
22 79
23 -35
24 87
25 87
26 -1
27 86
28 -80
29 -52
30 -12
31 -93
32 -10
33 -33
34 -84
35 8
36 6
37 -24
38 -4
39 -40
40 85
41 -51
42 22
43 77
44 53
45 -78
46 -60
47 28
48 -82
49 77
50 -17
51 -94
52 78
53 86
54 66
55 48
56 -73
57 -32
58 -62
59 -62
60 49
61 94
62 68
63 96
64 98
65 34
66 35
67 19
68 16
69 -89
70 58
71 86
72 -37
73 -11
74 -5
75 25
76 76
77 -66
78 99
79 -17
80 -40
81 27
82 97
83 -89
84 51
85 93
86 29
87 40
88 92
89 -88
90 92
91 99
92 95
93 27
94 15
95 8
96 -71
97 98
98 53
99 -4
100 -5
101 -90
102 -80
103 63
104 -15
105 -43
106 -77
107 0
108 -3
109 -14
110 -27
111 9
112 56
113 -32
114 -84
115 -3
116 -80
117 71
118 93
119 -4
120 80
121 -34
122 -82
123 -20
124 -17
125 84
126 -79
127 99
128 24
129 47
130 -30
131 -5
132 -13
133 -12
134 24
135 32
136 65
137 -100
138 71
139 82
140 59
141 -61
142 4
143 -81
144 -72
145 -23
146 -60
147 77
148 -96
149 -49
150 -27
151 2
152 -86
153 -6
154 -38
155 -79
156 -15
157 85
158 92
159 -61
160 10
161 91
162 -86
163 -33
164 -30
165 26
166 45
167 77
168 76
169 -7
170 1
171 -98
172 -59
173 -13
174 3
175 -96
176 -36
177 -9
178 -86
179 -95
180 -98
181 68
182 -10
183 -51
184 -9
185 -39
186 53
187 -44
188 -72
189 79
190 -71
191 82
192 -46
193 -83
194 -75
195 -50
196 -75
197 -70
198 -65
199 -56
200 -94
201 -37
202 -22
203 -65
204 55
205 96
206 -23
207 -87
208 92
209 -73
210 88
211 77
212 -64
213 -13
214 22
215 80
216 -21
217 -60
218 -92
219 -39
220 51
221 -18
222 3
223 -17
224 6
225 51
226 -78
227 -34
228 44
229 -19
230 18
231 25
232 -36
233 -24
234 0
235 77
236 76
237 66
238 -72
239 69
240 50
241 52
242 44
243 53
244 -53
245 -97
246 -15
247 44
248 83
249 -100
250 17
251 -30
252 47
253 56
254 -39
255 56
256 -36
257 -27
258 -75
259 83
260 -30
261 -96
262 -16
263 -6
264 62
265 95
266 -21
267 26
268 38
269 28
270 1
271 93
272 85
273 23
274 44
275 -40
276 -97
277 -8
278 -28
279 40
280 -22
281 8
282 -42
283 -79
284 -93
285 -70
286 -37
287 -63
288 -81
289 41
290 28
291 -7
292 37
293 -27
294 -97
295 48
296 7
297 0
298 54
299 -29
300 -85
301 89
302 83
303 5
304 80
305 32
306 -56
307 7
308 -16
309 39
310 4
311 98
312 -17
313 28
314 85
315 -9
316 83
317 -6
318 -52
319 18
320 -97
321 0
322 16
323 -30
324 -68
325 42
326 19
327 -39
328 23
329 -10
330 -72
331 7
332 -47
333 -5
334 12
335 -79
336 54
337 -82
338 -74
339 -84
340 5
341 31
342 98
343 26
344 -5
345 -36
346 65
347 20
348 -64
349 41
350 -68
351 41
352 -22
353 -50
354 -6
355 51
356 -14
357 -59
358 30
359 80
360 -93
361 -48
362 -74
363 -8
364 4
365 -88
366 76
367 76
368 41
369 94
370 -57
371 -78
372 0
373 85
374 4
375 7
376 -32
377 -2
378 -41
379 47
380 -97
381 83
382 6
383 -21
384 -77
385 -8
386 -31
387 2
388 68
389 99
390 40
391 -48
392 8
393 95
394 70
395 -32
396 -73
397 80
398 30
399 -10
400 84
401 54
402 -22
403 -3
404 -18
405 8
406 7
407 -49
408 94
409 -54
410 4
411 -47
412 7
413 12
414 -62
415 38
416 -29
417 -19
418 -40
419 81
420 -49
421 84
422 70
423 60
424 -75
425 -31
426 -74
427 90
428 70
429 2
430 99
431 76
432 -31
433 -85
434 -62
435 64
436 96
437 76
438 -59
439 -41
440 49
441 -74
442 64
443 87
444 86
445 79
446 -58
447 71
448 -50
449 31
450 -47
451 40
452 65
453 -19
454 -36
455 22
456 -5
457 25
458 6
459 13
460 79
461 20
462 -26
463 -80
464 7
465 15
466 25
467 -49
468 -78
469 -8
470 -27
471 71
472 0
473 3
474 -38
475 -47
476 -32
477 75
478 -21
479 23
480 -46
481 -79
482 13
483 34
484 18
485 -55
486 36
487 -84
488 74
489 -86
490 51
491 95
492 34
493 89
494 -78
495 34
496 77
497 -29
498 53
499 -64
500 87
501 70
502 28
503 -23
504 36
505 14
506 29
507 93
508 89
509 5
510 -80
511 92
512 -12
513 -33
514 70
515 -40
516 -1
517 17
518 -78
519 55
520 -60
521 -50
522 97
523 0
524 -63
525 8
526 9
527 -77
528 71
529 -66
530 40
531 -97
532 -8
533 83
534 -14
535 -51
536 16
537 -9
538 55
539 -61
540 -49
541 65
542 92
543 -21
544 -48
545 66
546 -31
547 97
548 -83
549 -74
550 90
551 -31
552 -31
553 -100
554 26
555 -96
556 -84
557 37
558 29
559 -19
560 98
561 -55
562 -28
563 -26
564 -11
565 81
566 41
567 67
568 -80
569 40
570 67
571 64
572 -87
573 -18
574 -49
575 -54
576 59
577 -85
578 -48
579 9
580 -80
581 -62
582 9
583 83
584 -48
585 -79
586 3
587 67
588 20
589 -67
590 4
591 -30
592 -84
593 83
594 100
595 -1
596 15
597 -80
598 38
599 66
600 61
601 -46
602 -31
603 -23
604 83
605 27
606 -64
607 -34
608 -18
609 -32
610 -22
611 32
612 97
613 7
614 62
615 65
616 -20
617 2
618 -74
619 -60
620 68
621 52
622 9
623 41
624 27
625 -36
626 -35
627 -80
628 74
629 25
630 40
631 5
632 62
633 -1
634 -45
635 10
636 17
637 -87
638 52
639 16
640 -53
641 -71
642 -49
643 12
644 16
645 -8
646 -42
647 -61
648 -30
649 -19
650 59
651 -34
652 -91
653 86
654 51
655 94
656 25
657 -4
658 74
659 -51
660 -44
661 1
662 87
663 89
664 80
665 -42
666 87
667 49
668 81
669 65
670 99
671 -78
672 1
673 -69
674 -70
675 -19
676 -42
677 -35
678 -13
679 52
680 57
681 34
682 10
683 -35
684 1
685 -52
686 96
687 67
688 -42
689 -28
690 -64
691 -2
692 19
693 -50
694 -54
695 -54
696 76
697 93
698 100
699 -13
700 62
701 -58
702 -95
703 88
704 44
705 59
706 14
707 55
708 -15
709 -97
710 33
711 -65
712 56
713 -86
714 25
715 15
716 23
717 -45
718 69
719 82
720 50
721 -76
722 80
723 -54
724 -92
725 -16
726 100
727 -82
728 -15
729 81
730 -95
731 3
732 -74
733 60
734 26
735 24
736 90
737 -97
738 72
739 31
740 45
741 -70
742 -13
743 35
744 -83
745 59
746 46
747 63
748 49
749 20
750 34
751 -85
752 -33
753 -41
754 62
755 15
756 -36
757 38
758 -47
759 97
760 97
761 64
762 97
763 -63
764 -39
765 86
766 -44
767 -85
768 27
769 -82
770 11
771 -52
772 -14
773 13
774 -7
775 -52
776 -87
777 -21
778 -29
779 -90
780 -71
781 -78
782 -79
783 -80
784 5
785 57
786 -94
787 72
788 -75
789 -67
790 87
791 -27
792 72
793 -58
794 58
795 -21
796 59
797 -15
798 26
799 5
800 -66
801 -100
802 -41
803 30
804 48
805 66
806 -62
807 -98
808 -65
809 23
810 39
811 26
812 -53
813 -36
814 -72
815 -97
816 65
817 -6
818 -37
819 58
820 -62
821 -88
822 -45
823 55
824 -64
825 -90
826 9
827 -36
828 -45
829 -37
830 9
831 -97
832 6
833 -11
834 -77
835 32
836 52
837 89
838 36
839 -86
840 4
841 36
842 -41
843 -65
844 -82
845 30
846 -44
847 -14
848 33
849 -28
850 -48
851 -49
852 18
853 -98
854 -34
855 5
856 96
857 30
858 74
859 79
860 48
861 73
862 -86
863 -83
864 -25
865 -31
866 -76
867 -80
868 37
869 -27
870 16
871 -11
872 75
873 96
874 -45
875 -65
876 87
877 -36
878 99
879 -7
880 32
881 -56
882 28
883 -69
884 90
885 77
886 -63
887 98
888 -67
889 7
890 19
891 7
892 30
893 80
894 -79
895 0
896 7
897 -43
898 70
899 -80
900 83
901 -93
902 -45
903 11
904 -56
905 -41
906 66
907 -48
908 -38
909 -96
910 -72
911 82
912 20
913 -78
914 68
915 44
916 -83
917 -21
918 -8
919 16
920 88
921 32
922 53
923 -48
924 12
925 -16
926 0
927 -16
928 -56
929 10
930 68
931 -54
932 -80
933 76
934 73
935 60
936 -51
937 -94
938 -10
939 -25
940 -74
941 98
942 -40
943 64
944 89
945 -22
946 75
947 68
948 5
949 36
950 88
951 78
952 89
953 -10
954 100
955 9
956 67
957 -32
958 30
959 -94
960 -15
961 33
962 -33
963 -61
964 -13
965 50
966 -33
967 7
968 40
969 29
970 -26
971 -97
972 80
973 84
974 -93
975 1
976 10
977 -63
978 -62
979 96
980 -65
981 -21
982 29
983 12
984 61
985 93
986 -22
987 49
988 46
989 25
990 60
991 -93
992 100
993 55
994 -11
995 -25
996 96
997 67
998 34
999 100
1000 -7
1001 -65
1002 -31
1003 -2
1004 -54
1005 -65
1006 -53
1007 -94
1008 -56
1009 -24
1010 84
1011 85
1012 52
1013 -60
1014 -45
1015 79
1016 -66
1017 84
1018 -59
1019 72
1020 30
1021 -99
1022 49
1023 37
