0 86
1 -84
2 36
3 -99
4 77
5 -94
6 -58
7 -68
8 78
9 17
10 -84
11 -28
12 9
13 -16
14 -40
15 -93
16 -13
17 79
18 44
19 100
20 44
21 75
22 11
23 1
24 78
25 -58
26 -70
27 -79
28 -32
29 29
30 32
31 27
32 -14
33 -97
34 -85
35 -37
36 29
37 -71
38 22
39 -53
40 67
41 -28
42 24
43 -85
44 69
45 -32
46 23
47 -88
48 79
49 -86
50 -56
51 -3
52 7
53 29
54 -38
55 -6
56 47
57 60
58 94
59 -82
60 62
61 98
62 94
63 95
64 73
65 16
66 -59
67 -19
68 -10
69 89
70 -100
71 -30
72 82
73 -51
74 -38
75 72
76 4
77 99
78 7
79 -68
80 -62
81 -53
82 -30
83 36
84 -34
85 -76
86 67
87 3
88 -49
89 -1
90 -50
91 23
92 1
93 78
94 52
95 74
96 1
97 57
98 -33
99 25
100 -32
101 -83
102 -57
103 55
104 19
105 -56
106 -23
107 62
108 20
109 76
110 0
111 20
112 -1
113 10
114 56
115 -55
116 -88
117 18
118 -22
119 13
120 7
121 -85
122 14
123 -77
124 -89
125 39
126 -86
127 -2
