0 66
1 -45
2 -91
3 85
4 9
5 73
6 -29
7 -80
8 81
9 86
10 -94
11 36
12 28
13 -54
14 -96
15 -69
16 75
17 56
18 -99
19 43
20 -73
21 -57
22 -37
23 48
24 -17
25 -46
26 -29
27 99
28 -84
29 -70
30 5
31 56
32 -76
33 -48
34 97
35 27
36 27
37 43
38 -46
39 -37
40 -35
41 -44
42 8
43 -25
44 34
45 73
46 83
47 9
48 12
49 -64
50 -68
51 -46
52 -4
53 -63
54 -99
55 39
56 -43
57 -54
58 -30
59 85
60 -43
61 -94
62 -90
63 43
64 -14
65 11
66 54
67 -35
68 24
69 -76
70 -24
71 -77
72 38
73 -89
74 -7
75 -26
76 -70
77 -29
78 -60
79 -51
80 49
81 -20
82 63
83 56
84 42
85 -35
86 -98
87 49
88 -29
89 -15
90 82
91 -95
92 -94
93 -67
94 54
95 -50
96 -50
97 -95
98 40
99 -43
100 -42
101 9
102 -48
103 -41
104 43
105 -17
106 48
107 14
108 -58
109 3
110 65
111 -24
112 -35
113 1
114 -83
115 24
116 -17
117 44
118 57
119 -16
120 14
121 -55
122 8
123 99
124 -4
125 -30
126 37
127 -90
