0 9
1 74
2 92
3 32
4 -59
5 -74
6 -98
7 37
8 81
9 -17
10 -100
11 100
12 52
13 -80
14 72
15 -78
16 -69
17 68
18 43
19 -17
20 66
21 -45
22 27
23 93
24 -57
25 -5
26 84
27 9
28 -90
29 39
30 -35
31 66
32 -28
33 -77
34 -73
35 -36
36 -4
37 53
38 -62
39 -91
40 25
41 -50
42 97
43 33
44 -10
45 -49
46 85
47 86
48 -60
49 9
50 -81
51 -86
52 -46
53 54
54 -24
55 -12
56 95
57 -15
58 -8
59 6
60 61
61 -90
62 -7
63 -21
64 -27
65 16
66 -89
67 -69
68 -52
69 -59
70 63
71 78
72 92
73 77
74 -92
75 -62
76 -100
77 -8
78 -26
79 51
80 16
81 -27
82 99
83 19
84 31
85 -71
86 -11
87 90
88 57
89 92
90 32
91 11
92 -4
93 -40
94 92
95 -65
96 -53
97 -97
98 3
99 -61
100 13
101 -22
102 -56
103 -92
104 8
105 -54
106 -100
107 -74
108 76
109 73
110 96
111 -4
112 97
113 48
114 -40
115 -22
116 -78
117 23
118 -39
119 64
120 -91
121 -98
122 -76
123 -54
124 2
125 -41
126 64
127 86
