0 37
1 -57
2 -19
3 -99
4 -16
5 -40
6 -40
7 6
8 45
9 -1
10 71
11 -48
12 77
13 -10
14 -66
15 3
16 63
17 -75
18 50
19 -47
20 -100
21 100
22 -27
23 87
24 15
25 -5
26 -54
27 -99
28 58
29 -53
30 82
31 -56
32 55
33 -68
34 -25
35 29
36 35
37 67
38 60
39 -15
40 -33
41 -86
42 4
43 82
44 -33
45 -25
46 -60
47 -97
48 -51
49 78
50 -76
51 -61
52 -95
53 37
54 -5
55 67
56 -23
57 -49
58 60
59 5
60 76
61 -88
62 3
63 51
64 56
65 57
66 -91
67 70
68 -49
69 -67
70 66
71 2
72 26
73 -65
74 -55
75 -93
76 -82
77 -73
78 -65
79 -95
80 22
81 3
82 60
83 46
84 36
85 59
86 76
87 -55
88 -15
89 1
90 85
91 47
92 64
93 20
94 -41
95 -78
96 -46
97 73
98 42
99 -13
100 -62
101 48
102 -89
103 68
104 -99
105 14
106 78
107 61
108 15
109 97
110 -3
111 95
112 89
113 39
114 -32
115 -17
116 -99
117 -54
118 -39
119 -83
120 86
121 34
122 97
123 -9
124 -97
125 -64
126 -62
127 -27
