0 55
1 48
2 -27
3 -20
4 -47
5 -74
6 -62
7 -57
8 -41
9 96
10 -43
11 -63
12 60
13 -11
14 83
15 -2
16 -8
17 -9
18 -61
19 -94
20 -73
21 -4
22 15
23 36
24 26
25 75
26 -65
27 89
28 88
29 20
30 -95
31 31
32 16
33 62
34 -42
35 -59
36 -82
37 47
38 -86
39 -76
40 -4
41 -25
42 -53
43 84
44 67
45 -56
46 77
47 -8
48 75
49 34
50 -57
51 -12
52 58
53 26
54 -56
55 85
56 94
57 54
58 -70
59 -39
60 50
61 54
62 66
63 -81
64 -46
65 -12
66 31
67 53
68 -34
69 -28
70 -6
71 50
72 27
73 50
74 -57
75 -7
76 -56
77 -68
78 61
79 16
80 75
81 87
82 32
83 67
84 -9
85 8
86 43
87 -58
88 39
89 -77
90 14
91 64
92 -86
93 -2
94 -97
95 96
96 -82
97 -15
98 -24
99 -94
100 -26
101 -90
102 -6
103 48
104 -27
105 27
106 -15
107 17
108 -74
109 78
110 44
111 39
112 -59
113 -9
114 -44
115 -48
116 -32
117 -60
118 48
119 3
120 3
121 -28
122 -71
123 3
124 -28
125 -26
126 45
127 35
