0 -70
1 -36
2 20
3 19
4 26
5 46
6 -16
7 95
8 23
9 -89
10 90
11 80
12 -15
13 88
14 37
15 -46
16 26
17 -20
18 -29
19 -63
20 73
21 85
22 27
23 37
24 -56
25 -47
26 50
27 -65
28 -83
29 -89
30 -3
31 -95
32 -8
33 -59
34 -18
35 -73
36 87
37 -98
38 41
39 86
40 -44
41 28
42 84
43 -43
44 18
45 -84
46 52
47 -4
48 -16
49 91
50 2
51 82
52 55
53 -84
54 61
55 89
56 59
57 -11
58 -10
59 -39
60 -49
61 -78
62 14
63 75
64 -48
65 78
66 4
67 98
68 -66
69 -22
70 49
71 -83
72 1
73 -41
74 71
75 -54
76 96
77 -3
78 -33
79 -14
80 -4
81 -63
82 -72
83 -50
84 9
85 -75
86 -73
87 -51
88 -37
89 -37
90 -24
91 73
92 15
93 48
94 -34
95 -22
96 -94
97 -13
98 -29
99 13
100 28
101 51
102 -83
103 -45
104 11
105 89
106 90
107 -7
108 97
109 -18
110 38
111 -60
112 -9
113 -69
114 -85
115 -97
116 -31
117 18
118 -7
119 95
120 78
121 -61
122 -58
123 -96
124 26
125 42
126 -73
127 -86
