0 32
1 -85
2 -11
3 73
4 48
5 -32
6 -81
7 -12
8 59
9 52
10 32
11 2
12 -96
13 -5
14 -30
15 5
16 45
17 -29
18 32
19 30
20 62
21 26
22 -43
23 -82
24 23
25 85
26 -93
27 11
28 -82
29 53
30 13
31 -28
32 45
33 -42
34 79
35 15
36 1
37 -55
38 17
39 -80
40 -50
41 -41
42 -36
43 78
44 50
45 21
46 -33
47 65
48 23
49 -44
50 -54
51 4
52 36
53 -73
54 25
55 19
56 -16
57 -54
58 -76
59 58
60 73
61 -47
62 13
63 -26
64 45
65 -61
66 -48
67 -100
68 -84
69 68
70 -1
71 38
72 42
73 69
74 -76
75 20
76 50
77 -65
78 -68
79 55
80 24
81 -62
82 97
83 -63
84 94
85 25
86 -45
87 10
88 -31
89 72
90 80
91 -43
92 -71
93 -19
94 -15
95 39
96 1
97 83
98 34
99 -73
100 93
101 -20
102 -89
103 -8
104 31
105 1
106 -21
107 71
108 -18
109 -36
110 -97
111 14
112 20
113 -6
114 -62
115 100
116 78
117 74
118 20
119 -36
120 10
121 16
122 97
123 42
124 -99
125 39
126 22
127 75
