0 -53
1 25
2 28
3 -11
4 25
5 9
6 -6
7 45
8 -47
9 94
10 -23
11 -26
12 -70
13 47
14 -94
15 75
16 -68
17 -89
18 -64
19 -30
20 -1
21 89
22 -33
23 99
24 -40
25 -32
26 91
27 -5
28 62
29 80
30 -71
31 -10
32 89
33 17
34 87
35 -4
36 67
37 -2
38 -27
39 -78
40 43
41 -4
42 -47
43 -100
44 -58
45 -37
46 70
47 14
48 59
49 83
50 -81
51 -21
52 47
53 11
54 -69
55 39
56 94
57 12
58 -39
59 84
60 8
61 -47
62 79
63 45
64 28
65 26
66 66
67 70
68 -78
69 92
70 1
71 -93
72 -66
73 61
74 91
75 7
76 66
77 -98
78 12
79 -12
80 36
81 4
82 50
83 -67
84 -97
85 -44
86 17
87 11
88 56
89 8
90 -69
91 -99
92 1
93 25
94 45
95 100
96 -51
97 -36
98 -75
99 -63
100 -47
101 8
102 71
103 59
104 -70
105 13
106 -46
107 -46
108 93
109 -66
110 41
111 8
112 -20
113 -3
114 -41
115 -39
116 -44
117 2
118 94
119 -22
120 93
121 -12
122 64
123 21
124 -38
125 -84
126 7
127 51
