0 -25
1 -51
2 -80
3 41
4 -26
5 -14
6 -41
7 -93
8 -89
9 97
10 74
11 -80
12 -63
13 -18
14 -55
15 -91
16 -41
17 51
18 -71
19 96
20 18
21 100
22 78
23 6
24 -32
25 -40
26 -76
27 88
28 78
29 -21
30 50
31 30
32 29
33 -19
34 87
35 -14
36 -20
37 -38
38 46
39 -33
40 68
41 -17
42 82
43 -3
44 -95
45 59
46 -7
47 67
48 -3
49 37
50 -80
51 42
52 -93
53 -7
54 56
55 16
56 -18
57 75
58 22
59 -30
60 46
61 -27
62 47
63 -39
64 1
65 95
66 30
67 51
68 88
69 -65
70 52
71 34
72 -17
73 6
74 -91
75 78
76 86
77 79
78 99
79 61
80 -93
81 44
82 74
83 50
84 -13
85 48
86 99
87 -38
88 51
89 15
90 -66
91 31
92 -7
93 18
94 -22
95 -77
96 36
97 -56
98 2
99 40
100 -13
101 11
102 66
103 66
104 -67
105 -43
106 -81
107 17
108 20
109 59
110 -89
111 37
112 52
113 -28
114 -25
115 0
116 25
117 -92
118 91
119 -17
120 -91
121 95
122 29
123 100
124 20
125 24
126 29
127 -14
