0 -72
1 -2
2 -67
3 -44
4 34
5 -47
6 44
7 100
8 52
9 23
10 -31
11 -67
12 58
13 64
14 70
15 34
16 28
17 58
18 65
19 -12
20 84
21 35
22 34
23 53
24 -32
25 45
26 -70
27 94
28 -74
29 18
30 -83
31 -44
32 -54
33 -44
34 14
35 95
36 -47
37 45
38 -62
39 19
40 -34
41 -37
42 -25
43 56
44 17
45 -70
46 37
47 45
48 -6
49 63
50 43
51 -51
52 -58
53 99
54 -3
55 60
56 -16
57 -61
58 61
59 59
60 -91
61 -67
62 35
63 -22
64 -27
65 18
66 -2
67 92
68 60
69 39
70 -61
71 92
72 -34
73 -92
74 -49
75 -35
76 -63
77 -52
78 -99
79 75
80 -88
81 -90
82 -84
83 32
84 91
85 -41
86 93
87 82
88 41
89 -24
90 -20
91 34
92 -97
93 -13
94 92
95 76
96 56
97 42
98 -43
99 16
100 76
101 56
102 -60
103 -52
104 9
105 6
106 71
107 -32
108 -7
109 36
110 -44
111 19
112 97
113 73
114 69
115 -63
116 -11
117 -38
118 82
119 -2
120 95
121 -89
122 60
123 56
124 -86
125 -2
126 18
127 -25
