0 47
1 82
2 95
3 -68
4 -8
5 15
6 -56
7 69
8 44
9 -8
10 -84
11 82
12 -82
13 -86
14 -3
15 10
16 32
17 24
18 25
19 86
20 -90
21 -39
22 -76
23 -44
24 -50
25 46
26 65
27 -12
28 -80
29 -100
30 -42
31 -98
32 52
33 77
34 -49
35 -11
36 -60
37 84
38 -48
39 -2
40 -81
41 -49
42 -37
43 97
44 38
45 65
46 -51
47 58
48 -60
49 47
50 -100
51 -61
52 -38
53 26
54 -98
55 25
56 73
57 78
58 -97
59 8
60 -68
61 79
62 -44
63 -45
64 86
65 25
66 -90
67 29
68 36
69 67
70 74
71 9
72 -92
73 79
74 -79
75 48
76 69
77 -2
78 31
79 -13
80 53
81 -99
82 -35
83 54
84 -79
85 13
86 30
87 14
88 41
89 -52
90 -93
91 57
92 -47
93 0
94 -12
95 17
96 31
97 60
98 35
99 2
100 -99
101 -25
102 -79
103 82
104 -48
105 53
106 -33
107 90
108 -39
109 29
110 85
111 -61
112 -69
113 -94
114 74
115 -18
116 43
117 57
118 -99
119 57
120 33
121 -4
122 -77
123 53
124 -93
125 23
126 -81
127 62
