0 -98
1 -34
2 100
3 39
4 53
5 -68
6 96
7 65
8 -98
9 14
10 84
11 -95
12 -12
13 -58
14 30
15 -65
16 70
17 -42
18 57
19 12
20 18
21 -91
22 -13
23 48
24 68
25 30
26 71
27 58
28 -70
29 82
30 10
31 71
32 -9
33 -73
34 -72
35 8
36 -76
37 -14
38 81
39 -59
40 -63
41 -45
42 41
43 -55
44 45
45 91
46 -50
47 -1
48 50
49 97
50 40
51 -1
52 100
53 -16
54 94
55 76
56 -64
57 44
58 -91
59 32
60 -76
61 21
62 -87
63 19
64 62
65 17
66 93
67 -19
68 49
69 -92
70 -86
71 25
72 74
73 59
74 -22
75 99
76 -68
77 -32
78 51
79 -17
80 32
81 13
82 -52
83 -40
84 -16
85 8
86 24
87 -17
88 89
89 -35
90 -40
91 -30
92 -44
93 -72
94 99
95 -78
96 57
97 -86
98 50
99 -82
100 -44
101 -19
102 -18
103 9
104 57
105 -94
106 -83
107 -29
108 -78
109 -60
110 34
111 -10
112 -11
113 -82
114 17
115 59
116 -17
117 -21
118 -41
119 -33
120 -16
121 91
122 -82
123 32
124 -71
125 -52
126 4
127 100
