0 29
1 24
2 -52
3 -84
4 32
5 16
6 -19
7 -96
8 -88
9 -58
10 -78
11 -11
12 99
13 84
14 -94
15 44
16 -89
17 29
18 -86
19 18
20 -88
21 36
22 7
23 -73
24 -9
25 -24
26 60
27 -64
28 -8
29 -82
30 -83
31 -52
32 58
33 -58
34 -70
35 -4
36 6
37 -86
38 -42
39 66
40 23
41 -94
42 -88
43 -69
44 -30
45 86
46 22
47 78
48 42
49 -38
50 41
51 -2
52 -35
53 62
54 -6
55 -75
56 -18
57 13
58 -31
59 -77
60 -88
61 -51
62 52
63 -83
64 67
65 64
66 14
67 100
68 54
69 46
70 -84
71 -99
72 -41
73 -3
74 72
75 30
76 88
77 -49
78 91
79 2
80 -50
81 87
82 11
83 -72
84 -89
85 -17
86 -47
87 -13
88 -15
89 -44
90 -6
91 -92
92 62
93 85
94 -36
95 -85
96 -5
97 45
98 79
99 73
100 -56
101 4
102 -38
103 -62
104 -55
105 60
106 -26
107 -84
108 -21
109 66
110 -11
111 31
112 62
113 -100
114 66
115 17
116 -58
117 -63
118 -17
119 80
120 -80
121 11
122 48
123 74
124 -93
125 -15
126 -77
127 92
