0 72
1 -93
2 99
3 -56
4 31
5 59
6 38
7 -16
8 80
9 97
10 -76
11 42
12 10
13 6
14 53
15 -78
16 76
17 10
18 -10
19 10
20 35
21 79
22 51
23 93
24 49
25 38
26 100
27 -29
28 76
29 18
30 -65
31 86
32 46
33 -21
34 58
35 60
36 -50
37 18
38 -68
39 -85
40 -25
41 -71
42 -56
43 35
44 -56
45 -100
46 97
47 87
48 28
49 39
50 -77
51 88
52 93
53 -63
54 75
55 -67
56 -95
57 -95
58 -6
59 86
60 40
61 -67
62 -88
63 27
64 -81
65 83
66 94
67 3
68 47
69 -19
70 -67
71 -4
72 42
73 -22
74 -92
75 2
76 -47
77 -13
78 -58
79 68
80 -24
81 58
82 -64
83 -47
84 63
85 -52
86 72
87 23
88 5
89 -90
90 13
91 37
92 63
93 -15
94 6
95 -12
96 32
97 -67
98 85
99 52
100 -61
101 26
102 -60
103 -79
104 6
105 -34
106 -33
107 -59
108 -64
109 91
110 42
111 25
112 -59
113 -15
114 -45
115 -61
116 66
117 37
118 -34
119 39
120 94
121 52
122 85
123 24
124 -65
125 85
126 16
127 -76
