0 -26
1 55
2 96
3 -20
4 99
5 90
6 79
7 54
8 -15
9 -30
10 31
11 42
12 80
13 -85
14 79
15 -54
16 81
17 -27
18 4
19 -38
20 91
21 23
22 37
23 -78
24 -84
25 -66
26 13
27 -35
28 85
29 -22
30 -83
31 78
32 29
33 49
34 59
35 -29
36 -10
37 -7
38 -79
39 -73
40 53
41 -5
42 63
43 48
44 26
45 -62
46 75
47 28
48 -82
49 81
50 53
51 -11
52 -100
53 32
54 37
55 61
56 52
57 78
58 6
59 -46
60 -85
61 -14
62 98
63 -91
64 30
65 -53
66 4
67 -34
68 75
69 41
70 -4
71 0
72 8
73 -16
74 -53
75 37
76 90
77 -25
78 -74
79 -8
80 72
81 -77
82 -60
83 -72
84 -4
85 -74
86 -5
87 21
88 -51
89 -30
90 -76
91 -48
92 70
93 43
94 33
95 -30
96 -46
97 57
98 -1
99 -89
100 11
101 69
102 -67
103 -66
104 29
105 28
106 -61
107 47
108 15
109 -90
110 65
111 82
112 -95
113 62
114 46
115 24
116 75
117 -21
118 45
119 -38
120 98
121 76
122 33
123 38
124 81
125 -2
126 35
127 31
