0 55
1 31
2 -70
3 22
4 -55
5 69
6 -45
7 59
8 -70
9 -12
10 -18
11 75
12 35
13 21
14 56
15 14
16 -99
17 -62
18 2
19 74
20 -33
21 17
22 89
23 100
24 58
25 11
26 99
27 -70
28 -14
29 -72
30 41
31 -92
32 -2
33 36
34 39
35 -19
36 -76
37 -44
38 -5
39 -5
40 84
41 -19
42 -57
43 16
44 -10
45 -62
46 91
47 -98
48 -51
49 -64
50 -83
51 67
52 -22
53 -87
54 -20
55 -40
56 -91
57 -4
58 -50
59 -7
60 55
61 87
62 83
63 -31
64 1
65 69
66 55
67 84
68 62
69 -68
70 73
71 -12
72 -41
73 14
74 26
75 35
76 -37
77 -35
78 -87
79 70
80 -73
81 -84
82 -50
83 -94
84 80
85 25
86 -60
87 -80
88 -71
89 -29
90 -20
91 -55
92 92
93 47
94 -87
95 -55
96 -50
97 -34
98 -45
99 -62
100 50
101 -81
102 15
103 -98
104 27
105 -68
106 -40
107 73
108 33
109 26
110 66
111 -61
112 -4
113 72
114 -83
115 -39
116 47
117 72
118 95
119 10
120 40
121 51
122 55
123 67
124 66
125 -73
126 62
127 50
128 -44
129 27
130 61
131 65
132 83
133 66
134 19
135 41
136 -11
137 -31
138 30
139 90
140 -61
141 17
142 -23
143 -18
144 -80
145 86
146 47
147 97
148 54
149 -79
150 81
151 -22
152 83
153 4
154 62
155 -10
156 -72
157 -13
158 -81
159 -75
160 -85
161 35
162 -71
163 -39
164 -72
165 66
166 63
167 -93
168 77
169 100
170 -6
171 24
172 -14
173 19
174 -78
175 33
176 30
177 29
178 -65
179 64
180 -1
181 41
182 88
183 -9
184 7
185 13
186 -26
187 -11
188 -93
189 -4
190 16
191 -51
192 92
193 -1
194 85
195 81
196 -43
197 -89
198 55
199 -23
200 13
201 -87
202 96
203 -94
204 44
205 -43
206 -71
207 49
208 -93
209 68
210 42
211 56
212 19
213 -42
214 89
215 -49
216 54
217 -10
218 7
219 11
220 87
221 41
222 15
223 -30
224 3
225 -50
226 1
227 30
228 33
229 51
230 5
231 -19
232 61
233 -84
234 -4
235 32
236 51
237 74
238 -93
239 80
240 73
241 35
242 -73
243 -18
244 -30
245 -78
246 52
247 -49
248 -51
249 -20
250 28
251 -79
252 -65
253 -84
254 23
255 -97
