0 -96
1 -14
2 68
3 21
4 -27
5 75
6 -100
7 47
8 -64
9 -94
10 -90
11 74
12 -72
13 78
14 86
15 -96
16 39
17 -100
18 80
19 -49
20 66
21 92
22 -62
23 -30
24 -70
25 38
26 -53
27 -46
28 5
29 -75
30 -11
31 19
32 9
33 36
34 -55
35 -99
36 -36
37 27
38 -30
39 38
40 12
41 -15
42 -71
43 -13
44 -51
45 18
46 28
47 -36
48 -30
49 27
50 34
51 80
52 76
53 -70
54 100
55 -76
56 -75
57 12
58 65
59 50
60 -78
61 -22
62 -22
63 55
64 26
65 -55
66 -39
67 -83
68 -26
69 -55
70 68
71 -23
72 31
73 -92
74 56
75 53
76 -32
77 1
78 -8
79 -41
80 -88
81 -14
82 -2
83 57
84 20
85 -23
86 -36
87 -99
88 56
89 -79
90 93
91 -67
92 60
93 76
94 -53
95 8
96 -28
97 -37
98 42
99 50
100 34
101 62
102 -24
103 87
104 95
105 76
106 -77
107 50
108 39
109 57
110 67
111 -72
112 64
113 -41
114 6
115 -62
116 30
117 -71
118 72
119 -38
120 77
121 -89
122 -69
123 2
124 -47
125 11
126 8
127 75
128 46
129 -32
130 44
131 -41
132 91
133 -87
134 70
135 35
136 -73
137 -57
138 -23
139 -92
140 -33
141 82
142 -31
143 -80
144 -61
145 -60
146 -87
147 32
148 -8
149 52
150 64
151 35
152 59
153 65
154 71
155 32
156 21
157 76
158 -77
159 19
160 62
161 -81
162 -91
163 -48
164 -87
165 16
166 -59
167 28
168 -48
169 44
170 14
171 -94
172 65
173 85
174 -35
175 -70
176 74
177 11
178 75
179 -45
180 -41
181 -1
182 -18
183 -8
184 81
185 -24
186 -81
187 -59
188 35
189 82
190 72
191 -51
192 -87
193 50
194 97
195 74
196 5
197 -30
198 95
199 -61
200 -95
201 37
202 61
203 58
204 43
205 49
206 -37
207 -95
208 -42
209 -52
210 12
211 -49
212 -78
213 22
214 13
215 3
216 -54
217 -71
218 -13
219 -100
220 50
221 -53
222 -57
223 -99
224 100
225 87
226 60
227 64
228 -85
229 25
230 58
231 -23
232 100
233 -54
234 -29
235 10
236 88
237 25
238 19
239 -9
240 -11
241 47
242 19
243 88
244 -78
245 41
246 -49
247 97
248 66
249 -37
250 -20
251 87
252 -79
253 -1
254 -14
255 -21
