0 24
1 -55
2 69
3 61
4 20
5 77
6 19
7 80
8 -71
9 -100
10 73
11 70
12 -61
13 -58
14 38
15 -82
16 24
17 -59
18 -23
19 37
20 -5
21 39
22 -91
23 -11
24 82
25 41
26 83
27 -30
28 -96
29 25
30 -4
31 100
32 29
33 -91
34 -78
35 -92
36 -92
37 -50
38 28
39 -5
40 6
41 -74
42 -10
43 -50
44 -36
45 -96
46 37
47 6
48 -67
49 -93
50 1
51 -73
52 -71
53 88
54 -8
55 -48
56 -46
57 52
58 15
59 43
60 -85
61 -21
62 -34
63 -26
64 37
65 -84
66 -1
67 -83
68 26
69 45
70 83
71 -24
72 19
73 8
74 -3
75 -78
76 62
77 -47
78 100
79 -48
80 -85
81 74
82 -30
83 -50
84 42
85 -57
86 -14
87 84
88 75
89 87
90 94
91 -93
92 -1
93 -69
94 62
95 -72
96 65
97 70
98 -69
99 -48
100 10
101 23
102 -5
103 17
104 -18
105 33
106 -10
107 -51
108 53
109 -67
110 29
111 38
112 3
113 -74
114 -56
115 -31
116 58
117 44
118 1
119 -2
120 -24
121 18
122 37
123 -8
124 -28
125 -50
126 2
127 -44
128 16
129 99
130 -90
131 -55
132 75
133 -29
134 41
135 91
136 -6
137 6
138 99
139 -35
140 -14
141 -35
142 -26
143 5
144 -96
145 -26
146 -97
147 -85
148 55
149 3
150 71
151 76
152 -56
153 -87
154 -63
155 41
156 -37
157 57
158 -51
159 27
160 13
161 57
162 82
163 -48
164 -14
165 -37
166 92
167 -28
168 -48
169 56
170 -17
171 91
172 -74
173 -16
174 26
175 13
176 -76
177 -90
178 -24
179 29
180 -78
181 -26
182 31
183 51
184 -6
185 -58
186 -4
187 7
188 18
189 -10
190 47
191 99
192 -20
193 97
194 71
195 62
196 62
197 -96
198 -71
199 62
200 90
201 -96
202 -72
203 -13
204 23
205 96
206 -51
207 83
208 7
209 -49
210 -40
211 69
212 -39
213 23
214 30
215 -31
216 67
217 -64
218 82
219 -73
220 -58
221 55
222 86
223 -62
224 28
225 17
226 17
227 -74
228 20
229 -26
230 -81
231 -79
232 70
233 -22
234 32
235 56
236 -39
237 -95
238 -72
239 73
240 92
241 18
242 24
243 -79
244 -56
245 -83
246 90
247 -98
248 90
249 62
250 -63
251 33
252 -46
253 -8
254 -8
255 16
