0 -8
1 -100
2 43
3 -2
4 -90
5 42
6 -22
7 3
8 70
9 -72
10 -27
11 -100
12 92
13 -39
14 63
15 54
16 38
17 12
18 13
19 92
20 -65
21 -73
22 -15
23 78
24 89
25 42
26 -64
27 71
28 -22
29 -44
30 67
31 49
32 79
33 59
34 -34
35 -46
36 -76
37 -69
38 -67
39 75
40 -89
41 -34
42 37
43 -86
44 -14
45 -76
46 -58
47 97
48 30
49 -81
50 -100
51 -52
52 43
53 -85
54 -37
55 -93
56 -58
57 86
58 53
59 71
60 23
61 -9
62 -61
63 82
64 -95
65 97
66 -77
67 28
68 25
69 48
70 13
71 55
72 -21
73 -62
74 -77
75 83
76 -11
77 64
78 60
79 30
80 -32
81 43
82 -99
83 -45
84 -26
85 94
86 93
87 13
88 -11
89 -9
90 -78
91 -99
92 56
93 57
94 -94
95 -81
96 61
97 -9
98 27
99 -83
100 -91
101 68
102 -56
103 -41
104 -56
105 87
106 -82
107 -29
108 2
109 90
110 16
111 -1
112 -16
113 56
114 62
115 64
116 58
117 -2
118 -65
119 -74
120 31
121 -89
122 84
123 86
124 -16
125 -24
126 -30
127 -92
128 49
129 -95
130 92
131 -64
132 -88
133 -26
134 39
135 71
136 -69
137 72
138 95
139 39
140 14
141 46
142 67
143 57
144 -26
145 -92
146 4
147 -98
148 -63
149 -97
150 -28
151 74
152 -38
153 97
154 42
155 49
156 19
157 0
158 -88
159 12
160 -16
161 -94
162 -20
163 -79
164 9
165 -65
166 81
167 42
168 -32
169 78
170 26
171 -84
172 -61
173 68
174 88
175 -37
176 91
177 85
178 -15
179 19
180 -63
181 -10
182 14
183 -30
184 63
185 35
186 -98
187 -86
188 33
189 -99
190 -94
191 84
192 92
193 56
194 -68
195 57
196 19
197 11
198 12
199 -61
200 -89
201 -24
202 -29
203 83
204 -48
205 -76
206 41
207 1
208 -62
209 14
210 -63
211 -83
212 51
213 19
214 24
215 -52
216 30
217 97
218 48
219 21
220 63
221 -51
222 -13
223 57
224 -91
225 3
226 10
227 79
228 -75
229 33
230 -91
231 48
232 -24
233 -1
234 -87
235 -93
236 -50
237 39
238 11
239 52
240 87
241 -99
242 59
243 -50
244 -65
245 -5
246 -28
247 87
248 -88
249 50
250 -21
251 86
252 29
253 17
254 48
255 99
