0 94
1 92
2 80
3 88
4 -37
5 6
6 -72
7 -65
8 42
9 -54
10 7
11 23
12 -23
13 -57
14 -13
15 53
16 -78
17 36
18 6
19 95
20 89
21 -88
22 -3
23 65
24 26
25 -21
26 63
27 76
28 7
29 72
30 70
31 -85
32 -7
33 -77
34 11
35 -7
36 17
37 4
38 -39
39 -94
40 -57
41 -4
42 64
43 -19
44 -25
45 -21
46 -9
47 -80
48 -93
49 -30
50 -43
51 94
52 21
53 20
54 43
55 72
56 -68
57 -6
58 -23
59 4
60 64
61 49
62 3
63 -85
64 75
65 78
66 -37
67 -36
68 -24
69 19
70 -36
71 -36
72 -64
73 30
74 -70
75 9
76 -90
77 11
78 -55
79 2
80 98
81 -100
82 77
83 29
84 -26
85 -79
86 9
87 83
88 95
89 -23
90 -82
91 12
92 -2
93 -17
94 18
95 -1
96 63
97 -26
98 36
99 26
100 -55
101 42
102 -94
103 -86
104 99
105 70
106 81
107 58
108 66
109 35
110 -58
111 6
112 96
113 -79
114 26
115 -14
116 -48
117 44
118 26
119 -82
120 68
121 -26
122 50
123 -27
124 100
125 -25
126 -68
127 -69
128 94
129 -60
130 -96
131 -14
132 -73
133 -79
134 -46
135 -91
136 -63
137 -66
138 -71
139 -12
140 -65
141 47
142 -55
143 -82
144 -58
145 3
146 16
147 12
148 87
149 55
150 -67
151 90
152 -84
153 -28
154 1
155 16
156 -10
157 69
158 -63
159 -81
160 -31
161 99
162 20
163 -4
164 21
165 -37
166 26
167 -48
168 -86
169 11
170 50
171 -15
172 -12
173 20
174 -100
175 99
176 -86
177 71
178 78
179 -86
180 7
181 12
182 84
183 -13
184 96
185 23
186 -91
187 23
188 76
189 74
190 -86
191 22
192 18
193 5
194 -51
195 -12
196 68
197 -88
198 -59
199 87
200 -65
201 -60
202 -11
203 -90
204 0
205 -89
206 -56
207 98
208 67
209 -48
210 27
211 14
212 -62
213 -57
214 87
215 29
216 -21
217 41
218 91
219 34
220 100
221 -60
222 -60
223 -68
224 89
225 97
226 -43
227 -39
228 13
229 -55
230 -41
231 10
232 55
233 -71
234 84
235 87
236 -12
237 -49
238 71
239 32
240 55
241 0
242 72
243 -17
244 -60
245 19
246 17
247 18
248 15
249 18
250 41
251 -82
252 -2
253 84
254 1
255 -81
