0 69
1 26
2 -44
3 -3
4 100
5 -95
6 54
7 -12
8 27
9 45
10 34
11 54
12 47
13 80
14 -40
15 27
16 89
17 -14
18 73
19 44
20 -87
21 -99
22 64
23 -34
24 50
25 71
26 41
27 19
28 -26
29 -70
30 -31
31 88
32 -64
33 12
34 82
35 89
36 -10
37 68
38 -68
39 90
40 -30
41 -100
42 54
43 -54
44 -84
45 -21
46 -67
47 -3
48 4
49 12
50 -77
51 -44
52 -40
53 -12
54 -45
55 -72
56 -62
57 83
58 -67
59 0
60 57
61 33
62 43
63 -41
64 82
65 55
66 96
67 -73
68 25
69 -29
70 71
71 56
72 -96
73 71
74 72
75 -77
76 -37
77 -93
78 -90
79 97
80 43
81 64
82 -95
83 45
84 -92
85 -78
86 74
87 -44
88 -74
89 49
90 100
91 -89
92 58
93 -45
94 -76
95 -31
96 -39
97 31
98 -6
99 20
100 41
101 -31
102 -55
103 -4
104 -2
105 27
106 -3
107 29
108 23
109 -65
110 -98
111 59
112 29
113 -72
114 -2
115 -57
116 -64
117 3
118 72
119 -28
120 58
121 -3
122 -45
123 -22
124 85
125 -1
126 81
127 -86
128 -77
129 95
130 -50
131 83
132 -89
133 -1
134 -2
135 37
136 -48
137 43
138 -39
139 89
140 -38
141 67
142 95
143 -37
144 -77
145 -12
146 25
147 -42
148 38
149 -18
150 25
151 21
152 -73
153 -25
154 83
155 93
156 17
157 18
158 -62
159 -1
160 -22
161 -88
162 4
163 53
164 -1
165 -85
166 -40
167 37
168 54
169 -100
170 95
171 22
172 -100
173 26
174 60
175 81
176 -59
177 16
178 -73
179 93
180 -10
181 -11
182 -97
183 -96
184 91
185 -24
186 0
187 15
188 -93
189 89
190 -92
191 75
192 27
193 23
194 43
195 11
196 49
197 56
198 -87
199 97
200 -59
201 17
202 12
203 -95
204 -5
205 49
206 -57
207 -85
208 47
209 16
210 63
211 -10
212 -56
213 90
214 -73
215 61
216 89
217 -58
218 -32
219 12
220 -7
221 65
222 52
223 60
224 4
225 83
226 -31
227 -92
228 -19
229 6
230 -31
231 -58
232 -61
233 -44
234 -58
235 -49
236 85
237 87
238 14
239 -88
240 36
241 36
242 77
243 -90
244 17
245 -18
246 38
247 -80
248 7
249 33
250 -51
251 -41
252 3
253 67
254 99
255 51
