0 92
1 -57
2 38
3 -95
4 1
5 29
6 56
7 39
8 30
9 -72
10 75
11 69
12 85
13 -97
14 -44
15 0
16 42
17 -71
18 -32
19 -28
20 -88
21 93
22 -62
23 -38
24 98
25 -23
26 -70
27 47
28 -62
29 63
30 -34
31 0
32 -74
33 99
34 -93
35 -28
36 52
37 -83
38 -8
39 83
40 82
41 -75
42 -64
43 -85
44 -53
45 -29
46 9
47 -100
48 -84
49 80
50 68
51 -9
52 82
53 24
54 -48
55 96
56 -41
57 -59
58 -30
59 9
60 79
61 49
62 -39
63 -27
64 -42
65 12
66 28
67 47
68 -33
69 -70
70 40
71 24
72 -24
73 62
74 61
75 -93
76 93
77 85
78 17
79 47
80 10
81 54
82 82
83 -13
84 -65
85 -65
86 59
87 -51
88 -58
89 -74
90 63
91 -72
92 -45
93 -63
94 54
95 48
96 -2
97 92
98 17
99 -58
100 70
101 79
102 -32
103 -6
104 85
105 60
106 40
107 55
108 56
109 15
110 -4
111 -66
112 35
113 -73
114 45
115 -1
116 23
117 78
118 73
119 3
120 -67
121 46
122 -40
123 -53
124 51
125 53
126 -20
127 65
128 -46
129 69
130 -26
131 -12
132 -43
133 18
134 77
135 31
136 62
137 100
138 89
139 -59
140 48
141 48
142 51
143 74
144 16
145 -95
146 44
147 -97
148 32
149 -57
150 17
151 -69
152 13
153 61
154 89
155 -86
156 52
157 64
158 47
159 84
160 -4
161 55
162 1
163 81
164 -63
165 -85
166 -93
167 89
168 -100
169 -29
170 -66
171 -82
172 95
173 -57
174 -41
175 -9
176 64
177 77
178 -38
179 -83
180 26
181 43
182 72
183 33
184 18
185 -9
186 91
187 58
188 -11
189 55
190 -39
191 -40
192 60
193 90
194 17
195 -72
196 -10
197 4
198 -63
199 31
200 -65
201 -85
202 -81
203 70
204 79
205 53
206 -12
207 -59
208 43
209 -73
210 6
211 -52
212 64
213 -85
214 -32
215 -9
216 -28
217 93
218 -88
219 92
220 -7
221 6
222 59
223 -99
224 1
225 41
226 75
227 11
228 4
229 -54
230 1
231 2
232 52
233 -7
234 32
235 96
236 47
237 81
238 -90
239 47
240 72
241 11
242 -40
243 -48
244 -67
245 -76
246 43
247 -3
248 59
249 -74
250 -21
251 34
252 -90
253 57
254 1
255 75
