0 63
1 42
2 14
3 90
4 16
5 35
6 74
7 -65
8 -98
9 93
10 -18
11 91
12 34
13 -33
14 -14
15 80
16 74
17 100
18 -76
19 85
20 -6
21 47
22 35
23 -35
24 0
25 64
26 -55
27 -81
28 49
29 44
30 -5
31 27
32 39
33 0
34 -36
35 -8
36 -4
37 28
38 26
39 -30
40 -96
41 -58
42 -37
43 73
44 72
45 50
46 -65
47 84
48 -54
49 58
50 65
51 65
52 51
53 14
54 -89
55 -18
56 -27
57 70
58 58
59 44
60 -39
61 -76
62 -34
63 62
64 -28
65 30
66 -50
67 92
68 34
69 67
70 -34
71 -14
72 11
73 1
74 -100
75 10
76 -97
77 -85
78 39
79 -83
80 -41
81 87
82 -86
83 -7
84 -44
85 25
86 -67
87 41
88 75
89 -97
90 22
91 97
92 -96
93 -27
94 -38
95 15
96 -46
97 82
98 69
99 -77
100 94
101 76
102 -4
103 -100
104 18
105 17
106 28
107 -51
108 -82
109 9
110 -35
111 -56
112 -92
113 21
114 20
115 91
116 -90
117 -60
118 34
119 56
120 72
121 -43
122 93
123 -64
124 37
125 -34
126 -36
127 -45
128 -76
129 -49
130 -35
131 -99
132 -32
133 -44
134 -57
135 -3
136 -12
137 63
138 -73
139 -99
140 28
141 68
142 73
143 4
144 -54
145 86
146 -59
147 45
148 62
149 54
150 -41
151 -7
152 -51
153 -13
154 1
155 -18
156 -70
157 -36
158 -77
159 -76
160 69
161 -8
162 75
163 97
164 -23
165 23
166 77
167 -6
168 -5
169 -77
170 20
171 37
172 79
173 -47
174 -22
175 -99
176 15
177 13
178 9
179 50
180 -41
181 74
182 62
183 71
184 41
185 -73
186 -45
187 67
188 90
189 -68
190 -66
191 58
192 -63
193 55
194 39
195 70
196 30
197 -32
198 50
199 24
200 -4
201 -26
202 -14
203 -29
204 14
205 -75
206 -47
207 6
208 41
209 -12
210 -20
211 -89
212 40
213 -77
214 11
215 -34
216 -89
217 34
218 -40
219 -79
220 -89
221 -98
222 -5
223 39
224 -94
225 35
226 7
227 24
228 1
229 98
230 35
231 42
232 -51
233 99
234 41
235 4
236 -46
237 -37
238 32
239 71
240 71
241 -48
242 -47
243 73
244 79
245 36
246 -39
247 90
248 84
249 85
250 -14
251 -24
252 98
253 14
254 -79
255 87
