0 40
1 -52
2 82
3 -39
4 32
5 -92
6 -28
7 71
8 73
9 92
10 -97
11 22
12 -16
13 -12
14 -6
15 24
16 18
17 -36
18 22
19 -24
20 85
21 -3
22 27
23 31
24 92
25 52
26 70
27 -41
28 7
29 -19
30 -45
31 91
32 98
33 -53
34 82
35 -94
36 23
37 16
38 -8
39 -70
40 -86
41 28
42 -87
43 -79
44 -2
45 43
46 -8
47 -77
48 -34
49 80
50 -37
51 37
52 -45
53 -90
54 -28
55 34
56 85
57 23
58 -91
59 90
60 -90
61 41
62 -39
63 -98
64 -51
65 56
66 39
67 -44
68 -34
69 -61
70 -44
71 -67
72 -63
73 1
74 80
75 11
76 -62
77 -68
78 -61
79 -44
80 -79
81 -99
82 99
83 100
84 33
85 1
86 -71
87 -34
88 -86
89 100
90 77
91 -58
92 -13
93 -26
94 43
95 83
96 -31
97 84
98 32
99 79
100 95
101 -99
102 -100
103 -50
104 11
105 12
106 32
107 -82
108 47
109 -56
110 9
111 15
112 42
113 41
114 -77
115 60
116 -51
117 53
118 -30
119 -20
120 82
121 -87
122 41
123 71
124 -72
125 29
126 37
127 51
128 -52
129 -95
130 73
131 -89
132 -100
133 -30
134 25
135 73
136 90
137 -42
138 -28
139 -18
140 -70
141 -92
142 -5
143 -29
144 37
145 100
146 66
147 66
148 -72
149 8
150 17
151 -57
152 34
153 53
154 -38
155 57
156 69
157 22
158 70
159 -87
160 4
161 -38
162 65
163 -21
164 82
165 48
166 2
167 49
168 34
169 -10
170 -90
171 37
172 41
173 67
174 -88
175 85
176 -56
177 -85
178 -80
179 -47
180 -29
181 99
182 -70
183 97
184 -35
185 90
186 -24
187 -14
188 -90
189 6
190 97
191 -22
192 61
193 29
194 -1
195 92
196 31
197 68
198 86
199 29
200 -96
201 2
202 -11
203 98
204 75
205 -14
206 47
207 17
208 9
209 -46
210 37
211 5
212 -61
213 59
214 -45
215 59
216 2
217 75
218 -24
219 19
220 -2
221 34
222 71
223 -9
224 50
225 -19
226 57
227 31
228 34
229 -25
230 81
231 -61
232 -74
233 -70
234 -83
235 98
236 -53
237 0
238 6
239 -34
240 56
241 27
242 68
243 -34
244 -36
245 -6
246 -11
247 90
248 -44
249 90
250 71
251 -76
252 65
253 -23
254 -86
255 60
