0 -1
1 47
2 59
3 -35
4 -52
5 -51
6 26
7 58
8 67
9 36
10 81
11 -8
12 85
13 -16
14 -20
15 45
16 -2
17 74
18 97
19 35
20 84
21 13
22 -35
23 71
24 64
25 -51
26 -14
27 -80
28 -69
29 95
30 58
31 -99
32 -10
33 -28
34 68
35 64
36 -71
37 -97
38 -45
39 75
40 -40
41 6
42 31
43 -78
44 36
45 -93
46 42
47 -58
48 -82
49 9
50 -9
51 45
52 -66
53 60
54 16
55 -40
56 -8
57 -40
58 64
59 -86
60 26
61 77
62 -6
63 22
64 41
65 71
66 -28
67 -32
68 29
69 -54
70 -5
71 -78
72 22
73 -8
74 56
75 -19
76 -100
77 -83
78 97
79 5
80 -49
81 -43
82 -58
83 84
84 -63
85 50
86 -100
87 -3
88 -52
89 -57
90 -42
91 -96
92 -24
93 23
94 42
95 28
96 63
97 -57
98 -40
99 -47
100 -77
101 53
102 -77
103 23
104 21
105 59
106 -37
107 97
108 45
109 71
110 -18
111 -81
112 -71
113 93
114 48
115 41
116 -24
117 -49
118 59
119 -68
120 49
121 -89
122 77
123 -17
124 14
125 -3
126 55
127 2
128 22
129 68
130 2
131 -84
132 -15
133 -15
134 13
135 -71
136 92
137 58
138 28
139 -69
140 -47
141 7
142 -20
143 52
144 -71
145 34
146 42
147 -21
148 32
149 95
150 63
151 -6
152 11
153 47
154 -23
155 73
156 -16
157 52
158 -34
159 -53
160 -56
161 93
162 43
163 72
164 38
165 -52
166 -67
167 66
168 63
169 72
170 -61
171 0
172 -71
173 -96
174 -11
175 62
176 49
177 83
178 9
179 -88
180 7
181 84
182 93
183 -58
184 -86
185 0
186 72
187 -25
188 40
189 52
190 -5
191 13
192 -17
193 14
194 13
195 54
196 28
197 -62
198 -13
199 46
200 -50
201 12
202 38
203 48
204 42
205 -70
206 -83
207 -80
208 -83
209 30
210 19
211 0
212 -43
213 -62
214 18
215 78
216 -8
217 52
218 -50
219 5
220 -13
221 31
222 -86
223 7
224 87
225 34
226 -59
227 50
228 -1
229 -64
230 7
231 -30
232 75
233 -51
234 -99
235 79
236 22
237 33
238 -46
239 -19
240 96
241 -75
242 83
243 70
244 -67
245 99
246 20
247 37
248 -31
249 82
250 79
251 21
252 -59
253 7
254 -72
255 35
