0 2
1 21
2 -72
3 -55
4 41
5 -85
6 -15
7 3
8 98
9 -62
10 51
11 -5
12 -26
13 89
14 -20
15 94
16 -96
17 33
18 -71
19 -72
20 96
21 -65
22 95
23 -65
24 97
25 -1
26 -55
27 14
28 17
29 -33
30 20
31 86
32 12
33 -86
34 41
35 19
36 29
37 -68
38 66
39 -23
40 -94
41 -75
42 -57
43 -81
44 18
45 88
46 -2
47 -49
48 49
49 49
50 85
51 -6
52 -65
53 -34
54 76
55 61
56 6
57 -20
58 62
59 3
60 18
61 67
62 -28
63 17
64 61
65 11
66 0
67 67
68 -79
69 -77
70 19
71 -1
72 -2
73 -70
74 88
75 -18
76 -66
77 15
78 17
79 -10
80 -93
81 -52
82 -9
83 -62
84 25
85 13
86 95
87 -57
88 56
89 -70
90 -27
91 34
92 29
93 98
94 -90
95 -47
96 77
97 45
98 61
99 -56
100 75
101 -31
102 -4
103 49
104 -79
105 52
106 -82
107 92
108 30
109 30
110 -13
111 11
112 97
113 70
114 -60
115 90
116 23
117 -69
118 36
119 -32
120 0
121 33
122 -55
123 81
124 44
125 -14
126 -8
127 65
128 -83
129 -33
130 -96
131 -3
132 25
133 99
134 11
135 -77
136 -92
137 -76
138 -35
139 -72
140 22
141 -13
142 56
143 -13
144 80
145 85
146 40
147 56
148 -23
149 55
150 97
151 -43
152 -2
153 28
154 -57
155 -90
156 28
157 -86
158 -73
159 6
160 -17
161 -37
162 1
163 -1
164 57
165 -16
166 -38
167 -71
168 60
169 40
170 -71
171 1
172 1
173 -34
174 -100
175 67
176 -87
177 -30
178 27
179 -87
180 -16
181 -28
182 -24
183 71
184 -50
185 -73
186 76
187 -63
188 44
189 9
190 21
191 80
192 28
193 44
194 100
195 -31
196 -45
197 91
198 -90
199 -62
200 -81
201 -50
202 -9
203 73
204 -81
205 -43
206 -93
207 -52
208 84
209 -75
210 12
211 -74
212 -54
213 -50
214 21
215 6
216 67
217 -24
218 -49
219 84
220 87
221 -28
222 -59
223 86
224 -10
225 60
226 -23
227 26
228 -14
229 -12
230 -96
231 -50
232 -80
233 2
234 35
235 -72
236 -89
237 -15
238 47
239 44
240 0
241 -63
242 12
243 -84
244 -70
245 -12
246 16
247 -49
248 -8
249 13
250 -32
251 -63
252 -6
253 95
254 -97
255 61
