0 88
1 -42
2 84
3 -7
4 12
5 -20
6 0
7 34
8 -94
9 74
10 -10
11 9
12 -81
13 59
14 -25
15 15
16 -52
17 -22
18 -34
19 16
20 -65
21 15
22 -96
23 -35
24 30
25 -97
26 -86
27 28
28 -99
29 7
30 48
31 -64
32 -24
33 39
34 -23
35 -11
36 35
37 -49
38 8
39 -79
40 -80
41 -65
42 -46
43 32
44 -24
45 9
46 15
47 -82
48 68
49 -91
50 37
51 77
52 39
53 -79
54 89
55 48
56 8
57 51
58 -91
59 -98
60 70
61 -59
62 14
63 -38
64 69
65 98
66 -49
67 38
68 44
69 25
70 55
71 -45
72 -81
73 -76
74 -60
75 -29
76 67
77 90
78 -37
79 -5
80 -98
81 95
82 -58
83 46
84 -36
85 -25
86 71
87 -44
88 -45
89 -40
90 -20
91 100
92 75
93 -99
94 -37
95 63
96 -1
97 -52
98 3
99 -60
100 48
101 69
102 -83
103 25
104 -96
105 -82
106 41
107 -50
108 -72
109 -90
110 62
111 -81
112 -43
113 -83
114 -18
115 -14
116 56
117 -98
118 -30
119 88
120 -2
121 22
122 -33
123 -51
124 -30
125 -19
126 39
127 65
128 90
129 47
130 -77
131 -46
132 -97
133 -80
134 -64
135 87
136 30
137 100
138 -73
139 38
140 21
141 10
142 -36
143 9
144 41
145 65
146 26
147 -17
148 70
149 -86
150 19
151 71
152 -9
153 59
154 46
155 -34
156 15
157 -77
158 50
159 75
160 -16
161 50
162 70
163 -49
164 38
165 -27
166 56
167 7
168 -36
169 93
170 30
171 52
172 -93
173 80
174 6
175 -92
176 43
177 -57
178 69
179 -89
180 32
181 15
182 -94
183 -13
184 18
185 -2
186 35
187 66
188 -27
189 42
190 39
191 -30
192 -38
193 52
194 -99
195 -41
196 -51
197 15
198 7
199 -76
200 43
201 28
202 97
203 11
204 3
205 -16
206 -8
207 -82
208 -82
209 -5
210 -59
211 96
212 39
213 56
214 51
215 -78
216 75
217 37
218 -95
219 -68
220 39
221 -9
222 -94
223 -35
224 60
225 53
226 28
227 53
228 -85
229 -68
230 -79
231 52
232 90
233 57
234 49
235 -2
236 -15
237 -29
238 -3
239 -91
240 -91
241 99
242 89
243 37
244 -82
245 -71
246 -39
247 41
248 -39
249 11
250 -91
251 68
252 -25
253 -13
254 28
255 -45
