0 -27
1 69
2 -36
3 -37
4 -82
5 14
6 53
7 22
8 75
9 3
10 3
11 27
12 45
13 -86
14 65
15 -57
16 -46
17 -61
18 -23
19 2
20 -41
21 70
22 48
23 5
24 -57
25 28
26 -16
27 -55
28 -80
29 -100
30 84
31 83
32 -24
33 6
34 -54
35 -29
36 11
37 14
38 98
39 1
40 -83
41 76
42 71
43 70
44 -68
45 -21
46 73
47 56
48 -68
49 -43
50 2
51 90
52 76
53 33
54 -31
55 -73
56 -91
57 -28
58 43
59 76
60 -4
61 -20
62 3
63 32
64 -35
65 -100
66 -60
67 72
68 38
69 21
70 -65
71 -77
72 -63
73 57
74 57
75 -53
76 93
77 -98
78 -64
79 18
80 66
81 -63
82 -65
83 -62
84 -69
85 27
86 -58
87 -99
88 -40
89 56
90 -92
91 19
92 -20
93 -74
94 -67
95 95
96 39
97 79
98 96
99 -62
100 -83
101 -21
102 68
103 23
104 -92
105 -19
106 0
107 10
108 -43
109 9
110 45
111 -45
112 -48
113 50
114 23
115 30
116 55
117 53
118 -2
119 77
120 -51
121 100
122 34
123 72
124 -50
125 -47
126 97
127 -83
128 -79
129 -14
130 78
131 53
132 -100
133 33
134 -72
135 29
136 -59
137 95
138 -85
139 4
140 3
141 67
142 4
143 49
144 -28
145 -77
146 4
147 23
148 -62
149 11
150 20
151 -82
152 -80
153 3
154 88
155 -78
156 -28
157 -58
158 -58
159 -89
160 34
161 -44
162 27
163 20
164 -35
165 76
166 5
167 71
168 -59
169 72
170 -29
171 34
172 98
173 -75
174 2
175 70
176 12
177 83
178 -60
179 -48
180 -45
181 44
182 11
183 30
184 60
185 98
186 51
187 75
188 0
189 99
190 -92
191 -51
192 -62
193 -28
194 -47
195 38
196 -56
197 4
198 9
199 17
200 -1
201 -88
202 -99
203 6
204 95
205 77
206 -24
207 67
208 -52
209 14
210 74
211 13
212 47
213 -35
214 -45
215 -90
216 1
217 -21
218 54
219 -43
220 -100
221 45
222 51
223 18
224 78
225 34
226 52
227 -85
228 30
229 -17
230 -26
231 -87
232 -79
233 -42
234 32
235 74
236 -49
237 -30
238 -13
239 -41
240 -99
241 66
242 64
243 -48
244 -97
245 -64
246 66
247 -66
248 -10
249 -54
250 -95
251 20
252 44
253 36
254 100
255 -44
