0 20
1 -85
2 68
3 57
4 -15
5 93
6 73
7 19
8 -50
9 -89
10 -24
11 83
12 22
13 -58
14 -65
15 29
16 49
17 -92
18 90
19 -61
20 72
21 83
22 -19
23 -51
24 89
25 -54
26 -12
27 29
28 -96
29 78
30 -94
31 -88
32 84
33 -30
34 25
35 65
36 -16
37 -73
38 15
39 -82
40 -62
41 46
42 68
43 21
44 -16
45 57
46 19
47 71
48 -49
49 19
50 28
51 -39
52 -97
53 3
54 -20
55 2
56 51
57 -4
58 -40
59 89
60 -31
61 -70
62 -89
63 -1
64 -17
65 52
66 75
67 67
68 -75
69 92
70 23
71 60
72 -12
73 16
74 76
75 21
76 -74
77 -77
78 69
79 59
80 -97
81 31
82 12
83 -47
84 -48
85 -85
86 -60
87 46
88 77
89 -43
90 -3
91 84
92 -66
93 -34
94 83
95 35
96 -31
97 66
98 87
99 -64
100 29
101 -22
102 -94
103 -65
104 -23
105 -45
106 -55
107 69
108 -86
109 -40
110 -42
111 33
112 55
113 -56
114 86
115 78
116 54
117 91
118 41
119 78
120 50
121 -28
122 89
123 96
124 36
125 -50
126 -72
127 9
128 -5
129 34
130 -70
131 -85
132 76
133 -60
134 20
135 79
136 90
137 15
138 59
139 -50
140 10
141 -54
142 92
143 2
144 69
145 95
146 -75
147 -55
148 39
149 23
150 53
151 0
152 -84
153 -63
154 -85
155 66
156 -38
157 -24
158 -89
159 -49
160 31
161 33
162 86
163 29
164 39
165 -37
166 -31
167 51
168 -97
169 -55
170 24
171 64
172 33
173 56
174 -1
175 63
176 64
177 -11
178 -10
179 25
180 -52
181 24
182 84
183 -47
184 20
185 -90
186 -15
187 -6
188 -4
189 13
190 -45
191 33
192 -77
193 47
194 -19
195 16
196 73
197 -28
198 16
199 89
200 -60
201 -61
202 97
203 -2
204 -38
205 16
206 86
207 88
208 -73
209 -80
210 44
211 46
212 16
213 -80
214 54
215 97
216 25
217 36
218 -28
219 -72
220 0
221 89
222 54
223 20
224 -27
225 53
226 -61
227 76
228 26
229 -91
230 -42
231 48
232 -21
233 -96
234 -74
235 4
236 31
237 -67
238 -46
239 68
240 84
241 -13
242 -95
243 16
244 22
245 -84
246 40
247 -45
248 98
249 17
250 21
251 89
252 24
253 -72
254 -52
255 -64
256 37
257 74
258 86
259 54
260 20
261 -68
262 -28
263 45
264 -40
265 93
266 27
267 -3
268 -51
269 -51
270 -32
271 -100
272 -74
273 12
274 96
275 -47
276 8
277 -52
278 -59
279 -37
280 -98
281 77
282 61
283 -98
284 -52
285 64
286 55
287 57
288 93
289 -39
290 51
291 76
292 -79
293 -58
294 -72
295 -25
296 74
297 -6
298 -20
299 -90
300 -82
301 -86
302 -42
303 26
304 13
305 80
306 56
307 91
308 -40
309 -7
310 68
311 19
312 86
313 73
314 -47
315 61
316 79
317 58
318 -41
319 -37
320 85
321 -22
322 33
323 -79
324 42
325 -91
326 33
327 -31
328 19
329 -94
330 88
331 -54
332 -1
333 -34
334 69
335 36
336 86
337 -57
338 -66
339 -45
340 -61
341 73
342 76
343 -46
344 -6
345 -71
346 23
347 47
348 -30
349 -36
350 -8
351 -25
352 52
353 -95
354 -35
355 -48
356 68
357 68
358 -50
359 64
360 -59
361 48
362 49
363 82
364 87
365 46
366 14
367 16
368 -39
369 96
370 -85
371 -29
372 -7
373 38
374 4
375 -23
376 -14
377 -15
378 -51
379 -21
380 60
381 -85
382 -54
383 -6
384 -36
385 57
386 -46
387 10
388 52
389 -32
390 -19
391 6
392 92
393 -62
394 56
395 -97
396 -77
397 20
398 0
399 -2
400 -96
401 62
402 -68
403 -62
404 -61
405 -54
406 27
407 -96
408 -67
409 7
410 -57
411 -55
412 71
413 35
414 86
415 97
416 -55
417 -27
418 5
419 97
420 -83
421 -32
422 59
423 -28
424 -52
425 78
426 71
427 4
428 -68
429 -17
430 -85
431 -92
432 -45
433 1
434 17
435 29
436 -30
437 -30
438 -67
439 -99
440 43
441 -17
442 -49
443 4
444 -14
445 -26
446 55
447 58
448 11
449 -37
450 -77
451 -11
452 -17
453 -49
454 -85
455 43
456 62
457 -84
458 7
459 80
460 49
461 69
462 -40
463 -37
464 18
465 83
466 36
467 -4
468 -60
469 -62
470 55
471 -54
472 -49
473 42
474 97
475 -28
476 61
477 -44
478 -67
479 17
480 90
481 -94
482 -46
483 -67
484 -44
485 46
486 -46
487 44
488 68
489 -19
490 -51
491 13
492 -99
493 94
494 60
495 87
496 -97
497 22
498 -73
499 -24
500 95
501 -96
502 -76
503 56
504 58
505 -87
506 34
507 -67
508 -6
509 -32
510 28
511 -82
