0 -35
1 -72
2 25
3 -75
4 -38
5 30
6 45
7 95
8 -89
9 43
10 46
11 42
12 46
13 -35
14 48
15 -3
16 35
17 75
18 69
19 -44
20 -70
21 -93
22 3
23 -22
24 51
25 -99
26 67
27 65
28 -27
29 -61
30 20
31 65
32 -34
33 90
34 -88
35 -15
36 67
37 -27
38 79
39 58
40 -50
41 -63
42 -62
43 -18
44 32
45 -44
46 8
47 -8
48 -23
49 10
50 -50
51 -73
52 52
53 11
54 -58
55 37
56 -28
57 73
58 6
59 76
60 -7
61 -38
62 34
63 -16
64 -5
65 82
66 89
67 69
68 -48
69 -44
70 -57
71 -43
72 40
73 97
74 10
75 30
76 11
77 22
78 8
79 -19
80 -4
81 -97
82 -20
83 27
84 -33
85 37
86 66
87 -72
88 -80
89 94
90 77
91 -70
92 51
93 -61
94 -28
95 15
96 65
97 -55
98 -69
99 65
100 44
101 10
102 72
103 -80
104 5
105 -72
106 -26
107 79
108 53
109 96
110 -71
111 58
112 65
113 -87
114 -48
115 -3
116 64
117 -4
118 60
119 -25
120 32
121 -41
122 -94
123 76
124 -58
125 -69
126 42
127 72
128 86
129 83
130 -89
131 -1
132 -92
133 77
134 -61
135 -51
136 -77
137 -74
138 -23
139 80
140 -55
141 91
142 19
143 -79
144 99
145 -40
146 81
147 -53
148 65
149 12
150 54
151 -42
152 -97
153 -18
154 -99
155 52
156 -81
157 10
158 -20
159 -39
160 58
161 0
162 -87
163 34
164 46
165 90
166 11
167 -63
168 45
169 37
170 -14
171 81
172 -32
173 2
174 -40
175 68
176 53
177 77
178 -16
179 60
180 43
181 49
182 67
183 -88
184 57
185 92
186 40
187 20
188 -40
189 49
190 79
191 90
192 -75
193 -79
194 -57
195 -23
196 61
197 49
198 -21
199 25
200 50
201 79
202 -94
203 -95
204 -91
205 -60
206 -21
207 35
208 46
209 23
210 60
211 -1
212 39
213 -40
214 10
215 33
216 62
217 -49
218 17
219 33
220 -68
221 88
222 36
223 43
224 -29
225 -82
226 -84
227 -62
228 81
229 -33
230 69
231 66
232 69
233 57
234 -97
235 -30
236 -57
237 91
238 -2
239 -80
240 -67
241 2
242 13
243 -18
244 24
245 -91
246 -29
247 5
248 -56
249 -26
250 38
251 66
252 -34
253 -33
254 36
255 -4
256 -16
257 12
258 40
259 -98
260 78
261 17
262 68
263 -92
264 26
265 -35
266 -30
267 -99
268 -52
269 -5
270 -66
271 78
272 88
273 30
274 -78
275 -40
276 -86
277 8
278 -17
279 23
280 -18
281 -12
282 -3
283 -93
284 -7
285 23
286 93
287 88
288 9
289 47
290 -94
291 98
292 64
293 -62
294 9
295 100
296 97
297 41
298 67
299 70
300 59
301 -5
302 88
303 -83
304 -90
305 -77
306 -35
307 20
308 -71
309 -30
310 -50
311 4
312 85
313 57
314 -27
315 26
316 -81
317 -59
318 -56
319 -94
320 94
321 10
322 12
323 69
324 -46
325 35
326 48
327 1
328 21
329 92
330 -70
331 -48
332 -65
333 31
334 80
335 35
336 9
337 58
338 -56
339 -7
340 18
341 64
342 -31
343 -90
344 -1
345 -84
346 -80
347 70
348 -60
349 11
350 64
351 52
352 -33
353 -94
354 76
355 31
356 -77
357 -66
358 71
359 -37
360 11
361 -28
362 14
363 50
364 74
365 34
366 -37
367 -65
368 1
369 40
370 89
371 -95
372 68
373 -89
374 -14
375 62
376 93
377 61
378 18
379 32
380 -41
381 85
382 66
383 67
384 -56
385 20
386 -7
387 4
388 29
389 -50
390 47
391 12
392 0
393 100
394 0
395 19
396 -23
397 95
398 68
399 84
400 -53
401 83
402 -20
403 47
404 -2
405 69
406 82
407 -37
408 26
409 58
410 30
411 -18
412 -11
413 56
414 -55
415 -11
416 21
417 -87
418 21
419 -30
420 100
421 0
422 92
423 -20
424 -14
425 95
426 1
427 -79
428 -100
429 -69
430 52
431 92
432 -38
433 -46
434 -53
435 -30
436 -35
437 69
438 49
439 24
440 57
441 -17
442 -6
443 77
444 50
445 -94
446 -30
447 -61
448 85
449 -50
450 83
451 39
452 -39
453 28
454 -49
455 -13
456 -16
457 21
458 -88
459 -27
460 -49
461 -29
462 11
463 17
464 -72
465 82
466 74
467 -6
468 4
469 58
470 -27
471 79
472 53
473 -54
474 83
475 65
476 -64
477 -38
478 0
479 -48
480 -97
481 -5
482 29
483 -5
484 67
485 35
486 -90
487 -1
488 -69
489 -6
490 54
491 -53
492 38
493 -4
494 92
495 78
496 33
497 6
498 95
499 79
500 -79
501 -98
502 74
503 65
504 -12
505 -32
506 14
507 -75
508 99
509 -48
510 8
511 -24
