0 39
1 -54
2 84
3 -53
4 53
5 -76
6 -54
7 -53
8 38
9 82
10 56
11 -19
12 -5
13 -76
14 -28
15 -94
16 6
17 -59
18 -94
19 10
20 15
21 11
22 93
23 -87
24 90
25 -1
26 96
27 -52
28 -17
29 -27
30 19
31 -69
32 -14
33 -84
34 -96
35 19
36 76
37 -79
38 -76
39 -8
40 -50
41 -44
42 -57
43 -11
44 83
45 15
46 -87
47 50
48 -1
49 -62
50 -11
51 36
52 -19
53 -34
54 -87
55 -16
56 -53
57 94
58 -28
59 -36
60 -24
61 73
62 -67
63 -30
64 80
65 -5
66 -88
67 80
68 -19
69 17
70 54
71 75
72 22
73 10
74 -35
75 -50
76 -28
77 59
78 -30
79 -53
80 -55
81 2
82 29
83 84
84 99
85 -86
86 -88
87 33
88 -40
89 -75
90 7
91 -64
92 -71
93 72
94 49
95 4
96 -62
97 86
98 87
99 -74
100 -56
101 -7
102 81
103 -78
104 50
105 -74
106 -57
107 -53
108 -93
109 86
110 7
111 35
112 -92
113 -68
114 -40
115 -1
116 -82
117 8
118 -95
119 25
120 -35
121 -15
122 -27
123 -71
124 -51
125 -98
126 -20
127 -17
128 6
129 15
130 -27
131 -43
132 65
133 6
134 -48
135 -6
136 54
137 13
138 -71
139 -42
140 70
141 78
142 16
143 67
144 11
145 -89
146 74
147 -42
148 55
149 -44
150 -49
151 -43
152 -68
153 -53
154 -66
155 85
156 64
157 -92
158 10
159 -78
160 -82
161 80
162 57
163 61
164 -21
165 -14
166 -3
167 -46
168 -73
169 -67
170 55
171 -48
172 -36
173 77
174 -49
175 87
176 94
177 60
178 -96
179 -71
180 31
181 87
182 45
183 -32
184 63
185 -94
186 -34
187 22
188 72
189 79
190 -100
191 -33
192 75
193 17
194 -81
195 -91
196 2
197 -24
198 -90
199 -11
200 77
201 20
202 -9
203 61
204 -50
205 31
206 52
207 64
208 -82
209 78
210 71
211 80
212 44
213 91
214 -20
215 -30
216 -94
217 60
218 18
219 -65
220 -38
221 -51
222 -98
223 -65
224 -71
225 -21
226 -57
227 16
228 12
229 -23
230 -74
231 18
232 33
233 -74
234 -97
235 -1
236 93
237 -98
238 54
239 72
240 -2
241 -46
242 53
243 -49
244 6
245 93
246 -81
247 98
248 59
249 -79
250 -15
251 -64
252 84
253 6
254 96
255 -17
256 -93
257 90
258 35
259 94
260 47
261 -21
262 83
263 62
264 40
265 -65
266 -70
267 -61
268 -34
269 8
270 -60
271 -50
272 94
273 21
274 -100
275 43
276 13
277 -11
278 87
279 27
280 -35
281 54
282 -4
283 -15
284 -73
285 72
286 100
287 50
288 -12
289 -25
290 -87
291 10
292 -45
293 -19
294 -59
295 -43
296 6
297 22
298 -30
299 -1
300 32
301 -8
302 -32
303 39
304 31
305 79
306 -79
307 97
308 -22
309 97
310 39
311 -54
312 -44
313 60
314 27
315 -62
316 79
317 18
318 -52
319 37
320 53
321 67
322 -16
323 54
324 -11
325 60
326 72
327 -24
328 -7
329 58
330 -86
331 94
332 -82
333 -15
334 -48
335 -7
336 76
337 -89
338 -17
339 93
340 6
341 -31
342 56
343 -81
344 31
345 -53
346 44
347 68
348 66
349 -21
350 82
351 78
352 53
353 2
354 22
355 -45
356 -78
357 -8
358 5
359 -96
360 64
361 -57
362 15
363 -48
364 -84
365 20
366 -90
367 42
368 75
369 57
370 74
371 4
372 55
373 89
374 12
375 68
376 -81
377 67
378 -100
379 -56
380 -25
381 22
382 -73
383 33
384 -71
385 43
386 53
387 27
388 84
389 23
390 -54
391 41
392 -64
393 -17
394 -11
395 45
396 -80
397 -48
398 86
399 -43
400 31
401 -15
402 -57
403 -39
404 58
405 -52
406 85
407 60
408 9
409 -58
410 -21
411 -52
412 82
413 -92
414 65
415 -81
416 12
417 52
418 29
419 -45
420 -11
421 77
422 14
423 -21
424 -25
425 95
426 -59
427 -83
428 27
429 38
430 36
431 81
432 -77
433 100
434 -26
435 -77
436 36
437 73
438 -57
439 81
440 26
441 2
442 78
443 -39
444 -86
445 -47
446 -8
447 75
448 3
449 10
450 -44
451 -68
452 -4
453 -46
454 28
455 33
456 -23
457 32
458 32
459 -98
460 -21
461 40
462 -78
463 -16
464 -28
465 -77
466 44
467 64
468 23
469 -33
470 39
471 -40
472 98
473 -91
474 99
475 -45
476 -95
477 8
478 19
479 18
480 -54
481 -55
482 64
483 -67
484 67
485 71
486 -93
487 71
488 95
489 68
490 35
491 -3
492 -52
493 -88
494 98
495 71
496 64
497 -40
498 24
499 -26
500 -74
501 -76
502 -97
503 -91
504 17
505 -86
506 -81
507 -91
508 -30
509 -1
510 -12
511 -68
