0 1
1 89
2 -21
3 -68
4 -30
5 -83
6 82
7 3
8 -70
9 12
10 -2
11 -34
12 -83
13 40
14 -92
15 63
16 -33
17 8
18 49
19 -65
20 -49
21 36
22 76
23 80
24 -97
25 -68
26 34
27 9
28 71
29 12
30 99
31 -27
32 25
33 -56
34 -75
35 -69
36 -92
37 -70
38 -86
39 -27
40 -23
41 76
42 -16
43 48
44 98
45 -45
46 69
47 7
48 -100
49 -100
50 48
51 -94
52 29
53 -82
54 -74
55 81
56 -47
57 58
58 -49
59 49
60 40
61 -12
62 -57
63 12
64 -28
65 69
66 -39
67 75
68 73
69 -8
70 -40
71 -87
72 -80
73 -75
74 3
75 54
76 99
77 67
78 42
79 27
80 59
81 91
82 13
83 98
84 24
85 -99
86 31
87 -59
88 54
89 75
90 7
91 18
92 3
93 51
94 85
95 41
96 47
97 -25
98 -69
99 -71
100 0
101 -79
102 -48
103 -72
104 -60
105 13
106 27
107 -72
108 95
109 47
110 -79
111 -13
112 -11
113 -76
114 -16
115 69
116 -98
117 -93
118 93
119 52
120 61
121 -28
122 73
123 -57
124 44
125 -79
126 5
127 15
128 63
129 -29
130 -66
131 95
132 44
133 24
134 43
135 -57
136 80
137 25
138 -11
139 62
140 62
141 20
142 -67
143 30
144 -12
145 91
146 -30
147 -3
148 -26
149 18
150 -32
151 -41
152 66
153 15
154 -74
155 -77
156 -30
157 -78
158 -47
159 -36
160 32
161 -53
162 29
163 -5
164 -6
165 -81
166 -69
167 40
168 59
169 34
170 40
171 27
172 -92
173 24
174 19
175 -94
176 -80
177 -64
178 -20
179 33
180 23
181 64
182 -6
183 91
184 -73
185 87
186 51
187 35
188 93
189 6
190 66
191 -13
192 18
193 43
194 -90
195 69
196 -51
197 69
198 55
199 38
200 -15
201 -56
202 -9
203 -39
204 20
205 8
206 -43
207 -94
208 -90
209 -41
210 25
211 60
212 40
213 84
214 26
215 45
216 3
217 -26
218 59
219 48
220 -30
221 -93
222 18
223 2
224 -14
225 -62
226 39
227 -1
228 -53
229 -10
230 8
231 3
232 -33
233 -33
234 75
235 -60
236 87
237 -83
238 -63
239 33
240 26
241 -64
242 48
243 -16
244 -31
245 34
246 -91
247 -61
248 -57
249 45
250 -10
251 22
252 63
253 -26
254 39
255 88
256 63
257 22
258 -43
259 42
260 -1
261 -14
262 -22
263 -56
264 -38
265 -27
266 -43
267 15
268 -96
269 -37
270 -4
271 -6
272 -4
273 -96
274 -2
275 -44
276 -33
277 -7
278 36
279 -36
280 26
281 14
282 34
283 61
284 85
285 73
286 -72
287 -37
288 82
289 -18
290 -8
291 96
292 -6
293 -83
294 39
295 76
296 -26
297 11
298 -83
299 40
300 -47
301 35
302 -43
303 6
304 -30
305 1
306 -71
307 65
308 70
309 54
310 -83
311 45
312 2
313 91
314 -9
315 -84
316 90
317 17
318 60
319 70
320 -40
321 -76
322 -50
323 -73
324 36
325 88
326 -91
327 -93
328 12
329 -93
330 -98
331 -61
332 -98
333 -76
334 -97
335 -16
336 65
337 -31
338 -38
339 -20
340 -50
341 84
342 95
343 42
344 7
345 -55
346 32
347 71
348 34
349 69
350 -2
351 60
352 75
353 -64
354 -99
355 -81
356 63
357 32
358 -45
359 -25
360 77
361 -100
362 -16
363 -23
364 -7
365 -82
366 -97
367 -67
368 -38
369 22
370 73
371 -37
372 54
373 62
374 55
375 14
376 94
377 -16
378 -86
379 -60
380 33
381 17
382 75
383 -31
384 21
385 72
386 -56
387 -68
388 -69
389 -25
390 59
391 -48
392 -42
393 -35
394 95
395 88
396 -97
397 61
398 -95
399 -15
400 -38
401 81
402 54
403 6
404 72
405 -25
406 -97
407 -18
408 83
409 10
410 24
411 48
412 -98
413 0
414 8
415 74
416 57
417 -6
418 50
419 -67
420 35
421 83
422 18
423 -38
424 -82
425 54
426 61
427 -63
428 45
429 52
430 10
431 59
432 29
433 -96
434 63
435 22
436 -25
437 -75
438 -5
439 -95
440 -14
441 30
442 -49
443 23
444 72
445 -14
446 7
447 -72
448 48
449 -46
450 -60
451 57
452 -58
453 -78
454 5
455 60
456 8
457 -84
458 98
459 -2
460 33
461 67
462 12
463 75
464 37
465 51
466 -73
467 -4
468 83
469 82
470 -2
471 64
472 88
473 16
474 -88
475 41
476 45
477 -42
478 -55
479 -41
480 -66
481 -49
482 63
483 21
484 -79
485 46
486 -50
487 84
488 16
489 53
490 -12
491 40
492 -13
493 47
494 33
495 75
496 81
497 -9
498 -56
499 -91
500 -59
501 3
502 44
503 -80
504 22
505 65
506 3
507 50
508 -55
509 -57
510 -32
511 92
