0 11
1 69
2 62
3 69
4 -26
5 20
6 87
7 -22
8 39
9 -44
10 31
11 20
12 9
13 35
14 85
15 -40
16 70
17 70
18 76
19 18
20 11
21 62
22 -98
23 -81
24 91
25 -69
26 -69
27 92
28 33
29 -27
30 -52
31 77
32 81
33 17
34 -60
35 -99
36 -99
37 5
38 3
39 -14
40 -1
41 -5
42 -73
43 -17
44 97
45 -27
46 -52
47 -6
48 12
49 -54
50 76
51 -94
52 22
53 77
54 40
55 21
56 -44
57 -83
58 83
59 91
60 -86
61 1
62 45
63 61
64 50
65 85
66 12
67 13
68 1
69 65
70 86
71 21
72 49
73 -95
74 -29
75 -90
76 -4
77 -61
78 -39
79 12
80 17
81 -17
82 -16
83 -42
84 -96
85 -83
86 -82
87 -1
88 8
89 -47
90 98
91 58
92 90
93 -1
94 46
95 -91
96 77
97 -61
98 -43
99 -97
100 49
101 -59
102 -85
103 10
104 -8
105 -79
106 13
107 32
108 -33
109 94
110 39
111 -8
112 -48
113 -54
114 14
115 79
116 85
117 -39
118 -97
119 -65
120 65
121 40
122 -13
123 -21
124 12
125 -95
126 -77
127 -74
128 6
129 -89
130 95
131 91
132 -84
133 96
134 -2
135 -86
136 40
137 -64
138 -6
139 29
140 -69
141 11
142 -14
143 -69
144 86
145 48
146 -72
147 -46
148 59
149 15
150 -22
151 -18
152 -70
153 -47
154 -4
155 3
156 -60
157 -70
158 -61
159 42
160 -23
161 62
162 -47
163 -40
164 -41
165 -24
166 -27
167 33
168 -47
169 -58
170 44
171 25
172 38
173 90
174 -3
175 -86
176 70
177 -45
178 31
179 -90
180 56
181 -60
182 23
183 -90
184 16
185 -22
186 41
187 -1
188 38
189 23
190 93
191 -29
192 -65
193 56
194 38
195 -54
196 -41
197 90
198 99
199 -13
200 -28
201 -88
202 24
203 -69
204 -91
205 7
206 -3
207 -38
208 -20
209 -56
210 6
211 -6
212 -70
213 24
214 -84
215 4
216 -74
217 26
218 -37
219 4
220 -77
221 39
222 11
223 -38
224 -56
225 1
226 60
227 -48
228 94
229 -24
230 -92
231 -7
232 54
233 80
234 -72
235 56
236 23
237 -18
238 -49
239 94
240 -76
241 47
242 44
243 -10
244 47
245 34
246 -2
247 -35
248 54
249 -31
250 -33
251 -2
252 86
253 29
254 31
255 -62
256 3
257 99
258 68
259 -20
260 -54
261 12
262 -64
263 51
264 -42
265 0
266 -40
267 -98
268 -53
269 -60
270 28
271 -97
272 79
273 100
274 89
275 -15
276 -94
277 -56
278 22
279 -54
280 13
281 -86
282 66
283 82
284 20
285 -73
286 17
287 75
288 29
289 -81
290 20
291 -97
292 -15
293 69
294 60
295 1
296 -20
297 -70
298 8
299 -17
300 -99
301 -85
302 -89
303 -8
304 -14
305 30
306 36
307 59
308 -38
309 -69
310 -3
311 -11
312 36
313 35
314 81
315 -63
316 52
317 7
318 -76
319 -87
320 5
321 8
322 -85
323 16
324 24
325 18
326 24
327 -72
328 0
329 -20
330 -55
331 -87
332 14
333 -43
334 -45
335 -84
336 -14
337 83
338 14
339 -17
340 -11
341 -49
342 73
343 -86
344 22
345 -77
346 -81
347 -71
348 50
349 18
350 -16
351 -90
352 5
353 100
354 19
355 74
356 -2
357 92
358 2
359 68
360 -26
361 5
362 34
363 28
364 -4
365 -38
366 -77
367 6
368 -88
369 63
370 -13
371 -37
372 -96
373 53
374 26
375 74
376 5
377 -46
378 -22
379 14
380 -22
381 10
382 85
383 60
384 70
385 -62
386 77
387 59
388 -13
389 -89
390 -51
391 -59
392 64
393 91
394 -50
395 -75
396 -95
397 -49
398 9
399 23
400 -27
401 68
402 53
403 -9
404 -93
405 35
406 55
407 4
408 -10
409 -89
410 -22
411 -83
412 18
413 -67
414 -73
415 45
416 -14
417 94
418 -41
419 -83
420 61
421 87
422 -44
423 -63
424 -14
425 19
426 -87
427 -63
428 20
429 59
430 -61
431 53
432 -30
433 13
434 -94
435 -55
436 -47
437 -59
438 -68
439 40
440 24
441 89
442 24
443 -78
444 -26
445 39
446 -80
447 -78
448 54
449 76
450 -35
451 20
452 -91
453 -61
454 -17
455 -19
456 46
457 -74
458 77
459 72
460 37
461 -29
462 71
463 -33
464 10
465 -34
466 -58
467 36
468 88
469 -59
470 53
471 91
472 -74
473 -24
474 -71
475 22
476 -29
477 -96
478 -70
479 92
480 25
481 -22
482 -100
483 11
484 -72
485 -67
486 -42
487 46
488 -73
489 93
490 -28
491 97
492 -93
493 -87
494 11
495 -13
496 -22
497 -19
498 55
499 96
500 56
501 -95
502 -37
503 -64
504 39
505 -60
506 16
507 -6
508 56
509 -38
510 -35
511 -72
