0 12
1 60
2 61
3 -64
4 16
5 -59
6 59
7 30
8 -82
9 -81
10 -41
11 47
12 18
13 -98
14 94
15 4
16 91
17 85
18 -49
19 78
20 32
21 51
22 -64
23 -8
24 -19
25 -49
26 -80
27 -39
28 -13
29 53
30 -34
31 -43
32 -72
33 56
34 -5
35 -67
36 -11
37 27
38 53
39 15
40 91
41 -27
42 33
43 -43
44 61
45 4
46 8
47 -45
48 12
49 -51
50 85
51 -88
52 44
53 -42
54 -57
55 100
56 98
57 20
58 -54
59 2
60 77
61 94
62 16
63 -59
64 59
65 63
66 -39
67 -53
68 -2
69 22
70 0
71 -98
72 8
73 49
74 80
75 63
76 -7
77 -30
78 -28
79 -3
80 86
81 85
82 18
83 85
84 -37
85 10
86 -100
87 92
88 -65
89 50
90 32
91 -91
92 -59
93 70
94 -97
95 -47
96 98
97 79
98 87
99 6
100 56
101 67
102 29
103 40
104 -52
105 74
106 78
107 -50
108 -89
109 95
110 -66
111 -86
112 15
113 -83
114 -79
115 -10
116 -13
117 -35
118 55
119 71
120 2
121 18
122 -15
123 96
124 16
125 47
126 57
127 46
128 39
129 48
130 -73
131 -26
132 44
133 -97
134 61
135 65
136 -34
137 -21
138 -11
139 95
140 75
141 -32
142 -62
143 97
144 -99
145 15
146 70
147 -46
148 77
149 23
150 -83
151 -78
152 -14
153 52
154 -46
155 -85
156 32
157 76
158 -66
159 40
160 9
161 -86
162 72
163 -5
164 -43
165 20
166 -25
167 45
168 100
169 64
170 -24
171 4
172 44
173 47
174 2
175 -64
176 -13
177 13
178 -43
179 50
180 55
181 66
182 -56
183 -61
184 63
185 69
186 81
187 60
188 -6
189 -71
190 93
191 -59
192 16
193 82
194 8
195 -86
196 79
197 8
198 3
199 71
200 -39
201 -96
202 17
203 -31
204 10
205 49
206 59
207 32
208 -90
209 -48
210 40
211 26
212 42
213 -91
214 59
215 -96
216 15
217 -91
218 -11
219 -26
220 -21
221 -93
222 30
223 81
224 -98
225 -29
226 -60
227 53
228 -100
229 11
230 48
231 -74
232 -99
233 -93
234 63
235 -11
236 44
237 85
238 -96
239 53
240 59
241 36
242 88
243 73
244 -76
245 79
246 -89
247 -68
248 83
249 -43
250 13
251 -93
252 -8
253 -4
254 27
255 -61
256 88
257 -27
258 -71
259 -47
260 -23
261 -6
262 75
263 -80
264 3
265 15
266 -95
267 92
268 -27
269 -8
270 33
271 94
272 56
273 84
274 -22
275 -2
276 -27
277 56
278 9
279 72
280 13
281 72
282 23
283 -87
284 98
285 94
286 -5
287 92
288 19
289 -44
290 -3
291 -89
292 88
293 -45
294 -47
295 62
296 7
297 10
298 -28
299 -14
300 76
301 98
302 -79
303 -31
304 -15
305 74
306 19
307 55
308 70
309 25
310 -84
311 85
312 68
313 50
314 -27
315 53
316 25
317 -97
318 6
319 13
320 61
321 -60
322 42
323 -99
324 -43
325 -33
326 88
327 42
328 -30
329 53
330 -14
331 87
332 -81
333 84
334 19
335 -53
336 -60
337 2
338 -71
339 16
340 -81
341 60
342 -57
343 68
344 -50
345 94
346 90
347 -96
348 19
349 17
350 -69
351 -39
352 51
353 59
354 -17
355 -61
356 27
357 8
358 94
359 -4
360 17
361 1
362 11
363 19
364 -20
365 27
366 -8
367 -55
368 -2
369 89
370 80
371 61
372 9
373 -44
374 72
375 64
376 -38
377 53
378 3
379 -83
380 28
381 80
382 79
383 95
384 -78
385 -21
386 67
387 19
388 -75
389 76
390 10
391 70
392 -77
393 27
394 -63
395 -41
396 86
397 90
398 -18
399 2
400 -89
401 3
402 88
403 -55
404 98
405 100
406 85
407 57
408 -31
409 83
410 -62
411 -46
412 -51
413 -54
414 27
415 -1
416 76
417 -72
418 94
419 8
420 93
421 1
422 -88
423 94
424 93
425 32
426 -21
427 -88
428 17
429 -67
430 78
431 -61
432 95
433 97
434 -9
435 -70
436 49
437 2
438 41
439 -18
440 56
441 -61
442 45
443 84
444 -16
445 -23
446 -22
447 6
448 -36
449 70
450 44
451 79
452 22
453 72
454 21
455 42
456 -35
457 5
458 -90
459 -53
460 87
461 -38
462 30
463 33
464 -31
465 65
466 -52
467 37
468 35
469 -15
470 6
471 85
472 86
473 -46
474 -35
475 13
476 -19
477 -34
478 -37
479 -79
480 94
481 16
482 -78
483 49
484 4
485 -93
486 -85
487 44
488 -28
489 35
490 9
491 -71
492 -60
493 -18
494 65
495 52
496 -63
497 -55
498 31
499 74
500 -80
501 21
502 60
503 -60
504 -97
505 70
506 19
507 92
508 -38
509 82
510 47
511 92
