0 29
1 -37
2 -63
3 -90
4 -75
5 16
6 4
7 2
8 94
9 49
10 48
11 88
12 -47
13 -63
14 -8
15 -43
16 -62
17 -34
18 -67
19 0
20 68
21 19
22 -68
23 -47
24 31
25 48
26 -6
27 -85
28 -65
29 46
30 -75
31 33
32 -79
33 -96
34 43
35 -25
36 -87
37 26
38 89
39 -45
40 27
41 -100
42 91
43 -58
44 -59
45 63
46 -47
47 56
48 5
49 -12
50 -62
51 -77
52 2
53 -74
54 -97
55 89
56 -68
57 57
58 -95
59 -91
60 -27
61 -99
62 23
63 70
64 90
65 38
66 89
67 -38
68 76
69 57
70 -53
71 24
72 40
73 -96
74 -21
75 80
76 80
77 24
78 60
79 45
80 61
81 88
82 -24
83 -28
84 54
85 24
86 -58
87 19
88 -70
89 39
90 3
91 -54
92 56
93 -8
94 4
95 61
96 -100
97 76
98 -43
99 -30
100 5
101 -15
102 17
103 51
104 0
105 91
106 0
107 15
108 83
109 -80
110 -96
111 -59
112 -98
113 93
114 -6
115 53
116 -27
117 14
118 91
119 -64
120 -72
121 56
122 -51
123 -15
124 -40
125 25
126 -27
127 -65
128 -69
129 -72
130 -70
131 74
132 -14
133 73
134 64
135 -14
136 50
137 -79
138 89
139 43
140 53
141 -84
142 96
143 91
144 -60
145 -66
146 18
147 59
148 28
149 -79
150 26
151 5
152 54
153 34
154 49
155 -5
156 88
157 4
158 66
159 -82
160 89
161 -44
162 33
163 94
164 -100
165 -21
166 -25
167 -6
168 -4
169 92
170 43
171 58
172 -59
173 -48
174 -70
175 -4
176 52
177 41
178 -61
179 -50
180 43
181 -75
182 -33
183 -31
184 -90
185 57
186 -91
187 93
188 -48
189 -60
190 -54
191 6
192 -30
193 59
194 -3
195 64
196 48
197 -28
198 6
199 -43
200 -98
201 -91
202 -94
203 -72
204 60
205 -100
206 32
207 51
208 -58
209 -28
210 28
211 88
212 -11
213 48
214 60
215 -68
216 7
217 92
218 -58
219 -93
220 -87
221 -14
222 10
223 38
224 30
225 -74
226 -28
227 24
228 65
229 98
230 11
231 -56
232 -22
233 28
234 3
235 17
236 -27
237 23
238 73
239 58
240 27
241 -45
242 0
243 48
244 -68
245 -25
246 -60
247 70
248 -85
249 15
250 61
251 49
252 -16
253 -54
254 40
255 -86
256 -28
257 45
258 -73
259 100
260 -27
261 68
262 92
263 94
264 57
265 -45
266 67
267 -83
268 -22
269 -91
270 -79
271 -23
272 50
273 -59
274 46
275 -24
276 33
277 -12
278 85
279 -11
280 -62
281 85
282 -49
283 -74
284 61
285 -46
286 -24
287 22
288 -50
289 -97
290 -89
291 89
292 14
293 17
294 -9
295 -27
296 -41
297 28
298 76
299 78
300 98
301 7
302 -86
303 -47
304 59
305 21
306 32
307 78
308 11
309 -58
310 41
311 -32
312 53
313 9
314 88
315 72
316 3
317 -8
318 -33
319 -11
320 -23
321 95
322 -2
323 -100
324 70
325 66
326 -15
327 -87
328 -97
329 25
330 11
331 3
332 -4
333 -72
334 66
335 -92
336 27
337 -63
338 55
339 35
340 -49
341 -18
342 8
343 93
344 97
345 77
346 27
347 -98
348 -65
349 82
350 68
351 -79
352 -71
353 94
354 -61
355 -91
356 90
357 7
358 34
359 60
360 -29
361 -97
362 33
363 -98
364 -43
365 49
366 -29
367 82
368 73
369 40
370 -68
371 -92
372 95
373 -29
374 -72
375 16
376 79
377 36
378 76
379 52
380 -48
381 48
382 22
383 -51
384 93
385 -99
386 -3
387 20
388 -84
389 40
390 -100
391 -56
392 45
393 -33
394 0
395 5
396 15
397 19
398 62
399 8
400 -78
401 82
402 -41
403 48
404 -53
405 -17
406 15
407 -6
408 -23
409 -65
410 -91
411 -80
412 -20
413 -6
414 94
415 -67
416 -63
417 43
418 98
419 77
420 -38
421 69
422 0
423 1
424 90
425 -4
426 -100
427 42
428 -53
429 1
430 -66
431 -73
432 49
433 71
434 48
435 62
436 -96
437 -5
438 -38
439 -66
440 74
441 -66
442 -74
443 31
444 49
445 -36
446 85
447 35
448 45
449 14
450 38
451 -70
452 1
453 80
454 -85
455 -30
456 56
457 -91
458 39
459 35
460 23
461 -82
462 -99
463 18
464 -9
465 -9
466 23
467 18
468 -12
469 -65
470 -22
471 70
472 -96
473 -19
474 -90
475 37
476 -54
477 -58
478 -55
479 33
480 -9
481 84
482 44
483 -36
484 -4
485 -75
486 -10
487 -23
488 90
489 55
490 -5
491 6
492 67
493 -14
494 89
495 8
496 90
497 61
498 -78
499 -55
500 35
501 -17
502 23
503 -41
504 -12
505 -11
506 -3
507 -69
508 78
509 -49
510 95
511 71
