0 14
1 -44
2 84
3 38
4 84
5 35
6 -24
7 1
8 98
9 -92
10 64
11 89
12 55
13 16
14 91
15 20
16 -92
17 35
18 91
19 -94
20 -89
21 -54
22 -11
23 -10
24 16
25 -46
26 83
27 -39
28 -100
29 -51
30 16
31 9
32 1
33 53
34 -54
35 44
36 70
37 1
38 -62
39 -3
40 6
41 -71
42 58
43 -22
44 -1
45 26
46 -38
47 -30
48 28
49 55
50 90
51 33
52 -57
53 66
54 95
55 -21
56 93
57 -29
58 -31
59 5
60 9
61 -22
62 85
63 33
64 -66
65 35
66 47
67 -71
68 27
69 -27
70 -30
71 31
72 96
73 -17
74 67
75 80
76 -59
77 23
78 19
79 68
80 43
81 6
82 -71
83 67
84 9
85 -17
86 -57
87 -24
88 80
89 66
90 29
91 -42
92 -16
93 -85
94 -88
95 -96
96 22
97 99
98 18
99 93
100 -37
101 86
102 -93
103 -50
104 83
105 -98
106 -43
107 40
108 9
109 72
110 39
111 -88
112 73
113 67
114 29
115 81
116 -97
117 48
118 21
119 90
120 -52
121 -66
122 82
123 55
124 65
125 16
126 -14
127 -38
128 -6
129 40
130 17
131 79
132 13
133 -83
134 25
135 92
136 -58
137 61
138 -92
139 -78
140 -96
141 -85
142 -81
143 -24
144 20
145 91
146 -82
147 -65
148 71
149 91
150 75
151 29
152 -69
153 -90
154 -86
155 97
156 -72
157 8
158 -51
159 -65
160 -55
161 24
162 -46
163 69
164 11
165 70
166 -88
167 16
168 74
169 -73
170 42
171 70
172 24
173 -78
174 -92
175 -15
176 -16
177 -85
178 21
179 -32
180 -18
181 78
182 40
183 61
184 -62
185 -89
186 -54
187 84
188 55
189 55
190 56
191 47
192 -37
193 -33
194 -11
195 14
196 -26
197 17
198 -5
199 94
200 -55
201 -77
202 -32
203 19
204 -25
205 73
206 -12
207 -62
208 44
209 67
210 18
211 -47
212 16
213 -81
214 -81
215 13
216 -79
217 -70
218 -63
219 3
220 1
221 69
222 12
223 57
224 -46
225 -99
226 69
227 1
228 -71
229 87
230 31
231 57
232 -21
233 -37
234 -91
235 -67
236 -30
237 13
238 -72
239 47
240 21
241 97
242 69
243 96
244 83
245 63
246 37
247 -72
248 -54
249 68
250 -28
251 -81
252 6
253 73
254 0
255 -71
256 57
257 1
258 30
259 56
260 8
261 -70
262 -49
263 49
264 82
265 76
266 -22
267 -97
268 -49
269 79
270 98
271 -1
272 -22
273 -91
274 91
275 69
276 43
277 85
278 6
279 52
280 0
281 -2
282 60
283 -17
284 -37
285 -32
286 -93
287 -9
288 78
289 -79
290 90
291 -39
292 -5
293 -85
294 45
295 -8
296 11
297 -81
298 39
299 66
300 69
301 -72
302 -25
303 9
304 55
305 -98
306 -89
307 69
308 -19
309 18
310 93
311 -49
312 62
313 -75
314 46
315 2
316 28
317 -81
318 -39
319 34
320 62
321 33
322 59
323 -4
324 74
325 19
326 -5
327 -23
328 -77
329 59
330 -11
331 -70
332 83
333 76
334 85
335 26
336 -58
337 18
338 38
339 -74
340 30
341 10
342 -87
343 97
344 35
345 7
346 3
347 40
348 -87
349 63
350 61
351 -66
352 -63
353 53
354 53
355 -91
356 -29
357 -74
358 42
359 -86
360 51
361 -72
362 43
363 -20
364 5
365 -40
366 -67
367 2
368 58
369 -51
370 -29
371 -14
372 98
373 30
374 16
375 -97
376 34
377 40
378 -40
379 -4
380 -97
381 -77
382 2
383 -80
384 -96
385 -82
386 33
387 -45
388 27
389 74
390 -54
391 68
392 -61
393 -95
394 -69
395 33
396 53
397 -21
398 -43
399 44
400 81
401 -37
402 87
403 19
404 53
405 -49
406 -86
407 -49
408 99
409 61
410 -38
411 97
412 -3
413 -83
414 40
415 91
416 -65
417 91
418 29
419 4
420 -51
421 7
422 88
423 1
424 37
425 -65
426 52
427 -3
428 -2
429 -95
430 51
431 13
432 23
433 100
434 -42
435 57
436 11
437 32
438 79
439 33
440 51
441 -79
442 -75
443 19
444 52
445 -30
446 -62
447 71
448 -48
449 97
450 -79
451 48
452 34
453 -13
454 26
455 30
456 72
457 66
458 19
459 90
460 -94
461 -36
462 30
463 -71
464 29
465 -43
466 -93
467 -2
468 42
469 -52
470 50
471 64
472 96
473 98
474 45
475 27
476 -41
477 -12
478 -34
479 78
480 79
481 -91
482 -39
483 82
484 79
485 5
486 -99
487 -2
488 -65
489 -32
490 93
491 -25
492 -92
493 -82
494 -54
495 88
496 4
497 38
498 20
499 77
500 -24
501 2
502 62
503 -90
504 67
505 21
506 -79
507 -16
508 -69
509 56
510 53
511 -54
