0 -79
1 43
2 -18
3 -30
4 76
5 24
6 -2
7 -43
8 80
9 -86
10 -23
11 21
12 43
13 3
14 -34
15 9
16 43
17 15
18 -44
19 -51
20 -60
21 0
22 -20
23 19
24 36
25 -11
26 -89
27 41
28 39
29 5
30 74
31 -75
32 -89
33 16
34 12
35 10
36 34
37 -58
38 -78
39 88
40 33
41 -51
42 1
43 -50
44 -30
45 82
46 11
47 -56
48 82
49 -59
50 44
51 -49
52 -48
53 96
54 -9
55 43
56 58
57 17
58 -16
59 17
60 -52
61 95
62 -21
63 -24
64 39
65 -94
66 -12
67 21
68 81
69 -2
70 2
71 -38
72 -66
73 -72
74 47
75 -76
76 79
77 82
78 -27
79 -17
80 46
81 56
82 -18
83 6
84 -87
85 91
86 -100
87 47
88 -12
89 -45
90 91
91 -51
92 35
93 -76
94 36
95 -34
96 21
97 -100
98 -48
99 -38
100 -97
101 -14
102 91
103 56
104 -56
105 95
106 -46
107 -34
108 2
109 -14
110 -45
111 20
112 17
113 38
114 -68
115 88
116 85
117 -80
118 69
119 -20
120 46
121 -67
122 32
123 88
124 76
125 30
126 81
127 25
128 100
129 23
130 -4
131 9
132 33
133 -65
134 62
135 -79
136 75
137 86
138 18
139 41
140 14
141 66
142 33
143 -36
144 -62
145 -33
146 33
147 46
148 -23
149 -77
150 85
151 -82
152 45
153 -86
154 87
155 27
156 71
157 35
158 -4
159 -9
160 64
161 -5
162 -25
163 59
164 28
165 -34
166 -84
167 92
168 16
169 -40
170 31
171 5
172 70
173 21
174 42
175 77
176 31
177 89
178 -84
179 -38
180 -1
181 12
182 -11
183 -46
184 -23
185 -44
186 -21
187 -2
188 11
189 -86
190 -61
191 -70
192 34
193 -88
194 -46
195 -73
196 39
197 -16
198 6
199 -58
200 -61
201 2
202 19
203 76
204 -67
205 -44
206 99
207 -27
208 9
209 90
210 91
211 -87
212 -28
213 44
214 -47
215 35
216 -45
217 2
218 -16
219 -43
220 18
221 81
222 4
223 -24
224 63
225 63
226 -69
227 86
228 -5
229 -1
230 56
231 -42
232 12
233 44
234 -73
235 -19
236 67
237 -24
238 49
239 -86
240 -55
241 94
242 -28
243 99
244 31
245 -64
246 5
247 6
248 -1
249 -76
250 -77
251 -17
252 -36
253 6
254 1
255 -54
256 -36
257 8
258 63
259 -74
260 79
261 -66
262 30
263 -67
264 -46
265 -87
266 -46
267 -82
268 -31
269 -82
270 55
271 37
272 41
273 90
274 90
275 -93
276 83
277 -16
278 62
279 -33
280 -49
281 48
282 99
283 -78
284 -44
285 9
286 -30
287 48
288 -91
289 4
290 -54
291 70
292 34
293 -3
294 47
295 90
296 66
297 82
298 9
299 -85
300 27
301 -75
302 73
303 66
304 62
305 -91
306 -47
307 27
308 -27
309 -12
310 -35
311 -83
312 28
313 -55
314 12
315 -98
316 86
317 -54
318 -17
319 -20
320 88
321 -44
322 -88
323 92
324 21
325 -99
326 -8
327 30
328 9
329 -42
330 91
331 -95
332 8
333 23
334 -6
335 82
336 11
337 -45
338 45
339 12
340 -67
341 91
342 10
343 14
344 8
345 -13
346 -29
347 -14
348 -29
349 51
350 -62
351 -50
352 -88
353 51
354 17
355 31
356 93
357 82
358 73
359 -12
360 44
361 53
362 -8
363 57
364 -54
365 26
366 -72
367 80
368 39
369 83
370 56
371 54
372 -91
373 -37
374 74
375 49
376 12
377 -54
378 -31
379 29
380 30
381 32
382 -82
383 20
384 -51
385 -78
386 -94
387 -96
388 52
389 51
390 46
391 0
392 -40
393 11
394 -99
395 50
396 49
397 98
398 -66
399 -45
400 -85
401 29
402 -76
403 72
404 -82
405 52
406 98
407 54
408 -10
409 77
410 -84
411 -9
412 96
413 84
414 -74
415 -41
416 43
417 98
418 -80
419 39
420 -23
421 75
422 -87
423 -26
424 3
425 -21
426 20
427 84
428 0
429 63
430 -72
431 29
432 53
433 -44
434 -90
435 99
436 60
437 -17
438 -78
439 9
440 -32
441 -22
442 -57
443 -2
444 83
445 -24
446 38
447 -5
448 70
449 0
450 -62
451 7
452 -61
453 3
454 -50
455 19
456 98
457 59
458 70
459 5
460 -31
461 -91
462 79
463 -17
464 -80
465 14
466 -82
467 -99
468 -81
469 8
470 7
471 -7
472 89
473 19
474 42
475 -24
476 -37
477 -92
478 43
479 -87
480 52
481 -48
482 -28
483 -95
484 80
485 46
486 -65
487 54
488 -83
489 25
490 13
491 92
492 65
493 -66
494 -96
495 -84
496 -28
497 82
498 95
499 61
500 43
501 -56
502 40
503 25
504 93
505 39
506 -77
507 56
508 -97
509 -77
510 6
511 93
