0 1
1.9961 0
3.9922 1
5.9883 0
7.98441 1
9.98051 0
11.9766 1
13.9727 0
15.9688 1
17.9649 0
19.961 1
21.9571 0
23.9532 1
25.9493 0
27.9454 1
29.9415 0
31.9376 1
33.9337 0
35.9298 1
37.9259 0
39.922 1
41.9181 0
43.9142 1
45.9103 0
47.9064 1
49.9025 0
51.8986 1
53.8947 0
55.8908 1
57.8869 0
59.883 1
61.8791 0
63.8752 1
65.8713 0
67.8674 1
69.8635 0
71.8596 1
73.8558 0
75.8519 1
77.848 0
79.8441 1
81.8402 0
83.8363 1
85.8324 0
87.8285 1
89.8246 0
91.8207 1
93.8168 0
95.8129 1
97.809 0
99.8051 1
101.801 0
103.797 1
105.793 0
107.789 1
109.786 0
111.782 1
113.778 0
115.774 1
117.77 0
119.766 1
121.762 0
123.758 1
125.754 0
127.75 1
129.747 0
131.743 1
133.739 0
135.735 1
137.731 0
139.727 1
141.723 0
143.719 1
145.715 0
147.712 1
149.708 0
151.704 1
153.7 0
155.696 1
157.692 0
159.688 1
161.684 0
163.68 1
165.676 0
167.673 1
169.669 0
171.665 1
173.661 0
175.657 1
177.653 0
179.649 1
181.645 0
183.641 1
185.637 0
187.634 1
189.63 0
191.626 1
193.622 0
195.618 1
197.614 0
199.61 1
201.606 0
203.602 1
205.598 0
207.595 1
209.591 0
211.587 1
213.583 0
215.579 1
217.575 0
219.571 1
221.567 0
223.563 1
225.559 0
227.556 1
229.552 0
231.548 1
233.544 0
235.54 1
237.536 0
239.532 1
241.528 0
243.524 1
245.52 0
247.517 1
249.513 0
251.509 1
253.505 0
255.501 1
257.497 0
259.493 1
261.489 0
263.485 1
265.481 0
267.478 1
269.474 0
271.47 1
273.466 0
275.462 1
277.458 0
279.454 1
281.45 0
283.446 1
285.442 0
287.439 1
289.435 0
291.431 1
293.427 0
295.423 1
297.419 0
299.415 1
301.411 0
303.407 1
305.404 0
307.4 1
309.396 0
311.392 1
313.388 0
315.384 1
317.38 0
319.376 1
321.372 0
323.368 1
325.365 0
327.361 1
329.357 0
331.353 1
333.349 0
335.345 1
337.341 0
339.337 1
341.333 0
343.329 1
345.326 0
347.322 1
349.318 0
351.314 1
353.31 0
355.306 1
357.302 0
359.298 1
361.294 0
363.29 1
365.287 0
367.283 1
369.279 0
371.275 1
373.271 0
375.267 1
377.263 0
379.259 1
381.255 0
383.251 1
385.248 0
387.244 1
389.24 0
391.236 1
393.232 0
395.228 1
397.224 0
399.22 1
401.216 0
403.212 1
405.209 0
407.205 1
409.201 0
411.197 1
413.193 0
415.189 1
417.185 0
419.181 1
421.177 0
423.173 1
425.17 0
427.166 1
429.162 0
431.158 1
433.154 0
435.15 1
437.146 0
439.142 1
441.138 0
443.135 1
445.131 0
447.127 1
449.123 0
451.119 1
453.115 0
455.111 1
457.107 0
459.103 1
461.099 0
463.096 1
465.092 0
467.088 1
469.084 0
471.08 1
473.076 0
475.072 1
477.068 0
479.064 1
481.06 0
483.057 1
485.053 0
487.049 1
489.045 0
491.041 1
493.037 0
495.033 1
497.029 0
499.025 1
501.021 0
503.018 1
505.014 0
507.01 1
509.006 0
511.002 1
512.998 0
514.994 1
516.99 0
518.986 1
520.982 0
522.979 1
524.975 0
526.971 1
528.967 0
530.963 1
532.959 0
534.955 1
536.951 0
538.947 1
540.943 0
542.94 1
544.936 0
546.932 1
548.928 0
550.924 1
552.92 0
554.916 1
556.912 0
558.908 1
560.904 0
562.901 1
564.897 0
566.893 1
568.889 0
570.885 1
572.881 0
574.877 1
576.873 0
578.869 1
580.865 0
582.862 1
584.858 0
586.854 1
588.85 0
590.846 1
592.842 0
594.838 1
596.834 0
598.83 1
600.827 0
602.823 1
604.819 0
606.815 1
608.811 0
610.807 1
612.803 0
614.799 1
616.795 0
618.791 1
620.788 0
622.784 1
624.78 0
626.776 1
628.772 0
630.768 1
632.764 0
634.76 1
636.756 0
638.752 1
640.749 0
642.745 1
644.741 0
646.737 1
648.733 0
650.729 1
652.725 0
654.721 1
656.717 0
658.713 1
660.71 0
662.706 1
664.702 0
666.698 1
668.694 0
670.69 1
672.686 0
674.682 1
676.678 0
678.674 1
680.671 0
682.667 1
684.663 0
686.659 1
688.655 0
690.651 1
692.647 0
694.643 1
696.639 0
698.635 1
700.632 0
702.628 1
704.624 0
706.62 1
708.616 0
710.612 1
712.608 0
714.604 1
716.6 0
718.596 1
720.593 0
722.589 1
724.585 0
726.581 1
728.577 0
730.573 1
732.569 0
734.565 1
736.561 0
738.558 1
740.554 0
742.55 1
744.546 0
746.542 1
748.538 0
750.534 1
752.53 0
754.526 1
756.522 0
758.519 1
760.515 0
762.511 1
764.507 0
766.503 1
768.499 0
770.495 1
772.491 0
774.487 1
776.483 0
778.48 1
780.476 0
782.472 1
784.468 0
786.464 1
788.46 0
790.456 1
792.452 0
794.448 1
796.444 0
798.441 1
800.437 0
802.433 1
804.429 0
806.425 1
808.421 0
810.417 1
812.413 0
814.409 1
816.405 0
818.402 1
820.398 0
822.394 1
824.39 0
826.386 1
828.382 0
830.378 1
832.374 0
834.37 1
836.366 0
838.363 1
840.359 0
842.355 1
844.351 0
846.347 1
848.343 0
850.339 1
852.335 0
854.331 1
856.327 0
858.324 1
860.32 0
862.316 1
864.312 0
866.308 1
868.304 0
870.3 1
872.296 0
874.292 1
876.288 0
878.285 1
880.281 0
882.277 1
884.273 0
886.269 1
888.265 0
890.261 1
892.257 0
894.253 1
896.25 0
898.246 1
900.242 0
902.238 1
904.234 0
906.23 1
908.226 0
910.222 1
912.218 0
914.214 1
916.211 0
918.207 1
920.203 0
922.199 1
924.195 0
926.191 1
928.187 0
930.183 1
932.179 0
934.175 1
936.172 0
938.168 1
940.164 0
942.16 1
944.156 0
946.152 1
948.148 0
950.144 1
952.14 0
954.136 1
956.133 0
958.129 1
960.125 0
962.121 1
964.117 0
966.113 1
968.109 0
970.105 1
972.101 0
974.097 1
976.094 0
978.09 1
980.086 0
982.082 1
984.078 0
986.074 1
988.07 0
990.066 1
992.062 0
994.058 1
996.055 0
998.051 1
1000.05 0
1002.04 1
1004.04 0
1006.04 1
1008.03 0
1010.03 1
1012.02 0
1014.02 1
1016.02 0
1018.01 1
1020.01 0
1022 1
