0 0
7.87692 1
15.7538 0
23.6308 1
31.5077 0
39.3846 1
47.2615 0
55.1385 1
63.0154 0
70.8923 1
78.7692 0
86.6462 1
94.5231 0
102.4 1
110.277 0
118.154 1
126.031 0
133.908 1
141.785 0
149.662 1
157.538 0
165.415 1
173.292 0
181.169 1
189.046 0
196.923 1
204.8 0
212.677 1
220.554 0
228.431 1
236.308 0
244.185 1
252.062 0
259.938 1
267.815 0
275.692 1
283.569 0
291.446 1
299.323 0
307.2 1
315.077 0
322.954 1
330.831 0
338.708 1
346.585 0
354.462 1
362.338 0
370.215 1
378.092 0
385.969 1
393.846 0
401.723 1
409.6 0
417.477 1
425.354 0
433.231 1
441.108 0
448.985 1
456.862 0
464.738 1
472.615 0
480.492 1
488.369 0
496.246 1
504.123 0
512 1
