0 0
0.984615 1
1.96923 0
2.95385 1
3.93846 0
4.92308 1
5.90769 0
6.89231 1
7.87692 0
8.86154 1
9.84615 0
10.8308 1
11.8154 0
12.8 1
13.7846 0
14.7692 1
15.7538 0
16.7385 1
17.7231 0
18.7077 1
19.6923 0
20.6769 1
21.6615 0
22.6462 1
23.6308 0
24.6154 1
25.6 0
26.5846 1
27.5692 0
28.5538 1
29.5385 0
30.5231 1
31.5077 0
32.4923 1
33.4769 0
34.4615 1
35.4462 0
36.4308 1
37.4154 0
38.4 1
39.3846 0
40.3692 1
41.3538 0
42.3385 1
43.3231 0
44.3077 1
45.2923 0
46.2769 1
47.2615 0
48.2462 1
49.2308 0
50.2154 1
51.2 0
52.1846 1
53.1692 0
54.1538 1
55.1385 0
56.1231 1
57.1077 0
58.0923 1
59.0769 0
60.0615 1
61.0462 0
62.0308 1
63.0154 0
64 1
