32000 1000 1000 1 1 4 0.000166707
32000 1000 1000 1 2 6 0.000170221
32000 1000 1000 1 4 10 0.000187379
32000 1000 1000 1 8 18 0.000611609
32000 1000 1000 1 16 33 0.00113418
32000 1000 1000 1 32 66 0.00246824
32000 1000 1000 2 2 8 0.000280551
32000 1000 1000 2 4 12 0.000225799
32000 1000 1000 2 8 20 0.00080653
32000 1000 1000 2 16 36 0.00132543
32000 1000 1000 2 32 70 0.00262608
32000 1000 1000 4 4 16 0.000258348
32000 1000 1000 4 8 24 0.000998139
32000 1000 1000 4 16 40 0.0016191
32000 1000 1000 4 32 74 0.00285918
32000 1000 1000 8 8 32 0.00132786
32000 1000 1000 8 16 48 0.00190638
32000 1000 1000 8 32 82 0.00354574
32000 1000 1000 16 16 64 0.0031679
32000 1000 1000 16 32 98 0.00441348
32000 1000 1000 32 32 67 0.00253735
32000 1000 2000 1 1 4 0.00015914
32000 1000 2000 1 2 6 0.000213558
32000 1000 2000 1 4 10 0.000192702
32000 1000 2000 1 8 18 0.00032935
32000 1000 2000 1 16 34 0.000609793
32000 1000 2000 2 2 8 0.000329379
32000 1000 2000 2 4 12 0.000266942
32000 1000 2000 2 8 20 0.000349368
32000 1000 2000 2 16 36 0.000583291
32000 1000 2000 4 4 16 0.000236562
32000 1000 2000 4 8 24 0.000366991
32000 1000 2000 4 16 40 0.000644423
32000 1000 2000 8 8 32 0.000443469
32000 1000 2000 8 16 48 0.00073966
32000 1000 2000 16 16 64 0.00102385
32000 1000 4000 1 1 4 5.42439e-05
32000 1000 4000 1 2 6 0.000234228
32000 1000 4000 1 4 10 0.000394064
32000 1000 4000 2 2 8 0.000317313
32000 1000 4000 2 4 12 0.000436101
32000 1000 4000 4 4 16 0.00063844
32000 1000 8000 1 1 4 0.000165493
32000 1000 8000 1 2 6 0.000150329
32000 1000 8000 2 2 8 0.000161389
32000 2000 1000 1 1 4 4.90242e-05
32000 2000 1000 1 2 6 0.000274705
32000 2000 1000 1 4 10 0.000371429
32000 2000 1000 1 8 18 0.000365649
32000 2000 1000 1 16 33 0.000602583
32000 2000 1000 1 32 66 0.0025932
32000 2000 1000 2 2 8 0.000395508
32000 2000 1000 2 4 12 0.000443249
32000 2000 1000 2 8 20 0.000426162
32000 2000 1000 2 16 36 0.000736767
32000 2000 1000 2 32 70 0.00255583
32000 2000 1000 4 4 16 0.000540816
32000 2000 1000 4 8 24 0.0004032
32000 2000 1000 4 16 40 0.000705503
32000 2000 1000 4 32 74 0.00343502
32000 2000 1000 8 8 32 0.000749667
32000 2000 1000 8 16 48 0.00112657
32000 2000 1000 8 32 82 0.00361363
32000 2000 1000 16 16 63 0.00178744
32000 2000 1000 16 32 97 0.00522703
32000 2000 1000 32 32 68 0.00312768
32000 2000 2000 1 1 4 0.000198926
32000 2000 2000 1 2 6 0.000195041
32000 2000 2000 1 4 10 0.000229201
32000 2000 2000 1 8 17 0.000332599
32000 2000 2000 1 16 32 0.00114225
32000 2000 2000 2 2 8 0.000340695
32000 2000 2000 2 4 12 0.000276443
32000 2000 2000 2 8 20 0.000481949
32000 2000 2000 2 16 36 0.00139735
32000 2000 2000 4 4 16 0.000270905
32000 2000 2000 4 8 24 0.000399014
32000 2000 2000 4 16 40 0.0016207
32000 2000 2000 8 8 32 0.000662158
32000 2000 2000 8 16 48 0.00209798
32000 2000 2000 16 16 48 0.00204668
32000 2000 4000 1 1 4 0.000181265
32000 2000 4000 1 2 6 0.000240876
32000 2000 4000 1 4 10 0.000392048
32000 2000 4000 1 8 18 0.000679981
32000 2000 4000 2 2 8 0.000282664
32000 2000 4000 2 4 12 0.000420653
32000 2000 4000 2 8 20 0.000701078
32000 2000 4000 4 4 16 0.000613778
32000 2000 4000 4 8 24 0.000901152
32000 2000 4000 8 8 32 0.00131022
32000 2000 8000 1 1 4 6.59735e-05
32000 2000 8000 1 2 6 0.000245795
32000 2000 8000 2 2 8 0.000330077
32000 4000 1000 1 1 4 5.36114e-05
32000 4000 1000 1 2 6 0.000299532
32000 4000 1000 1 4 10 0.000335353
32000 4000 1000 1 8 18 0.000464852
32000 4000 1000 1 16 33 0.000700836
32000 4000 1000 1 32 66 0.00125682
32000 4000 1000 2 2 8 0.000336053
32000 4000 1000 2 4 12 0.000293145
32000 4000 1000 2 8 20 0.000404004
32000 4000 1000 2 16 36 0.000704992
32000 4000 1000 2 32 70 0.00132785
32000 4000 1000 4 4 16 0.000674569
32000 4000 1000 4 8 24 0.000580516
32000 4000 1000 4 16 40 0.000944126
32000 4000 1000 4 32 74 0.00169485
32000 4000 1000 8 8 31 0.00101942
32000 4000 1000 8 16 47 0.00152657
32000 4000 1000 8 32 81 0.00221001
32000 4000 1000 16 16 61 0.00354614
32000 4000 1000 16 32 95 0.00506931
32000 4000 1000 32 32 70 0.00321082
32000 4000 2000 1 1 4 5.47973e-05
32000 4000 2000 1 2 6 0.000116922
32000 4000 2000 1 4 10 0.000237204
32000 4000 2000 1 8 17 0.000586991
32000 4000 2000 1 16 32 0.000676717
32000 4000 2000 2 2 8 0.000138733
32000 4000 2000 2 4 12 0.000264157
32000 4000 2000 2 8 20 0.000753077
32000 4000 2000 2 16 36 0.000748675
32000 4000 2000 4 4 16 0.000389741
32000 4000 2000 4 8 24 0.00109128
32000 4000 2000 4 16 40 0.000994648
32000 4000 2000 8 8 31 0.00163195
32000 4000 2000 8 16 47 0.0014234
32000 4000 2000 16 16 48 0.00158689
32000 4000 4000 1 1 4 5.43728e-05
32000 4000 4000 1 2 6 0.00011105
32000 4000 4000 1 4 9 0.000318003
32000 4000 4000 1 8 16 0.000332942
32000 4000 4000 2 2 8 0.000126564
32000 4000 4000 2 4 12 0.000481697
32000 4000 4000 2 8 20 0.00039895
32000 4000 4000 4 4 16 0.000704989
32000 4000 4000 4 8 24 0.000556107
32000 4000 4000 8 8 24 0.000544406
32000 4000 8000 1 1 4 0.000175906
32000 4000 8000 1 2 6 0.000146571
32000 4000 8000 1 4 10 0.000211178
32000 4000 8000 2 2 8 0.000169194
32000 4000 8000 2 4 12 0.000232776
32000 4000 8000 4 4 16 0.000299255
32000 8000 1000 1 1 4 0.000255005
32000 8000 1000 1 2 6 0.00037793
32000 8000 1000 1 4 10 0.000690749
32000 8000 1000 1 8 18 0.000823632
32000 8000 1000 1 16 33 0.00082372
32000 8000 1000 1 32 66 0.00237946
32000 8000 1000 2 2 8 0.00055662
32000 8000 1000 2 4 12 0.001214
32000 8000 1000 2 8 20 0.00198838
32000 8000 1000 2 16 36 0.00102665
32000 8000 1000 2 32 70 0.00254616
32000 8000 1000 4 4 15 0.00179613
32000 8000 1000 4 8 23 0.00249175
32000 8000 1000 4 16 39 0.00132024
32000 8000 1000 4 32 73 0.00357272
32000 8000 1000 8 8 30 0.00377037
32000 8000 1000 8 16 46 0.00264558
32000 8000 1000 8 32 80 0.00555095
32000 8000 1000 16 16 57 0.0081691
32000 8000 1000 16 32 91 0.013177
32000 8000 1000 32 32 74 0.00924336
32000 8000 2000 1 1 4 0.000200117
32000 8000 2000 1 2 6 0.00025981
32000 8000 2000 1 4 10 0.000417491
32000 8000 2000 1 8 17 0.000562008
32000 8000 2000 1 16 32 0.00109272
32000 8000 2000 2 2 8 0.000347318
32000 8000 2000 2 4 12 0.000776702
32000 8000 2000 2 8 20 0.000735003
32000 8000 2000 2 16 36 0.00142364
32000 8000 2000 4 4 15 0.00119491
32000 8000 2000 4 8 23 0.0011521
32000 8000 2000 4 16 39 0.00205066
32000 8000 2000 8 8 29 0.00234759
32000 8000 2000 8 16 45 0.00310593
32000 8000 2000 16 16 48 0.00403479
32000 8000 4000 1 1 4 0.00027152
32000 8000 4000 1 2 6 0.000386189
32000 8000 4000 1 4 9 0.000272861
32000 8000 4000 1 8 16 0.000570519
32000 8000 4000 2 2 8 0.000647258
32000 8000 4000 2 4 12 0.00031594
32000 8000 4000 2 8 20 0.000825688
32000 8000 4000 4 4 15 0.000526288
32000 8000 4000 4 8 23 0.00116666
32000 8000 4000 8 8 24 0.00136728
32000 8000 8000 1 1 4 0.000200564
32000 8000 8000 1 2 5 0.000193649
32000 8000 8000 1 4 8 0.000303543
32000 8000 8000 2 2 8 0.000298386
32000 8000 8000 2 4 12 0.000519837
32000 8000 8000 4 4 12 0.000523298
64000 1000 1000 1 1 4 0.000164942
64000 1000 1000 1 2 6 0.000107857
64000 1000 1000 1 4 10 0.000387894
64000 1000 1000 1 8 18 0.000690762
64000 1000 1000 1 16 34 0.00120618
64000 1000 1000 1 32 67 0.00129201
64000 1000 1000 1 64 130 0.00253406
64000 1000 1000 2 2 8 0.000125296
64000 1000 1000 2 4 12 0.000452076
64000 1000 1000 2 8 20 0.000776047
64000 1000 1000 2 16 36 0.00129429
64000 1000 1000 2 32 70 0.00118041
64000 1000 1000 2 64 134 0.00267507
64000 1000 1000 4 4 16 0.000627398
64000 1000 1000 4 8 24 0.0009624
64000 1000 1000 4 16 40 0.00155255
64000 1000 1000 4 32 74 0.00129696
64000 1000 1000 4 64 138 0.00262374
64000 1000 1000 8 8 32 0.00137835
64000 1000 1000 8 16 48 0.00213204
64000 1000 1000 8 32 82 0.00150695
64000 1000 1000 8 64 146 0.00299472
64000 1000 1000 16 16 64 0.00284106
64000 1000 1000 16 32 98 0.00168966
64000 1000 1000 16 64 162 0.00332142
64000 1000 1000 32 32 132 0.00292942
64000 1000 1000 32 64 195 0.00456079
64000 1000 1000 64 64 131 0.002894
64000 1000 2000 1 1 4 0.000152499
64000 1000 2000 1 2 6 0.000127165
64000 1000 2000 1 4 10 0.000183016
64000 1000 2000 1 8 18 0.000349243
64000 1000 2000 1 16 34 0.00128526
64000 1000 2000 1 32 68 0.00132801
64000 1000 2000 2 2 8 0.000169984
64000 1000 2000 2 4 12 0.000248945
64000 1000 2000 2 8 20 0.000414563
64000 1000 2000 2 16 36 0.00147532
64000 1000 2000 2 32 70 0.00128405
64000 1000 2000 4 4 16 0.000261552
64000 1000 2000 4 8 24 0.000425296
64000 1000 2000 4 16 40 0.00193553
64000 1000 2000 4 32 74 0.00136558
64000 1000 2000 8 8 32 0.000511974
64000 1000 2000 8 16 48 0.00193698
64000 1000 2000 8 32 82 0.00135386
64000 1000 2000 16 16 64 0.00295193
64000 1000 2000 16 32 98 0.00162923
64000 1000 2000 32 32 132 0.0019735
64000 1000 4000 1 1 4 5.2694e-05
64000 1000 4000 1 2 6 0.000234785
64000 1000 4000 1 4 10 0.000195414
64000 1000 4000 1 8 18 0.000591152
64000 1000 4000 2 2 8 0.000305883
64000 1000 4000 2 4 12 0.000214938
64000 1000 4000 2 8 20 0.000761415
64000 1000 4000 4 4 16 0.000283495
64000 1000 4000 4 8 24 0.000990637
64000 1000 4000 8 8 32 0.00137888
64000 1000 8000 1 1 4 0.000170271
64000 1000 8000 1 2 6 0.000226376
64000 1000 8000 1 4 10 0.000374305
64000 1000 8000 2 2 8 0.000314031
64000 1000 8000 2 4 12 0.000472943
64000 1000 8000 4 4 16 0.000636563
64000 2000 1000 1 1 4 0.000153805
64000 2000 1000 1 2 6 0.000119659
64000 2000 1000 1 4 10 0.000290296
64000 2000 1000 1 8 18 0.00055451
64000 2000 1000 1 16 34 0.000693506
64000 2000 1000 1 32 67 0.00121407
64000 2000 1000 1 64 130 0.00259654
64000 2000 1000 2 2 8 0.000156651
64000 2000 1000 2 4 12 0.000383438
64000 2000 1000 2 8 20 0.000708547
64000 2000 1000 2 16 36 0.000705937
64000 2000 1000 2 32 70 0.00134369
64000 2000 1000 2 64 134 0.00268461
64000 2000 1000 4 4 16 0.000605973
64000 2000 1000 4 8 24 0.000919565
64000 2000 1000 4 16 40 0.000757957
64000 2000 1000 4 32 74 0.00137673
64000 2000 1000 4 64 138 0.00274897
64000 2000 1000 8 8 32 0.00132572
64000 2000 1000 8 16 48 0.000912795
64000 2000 1000 8 32 82 0.0014427
64000 2000 1000 8 64 146 0.00281424
64000 2000 1000 16 16 64 0.00127676
64000 2000 1000 16 32 98 0.00203488
64000 2000 1000 16 64 162 0.00361379
64000 2000 1000 32 32 131 0.00408741
64000 2000 1000 32 64 194 0.00576049
64000 2000 1000 64 64 132 0.00367792
64000 2000 2000 1 1 4 4.98614e-05
64000 2000 2000 1 2 6 0.000181407
64000 2000 2000 1 4 10 0.000353358
64000 2000 2000 1 8 18 0.00033619
64000 2000 2000 1 16 33 0.000621182
64000 2000 2000 1 32 66 0.00121202
64000 2000 2000 2 2 8 0.000294439
64000 2000 2000 2 4 12 0.000465877
64000 2000 2000 2 8 20 0.000378837
64000 2000 2000 2 16 36 0.000671569
64000 2000 2000 2 32 70 0.00136294
64000 2000 2000 4 4 16 0.000621482
64000 2000 2000 4 8 24 0.000422573
64000 2000 2000 4 16 40 0.000660086
64000 2000 2000 4 32 74 0.00140847
64000 2000 2000 8 8 32 0.000511664
64000 2000 2000 8 16 48 0.000738114
64000 2000 2000 8 32 82 0.00146049
64000 2000 2000 16 16 64 0.00127407
64000 2000 2000 16 32 98 0.00193396
64000 2000 2000 32 32 67 0.00150226
64000 2000 4000 1 1 4 5.35259e-05
64000 2000 4000 1 2 6 0.000225534
64000 2000 4000 1 4 10 0.00020473
64000 2000 4000 1 8 18 0.000664649
64000 2000 4000 1 16 34 0.00133822
64000 2000 4000 2 2 8 0.000356487
64000 2000 4000 2 4 12 0.000260593
64000 2000 4000 2 8 20 0.000811184
64000 2000 4000 2 16 36 0.00151204
64000 2000 4000 4 4 16 0.00026841
64000 2000 4000 4 8 24 0.000968533
64000 2000 4000 4 16 40 0.00161684
64000 2000 4000 8 8 32 0.00144194
64000 2000 4000 8 16 48 0.00187923
64000 2000 4000 16 16 64 0.00278169
64000 2000 8000 1 1 4 0.000168319
64000 2000 8000 1 2 6 0.000140436
64000 2000 8000 1 4 10 0.000366388
64000 2000 8000 2 2 8 0.000157543
64000 2000 8000 2 4 12 0.000474062
64000 2000 8000 4 4 16 0.000662305
64000 4000 1000 1 1 4 5.10255e-05
64000 4000 1000 1 2 6 0.000282
64000 4000 1000 1 4 10 0.000314845
64000 4000 1000 1 8 18 0.000589967
64000 4000 1000 1 16 34 0.00120695
64000 4000 1000 1 32 67 0.00250636
64000 4000 1000 1 64 130 0.0026246
64000 4000 1000 2 2 8 0.000387845
64000 4000 1000 2 4 12 0.000309636
64000 4000 1000 2 8 20 0.000632242
64000 4000 1000 2 16 36 0.00124825
64000 4000 1000 2 32 70 0.00263938
64000 4000 1000 2 64 134 0.00265307
64000 4000 1000 4 4 16 0.000320999
64000 4000 1000 4 8 24 0.000803598
64000 4000 1000 4 16 40 0.00153627
64000 4000 1000 4 32 74 0.00304378
64000 4000 1000 4 64 138 0.00287281
64000 4000 1000 8 8 32 0.0013495
64000 4000 1000 8 16 48 0.00205489
64000 4000 1000 8 32 82 0.00334665
64000 4000 1000 8 64 146 0.00333973
64000 4000 1000 16 16 63 0.00353402
64000 4000 1000 16 32 97 0.0054069
64000 4000 1000 16 64 161 0.00476816
64000 4000 1000 32 32 129 0.0107807
64000 4000 1000 32 64 192 0.0105123
64000 4000 1000 64 64 134 0.00635074
64000 4000 2000 1 1 4 5.6615e-05
64000 4000 2000 1 2 6 0.000125183
64000 4000 2000 1 4 10 0.000317229
64000 4000 2000 1 8 18 0.000386353
64000 4000 2000 1 16 33 0.000651389
64000 4000 2000 1 32 66 0.00249714
64000 4000 2000 2 2 8 0.000140752
64000 4000 2000 2 4 12 0.000438432
64000 4000 2000 2 8 20 0.000376474
64000 4000 2000 2 16 36 0.000739714
64000 4000 2000 2 32 70 0.00263501
64000 4000 2000 4 4 16 0.000639052
64000 4000 2000 4 8 24 0.000467876
64000 4000 2000 4 16 40 0.000873265
64000 4000 2000 4 32 74 0.00312103
64000 4000 2000 8 8 32 0.000757735
64000 4000 2000 8 16 48 0.00107764
64000 4000 2000 8 32 82 0.00393831
64000 4000 2000 16 16 63 0.00205462
64000 4000 2000 16 32 97 0.00539189
64000 4000 2000 32 32 68 0.00289787
64000 4000 4000 1 1 4 5.08459e-05
64000 4000 4000 1 2 6 0.00016854
64000 4000 4000 1 4 10 0.000340025
64000 4000 4000 1 8 17 0.000552921
64000 4000 4000 1 16 32 0.000605033
64000 4000 4000 2 2 8 0.000275018
64000 4000 4000 2 4 12 0.000471472
64000 4000 4000 2 8 20 0.00081543
64000 4000 4000 2 16 36 0.000765382
64000 4000 4000 4 4 16 0.000609907
64000 4000 4000 4 8 24 0.000925587
64000 4000 4000 4 16 40 0.000698988
64000 4000 4000 8 8 32 0.0013885
64000 4000 4000 8 16 48 0.000970846
64000 4000 4000 16 16 48 0.00101779
64000 4000 8000 1 1 4 0.000165261
64000 4000 8000 1 2 6 0.000227052
64000 4000 8000 1 4 10 0.000194989
64000 4000 8000 1 8 18 0.000332678
64000 4000 8000 2 2 8 0.00030822
64000 4000 8000 2 4 12 0.000229965
64000 4000 8000 2 8 20 0.000389883
64000 4000 8000 4 4 16 0.00027021
64000 4000 8000 4 8 24 0.000382327
64000 4000 8000 8 8 32 0.000453427
64000 8000 1000 1 1 4 4.50427e-05
64000 8000 1000 1 2 6 0.000110634
64000 8000 1000 1 4 10 0.000426509
64000 8000 1000 1 8 18 0.000703993
64000 8000 1000 1 16 34 0.0011503
64000 8000 1000 1 32 67 0.00142503
64000 8000 1000 1 64 130 0.00282558
64000 8000 1000 2 2 8 0.000135567
64000 8000 1000 2 4 12 0.000453046
64000 8000 1000 2 8 20 0.000703663
64000 8000 1000 2 16 36 0.00124701
64000 8000 1000 2 32 70 0.00162308
64000 8000 1000 2 64 134 0.00290027
64000 8000 1000 4 4 16 0.00100121
64000 8000 1000 4 8 24 0.00147005
64000 8000 1000 4 16 40 0.00157916
64000 8000 1000 4 32 74 0.00185632
64000 8000 1000 4 64 138 0.00322662
64000 8000 1000 8 8 31 0.00262214
64000 8000 1000 8 16 47 0.00239452
64000 8000 1000 8 32 81 0.00247657
64000 8000 1000 8 64 145 0.00433951
64000 8000 1000 16 16 62 0.00500716
64000 8000 1000 16 32 96 0.005435
64000 8000 1000 16 64 160 0.00887836
64000 8000 1000 32 32 125 0.0200198
64000 8000 1000 32 64 188 0.0265357
64000 8000 1000 64 64 138 0.0153456
64000 8000 2000 1 1 4 0.000155192
64000 8000 2000 1 2 6 0.000162531
64000 8000 2000 1 4 10 0.00045406
64000 8000 2000 1 8 18 0.000427935
64000 8000 2000 1 16 33 0.000730978
64000 8000 2000 1 32 66 0.00123242
64000 8000 2000 2 2 8 0.000124707
64000 8000 2000 2 4 12 0.000514758
64000 8000 2000 2 8 20 0.000449962
64000 8000 2000 2 16 36 0.000779561
64000 8000 2000 2 32 70 0.00144393
64000 8000 2000 4 4 16 0.00106025
64000 8000 2000 4 8 24 0.000580149
64000 8000 2000 4 16 40 0.00107061
64000 8000 2000 4 32 74 0.00170281
64000 8000 2000 8 8 31 0.00105887
64000 8000 2000 8 16 47 0.0015265
64000 8000 2000 8 32 81 0.00250368
64000 8000 2000 16 16 61 0.00370425
64000 8000 2000 16 32 95 0.0051208
64000 8000 2000 32 32 70 0.00317692
64000 8000 4000 1 1 4 4.92429e-05
64000 8000 4000 1 2 6 0.000270033
64000 8000 4000 1 4 10 0.000237364
64000 8000 4000 1 8 17 0.000599355
64000 8000 4000 1 16 32 0.000682668
64000 8000 4000 2 2 8 0.000376579
64000 8000 4000 2 4 12 0.000268227
64000 8000 4000 2 8 20 0.000721553
64000 8000 4000 2 16 36 0.000717655
64000 8000 4000 4 4 16 0.000402427
64000 8000 4000 4 8 24 0.000967075
64000 8000 4000 4 16 40 0.000937372
64000 8000 4000 8 8 31 0.00169956
64000 8000 4000 8 16 47 0.00136605
64000 8000 4000 16 16 48 0.00155449
64000 8000 8000 1 1 4 0.000172561
64000 8000 8000 1 2 6 0.000164681
64000 8000 8000 1 4 9 0.000305601
64000 8000 8000 1 8 16 0.000321432
64000 8000 8000 2 2 8 0.000299762
64000 8000 8000 2 4 12 0.00049055
64000 8000 8000 2 8 20 0.000373665
64000 8000 8000 4 4 16 0.000698078
64000 8000 8000 4 8 24 0.000562803
64000 8000 8000 8 8 24 0.000560869
128000 1000 1000 1 1 4 5.15065e-05
128000 1000 1000 1 2 6 0.000108613
128000 1000 1000 1 4 10 0.000362225
128000 1000 1000 1 8 18 0.00035071
128000 1000 1000 1 16 34 0.0012977
128000 1000 1000 1 32 68 0.00129244
128000 1000 1000 1 64 131 0.00524477
128000 1000 1000 1 128 256 0.00551865
128000 1000 1000 2 2 8 0.000117993
128000 1000 1000 2 4 12 0.000473057
128000 1000 1000 2 8 20 0.000338699
128000 1000 1000 2 16 36 0.0013841
128000 1000 1000 2 32 70 0.00152209
128000 1000 1000 2 64 134 0.00510558
128000 1000 1000 2 128 260 0.00533808
128000 1000 1000 4 4 16 0.00059221
128000 1000 1000 4 8 24 0.000399867
128000 1000 1000 4 16 40 0.00160039
128000 1000 1000 4 32 74 0.00131409
128000 1000 1000 4 64 138 0.00564127
128000 1000 1000 4 128 264 0.00580476
128000 1000 1000 8 8 32 0.000448306
128000 1000 1000 8 16 48 0.00200873
128000 1000 1000 8 32 82 0.00138353
128000 1000 1000 8 64 146 0.0058229
128000 1000 1000 8 128 272 0.00603502
128000 1000 1000 16 16 64 0.0026974
128000 1000 1000 16 32 98 0.00151557
128000 1000 1000 16 64 162 0.00622461
128000 1000 1000 16 128 288 0.00602707
128000 1000 1000 32 32 132 0.00202912
128000 1000 1000 32 64 196 0.00836315
128000 1000 1000 32 128 321 0.00694181
128000 1000 1000 64 64 260 0.0129482
128000 1000 1000 64 128 385 0.00963952
128000 1000 1000 128 128 384 0.0109329
128000 1000 2000 1 1 4 0.000168718
128000 1000 2000 1 2 6 0.000134481
128000 1000 2000 1 4 10 0.000350004
128000 1000 2000 1 8 18 0.000630367
128000 1000 2000 1 16 34 0.000619932
128000 1000 2000 1 32 68 0.00255688
128000 1000 2000 1 64 132 0.00497371
128000 1000 2000 2 2 8 0.000162677
128000 1000 2000 2 4 12 0.000447156
128000 1000 2000 2 8 20 0.000788768
128000 1000 2000 2 16 36 0.000578365
128000 1000 2000 2 32 70 0.00252252
128000 1000 2000 2 64 134 0.00503334
128000 1000 2000 4 4 16 0.000615495
128000 1000 2000 4 8 24 0.000977008
128000 1000 2000 4 16 40 0.000690144
128000 1000 2000 4 32 74 0.00289065
128000 1000 2000 4 64 138 0.00535898
128000 1000 2000 8 8 32 0.00133493
128000 1000 2000 8 16 48 0.000781658
128000 1000 2000 8 32 82 0.00357967
128000 1000 2000 8 64 146 0.00591272
128000 1000 2000 16 16 64 0.0008978
128000 1000 2000 16 32 98 0.00412672
128000 1000 2000 16 64 162 0.00638542
128000 1000 2000 32 32 132 0.00570629
128000 1000 2000 32 64 196 0.00838828
128000 1000 2000 64 64 260 0.0117708
128000 1000 4000 1 1 4 0.000161847
128000 1000 4000 1 2 6 0.000213399
128000 1000 4000 1 4 10 0.00020014
128000 1000 4000 1 8 18 0.000331796
128000 1000 4000 1 16 34 0.000619265
128000 1000 4000 2 2 8 0.000309076
128000 1000 4000 2 4 12 0.000206761
128000 1000 4000 2 8 20 0.000326895
128000 1000 4000 2 16 36 0.000626389
128000 1000 4000 4 4 16 0.000259453
128000 1000 4000 4 8 24 0.000397991
128000 1000 4000 4 16 40 0.000731369
128000 1000 4000 8 8 32 0.000453095
128000 1000 4000 8 16 48 0.000764149
128000 1000 4000 16 16 64 0.000977675
128000 1000 8000 1 1 4 0.000180284
128000 1000 8000 1 2 6 0.000151759
128000 1000 8000 1 4 10 0.000253059
128000 1000 8000 1 8 18 0.000323246
128000 1000 8000 2 2 8 0.000141196
128000 1000 8000 2 4 12 0.000198259
128000 1000 8000 2 8 20 0.000324883
128000 1000 8000 4 4 16 0.000234822
128000 1000 8000 4 8 24 0.000386724
128000 1000 8000 8 8 32 0.000482444
128000 2000 1000 1 1 4 0.000182661
128000 2000 1000 1 2 6 0.000285045
128000 2000 1000 1 4 10 0.000245034
128000 2000 1000 1 8 18 0.000381764
128000 2000 1000 1 16 34 0.00124544
128000 2000 1000 1 32 68 0.00122549
128000 2000 1000 1 64 131 0.0024886
128000 2000 1000 1 128 256 0.00985125
128000 2000 1000 2 2 8 0.000374512
128000 2000 1000 2 4 12 0.000267665
128000 2000 1000 2 8 20 0.000389785
128000 2000 1000 2 16 36 0.00133862
128000 2000 1000 2 32 70 0.00117968
128000 2000 1000 2 64 134 0.00251032
128000 2000 1000 2 128 260 0.0100386
128000 2000 1000 4 4 16 0.000286185
128000 2000 1000 4 8 24 0.000425906
128000 2000 1000 4 16 40 0.00146639
128000 2000 1000 4 32 74 0.00123647
128000 2000 1000 4 64 138 0.0025383
128000 2000 1000 4 128 264 0.0107509
128000 2000 1000 8 8 32 0.000499365
128000 2000 1000 8 16 48 0.00193694
128000 2000 1000 8 32 82 0.00134949
128000 2000 1000 8 64 146 0.00265946
128000 2000 1000 8 128 272 0.0111575
128000 2000 1000 16 16 64 0.00289268
128000 2000 1000 16 32 98 0.00164394
128000 2000 1000 16 64 162 0.00323791
128000 2000 1000 16 128 288 0.0123224
128000 2000 1000 32 32 132 0.00267355
128000 2000 1000 32 64 196 0.00435693
128000 2000 1000 32 128 321 0.0148763
128000 2000 1000 64 64 259 0.00836568
128000 2000 1000 64 128 384 0.0217346
128000 2000 1000 128 128 384 0.0236035
128000 2000 2000 1 1 4 5.24603e-05
128000 2000 2000 1 2 6 0.000174294
128000 2000 2000 1 4 10 0.000351488
128000 2000 2000 1 8 18 0.000659229
128000 2000 2000 1 16 34 0.000625664
128000 2000 2000 1 32 67 0.0025686
128000 2000 2000 1 64 130 0.00235905
128000 2000 2000 2 2 8 0.000259489
128000 2000 2000 2 4 12 0.000446529
128000 2000 2000 2 8 20 0.000750261
128000 2000 2000 2 16 36 0.000645933
128000 2000 2000 2 32 70 0.0026082
128000 2000 2000 2 64 134 0.00237522
128000 2000 2000 4 4 16 0.000606002
128000 2000 2000 4 8 24 0.000945279
128000 2000 2000 4 16 40 0.000690967
128000 2000 2000 4 32 74 0.00285735
128000 2000 2000 4 64 138 0.00249469
128000 2000 2000 8 8 32 0.00129128
128000 2000 2000 8 16 48 0.000800543
128000 2000 2000 8 32 82 0.00340818
128000 2000 2000 8 64 146 0.00275668
128000 2000 2000 16 16 64 0.000931911
128000 2000 2000 16 32 98 0.00396696
128000 2000 2000 16 64 162 0.00309319
128000 2000 2000 32 32 132 0.00644361
128000 2000 2000 32 64 195 0.00430038
128000 2000 2000 64 64 131 0.00298092
128000 2000 4000 1 1 4 0.000169547
128000 2000 4000 1 2 6 0.000212671
128000 2000 4000 1 4 10 0.000196599
128000 2000 4000 1 8 18 0.00065563
128000 2000 4000 1 16 34 0.000627313
128000 2000 4000 1 32 68 0.00259416
128000 2000 4000 2 2 8 0.000306796
128000 2000 4000 2 4 12 0.000224436
128000 2000 4000 2 8 20 0.000732975
128000 2000 4000 2 16 36 0.000657071
128000 2000 4000 2 32 70 0.00284165
128000 2000 4000 4 4 16 0.000257869
128000 2000 4000 4 8 24 0.000991539
128000 2000 4000 4 16 40 0.000723319
128000 2000 4000 4 32 74 0.00302005
128000 2000 4000 8 8 32 0.00136028
128000 2000 4000 8 16 48 0.000801968
128000 2000 4000 8 32 82 0.00317769
128000 2000 4000 16 16 64 0.00091489
128000 2000 4000 16 32 98 0.00405023
128000 2000 4000 32 32 132 0.00527491
128000 2000 8000 1 1 4 5.10954e-05
128000 2000 8000 1 2 6 0.000137202
128000 2000 8000 1 4 10 0.000342949
128000 2000 8000 1 8 18 0.000642098
128000 2000 8000 2 2 8 0.000154071
128000 2000 8000 2 4 12 0.000453317
128000 2000 8000 2 8 20 0.000749844
128000 2000 8000 4 4 16 0.000665984
128000 2000 8000 4 8 24 0.000872977
128000 2000 8000 8 8 32 0.00137125
128000 4000 1000 1 1 4 0.000171465
128000 4000 1000 1 2 6 0.000137235
128000 4000 1000 1 4 10 0.000472206
128000 4000 1000 1 8 18 0.000581182
128000 4000 1000 1 16 34 0.000747547
128000 4000 1000 1 32 68 0.00227975
128000 4000 1000 1 64 131 0.00260291
128000 4000 1000 1 128 256 0.00559911
128000 4000 1000 2 2 8 0.000133494
128000 4000 1000 2 4 12 0.000531331
128000 4000 1000 2 8 20 0.000663723
128000 4000 1000 2 16 36 0.000717638
128000 4000 1000 2 32 70 0.0026698
128000 4000 1000 2 64 134 0.00255232
128000 4000 1000 2 128 260 0.00558683
128000 4000 1000 4 4 16 0.00072602
128000 4000 1000 4 8 24 0.000839546
128000 4000 1000 4 16 40 0.000682458
128000 4000 1000 4 32 74 0.00275497
128000 4000 1000 4 64 138 0.00276334
128000 4000 1000 4 128 264 0.00593207
128000 4000 1000 8 8 32 0.00122461
128000 4000 1000 8 16 48 0.000775539
128000 4000 1000 8 32 82 0.00319126
128000 4000 1000 8 64 146 0.00297504
128000 4000 1000 8 128 272 0.00649753
128000 4000 1000 16 16 64 0.0018511
128000 4000 1000 16 32 98 0.00443064
128000 4000 1000 16 64 162 0.0036612
128000 4000 1000 16 128 288 0.00715464
128000 4000 1000 32 32 131 0.00740001
128000 4000 1000 32 64 195 0.00640506
128000 4000 1000 32 128 320 0.0104652
128000 4000 1000 64 64 257 0.0161979
128000 4000 1000 64 128 382 0.0227045
128000 4000 1000 128 128 384 0.0251432
128000 4000 2000 1 1 4 5.19707e-05
128000 4000 2000 1 2 6 0.000120788
128000 4000 2000 1 4 10 0.00024577
128000 4000 2000 1 8 18 0.000592244
128000 4000 2000 1 16 34 0.000677426
128000 4000 2000 1 32 67 0.00254992
128000 4000 2000 1 64 130 0.00259135
128000 4000 2000 2 2 8 0.000136753
128000 4000 2000 2 4 12 0.000264255
128000 4000 2000 2 8 20 0.000698496
128000 4000 2000 2 16 36 0.000688637
128000 4000 2000 2 32 70 0.00262444
128000 4000 2000 2 64 134 0.00263928
128000 4000 2000 4 4 16 0.000289462
128000 4000 2000 4 8 24 0.000944079
128000 4000 2000 4 16 40 0.000686661
128000 4000 2000 4 32 74 0.00299216
128000 4000 2000 4 64 138 0.00283647
128000 4000 2000 8 8 32 0.00118263
128000 4000 2000 8 16 48 0.00076588
128000 4000 2000 8 32 82 0.00325599
128000 4000 2000 8 64 146 0.00286743
128000 4000 2000 16 16 64 0.00131369
128000 4000 2000 16 32 98 0.00445028
128000 4000 2000 16 64 162 0.00365463
128000 4000 2000 32 32 131 0.00742421
128000 4000 2000 32 64 194 0.00586706
128000 4000 2000 64 64 132 0.00359151
128000 4000 4000 1 1 4 0.00016458
128000 4000 4000 1 2 6 0.000101479
128000 4000 4000 1 4 10 0.000353541
128000 4000 4000 1 8 18 0.000641936
128000 4000 4000 1 16 33 0.00119818
128000 4000 4000 1 32 66 0.00133952
128000 4000 4000 2 2 8 0.000128186
128000 4000 4000 2 4 12 0.000450613
128000 4000 4000 2 8 20 0.000752048
128000 4000 4000 2 16 36 0.00135908
128000 4000 4000 2 32 70 0.00143215
128000 4000 4000 4 4 16 0.000695954
128000 4000 4000 4 8 24 0.000944778
128000 4000 4000 4 16 40 0.00152964
128000 4000 4000 4 32 74 0.00125265
128000 4000 4000 8 8 32 0.00129257
128000 4000 4000 8 16 48 0.00202055
128000 4000 4000 8 32 82 0.00149583
128000 4000 4000 16 16 64 0.00304705
128000 4000 4000 16 32 98 0.00200996
128000 4000 4000 32 32 67 0.00141048
128000 4000 8000 1 1 4 5.19893e-05
128000 4000 8000 1 2 6 0.000217681
128000 4000 8000 1 4 10 0.000203559
128000 4000 8000 1 8 18 0.000666257
128000 4000 8000 1 16 34 0.000635146
128000 4000 8000 2 2 8 0.00031047
128000 4000 8000 2 4 12 0.000224234
128000 4000 8000 2 8 20 0.000775665
128000 4000 8000 2 16 36 0.000662268
128000 4000 8000 4 4 16 0.000273246
128000 4000 8000 4 8 24 0.00102213
128000 4000 8000 4 16 40 0.000777836
128000 4000 8000 8 8 32 0.0013924
128000 4000 8000 8 16 48 0.000751885
128000 4000 8000 16 16 64 0.000919012
128000 8000 1000 1 1 4 4.79097e-05
128000 8000 1000 1 2 6 0.000274085
128000 8000 1000 1 4 10 0.000620657
128000 8000 1000 1 8 18 0.000644983
128000 8000 1000 1 16 34 0.00110912
128000 8000 1000 1 32 68 0.00251607
128000 8000 1000 1 64 131 0.00459093
128000 8000 1000 1 128 256 0.00570045
128000 8000 1000 2 2 8 0.000361518
128000 8000 1000 2 4 12 0.000724872
128000 8000 1000 2 8 20 0.000682146
128000 8000 1000 2 16 36 0.00130907
128000 8000 1000 2 32 70 0.00264199
128000 8000 1000 2 64 134 0.00522264
128000 8000 1000 2 128 260 0.0058031
128000 8000 1000 4 4 16 0.000903466
128000 8000 1000 4 8 24 0.000707703
128000 8000 1000 4 16 40 0.00137073
128000 8000 1000 4 32 74 0.00255821
128000 8000 1000 4 64 138 0.00501246
128000 8000 1000 4 128 264 0.00614511
128000 8000 1000 8 8 32 0.00115033
128000 8000 1000 8 16 48 0.00194561
128000 8000 1000 8 32 82 0.00357785
128000 8000 1000 8 64 146 0.005746
128000 8000 1000 8 128 272 0.00667233
128000 8000 1000 16 16 63 0.00356167
128000 8000 1000 16 32 97 0.00516656
128000 8000 1000 16 64 161 0.00797894
128000 8000 1000 16 128 287 0.00915008
128000 8000 1000 32 32 130 0.0110001
128000 8000 1000 32 64 194 0.0159423
128000 8000 1000 32 128 319 0.0179643
128000 8000 1000 64 64 253 0.0480196
128000 8000 1000 64 128 378 0.0569378
128000 8000 1000 128 128 384 0.0607808
128000 8000 2000 1 1 4 0.00015752
128000 8000 2000 1 2 6 0.000259951
128000 8000 2000 1 4 10 0.00029441
128000 8000 2000 1 8 18 0.000577838
128000 8000 2000 1 16 34 0.00123923
128000 8000 2000 1 32 67 0.00245032
128000 8000 2000 1 64 130 0.00238079
128000 8000 2000 2 2 8 0.000342848
128000 8000 2000 2 4 12 0.000292738
128000 8000 2000 2 8 20 0.000613633
128000 8000 2000 2 16 36 0.00125692
128000 8000 2000 2 32 70 0.00265478
128000 8000 2000 2 64 134 0.00271077
128000 8000 2000 4 4 16 0.000374688
128000 8000 2000 4 8 24 0.000828029
128000 8000 2000 4 16 40 0.00157244
128000 8000 2000 4 32 74 0.00292307
128000 8000 2000 4 64 138 0.00303873
128000 8000 2000 8 8 32 0.00128702
128000 8000 2000 8 16 48 0.00202769
128000 8000 2000 8 32 82 0.00352029
128000 8000 2000 8 64 146 0.00322797
128000 8000 2000 16 16 63 0.00332165
128000 8000 2000 16 32 97 0.00499305
128000 8000 2000 16 64 161 0.00484782
128000 8000 2000 32 32 129 0.010932
128000 8000 2000 32 64 192 0.0106844
128000 8000 2000 64 64 134 0.00646409
128000 8000 4000 1 1 4 5.55971e-05
128000 8000 4000 1 2 6 0.000272756
128000 8000 4000 1 4 10 0.000229661
128000 8000 4000 1 8 18 0.000412107
128000 8000 4000 1 16 33 0.00128082
128000 8000 4000 1 32 66 0.00119544
128000 8000 4000 2 2 8 0.000350408
128000 8000 4000 2 4 12 0.000247852
128000 8000 4000 2 8 20 0.000374916
128000 8000 4000 2 16 36 0.00121504
128000 8000 4000 2 32 70 0.00121366
128000 8000 4000 4 4 16 0.000265739
128000 8000 4000 4 8 24 0.000411711
128000 8000 4000 4 16 40 0.00161656
128000 8000 4000 4 32 74 0.00143948
128000 8000 4000 8 8 32 0.000715108
128000 8000 4000 8 16 48 0.00206757
128000 8000 4000 8 32 82 0.00181766
128000 8000 4000 16 16 63 0.00351571
128000 8000 4000 16 32 97 0.00290921
128000 8000 4000 32 32 68 0.00183543
128000 8000 8000 1 1 4 0.000151683
128000 8000 8000 1 2 6 0.000168111
128000 8000 8000 1 4 10 0.000195387
128000 8000 8000 1 8 17 0.000310721
128000 8000 8000 1 16 32 0.000580927
128000 8000 8000 2 2 8 0.000266344
128000 8000 8000 2 4 12 0.000209967
128000 8000 8000 2 8 20 0.000352756
128000 8000 8000 2 16 36 0.000632597
128000 8000 8000 4 4 16 0.000245772
128000 8000 8000 4 8 24 0.000402982
128000 8000 8000 4 16 40 0.000696371
128000 8000 8000 8 8 32 0.000633789
128000 8000 8000 8 16 48 0.00101751
128000 8000 8000 16 16 48 0.0010815
