16000 1000 1000 1 1 4 1 0
16000 1000 1000 1 2 6 1 0
16000 1000 1000 1 4 10 1 0
16000 1000 1000 1 8 17 1 0
16000 1000 1000 1 16 32 1 0
16000 1000 1000 2 2 8 1 0
16000 1000 1000 2 4 12 1 0
16000 1000 1000 2 8 20 1 0
16000 1000 1000 2 16 36 1 0
16000 1000 1000 4 4 16 1 0
16000 1000 1000 4 8 24 1 0
16000 1000 1000 4 16 40 1 0
16000 1000 1000 8 8 32 1 0
16000 1000 1000 8 16 48 1 0
16000 1000 1000 16 16 48 1 0
16000 1000 2000 1 1 4 1 0
16000 1000 2000 1 2 6 1 0
16000 1000 2000 1 4 10 1 0
16000 1000 2000 1 8 18 1 0
16000 1000 2000 2 2 8 1 0
16000 1000 2000 2 4 12 1 0
16000 1000 2000 2 8 20 1 0
16000 1000 2000 4 4 16 1 0
16000 1000 2000 4 8 24 1 0
16000 1000 2000 8 8 32 1 0
16000 1000 4000 1 1 4 1 0
16000 1000 4000 1 2 6 1 0
16000 1000 4000 2 2 8 1 0
16000 2000 1000 1 1 4 1 0
16000 2000 1000 1 2 6 1 0
16000 2000 1000 1 4 10 1 0
16000 2000 1000 1 8 17 1 0
16000 2000 1000 1 16 32 1 0
16000 2000 1000 2 2 8 1 0
16000 2000 1000 2 4 12 1 0
16000 2000 1000 2 8 20 1 0
16000 2000 1000 2 16 36 1 0
16000 2000 1000 4 4 16 1 0
16000 2000 1000 4 8 24 1 0
16000 2000 1000 4 16 40 1 0
16000 2000 1000 8 8 31 1 0
16000 2000 1000 8 16 47 1 0
16000 2000 1000 16 16 48 1 0
16000 2000 2000 1 1 4 1 0
16000 2000 2000 1 2 6 1 0
16000 2000 2000 1 4 9 1 0
16000 2000 2000 1 8 16 1 0
16000 2000 2000 2 2 8 1 0
16000 2000 2000 2 4 12 1 0
16000 2000 2000 2 8 20 1 0
16000 2000 2000 4 4 16 1 0
16000 2000 2000 4 8 24 1 0
16000 2000 2000 8 8 24 1 0
16000 2000 4000 1 1 4 1 0
16000 2000 4000 1 2 6 1 0
16000 2000 4000 1 4 10 1 0
16000 2000 4000 2 2 8 1 0
16000 2000 4000 2 4 12 1 0
16000 2000 4000 4 4 16 1 0
16000 4000 1000 1 1 4 1 0
16000 4000 1000 1 2 6 1 0
16000 4000 1000 1 4 10 1 0
16000 4000 1000 1 8 17 1 0
16000 4000 1000 1 16 32 1 0
16000 4000 1000 2 2 8 1 0
16000 4000 1000 2 4 12 1 0
16000 4000 1000 2 8 20 1 0
16000 4000 1000 2 16 36 1 0
16000 4000 1000 4 4 15 1 0
16000 4000 1000 4 8 23 1 0
16000 4000 1000 4 16 39 1 0
16000 4000 1000 8 8 29 1 0
16000 4000 1000 8 16 45 1 0
16000 4000 1000 16 16 48 1 0
16000 4000 2000 1 1 4 1 0
16000 4000 2000 1 2 6 1 0
16000 4000 2000 1 4 9 1 0
16000 4000 2000 1 8 16 1 0
16000 4000 2000 2 2 8 1 0
16000 4000 2000 2 4 12 1 0
16000 4000 2000 2 8 20 1 0
16000 4000 2000 4 4 15 1 0
16000 4000 2000 4 8 23 1 0
16000 4000 2000 8 8 24 1 0
16000 4000 4000 1 1 4 1 0
16000 4000 4000 1 2 5 1 0
16000 4000 4000 1 4 8 1 0
16000 4000 4000 2 2 8 1 0
16000 4000 4000 2 4 12 1 0
16000 4000 4000 4 4 12 1 0
32000 1000 1000 1 1 4 1 0
32000 1000 1000 1 2 6 1 0
32000 1000 1000 1 4 10 1 0
32000 1000 1000 1 8 18 1 0
32000 1000 1000 1 16 33 1 0
32000 1000 1000 1 32 65 1 0
32000 1000 1000 2 2 8 1 0
32000 1000 1000 2 4 12 1 0
32000 1000 1000 2 8 20 1 0
32000 1000 1000 2 16 36 1 0
32000 1000 1000 2 32 69 1 0
32000 1000 1000 4 4 16 1 0
32000 1000 1000 4 8 24 1 0
32000 1000 1000 4 16 40 1 0
32000 1000 1000 4 32 73 1 0
32000 1000 1000 8 8 32 1 0
32000 1000 1000 8 16 48 1 0
32000 1000 1000 8 32 81 1 0
32000 1000 1000 16 16 64 1 0
32000 1000 1000 16 32 97 1 0
32000 1000 1000 32 32 66 1 0
32000 1000 2000 1 1 4 1 0
32000 1000 2000 1 2 6 1 0
32000 1000 2000 1 4 10 1 0
32000 1000 2000 1 8 18 1 0
32000 1000 2000 1 16 34 1 0
32000 1000 2000 2 2 8 1 0
32000 1000 2000 2 4 12 1 0
32000 1000 2000 2 8 20 1 0
32000 1000 2000 2 16 36 1 0
32000 1000 2000 4 4 16 1 0
32000 1000 2000 4 8 24 1 0
32000 1000 2000 4 16 40 1 0
32000 1000 2000 8 8 32 1 0
32000 1000 2000 8 16 48 1 0
32000 1000 2000 16 16 64 1 0
32000 1000 4000 1 1 4 1 0
32000 1000 4000 1 2 6 1 0
32000 1000 4000 1 4 10 1 0
32000 1000 4000 2 2 8 1 0
32000 1000 4000 2 4 12 1 0
32000 1000 4000 4 4 16 1 0
32000 1000 8000 1 1 4 1 0
32000 1000 8000 1 2 6 1 0
32000 1000 8000 2 2 8 1 0
32000 2000 1000 1 1 4 1 0
32000 2000 1000 1 2 6 1 0
32000 2000 1000 1 4 10 1 0
32000 2000 1000 1 8 18 1 0
32000 2000 1000 1 16 33 1 0
32000 2000 1000 1 32 65 1 0
32000 2000 1000 2 2 8 1 0
32000 2000 1000 2 4 12 1 0
32000 2000 1000 2 8 20 1 0
32000 2000 1000 2 16 36 1 0
32000 2000 1000 2 32 69 1 0
32000 2000 1000 4 4 16 1 0
32000 2000 1000 4 8 24 1 0
32000 2000 1000 4 16 40 1 0
32000 2000 1000 4 32 73 1 0
32000 2000 1000 8 8 32 1 0
32000 2000 1000 8 16 48 1 0
32000 2000 1000 8 32 81 1 0
32000 2000 1000 16 16 63 1 0
32000 2000 1000 16 32 96 1 0
32000 2000 1000 32 32 67 1 0
32000 2000 2000 1 1 4 1 0
32000 2000 2000 1 2 6 1 0
32000 2000 2000 1 4 10 1 0
32000 2000 2000 1 8 17 1 0
32000 2000 2000 1 16 32 1 0
32000 2000 2000 2 2 8 1 0
32000 2000 2000 2 4 12 1 0
32000 2000 2000 2 8 20 1 0
32000 2000 2000 2 16 36 1 0
32000 2000 2000 4 4 16 1 0
32000 2000 2000 4 8 24 1 0
32000 2000 2000 4 16 40 1 0
32000 2000 2000 8 8 32 1 0
32000 2000 2000 8 16 48 1 0
32000 2000 2000 16 16 48 1 0
32000 2000 4000 1 1 4 1 0
32000 2000 4000 1 2 6 1 0
32000 2000 4000 1 4 10 1 0
32000 2000 4000 1 8 18 1 0
32000 2000 4000 2 2 8 1 0
32000 2000 4000 2 4 12 1 0
32000 2000 4000 2 8 20 1 0
32000 2000 4000 4 4 16 1 0
32000 2000 4000 4 8 24 1 0
32000 2000 4000 8 8 32 1 0
32000 2000 8000 1 1 4 1 0
32000 2000 8000 1 2 6 1 0
32000 2000 8000 2 2 8 1 0
32000 4000 1000 1 1 4 1 0
32000 4000 1000 1 2 6 1 0
32000 4000 1000 1 4 10 1 0
32000 4000 1000 1 8 18 1 0
32000 4000 1000 1 16 33 1 0
32000 4000 1000 1 32 65 1 0
32000 4000 1000 2 2 8 1 0
32000 4000 1000 2 4 12 1 0
32000 4000 1000 2 8 20 1 0
32000 4000 1000 2 16 36 1 0
32000 4000 1000 2 32 69 1 0
32000 4000 1000 4 4 16 1 0
32000 4000 1000 4 8 24 1 0
32000 4000 1000 4 16 40 1 0
32000 4000 1000 4 32 73 1 0
32000 4000 1000 8 8 31 1 0
32000 4000 1000 8 16 47 1 0
32000 4000 1000 8 32 80 1 0
32000 4000 1000 16 16 61 1 0
32000 4000 1000 16 32 94 1 0
32000 4000 1000 32 32 69 1 0
32000 4000 2000 1 1 4 1 0
32000 4000 2000 1 2 6 1 0
32000 4000 2000 1 4 10 1 0
32000 4000 2000 1 8 17 1 0
32000 4000 2000 1 16 32 1 0
32000 4000 2000 2 2 8 1 0
32000 4000 2000 2 4 12 1 0
32000 4000 2000 2 8 20 1 0
32000 4000 2000 2 16 36 1 0
32000 4000 2000 4 4 16 1 0
32000 4000 2000 4 8 24 1 0
32000 4000 2000 4 16 40 1 0
32000 4000 2000 8 8 31 1 0
32000 4000 2000 8 16 47 1 0
32000 4000 2000 16 16 48 1 0
32000 4000 4000 1 1 4 1 0
32000 4000 4000 1 2 6 1 0
32000 4000 4000 1 4 9 1 0
32000 4000 4000 1 8 16 1 0
32000 4000 4000 2 2 8 1 0
32000 4000 4000 2 4 12 1 0
32000 4000 4000 2 8 20 1 0
32000 4000 4000 4 4 16 1 0
32000 4000 4000 4 8 24 1 0
32000 4000 4000 8 8 24 1 0
32000 4000 8000 1 1 4 1 0
32000 4000 8000 1 2 6 1 0
32000 4000 8000 1 4 10 1 0
32000 4000 8000 2 2 8 1 0
32000 4000 8000 2 4 12 1 0
32000 4000 8000 4 4 16 1 0
32000 8000 1000 1 1 4 1 0
32000 8000 1000 1 2 6 1 0
32000 8000 1000 1 4 10 1 0
32000 8000 1000 1 8 18 1 0
32000 8000 1000 1 16 33 1 0
32000 8000 1000 1 32 65 1 0
32000 8000 1000 2 2 8 1 0
32000 8000 1000 2 4 12 1 0
32000 8000 1000 2 8 20 1 0
32000 8000 1000 2 16 36 1 0
32000 8000 1000 2 32 69 1 0
32000 8000 1000 4 4 15 1 0
32000 8000 1000 4 8 23 1 0
32000 8000 1000 4 16 39 1 0
32000 8000 1000 4 32 72 1 0
32000 8000 1000 8 8 30 1 0
32000 8000 1000 8 16 46 1 0
32000 8000 1000 8 32 79 1 0
32000 8000 1000 16 16 57 1 0
32000 8000 1000 16 32 90 1 0
32000 8000 1000 32 32 73 1 0
32000 8000 2000 1 1 4 1 0
32000 8000 2000 1 2 6 1 0
32000 8000 2000 1 4 10 1 0
32000 8000 2000 1 8 17 1 0
32000 8000 2000 1 16 32 1 0
32000 8000 2000 2 2 8 1 0
32000 8000 2000 2 4 12 1 0
32000 8000 2000 2 8 20 1 0
32000 8000 2000 2 16 36 1 0
32000 8000 2000 4 4 15 1 0
32000 8000 2000 4 8 23 1 0
32000 8000 2000 4 16 39 1 0
32000 8000 2000 8 8 29 1 0
32000 8000 2000 8 16 45 1 0
32000 8000 2000 16 16 48 1 0
32000 8000 4000 1 1 4 1 0
32000 8000 4000 1 2 6 1 0
32000 8000 4000 1 4 9 1 0
32000 8000 4000 1 8 16 1 0
32000 8000 4000 2 2 8 1 0
32000 8000 4000 2 4 12 1 0
32000 8000 4000 2 8 20 1 0
32000 8000 4000 4 4 15 1 0
32000 8000 4000 4 8 23 1 0
32000 8000 4000 8 8 24 1 0
32000 8000 8000 1 1 4 1 0
32000 8000 8000 1 2 5 1 0
32000 8000 8000 1 4 8 1 0
32000 8000 8000 2 2 8 1 0
32000 8000 8000 2 4 12 1 0
32000 8000 8000 4 4 12 1 0
64000 1000 1000 1 1 4 1 0
64000 1000 1000 1 2 6 1 0
64000 1000 1000 1 4 10 1 0
64000 1000 1000 1 8 18 1 0
64000 1000 1000 1 16 34 1 0
64000 1000 1000 1 32 67 1 0
64000 1000 1000 1 64 129 1 0
64000 1000 1000 2 2 8 1 0
64000 1000 1000 2 4 12 1 0
64000 1000 1000 2 8 20 1 0
64000 1000 1000 2 16 36 1 0
64000 1000 1000 2 32 70 1 0
64000 1000 1000 2 64 133 1 0
64000 1000 1000 4 4 16 1 0
64000 1000 1000 4 8 24 1 0
64000 1000 1000 4 16 40 1 0
64000 1000 1000 4 32 74 1 0
64000 1000 1000 4 64 137 1 0
64000 1000 1000 8 8 32 1 0
64000 1000 1000 8 16 48 1 0
64000 1000 1000 8 32 82 1 0
64000 1000 1000 8 64 145 1 0
64000 1000 1000 16 16 64 1 0
64000 1000 1000 16 32 98 1 0
64000 1000 1000 16 64 161 1 0
64000 1000 1000 32 32 132 1 0
64000 1000 1000 32 64 194 1 0
64000 1000 1000 64 64 130 1 0
64000 1000 2000 1 1 4 1 0
64000 1000 2000 1 2 6 1 0
64000 1000 2000 1 4 10 1 0
64000 1000 2000 1 8 18 1 0
64000 1000 2000 1 16 34 1 0
64000 1000 2000 1 32 67 1 0
64000 1000 2000 2 2 8 1 0
64000 1000 2000 2 4 12 1 0
64000 1000 2000 2 8 20 1 0
64000 1000 2000 2 16 36 1 0
64000 1000 2000 2 32 69 1 0
64000 1000 2000 4 4 16 1 0
64000 1000 2000 4 8 24 1 0
64000 1000 2000 4 16 40 1 0
64000 1000 2000 4 32 73 1 0
64000 1000 2000 8 8 32 1 0
64000 1000 2000 8 16 48 1 0
64000 1000 2000 8 32 81 1 0
64000 1000 2000 16 16 64 1 0
64000 1000 2000 16 32 97 1 0
64000 1000 2000 32 32 131 1 0
64000 1000 4000 1 1 4 1 0
64000 1000 4000 1 2 6 1 0
64000 1000 4000 1 4 10 1 0
64000 1000 4000 1 8 18 1 0
64000 1000 4000 2 2 8 1 0
64000 1000 4000 2 4 12 1 0
64000 1000 4000 2 8 20 1 0
64000 1000 4000 4 4 16 1 0
64000 1000 4000 4 8 24 1 0
64000 1000 4000 8 8 32 1 0
64000 1000 8000 1 1 4 1 0
64000 1000 8000 1 2 6 1 0
64000 1000 8000 1 4 10 1 0
64000 1000 8000 2 2 8 1 0
64000 1000 8000 2 4 12 1 0
64000 1000 8000 4 4 16 1 0
64000 2000 1000 1 1 4 1 0
64000 2000 1000 1 2 6 1 0
64000 2000 1000 1 4 10 1 0
64000 2000 1000 1 8 18 1 0
64000 2000 1000 1 16 34 1 0
64000 2000 1000 1 32 67 1 0
64000 2000 1000 1 64 129 1 0
64000 2000 1000 2 2 8 1 0
64000 2000 1000 2 4 12 1 0
64000 2000 1000 2 8 20 1 0
64000 2000 1000 2 16 36 1 0
64000 2000 1000 2 32 70 1 0
64000 2000 1000 2 64 133 1 0
64000 2000 1000 4 4 16 1 0
64000 2000 1000 4 8 24 1 0
64000 2000 1000 4 16 40 1 0
64000 2000 1000 4 32 74 1 0
64000 2000 1000 4 64 137 1 0
64000 2000 1000 8 8 32 1 0
64000 2000 1000 8 16 48 1 0
64000 2000 1000 8 32 82 1 0
64000 2000 1000 8 64 145 1 0
64000 2000 1000 16 16 64 1 0
64000 2000 1000 16 32 98 1 0
64000 2000 1000 16 64 161 1 0
64000 2000 1000 32 32 131 1 0
64000 2000 1000 32 64 193 1 0
64000 2000 1000 64 64 131 1 0
64000 2000 2000 1 1 4 1 0
64000 2000 2000 1 2 6 1 0
64000 2000 2000 1 4 10 1 0
64000 2000 2000 1 8 18 1 0
64000 2000 2000 1 16 33 1 0
64000 2000 2000 1 32 65 1 0
64000 2000 2000 2 2 8 1 0
64000 2000 2000 2 4 12 1 0
64000 2000 2000 2 8 20 1 0
64000 2000 2000 2 16 36 1 0
64000 2000 2000 2 32 69 1 0
64000 2000 2000 4 4 16 1 0
64000 2000 2000 4 8 24 1 0
64000 2000 2000 4 16 40 1 0
64000 2000 2000 4 32 73 1 0
64000 2000 2000 8 8 32 1 0
64000 2000 2000 8 16 48 1 0
64000 2000 2000 8 32 81 1 0
64000 2000 2000 16 16 64 1 0
64000 2000 2000 16 32 97 1 0
64000 2000 2000 32 32 66 1 0
64000 2000 4000 1 1 4 1 0
64000 2000 4000 1 2 6 1 0
64000 2000 4000 1 4 10 1 0
64000 2000 4000 1 8 18 1 0
64000 2000 4000 1 16 34 1 0
64000 2000 4000 2 2 8 1 0
64000 2000 4000 2 4 12 1 0
64000 2000 4000 2 8 20 1 0
64000 2000 4000 2 16 36 1 0
64000 2000 4000 4 4 16 1 0
64000 2000 4000 4 8 24 1 0
64000 2000 4000 4 16 40 1 0
64000 2000 4000 8 8 32 1 0
64000 2000 4000 8 16 48 1 0
64000 2000 4000 16 16 64 1 0
64000 2000 8000 1 1 4 1 0
64000 2000 8000 1 2 6 1 0
64000 2000 8000 1 4 10 1 0
64000 2000 8000 2 2 8 1 0
64000 2000 8000 2 4 12 1 0
64000 2000 8000 4 4 16 1 0
64000 4000 1000 1 1 4 1 0
64000 4000 1000 1 2 6 1 0
64000 4000 1000 1 4 10 1 0
64000 4000 1000 1 8 18 1 0
64000 4000 1000 1 16 34 1 0
64000 4000 1000 1 32 67 1 0
64000 4000 1000 1 64 129 1 0
64000 4000 1000 2 2 8 1 0
64000 4000 1000 2 4 12 1 0
64000 4000 1000 2 8 20 1 0
64000 4000 1000 2 16 36 1 0
64000 4000 1000 2 32 70 1 0
64000 4000 1000 2 64 133 1 0
64000 4000 1000 4 4 16 1 0
64000 4000 1000 4 8 24 1 0
64000 4000 1000 4 16 40 1 0
64000 4000 1000 4 32 74 1 0
64000 4000 1000 4 64 137 1 0
64000 4000 1000 8 8 32 1 0
64000 4000 1000 8 16 48 1 0
64000 4000 1000 8 32 82 1 0
64000 4000 1000 8 64 145 1 0
64000 4000 1000 16 16 63 1 0
64000 4000 1000 16 32 97 1 0
64000 4000 1000 16 64 160 1 0
64000 4000 1000 32 32 129 1 0
64000 4000 1000 32 64 191 1 0
64000 4000 1000 64 64 133 1 0
64000 4000 2000 1 1 4 1 0
64000 4000 2000 1 2 6 1 0
64000 4000 2000 1 4 10 1 0
64000 4000 2000 1 8 18 1 0
64000 4000 2000 1 16 33 1 0
64000 4000 2000 1 32 65 1 0
64000 4000 2000 2 2 8 1 0
64000 4000 2000 2 4 12 1 0
64000 4000 2000 2 8 20 1 0
64000 4000 2000 2 16 36 1 0
64000 4000 2000 2 32 69 1 0
64000 4000 2000 4 4 16 1 0
64000 4000 2000 4 8 24 1 0
64000 4000 2000 4 16 40 1 0
64000 4000 2000 4 32 73 1 0
64000 4000 2000 8 8 32 1 0
64000 4000 2000 8 16 48 1 0
64000 4000 2000 8 32 81 1 0
64000 4000 2000 16 16 63 1 0
64000 4000 2000 16 32 96 1 0
64000 4000 2000 32 32 67 1 0
64000 4000 4000 1 1 4 1 0
64000 4000 4000 1 2 6 1 0
64000 4000 4000 1 4 10 1 0
64000 4000 4000 1 8 17 1 0
64000 4000 4000 1 16 32 1 0
64000 4000 4000 2 2 8 1 0
64000 4000 4000 2 4 12 1 0
64000 4000 4000 2 8 20 1 0
64000 4000 4000 2 16 36 1 0
64000 4000 4000 4 4 16 1 0
64000 4000 4000 4 8 24 1 0
64000 4000 4000 4 16 40 1 0
64000 4000 4000 8 8 32 1 0
64000 4000 4000 8 16 48 1 0
64000 4000 4000 16 16 48 1 0
64000 4000 8000 1 1 4 1 0
64000 4000 8000 1 2 6 1 0
64000 4000 8000 1 4 10 1 0
64000 4000 8000 1 8 18 1 0
64000 4000 8000 2 2 8 1 0
64000 4000 8000 2 4 12 1 0
64000 4000 8000 2 8 20 1 0
64000 4000 8000 4 4 16 1 0
64000 4000 8000 4 8 24 1 0
64000 4000 8000 8 8 32 1 0
64000 8000 1000 1 1 4 1 0
64000 8000 1000 1 2 6 1 0
64000 8000 1000 1 4 10 1 0
64000 8000 1000 1 8 18 1 0
64000 8000 1000 1 16 34 1 0
64000 8000 1000 1 32 67 1 0
64000 8000 1000 1 64 129 1 0
64000 8000 1000 2 2 8 1 0
64000 8000 1000 2 4 12 1 0
64000 8000 1000 2 8 20 1 0
64000 8000 1000 2 16 36 1 0
64000 8000 1000 2 32 70 1 0
64000 8000 1000 2 64 133 1 0
64000 8000 1000 4 4 16 1 0
64000 8000 1000 4 8 24 1 0
64000 8000 1000 4 16 40 1 0
64000 8000 1000 4 32 74 1 0
64000 8000 1000 4 64 137 1 0
64000 8000 1000 8 8 31 1 0
64000 8000 1000 8 16 47 1 0
64000 8000 1000 8 32 81 1 0
64000 8000 1000 8 64 144 1 0
64000 8000 1000 16 16 62 1 0
64000 8000 1000 16 32 96 1 0
64000 8000 1000 16 64 159 1 0
64000 8000 1000 32 32 125 1 0
64000 8000 1000 32 64 187 1 0
64000 8000 1000 64 64 137 1 0
64000 8000 2000 1 1 4 1 0
64000 8000 2000 1 2 6 1 0
64000 8000 2000 1 4 10 1 0
64000 8000 2000 1 8 18 1 0
64000 8000 2000 1 16 33 1 0
64000 8000 2000 1 32 65 1 0
64000 8000 2000 2 2 8 1 0
64000 8000 2000 2 4 12 1 0
64000 8000 2000 2 8 20 1 0
64000 8000 2000 2 16 36 1 0
64000 8000 2000 2 32 69 1 0
64000 8000 2000 4 4 16 1 0
64000 8000 2000 4 8 24 1 0
64000 8000 2000 4 16 40 1 0
64000 8000 2000 4 32 73 1 0
64000 8000 2000 8 8 31 1 0
64000 8000 2000 8 16 47 1 0
64000 8000 2000 8 32 80 1 0
64000 8000 2000 16 16 61 1 0
64000 8000 2000 16 32 94 1 0
64000 8000 2000 32 32 69 1 0
64000 8000 4000 1 1 4 1 0
64000 8000 4000 1 2 6 1 0
64000 8000 4000 1 4 10 1 0
64000 8000 4000 1 8 17 1 0
64000 8000 4000 1 16 32 1 0
64000 8000 4000 2 2 8 1 0
64000 8000 4000 2 4 12 1 0
64000 8000 4000 2 8 20 1 0
64000 8000 4000 2 16 36 1 0
64000 8000 4000 4 4 16 1 0
64000 8000 4000 4 8 24 1 0
64000 8000 4000 4 16 40 1 0
64000 8000 4000 8 8 31 1 0
64000 8000 4000 8 16 47 1 0
64000 8000 4000 16 16 48 1 0
64000 8000 8000 1 1 4 1 0
64000 8000 8000 1 2 6 1 0
64000 8000 8000 1 4 9 1 0
64000 8000 8000 1 8 16 1 0
64000 8000 8000 2 2 8 1 0
64000 8000 8000 2 4 12 1 0
64000 8000 8000 2 8 20 1 0
64000 8000 8000 4 4 16 1 0
64000 8000 8000 4 8 24 1 0
64000 8000 8000 8 8 24 1 0
