16000 1000 1000 1 1 4 0.000377888
16000 1000 1000 1 2 6 0.00051
16000 1000 1000 1 4 10 0.000846509
16000 1000 1000 1 8 17 0.00148124
16000 1000 1000 1 16 32 0.00283297
16000 1000 1000 2 2 8 0.000674607
16000 1000 1000 2 4 12 0.00100047
16000 1000 1000 2 8 20 0.00168337
16000 1000 1000 2 16 36 0.00289426
16000 1000 1000 4 4 16 0.00134294
16000 1000 1000 4 8 24 0.00200811
16000 1000 1000 4 16 40 0.00339079
16000 1000 1000 8 8 32 0.00268879
16000 1000 1000 8 16 48 0.00405515
16000 1000 1000 16 16 48 0.00410364
16000 1000 2000 1 1 4 0.000432523
16000 1000 2000 1 2 6 0.000516515
16000 1000 2000 1 4 10 0.000869062
16000 1000 2000 1 8 18 0.0014927
16000 1000 2000 2 2 8 0.000678221
16000 1000 2000 2 4 12 0.0010155
16000 1000 2000 2 8 20 0.00163193
16000 1000 2000 4 4 16 0.00136337
16000 1000 2000 4 8 24 0.00196155
16000 1000 2000 8 8 32 0.00258353
16000 1000 4000 1 1 4 0.000387375
16000 1000 4000 1 2 6 0.000547151
16000 1000 4000 2 2 8 0.000776274
16000 1000 8000 1 1 4 0.000376593
16000 2000 1000 1 1 4 0.000400496
16000 2000 1000 1 2 6 0.000586252
16000 2000 1000 1 4 10 0.000871306
16000 2000 1000 1 8 17 0.00143004
16000 2000 1000 1 16 32 0.00268272
16000 2000 1000 2 2 8 0.000736431
16000 2000 1000 2 4 12 0.00103807
16000 2000 1000 2 8 20 0.0016863
16000 2000 1000 2 16 36 0.00295095
16000 2000 1000 4 4 16 0.00150344
16000 2000 1000 4 8 24 0.00227845
16000 2000 1000 4 16 40 0.00339745
16000 2000 1000 8 8 31 0.0034753
16000 2000 1000 8 16 47 0.00440601
16000 2000 1000 16 16 48 0.00475023
16000 2000 2000 1 1 4 0.000402892
16000 2000 2000 1 2 6 0.000510743
16000 2000 2000 1 4 9 0.00078849
16000 2000 2000 1 8 16 0.00130759
16000 2000 2000 2 2 8 0.000687913
16000 2000 2000 2 4 12 0.00107505
16000 2000 2000 2 8 20 0.00172901
16000 2000 2000 4 4 16 0.00138702
16000 2000 2000 4 8 24 0.00238098
16000 2000 2000 8 8 24 0.00207417
16000 2000 4000 1 1 4 0.000391562
16000 2000 4000 1 2 6 0.000513518
16000 2000 4000 1 4 10 0.000826587
16000 2000 4000 2 2 8 0.000694108
16000 2000 4000 2 4 12 0.000999201
16000 2000 4000 4 4 16 0.00174258
16000 2000 8000 1 1 4 0.000461273
16000 2000 8000 1 2 6 0.000737873
16000 2000 8000 2 2 8 0.000711785
16000 4000 1000 1 1 4 0.000468551
16000 4000 1000 1 2 6 0.000566403
16000 4000 1000 1 4 10 0.00106286
16000 4000 1000 1 8 17 0.00146853
16000 4000 1000 1 16 32 0.00267585
16000 4000 1000 2 2 8 0.000724721
16000 4000 1000 2 4 12 0.00109294
16000 4000 1000 2 8 20 0.00180241
16000 4000 1000 2 16 36 0.00317373
16000 4000 1000 4 4 15 0.00146583
16000 4000 1000 4 8 23 0.00224052
16000 4000 1000 4 16 39 0.00364858
16000 4000 1000 8 8 29 0.0046022
16000 4000 1000 8 16 45 0.00700848
16000 4000 1000 16 16 48 0.00781526
16000 4000 2000 1 1 4 0.000375587
16000 4000 2000 1 2 6 0.000574915
16000 4000 2000 1 4 9 0.000807547
16000 4000 2000 1 8 16 0.0013641
16000 4000 2000 2 2 8 0.000762472
16000 4000 2000 2 4 12 0.00105846
16000 4000 2000 2 8 20 0.00177386
16000 4000 2000 4 4 15 0.00152067
16000 4000 2000 4 8 23 0.00256679
16000 4000 2000 8 8 24 0.00284159
16000 4000 4000 1 1 4 0.00041868
16000 4000 4000 1 2 5 0.000441964
16000 4000 4000 1 4 8 0.000688884
16000 4000 4000 2 2 8 0.00073054
16000 4000 4000 2 4 12 0.00133276
16000 4000 4000 4 4 12 0.0010852
16000 4000 8000 1 1 4 0.000371921
16000 4000 8000 1 2 6 0.000534587
16000 4000 8000 2 2 8 0.00074601
16000 8000 1000 1 1 2 0.000232978
16000 8000 1000 1 2 4 0.000395336
16000 8000 1000 1 4 8 0.000932856
16000 8000 1000 1 8 16 0.0014481
16000 8000 1000 1 16 32 0.00276821
16000 8000 1000 2 2 7 0.000733508
16000 8000 1000 2 4 11 0.0017028
16000 8000 1000 2 8 19 0.00224014
16000 8000 1000 2 16 35 0.00327577
16000 8000 1000 4 4 13 0.00254416
16000 8000 1000 4 8 21 0.00350954
16000 8000 1000 4 16 37 0.00485493
16000 8000 1000 8 8 24 0.0146997
16000 8000 1000 8 16 40 0.0245731
16000 8000 1000 16 16 48 0.0671175
16000 8000 2000 1 1 2 0.000219978
16000 8000 2000 1 2 4 0.00039159
16000 8000 2000 1 4 8 0.000810735
16000 8000 2000 1 8 16 0.00136531
16000 8000 2000 2 2 7 0.00070184
16000 8000 2000 2 4 11 0.00114941
16000 8000 2000 2 8 19 0.00179136
16000 8000 2000 4 4 12 0.00176611
16000 8000 2000 4 8 20 0.00274382
16000 8000 2000 8 8 24 0.00380923
16000 8000 4000 1 1 2 0.000214952
16000 8000 4000 1 2 4 0.000390562
16000 8000 4000 1 4 8 0.000726492
16000 8000 4000 2 2 6 0.000613904
16000 8000 4000 2 4 10 0.00102873
16000 8000 4000 4 4 12 0.00123067
16000 8000 8000 1 1 2 0.000217635
16000 8000 8000 1 2 4 0.000394445
16000 8000 8000 2 2 6 0.000630303
32000 1000 1000 1 1 4 0.000563081
32000 1000 1000 1 2 6 0.000645326
32000 1000 1000 1 4 10 0.000836908
32000 1000 1000 1 8 18 0.00151103
32000 1000 1000 1 16 33 0.0027233
32000 1000 1000 1 32 65 0.00513475
32000 1000 1000 2 2 8 0.000692664
32000 1000 1000 2 4 12 0.000990131
32000 1000 1000 2 8 20 0.00163578
32000 1000 1000 2 16 36 0.00292152
32000 1000 1000 2 32 69 0.00536524
32000 1000 1000 4 4 16 0.00130266
32000 1000 1000 4 8 24 0.002028
32000 1000 1000 4 16 40 0.00334878
32000 1000 1000 4 32 73 0.00578778
32000 1000 1000 8 8 32 0.00260664
32000 1000 1000 8 16 48 0.00398298
32000 1000 1000 8 32 81 0.00644963
32000 1000 1000 16 16 64 0.00533761
32000 1000 1000 16 32 97 0.0082097
32000 1000 1000 32 32 66 0.00541159
32000 1000 2000 1 1 4 0.000359439
32000 1000 2000 1 2 6 0.000508016
32000 1000 2000 1 4 10 0.000880452
32000 1000 2000 1 8 18 0.001469
32000 1000 2000 1 16 34 0.00271877
32000 1000 2000 2 2 8 0.000676014
32000 1000 2000 2 4 12 0.000982741
32000 1000 2000 2 8 20 0.00175287
32000 1000 2000 2 16 36 0.00322166
32000 1000 2000 4 4 16 0.00130505
32000 1000 2000 4 8 24 0.00200675
32000 1000 2000 4 16 40 0.00338727
32000 1000 2000 8 8 32 0.00260942
32000 1000 2000 8 16 48 0.00407387
32000 1000 2000 16 16 64 0.00525335
32000 1000 4000 1 1 4 0.000553162
32000 1000 4000 1 2 6 0.000651479
32000 1000 4000 1 4 10 0.000900796
32000 1000 4000 2 2 8 0.000716021
32000 1000 4000 2 4 12 0.00103236
32000 1000 4000 4 4 16 0.00135529
32000 1000 8000 1 1 4 0.000415823
32000 1000 8000 1 2 6 0.00057219
32000 1000 8000 2 2 8 0.000693461
32000 2000 1000 1 1 4 0.00036277
32000 2000 1000 1 2 6 0.000607276
32000 2000 1000 1 4 10 0.000860336
32000 2000 1000 1 8 18 0.00143816
32000 2000 1000 1 16 33 0.00263827
32000 2000 1000 1 32 65 0.00520976
32000 2000 1000 2 2 8 0.000698206
32000 2000 1000 2 4 12 0.00105658
32000 2000 1000 2 8 20 0.00158202
32000 2000 1000 2 16 36 0.0029394
32000 2000 1000 2 32 69 0.00543286
32000 2000 1000 4 4 16 0.0013017
32000 2000 1000 4 8 24 0.00195443
32000 2000 1000 4 16 40 0.00347096
32000 2000 1000 4 32 73 0.00588591
32000 2000 1000 8 8 32 0.00268688
32000 2000 1000 8 16 48 0.00394636
32000 2000 1000 8 32 81 0.00670752
32000 2000 1000 16 16 63 0.0062285
32000 2000 1000 16 32 96 0.00881881
32000 2000 1000 32 32 67 0.00584792
32000 2000 2000 1 1 4 0.00039206
32000 2000 2000 1 2 6 0.000522413
32000 2000 2000 1 4 10 0.000889237
32000 2000 2000 1 8 17 0.00144045
32000 2000 2000 1 16 32 0.00259062
32000 2000 2000 2 2 8 0.000733054
32000 2000 2000 2 4 12 0.00104273
32000 2000 2000 2 8 20 0.00163793
32000 2000 2000 2 16 36 0.00293306
32000 2000 2000 4 4 16 0.00128525
32000 2000 2000 4 8 24 0.0021181
32000 2000 2000 4 16 40 0.00326515
32000 2000 2000 8 8 32 0.00271036
32000 2000 2000 8 16 48 0.00390455
32000 2000 2000 16 16 48 0.00419692
32000 2000 4000 1 1 4 0.000361907
32000 2000 4000 1 2 6 0.000518699
32000 2000 4000 1 4 10 0.000932395
32000 2000 4000 1 8 18 0.00148332
32000 2000 4000 2 2 8 0.000703456
32000 2000 4000 2 4 12 0.00106383
32000 2000 4000 2 8 20 0.0017275
32000 2000 4000 4 4 16 0.00132161
32000 2000 4000 4 8 24 0.00259682
32000 2000 4000 8 8 32 0.0027083
32000 2000 8000 1 1 4 0.000533755
32000 2000 8000 1 2 6 0.000645182
32000 2000 8000 2 2 8 0.000688229
32000 4000 1000 1 1 4 0.000371123
32000 4000 1000 1 2 6 0.000538897
32000 4000 1000 1 4 10 0.000915118
32000 4000 1000 1 8 18 0.00150816
32000 4000 1000 1 16 33 0.0027368
32000 4000 1000 1 32 65 0.0051055
32000 4000 1000 2 2 8 0.00067741
32000 4000 1000 2 4 12 0.00113068
32000 4000 1000 2 8 20 0.00169183
32000 4000 1000 2 16 36 0.00295971
32000 4000 1000 2 32 69 0.00557758
32000 4000 1000 4 4 16 0.00159137
32000 4000 1000 4 8 24 0.00216482
32000 4000 1000 4 16 40 0.00333371
32000 4000 1000 4 32 73 0.0061128
32000 4000 1000 8 8 31 0.00303994
32000 4000 1000 8 16 47 0.00443861
32000 4000 1000 8 32 80 0.00756074
32000 4000 1000 16 16 61 0.0101356
32000 4000 1000 16 32 94 0.0146908
32000 4000 1000 32 32 69 0.00798423
32000 4000 2000 1 1 4 0.000368024
32000 4000 2000 1 2 6 0.000539859
32000 4000 2000 1 4 10 0.000870594
32000 4000 2000 1 8 17 0.00138813
32000 4000 2000 1 16 32 0.00261587
32000 4000 2000 2 2 8 0.000736305
32000 4000 2000 2 4 12 0.00101261
32000 4000 2000 2 8 20 0.00169495
32000 4000 2000 2 16 36 0.00309715
32000 4000 2000 4 4 16 0.00140231
32000 4000 2000 4 8 24 0.00214275
32000 4000 2000 4 16 40 0.00335383
32000 4000 2000 8 8 31 0.00306949
32000 4000 2000 8 16 47 0.00434401
32000 4000 2000 16 16 48 0.00461934
32000 4000 4000 1 1 4 0.000358999
32000 4000 4000 1 2 6 0.000517615
32000 4000 4000 1 4 9 0.000779549
32000 4000 4000 1 8 16 0.00130707
32000 4000 4000 2 2 8 0.000926224
32000 4000 4000 2 4 12 0.00133671
32000 4000 4000 2 8 20 0.00222071
32000 4000 4000 4 4 16 0.00148415
32000 4000 4000 4 8 24 0.00225756
32000 4000 4000 8 8 24 0.00230527
32000 4000 8000 1 1 4 0.000459385
32000 4000 8000 1 2 6 0.000512273
32000 4000 8000 1 4 10 0.0011322
32000 4000 8000 2 2 8 0.000741245
32000 4000 8000 2 4 12 0.00104778
32000 4000 8000 4 4 16 0.00192433
32000 8000 1000 1 1 4 0.000400979
32000 8000 1000 1 2 6 0.000606335
32000 8000 1000 1 4 10 0.00105304
32000 8000 1000 1 8 18 0.00166945
32000 8000 1000 1 16 33 0.0028291
32000 8000 1000 1 32 65 0.005143
32000 8000 1000 2 2 8 0.000755552
32000 8000 1000 2 4 12 0.00132029
32000 8000 1000 2 8 20 0.00187188
32000 8000 1000 2 16 36 0.0031164
32000 8000 1000 2 32 69 0.00577664
32000 8000 1000 4 4 15 0.0017598
32000 8000 1000 4 8 23 0.00233945
32000 8000 1000 4 16 39 0.00416879
32000 8000 1000 4 32 72 0.00777426
32000 8000 1000 8 8 30 0.00470839
32000 8000 1000 8 16 46 0.00805533
32000 8000 1000 8 32 79 0.0130755
32000 8000 1000 16 16 57 0.094992
32000 8000 1000 16 32 90 0.135805
32000 8000 1000 32 32 73 0.0554781
32000 8000 2000 1 1 4 0.000376229
32000 8000 2000 1 2 6 0.000538086
32000 8000 2000 1 4 10 0.000908557
32000 8000 2000 1 8 17 0.00141666
32000 8000 2000 1 16 32 0.00268974
32000 8000 2000 2 2 8 0.000762249
32000 8000 2000 2 4 12 0.00112536
32000 8000 2000 2 8 20 0.00191565
32000 8000 2000 2 16 36 0.0033624
32000 8000 2000 4 4 15 0.00147391
32000 8000 2000 4 8 23 0.00256879
32000 8000 2000 4 16 39 0.00428193
32000 8000 2000 8 8 29 0.00493116
32000 8000 2000 8 16 45 0.00684151
32000 8000 2000 16 16 48 0.00852102
32000 8000 4000 1 1 4 0.000368733
32000 8000 4000 1 2 6 0.000555914
32000 8000 4000 1 4 9 0.000769641
32000 8000 4000 1 8 16 0.00141954
32000 8000 4000 2 2 8 0.000744488
32000 8000 4000 2 4 12 0.00106762
32000 8000 4000 2 8 20 0.00185437
32000 8000 4000 4 4 15 0.0014628
32000 8000 4000 4 8 23 0.00221501
32000 8000 4000 8 8 24 0.0023858
32000 8000 8000 1 1 4 0.000473904
32000 8000 8000 1 2 5 0.000536674
32000 8000 8000 1 4 8 0.000935959
32000 8000 8000 2 2 8 0.000709066
32000 8000 8000 2 4 12 0.00111263
32000 8000 8000 4 4 12 0.00116121
64000 1000 1000 1 1 4 0.000397246
64000 1000 1000 1 2 6 0.000531045
64000 1000 1000 1 4 10 0.00080689
64000 1000 1000 1 8 18 0.00148793
64000 1000 1000 1 16 34 0.00279997
64000 1000 1000 1 32 67 0.00521082
64000 1000 1000 1 64 129 0.0101005
64000 1000 1000 2 2 8 0.000705026
64000 1000 1000 2 4 12 0.00102676
64000 1000 1000 2 8 20 0.00163377
64000 1000 1000 2 16 36 0.00296615
64000 1000 1000 2 32 70 0.0057749
64000 1000 1000 2 64 133 0.0105243
64000 1000 1000 4 4 16 0.00131533
64000 1000 1000 4 8 24 0.00198153
64000 1000 1000 4 16 40 0.00316674
64000 1000 1000 4 32 74 0.00586654
64000 1000 1000 4 64 137 0.0105953
64000 1000 1000 8 8 32 0.0025842
64000 1000 1000 8 16 48 0.00386626
64000 1000 1000 8 32 82 0.00643477
64000 1000 1000 8 64 145 0.0114114
64000 1000 1000 16 16 64 0.00505124
64000 1000 1000 16 32 98 0.00774949
64000 1000 1000 16 64 161 0.0130555
64000 1000 1000 32 32 132 0.0110797
64000 1000 1000 32 64 194 0.0167813
64000 1000 1000 64 64 130 0.0108765
64000 1000 2000 1 1 4 0.000385139
64000 1000 2000 1 2 6 0.000522319
64000 1000 2000 1 4 10 0.000818654
64000 1000 2000 1 8 18 0.00151421
64000 1000 2000 1 16 34 0.00270858
64000 1000 2000 1 32 67 0.00523482
64000 1000 2000 2 2 8 0.000659947
64000 1000 2000 2 4 12 0.000987026
64000 1000 2000 2 8 20 0.00160601
64000 1000 2000 2 16 36 0.00289513
64000 1000 2000 2 32 69 0.00528725
64000 1000 2000 4 4 16 0.00133311
64000 1000 2000 4 8 24 0.00196145
64000 1000 2000 4 16 40 0.00330424
64000 1000 2000 4 32 73 0.00585861
64000 1000 2000 8 8 32 0.00285364
64000 1000 2000 8 16 48 0.00410358
64000 1000 2000 8 32 81 0.00641316
64000 1000 2000 16 16 64 0.0050626
64000 1000 2000 16 32 97 0.00773486
64000 1000 2000 32 32 131 0.0110047
64000 1000 4000 1 1 4 0.000375827
64000 1000 4000 1 2 6 0.000538054
64000 1000 4000 1 4 10 0.000875191
64000 1000 4000 1 8 18 0.0015065
64000 1000 4000 2 2 8 0.000725057
64000 1000 4000 2 4 12 0.00103043
64000 1000 4000 2 8 20 0.00170576
64000 1000 4000 4 4 16 0.00137348
64000 1000 4000 4 8 24 0.00196106
64000 1000 4000 8 8 32 0.00261236
64000 1000 8000 1 1 4 0.000360648
64000 1000 8000 1 2 6 0.000514502
64000 1000 8000 1 4 10 0.000805683
64000 1000 8000 2 2 8 0.000681527
64000 1000 8000 2 4 12 0.000976603
64000 1000 8000 4 4 16 0.00136936
64000 2000 1000 1 1 4 0.000378981
64000 2000 1000 1 2 6 0.000538353
64000 2000 1000 1 4 10 0.00084978
64000 2000 1000 1 8 18 0.00149038
64000 2000 1000 1 16 34 0.00283978
64000 2000 1000 1 32 67 0.00544961
64000 2000 1000 1 64 129 0.0101148
64000 2000 1000 2 2 8 0.00086881
64000 2000 1000 2 4 12 0.00108921
64000 2000 1000 2 8 20 0.00171952
64000 2000 1000 2 16 36 0.00302873
64000 2000 1000 2 32 70 0.00558672
64000 2000 1000 2 64 133 0.0120429
64000 2000 1000 4 4 16 0.00126364
64000 2000 1000 4 8 24 0.00190601
64000 2000 1000 4 16 40 0.00333559
64000 2000 1000 4 32 74 0.00586056
64000 2000 1000 4 64 137 0.010921
64000 2000 1000 8 8 32 0.00257047
64000 2000 1000 8 16 48 0.0039082
64000 2000 1000 8 32 82 0.006492
64000 2000 1000 8 64 145 0.0118964
64000 2000 1000 16 16 64 0.00534147
64000 2000 1000 16 32 98 0.00810671
64000 2000 1000 16 64 161 0.0138923
64000 2000 1000 32 32 131 0.0126602
64000 2000 1000 32 64 193 0.018052
64000 2000 1000 64 64 131 0.0114799
64000 2000 2000 1 1 4 0.000409026
64000 2000 2000 1 2 6 0.000515839
64000 2000 2000 1 4 10 0.000887293
64000 2000 2000 1 8 18 0.0014881
64000 2000 2000 1 16 33 0.00266599
64000 2000 2000 1 32 65 0.00511199
64000 2000 2000 2 2 8 0.000928084
64000 2000 2000 2 4 12 0.00131605
64000 2000 2000 2 8 20 0.00162165
64000 2000 2000 2 16 36 0.00293214
64000 2000 2000 2 32 69 0.00554763
64000 2000 2000 4 4 16 0.00133741
64000 2000 2000 4 8 24 0.00194922
64000 2000 2000 4 16 40 0.00317318
64000 2000 2000 4 32 73 0.00586701
64000 2000 2000 8 8 32 0.00257679
64000 2000 2000 8 16 48 0.00387947
64000 2000 2000 8 32 81 0.00648609
64000 2000 2000 16 16 64 0.00533752
64000 2000 2000 16 32 97 0.00800286
64000 2000 2000 32 32 66 0.0052691
64000 2000 4000 1 1 4 0.000383612
64000 2000 4000 1 2 6 0.000715314
64000 2000 4000 1 4 10 0.000895967
64000 2000 4000 1 8 18 0.00196544
64000 2000 4000 1 16 34 0.00370175
64000 2000 4000 2 2 8 0.000728895
64000 2000 4000 2 4 12 0.00106808
64000 2000 4000 2 8 20 0.00175059
64000 2000 4000 2 16 36 0.00317224
64000 2000 4000 4 4 16 0.00135188
64000 2000 4000 4 8 24 0.00205148
64000 2000 4000 4 16 40 0.00325318
64000 2000 4000 8 8 32 0.00262536
64000 2000 4000 8 16 48 0.00386794
64000 2000 4000 16 16 64 0.00508564
64000 2000 8000 1 1 4 0.000403682
64000 2000 8000 1 2 6 0.000564713
64000 2000 8000 1 4 10 0.000844323
64000 2000 8000 2 2 8 0.00071065
64000 2000 8000 2 4 12 0.00103076
64000 2000 8000 4 4 16 0.00130824
64000 4000 1000 1 1 4 0.000359178
64000 4000 1000 1 2 6 0.000718509
64000 4000 1000 1 4 10 0.000899979
64000 4000 1000 1 8 18 0.00179922
64000 4000 1000 1 16 34 0.00334609
64000 4000 1000 1 32 67 0.00518816
64000 4000 1000 1 64 129 0.0104179
64000 4000 1000 2 2 8 0.000752444
64000 4000 1000 2 4 12 0.00106498
64000 4000 1000 2 8 20 0.00167586
64000 4000 1000 2 16 36 0.00304699
64000 4000 1000 2 32 70 0.00552288
64000 4000 1000 2 64 133 0.0105253
64000 4000 1000 4 4 16 0.00136639
64000 4000 1000 4 8 24 0.00189389
64000 4000 1000 4 16 40 0.0033831
64000 4000 1000 4 32 74 0.0060175
64000 4000 1000 4 64 137 0.0108322
64000 4000 1000 8 8 32 0.00284009
64000 4000 1000 8 16 48 0.00403703
64000 4000 1000 8 32 82 0.00680346
64000 4000 1000 8 64 145 0.0117376
64000 4000 1000 16 16 63 0.00604004
64000 4000 1000 16 32 97 0.00912753
64000 4000 1000 16 64 160 0.0147175
64000 4000 1000 32 32 129 0.0215558
64000 4000 1000 32 64 191 0.0300877
64000 4000 1000 64 64 133 0.015591
64000 4000 2000 1 1 4 0.000374822
64000 4000 2000 1 2 6 0.000578214
64000 4000 2000 1 4 10 0.000850995
64000 4000 2000 1 8 18 0.00149081
64000 4000 2000 1 16 33 0.00317614
64000 4000 2000 1 32 65 0.00616801
64000 4000 2000 2 2 8 0.000719878
64000 4000 2000 2 4 12 0.00107827
64000 4000 2000 2 8 20 0.0016677
64000 4000 2000 2 16 36 0.00287424
64000 4000 2000 2 32 69 0.00547502
64000 4000 2000 4 4 16 0.00129658
64000 4000 2000 4 8 24 0.00196841
64000 4000 2000 4 16 40 0.00337695
64000 4000 2000 4 32 73 0.00624063
64000 4000 2000 8 8 32 0.00267631
64000 4000 2000 8 16 48 0.00420911
64000 4000 2000 8 32 81 0.00732696
64000 4000 2000 16 16 63 0.00613834
64000 4000 2000 16 32 96 0.00899061
64000 4000 2000 32 32 67 0.00578961
64000 4000 4000 1 1 4 0.000361428
64000 4000 4000 1 2 6 0.000511327
64000 4000 4000 1 4 10 0.000841076
64000 4000 4000 1 8 17 0.00148766
64000 4000 4000 1 16 32 0.00275743
64000 4000 4000 2 2 8 0.000783907
64000 4000 4000 2 4 12 0.00103061
64000 4000 4000 2 8 20 0.00180364
64000 4000 4000 2 16 36 0.00286904
64000 4000 4000 4 4 16 0.00134197
64000 4000 4000 4 8 24 0.0022476
64000 4000 4000 4 16 40 0.00382849
64000 4000 4000 8 8 32 0.00282789
64000 4000 4000 8 16 48 0.00426381
64000 4000 4000 16 16 48 0.00409417
64000 4000 8000 1 1 4 0.000354828
64000 4000 8000 1 2 6 0.000500963
64000 4000 8000 1 4 10 0.000836653
64000 4000 8000 1 8 18 0.00153676
64000 4000 8000 2 2 8 0.000713075
64000 4000 8000 2 4 12 0.00109075
64000 4000 8000 2 8 20 0.00184244
64000 4000 8000 4 4 16 0.00133542
64000 4000 8000 4 8 24 0.00209032
64000 4000 8000 8 8 32 0.00288819
64000 8000 1000 1 1 4 0.000366543
64000 8000 1000 1 2 6 0.000531939
64000 8000 1000 1 4 10 0.00109819
64000 8000 1000 1 8 18 0.00162177
64000 8000 1000 1 16 34 0.00282869
64000 8000 1000 1 32 67 0.00537843
64000 8000 1000 1 64 129 0.01015
64000 8000 1000 2 2 8 0.000718226
64000 8000 1000 2 4 12 0.0013226
64000 8000 1000 2 8 20 0.00199973
64000 8000 1000 2 16 36 0.00319952
64000 8000 1000 2 32 70 0.00629961
64000 8000 1000 2 64 133 0.0105581
64000 8000 1000 4 4 16 0.00166435
64000 8000 1000 4 8 24 0.00222516
64000 8000 1000 4 16 40 0.00329352
64000 8000 1000 4 32 74 0.00611078
64000 8000 1000 4 64 137 0.0110422
64000 8000 1000 8 8 31 0.00329179
64000 8000 1000 8 16 47 0.00458261
64000 8000 1000 8 32 81 0.00755572
64000 8000 1000 8 64 144 0.013387
64000 8000 1000 16 16 62 0.0101674
64000 8000 1000 16 32 96 0.0151427
64000 8000 1000 16 64 159 0.0239042
64000 8000 1000 32 32 125 0.239185
64000 8000 1000 32 64 187 0.318987
64000 8000 1000 64 64 137 0.108128
64000 8000 2000 1 1 4 0.000396061
64000 8000 2000 1 2 6 0.000528751
64000 8000 2000 1 4 10 0.000961594
64000 8000 2000 1 8 18 0.00149004
64000 8000 2000 1 16 33 0.00277801
64000 8000 2000 1 32 65 0.00526788
64000 8000 2000 2 2 8 0.000685759
64000 8000 2000 2 4 12 0.00105597
64000 8000 2000 2 8 20 0.00169864
64000 8000 2000 2 16 36 0.00298845
64000 8000 2000 2 32 69 0.00541358
64000 8000 2000 4 4 16 0.00158364
64000 8000 2000 4 8 24 0.0022529
64000 8000 2000 4 16 40 0.00331802
64000 8000 2000 4 32 73 0.00615015
64000 8000 2000 8 8 31 0.00295909
64000 8000 2000 8 16 47 0.00450273
64000 8000 2000 8 32 80 0.00788546
64000 8000 2000 16 16 61 0.0101198
64000 8000 2000 16 32 94 0.0145209
64000 8000 2000 32 32 69 0.0079843
64000 8000 4000 1 1 4 0.000397206
64000 8000 4000 1 2 6 0.000526794
64000 8000 4000 1 4 10 0.000877357
64000 8000 4000 1 8 17 0.00145956
64000 8000 4000 1 16 32 0.00329597
64000 8000 4000 2 2 8 0.0006748
64000 8000 4000 2 4 12 0.0010394
64000 8000 4000 2 8 20 0.00170414
64000 8000 4000 2 16 36 0.00293457
64000 8000 4000 4 4 16 0.00144335
64000 8000 4000 4 8 24 0.00213269
64000 8000 4000 4 16 40 0.00336829
64000 8000 4000 8 8 31 0.00290605
64000 8000 4000 8 16 47 0.00429145
64000 8000 4000 16 16 48 0.00497544
64000 8000 8000 1 1 4 0.000404429
64000 8000 8000 1 2 6 0.000512996
64000 8000 8000 1 4 9 0.000777495
64000 8000 8000 1 8 16 0.00143424
64000 8000 8000 2 2 8 0.000758326
64000 8000 8000 2 4 12 0.00102097
64000 8000 8000 2 8 20 0.00180125
64000 8000 8000 4 4 16 0.00156247
64000 8000 8000 4 8 24 0.00261553
64000 8000 8000 8 8 24 0.00209184
