0 -50
7.93798 42
15.876 -29
23.814 -65
31.7519 80
39.6899 -32
47.6279 9
55.5659 -9
63.5039 73
71.4419 59
79.3798 11
87.3178 -7
95.2558 -19
103.194 -42
111.132 4
119.07 -50
127.008 -28
134.946 75
142.884 87
150.822 -71
158.76 -21
166.698 -65
174.636 -17
182.574 61
190.512 33
198.45 -95
206.388 -31
214.326 -18
222.264 -45
230.202 -87
238.14 -25
246.078 -99
254.016 29
261.953 50
269.891 -96
277.829 -23
285.767 -8
293.705 -79
301.643 -86
309.581 29
317.519 -42
325.457 97
333.395 -84
341.333 -50
349.271 93
357.209 72
365.147 40
373.085 -1
381.023 -8
388.961 59
396.899 -32
404.837 41
412.775 -60
420.713 -4
428.651 1
436.589 64
444.527 61
452.465 -48
460.403 46
468.341 -11
476.279 -17
484.217 -94
492.155 -13
500.093 -62
508.031 -55
515.969 -80
523.907 -52
531.845 -31
539.783 -67
547.721 21
555.659 19
563.597 25
571.535 30
579.473 -67
587.411 84
595.349 -50
603.287 -87
611.225 -50
619.163 -2
627.101 -24
635.039 99
642.977 72
650.915 -44
658.853 -12
666.791 79
674.729 46
682.667 -28
690.605 37
698.543 94
706.481 46
714.419 -99
722.357 35
730.295 -55
738.233 53
746.171 93
754.109 -15
762.047 -45
769.984 90
777.922 31
785.86 85
793.798 4
801.736 59
809.674 -67
817.612 62
825.55 87
833.488 75
841.426 -57
849.364 -92
857.302 67
865.24 -75
873.178 67
881.116 90
889.054 88
896.992 59
904.93 91
912.868 87
920.806 30
928.744 -35
936.682 3
944.62 -44
952.558 -11
960.496 -10
968.434 -51
976.372 92
984.31 70
992.248 -39
1000.19 -45
1008.12 -57
1016.06 19
