0 7
7.93798 -53
15.876 -74
23.814 73
31.7519 31
39.6899 88
47.6279 29
55.5659 -2
63.5039 22
71.4419 40
79.3798 48
87.3178 -44
95.2558 10
103.194 4
111.132 -30
119.07 36
127.008 -37
134.946 65
142.884 -20
150.822 94
158.76 6
166.698 55
174.636 30
182.574 -58
190.512 -72
198.45 -8
206.388 -98
214.326 -74
222.264 2
230.202 63
238.14 -5
246.078 34
254.016 -5
261.953 -62
269.891 72
277.829 -57
285.767 15
293.705 93
301.643 -73
309.581 12
317.519 42
325.457 -52
333.395 4
341.333 -54
349.271 -5
357.209 -51
365.147 93
373.085 -47
381.023 -30
388.961 80
396.899 -44
404.837 -44
412.775 -64
420.713 71
428.651 -19
436.589 -86
444.527 1
452.465 -33
460.403 -96
468.341 9
476.279 73
484.217 58
492.155 62
500.093 35
508.031 77
515.969 12
523.907 37
531.845 12
539.783 -92
547.721 69
555.659 -40
563.597 -30
571.535 76
579.473 67
587.411 96
595.349 12
603.287 69
611.225 -56
619.163 -94
627.101 49
635.039 15
642.977 -82
650.915 91
658.853 -73
666.791 84
674.729 -76
682.667 58
690.605 -12
698.543 5
706.481 62
714.419 -87
722.357 -2
730.295 -12
738.233 80
746.171 -35
754.109 96
762.047 -11
769.984 -92
777.922 29
785.86 76
793.798 -68
801.736 45
809.674 21
817.612 -100
825.55 63
833.488 -11
841.426 70
849.364 24
857.302 23
865.24 -69
873.178 -66
881.116 40
889.054 99
896.992 -73
904.93 -2
912.868 26
920.806 -38
928.744 89
936.682 -29
944.62 -22
952.558 -4
960.496 43
968.434 -82
976.372 -28
984.31 -74
992.248 -62
1000.19 86
1008.12 83
1016.06 -31
