0 92
15.7538 87
31.5077 -12
47.2615 -81
63.0154 46
78.7692 57
94.5231 -44
110.277 35
126.031 -2
141.785 41
157.538 66
173.292 31
189.046 -52
204.8 59
220.554 -55
236.308 -74
252.062 100
267.815 -20
283.569 -37
299.323 33
315.077 64
330.831 -15
346.585 -22
362.338 -89
378.092 -86
393.846 84
409.6 -39
425.354 -59
441.108 -99
456.862 9
472.615 94
488.369 90
504.123 26
519.877 -3
535.631 -13
551.385 41
567.138 23
582.892 39
598.646 37
614.4 -9
630.154 78
645.908 -51
661.662 -99
677.415 58
693.169 -52
708.923 -31
724.677 76
740.431 -80
756.185 -63
771.938 -95
787.692 -17
803.446 33
819.2 92
834.954 -22
850.708 -100
866.462 -32
882.215 82
897.969 70
913.723 -13
929.477 -33
945.231 43
960.985 -17
976.738 43
992.492 89
1008.25 42
1024 -25
