0 23
3.98444 -55
7.96887 -45
11.9533 -51
15.9377 -76
19.9222 -18
23.9066 48
27.8911 89
31.8755 63
35.8599 -59
39.8444 44
43.8288 -8
47.8132 29
51.7977 -45
55.7821 75
59.7665 -60
63.751 31
67.7354 -83
71.7198 2
75.7043 9
79.6887 44
83.6732 73
87.6576 7
91.642 60
95.6265 -16
99.6109 43
103.595 -63
107.58 -35
111.564 20
115.549 59
119.533 84
123.518 -57
127.502 -52
131.486 -57
135.471 -95
139.455 -2
143.44 -78
147.424 42
151.409 -24
155.393 81
159.377 89
163.362 -74
167.346 -92
171.331 -55
175.315 -79
179.3 66
183.284 61
187.268 -30
191.253 -8
195.237 79
199.222 61
203.206 -3
207.191 73
211.175 -31
215.16 19
219.144 9
223.128 33
227.113 94
231.097 11
235.082 -37
239.066 35
243.051 -93
247.035 75
251.019 96
255.004 28
258.988 14
262.973 13
266.957 -17
270.942 34
274.926 24
278.911 -12
282.895 -51
286.879 26
290.864 -14
294.848 9
298.833 74
302.817 58
306.802 -83
310.786 -52
314.77 75
318.755 72
322.739 -27
326.724 8
330.708 -86
334.693 -55
338.677 -60
342.661 -39
346.646 13
350.63 44
354.615 -14
358.599 -54
362.584 49
366.568 -65
370.553 -57
374.537 -8
378.521 85
382.506 18
386.49 89
390.475 65
394.459 -40
398.444 -95
402.428 16
406.412 38
410.397 6
414.381 -28
418.366 -6
422.35 20
426.335 14
430.319 -53
434.304 -27
438.288 2
442.272 6
446.257 30
450.241 -86
454.226 71
458.21 85
462.195 6
466.179 3
470.163 -96
474.148 -47
478.132 23
482.117 75
486.101 -67
490.086 -99
494.07 55
498.054 -64
502.039 51
506.023 33
510.008 -67
513.992 -52
517.977 -32
521.961 -30
525.946 53
529.93 79
533.914 80
537.899 -24
541.883 -48
545.868 -55
549.852 -41
553.837 80
557.821 96
561.805 -66
565.79 -6
569.774 -27
573.759 -56
577.743 -3
581.728 14
585.712 -87
589.696 55
593.681 9
597.665 -65
601.65 -24
605.634 -12
609.619 -88
613.603 -84
617.588 -94
621.572 -73
625.556 5
629.541 -97
633.525 -75
637.51 8
641.494 -57
645.479 29
649.463 30
653.447 -92
657.432 -92
661.416 27
665.401 -67
669.385 -32
673.37 64
677.354 -83
681.339 53
685.323 -19
689.307 32
693.292 -82
697.276 28
701.261 -55
705.245 23
709.23 23
713.214 57
717.198 -4
721.183 -81
725.167 75
729.152 -26
733.136 -23
737.121 -48
741.105 6
745.089 -69
749.074 75
753.058 100
757.043 -42
761.027 74
765.012 18
768.996 74
772.981 95
776.965 62
780.949 -21
784.934 18
788.918 -27
792.903 69
796.887 22
800.872 60
804.856 -71
808.84 20
812.825 58
816.809 -10
820.794 17
824.778 -49
828.763 -83
832.747 -29
836.732 28
840.716 -35
844.7 11
848.685 1
852.669 -30
856.654 55
860.638 64
864.623 8
868.607 -85
872.591 7
876.576 -55
880.56 -32
884.545 48
888.529 -15
892.514 -62
896.498 15
900.482 -34
904.467 75
908.451 -69
912.436 31
916.42 -50
920.405 -92
924.389 37
928.374 50
932.358 -62
936.342 22
940.327 84
944.311 -69
948.296 14
952.28 75
956.265 63
960.249 93
964.233 37
968.218 -68
972.202 -75
976.187 -90
980.171 34
984.156 -44
988.14 61
992.125 -42
996.109 -51
1000.09 97
1004.08 79
1008.06 -39
1012.05 57
1016.03 -29
1020.02 95
1024 -48
