0 -77
0.999024 41
1.99805 -54
2.99707 -66
3.9961 32
4.99512 16
5.99415 91
6.99317 7
7.9922 -95
8.99122 22
9.99024 -81
10.9893 50
11.9883 -35
12.9873 -95
13.9863 -83
14.9854 -13
15.9844 -68
16.9834 67
17.9824 1
18.9815 -36
19.9805 -86
20.9795 -39
21.9785 -76
22.9776 -94
23.9766 -14
24.9756 74
25.9746 56
26.9737 7
27.9727 -81
28.9717 -18
29.9707 -59
30.9698 -76
31.9688 -82
32.9678 -25
33.9668 3
34.9659 94
35.9649 29
36.9639 -96
37.9629 84
38.962 -44
39.961 -33
40.96 72
41.959 -46
42.958 -72
43.9571 -61
44.9561 -97
45.9551 -41
46.9541 70
47.9532 82
48.9522 -3
49.9512 -57
50.9502 82
51.9493 7
52.9483 58
53.9473 81
54.9463 -60
55.9454 -13
56.9444 -53
57.9434 -49
58.9424 13
59.9415 50
60.9405 15
61.9395 -65
62.9385 82
63.9376 87
64.9366 80
65.9356 -54
66.9346 -20
67.9337 23
68.9327 -86
69.9317 -54
70.9307 -20
71.9298 18
72.9288 55
73.9278 -90
74.9268 -67
75.9259 98
76.9249 65
77.9239 1
78.9229 -7
79.922 50
80.921 52
81.92 -29
82.919 -75
83.918 60
84.9171 94
85.9161 -52
86.9151 -82
87.9141 38
88.9132 -73
89.9122 86
90.9112 -29
91.9102 10
92.9093 -64
93.9083 -10
94.9073 -4
95.9063 -37
96.9054 -34
97.9044 -7
98.9034 -36
99.9024 69
100.901 -14
101.9 71
102.9 -34
103.899 14
104.898 9
105.897 35
106.896 -20
107.895 59
108.894 93
109.893 -72
110.892 -60
111.891 -11
112.89 83
113.889 85
114.888 -85
115.887 -24
116.886 27
117.885 72
118.884 -92
119.883 61
120.882 29
121.881 83
122.88 78
123.879 -13
124.878 -78
125.877 -15
126.876 46
127.875 14
128.874 -82
129.873 -33
130.872 44
131.871 -5
132.87 56
133.869 66
134.868 42
135.867 -79
136.866 -54
137.865 -68
138.864 88
139.863 60
140.862 11
141.861 -84
142.86 -65
143.86 -51
144.859 72
145.858 -41
146.857 86
147.856 51
148.855 48
149.854 50
150.853 37
151.852 77
152.851 -28
153.85 -29
154.849 -22
155.848 93
156.847 -67
157.846 22
158.845 40
159.844 71
160.843 -96
161.842 -11
162.841 5
163.84 65
164.839 -72
165.838 53
166.837 -51
167.836 46
168.835 -22
169.834 -11
170.833 -34
171.832 -99
172.831 80
173.83 -100
174.829 59
175.828 24
176.827 -17
177.826 64
178.825 90
179.824 -45
180.823 21
181.822 64
182.821 38
183.82 5
184.82 54
185.819 -77
186.818 -9
187.817 85
188.816 12
189.815 -79
190.814 -35
191.813 -61
192.812 -82
193.811 -7
194.81 -12
195.809 70
196.808 -6
197.807 -28
198.806 9
199.805 5
200.804 86
201.803 -37
202.802 83
203.801 -89
204.8 33
205.799 -36
206.798 -70
207.797 -22
208.796 -23
209.795 37
210.794 -75
211.793 -61
212.792 -44
213.791 -10
214.79 59
215.789 -74
216.788 86
217.787 34
218.786 65
219.785 60
220.784 -45
221.783 17
222.782 -10
223.781 -75
224.78 14
225.78 -57
226.779 -29
227.778 74
228.777 -100
229.776 57
230.775 50
231.774 -16
232.773 -81
233.772 62
234.771 -99
235.77 -85
236.769 5
237.768 -32
238.767 5
239.766 50
240.765 47
241.764 41
242.763 24
243.762 -64
244.761 -59
245.76 -27
246.759 63
247.758 -12
248.757 -12
249.756 -82
250.755 53
251.754 13
252.753 -84
253.752 -64
254.751 31
255.75 -48
256.749 -14
257.748 17
258.747 -95
259.746 -63
260.745 -59
261.744 29
262.743 88
263.742 -34
264.741 81
265.74 82
266.74 -65
267.739 -75
268.738 -47
269.737 95
270.736 -61
271.735 -68
272.734 -14
273.733 27
274.732 -62
275.731 -78
276.73 -27
277.729 -31
278.728 -93
279.727 99
280.726 -67
281.725 -7
282.724 -93
283.723 17
284.722 75
285.721 30
286.72 -31
287.719 -41
288.718 -64
289.717 30
290.716 97
291.715 -62
292.714 12
293.713 -71
294.712 36
295.711 79
296.71 35
297.709 -77
298.708 -7
299.707 69
300.706 98
301.705 -21
302.704 13
303.703 -81
304.702 68
305.701 88
306.7 -62
307.7 16
308.699 -58
309.698 -31
310.697 -28
311.696 77
312.695 69
313.694 -19
314.693 50
315.692 12
316.691 6
317.69 -22
318.689 -1
319.688 -26
320.687 -73
321.686 -57
322.685 61
323.684 76
324.683 -85
325.682 -56
326.681 61
327.68 64
328.679 11
329.678 -50
330.677 83
331.676 -35
332.675 62
333.674 32
334.673 0
335.672 -48
336.671 -69
337.67 56
338.669 9
339.668 90
340.667 77
341.666 -21
342.665 23
343.664 95
344.663 -52
345.662 60
346.661 38
347.66 -98
348.66 -17
349.659 -35
350.658 -54
351.657 34
352.656 -19
353.655 60
354.654 -48
355.653 7
356.652 -82
357.651 -18
358.65 -54
359.649 -86
360.648 96
361.647 46
362.646 75
363.645 -48
364.644 35
365.643 96
366.642 9
367.641 -6
368.64 -83
369.639 76
370.638 98
371.637 -66
372.636 43
373.635 83
374.634 84
375.633 -41
376.632 -69
377.631 23
378.63 -19
379.629 -28
380.628 -99
381.627 66
382.626 -52
383.625 -18
384.624 94
385.623 1
386.622 10
387.621 71
388.62 34
389.62 9
390.619 -71
391.618 71
392.617 23
393.616 -65
394.615 70
395.614 -32
396.613 0
397.612 -1
398.611 -48
399.61 47
400.609 -17
401.608 85
402.607 86
403.606 -16
404.605 9
405.604 98
406.603 16
407.602 -44
408.601 -92
409.6 -46
410.599 38
411.598 86
412.597 0
413.596 -85
414.595 -52
415.594 -96
416.593 23
417.592 99
418.591 11
419.59 -26
420.589 77
421.588 11
422.587 19
423.586 98
424.585 78
425.584 -82
426.583 -4
427.582 27
428.581 63
429.58 84
430.58 19
431.579 -65
432.578 44
433.577 36
434.576 -23
435.575 37
436.574 -89
437.573 72
438.572 -59
439.571 41
440.57 49
441.569 -51
442.568 85
443.567 -74
444.566 22
445.565 51
446.564 48
447.563 -4
448.562 -24
449.561 10
450.56 38
451.559 -47
452.558 70
453.557 -62
454.556 -11
455.555 -91
456.554 86
457.553 -5
458.552 80
459.551 -16
460.55 48
461.549 30
462.548 -90
463.547 -50
464.546 69
465.545 -53
466.544 80
467.543 -95
468.542 -19
469.541 89
470.54 -11
471.54 -65
472.539 24
473.538 -61
474.537 -29
475.536 58
476.535 57
477.534 -30
478.533 -94
479.532 55
480.531 59
481.53 -65
482.529 55
483.528 54
484.527 56
485.526 -92
486.525 11
487.524 -60
488.523 91
489.522 -59
490.521 47
491.52 -84
492.519 -33
493.518 85
494.517 -33
495.516 66
496.515 -53
497.514 28
498.513 64
499.512 -67
500.511 49
501.51 16
502.509 -98
503.508 56
504.507 91
505.506 53
506.505 1
507.504 46
508.503 28
509.502 -69
510.501 63
511.5 -8
512.5 -80
513.499 77
514.498 -40
515.497 82
516.496 -9
517.495 -88
518.494 89
519.493 -67
520.492 -45
521.491 -27
522.49 55
523.489 -28
524.488 53
525.487 -11
526.486 52
527.485 56
528.484 34
529.483 76
530.482 35
531.481 23
532.48 18
533.479 68
534.478 6
535.477 -63
536.476 41
537.475 -67
538.474 63
539.473 23
540.472 -93
541.471 34
542.47 -44
543.469 -46
544.468 -94
545.467 -70
546.466 92
547.465 -75
548.464 6
549.463 81
550.462 -81
551.461 -50
552.46 86
553.46 78
554.459 -29
555.458 -57
556.457 18
557.456 -39
558.455 -90
559.454 -55
560.453 75
561.452 -73
562.451 -7
563.45 -1
564.449 31
565.448 41
566.447 -19
567.446 -35
568.445 54
569.444 60
570.443 -7
571.442 -61
572.441 -39
573.44 -33
574.439 64
575.438 19
576.437 4
577.436 -64
578.435 -89
579.434 67
580.433 23
581.432 -67
582.431 -20
583.43 -36
584.429 -34
585.428 -74
586.427 -52
587.426 -34
588.425 6
589.424 85
590.423 23
591.422 -18
592.421 -20
593.42 -49
594.42 -43
595.419 -25
596.418 82
597.417 -36
598.416 27
599.415 73
600.414 -86
601.413 -31
602.412 -80
603.411 22
604.41 -66
605.409 -24
606.408 -91
607.407 -64
608.406 19
609.405 -23
610.404 -35
611.403 37
612.402 -75
613.401 21
614.4 68
615.399 12
616.398 98
617.397 52
618.396 53
619.395 59
620.394 98
621.393 35
622.392 -54
623.391 42
624.39 76
625.389 73
626.388 -31
627.387 -97
628.386 99
629.385 -95
630.384 52
631.383 -30
632.382 31
633.381 53
634.38 -100
635.38 -38
636.379 43
637.378 -47
638.377 -6
639.376 0
640.375 2
641.374 46
642.373 37
643.372 97
644.371 78
645.37 83
646.369 63
647.368 72
648.367 54
649.366 54
650.365 -45
651.364 -45
652.363 50
653.362 -54
654.361 -82
655.36 -9
656.359 80
657.358 11
658.357 -64
659.356 61
660.355 69
661.354 15
662.353 -85
663.352 12
664.351 -46
665.35 74
666.349 -11
667.348 -17
668.347 -27
669.346 61
670.345 57
671.344 -66
672.343 96
673.342 9
674.341 -17
675.34 26
676.34 -54
677.339 -52
678.338 -91
679.337 -69
680.336 -20
681.335 -70
682.334 41
683.333 64
684.332 -73
685.331 -86
686.33 98
687.329 81
688.328 -71
689.327 -99
690.326 33
691.325 -39
692.324 100
693.323 -68
694.322 73
695.321 -79
696.32 97
697.319 -87
698.318 -12
699.317 16
700.316 62
701.315 39
702.314 -7
703.313 97
704.312 11
705.311 21
706.31 41
707.309 72
708.308 -96
709.307 17
710.306 -60
711.305 -87
712.304 -81
713.303 43
714.302 -70
715.301 -36
716.3 29
717.3 94
718.299 93
719.298 50
720.297 -45
721.296 19
722.295 -96
723.294 -82
724.293 -49
725.292 6
726.291 1
727.29 31
728.289 -53
729.288 -4
730.287 100
731.286 63
732.285 75
733.284 50
734.283 -66
735.282 -86
736.281 4
737.28 15
738.279 24
739.278 84
740.277 49
741.276 92
742.275 -14
743.274 -54
744.273 -59
745.272 -54
746.271 -35
747.27 -55
748.269 -40
749.268 84
750.267 80
751.266 86
752.265 90
753.264 -45
754.263 -18
755.262 43
756.261 93
757.26 -43
758.26 32
759.259 -48
760.258 -49
761.257 -35
762.256 75
763.255 98
764.254 -7
765.253 -81
766.252 36
767.251 -88
768.25 -80
769.249 69
770.248 5
771.247 66
772.246 -100
773.245 -10
774.244 48
775.243 83
776.242 27
777.241 -24
778.24 -7
779.239 -14
780.238 24
781.237 -55
782.236 73
783.235 5
784.234 -71
785.233 30
786.232 -39
787.231 100
788.23 9
789.229 -24
790.228 -9
791.227 -23
792.226 63
793.225 85
794.224 22
795.223 -55
796.222 92
797.221 -58
798.22 -2
799.22 -6
800.219 12
801.218 -42
802.217 -68
803.216 -27
804.215 -69
805.214 -49
806.213 21
807.212 -22
808.211 77
809.21 -51
810.209 -40
811.208 54
812.207 -73
813.206 72
814.205 -99
815.204 7
816.203 76
817.202 18
818.201 -73
819.2 88
820.199 -9
821.198 59
822.197 -33
823.196 -89
824.195 -18
825.194 27
826.193 -8
827.192 -41
828.191 44
829.19 92
830.189 -14
831.188 -81
832.187 -14
833.186 84
834.185 -50
835.184 -74
836.183 -40
837.182 -38
838.181 6
839.18 82
840.18 44
841.179 71
842.178 -19
843.177 -40
844.176 33
845.175 24
846.174 -62
847.173 -34
848.172 -28
849.171 -41
850.17 38
851.169 7
852.168 -97
853.167 42
854.166 83
855.165 -3
856.164 -66
857.163 56
858.162 73
859.161 -39
860.16 -23
861.159 -41
862.158 -29
863.157 -6
864.156 94
865.155 99
866.154 -87
867.153 41
868.152 -59
869.151 69
870.15 -85
871.149 -99
872.148 -21
873.147 42
874.146 21
875.145 95
876.144 24
877.143 -46
878.142 49
879.141 -99
880.14 -78
881.14 3
882.139 -76
883.138 1
884.137 -81
885.136 -36
886.135 -80
887.134 56
888.133 78
889.132 -28
890.131 -48
891.13 -31
892.129 81
893.128 40
894.127 38
895.126 -7
896.125 42
897.124 74
898.123 -36
899.122 84
900.121 65
901.12 67
902.119 3
903.118 -15
904.117 -61
905.116 -74
906.115 -84
907.114 -31
908.113 -42
909.112 -97
910.111 -63
911.11 -50
912.109 -44
913.108 -29
914.107 -13
915.106 0
916.105 12
917.104 -4
918.103 80
919.102 48
920.101 31
921.1 60
922.1 -67
923.099 22
924.098 38
925.097 14
926.096 49
927.095 -2
928.094 4
929.093 85
930.092 -79
931.091 23
932.09 -15
933.089 49
934.088 21
935.087 10
936.086 33
937.085 32
938.084 97
939.083 32
940.082 -4
941.081 -89
942.08 3
943.079 -77
944.078 -49
945.077 21
946.076 55
947.075 -73
948.074 70
949.073 -41
950.072 -73
951.071 36
952.07 4
953.069 -82
954.068 -38
955.067 -18
956.066 -14
957.065 -60
958.064 3
959.063 -83
960.062 -70
961.061 -16
962.06 -74
963.06 3
964.059 -60
965.058 -11
966.057 -57
967.056 29
968.055 -33
969.054 50
970.053 4
971.052 -58
972.051 -99
973.05 45
974.049 38
975.048 -32
976.047 44
977.046 56
978.045 -61
979.044 40
980.043 -93
981.042 42
982.041 44
983.04 23
984.039 100
985.038 -1
986.037 21
987.036 -54
988.035 -46
989.034 100
990.033 -49
991.032 18
992.031 79
993.03 -76
994.029 71
995.028 99
996.027 -32
997.026 18
998.025 36
999.024 49
1000.02 41
1001.02 64
1002.02 78
1003.02 -54
1004.02 99
1005.02 -1
1006.02 12
1007.02 41
1008.02 85
1009.01 88
1010.01 95
1011.01 89
1012.01 -61
1013.01 13
1014.01 -91
1015.01 44
1016.01 95
1017.01 -18
1018.01 25
1019 -80
1020 52
1021 -29
1022 -55
1023 37
