0 81
15.7538 -96
31.5077 55
47.2615 87
63.0154 28
78.7692 95
94.5231 27
110.277 -44
126.031 8
141.785 -38
157.538 17
173.292 76
189.046 28
204.8 -43
220.554 94
236.308 28
252.062 31
267.815 -31
283.569 35
299.323 -62
315.077 -33
330.831 -57
346.585 6
362.338 91
378.092 -12
393.846 -97
409.6 -53
425.354 58
441.108 -29
456.862 4
472.615 -84
488.369 -78
504.123 -59
519.877 75
535.631 99
551.385 -28
567.138 75
582.892 6
598.646 87
614.4 -44
630.154 -73
645.908 -98
661.662 67
677.415 70
693.169 -1
708.923 83
724.677 98
740.431 1
756.185 44
771.938 -8
787.692 -7
803.446 49
819.2 -56
834.954 83
850.708 11
866.462 17
882.215 49
897.969 -22
913.723 32
929.477 -64
945.231 -33
960.985 96
976.738 99
992.492 21
1008.25 -2
1024 -33
