0 -12
1.9961 -66
3.9922 79
5.9883 93
7.98441 -58
9.98051 -93
11.9766 26
13.9727 -47
15.9688 -40
17.9649 -74
19.961 37
21.9571 -5
23.9532 -8
25.9493 83
27.9454 -69
29.9415 -20
31.9376 19
33.9337 -86
35.9298 -84
37.9259 2
39.922 67
41.9181 55
43.9142 -95
45.9103 -61
47.9064 -69
49.9025 -90
51.8986 80
53.8947 -22
55.8908 -36
57.8869 -29
59.883 -35
61.8791 100
63.8752 -76
65.8713 -72
67.8674 50
69.8635 -46
71.8596 93
73.8558 -27
75.8519 -79
77.848 -69
79.8441 -26
81.8402 -25
83.8363 33
85.8324 19
87.8285 -21
89.8246 41
91.8207 61
93.8168 37
95.8129 41
97.809 67
99.8051 -75
101.801 -32
103.797 -23
105.793 -61
107.789 5
109.786 -82
111.782 -36
113.778 10
115.774 -17
117.77 55
119.766 -73
121.762 42
123.758 46
125.754 48
127.75 86
129.747 -88
131.743 -19
133.739 61
135.735 99
137.731 -73
139.727 15
141.723 -13
143.719 -52
145.715 94
147.712 -25
149.708 62
151.704 88
153.7 -39
155.696 31
157.692 43
159.688 56
161.684 -98
163.68 51
165.676 95
167.673 75
169.669 6
171.665 33
173.661 -70
175.657 -23
177.653 -55
179.649 13
181.645 -49
183.641 51
185.637 12
187.634 74
189.63 17
191.626 -25
193.622 -62
195.618 65
197.614 -22
199.61 29
201.606 -65
203.602 -85
205.598 -67
207.595 53
209.591 -15
211.587 -54
213.583 -64
215.579 84
217.575 100
219.571 -77
221.567 -66
223.563 -86
225.559 26
227.556 -27
229.552 -19
231.548 -88
233.544 -90
235.54 52
237.536 -26
239.532 -81
241.528 -99
243.524 70
245.52 21
247.517 -85
249.513 -34
251.509 -92
253.505 18
255.501 -46
257.497 21
259.493 52
261.489 -69
263.485 -40
265.481 -83
267.478 -61
269.474 -19
271.47 62
273.466 -35
275.462 19
277.458 -70
279.454 -1
281.45 79
283.446 -40
285.442 17
287.439 -68
289.435 38
291.431 81
293.427 33
295.423 -58
297.419 -27
299.415 -56
301.411 -6
303.407 -2
305.404 -52
307.4 60
309.396 44
311.392 -61
313.388 1
315.384 -17
317.38 -95
319.376 -18
321.372 77
323.368 8
325.365 -16
327.361 -26
329.357 71
331.353 -86
333.349 99
335.345 -89
337.341 -72
339.337 -75
341.333 65
343.329 13
345.326 95
347.322 -55
349.318 19
351.314 79
353.31 31
355.306 4
357.302 -85
359.298 86
361.294 -56
363.29 -75
365.287 -54
367.283 -3
369.279 62
371.275 -1
373.271 40
375.267 15
377.263 -6
379.259 -43
381.255 23
383.251 -92
385.248 19
387.244 32
389.24 19
391.236 85
393.232 57
395.228 -72
397.224 -8
399.22 -63
401.216 -60
403.212 37
405.209 37
407.205 24
409.201 47
411.197 -42
413.193 96
415.189 -38
417.185 41
419.181 87
421.177 96
423.173 88
425.17 65
427.166 -39
429.162 7
431.158 69
433.154 -59
435.15 53
437.146 99
439.142 -56
441.138 -52
443.135 -19
445.131 -26
447.127 -95
449.123 20
451.119 -56
453.115 98
455.111 -74
457.107 92
459.103 -44
461.099 63
463.096 30
465.092 -94
467.088 -74
469.084 -6
471.08 -80
473.076 54
475.072 86
477.068 -3
479.064 -7
481.06 -62
483.057 -8
485.053 -69
487.049 60
489.045 -57
491.041 -70
493.037 90
495.033 -96
497.029 24
499.025 -71
501.021 42
503.018 7
505.014 41
507.01 -88
509.006 39
511.002 -92
512.998 29
514.994 76
516.99 -69
518.986 -47
520.982 18
522.979 18
524.975 12
526.971 75
528.967 94
530.963 46
532.959 22
534.955 -32
536.951 51
538.947 37
540.943 -23
542.94 21
544.936 76
546.932 28
548.928 2
550.924 -84
552.92 -18
554.916 58
556.912 90
558.908 89
560.904 14
562.901 -56
564.897 14
566.893 74
568.889 67
570.885 -84
572.881 78
574.877 89
576.873 -93
578.869 -30
580.865 -38
582.862 -11
584.858 47
586.854 56
588.85 17
590.846 -15
592.842 -54
594.838 90
596.834 86
598.83 19
600.827 -39
602.823 40
604.819 32
606.815 11
608.811 -72
610.807 -79
612.803 39
614.799 48
616.795 -9
618.791 9
620.788 1
622.784 8
624.78 73
626.776 -30
628.772 -75
630.768 68
632.764 -63
634.76 20
636.756 -45
638.752 49
640.749 56
642.745 -10
644.741 -81
646.737 -88
648.733 -19
650.729 82
652.725 78
654.721 -82
656.717 87
658.713 65
660.71 19
662.706 89
664.702 53
666.698 82
668.694 59
670.69 -55
672.686 -29
674.682 -73
676.678 -14
678.674 29
680.671 -85
682.667 35
684.663 -97
686.659 -38
688.655 -38
690.651 40
692.647 -72
694.643 50
696.639 64
698.635 -99
700.632 79
702.628 -13
704.624 -47
706.62 -4
708.616 -72
710.612 89
712.608 -73
714.604 82
716.6 -82
718.596 71
720.593 -60
722.589 37
724.585 -54
726.581 40
728.577 84
730.573 -67
732.569 28
734.565 44
736.561 62
738.558 -7
740.554 -30
742.55 44
744.546 -81
746.542 -98
748.538 -49
750.534 47
752.53 -87
754.526 68
756.522 -85
758.519 -27
760.515 -22
762.511 -13
764.507 -72
766.503 -29
768.499 -43
770.495 55
772.491 98
774.487 65
776.483 90
778.48 22
780.476 43
782.472 -58
784.468 46
786.464 -47
788.46 -19
790.456 -76
792.452 53
794.448 95
796.444 48
798.441 9
800.437 53
802.433 -40
804.429 -62
806.425 -87
808.421 32
810.417 1
812.413 76
814.409 27
816.405 -20
818.402 25
820.398 79
822.394 10
824.39 74
826.386 -25
828.382 -26
830.378 -74
832.374 -9
834.37 -8
836.366 -94
838.363 -43
840.359 58
842.355 73
844.351 -21
846.347 0
848.343 -69
850.339 -20
852.335 -77
854.331 11
856.327 -97
858.324 46
860.32 -18
862.316 -40
864.312 -16
866.308 -43
868.304 -28
870.3 -52
872.296 -6
874.292 -13
876.288 -45
878.285 63
880.281 -42
882.277 -23
884.273 74
886.269 -54
888.265 -30
890.261 57
892.257 72
894.253 50
896.25 96
898.246 -37
900.242 61
902.238 -16
904.234 47
906.23 -87
908.226 -55
910.222 -52
912.218 -44
914.214 -38
916.211 -91
918.207 2
920.203 9
922.199 76
924.195 -74
926.191 -61
928.187 56
930.183 15
932.179 65
934.175 -26
936.172 -53
938.168 91
940.164 6
942.16 -99
944.156 -69
946.152 85
948.148 -41
950.144 90
952.14 2
954.136 -23
956.133 61
958.129 61
960.125 34
962.121 -82
964.117 99
966.113 77
968.109 -100
970.105 52
972.101 17
974.097 86
976.094 -15
978.09 -20
980.086 -73
982.082 -95
984.078 36
986.074 28
988.07 8
990.066 69
992.062 -4
994.058 91
996.055 -30
998.051 32
1000.05 15
1002.04 27
1004.04 -3
1006.04 -96
1008.03 -58
1010.03 -94
1012.02 58
1014.02 97
1016.02 -90
1018.01 -62
1020.01 -26
1022 -4
