0 91
7.93798 42
15.876 -64
23.814 -100
31.7519 -14
39.6899 61
47.6279 42
55.5659 17
63.5039 -23
71.4419 -30
79.3798 77
87.3178 -66
95.2558 -60
103.194 -95
111.132 -26
119.07 16
127.008 40
134.946 50
142.884 91
150.822 29
158.76 44
166.698 -32
174.636 -87
182.574 -35
190.512 82
198.45 -12
206.388 -50
214.326 -75
222.264 39
230.202 -4
238.14 -54
246.078 -52
254.016 76
261.953 13
269.891 -38
277.829 -46
285.767 -67
293.705 18
301.643 30
309.581 -77
317.519 5
325.457 -43
333.395 41
341.333 38
349.271 85
357.209 -25
365.147 70
373.085 -98
381.023 59
388.961 -77
396.899 -31
404.837 16
412.775 -53
420.713 82
428.651 -27
436.589 -82
444.527 -13
452.465 72
460.403 57
468.341 -3
476.279 -9
484.217 16
492.155 -67
500.093 64
508.031 -37
515.969 52
523.907 -5
531.845 37
539.783 68
547.721 100
555.659 -78
563.597 -70
571.535 -58
579.473 -78
587.411 6
595.349 68
603.287 -53
611.225 -65
619.163 -54
627.101 28
635.039 -61
642.977 -78
650.915 53
658.853 36
666.791 -97
674.729 -14
682.667 -27
690.605 1
698.543 27
706.481 41
714.419 -55
722.357 -73
730.295 -1
738.233 68
746.171 93
754.109 -90
762.047 69
769.984 1
777.922 -55
785.86 -38
793.798 27
801.736 -99
809.674 -94
817.612 -72
825.55 -92
833.488 -65
841.426 -32
849.364 -41
857.302 32
865.24 81
873.178 56
881.116 83
889.054 25
896.992 31
904.93 -29
912.868 49
920.806 96
928.744 -12
936.682 44
944.62 -85
952.558 61
960.496 -69
968.434 65
976.372 60
984.31 42
992.248 26
1000.19 43
1008.12 -35
1016.06 20
