0 65
1.9961 -39
3.9922 76
5.9883 -31
7.98441 89
9.98051 61
11.9766 68
13.9727 15
15.9688 87
17.9649 20
19.961 80
21.9571 -72
23.9532 28
25.9493 38
27.9454 -82
29.9415 -17
31.9376 89
33.9337 -92
35.9298 -15
37.9259 3
39.922 76
41.9181 86
43.9142 -17
45.9103 -36
47.9064 78
49.9025 -82
51.8986 -79
53.8947 19
55.8908 13
57.8869 19
59.883 -23
61.8791 91
63.8752 -80
65.8713 -62
67.8674 19
69.8635 42
71.8596 6
73.8558 71
75.8519 -58
77.848 18
79.8441 97
81.8402 -96
83.8363 -42
85.8324 -78
87.8285 87
89.8246 -75
91.8207 -89
93.8168 -75
95.8129 -68
97.809 19
99.8051 17
101.801 -51
103.797 77
105.793 47
107.789 88
109.786 -48
111.782 -19
113.778 34
115.774 -73
117.77 97
119.766 13
121.762 75
123.758 38
125.754 2
127.75 40
129.747 84
131.743 -69
133.739 15
135.735 -86
137.731 34
139.727 8
141.723 -46
143.719 43
145.715 9
147.712 86
149.708 -44
151.704 63
153.7 60
155.696 -36
157.692 7
159.688 -47
161.684 25
163.68 -92
165.676 31
167.673 42
169.669 -25
171.665 41
173.661 49
175.657 73
177.653 -33
179.649 90
181.645 -76
183.641 80
185.637 36
187.634 -89
189.63 -65
191.626 96
193.622 -77
195.618 -77
197.614 -80
199.61 -32
201.606 -38
203.602 -25
205.598 -8
207.595 2
209.591 -100
211.587 -96
213.583 64
215.579 74
217.575 -93
219.571 99
221.567 99
223.563 -94
225.559 10
227.556 28
229.552 -68
231.548 -59
233.544 -16
235.54 18
237.536 -60
239.532 50
241.528 74
243.524 -23
245.52 31
247.517 -42
249.513 17
251.509 95
253.505 70
255.501 -25
257.497 -47
259.493 24
261.489 -78
263.485 -38
265.481 19
267.478 68
269.474 -25
271.47 -37
273.466 -78
275.462 71
277.458 79
279.454 -91
281.45 -4
283.446 27
285.442 -41
287.439 -79
289.435 33
291.431 -62
293.427 -49
295.423 45
297.419 70
299.415 -3
301.411 -29
303.407 21
305.404 67
307.4 -31
309.396 -6
311.392 48
313.388 37
315.384 -31
317.38 -20
319.376 -66
321.372 31
323.368 79
325.365 82
327.361 -41
329.357 16
331.353 32
333.349 -43
335.345 -13
337.341 -92
339.337 12
341.333 -4
343.329 -4
345.326 91
347.322 68
349.318 -7
351.314 46
353.31 91
355.306 96
357.302 82
359.298 -50
361.294 75
363.29 76
365.287 77
367.283 30
369.279 81
371.275 17
373.271 25
375.267 39
377.263 -89
379.259 -1
381.255 -20
383.251 -3
385.248 90
387.244 -40
389.24 52
391.236 -15
393.232 65
395.228 97
397.224 13
399.22 8
401.216 18
403.212 11
405.209 -38
407.205 84
409.201 45
411.197 68
413.193 -17
415.189 6
417.185 51
419.181 47
421.177 8
423.173 -93
425.17 55
427.166 -12
429.162 78
431.158 -94
433.154 -28
435.15 17
437.146 25
439.142 -26
441.138 -63
443.135 60
445.131 -51
447.127 -93
449.123 15
451.119 3
453.115 88
455.111 78
457.107 -22
459.103 -33
461.099 -25
463.096 -81
465.092 -99
467.088 -24
469.084 93
471.08 -24
473.076 -49
475.072 26
477.068 85
479.064 -17
481.06 -34
483.057 18
485.053 -84
487.049 39
489.045 54
491.041 8
493.037 35
495.033 60
497.029 32
499.025 55
501.021 -48
503.018 74
505.014 -44
507.01 78
509.006 47
511.002 15
512.998 4
514.994 -20
516.99 10
518.986 66
520.982 -20
522.979 -66
524.975 28
526.971 25
528.967 18
530.963 -48
532.959 -58
534.955 -4
536.951 28
538.947 -12
540.943 13
542.94 43
544.936 35
546.932 -30
548.928 46
550.924 -59
552.92 -68
554.916 -48
556.912 64
558.908 78
560.904 89
562.901 -57
564.897 22
566.893 47
568.889 54
570.885 4
572.881 -63
574.877 90
576.873 44
578.869 -51
580.865 -70
582.862 -22
584.858 3
586.854 23
588.85 24
590.846 61
592.842 99
594.838 89
596.834 18
598.83 -87
600.827 -11
602.823 -1
604.819 -82
606.815 -12
608.811 0
610.807 -73
612.803 30
614.799 11
616.795 -22
618.791 23
620.788 -99
622.784 54
624.78 63
626.776 60
628.772 44
630.768 -93
632.764 35
634.76 -13
636.756 -86
638.752 -87
640.749 -22
642.745 -65
644.741 -60
646.737 100
648.733 8
650.729 68
652.725 89
654.721 48
656.717 -9
658.713 32
660.71 53
662.706 -94
664.702 -17
666.698 87
668.694 -89
670.69 6
672.686 55
674.682 23
676.678 59
678.674 59
680.671 -45
682.667 90
684.663 -45
686.659 -7
688.655 -69
690.651 24
692.647 1
694.643 -59
696.639 69
698.635 84
700.632 -45
702.628 89
704.624 70
706.62 87
708.616 94
710.612 62
712.608 -82
714.604 86
716.6 89
718.596 0
720.593 -23
722.589 -31
724.585 14
726.581 -26
728.577 52
730.573 -50
732.569 94
734.565 -52
736.561 86
738.558 46
740.554 -19
742.55 30
744.546 -14
746.542 -49
748.538 -12
750.534 -3
752.53 -47
754.526 60
756.522 58
758.519 -20
760.515 5
762.511 -76
764.507 -81
766.503 -79
768.499 51
770.495 -78
772.491 -46
774.487 -74
776.483 68
778.48 48
780.476 -2
782.472 -40
784.468 -33
786.464 80
788.46 21
790.456 25
792.452 10
794.448 89
796.444 52
798.441 -85
800.437 32
802.433 -16
804.429 43
806.425 -11
808.421 25
810.417 -88
812.413 61
814.409 0
816.405 59
818.402 0
820.398 -29
822.394 -17
824.39 42
826.386 -12
828.382 -60
830.378 -17
832.374 97
834.37 -69
836.366 -82
838.363 -81
840.359 -46
842.355 -8
844.351 91
846.347 -59
848.343 6
850.339 -87
852.335 -12
854.331 53
856.327 73
858.324 70
860.32 -85
862.316 -15
864.312 19
866.308 98
868.304 42
870.3 83
872.296 0
874.292 -22
876.288 90
878.285 39
880.281 75
882.277 -62
884.273 18
886.269 19
888.265 -91
890.261 0
892.257 67
894.253 -67
896.25 -66
898.246 10
900.242 57
902.238 76
904.234 -23
906.23 64
908.226 42
910.222 -36
912.218 -57
914.214 19
916.211 20
918.207 -66
920.203 -89
922.199 -79
924.195 -91
926.191 -98
928.187 -29
930.183 -45
932.179 70
934.175 9
936.172 27
938.168 22
940.164 -96
942.16 -84
944.156 -98
946.152 -58
948.148 30
950.144 78
952.14 2
954.136 89
956.133 14
958.129 -52
960.125 -83
962.121 -96
964.117 29
966.113 -63
968.109 -88
970.105 65
972.101 -70
974.097 -42
976.094 -57
978.09 51
980.086 -19
982.082 2
984.078 98
986.074 -15
988.07 -8
990.066 -33
992.062 -71
994.058 16
996.055 70
998.051 -61
1000.05 -25
1002.04 55
1004.04 -37
1006.04 -99
1008.03 99
1010.03 -78
1012.02 -96
1014.02 -39
1016.02 -95
1018.01 8
1020.01 -5
1022 -28
