0 -99
7.93798 72
15.876 75
23.814 -98
31.7519 57
39.6899 94
47.6279 1
55.5659 90
63.5039 -1
71.4419 -19
79.3798 92
87.3178 -38
95.2558 -83
103.194 39
111.132 -5
119.07 -90
127.008 -91
134.946 52
142.884 -37
150.822 49
158.76 -77
166.698 -66
174.636 -91
182.574 59
190.512 42
198.45 2
206.388 99
214.326 61
222.264 22
230.202 -22
238.14 98
246.078 -42
254.016 9
261.953 -13
269.891 -30
277.829 100
285.767 24
293.705 61
301.643 -26
309.581 -57
317.519 23
325.457 -67
333.395 -10
341.333 -51
349.271 30
357.209 89
365.147 -21
373.085 52
381.023 70
388.961 -70
396.899 54
404.837 -71
412.775 -85
420.713 -20
428.651 -57
436.589 65
444.527 18
452.465 18
460.403 -25
468.341 -71
476.279 52
484.217 66
492.155 -40
500.093 -24
508.031 86
515.969 45
523.907 -60
531.845 32
539.783 -8
547.721 -74
555.659 2
563.597 5
571.535 73
579.473 -96
587.411 -62
595.349 72
603.287 -68
611.225 43
619.163 62
627.101 46
635.039 81
642.977 23
650.915 -84
658.853 -95
666.791 -42
674.729 34
682.667 -47
690.605 -1
698.543 -58
706.481 -54
714.419 -72
722.357 -38
730.295 -21
738.233 -63
746.171 23
754.109 87
762.047 -3
769.984 75
777.922 81
785.86 -51
793.798 -59
801.736 -63
809.674 -89
817.612 -4
825.55 6
833.488 -49
841.426 86
849.364 92
857.302 33
865.24 -25
873.178 63
881.116 -94
889.054 76
896.992 71
904.93 -11
912.868 99
920.806 -99
928.744 -38
936.682 18
944.62 89
952.558 50
960.496 -19
968.434 -55
976.372 62
984.31 -3
992.248 44
1000.19 58
1008.12 73
1016.06 -98
