0 54
3.98444 -52
7.96887 -100
11.9533 29
15.9377 30
19.9222 -85
23.9066 50
27.8911 87
31.8755 89
35.8599 -74
39.8444 72
43.8288 -45
47.8132 70
51.7977 24
55.7821 37
59.7665 -6
63.751 -3
67.7354 71
71.7198 48
75.7043 -7
79.6887 -58
83.6732 6
87.6576 72
91.642 15
95.6265 -52
99.6109 -61
103.595 -87
107.58 -36
111.564 47
115.549 39
119.533 26
123.518 35
127.502 58
131.486 -16
135.471 -24
139.455 -50
143.44 -64
147.424 -25
151.409 -40
155.393 82
159.377 86
163.362 -28
167.346 51
171.331 -56
175.315 -14
179.3 -89
183.284 59
187.268 95
191.253 49
195.237 56
199.222 -39
203.206 16
207.191 16
211.175 87
215.16 -88
219.144 55
223.128 93
227.113 20
231.097 47
235.082 31
239.066 -40
243.051 -30
247.035 -90
251.019 67
255.004 -46
258.988 -99
262.973 -15
266.957 -1
270.942 -33
274.926 -49
278.911 -30
282.895 40
286.879 -52
290.864 -12
294.848 90
298.833 87
302.817 -60
306.802 27
310.786 8
314.77 78
318.755 57
322.739 44
326.724 9
330.708 -93
334.693 51
338.677 43
342.661 -16
346.646 99
350.63 -33
354.615 63
358.599 72
362.584 26
366.568 -3
370.553 -77
374.537 90
378.521 -48
382.506 73
386.49 16
390.475 55
394.459 45
398.444 -91
402.428 -29
406.412 32
410.397 53
414.381 9
418.366 90
422.35 -16
426.335 -10
430.319 38
434.304 64
438.288 77
442.272 78
446.257 -49
450.241 -100
454.226 72
458.21 5
462.195 -94
466.179 -93
470.163 -85
474.148 0
478.132 25
482.117 -85
486.101 45
490.086 -16
494.07 91
498.054 -87
502.039 -47
506.023 -89
510.008 -59
513.992 -84
517.977 89
521.961 7
525.946 77
529.93 -81
533.914 23
537.899 -78
541.883 47
545.868 -79
549.852 -11
553.837 -8
557.821 -54
561.805 -96
565.79 56
569.774 19
573.759 -25
577.743 55
581.728 -81
585.712 -98
589.696 92
593.681 96
597.665 43
601.65 -38
605.634 26
609.619 81
613.603 -40
617.588 14
621.572 94
625.556 7
629.541 58
633.525 -5
637.51 72
641.494 -80
645.479 -74
649.463 -94
653.447 -31
657.432 34
661.416 48
665.401 -84
669.385 -73
673.37 85
677.354 64
681.339 -57
685.323 -3
689.307 -97
693.292 -30
697.276 -79
701.261 27
705.245 38
709.23 56
713.214 -56
717.198 14
721.183 7
725.167 -9
729.152 -97
733.136 -58
737.121 -37
741.105 -32
745.089 -12
749.074 68
753.058 -10
757.043 -98
761.027 69
765.012 -32
768.996 18
772.981 61
776.965 91
780.949 29
784.934 95
788.918 -90
792.903 -31
796.887 -5
800.872 -61
804.856 74
808.84 75
812.825 84
816.809 -19
820.794 82
824.778 100
828.763 -69
832.747 35
836.732 88
840.716 -23
844.7 93
848.685 70
852.669 -45
856.654 -67
860.638 6
864.623 -34
868.607 -67
872.591 93
876.576 9
880.56 -35
884.545 64
888.529 42
892.514 -33
896.498 -17
900.482 -93
904.467 -48
908.451 47
912.436 65
916.42 -24
920.405 41
924.389 25
928.374 79
932.358 47
936.342 -8
940.327 -52
944.311 51
948.296 81
952.28 85
956.265 -3
960.249 45
964.233 93
968.218 -31
972.202 22
976.187 7
980.171 37
984.156 62
988.14 94
992.125 -77
996.109 93
1000.09 0
1004.08 -69
1008.06 -37
1012.05 -93
1016.03 82
1020.02 -48
1024 -41
