0 -73
3.98444 -12
7.96887 39
11.9533 -71
15.9377 -39
19.9222 -28
23.9066 100
27.8911 28
31.8755 -25
35.8599 -83
39.8444 -70
43.8288 -9
47.8132 -13
51.7977 -88
55.7821 -22
59.7665 57
63.751 57
67.7354 -8
71.7198 41
75.7043 -85
79.6887 -96
83.6732 89
87.6576 -6
91.642 -72
95.6265 94
99.6109 -64
103.595 -60
107.58 -45
111.564 85
115.549 -72
119.533 42
123.518 -96
127.502 -99
131.486 -27
135.471 89
139.455 9
143.44 -48
147.424 69
151.409 -71
155.393 -72
159.377 24
163.362 100
167.346 58
171.331 65
175.315 -76
179.3 -68
183.284 -77
187.268 54
191.253 -62
195.237 32
199.222 6
203.206 59
207.191 -5
211.175 7
215.16 91
219.144 -89
223.128 36
227.113 78
231.097 -84
235.082 29
239.066 -55
243.051 63
247.035 -19
251.019 90
255.004 97
258.988 -84
262.973 55
266.957 88
270.942 -56
274.926 70
278.911 -14
282.895 73
286.879 42
290.864 100
294.848 12
298.833 13
302.817 -71
306.802 -62
310.786 -87
314.77 -10
318.755 -21
322.739 13
326.724 -1
330.708 -77
334.693 -50
338.677 25
342.661 -69
346.646 53
350.63 16
354.615 -69
358.599 -75
362.584 10
366.568 100
370.553 -48
374.537 50
378.521 69
382.506 -17
386.49 -11
390.475 -56
394.459 -29
398.444 -45
402.428 -9
406.412 11
410.397 79
414.381 38
418.366 59
422.35 13
426.335 -23
430.319 -64
434.304 -36
438.288 77
442.272 66
446.257 -55
450.241 3
454.226 -44
458.21 69
462.195 70
466.179 -38
470.163 81
474.148 -96
478.132 -24
482.117 -76
486.101 -96
490.086 15
494.07 11
498.054 -98
502.039 -22
506.023 97
510.008 -94
513.992 -79
517.977 -67
521.961 -99
525.946 84
529.93 -60
533.914 47
537.899 -8
541.883 42
545.868 66
549.852 56
553.837 -49
557.821 -77
561.805 -54
565.79 52
569.774 -77
573.759 2
577.743 59
581.728 72
585.712 -63
589.696 -95
593.681 73
597.665 -9
601.65 1
605.634 -86
609.619 30
613.603 73
617.588 -31
621.572 -76
625.556 -26
629.541 73
633.525 70
637.51 41
641.494 -32
645.479 24
649.463 -63
653.447 -59
657.432 -70
661.416 62
665.401 89
669.385 -92
673.37 -54
677.354 -73
681.339 -58
685.323 59
689.307 52
693.292 -2
697.276 -81
701.261 98
705.245 -58
709.23 12
713.214 23
717.198 -1
721.183 -37
725.167 -89
729.152 -97
733.136 43
737.121 -19
741.105 -25
745.089 -22
749.074 -41
753.058 47
757.043 55
761.027 -12
765.012 -96
768.996 94
772.981 -81
776.965 -5
780.949 58
784.934 82
788.918 -75
792.903 -100
796.887 84
800.872 46
804.856 -80
808.84 -38
812.825 46
816.809 50
820.794 -50
824.778 63
828.763 40
832.747 -95
836.732 23
840.716 -42
844.7 51
848.685 18
852.669 13
856.654 54
860.638 -96
864.623 -83
868.607 -28
872.591 -41
876.576 -86
880.56 73
884.545 -96
888.529 -38
892.514 -73
896.498 -53
900.482 8
904.467 80
908.451 1
912.436 -39
916.42 -29
920.405 2
924.389 12
928.374 28
932.358 -70
936.342 63
940.327 40
944.311 -98
948.296 100
952.28 -16
956.265 -74
960.249 86
964.233 -47
968.218 -19
972.202 -34
976.187 -23
980.171 31
984.156 17
988.14 79
992.125 -33
996.109 70
1000.09 -77
1004.08 50
1008.06 -76
1012.05 97
1016.03 94
1020.02 2
1024 58
