0 92
15.7538 11
31.5077 99
47.2615 -37
63.0154 28
78.7692 -33
94.5231 71
110.277 -7
126.031 -74
141.785 41
157.538 26
173.292 -51
189.046 -55
204.8 68
220.554 -13
236.308 -53
252.062 -46
267.815 -41
283.569 88
299.323 72
315.077 93
330.831 -42
346.585 -81
362.338 -40
378.092 40
393.846 -35
409.6 -47
425.354 10
441.108 67
456.862 -63
472.615 16
488.369 60
504.123 11
519.877 5
535.631 61
551.385 57
567.138 95
582.892 5
598.646 23
614.4 -96
630.154 -70
645.908 -21
661.662 94
677.415 16
693.169 -55
708.923 83
724.677 91
740.431 -23
756.185 57
771.938 -46
787.692 -84
803.446 11
819.2 -94
834.954 15
850.708 -74
866.462 -38
882.215 55
897.969 53
913.723 -22
929.477 -64
945.231 -70
960.985 -71
976.738 -38
992.492 92
1008.25 -56
1024 -95
