0 70
3.98444 -90
7.96887 -31
11.9533 24
15.9377 -12
19.9222 41
23.9066 -30
27.8911 65
31.8755 10
35.8599 -59
39.8444 -23
43.8288 35
47.8132 98
51.7977 -34
55.7821 83
59.7665 -93
63.751 17
67.7354 26
71.7198 65
75.7043 -34
79.6887 -39
83.6732 63
87.6576 28
91.642 2
95.6265 64
99.6109 86
103.595 -84
107.58 -90
111.564 -16
115.549 -34
119.533 -25
123.518 27
127.502 -57
131.486 39
135.471 37
139.455 -45
143.44 61
147.424 -93
151.409 26
155.393 5
159.377 -8
163.362 -72
167.346 97
171.331 82
175.315 51
179.3 -37
183.284 -48
187.268 -3
191.253 -15
195.237 20
199.222 89
203.206 64
207.191 -2
211.175 -100
215.16 85
219.144 96
223.128 83
227.113 -76
231.097 -22
235.082 96
239.066 -10
243.051 -48
247.035 75
251.019 0
255.004 29
258.988 -4
262.973 68
266.957 9
270.942 4
274.926 -85
278.911 90
282.895 -51
286.879 97
290.864 -78
294.848 -28
298.833 82
302.817 -55
306.802 -78
310.786 86
314.77 6
318.755 84
322.739 8
326.724 -97
330.708 -95
334.693 62
338.677 -23
342.661 89
346.646 54
350.63 -45
354.615 89
358.599 75
362.584 77
366.568 81
370.553 -74
374.537 -26
378.521 90
382.506 -11
386.49 -79
390.475 -48
394.459 -8
398.444 -14
402.428 -2
406.412 50
410.397 -56
414.381 -37
418.366 -99
422.35 18
426.335 90
430.319 3
434.304 -14
438.288 -71
442.272 -79
446.257 -35
450.241 17
454.226 69
458.21 100
462.195 42
466.179 14
470.163 -53
474.148 46
478.132 -65
482.117 -75
486.101 -58
490.086 -55
494.07 97
498.054 -22
502.039 37
506.023 88
510.008 69
513.992 -82
517.977 16
521.961 89
525.946 -78
529.93 -12
533.914 -34
537.899 25
541.883 -7
545.868 -44
549.852 -55
553.837 53
557.821 61
561.805 -54
565.79 74
569.774 12
573.759 22
577.743 51
581.728 18
585.712 21
589.696 57
593.681 -34
597.665 32
601.65 -40
605.634 59
609.619 33
613.603 38
617.588 -79
621.572 79
625.556 59
629.541 -69
633.525 20
637.51 1
641.494 -53
645.479 -34
649.463 -93
653.447 4
657.432 -49
661.416 -17
665.401 92
669.385 90
673.37 -13
677.354 -18
681.339 -50
685.323 2
689.307 85
693.292 -69
697.276 7
701.261 77
705.245 25
709.23 84
713.214 -90
717.198 -2
721.183 94
725.167 -82
729.152 -8
733.136 28
737.121 90
741.105 18
745.089 -85
749.074 -41
753.058 -28
757.043 -7
761.027 22
765.012 -99
768.996 -80
772.981 -35
776.965 34
780.949 -62
784.934 78
788.918 47
792.903 75
796.887 73
800.872 53
804.856 -15
808.84 10
812.825 43
816.809 13
820.794 -45
824.778 -59
828.763 -92
832.747 65
836.732 83
840.716 20
844.7 -55
848.685 70
852.669 -13
856.654 -52
860.638 -62
864.623 -42
868.607 -50
872.591 -64
876.576 -75
880.56 -50
884.545 -5
888.529 31
892.514 -87
896.498 -30
900.482 87
904.467 -99
908.451 90
912.436 -31
916.42 -11
920.405 -14
924.389 100
928.374 -58
932.358 -45
936.342 -61
940.327 80
944.311 48
948.296 -71
952.28 28
956.265 -99
960.249 87
964.233 -93
968.218 -85
972.202 -72
976.187 -11
980.171 56
984.156 -20
988.14 16
992.125 -100
996.109 94
1000.09 -91
1004.08 -63
1008.06 -32
1012.05 -10
1016.03 41
1020.02 73
1024 49
