0 -70
7.93798 -33
15.876 -92
23.814 -26
31.7519 -62
39.6899 -92
47.6279 -35
55.5659 68
63.5039 99
71.4419 47
79.3798 46
87.3178 -48
95.2558 40
103.194 6
111.132 93
119.07 19
127.008 64
134.946 -11
142.884 -10
150.822 3
158.76 98
166.698 -26
174.636 39
182.574 19
190.512 -95
198.45 -86
206.388 48
214.326 98
222.264 33
230.202 -78
238.14 77
246.078 -11
254.016 8
261.953 10
269.891 10
277.829 -21
285.767 92
293.705 -20
301.643 89
309.581 13
317.519 27
325.457 74
333.395 22
341.333 10
349.271 80
357.209 4
365.147 6
373.085 18
381.023 -28
388.961 -57
396.899 31
404.837 65
412.775 23
420.713 -83
428.651 -74
436.589 -58
444.527 50
452.465 -40
460.403 89
468.341 21
476.279 -55
484.217 97
492.155 -33
500.093 41
508.031 55
515.969 -51
523.907 50
531.845 -16
539.783 91
547.721 -24
555.659 -90
563.597 69
571.535 -91
579.473 99
587.411 80
595.349 -37
603.287 -98
611.225 4
619.163 -57
627.101 21
635.039 51
642.977 -100
650.915 15
658.853 10
666.791 1
674.729 -27
682.667 -94
690.605 -54
698.543 -71
706.481 -2
714.419 -12
722.357 -100
730.295 -8
738.233 -49
746.171 -3
754.109 99
762.047 76
769.984 -90
777.922 -88
785.86 -78
793.798 -22
801.736 77
809.674 25
817.612 -48
825.55 -21
833.488 -22
841.426 -78
849.364 60
857.302 84
865.24 96
873.178 -65
881.116 40
889.054 46
896.992 -16
904.93 -33
912.868 67
920.806 -60
928.744 -79
936.682 -19
944.62 -7
952.558 -15
960.496 91
968.434 -99
976.372 94
984.31 89
992.248 83
1000.19 -60
1008.12 68
1016.06 76
