0 74
1.96923 -5
3.93846 -63
5.90769 -61
7.87692 29
9.84615 56
11.8154 13
13.7846 40
15.7538 -83
17.7231 -85
19.6923 -36
21.6615 47
23.6308 24
25.6 96
27.5692 58
29.5385 -23
31.5077 51
33.4769 84
35.4462 38
37.4154 84
39.3846 -89
41.3538 0
43.3231 -1
45.2923 -2
47.2615 -95
49.2308 -21
51.2 -16
53.1692 29
55.1385 18
57.1077 74
59.0769 -85
61.0462 100
63.0154 -25
64.9846 -90
66.9538 -92
68.9231 13
70.8923 -30
72.8615 -56
74.8308 72
76.8 -49
78.7692 -36
80.7385 61
82.7077 1
84.6769 -25
86.6462 64
88.6154 27
90.5846 3
92.5538 21
94.5231 -4
96.4923 73
98.4615 21
100.431 -42
102.4 -88
104.369 68
106.338 68
108.308 -54
110.277 26
112.246 99
114.215 89
116.185 31
118.154 -57
120.123 2
122.092 -93
124.062 -14
126.031 -5
128 -94
