0 55
1.96923 31
3.93846 42
5.90769 -1
7.87692 -63
9.84615 -87
11.8154 61
13.7846 -8
15.7538 97
17.7231 54
19.6923 41
21.6615 -29
23.6308 77
25.6 58
27.5692 -98
29.5385 -54
31.5077 1
33.4769 18
35.4462 98
37.4154 -85
39.3846 27
41.3538 -10
43.3231 56
45.2923 10
47.2615 86
49.2308 1
51.2 -49
53.1692 86
55.1385 -3
57.1077 -45
59.0769 -79
61.0462 28
63.0154 -25
64.9846 98
66.9538 -92
68.9231 -61
70.8923 9
72.8615 -57
74.8308 -81
76.8 -12
78.7692 -43
80.7385 -58
82.7077 50
84.6769 -91
86.6462 55
88.6154 -41
90.5846 -10
92.5538 -53
94.5231 -36
96.4923 -80
98.4615 51
100.431 25
102.4 -36
104.369 48
106.338 32
108.308 -7
110.277 33
112.246 -67
114.215 -22
116.185 18
118.154 19
120.123 9
122.092 -69
124.062 61
126.031 -32
128 -14
