0 82
3.93846 -96
7.87692 -35
11.8154 22
15.7538 -13
19.6923 -46
23.6308 57
27.5692 -71
31.5077 19
35.4462 14
39.3846 67
43.3231 -59
47.2615 -35
51.2 18
55.1385 -35
59.0769 -98
63.0154 22
66.9538 12
70.8923 -2
74.8308 56
78.7692 -44
82.7077 59
86.6462 -74
90.5846 -63
94.5231 82
98.4615 -36
102.4 -55
106.338 89
110.277 -24
114.215 -66
118.154 -58
122.092 -81
126.031 21
129.969 83
133.908 -22
137.846 9
141.785 0
145.723 58
149.662 -81
153.6 28
157.538 54
161.477 89
165.415 45
169.354 67
173.292 -65
177.231 -98
181.169 47
185.108 29
189.046 -51
192.985 -13
196.923 -60
200.862 81
204.8 37
208.738 -40
212.677 -74
216.615 32
220.554 29
224.492 -70
228.431 21
232.369 -11
236.308 -72
240.246 12
244.185 -1
248.123 14
252.062 50
256 59
