0 5
0.996109 -62
1.99222 -14
2.98833 -73
3.98444 91
4.98054 -46
5.97665 -92
6.97276 -6
7.96887 38
8.96498 -61
9.96109 -79
10.9572 8
11.9533 97
12.9494 82
13.9455 -17
14.9416 30
15.9377 20
16.9339 90
17.93 7
18.9261 33
19.9222 -56
20.9183 -16
21.9144 25
22.9105 -63
23.9066 -59
24.9027 74
25.8988 10
26.8949 -77
27.8911 -3
28.8872 -30
29.8833 -86
30.8794 -31
31.8755 -20
32.8716 -32
33.8677 41
34.8638 14
35.8599 34
36.856 59
37.8521 52
38.8482 -60
39.8444 -67
40.8405 -45
41.8366 80
42.8327 40
43.8288 60
44.8249 -93
45.821 37
46.8171 41
47.8132 53
48.8093 2
49.8054 93
50.8016 79
51.7977 59
52.7938 -47
53.7899 -37
54.786 -73
55.7821 -89
56.7782 8
57.7743 0
58.7704 -57
59.7665 -47
60.7626 21
61.7588 42
62.7549 71
63.751 58
64.7471 -67
65.7432 -96
66.7393 97
67.7354 -90
68.7315 -8
69.7276 4
70.7237 67
71.7198 83
72.716 96
73.7121 -33
74.7082 -19
75.7043 -38
76.7004 -22
77.6965 -77
78.6926 -33
79.6887 -95
80.6848 -32
81.6809 48
82.677 -14
83.6732 -11
84.6693 17
85.6654 -54
86.6615 9
87.6576 100
88.6537 90
89.6498 98
90.6459 -59
91.642 -88
92.6381 -44
93.6342 -66
94.6304 -56
95.6265 -74
96.6226 -70
97.6187 -7
98.6148 1
99.6109 8
100.607 1
101.603 -45
102.599 -2
103.595 49
104.591 6
105.588 -31
106.584 -99
107.58 -15
108.576 -22
109.572 -67
110.568 -71
111.564 21
112.56 56
113.556 -58
114.553 81
115.549 67
116.545 -71
117.541 -30
118.537 -51
119.533 52
120.529 -92
121.525 -23
122.521 -84
123.518 12
124.514 92
125.51 22
126.506 100
127.502 41
128.498 -33
129.494 -45
130.49 -5
131.486 29
132.482 34
133.479 -49
134.475 93
135.471 -70
136.467 -89
137.463 -16
138.459 -50
139.455 28
140.451 -78
141.447 93
142.444 14
143.44 45
144.436 10
145.432 14
146.428 -17
147.424 95
148.42 -85
149.416 -34
150.412 -10
151.409 -1
152.405 64
153.401 -37
154.397 -44
155.393 -43
156.389 -24
157.385 26
158.381 -86
159.377 -31
160.374 -17
161.37 -91
162.366 -33
163.362 9
164.358 53
165.354 -43
166.35 -59
167.346 92
168.342 11
169.339 86
170.335 -23
171.331 40
172.327 -83
173.323 67
174.319 -78
175.315 26
176.311 85
177.307 41
178.304 -81
179.3 -13
180.296 -71
181.292 -73
182.288 31
183.284 3
184.28 68
185.276 96
186.272 -95
187.268 12
188.265 36
189.261 -92
190.257 -23
191.253 -70
192.249 -4
193.245 -84
194.241 19
195.237 -5
196.233 0
197.23 -1
198.226 61
199.222 100
200.218 -87
201.214 46
202.21 -48
203.206 -53
204.202 -67
205.198 -90
206.195 25
207.191 68
208.187 55
209.183 -82
210.179 47
211.175 -83
212.171 44
213.167 12
214.163 2
215.16 -50
216.156 71
217.152 -79
218.148 -34
219.144 -62
220.14 -100
221.136 -58
222.132 -44
223.128 0
224.125 -25
225.121 35
226.117 23
227.113 85
228.109 81
229.105 13
230.101 -80
231.097 -95
232.093 48
233.089 95
234.086 -35
235.082 -15
236.078 -8
237.074 -16
238.07 -72
239.066 26
240.062 -50
241.058 52
242.054 22
243.051 -64
244.047 45
245.043 41
246.039 39
247.035 16
248.031 8
249.027 -66
250.023 75
251.019 -56
252.016 -94
253.012 55
254.008 2
255.004 31
256 -33
