0 -95
3.93846 -94
7.87692 -79
11.8154 70
15.7538 26
19.6923 -90
23.6308 -8
27.5692 19
31.5077 92
35.4462 69
39.3846 -69
43.3231 -39
47.2615 -1
51.2 -80
55.1385 -34
59.0769 74
63.0154 77
66.9538 -63
70.8923 44
74.8308 18
78.7692 0
82.7077 15
86.6462 86
90.5846 84
94.5231 44
98.4615 74
102.4 -24
106.338 44
110.277 18
114.215 -12
118.154 -76
122.092 80
126.031 56
129.969 -94
133.908 -70
137.846 -50
141.785 28
145.723 -18
149.662 40
153.6 -75
157.538 -3
161.477 89
165.415 -81
169.354 33
173.292 -42
177.231 -31
181.169 -11
185.108 -65
189.046 94
192.985 -68
196.923 69
200.862 -67
204.8 54
208.738 -42
212.677 -65
216.615 -5
220.554 20
224.492 65
228.431 -32
232.369 -39
236.308 16
240.246 -91
244.185 -3
248.123 -37
252.062 -60
256 -72
