0 -20
0.996109 -50
1.99222 6
2.98833 -15
3.98444 46
4.98054 85
5.97665 95
6.97276 -78
7.96887 36
8.96498 24
9.96109 -10
10.9572 -92
11.9533 -24
12.9494 57
13.9455 56
14.9416 -85
15.9377 81
16.9339 51
17.93 -73
18.9261 -96
19.9222 -45
20.9183 38
21.9144 60
22.9105 30
23.9066 97
24.9027 -34
25.8988 -89
26.8949 72
27.8911 64
28.8872 -60
29.8833 -50
30.8794 23
31.8755 -98
32.8716 24
33.8677 -97
34.8638 43
35.8599 -52
36.856 79
37.8521 -93
38.8482 -100
39.8444 18
40.8405 -47
41.8366 48
42.8327 88
43.8288 6
44.8249 21
45.821 84
46.8171 -75
47.8132 26
48.8093 -80
49.8054 15
50.8016 90
51.7977 7
52.7938 59
53.7899 -36
54.786 22
55.7821 84
56.7782 66
57.7743 26
58.7704 63
59.7665 12
60.7626 -55
61.7588 -97
62.7549 20
63.751 -89
64.7471 33
65.7432 40
66.7393 65
67.7354 52
68.7315 28
69.7276 -25
70.7237 -17
71.7198 -10
72.716 10
73.7121 24
74.7082 9
75.7043 -85
76.7004 -98
77.6965 35
78.6926 39
79.6887 -13
80.6848 -32
81.6809 91
82.677 54
83.6732 -14
84.6693 -23
85.6654 24
86.6615 13
87.6576 78
88.6537 -13
89.6498 -21
90.6459 -61
91.642 -46
92.6381 -66
93.6342 -67
94.6304 35
95.6265 16
96.6226 -96
97.6187 80
98.6148 73
99.6109 78
100.607 -85
101.603 -95
102.599 36
103.595 86
104.591 87
105.588 68
106.584 88
107.58 -19
108.576 -19
109.572 69
110.568 63
111.564 -8
112.56 93
113.556 53
114.553 -49
115.549 -89
116.545 76
117.541 96
118.537 -86
119.533 -11
120.529 -65
121.525 6
122.521 -24
123.518 37
124.514 94
125.51 -50
126.506 -58
127.502 2
128.498 -58
129.494 68
130.49 -84
131.486 -8
132.482 62
133.479 -75
134.475 -27
135.471 24
136.467 -52
137.463 84
138.459 16
139.455 30
140.451 -5
141.447 73
142.444 19
143.44 54
144.436 -7
145.432 -75
146.428 53
147.424 -74
148.42 8
149.416 -76
150.412 48
151.409 17
152.405 92
153.401 82
154.397 -15
155.393 97
156.389 67
157.385 -99
158.381 -91
159.377 53
160.374 88
161.37 65
162.366 -16
163.362 95
164.358 -54
165.354 16
166.35 19
167.346 -54
168.342 -86
169.339 -3
170.335 -52
171.331 100
172.327 -83
173.323 68
174.319 18
175.315 15
176.311 -2
177.307 4
178.304 31
179.3 -24
180.296 61
181.292 11
182.288 12
183.284 24
184.28 80
185.276 67
186.272 96
187.268 -62
188.265 -9
189.261 -43
190.257 34
191.253 57
192.249 66
193.245 -52
194.241 -87
195.237 58
196.233 -54
197.23 54
198.226 32
199.222 -31
200.218 -93
201.214 12
202.21 40
203.206 -2
204.202 86
205.198 14
206.195 20
207.191 -56
208.187 -18
209.183 68
210.179 76
211.175 60
212.171 70
213.167 63
214.163 -99
215.16 53
216.156 95
217.152 -48
218.148 83
219.144 -42
220.14 -43
221.136 -21
222.132 17
223.128 86
224.125 18
225.121 -82
226.117 67
227.113 -51
228.109 -55
229.105 82
230.101 36
231.097 81
232.093 80
233.089 26
234.086 44
235.082 100
236.078 14
237.074 -75
238.07 39
239.066 15
240.062 -20
241.058 34
242.054 68
243.051 -25
244.047 -15
245.043 -21
246.039 64
247.035 44
248.031 -43
249.027 -31
250.023 62
251.019 98
252.016 -80
253.012 51
254.008 -34
255.004 -34
256 26
