0 -72
0.996109 25
1.99222 -49
2.98833 28
3.98444 14
4.98054 -34
5.97665 -97
6.97276 -10
7.96887 -80
8.96498 -47
9.96109 -91
10.9572 -82
11.9533 -55
12.9494 38
13.9455 13
14.9416 57
15.9377 30
16.9339 -85
17.93 -74
18.9261 -64
19.9222 -44
20.9183 73
21.9144 72
22.9105 -1
23.9066 76
24.9027 95
25.8988 -92
26.8949 -66
27.8911 0
28.8872 62
29.8833 5
30.8794 -32
31.8755 43
32.8716 21
33.8677 48
34.8638 23
35.8599 -45
36.856 62
37.8521 -94
38.8482 -47
39.8444 73
40.8405 56
41.8366 -58
42.8327 -21
43.8288 -49
44.8249 26
45.821 -79
46.8171 -53
47.8132 -84
48.8093 36
49.8054 -94
50.8016 18
51.7977 -43
52.7938 -52
53.7899 -90
54.786 -65
55.7821 27
56.7782 36
57.7743 81
58.7704 -97
59.7665 93
60.7626 31
61.7588 -5
62.7549 90
63.751 -54
64.7471 -72
65.7432 -72
66.7393 -84
67.7354 -30
68.7315 51
69.7276 -67
70.7237 -6
71.7198 -84
72.716 13
73.7121 -39
74.7082 82
75.7043 -18
76.7004 -12
77.6965 32
78.6926 -42
79.6887 7
80.6848 12
81.6809 -79
82.677 -98
83.6732 87
84.6693 -99
85.6654 86
86.6615 37
87.6576 55
88.6537 -57
89.6498 -74
90.6459 -41
91.642 81
92.6381 61
93.6342 -40
94.6304 -35
95.6265 -34
96.6226 -28
97.6187 -59
98.6148 62
99.6109 74
100.607 -42
101.603 -3
102.599 60
103.595 -38
104.591 -68
105.588 28
106.584 -8
107.58 -38
108.576 94
109.572 78
110.568 -7
111.564 21
112.56 -63
113.556 58
114.553 7
115.549 46
116.545 84
117.541 -44
118.537 -78
119.533 -28
120.529 32
121.525 77
122.521 3
123.518 -91
124.514 47
125.51 -77
126.506 -34
127.502 53
128.498 46
129.494 95
130.49 23
131.486 -17
132.482 -25
133.479 3
134.475 5
135.471 -30
136.467 40
137.463 -27
138.459 -56
139.455 -90
140.451 99
141.447 15
142.444 78
143.44 -33
144.436 -89
145.432 -100
146.428 61
147.424 -21
148.42 57
149.416 -51
150.412 8
151.409 -71
152.405 97
153.401 80
154.397 -83
155.393 -4
156.389 93
157.385 22
158.381 51
159.377 25
160.374 72
161.37 72
162.366 -69
163.362 84
164.358 53
165.354 -93
166.35 88
167.346 -83
168.342 42
169.339 -74
170.335 -62
171.331 77
172.327 74
173.323 -18
174.319 81
175.315 -93
176.311 24
177.307 -15
178.304 88
179.3 -6
180.296 17
181.292 -22
182.288 -51
183.284 -68
184.28 8
185.276 48
186.272 99
187.268 78
188.265 90
189.261 -25
190.257 -27
191.253 36
192.249 -12
193.245 3
194.241 91
195.237 40
196.233 21
197.23 -25
198.226 8
199.222 -82
200.218 -65
201.214 -55
202.21 -52
203.206 -28
204.202 -26
205.198 77
206.195 -11
207.191 15
208.187 4
209.183 93
210.179 100
211.175 63
212.171 -47
213.167 25
214.163 88
215.16 -7
216.156 -41
217.152 98
218.148 22
219.144 -24
220.14 -92
221.136 4
222.132 -95
223.128 21
224.125 -52
225.121 14
226.117 40
227.113 12
228.109 51
229.105 88
230.101 98
231.097 42
232.093 15
233.089 53
234.086 2
235.082 33
236.078 88
237.074 29
238.07 64
239.066 -16
240.062 -82
241.058 88
242.054 68
243.051 85
244.047 -5
245.043 21
246.039 -54
247.035 -58
248.031 86
249.027 -66
250.023 44
251.019 90
252.016 24
253.012 -75
254.008 -86
255.004 -68
256 -43
