0 -43
3.93846 13
7.87692 -31
11.8154 -4
15.7538 83
19.6923 -45
23.6308 21
27.5692 25
31.5077 -89
35.4462 79
39.3846 81
43.3231 79
47.2615 -29
51.2 -99
55.1385 -53
59.0769 31
63.0154 -35
66.9538 46
70.8923 28
74.8308 42
78.7692 2
82.7077 -35
86.6462 11
90.5846 31
94.5231 -94
98.4615 -98
102.4 -9
106.338 -51
110.277 -22
114.215 36
118.154 65
122.092 95
126.031 -46
129.969 -53
133.908 -37
137.846 62
141.785 -34
145.723 -17
149.662 32
153.6 -83
157.538 48
161.477 10
165.415 -3
169.354 -72
173.292 9
177.231 -49
181.169 61
185.108 98
189.046 -20
192.985 -82
196.923 52
200.862 -72
204.8 50
208.738 8
212.677 -12
216.615 -11
220.554 73
224.492 14
228.431 -47
232.369 -67
236.308 -96
240.246 -64
244.185 -55
248.123 61
252.062 -9
256 62
