0 -80
1.99222 0
3.98444 5
5.97665 -71
7.96887 27
9.96109 70
11.9533 26
13.9455 15
15.9377 -29
17.93 68
19.9222 30
21.9144 99
23.9066 -7
25.8988 4
27.8911 58
29.8833 -95
31.8755 -34
33.8677 89
35.8599 -61
37.8521 -96
39.8444 93
41.8366 -35
43.8288 29
45.821 93
47.8132 -50
49.8054 28
51.7977 -50
53.7899 -75
55.7821 -11
57.7743 4
59.7665 9
61.7588 -15
63.751 82
65.7432 -68
67.7354 -38
69.7276 -22
71.7198 13
73.7121 -50
75.7043 35
77.6965 38
79.6887 56
81.6809 -11
83.6732 -5
85.6654 -59
87.6576 26
89.6498 -61
91.642 14
93.6342 42
95.6265 -92
97.6187 -2
99.6109 -76
101.603 -59
103.595 -74
105.588 -17
107.58 64
109.572 76
111.564 78
113.556 46
115.549 71
117.541 -78
119.533 -33
121.525 -9
123.518 -37
125.51 -79
127.502 -8
129.494 94
131.486 -20
133.479 89
135.471 85
137.463 83
139.455 11
141.447 -40
143.44 92
145.432 94
147.424 97
149.416 57
151.409 -59
153.401 83
155.393 -70
157.385 97
159.377 99
161.37 -53
163.362 75
165.354 26
167.346 44
169.339 51
171.331 -4
173.323 21
175.315 74
177.307 -89
179.3 -58
181.292 72
183.284 -72
185.276 53
187.268 37
189.261 33
191.253 -83
193.245 -75
195.237 57
197.23 30
199.222 14
201.214 -36
203.206 68
205.198 -94
207.191 28
209.183 -86
211.175 41
213.167 88
215.16 -65
217.152 -91
219.144 7
221.136 -36
223.128 3
225.121 78
227.113 33
229.105 -83
231.097 40
233.089 19
235.082 35
237.074 -6
239.066 -74
241.058 61
243.051 56
245.043 -7
247.035 -66
249.027 -13
251.019 -98
253.012 66
255.004 46
256.996 -98
258.988 72
260.981 36
262.973 -33
264.965 -78
266.957 11
268.949 -36
270.942 35
272.934 -36
274.926 -79
276.918 56
278.911 34
280.903 -59
282.895 62
284.887 32
286.879 34
288.872 51
290.864 -50
292.856 88
294.848 91
296.84 33
298.833 -80
300.825 8
302.817 96
304.809 35
306.802 -83
308.794 36
310.786 71
312.778 -96
314.77 -25
316.763 56
318.755 -29
320.747 23
322.739 82
324.732 36
326.724 -42
328.716 -99
330.708 -16
332.7 72
334.693 52
336.685 -43
338.677 -53
340.669 70
342.661 78
344.654 -42
346.646 -98
348.638 20
350.63 68
352.623 -65
354.615 -21
356.607 50
358.599 38
360.591 78
362.584 -22
364.576 -28
366.568 -61
368.56 66
370.553 93
372.545 13
374.537 -99
376.529 -10
378.521 13
380.514 -1
382.506 -38
384.498 25
386.49 -3
388.482 -93
390.475 93
392.467 -13
394.459 -5
396.451 -22
398.444 -95
400.436 91
402.428 0
404.42 33
406.412 29
408.405 -3
410.397 74
412.389 32
414.381 12
416.374 27
418.366 21
420.358 -74
422.35 -64
424.342 -81
426.335 -87
428.327 -7
430.319 16
432.311 82
434.304 9
436.296 -56
438.288 -31
440.28 -90
442.272 -8
444.265 66
446.257 -44
448.249 23
450.241 -62
452.233 -2
454.226 58
456.218 7
458.21 78
460.202 39
462.195 -34
464.187 -63
466.179 13
468.171 -9
470.163 87
472.156 99
474.148 18
476.14 -73
478.132 13
480.125 100
482.117 -88
484.109 81
486.101 -84
488.093 1
490.086 47
492.078 12
494.07 -87
496.062 -77
498.054 -69
500.047 72
502.039 -56
504.031 2
506.023 14
508.016 -34
510.008 -60
512 82
