0 85
3.96899 9
7.93798 -39
11.907 57
15.876 82
19.845 -41
23.814 -25
27.7829 75
31.7519 7
35.7209 -46
39.6899 -77
43.6589 -42
47.6279 53
51.5969 -92
55.5659 -94
59.5349 -1
63.5039 -47
67.4729 -10
71.4419 30
75.4109 52
79.3798 -66
83.3488 76
87.3178 -55
91.2868 -57
95.2558 75
99.2248 -70
103.194 45
107.163 -13
111.132 -69
115.101 65
119.07 -74
123.039 23
127.008 26
130.977 -19
134.946 -79
138.915 89
142.884 -85
146.853 -53
150.822 24
154.791 44
158.76 87
162.729 -98
166.698 15
170.667 70
174.636 -31
178.605 -63
182.574 50
186.543 -87
190.512 -70
194.481 -19
198.45 59
202.419 100
206.388 -51
210.357 99
214.326 40
218.295 -79
222.264 3
226.233 -58
230.202 -72
234.171 -15
238.14 -70
242.109 85
246.078 -70
250.047 20
254.016 22
257.984 27
261.953 -62
265.922 38
269.891 91
273.86 27
277.829 63
281.798 54
285.767 -92
289.736 24
293.705 81
297.674 -88
301.643 -50
305.612 -20
309.581 46
313.55 -20
317.519 100
321.488 -7
325.457 -63
329.426 -67
333.395 -49
337.364 69
341.333 96
345.302 -59
349.271 35
353.24 -34
357.209 -29
361.178 -61
365.147 17
369.116 -81
373.085 33
377.054 -33
381.023 84
384.992 -48
388.961 -46
392.93 -80
396.899 -26
400.868 -93
404.837 -83
408.806 -13
412.775 19
416.744 -36
420.713 -97
424.682 -76
428.651 -30
432.62 -14
436.589 16
440.558 -7
444.527 72
448.496 12
452.465 88
456.434 54
460.403 45
464.372 -27
468.341 -55
472.31 -35
476.279 57
480.248 60
484.217 97
488.186 94
492.155 60
496.124 87
500.093 78
504.062 92
508.031 -67
