0 -36
7.87692 59
15.7538 -4
23.6308 -24
31.5077 -36
39.3846 -60
47.2615 -98
55.1385 62
63.0154 26
70.8923 11
78.7692 65
86.6462 -94
94.5231 12
102.4 93
110.277 -16
118.154 6
126.031 24
133.908 -84
141.785 15
149.662 69
157.538 -53
165.415 -85
173.292 -32
181.169 12
189.046 -78
196.923 -13
204.8 83
212.677 60
220.554 -22
228.431 68
236.308 27
244.185 -75
252.062 -46
259.938 -81
267.815 22
275.692 -71
283.569 93
291.446 -58
299.323 -45
307.2 99
315.077 2
322.954 18
330.831 75
338.708 84
346.585 22
354.462 57
362.338 89
370.215 -74
378.092 35
385.969 18
393.846 36
401.723 -20
409.6 3
417.477 69
425.354 -33
433.231 -23
441.108 -17
448.985 10
456.862 -4
464.738 -21
472.615 -55
480.492 -44
488.369 -76
496.246 33
504.123 -94
512 50
