0 -9
7.87692 91
15.7538 -6
23.6308 -2
31.5077 -51
39.3846 -97
47.2615 84
55.1385 16
63.0154 76
70.8923 0
78.7692 -19
86.6462 53
94.5231 -6
102.4 42
110.277 -39
118.154 -18
126.031 -91
133.908 -85
141.785 75
149.662 62
157.538 11
165.415 -21
173.292 36
181.169 -14
189.046 -63
196.923 98
204.8 29
212.677 90
220.554 -12
228.431 -72
236.308 -42
244.185 33
252.062 -40
259.938 23
267.815 15
275.692 2
283.569 12
291.446 47
299.323 95
307.2 -62
315.077 -37
322.954 75
330.831 -39
338.708 31
346.585 -16
354.462 53
362.338 -47
370.215 -49
378.092 -74
385.969 -34
393.846 10
401.723 31
409.6 11
417.477 0
425.354 -4
433.231 72
441.108 35
448.985 -63
456.862 37
464.738 5
472.615 -86
480.492 -5
488.369 60
496.246 80
504.123 -44
512 -93
