0 -97
3.96899 40
7.93798 59
11.907 37
15.876 -89
19.845 -42
23.814 -24
27.7829 -12
31.7519 1
35.7209 -31
39.6899 94
43.6589 95
47.6279 63
51.5969 -32
55.5659 -95
59.5349 -22
63.5039 -40
67.4729 -68
71.4419 6
75.4109 -45
79.3798 87
83.3488 -74
87.3178 -11
91.2868 50
95.2558 70
99.2248 -34
103.194 74
107.163 -19
111.132 -5
115.101 92
119.07 -55
123.039 -63
127.008 -11
130.977 56
134.946 95
138.915 34
142.884 41
146.853 2
150.822 67
154.791 -26
158.76 -11
162.729 -3
166.698 -18
170.667 -99
174.636 -58
178.605 3
182.574 15
186.543 -48
190.512 -99
194.481 24
198.45 -3
202.419 -12
206.388 2
210.357 12
214.326 -87
218.295 -75
222.264 -17
226.233 -63
230.202 -63
234.171 -44
238.14 62
242.109 5
246.078 25
250.047 51
254.016 -73
257.984 -14
261.953 43
265.922 -7
269.891 25
273.86 -15
277.829 -100
281.798 43
285.767 74
289.736 -32
293.705 3
297.674 2
301.643 99
305.612 -68
309.581 -16
313.55 10
317.519 -44
321.488 79
325.457 53
329.426 -10
333.395 -94
337.364 -19
341.333 15
345.302 20
349.271 17
353.24 -89
357.209 -96
361.178 56
365.147 -2
369.116 95
373.085 -91
377.054 -36
381.023 -88
384.992 -81
388.961 96
392.93 -67
396.899 -55
400.868 63
404.837 86
408.806 -49
412.775 83
416.744 -29
420.713 -3
424.682 -12
428.651 -51
432.62 -84
436.589 -18
440.558 51
444.527 -61
448.496 75
452.465 -85
456.434 2
460.403 -79
464.372 -72
468.341 -26
472.31 -51
476.279 3
480.248 -13
484.217 -49
488.186 81
492.155 81
496.124 94
500.093 62
504.062 -28
508.031 18
