0 -4
1.99222 43
3.98444 -48
5.97665 84
7.96887 1
9.96109 -52
11.9533 89
13.9455 94
15.9377 57
17.93 -88
19.9222 -5
21.9144 -89
23.9066 -63
25.8988 -48
27.8911 3
29.8833 42
31.8755 -95
33.8677 0
35.8599 -15
37.8521 68
39.8444 70
41.8366 -34
43.8288 73
45.821 56
47.8132 -57
49.8054 -78
51.7977 23
53.7899 59
55.7821 -61
57.7743 35
59.7665 18
61.7588 -60
63.751 50
65.7432 46
67.7354 66
69.7276 75
71.7198 -58
73.7121 -61
75.7043 29
77.6965 84
79.6887 -25
81.6809 91
83.6732 75
85.6654 -26
87.6576 32
89.6498 48
91.642 23
93.6342 61
95.6265 -62
97.6187 -64
99.6109 -11
101.603 4
103.595 90
105.588 63
107.58 -16
109.572 37
111.564 -71
113.556 -89
115.549 -19
117.541 23
119.533 -100
121.525 81
123.518 24
125.51 -55
127.502 -50
129.494 82
131.486 -42
133.479 9
135.471 -28
137.463 -10
139.455 -34
141.447 -78
143.44 5
145.432 79
147.424 -68
149.416 -96
151.409 -5
153.401 98
155.393 -57
157.385 9
159.377 1
161.37 -46
163.362 67
165.354 29
167.346 -49
169.339 89
171.331 -66
173.323 -56
175.315 72
177.307 31
179.3 35
181.292 64
183.284 -52
185.276 69
187.268 91
189.261 -79
191.253 51
193.245 -4
195.237 71
197.23 44
199.222 -98
201.214 -45
203.206 -68
205.198 -70
207.191 -67
209.183 -54
211.175 0
213.167 8
215.16 -15
217.152 37
219.144 -44
221.136 66
223.128 20
225.121 -25
227.113 52
229.105 51
231.097 5
233.089 -46
235.082 93
237.074 68
239.066 42
241.058 21
243.051 -75
245.043 94
247.035 10
249.027 -68
251.019 -50
253.012 63
255.004 98
256.996 -7
258.988 22
260.981 63
262.973 22
264.965 84
266.957 39
268.949 -56
270.942 27
272.934 -55
274.926 38
276.918 -89
278.911 -85
280.903 -7
282.895 -11
284.887 43
286.879 -65
288.872 33
290.864 -5
292.856 2
294.848 8
296.84 -60
298.833 78
300.825 -5
302.817 83
304.809 -3
306.802 -33
308.794 -46
310.786 -51
312.778 41
314.77 61
316.763 -6
318.755 -23
320.747 52
322.739 88
324.732 -64
326.724 -44
328.716 -78
330.708 -43
332.7 -1
334.693 24
336.685 -81
338.677 1
340.669 54
342.661 -26
344.654 -20
346.646 -61
348.638 -12
350.63 -30
352.623 10
354.615 65
356.607 -29
358.599 71
360.591 61
362.584 10
364.576 -44
366.568 96
368.56 34
370.553 88
372.545 -100
374.537 65
376.529 57
378.521 -25
380.514 -10
382.506 -20
384.498 38
386.49 31
388.482 53
390.475 -92
392.467 58
394.459 -26
396.451 94
398.444 28
400.436 -69
402.428 -18
404.42 4
406.412 39
408.405 87
410.397 -89
412.389 98
414.381 -94
416.374 37
418.366 9
420.358 -68
422.35 9
424.342 59
426.335 0
428.327 -28
430.319 34
432.311 -99
434.304 -83
436.296 6
438.288 -93
440.28 -35
442.272 -89
444.265 10
446.257 48
448.249 -99
450.241 42
452.233 46
454.226 -59
456.218 -29
458.21 42
460.202 80
462.195 2
464.187 -30
466.179 -99
468.171 87
470.163 62
472.156 -99
474.148 89
476.14 73
478.132 97
480.125 10
482.117 -92
484.109 22
486.101 -13
488.093 -7
490.086 -58
492.078 49
494.07 30
496.062 -37
498.054 69
500.047 96
502.039 58
504.031 -57
506.023 37
508.016 -97
510.008 60
512 -24
