0 -75
0.984615 90
1.96923 61
2.95385 23
3.93846 26
4.92308 23
5.90769 11
6.89231 31
7.87692 -24
8.86154 -90
9.84615 -37
10.8308 78
11.8154 -61
12.8 84
13.7846 11
14.7692 -24
15.7538 -56
16.7385 47
17.7231 -88
18.7077 67
19.6923 20
20.6769 -72
21.6615 -54
22.6462 35
23.6308 44
24.6154 32
25.6 44
26.5846 56
27.5692 98
28.5538 20
29.5385 -65
30.5231 -16
31.5077 96
32.4923 49
33.4769 -50
34.4615 44
35.4462 -13
36.4308 20
37.4154 1
38.4 68
39.3846 59
40.3692 42
41.3538 -57
42.3385 -38
43.3231 -87
44.3077 76
45.2923 91
46.2769 75
47.2615 -62
48.2462 62
49.2308 55
50.2154 11
51.2 89
52.1846 51
53.1692 -3
54.1538 75
55.1385 -5
56.1231 50
57.1077 -73
58.0923 0
59.0769 -57
60.0615 -76
61.0462 -62
62.0308 24
63.0154 -56
64 6
