0 92
0.984615 77
1.96923 31
2.95385 15
3.93846 7
4.92308 92
5.90769 -44
6.89231 -69
7.87692 65
8.86154 19
9.84615 19
10.8308 -100
11.8154 -38
12.8 30
13.7846 -19
14.7692 6
15.7538 -73
16.7385 -72
17.7231 -60
18.7077 -72
19.6923 -11
20.6769 32
21.6615 52
22.6462 9
23.6308 -1
24.6154 5
25.6 88
26.5846 -34
27.5692 48
28.5538 -6
29.5385 -45
30.5231 10
31.5077 69
32.4923 -16
33.4769 -38
34.4615 -42
35.4462 65
36.4308 76
37.4154 8
38.4 -59
39.3846 -60
40.3692 -64
41.3538 41
42.3385 30
43.3231 100
44.3077 -35
45.2923 8
46.2769 84
47.2615 -32
48.2462 -26
49.2308 -12
50.2154 -40
51.2 59
52.1846 -4
53.1692 -13
54.1538 -92
55.1385 -73
56.1231 54
57.1077 -100
58.0923 -12
59.0769 -33
60.0615 91
61.0462 -5
62.0308 82
63.0154 28
64 46
