32 1 - 0 - 12.958277225494385 15.238325357437134 1 0
32 1 - 1 - 12.695325374603271 14.748440027236938 1 0
32 1 - 2 - 12.991594791412354 15.122462272644043 1 0
32 1 - 3 - 14.89060378074646 15.185741901397705 1 0
32 1 - 4 - 15.264000415802002 15.180893659591675 0 1
32 1 - 5 - 12.389472484588623 14.139891624450684 1 0
32 1 - 6 - 13.560224294662476 15.806911706924438 1 0
32 1 - 7 - 12.943516254425049 12.777992725372314 1 0
32 1 - 8 - 14.929092645645142 15.474373579025269 1 0
32 1 - 9 - 12.839999675750732 14.697512149810791 1 0
32 1 - 10 - 12.886043310165405 14.786772012710571 1 0
32 1 - 11 - 16.957953453063965 14.276113748550415 0 1
32 1 - 12 - 12.701528310775757 14.677776336669922 1 0
32 1 - 13 - 15.486473321914673 15.184273719787598 0 1
32 1 - 14 - 15.211989641189575 14.735470294952393 1 0
32 1 - 15 - 13.194846868515015 15.725463151931763 1 0
32 1 - 16 - 16.211702346801758 14.097330570220947 0 1
32 1 - 17 - 12.907968997955322 15.152745485305786 1 0
32 1 - 18 - 14.699890613555908 14.801980018615723 0 1
32 1 - 19 - 15.090709447860718 17.639825582504272 1 0
32 1 - 20 - 13.434151887893677 15.529191970825195 1 0
32 1 - 21 - 13.179335594177246 15.486675024032593 1 0
32 1 - 22 - 17.10240912437439 14.58082628250122 0 1
32 1 - 23 - 13.266225576400757 15.50131344795227 1 0
32 1 - 24 - 12.55333137512207 14.741406917572021 1 0
32 1 - 25 - 14.734904050827026 14.464900255203247 0 1
32 1 - 26 - 13.464489698410034 14.854940176010132 1 0
32 1 - 27 - 12.126519680023193 14.468730211257935 1 0
32 1 - 28 - 13.779109477996826 16.354569673538208 1 0
32 1 - 29 - 16.17891240119934 14.583131074905396 0 1
32 1 - 30 - 12.995598554611206 15.22699785232544 1 0
32 1 - 31 - 13.086960315704346 15.021991968154907 1 0
32 1 - 32 - 14.681931018829346 12.534436225891113 0 1
32 1 - 33 - 12.27409052848816 14.4326651096344 1 0
32 1 - 34 - 13.840848684310913 15.704171657562256 1 0
32 1 - 35 - 12.854713678359985 14.91074514389038 1 0
32 1 - 36 - 15.504564046859741 15.453976154327393 1 0
32 1 - 37 - 14.307066202163696 12.553452253341675 0 1
32 1 - 38 - 13.05292010307312 15.089532136917114 1 0
32 1 - 39 - 13.84939193725586 13.44590950012207 0 1
32 1 - 40 - 14.368509292602539 12.581552743911743 0 1
32 1 - 41 - 13.105088710784912 15.492192268371582 1 0
32 1 - 42 - 13.193580865859985 15.462271451950073 1 0
32 1 - 43 - 13.331154108047485 15.236332416534424 1 0
32 1 - 44 - 12.934241533279419 14.661536455154419 1 0
32 1 - 45 - 16.866272926330566 14.267480611801147 0 1
32 1 - 46 - 13.431791305541992 15.740637302398682 1 0
32 1 - 47 - 12.884710550308228 15.06103253364563 1 0
32 1 - 48 - 12.463524341583252 11.089485168457031 0 1
32 1 - 49 - 16.137709140777588 13.685272932052612 0 1
32 1 - 50 - 15.405143976211548 13.136831998825073 0 1
32 1 - 51 - 14.481163501739502 14.484736204147339 1 0
32 1 - 52 - 12.254611730575562 13.851299524307251 1 0
32 1 - 53 - 12.908199787139893 15.270864248275757 1 0
32 1 - 54 - 13.691811084747314 12.011403560638428 0 1
32 1 - 55 - 11.472241640090942 13.76736831665039 1 0
32 1 - 56 - 13.134958744049072 15.337707042694092 1 0
32 1 - 57 - 13.794182777404785 15.56760287284851 1 0
32 1 - 58 - 16.3526611328125 13.98917293548584 0 1
32 1 - 59 - 12.256055116653442 14.734357357025146 1 0
32 1 - 60 - 16.991715908050537 17.012600660324097 1 0
32 1 - 61 - 13.108575105667114 15.573371648788452 1 0
32 1 - 62 - 13.192431211471558 15.108423471450806 1 0
32 1 - 63 - 12.17912483215332 13.629957914352417 1 0
32 1 - 64 - 12.577396631240845 14.585110187530518 1 0
32 1 - 65 - 13.50072979927063 15.639883279800415 1 0
32 1 - 66 - 12.623309135437012 14.328218460083008 1 0
32 1 - 67 - 13.322827577590942 15.622409105300903 1 0
32 1 - 68 - 11.852908611297607 13.775650024414062 1 0
32 1 - 69 - 14.506069660186768 14.46350359916687 1 0
32 1 - 70 - 11.81896185874939 13.861336469650269 1 0
32 1 - 71 - 12.962098121643066 15.130136013031006 1 0
32 1 - 72 - 12.638684034347534 14.751779317855835 1 0
32 1 - 73 - 15.735804557800293 15.315899133682251 1 0
32 1 - 74 - 14.436378479003906 12.824915170669556 0 1
32 1 - 75 - 12.444830894470215 14.204054355621338 1 0
32 1 - 76 - 15.661689519882202 15.740405321121216 0 1
32 1 - 77 - 15.589456796646118 15.58708667755127 0 1
32 1 - 78 - 12.634837865829468 14.627947092056274 1 0
32 1 - 79 - 15.523290872573853 13.434353351593018 0 1
32 1 - 80 - 15.114058494567871 14.818263053894043 0 1
32 1 - 81 - 13.858972787857056 15.855020761489868 1 0
32 1 - 82 - 15.624154090881348 16.317312479019165 0 1
32 1 - 83 - 12.219125270843506 14.244025468826294 1 0
32 1 - 84 - 16.092055082321167 13.906387329101562 0 1
32 1 - 85 - 15.365334272384644 13.107619047164917 0 1
32 1 - 86 - 15.271921396255493 15.194470643997192 1 0
32 1 - 87 - 12.231318950653076 14.541285991668701 1 0
32 1 - 88 - 14.861080646514893 12.717452049255371 0 1
32 1 - 89 - 15.550474882125854 13.144734144210815 0 1
32 1 - 90 - 15.009530305862427 13.154759645462036 0 1
32 1 - 91 - 16.634376049041748 13.864984035491943 0 1
32 1 - 92 - 12.877122402191162 14.754781723022461 1 0
32 1 - 93 - 14.910014152526855 14.9094877243042 1 0
32 1 - 94 - 13.362331867218018 15.872843742370605 1 0
32 1 - 95 - 11.566466808319092 13.055912971496582 1 0
32 1 - 96 - 15.419411420822144 15.351894617080688 1 0
32 1 - 97 - 15.047223091125488 15.01258373260498 1 0
32 1 - 98 - 14.209940910339355 16.41545009613037 1 0
32 1 - 99 - 12.967605352401733 14.541572332382202 1 0
32 2 - 0 - 13.435561418533325 16.862322330474854 1 0
32 2 - 1 - 13.179624319076538 17.520255088806152 1 0
32 2 - 2 - 13.654008626937866 16.84136152267456 1 0
32 2 - 3 - 17.790192127227783 17.27360248565674 1 0
32 2 - 4 - 17.403165578842163 17.46135711669922 0 1
32 2 - 5 - 12.886513233184814 17.021506547927856 1 0
32 2 - 6 - 14.114531755447388 17.950755834579468 1 0
32 2 - 7 - 15.150931358337402 15.742614269256592 0 0
32 2 - 8 - 16.932868719100952 18.50436282157898 0 0
32 2 - 9 - 15.798207998275757 16.903141260147095 1 0
32 2 - 10 - 15.875380516052246 17.06310772895813 1 0
32 2 - 11 - 18.43692946434021 14.66408658027649 0 1
32 2 - 12 - 13.00049090385437 16.42774486541748 1 0
32 2 - 13 - 17.90957760810852 17.719888925552368 0 0
32 2 - 14 - 17.43194270133972 16.301006317138672 1 0
32 2 - 15 - 13.860368013381958 18.88348364830017 1 0
32 2 - 16 - 18.151341676712036 14.879656553268433 0 1
32 2 - 17 - 13.814064502716064 17.478195190429688 1 0
32 2 - 18 - 16.69553279876709 16.81614112854004 0 0
32 2 - 19 - 15.476706981658936 19.63650369644165 1 0
32 2 - 20 - 13.601480484008789 17.336015224456787 1 0
32 2 - 21 - 13.628983497619629 17.78886365890503 1 0
32 2 - 22 - 19.41572594642639 16.07205629348755 0 1
32 2 - 23 - 13.732171773910522 17.58995294570923 1 0
32 2 - 24 - 13.156612396240234 17.17795467376709 1 0
32 2 - 25 - 16.384493112564087 17.094360828399658 0 0
32 2 - 26 - 13.715667963027954 17.696838855743408 1 0
32 2 - 27 - 12.353499174118042 16.79576015472412 1 0
32 2 - 28 - 14.093588590621948 18.2195565700531 1 0
32 2 - 29 - 19.08767032623291 18.575620889663696 0 1
32 2 - 30 - 13.46235728263855 17.76661252975464 1 0
32 2 - 31 - 14.305891990661621 16.819469451904297 1 0
32 2 - 32 - 16.596314668655396 13.553293943405151 0 1
32 2 - 33 - 12.616883754730225 16.461029767990112 1 0
32 2 - 34 - 14.039783477783203 17.52508282661438 1 0
32 2 - 35 - 15.853869438171387 16.558770895004272 1 0
32 2 - 36 - 17.745158195495605 17.488868713378906 0 0
32 2 - 37 - 17.044721364974976 14.517312049865723 0 1
32 2 - 38 - 16.63237476348877 17.012746334075928 1 0
32 2 - 39 - 15.598504304885864 15.781954050064087 0 0
32 2 - 40 - 16.673842430114746 16.180137634277344 0 1
32 2 - 41 - 13.251164436340332 16.902776956558228 1 0
32 2 - 42 - 16.938575744628906 16.737760305404663 1 0
32 2 - 43 - 13.625447988510132 16.939363956451416 1 0
32 2 - 44 - 15.637473106384277 17.19455623626709 1 0
32 2 - 45 - 18.421796083450317 15.316187143325806 0 1
32 2 - 46 - 13.843419075012207 17.640408992767334 1 0
32 2 - 47 - 13.311492443084717 16.955530166625977 1 0
32 2 - 48 - 14.895045280456543 13.670589447021484 0 1
32 2 - 49 - 18.466208934783936 15.835766792297363 0 1
32 2 - 50 - 18.14427089691162 16.193839073181152 0 1
32 2 - 51 - 16.796955823898315 16.849767446517944 0 0
32 2 - 52 - 12.768822431564331 17.012627363204956 1 0
32 2 - 53 - 14.64064359664917 17.20595955848694 1 0
32 2 - 54 - 16.08985471725464 15.495393753051758 0 1
32 2 - 55 - 12.05484390258789 15.83669400215149 1 0
32 2 - 56 - 13.574924230575562 17.774284601211548 1 0
32 2 - 57 - 14.672568082809448 17.991313695907593 1 0
32 2 - 58 - 17.841674327850342 16.47206449508667 0 1
32 2 - 59 - 12.758595705032349 16.678704977035522 1 0
32 2 - 60 - 18.86949586868286 18.65354299545288 0 0
32 2 - 61 - 13.528403043746948 17.23387885093689 1 0
32 2 - 62 - 13.418437004089355 17.71099042892456 1 0
32 2 - 63 - 12.732587099075317 16.167770862579346 1 0
32 2 - 64 - 13.044652938842773 17.104334592819214 1 0
32 2 - 65 - 13.858883142471313 17.428192615509033 1 0
32 2 - 66 - 16.513078212738037 17.25235867500305 1 0
32 2 - 67 - 13.77814769744873 17.716489553451538 1 0
32 2 - 68 - 12.255334615707397 15.896400690078735 1 0
32 2 - 69 - 17.65355372428894 16.407739877700806 0 0
32 2 - 70 - 14.23123025894165 16.463984727859497 1 0
32 2 - 71 - 13.19381332397461 16.937950611114502 1 0
32 2 - 72 - 14.975345611572266 16.512169361114502 1 0
32 2 - 73 - 17.569778203964233 17.496669054031372 1 0
32 2 - 74 - 16.911080360412598 15.905264139175415 0 1
32 2 - 75 - 13.632215738296509 16.319485187530518 1 0
32 2 - 76 - 17.399684190750122 16.813326597213745 0 0
32 2 - 77 - 17.74687695503235 18.05431866645813 0 1
32 2 - 78 - 12.888452053070068 16.32003140449524 1 0
32 2 - 79 - 17.891588926315308 16.57572627067566 0 1
32 2 - 80 - 16.242408990859985 16.3996844291687 0 0
32 2 - 81 - 14.230567932128906 17.714451789855957 1 0
32 2 - 82 - 17.908063411712646 17.831115245819092 0 1
32 2 - 83 - 12.640881538391113 17.489766120910645 1 0
32 2 - 84 - 18.577635049819946 14.828087329864502 0 1
32 2 - 85 - 17.217045068740845 13.521765947341919 0 1
32 2 - 86 - 16.704243183135986 16.58497953414917 0 0
32 2 - 87 - 12.528640270233154 16.14122223854065 1 0
32 2 - 88 - 17.121159076690674 13.159842014312744 0 1
32 2 - 89 - 16.891823768615723 16.117012977600098 0 1
32 2 - 90 - 17.24920392036438 16.439725637435913 0 1
32 2 - 91 - 17.729931831359863 14.1670081615448 0 1
32 2 - 92 - 12.75244951248169 16.867205381393433 1 0
32 2 - 93 - 16.31705927848816 15.957908153533936 0 0
32 2 - 94 - 13.374913692474365 17.77407693862915 1 0
32 2 - 95 - 12.006773233413696 15.587616205215454 1 0
32 2 - 96 - 17.26986074447632 17.16275119781494 0 0
32 2 - 97 - 17.69218397140503 16.917519092559814 1 0
32 2 - 98 - 16.56607747077942 18.963797092437744 1 0
32 2 - 99 - 13.565321445465088 16.585325717926025 1 0
32 4 - 0 - 14.920332908630371 18.695072889328003 1 0
32 4 - 1 - 13.971353530883789 18.06453227996826 1 0
32 4 - 2 - 14.676206350326538 20.480844974517822 1 0
32 4 - 3 - 20.51754665374756 19.580586433410645 0 0
32 4 - 4 - 20.545839071273804 19.782748699188232 0 0
32 4 - 5 - 13.696640491485596 19.70786714553833 1 0
32 4 - 6 - 14.867991209030151 19.551334619522095 1 0
32 4 - 7 - 17.684442043304443 17.866111755371094 0 0
32 4 - 8 - 19.13729500770569 19.54705500602722 0 0
32 4 - 9 - 16.196809768676758 17.336474418640137 1 0
32 4 - 10 - 18.521067142486572 19.59968066215515 1 0
32 4 - 11 - 20.66239356994629 15.781174898147583 0 1
32 4 - 12 - 13.550331354141235 18.683987617492676 1 0
32 4 - 13 - 20.046876430511475 20.912227630615234 0 0
32 4 - 14 - 19.85767960548401 18.81368398666382 1 0
32 4 - 15 - 15.84690523147583 20.44740343093872 1 0
32 4 - 16 - 20.95538091659546 18.08785891532898 0 1
32 4 - 17 - 17.00365138053894 18.99681782722473 1 0
32 4 - 18 - 21.05364489555359 19.75678849220276 0 0
32 4 - 19 - 17.235368490219116 21.42678189277649 1 0
32 4 - 20 - 14.981970071792603 18.408567190170288 1 0
32 4 - 21 - 14.126125812530518 19.510167598724365 1 0
32 4 - 22 - 21.91683316230774 16.57869863510132 0 1
32 4 - 23 - 14.818715810775757 18.80550789833069 1 0
32 4 - 24 - 14.533746719360352 17.950250148773193 1 0
32 4 - 25 - 18.730353355407715 17.718145847320557 0 0
32 4 - 26 - 15.431814193725586 20.046488761901855 1 0
32 4 - 27 - 13.782617092132568 17.12285828590393 1 0
32 4 - 28 - 15.222057819366455 19.4780113697052 1 0
32 4 - 29 - 19.904632091522217 18.771334648132324 0 1
32 4 - 30 - 14.169373750686646 19.519272565841675 1 0
32 4 - 31 - 17.16223669052124 18.535736322402954 1 0
32 4 - 32 - 19.04671549797058 14.879242420196533 0 1
32 4 - 33 - 13.664485454559326 18.21650242805481 1 0
32 4 - 34 - 14.78536581993103 19.26893711090088 1 0
32 4 - 35 - 17.019274950027466 19.64633274078369 1 0
32 4 - 36 - 19.99897074699402 21.861432790756226 0 0
32 4 - 37 - 18.88999032974243 16.065746068954468 0 1
32 4 - 38 - 15.199603796005249 18.087852716445923 1 0
32 4 - 39 - 17.433844089508057 18.451274633407593 0 0
32 4 - 40 - 19.14393401145935 17.107467651367188 0 1
32 4 - 41 - 14.886919498443604 19.58448362350464 1 0
32 4 - 42 - 14.82230281829834 18.875819206237793 1 0
32 4 - 43 - 14.939695358276367 19.20308756828308 1 0
32 4 - 44 - 18.708005666732788 18.853756427764893 1 0
32 4 - 45 - 21.63698697090149 18.70224690437317 0 1
32 4 - 46 - 14.660243272781372 19.33567237854004 1 0
32 4 - 47 - 14.28444790840149 19.844908952713013 1 0
32 4 - 48 - 17.030319213867188 15.538817405700684 0 1
32 4 - 49 - 19.77851629257202 20.211283922195435 0 1
32 4 - 50 - 20.005285501480103 16.9629864692688 0 1
32 4 - 51 - 19.36753010749817 19.527095556259155 0 0
32 4 - 52 - 13.476433515548706 18.58487343788147 1 0
32 4 - 53 - 17.631125688552856 18.451493740081787 1 0
32 4 - 54 - 19.464986085891724 15.005947828292847 0 1
32 4 - 55 - 12.678121566772461 18.16611385345459 1 0
32 4 - 56 - 14.349809885025024 19.499391317367554 1 0
32 4 - 57 - 19.314626693725586 20.021398067474365 1 0
32 4 - 58 - 20.951091051101685 19.298323154449463 0 1
32 4 - 59 - 13.926191091537476 18.16108798980713 1 0
32 4 - 60 - 22.024407148361206 20.512975454330444 0 0
32 4 - 61 - 14.654406070709229 18.75393843650818 1 0
32 4 - 62 - 14.620115280151367 20.461413860321045 1 0
32 4 - 63 - 13.89009952545166 18.994022130966187 1 0
32 4 - 64 - 14.080216407775879 19.827554941177368 1 0
32 4 - 65 - 16.42738175392151 20.175721883773804 1 0
32 4 - 66 - 18.771191120147705 19.47881293296814 1 0
32 4 - 67 - 14.666088104248047 18.693233489990234 1 0
32 4 - 68 - 13.36809253692627 17.341487169265747 1 0
32 4 - 69 - 20.175880908966064 19.71286678314209 0 0
32 4 - 70 - 16.982017755508423 17.805264711380005 1 0
32 4 - 71 - 14.856952905654907 19.215569019317627 1 0
32 4 - 72 - 17.032890558242798 17.883726119995117 1 0
32 4 - 73 - 21.933449506759644 19.798046588897705 1 0
32 4 - 74 - 19.796942472457886 19.127030849456787 0 1
32 4 - 75 - 17.81938910484314 17.950433015823364 1 0
32 4 - 76 - 21.12686848640442 20.77222990989685 0 0
32 4 - 77 - 20.656540632247925 20.571879863739014 0 0
32 4 - 78 - 14.1341392993927 19.40886926651001 1 0
32 4 - 79 - 19.013521671295166 18.17761206626892 0 1
32 4 - 80 - 19.32915997505188 18.20553970336914 0 0
32 4 - 81 - 14.836998462677002 19.872386932373047 1 0
32 4 - 82 - 20.20279836654663 20.63520860671997 0 0
32 4 - 83 - 13.44193696975708 18.879589557647705 1 0
32 4 - 84 - 20.60972762107849 17.62123155593872 0 1
32 4 - 85 - 19.898723363876343 14.893083810806274 0 1
32 4 - 86 - 19.71255588531494 18.540708780288696 0 0
32 4 - 87 - 13.274163246154785 19.026113510131836 1 0
32 4 - 88 - 20.40112805366516 14.758996486663818 0 1
32 4 - 89 - 18.79424214363098 17.710482597351074 0 1
32 4 - 90 - 18.765212297439575 17.89522624015808 0 1
32 4 - 91 - 20.52234983444214 17.15345287322998 0 1
32 4 - 92 - 13.513906717300415 18.445416688919067 1 0
32 4 - 93 - 18.99541687965393 18.534544229507446 0 0
32 4 - 94 - 15.3465256690979 18.996886491775513 1 0
32 4 - 95 - 12.691158771514893 16.708778619766235 1 0
32 4 - 96 - 19.25895667076111 18.539912939071655 0 0
32 4 - 97 - 21.022100925445557 18.771509170532227 0 0
32 4 - 98 - 20.912611722946167 21.537915468215942 1 0
32 4 - 99 - 16.803400993347168 19.25141716003418 1 0
32 8 - 0 - 16.167598485946655 20.756529569625854 1 0
32 8 - 1 - 15.519489288330078 22.086864233016968 1 0
32 8 - 2 - 15.857791423797607 22.11085271835327 1 0
32 8 - 3 - 23.189568996429443 21.543710708618164 0 0
32 8 - 4 - 21.936315059661865 24.582503080368042 0 0
32 8 - 5 - 15.220557928085327 22.319462776184082 1 0
32 8 - 6 - 16.519742488861084 22.418564319610596 1 0
32 8 - 7 - 21.22248148918152 19.45842671394348 0 0
32 8 - 8 - 23.76806092262268 20.51696252822876 0 0
32 8 - 9 - 16.554038047790527 20.81851863861084 1 0
32 8 - 10 - 19.750099420547485 22.22774076461792 1 0
32 8 - 11 - 21.09759759902954 17.44224500656128 0 1
32 8 - 12 - 15.288847923278809 21.35676074028015 1 0
32 8 - 13 - 22.862749814987183 22.65553069114685 0 0
32 8 - 14 - 23.72915244102478 19.553961038589478 0 0
32 8 - 15 - 16.51595377922058 21.46108627319336 1 0
32 8 - 16 - 23.134756565093994 17.885408878326416 0 1
32 8 - 17 - 19.790164709091187 21.874204635620117 1 0
32 8 - 18 - 22.71336793899536 21.25118327140808 0 0
32 8 - 19 - 19.324590921401978 22.56612992286682 1 0
32 8 - 20 - 16.008389234542847 22.974165678024292 1 0
32 8 - 21 - 15.860352993011475 21.412157773971558 1 0
32 8 - 22 - 25.644291639328003 18.288681507110596 0 1
32 8 - 23 - 15.953891038894653 21.87599778175354 1 0
32 8 - 24 - 15.60061502456665 20.81442618370056 1 0
32 8 - 25 - 21.688876152038574 23.508827447891235 0 0
32 8 - 26 - 15.953537702560425 22.843096494674683 1 0
32 8 - 27 - 14.87230920791626 20.224897384643555 1 0
32 8 - 28 - 16.797397136688232 20.9373619556427 1 0
32 8 - 29 - 25.37381410598755 18.35211420059204 0 1
32 8 - 30 - 16.742311000823975 21.359955549240112 1 0
32 8 - 31 - 16.84677481651306 22.462436199188232 1 0
32 8 - 32 - 21.024916172027588 15.521940231323242 0 1
32 8 - 33 - 14.874776601791382 20.244827032089233 1 0
32 8 - 34 - 16.288429021835327 21.902358770370483 1 0
32 8 - 35 - 20.791727542877197 22.37727952003479 1 0
32 8 - 36 - 22.111196756362915 21.799007892608643 0 0
32 8 - 37 - 21.944360494613647 15.851182460784912 0 1
32 8 - 38 - 18.019026517868042 21.683303117752075 1 0
32 8 - 39 - 20.393851041793823 18.93911075592041 0 0
32 8 - 40 - 22.418204307556152 20.678969860076904 0 1
32 8 - 41 - 16.158855676651 22.27604341506958 1 0
32 8 - 42 - 16.536576509475708 21.778727769851685 1 0
32 8 - 43 - 16.508538722991943 21.853988647460938 1 0
32 8 - 44 - 19.06942319869995 23.683455228805542 1 0
32 8 - 45 - 24.429357051849365 19.00369381904602 0 1
32 8 - 46 - 17.809128284454346 22.431479930877686 1 0
32 8 - 47 - 15.622222185134888 20.809490442276 1 0
32 8 - 48 - 19.96574068069458 15.58553433418274 0 1
32 8 - 49 - 23.137882471084595 19.154425382614136 0 1
32 8 - 50 - 22.59816074371338 21.162470817565918 0 1
32 8 - 51 - 22.81365132331848 21.333030939102173 0 0
32 8 - 52 - 15.44837760925293 19.449860334396362 1 0
32 8 - 53 - 16.88637065887451 22.52960968017578 1 0
32 8 - 54 - 21.816882133483887 16.424357414245605 0 1
32 8 - 55 - 14.769904851913452 19.66223430633545 1 0
32 8 - 56 - 15.830318689346313 22.435596466064453 1 0
32 8 - 57 - 18.418898344039917 22.63714337348938 1 0
32 8 - 58 - 22.85663080215454 17.58930015563965 0 1
32 8 - 59 - 15.356847763061523 22.00298762321472 1 0
32 8 - 60 - 23.742891788482666 23.829368829727173 0 0
32 8 - 61 - 16.25690460205078 21.030670166015625 1 0
32 8 - 62 - 15.864668846130371 20.141880989074707 1 0
32 8 - 63 - 14.977766990661621 20.09444260597229 1 0
32 8 - 64 - 15.439820289611816 20.75752067565918 1 0
32 8 - 65 - 16.305395126342773 22.836730480194092 1 0
32 8 - 66 - 19.338081121444702 21.923954248428345 1 0
32 8 - 67 - 15.815937280654907 22.346813678741455 1 0
32 8 - 68 - 14.309913158416748 19.676182985305786 1 0
32 8 - 69 - 21.07967782020569 20.424208402633667 0 0
32 8 - 70 - 18.659526824951172 20.604421854019165 1 0
32 8 - 71 - 17.832104206085205 22.368050575256348 1 0
32 8 - 72 - 17.8067307472229 19.988604068756104 1 0
32 8 - 73 - 24.86568593978882 22.291164875030518 0 0
32 8 - 74 - 22.572741746902466 19.244902849197388 0 1
32 8 - 75 - 16.512465476989746 22.452072381973267 1 0
32 8 - 76 - 22.690258979797363 24.635674715042114 0 0
32 8 - 77 - 23.727269172668457 22.18598508834839 0 0
32 8 - 78 - 15.394540309906006 23.354192972183228 1 0
32 8 - 79 - 21.871588468551636 21.60559844970703 0 1
32 8 - 80 - 22.24625539779663 21.91765546798706 0 0
32 8 - 81 - 17.019320011138916 22.076268434524536 1 0
32 8 - 82 - 23.203155994415283 23.633306741714478 0 0
32 8 - 83 - 14.726165294647217 19.821202516555786 1 0
32 8 - 84 - 23.435680627822876 19.628994464874268 0 1
32 8 - 85 - 23.586806297302246 16.399614334106445 0 1
32 8 - 86 - 21.58992648124695 22.743311643600464 0 0
32 8 - 87 - 14.906001091003418 19.614572048187256 1 0
32 8 - 88 - 23.145238161087036 16.545751810073853 0 1
32 8 - 89 - 22.542754888534546 16.06215763092041 0 1
32 8 - 90 - 22.74730396270752 18.898584127426147 0 1
32 8 - 91 - 23.140537977218628 20.165719509124756 0 1
32 8 - 92 - 15.029680490493774 20.851548671722412 1 0
32 8 - 93 - 21.188688039779663 19.394819974899292 0 0
32 8 - 94 - 15.538640260696411 20.9131076335907 1 0
32 8 - 95 - 14.171945333480835 20.445114612579346 1 0
32 8 - 96 - 21.7299747467041 23.015157461166382 0 0
32 8 - 97 - 23.753845930099487 22.09540820121765 0 0
32 8 - 98 - 22.203298330307007 22.40340256690979 1 0
32 8 - 99 - 15.63730788230896 20.68215560913086 1 0
