4 1 - 0 - 0.2897932529449463 0.26117706298828125 1 0
4 1 - 1 - 0.3084836006164551 0.3062777519226074 0 1
4 1 - 2 - 0.30206918716430664 0.3064913749694824 0 1
4 1 - 3 - 0.30301785469055176 0.30407118797302246 0 1
4 1 - 4 - 0.3055257797241211 0.28145265579223633 1 0
4 1 - 5 - 0.3283348083496094 0.32551121711730957 0 1
4 1 - 6 - 0.2829020023345947 0.2789747714996338 0 1
4 1 - 7 - 0.30672359466552734 0.30690646171569824 0 1
4 1 - 8 - 0.33136701583862305 0.3008766174316406 1 0
4 1 - 9 - 0.3035087585449219 0.300872802734375 0 1
4 1 - 10 - 0.330211877822876 0.3261239528656006 0 1
4 1 - 11 - 0.2651643753051758 0.25926995277404785 0 1
4 1 - 12 - 0.35022401809692383 0.345822811126709 0 1
4 1 - 13 - 0.3292500972747803 0.32326197624206543 0 0
4 1 - 14 - 0.3030049800872803 0.30161428451538086 0 1
4 1 - 15 - 0.3058912754058838 0.30834412574768066 0 1
4 1 - 16 - 0.32303309440612793 0.32047438621520996 0 0
4 1 - 17 - 0.2605013847351074 0.25873565673828125 0 1
4 1 - 18 - 0.28366851806640625 0.2818303108215332 0 1
4 1 - 19 - 0.3185722827911377 0.2996392250061035 0 0
4 1 - 20 - 0.28276515007019043 0.2777280807495117 0 1
4 1 - 21 - 0.2635207176208496 0.2589700222015381 0 1
4 1 - 22 - 0.3287794589996338 0.32294607162475586 0 1
4 1 - 23 - 0.304004430770874 0.2984161376953125 0 1
4 1 - 24 - 0.3098576068878174 0.3000650405883789 0 1
4 1 - 25 - 0.33512210845947266 0.32532215118408203 0 1
4 1 - 26 - 0.33016109466552734 0.3191566467285156 0 0
4 1 - 27 - 0.3373281955718994 0.32442450523376465 0 0
4 1 - 28 - 0.3251008987426758 0.3272562026977539 0 1
4 1 - 29 - 0.3295097351074219 0.3262612819671631 0 1
4 1 - 30 - 0.3284602165222168 0.3288300037384033 0 1
4 1 - 31 - 0.3234865665435791 0.32051777839660645 0 1
4 1 - 32 - 0.323014497756958 0.3227980136871338 0 0
4 1 - 33 - 0.3064901828765869 0.3002784252166748 0 1
4 1 - 34 - 0.32503223419189453 0.3221919536590576 0 0
4 1 - 35 - 0.28528666496276855 0.28025102615356445 0 1
4 1 - 36 - 0.34330320358276367 0.33870840072631836 0 0
4 1 - 37 - 0.3034801483154297 0.2973368167877197 0 1
4 1 - 38 - 0.30408215522766113 0.30736875534057617 0 1
4 1 - 39 - 0.27985477447509766 0.2627739906311035 1 0
4 1 - 40 - 0.33922529220581055 0.34192872047424316 0 1
4 1 - 41 - 0.2642185688018799 0.25884103775024414 0 1
4 1 - 42 - 0.3014655113220215 0.2948164939880371 0 1
4 1 - 43 - 0.2806544303894043 0.28330159187316895 0 1
4 1 - 44 - 0.30226707458496094 0.29839015007019043 0 1
4 1 - 45 - 0.3258860111236572 0.32460713386535645 0 1
4 1 - 46 - 0.3018350601196289 0.29879140853881836 0 1
4 1 - 47 - 0.31386256217956543 0.2808196544647217 1 0
4 1 - 48 - 0.3008708953857422 0.29590439796447754 0 1
4 1 - 49 - 0.36588048934936523 0.3603096008300781 0 1
4 1 - 50 - 0.30321335792541504 0.27864623069763184 1 0
4 1 - 51 - 0.28595733642578125 0.27836012840270996 0 1
4 1 - 52 - 0.265697717666626 0.2601633071899414 0 1
4 1 - 53 - 0.32525205612182617 0.3214991092681885 0 1
4 1 - 54 - 0.2636220455169678 0.25942540168762207 0 1
4 1 - 55 - 0.28824424743652344 0.27994823455810547 0 0
4 1 - 56 - 0.3220398426055908 0.32027387619018555 0 1
4 1 - 57 - 0.30800533294677734 0.2798631191253662 1 0
4 1 - 58 - 0.345095157623291 0.35402464866638184 0 1
4 1 - 59 - 0.3404982089996338 0.3217628002166748 0 0
4 1 - 60 - 0.28679919242858887 0.2843170166015625 0 1
4 1 - 61 - 0.306926965713501 0.30109643936157227 0 1
4 1 - 62 - 0.2767605781555176 0.2596619129180908 1 0
4 1 - 63 - 0.2918665409088135 0.2864041328430176 0 1
4 1 - 64 - 0.29227375984191895 0.286623477935791 0 1
4 1 - 65 - 0.28342270851135254 0.28418517112731934 0 1
4 1 - 66 - 0.34381580352783203 0.3461785316467285 0 1
4 1 - 67 - 0.2843897342681885 0.28163671493530273 0 1
4 1 - 68 - 0.3048532009124756 0.2828562259674072 1 0
4 1 - 69 - 0.34379148483276367 0.34055352210998535 0 1
4 1 - 70 - 0.3302955627441406 0.3217015266418457 0 0
4 1 - 71 - 0.3238074779510498 0.3267052173614502 0 1
4 1 - 72 - 0.28308939933776855 0.2780728340148926 0 1
4 1 - 73 - 0.30219006538391113 0.28144121170043945 1 0
4 1 - 74 - 0.30848002433776855 0.3123459815979004 0 1
4 1 - 75 - 0.2992246150970459 0.28174424171447754 1 0
4 1 - 76 - 0.33360791206359863 0.3333439826965332 0 1
4 1 - 77 - 0.3386256694793701 0.3266470432281494 0 1
4 1 - 78 - 0.3133976459503174 0.27892565727233887 1 0
4 1 - 79 - 0.3315713405609131 0.32117271423339844 0 1
4 1 - 80 - 0.3339219093322754 0.3242945671081543 0 0
4 1 - 81 - 0.3366553783416748 0.3056821823120117 1 0
4 1 - 82 - 0.29230427742004395 0.2881159782409668 0 0
4 1 - 83 - 0.30141234397888184 0.3064720630645752 0 1
4 1 - 84 - 0.2606945037841797 0.2605774402618408 0 1
4 1 - 85 - 0.30164146423339844 0.30027222633361816 0 1
4 1 - 86 - 0.3453097343444824 0.3450343608856201 0 1
4 1 - 87 - 0.30350804328918457 0.2998771667480469 0 1
4 1 - 88 - 0.303663969039917 0.3009169101715088 0 1
4 1 - 89 - 0.3044886589050293 0.2795126438140869 0 1
4 1 - 90 - 0.3295731544494629 0.3242769241333008 0 1
4 1 - 91 - 0.32454967498779297 0.3193392753601074 0 1
4 1 - 92 - 0.30696558952331543 0.30818772315979004 0 1
4 1 - 93 - 0.33501768112182617 0.3022279739379883 1 0
4 1 - 94 - 0.3047661781311035 0.28418517112731934 0 0
4 1 - 95 - 0.3069605827331543 0.3089725971221924 0 1
4 1 - 96 - 0.33132481575012207 0.32887864112854004 0 1
4 1 - 97 - 0.2862071990966797 0.28647589683532715 0 1
4 1 - 98 - 0.2858719825744629 0.28551650047302246 0 1
4 1 - 99 - 0.30829620361328125 0.30440306663513184 0 1
4 2 - 0 - 0.30138707160949707 0.2816336154937744 1 0
4 2 - 1 - 0.32279300689697266 0.3221132755279541 0 1
4 2 - 2 - 0.32701921463012695 0.32033801078796387 0 0
4 2 - 3 - 0.32202863693237305 0.3192296028137207 0 0
4 2 - 4 - 0.3203117847442627 0.29737043380737305 1 0
4 2 - 5 - 0.33588385581970215 0.3359792232513428 0 0
4 2 - 6 - 0.2964639663696289 0.2928943634033203 0 1
4 2 - 7 - 0.31884765625 0.32633018493652344 0 1
4 2 - 8 - 0.34554338455200195 0.3198232650756836 1 0
4 2 - 9 - 0.3200647830963135 0.31615185737609863 0 1
4 2 - 10 - 0.34226012229919434 0.3420414924621582 0 0
4 2 - 11 - 0.27945733070373535 0.2755448818206787 0 1
4 2 - 12 - 0.3615238666534424 0.3615987300872803 0 0
4 2 - 13 - 0.33964967727661133 0.3382248878479004 0 0
4 2 - 14 - 0.31891584396362305 0.3201169967651367 0 1
4 2 - 15 - 0.32036375999450684 0.3256855010986328 0 1
4 2 - 16 - 0.34636878967285156 0.3414733409881592 0 0
4 2 - 17 - 0.2821776866912842 0.2773301601409912 0 1
4 2 - 18 - 0.2996246814727783 0.30453062057495117 0 1
4 2 - 19 - 0.3358283042907715 0.3212153911590576 0 0
4 2 - 20 - 0.29984402656555176 0.29781270027160645 0 1
4 2 - 21 - 0.27703189849853516 0.2776005268096924 0 1
4 2 - 22 - 0.3402693271636963 0.3411245346069336 0 0
4 2 - 23 - 0.31801319122314453 0.3192741870880127 0 1
4 2 - 24 - 0.321486234664917 0.31777000427246094 0 1
4 2 - 25 - 0.341156005859375 0.3494853973388672 0 1
4 2 - 26 - 0.34871459007263184 0.3477320671081543 0 0
4 2 - 27 - 0.3444557189941406 0.3440737724304199 0 0
4 2 - 28 - 0.3358883857727051 0.3435630798339844 0 1
4 2 - 29 - 0.33721041679382324 0.33946943283081055 0 0
4 2 - 30 - 0.33822154998779297 0.3398277759552002 0 0
4 2 - 31 - 0.34085726737976074 0.33789873123168945 0 1
4 2 - 32 - 0.3426656723022461 0.3349618911743164 0 0
4 2 - 33 - 0.31986355781555176 0.3146686553955078 0 1
4 2 - 34 - 0.3427238464355469 0.3379826545715332 0 0
4 2 - 35 - 0.29628705978393555 0.29653477668762207 0 1
4 2 - 36 - 0.3624742031097412 0.360593318939209 0 0
4 2 - 37 - 0.336472749710083 0.31572866439819336 0 1
4 2 - 38 - 0.3204975128173828 0.32221078872680664 0 1
4 2 - 39 - 0.3014066219329834 0.2793605327606201 1 0
4 2 - 40 - 0.3596487045288086 0.358112096786499 0 1
4 2 - 41 - 0.28344178199768066 0.27661824226379395 0 1
4 2 - 42 - 0.31954073905944824 0.3151438236236572 0 1
4 2 - 43 - 0.29625964164733887 0.299191951751709 0 0
4 2 - 44 - 0.3132948875427246 0.3133888244628906 0 1
4 2 - 45 - 0.3339862823486328 0.3342316150665283 0 0
4 2 - 46 - 0.31951332092285156 0.31115126609802246 0 1
4 2 - 47 - 0.31384754180908203 0.2951016426086426 1 0
4 2 - 48 - 0.3173179626464844 0.3126826286315918 0 1
4 2 - 49 - 0.3762993812561035 0.3780379295349121 0 1
4 2 - 50 - 0.32476139068603516 0.29956865310668945 1 0
4 2 - 51 - 0.3198099136352539 0.299602746963501 0 1
4 2 - 52 - 0.28261375427246094 0.28111934661865234 0 1
4 2 - 53 - 0.3482804298400879 0.34727048873901367 0 0
4 2 - 54 - 0.27942347526550293 0.27411580085754395 0 1
4 2 - 55 - 0.30594944953918457 0.2967565059661865 0 0
4 2 - 56 - 0.34068846702575684 0.33467817306518555 0 0
4 2 - 57 - 0.33133578300476074 0.29603004455566406 1 0
4 2 - 58 - 0.3621230125427246 0.3609180450439453 0 0
4 2 - 59 - 0.3490259647369385 0.33550238609313965 0 0
4 2 - 60 - 0.2995784282684326 0.3012046813964844 0 1
4 2 - 61 - 0.3208916187286377 0.3194313049316406 0 1
4 2 - 62 - 0.3024001121520996 0.2826669216156006 1 0
4 2 - 63 - 0.3011322021484375 0.2988440990447998 0 1
4 2 - 64 - 0.30349206924438477 0.30468058586120605 0 1
4 2 - 65 - 0.29613566398620605 0.3020000457763672 0 1
4 2 - 66 - 0.356748104095459 0.36110424995422363 0 0
4 2 - 67 - 0.2995109558105469 0.2966897487640381 0 1
4 2 - 68 - 0.32708287239074707 0.2996087074279785 1 0
4 2 - 69 - 0.36222124099731445 0.3577888011932373 0 1
4 2 - 70 - 0.3457522392272949 0.3390774726867676 0 0
4 2 - 71 - 0.34087562561035156 0.3394744396209717 0 0
4 2 - 72 - 0.29656314849853516 0.2942385673522949 0 1
4 2 - 73 - 0.3221769332885742 0.2973034381866455 1 0
4 2 - 74 - 0.31645941734313965 0.3187708854675293 0 0
4 2 - 75 - 0.3347458839416504 0.2921924591064453 1 0
4 2 - 76 - 0.3374142646789551 0.33926844596862793 0 0
4 2 - 77 - 0.3378729820251465 0.3341243267059326 0 0
4 2 - 78 - 0.31304073333740234 0.2944376468658447 1 0
4 2 - 79 - 0.33764100074768066 0.33623385429382324 0 1
4 2 - 80 - 0.3441941738128662 0.334857702255249 0 0
4 2 - 81 - 0.33234310150146484 0.3160560131072998 0 0
4 2 - 82 - 0.3044321537017822 0.30098891258239746 0 0
4 2 - 83 - 0.3181874752044678 0.32709479331970215 0 1
4 2 - 84 - 0.28227972984313965 0.27445435523986816 0 1
4 2 - 85 - 0.31861305236816406 0.3161749839782715 0 1
4 2 - 86 - 0.3654630184173584 0.3600783348083496 0 0
4 2 - 87 - 0.3138728141784668 0.31235313415527344 0 1
4 2 - 88 - 0.31684112548828125 0.31702518463134766 0 1
4 2 - 89 - 0.3014218807220459 0.2954223155975342 0 1
4 2 - 90 - 0.3373289108276367 0.3392007350921631 0 0
4 2 - 91 - 0.3374972343444824 0.3384404182434082 0 1
4 2 - 92 - 0.3204493522644043 0.3184044361114502 0 1
4 2 - 93 - 0.3421821594238281 0.31847071647644043 1 0
4 2 - 94 - 0.3040163516998291 0.2984178066253662 0 0
4 2 - 95 - 0.3207268714904785 0.3240170478820801 0 1
4 2 - 96 - 0.3407001495361328 0.3429579734802246 0 0
4 2 - 97 - 0.29813313484191895 0.30333948135375977 0 1
4 2 - 98 - 0.3028380870819092 0.2969980239868164 0 1
4 2 - 99 - 0.3187098503112793 0.3153805732727051 0 1
4 4 - 0 - 0.32734251022338867 0.30858898162841797 1 0
4 4 - 1 - 0.3524303436279297 0.34572362899780273 0 1
4 4 - 2 - 0.3497588634490967 0.3478879928588867 0 0
4 4 - 3 - 0.34545326232910156 0.3486824035644531 0 0
4 4 - 4 - 0.348524808883667 0.32546401023864746 1 0
4 4 - 5 - 0.37024450302124023 0.3708932399749756 0 0
4 4 - 6 - 0.3373527526855469 0.3314201831817627 0 1
4 4 - 7 - 0.3555176258087158 0.35655975341796875 0 0
4 4 - 8 - 0.3803834915161133 0.352642297744751 1 0
4 4 - 9 - 0.3547022342681885 0.34826231002807617 0 1
4 4 - 10 - 0.3788878917694092 0.37508487701416016 0 0
4 4 - 11 - 0.31403088569641113 0.31058359146118164 0 1
4 4 - 12 - 0.3865945339202881 0.3845865726470947 0 0
4 4 - 13 - 0.3791923522949219 0.36434340476989746 0 0
4 4 - 14 - 0.3484036922454834 0.3479139804840088 0 1
4 4 - 15 - 0.3560974597930908 0.350022554397583 0 0
4 4 - 16 - 0.3677835464477539 0.36477088928222656 0 0
4 4 - 17 - 0.31134772300720215 0.3073444366455078 0 1
4 4 - 18 - 0.3338651657104492 0.32677412033081055 0 0
4 4 - 19 - 0.3531150817871094 0.35088658332824707 0 0
4 4 - 20 - 0.32991957664489746 0.32875871658325195 0 1
4 4 - 21 - 0.3132915496826172 0.31014227867126465 0 1
4 4 - 22 - 0.37387752532958984 0.3726372718811035 0 0
4 4 - 23 - 0.3530919551849365 0.3438901901245117 0 1
4 4 - 24 - 0.3497288227081299 0.34984755516052246 0 1
4 4 - 25 - 0.3728957176208496 0.38270044326782227 0 0
4 4 - 26 - 0.3752753734588623 0.3767259120941162 0 0
4 4 - 27 - 0.3703193664550781 0.37448644638061523 0 0
4 4 - 28 - 0.3778994083404541 0.37451863288879395 0 0
4 4 - 29 - 0.3731851577758789 0.37191081047058105 0 0
4 4 - 30 - 0.3798408508300781 0.3720383644104004 0 0
4 4 - 31 - 0.37560129165649414 0.37131333351135254 0 1
4 4 - 32 - 0.37613534927368164 0.3728013038635254 0 0
4 4 - 33 - 0.3505215644836426 0.35335397720336914 0 1
4 4 - 34 - 0.37257933616638184 0.37468695640563965 0 0
4 4 - 35 - 0.33084940910339355 0.32817769050598145 0 1
4 4 - 36 - 0.3947734832763672 0.39792728424072266 0 0
4 4 - 37 - 0.35299134254455566 0.3481113910675049 0 1
4 4 - 38 - 0.35211777687072754 0.3563261032104492 0 0
4 4 - 39 - 0.33631157875061035 0.30840468406677246 1 0
4 4 - 40 - 0.3907601833343506 0.3932805061340332 0 1
4 4 - 41 - 0.3134915828704834 0.314439058303833 0 1
4 4 - 42 - 0.3468294143676758 0.3471829891204834 0 1
4 4 - 43 - 0.32880735397338867 0.3279457092285156 0 0
4 4 - 44 - 0.3735616207122803 0.35076212882995605 0 1
4 4 - 45 - 0.37679481506347656 0.37229108810424805 0 0
4 4 - 46 - 0.3588697910308838 0.3543257713317871 0 1
4 4 - 47 - 0.3728513717651367 0.3342406749725342 1 0
4 4 - 48 - 0.3607916831970215 0.3520314693450928 0 1
4 4 - 49 - 0.4188530445098877 0.4137909412384033 0 1
4 4 - 50 - 0.3629934787750244 0.33289670944213867 1 0
4 4 - 51 - 0.3391549587249756 0.3340327739715576 0 1
4 4 - 52 - 0.32030773162841797 0.3123466968536377 0 1
4 4 - 53 - 0.3917405605316162 0.3831512928009033 0 0
4 4 - 54 - 0.3192758560180664 0.3206050395965576 0 1
4 4 - 55 - 0.3464045524597168 0.34300971031188965 0 0
4 4 - 56 - 0.37966108322143555 0.3858680725097656 0 0
4 4 - 57 - 0.37732958793640137 0.33994221687316895 1 0
4 4 - 58 - 0.4038705825805664 0.3979618549346924 0 0
4 4 - 59 - 0.3867175579071045 0.3744676113128662 0 0
4 4 - 60 - 0.33751535415649414 0.33736586570739746 0 1
4 4 - 61 - 0.360476016998291 0.3545351028442383 0 1
4 4 - 62 - 0.33463335037231445 0.3140287399291992 1 0
4 4 - 63 - 0.3331012725830078 0.33361053466796875 0 1
4 4 - 64 - 0.33977818489074707 0.33868837356567383 0 1
4 4 - 65 - 0.33903026580810547 0.33791542053222656 0 1
4 4 - 66 - 0.40377092361450195 0.39837026596069336 0 0
4 4 - 67 - 0.3383297920227051 0.3317286968231201 0 1
4 4 - 68 - 0.3590984344482422 0.34168100357055664 1 0
4 4 - 69 - 0.4032747745513916 0.3940775394439697 0 1
4 4 - 70 - 0.36141037940979004 0.3634958267211914 0 0
4 4 - 71 - 0.36678552627563477 0.36412525177001953 0 0
4 4 - 72 - 0.3226301670074463 0.32297611236572266 0 1
4 4 - 73 - 0.3482182025909424 0.32245969772338867 1 0
4 4 - 74 - 0.3463120460510254 0.35259437561035156 0 0
4 4 - 75 - 0.35456275939941406 0.32388758659362793 1 0
4 4 - 76 - 0.3666551113128662 0.3690166473388672 0 0
4 4 - 77 - 0.38916754722595215 0.375197172164917 0 0
4 4 - 78 - 0.35167860984802246 0.32529115676879883 1 0
4 4 - 79 - 0.37110304832458496 0.36607980728149414 0 1
4 4 - 80 - 0.3713953495025635 0.3663144111633301 0 0
4 4 - 81 - 0.35602736473083496 0.348583459854126 0 0
4 4 - 82 - 0.3297545909881592 0.33151841163635254 0 0
4 4 - 83 - 0.3453333377838135 0.35227537155151367 0 0
4 4 - 84 - 0.3076202869415283 0.3066678047180176 0 1
4 4 - 85 - 0.3505890369415283 0.34966230392456055 0 1
4 4 - 86 - 0.39160609245300293 0.39017367362976074 0 0
4 4 - 87 - 0.3480396270751953 0.3466682434082031 0 1
4 4 - 88 - 0.3520698547363281 0.347703218460083 0 1
4 4 - 89 - 0.32775092124938965 0.32962703704833984 0 1
4 4 - 90 - 0.37265896797180176 0.3711814880371094 0 0
4 4 - 91 - 0.3692593574523926 0.3690299987792969 0 1
4 4 - 92 - 0.3508908748626709 0.3440256118774414 0 1
4 4 - 93 - 0.37085628509521484 0.3490135669708252 1 0
4 4 - 94 - 0.3346989154815674 0.3289308547973633 0 0
4 4 - 95 - 0.35646581649780273 0.353534460067749 0 0
4 4 - 96 - 0.3743274211883545 0.3720841407775879 0 0
4 4 - 97 - 0.3278043270111084 0.32933712005615234 0 1
4 4 - 98 - 0.33353257179260254 0.32842135429382324 0 1
4 4 - 99 - 0.35036468505859375 0.34660816192626953 0 1
8 1 - 0 - 0.9228599071502686 0.9731729030609131 0 1
8 1 - 1 - 0.9467508792877197 0.9354879856109619 0 1
8 1 - 2 - 1.0099799633026123 1.0173685550689697 0 1
8 1 - 3 - 0.9689810276031494 0.9702520370483398 0 1
8 1 - 4 - 0.8715245723724365 0.851553201675415 0 0
8 1 - 5 - 0.8091790676116943 0.8204388618469238 0 1
8 1 - 6 - 1.0198378562927246 0.998258113861084 0 1
8 1 - 7 - 0.893559455871582 0.8819308280944824 0 1
8 1 - 8 - 0.8599748611450195 0.8474647998809814 0 1
8 1 - 9 - 0.9000048637390137 0.9024310111999512 0 1
8 1 - 10 - 0.976853609085083 0.9708704948425293 0 1
8 1 - 11 - 0.8783409595489502 0.8906309604644775 0 1
8 1 - 12 - 1.0035443305969238 1.0053844451904297 0 1
8 1 - 13 - 1.1102910041809082 1.109931230545044 0 1
8 1 - 14 - 0.9950439929962158 0.9902818202972412 0 1
8 1 - 15 - 1.0382881164550781 1.0470080375671387 0 1
8 1 - 16 - 0.9509150981903076 0.9429256916046143 0 1
8 1 - 17 - 1.0039405822753906 1.0174660682678223 0 1
8 1 - 18 - 0.9708564281463623 0.9871397018432617 0 1
8 1 - 19 - 0.9017696380615234 0.8986532688140869 0 1
8 1 - 20 - 1.0229253768920898 1.0129656791687012 0 1
8 1 - 21 - 0.8987758159637451 0.8984584808349609 0 1
8 1 - 22 - 1.034005880355835 1.0204098224639893 0 1
8 1 - 23 - 1.0211772918701172 1.0185415744781494 0 1
8 1 - 24 - 0.9037225246429443 0.9098069667816162 0 0
8 1 - 25 - 1.021181583404541 1.0113070011138916 0 1
8 1 - 26 - 1.034989356994629 1.035430669784546 0 1
8 1 - 27 - 1.0273804664611816 1.029620885848999 0 1
8 1 - 28 - 1.0251562595367432 1.0299880504608154 0 1
8 1 - 29 - 0.9707708358764648 1.0068249702453613 0 1
8 1 - 30 - 1.059786081314087 1.0709941387176514 0 1
8 1 - 31 - 1.068730115890503 1.0743191242218018 0 0
8 1 - 32 - 0.8933219909667969 0.8976790904998779 0 1
8 1 - 33 - 0.9470424652099609 0.949815034866333 0 1
8 1 - 34 - 0.984839916229248 0.9740204811096191 0 1
8 1 - 35 - 0.859525203704834 0.8462576866149902 0 1
8 1 - 36 - 1.0344250202178955 1.004387617111206 0 1
8 1 - 37 - 0.9462425708770752 0.9498727321624756 0 1
8 1 - 38 - 1.0276062488555908 1.0173516273498535 0 1
8 1 - 39 - 1.0925707817077637 1.101327657699585 0 1
8 1 - 40 - 0.9081380367279053 0.9144086837768555 0 1
8 1 - 41 - 0.863196849822998 0.8758814334869385 0 1
8 1 - 42 - 0.9409210681915283 0.9554266929626465 0 1
8 1 - 43 - 1.1295783519744873 1.1126072406768799 0 1
8 1 - 44 - 0.9816205501556396 0.9855833053588867 0 1
8 1 - 45 - 0.9480175971984863 0.9391241073608398 0 1
8 1 - 46 - 1.1578612327575684 1.139005184173584 0 1
8 1 - 47 - 0.8930873870849609 0.8896622657775879 0 1
8 1 - 48 - 0.9566662311553955 0.9575269222259521 0 1
8 1 - 49 - 0.9570755958557129 0.9415509700775146 0 0
8 1 - 50 - 1.102036714553833 1.1051983833312988 0 1
8 1 - 51 - 1.05517578125 1.0441110134124756 0 1
8 1 - 52 - 1.1332519054412842 1.1304395198822021 0 1
8 1 - 53 - 1.0729212760925293 1.0639231204986572 0 1
8 1 - 54 - 0.938603401184082 0.9666099548339844 0 1
8 1 - 55 - 0.9497451782226562 0.9331471920013428 0 1
8 1 - 56 - 0.9527428150177002 0.9350228309631348 0 1
8 1 - 57 - 1.03902268409729 1.0673854351043701 0 1
8 1 - 58 - 1.0567970275878906 1.0615870952606201 0 1
8 1 - 59 - 1.018599510192871 1.0125529766082764 0 1
8 1 - 60 - 1.083261251449585 1.1193022727966309 0 1
8 1 - 61 - 1.0188102722167969 1.0168962478637695 0 1
8 1 - 62 - 0.9349963665008545 0.9171140193939209 0 1
8 1 - 63 - 0.9807612895965576 0.9773201942443848 0 1
8 1 - 64 - 1.0768356323242188 1.0796949863433838 0 1
8 1 - 65 - 1.0079731941223145 1.006967306137085 0 1
8 1 - 66 - 0.9290900230407715 0.9087424278259277 0 1
8 1 - 67 - 1.0906291007995605 1.098930835723877 0 1
8 1 - 68 - 1.0118238925933838 1.0109541416168213 0 1
8 1 - 69 - 1.0207881927490234 1.0236423015594482 0 1
8 1 - 70 - 0.9691405296325684 0.9750237464904785 0 1
8 1 - 71 - 1.0190911293029785 1.0093286037445068 0 1
8 1 - 72 - 1.0065131187438965 1.0179612636566162 0 1
8 1 - 73 - 1.0663511753082275 1.0649268627166748 0 1
8 1 - 74 - 0.8900203704833984 0.8996384143829346 0 1
8 1 - 75 - 0.9771580696105957 0.9644076824188232 0 1
8 1 - 76 - 1.0620341300964355 1.046900987625122 0 1
8 1 - 77 - 1.053128719329834 1.0673468112945557 0 1
8 1 - 78 - 0.9289524555206299 0.9464738368988037 0 1
8 1 - 79 - 0.8234798908233643 0.8390154838562012 0 1
8 1 - 80 - 1.125077247619629 1.1209020614624023 0 1
8 1 - 81 - 0.9741599559783936 0.989166259765625 0 1
8 1 - 82 - 0.9550714492797852 0.8973689079284668 0 0
8 1 - 83 - 0.9345192909240723 0.9394176006317139 0 0
8 1 - 84 - 0.9109869003295898 0.9219183921813965 0 1
8 1 - 85 - 1.0056464672088623 1.000359058380127 0 1
8 1 - 86 - 0.9517905712127686 0.9510626792907715 0 1
8 1 - 87 - 0.9481942653656006 0.918543815612793 0 1
8 1 - 88 - 0.9667232036590576 0.9655163288116455 0 1
8 1 - 89 - 1.003516435623169 1.0055756568908691 0 1
8 1 - 90 - 1.0327229499816895 1.03352952003479 0 1
8 1 - 91 - 0.9156932830810547 0.9445383548736572 0 1
8 1 - 92 - 1.0030183792114258 1.007338047027588 0 1
8 1 - 93 - 0.871870756149292 0.849273681640625 0 1
8 1 - 94 - 1.0705804824829102 1.0683670043945312 0 1
8 1 - 95 - 1.0564789772033691 1.064185619354248 0 1
8 1 - 96 - 0.9079904556274414 0.8806912899017334 0 1
8 1 - 97 - 0.9830389022827148 0.9916558265686035 0 1
8 1 - 98 - 1.0618658065795898 1.072507381439209 0 1
8 1 - 99 - 0.988511323928833 0.9765033721923828 0 1
8 2 - 0 - 0.9567906856536865 1.009615421295166 0 1
8 2 - 1 - 0.9701476097106934 0.9625253677368164 0 1
8 2 - 2 - 1.057312250137329 1.0937016010284424 0 1
8 2 - 3 - 1.016740083694458 1.0066392421722412 0 1
8 2 - 4 - 0.9454574584960938 0.8896572589874268 0 0
8 2 - 5 - 0.8553609848022461 0.8636519908905029 0 1
8 2 - 6 - 1.0376484394073486 1.0198605060577393 0 1
8 2 - 7 - 0.9204282760620117 0.912381649017334 0 1
8 2 - 8 - 0.891406774520874 0.9193594455718994 0 1
8 2 - 9 - 0.9287734031677246 0.9757740497589111 0 1
8 2 - 10 - 1.017115831375122 1.0118138790130615 0 1
8 2 - 11 - 0.9255454540252686 0.9538969993591309 0 1
8 2 - 12 - 1.035735845565796 1.0494213104248047 0 0
8 2 - 13 - 1.1256110668182373 1.116870403289795 0 0
8 2 - 14 - 1.0026700496673584 0.9825124740600586 0 1
8 2 - 15 - 1.044403314590454 1.0524611473083496 0 0
8 2 - 16 - 0.9565484523773193 0.9499714374542236 0 1
8 2 - 17 - 1.0273323059082031 1.0703108310699463 0 1
8 2 - 18 - 1.0075337886810303 1.0225536823272705 0 1
8 2 - 19 - 0.9202175140380859 0.9274418354034424 0 0
8 2 - 20 - 1.0441296100616455 1.0874757766723633 0 1
8 2 - 21 - 0.9474847316741943 0.930976390838623 0 1
8 2 - 22 - 1.0594825744628906 1.0638210773468018 0 0
8 2 - 23 - 1.107358455657959 1.0604526996612549 0 0
8 2 - 24 - 0.9374833106994629 0.934232234954834 0 0
8 2 - 25 - 1.0507495403289795 1.0591039657592773 0 0
8 2 - 26 - 1.0508341789245605 1.0548832416534424 0 0
8 2 - 27 - 1.061105489730835 1.1207506656646729 0 1
8 2 - 28 - 1.058485746383667 1.0566048622131348 0 0
8 2 - 29 - 1.0061051845550537 1.0287795066833496 0 1
8 2 - 30 - 1.0984115600585938 1.115718126296997 0 0
8 2 - 31 - 1.0950238704681396 1.08416748046875 0 0
8 2 - 32 - 0.9475085735321045 0.9539551734924316 0 1
8 2 - 33 - 0.9703607559204102 0.9930393695831299 0 1
8 2 - 34 - 0.9981663227081299 1.0256528854370117 0 1
8 2 - 35 - 0.894193172454834 0.8959329128265381 0 1
8 2 - 36 - 1.0348939895629883 1.079080581665039 0 1
8 2 - 37 - 0.9720165729522705 0.9636058807373047 0 1
8 2 - 38 - 1.0435445308685303 1.0549044609069824 0 1
8 2 - 39 - 1.1138100624084473 1.132251501083374 0 0
8 2 - 40 - 0.9109032154083252 0.9272341728210449 0 1
8 2 - 41 - 0.8874247074127197 0.9072747230529785 0 1
8 2 - 42 - 0.9647946357727051 0.9830365180969238 0 0
8 2 - 43 - 1.1153111457824707 1.1087055206298828 0 1
8 2 - 44 - 1.0095720291137695 0.9951012134552002 0 0
8 2 - 45 - 0.9550893306732178 0.9597063064575195 0 1
8 2 - 46 - 1.171365737915039 1.1681280136108398 0 1
8 2 - 47 - 0.9255573749542236 0.9373927116394043 0 1
8 2 - 48 - 0.9716331958770752 0.9861810207366943 0 1
8 2 - 49 - 0.9585719108581543 0.9573197364807129 0 0
8 2 - 50 - 1.1058375835418701 1.1401243209838867 0 1
8 2 - 51 - 1.0850439071655273 1.0867114067077637 0 0
8 2 - 52 - 1.167330265045166 1.1879959106445312 0 0
8 2 - 53 - 1.0882635116577148 1.132188320159912 0 1
8 2 - 54 - 0.9831328392028809 1.0198886394500732 0 1
8 2 - 55 - 0.9607477188110352 0.9564113616943359 0 1
8 2 - 56 - 0.9631283283233643 0.9830682277679443 0 1
8 2 - 57 - 1.098386287689209 1.0944945812225342 0 0
8 2 - 58 - 1.0888433456420898 1.1107628345489502 0 1
8 2 - 59 - 1.0428709983825684 1.063448429107666 0 1
8 2 - 60 - 1.1307833194732666 1.117600917816162 0 1
8 2 - 61 - 1.0469512939453125 1.054307460784912 0 0
8 2 - 62 - 0.9604699611663818 0.9730794429779053 0 0
8 2 - 63 - 0.9997265338897705 1.0259089469909668 0 1
8 2 - 64 - 1.128488302230835 1.1245055198669434 0 0
8 2 - 65 - 1.0608046054840088 1.0550508499145508 0 0
8 2 - 66 - 0.9598445892333984 1.0000770092010498 0 1
8 2 - 67 - 1.1433143615722656 1.1655824184417725 0 1
8 2 - 68 - 1.0597805976867676 1.055659532546997 0 1
8 2 - 69 - 1.059117317199707 1.0351462364196777 0 1
8 2 - 70 - 1.0750360488891602 1.0065622329711914 0 0
8 2 - 71 - 1.0617139339447021 1.0514578819274902 0 0
8 2 - 72 - 1.057579755783081 1.056039810180664 0 1
8 2 - 73 - 1.0962281227111816 1.0910215377807617 0 1
8 2 - 74 - 0.9530644416809082 0.9226956367492676 0 0
8 2 - 75 - 1.0211584568023682 1.039973258972168 0 1
8 2 - 76 - 1.08607816696167 1.113182544708252 0 1
8 2 - 77 - 1.101435661315918 1.0935688018798828 0 0
8 2 - 78 - 0.9875130653381348 0.9932570457458496 0 1
8 2 - 79 - 0.8655405044555664 0.8920416831970215 0 1
8 2 - 80 - 1.1740574836730957 1.1707777976989746 0 1
8 2 - 81 - 1.0301003456115723 1.0095248222351074 0 0
8 2 - 82 - 0.9371087551116943 0.9299464225769043 0 0
8 2 - 83 - 0.9933116436004639 0.9672377109527588 0 0
8 2 - 84 - 0.9754927158355713 0.9697191715240479 0 0
8 2 - 85 - 1.0450959205627441 1.0538403987884521 0 1
8 2 - 86 - 1.0120210647583008 1.034757137298584 0 1
8 2 - 87 - 0.9745557308197021 0.9779841899871826 0 0
8 2 - 88 - 1.0112411975860596 1.0120189189910889 0 0
8 2 - 89 - 1.0452001094818115 1.0422296524047852 0 1
8 2 - 90 - 1.084864616394043 1.102179765701294 0 0
8 2 - 91 - 0.970289945602417 0.9996485710144043 0 1
8 2 - 92 - 1.0543551445007324 1.0471534729003906 0 1
8 2 - 93 - 0.9003279209136963 0.8862044811248779 0 1
8 2 - 94 - 1.1092076301574707 1.0925660133361816 0 0
8 2 - 95 - 1.0985567569732666 1.1124391555786133 0 0
8 2 - 96 - 0.9306018352508545 0.9642815589904785 0 1
8 2 - 97 - 1.016167163848877 1.0206165313720703 0 0
8 2 - 98 - 1.0879991054534912 1.1050095558166504 0 0
8 2 - 99 - 1.0142910480499268 1.0046849250793457 0 1
8 4 - 0 - 1.027878999710083 1.0380733013153076 0 0
8 4 - 1 - 1.0284526348114014 1.057755708694458 0 1
8 4 - 2 - 1.1491551399230957 1.1317355632781982 0 0
8 4 - 3 - 1.1010243892669678 1.0752780437469482 0 1
8 4 - 4 - 1.0598018169403076 0.9757559299468994 0 0
8 4 - 5 - 1.0604417324066162 0.9353330135345459 0 0
8 4 - 6 - 1.097121238708496 1.0927884578704834 0 1
8 4 - 7 - 0.9938580989837646 1.0025229454040527 0 1
8 4 - 8 - 0.9703061580657959 1.028898000717163 0 1
8 4 - 9 - 0.9978773593902588 1.019012212753296 0 1
8 4 - 10 - 1.079702615737915 1.0821337699890137 0 1
8 4 - 11 - 0.9872829914093018 0.982738733291626 0 1
8 4 - 12 - 1.0942637920379639 1.1537747383117676 0 0
8 4 - 13 - 1.1921849250793457 1.2067806720733643 0 0
8 4 - 14 - 1.0643491744995117 1.064192533493042 0 1
8 4 - 15 - 1.1295545101165771 1.1448335647583008 0 0
8 4 - 16 - 1.0223519802093506 1.0228266716003418 0 1
8 4 - 17 - 1.1143014430999756 1.1367342472076416 0 0
8 4 - 18 - 1.0696699619293213 1.069849967956543 0 1
8 4 - 19 - 0.9838192462921143 1.0216264724731445 0 0
8 4 - 20 - 1.092029094696045 1.1862730979919434 0 0
8 4 - 21 - 0.9958415031433105 0.9936108589172363 0 1
8 4 - 22 - 1.1089835166931152 1.1160776615142822 0 0
8 4 - 23 - 1.1098110675811768 1.1147022247314453 0 0
8 4 - 24 - 0.9835708141326904 1.0073034763336182 0 0
8 4 - 25 - 1.1170101165771484 1.1564726829528809 0 0
8 4 - 26 - 1.1191918849945068 1.1719872951507568 0 0
8 4 - 27 - 1.1396989822387695 1.1157734394073486 0 1
8 4 - 28 - 1.0949606895446777 1.1280114650726318 0 0
8 4 - 29 - 1.058203935623169 1.1128489971160889 0 0
8 4 - 30 - 1.1397974491119385 1.1573090553283691 0 0
8 4 - 31 - 1.138951063156128 1.168928623199463 0 0
8 4 - 32 - 1.0044207572937012 1.0418322086334229 0 1
8 4 - 33 - 1.022815227508545 1.0811266899108887 0 1
8 4 - 34 - 1.0564789772033691 1.0970323085784912 0 0
8 4 - 35 - 0.942612886428833 0.968397855758667 0 1
8 4 - 36 - 1.1229870319366455 1.1121728420257568 0 1
8 4 - 37 - 1.0442123413085938 1.0307190418243408 0 1
8 4 - 38 - 1.105095386505127 1.1113553047180176 0 1
8 4 - 39 - 1.196854591369629 1.1940772533416748 0 0
8 4 - 40 - 0.9827423095703125 0.9894096851348877 0 1
8 4 - 41 - 0.9481065273284912 1.0466182231903076 0 1
8 4 - 42 - 1.060715675354004 1.0569438934326172 0 0
8 4 - 43 - 1.1996407508850098 1.194429636001587 0 1
8 4 - 44 - 1.0703163146972656 1.0959773063659668 0 0
8 4 - 45 - 1.032134771347046 1.0262959003448486 0 1
8 4 - 46 - 1.2218246459960938 1.2194344997406006 0 1
8 4 - 47 - 0.9939775466918945 0.9964859485626221 0 1
8 4 - 48 - 1.056675910949707 1.0481412410736084 0 0
8 4 - 49 - 1.0407905578613281 1.0503909587860107 0 0
8 4 - 50 - 1.2086114883422852 1.214076042175293 0 1
8 4 - 51 - 1.1657249927520752 1.17210054397583 0 0
8 4 - 52 - 1.254192590713501 1.2284770011901855 0 0
8 4 - 53 - 1.1764073371887207 1.1581525802612305 0 1
8 4 - 54 - 1.022531270980835 1.0771653652191162 0 0
8 4 - 55 - 1.0381181240081787 1.0190260410308838 0 1
8 4 - 56 - 1.0227842330932617 1.0378644466400146 0 0
8 4 - 57 - 1.1604206562042236 1.1744577884674072 0 0
8 4 - 58 - 1.1395175457000732 1.151904582977295 0 1
8 4 - 59 - 1.1182317733764648 1.1309969425201416 0 1
8 4 - 60 - 1.1998896598815918 1.1973674297332764 0 1
8 4 - 61 - 1.1240851879119873 1.1625826358795166 0 0
8 4 - 62 - 1.0518889427185059 1.0475502014160156 0 0
8 4 - 63 - 1.0818188190460205 1.137324571609497 0 0
8 4 - 64 - 1.2140982151031494 1.2495718002319336 0 0
8 4 - 65 - 1.1281819343566895 1.1322057247161865 0 0
8 4 - 66 - 1.0475053787231445 1.0345470905303955 0 1
8 4 - 67 - 1.2141461372375488 1.2505016326904297 0 0
8 4 - 68 - 1.1258244514465332 1.129948377609253 0 1
8 4 - 69 - 1.1233611106872559 1.1378538608551025 0 1
8 4 - 70 - 1.1262986660003662 1.0715954303741455 0 0
8 4 - 71 - 1.109097957611084 1.1295995712280273 0 0
8 4 - 72 - 1.1100268363952637 1.1226201057434082 0 1
8 4 - 73 - 1.1526110172271729 1.1482768058776855 0 1
8 4 - 74 - 1.0062203407287598 0.98771071434021 0 0
8 4 - 75 - 1.0689678192138672 1.0684001445770264 0 1
8 4 - 76 - 1.1625893115997314 1.1457345485687256 0 0
8 4 - 77 - 1.15480637550354 1.1599414348602295 0 0
8 4 - 78 - 1.0441036224365234 1.0352411270141602 0 0
8 4 - 79 - 0.9083695411682129 0.9187934398651123 0 0
8 4 - 80 - 1.2360787391662598 1.2127296924591064 0 1
8 4 - 81 - 1.0759479999542236 1.0804502964019775 0 0
8 4 - 82 - 1.0098731517791748 0.9800939559936523 0 0
8 4 - 83 - 1.0598464012145996 1.050025463104248 0 0
8 4 - 84 - 1.033416986465454 1.0349788665771484 0 0
8 4 - 85 - 1.0960969924926758 1.104335069656372 0 1
8 4 - 86 - 1.0758323669433594 1.0836529731750488 0 1
8 4 - 87 - 1.0311486721038818 1.075000286102295 0 0
8 4 - 88 - 1.0958657264709473 1.0659759044647217 0 0
8 4 - 89 - 1.1016106605529785 1.103848934173584 0 1
8 4 - 90 - 1.1585290431976318 1.213071584701538 0 0
8 4 - 91 - 1.0429527759552002 1.07550048828125 0 0
8 4 - 92 - 1.120387315750122 1.1192307472229004 0 1
8 4 - 93 - 0.9626846313476562 0.9610903263092041 0 1
8 4 - 94 - 1.1692774295806885 1.179413080215454 0 0
8 4 - 95 - 1.1571030616760254 1.159670114517212 0 0
8 4 - 96 - 1.006669521331787 1.0690464973449707 0 0
8 4 - 97 - 1.0866847038269043 1.0906977653503418 0 0
8 4 - 98 - 1.1489768028259277 1.1589128971099854 0 0
8 4 - 99 - 1.0686206817626953 1.078859567642212 0 1
8 8 - 0 - 1.1724486351013184 1.1577799320220947 0 0
8 8 - 1 - 1.1609046459197998 1.1437749862670898 0 1
8 8 - 2 - 1.2328965663909912 1.2493739128112793 0 0
8 8 - 3 - 1.21647047996521 1.2135021686553955 0 1
8 8 - 4 - 1.080183506011963 1.090574026107788 0 0
8 8 - 5 - 1.038029432296753 1.0498912334442139 0 0
8 8 - 6 - 1.2449967861175537 1.2473349571228027 0 1
8 8 - 7 - 1.1366634368896484 1.1278483867645264 0 1
8 8 - 8 - 1.0787575244903564 1.1709380149841309 0 0
8 8 - 9 - 1.0993974208831787 1.1689610481262207 0 1
8 8 - 10 - 1.1790862083435059 1.2120888233184814 0 1
8 8 - 11 - 1.1201012134552002 1.1274065971374512 0 1
8 8 - 12 - 1.238391637802124 1.2491283416748047 0 0
8 8 - 13 - 1.3157501220703125 1.368013620376587 0 0
8 8 - 14 - 1.203988790512085 1.202939510345459 0 1
8 8 - 15 - 1.2210693359375 1.311199426651001 0 0
8 8 - 16 - 1.1328775882720947 1.163194179534912 0 1
8 8 - 17 - 1.2165319919586182 1.2714099884033203 0 0
8 8 - 18 - 1.194821834564209 1.222531795501709 0 1
8 8 - 19 - 1.1209781169891357 1.1207680702209473 0 0
8 8 - 20 - 1.2313060760498047 1.2383873462677002 0 0
8 8 - 21 - 1.1460626125335693 1.134338140487671 0 1
8 8 - 22 - 1.2765789031982422 1.2585015296936035 0 0
8 8 - 23 - 1.2647464275360107 1.300339698791504 0 0
8 8 - 24 - 1.1860339641571045 1.1435964107513428 0 0
8 8 - 25 - 1.2811925411224365 1.2852599620819092 0 0
8 8 - 26 - 1.2373008728027344 1.2577838897705078 0 0
8 8 - 27 - 1.2228868007659912 1.2399992942810059 0 1
8 8 - 28 - 1.2398924827575684 1.2765650749206543 0 0
8 8 - 29 - 1.2063477039337158 1.2555487155914307 0 0
8 8 - 30 - 1.2841689586639404 1.2868828773498535 0 0
8 8 - 31 - 1.2774782180786133 1.2871031761169434 0 0
8 8 - 32 - 1.1058433055877686 1.1592891216278076 0 0
8 8 - 33 - 1.1388654708862305 1.1931142807006836 0 0
8 8 - 34 - 1.22231125831604 1.2027647495269775 0 0
8 8 - 35 - 1.069201946258545 1.0743975639343262 0 1
8 8 - 36 - 1.2298431396484375 1.2562816143035889 0 1
8 8 - 37 - 1.1812756061553955 1.1976737976074219 0 1
8 8 - 38 - 1.2618012428283691 1.2578234672546387 0 1
8 8 - 39 - 1.3390285968780518 1.3985540866851807 0 0
8 8 - 40 - 1.1271278858184814 1.1721100807189941 0 1
8 8 - 41 - 1.1008965969085693 1.1186347007751465 0 0
8 8 - 42 - 1.17958664894104 1.1836304664611816 0 0
8 8 - 43 - 1.3522169589996338 1.3421657085418701 0 1
8 8 - 44 - 1.2230594158172607 1.2312510013580322 0 0
8 8 - 45 - 1.178941249847412 1.1899423599243164 0 1
8 8 - 46 - 1.3852856159210205 1.3998079299926758 0 1
8 8 - 47 - 1.1425364017486572 1.1422200202941895 0 1
8 8 - 48 - 1.2062034606933594 1.240457534790039 0 0
8 8 - 49 - 1.2782793045043945 1.1734795570373535 0 0
8 8 - 50 - 1.340463399887085 1.3822014331817627 0 1
8 8 - 51 - 1.3190667629241943 1.3317131996154785 0 0
8 8 - 52 - 1.400151252746582 1.4213345050811768 0 0
8 8 - 53 - 1.309145212173462 1.3158228397369385 0 1
8 8 - 54 - 1.185889720916748 1.2155447006225586 0 0
8 8 - 55 - 1.2015302181243896 1.1884870529174805 0 1
8 8 - 56 - 1.1872544288635254 1.22283935546875 0 0
8 8 - 57 - 1.3586134910583496 1.2943224906921387 0 0
8 8 - 58 - 1.2908847332000732 1.3030891418457031 0 1
8 8 - 59 - 1.2542064189910889 1.2649483680725098 0 1
8 8 - 60 - 1.3341376781463623 1.3420748710632324 0 1
8 8 - 61 - 1.2590341567993164 1.2945375442504883 0 0
8 8 - 62 - 1.1721138954162598 1.1767668724060059 0 0
8 8 - 63 - 1.2200121879577637 1.2302882671356201 0 0
8 8 - 64 - 1.300882339477539 1.3287568092346191 0 0
8 8 - 65 - 1.2178666591644287 1.2573301792144775 0 0
8 8 - 66 - 1.1590509414672852 1.1727805137634277 0 1
8 8 - 67 - 1.329045057296753 1.3687667846679688 0 0
8 8 - 68 - 1.2300512790679932 1.2413115501403809 0 1
8 8 - 69 - 1.2291340827941895 1.253054141998291 0 1
8 8 - 70 - 1.190711259841919 1.1954448223114014 0 0
8 8 - 71 - 1.2202107906341553 1.2694437503814697 0 0
8 8 - 72 - 1.2528002262115479 1.2665822505950928 0 1
8 8 - 73 - 1.2936389446258545 1.315107822418213 0 1
8 8 - 74 - 1.1439273357391357 1.1570789813995361 0 0
8 8 - 75 - 1.222651481628418 1.2200157642364502 0 1
8 8 - 76 - 1.3208489418029785 1.3439204692840576 0 0
8 8 - 77 - 1.3274402618408203 1.3362667560577393 0 0
8 8 - 78 - 1.2514913082122803 1.1890559196472168 0 0
8 8 - 79 - 1.0599031448364258 1.0638692378997803 0 0
8 8 - 80 - 1.3857431411743164 1.3883943557739258 0 1
8 8 - 81 - 1.22294020652771 1.2252626419067383 0 0
8 8 - 82 - 1.1473305225372314 1.1455676555633545 0 0
8 8 - 83 - 1.2197389602661133 1.1721124649047852 0 0
8 8 - 84 - 1.1735966205596924 1.203645944595337 0 0
8 8 - 85 - 1.2502212524414062 1.246286392211914 0 1
8 8 - 86 - 1.2192771434783936 1.2403631210327148 0 1
8 8 - 87 - 1.233407735824585 1.1784162521362305 0 0
8 8 - 88 - 1.2291595935821533 1.2230403423309326 0 0
8 8 - 89 - 1.2569730281829834 1.251007080078125 0 1
8 8 - 90 - 1.3004724979400635 1.3218209743499756 0 0
8 8 - 91 - 1.183701992034912 1.2163300514221191 0 0
8 8 - 92 - 1.248816728591919 1.249741554260254 0 1
8 8 - 93 - 1.0872375965118408 1.081083059310913 0 1
8 8 - 94 - 1.3800017833709717 1.3331031799316406 0 0
8 8 - 95 - 1.2843985557556152 1.3214755058288574 0 0
8 8 - 96 - 1.1330289840698242 1.1384072303771973 0 0
8 8 - 97 - 1.230072021484375 1.2231111526489258 0 0
8 8 - 98 - 1.3193395137786865 1.3231241703033447 0 0
8 8 - 99 - 1.2223880290985107 1.2044849395751953 0 1
16 1 - 0 - 3.7551841735839844 3.6919853687286377 0 1
16 1 - 1 - 3.6931235790252686 3.106654167175293 0 0
16 1 - 2 - 3.631247043609619 3.76884388923645 0 1
16 1 - 3 - 3.613095998764038 3.574207305908203 0 1
16 1 - 4 - 3.7508492469787598 3.6135103702545166 0 1
16 1 - 5 - 3.389587163925171 3.298969030380249 0 1
16 1 - 6 - 3.685481071472168 3.6362781524658203 0 1
16 1 - 7 - 3.740724802017212 3.635916233062744 0 1
16 1 - 8 - 3.544556140899658 3.560574531555176 0 1
16 1 - 9 - 3.340181350708008 3.266364097595215 0 1
16 1 - 10 - 3.359283685684204 3.316701889038086 0 1
16 1 - 11 - 3.368386745452881 3.2967770099639893 0 1
16 1 - 12 - 3.2566630840301514 3.230851173400879 0 1
16 1 - 13 - 3.7847583293914795 3.7228994369506836 0 1
16 1 - 14 - 3.5519964694976807 3.499199151992798 0 1
16 1 - 15 - 3.5618152618408203 3.4861512184143066 0 1
16 1 - 16 - 3.5862436294555664 3.5492730140686035 0 1
16 1 - 17 - 3.5324389934539795 3.5323548316955566 0 1
16 1 - 18 - 3.4260926246643066 3.3746631145477295 0 1
16 1 - 19 - 3.471829414367676 3.7116520404815674 0 1
16 1 - 20 - 3.9237163066864014 3.7656617164611816 0 1
16 1 - 21 - 3.867605686187744 3.771685838699341 0 1
16 1 - 22 - 3.4335594177246094 3.4147257804870605 0 1
16 1 - 23 - 3.5314157009124756 3.4878594875335693 0 1
16 1 - 24 - 3.2246246337890625 3.24316143989563 0 1
16 1 - 25 - 3.5588669776916504 3.4558515548706055 0 1
16 1 - 26 - 2.9985642433166504 2.929609537124634 0 1
16 1 - 27 - 3.4094784259796143 3.411746025085449 0 1
16 1 - 28 - 3.611985683441162 3.6803972721099854 0 1
16 1 - 29 - 3.583594799041748 3.5255534648895264 0 1
16 1 - 30 - 3.4595091342926025 3.442290782928467 0 1
16 1 - 31 - 3.66113018989563 3.590313673019409 0 1
16 1 - 32 - 3.7892563343048096 3.685359477996826 0 1
16 1 - 33 - 3.1768808364868164 3.1945114135742188 0 1
16 1 - 34 - 3.760024070739746 3.65632963180542 0 1
16 1 - 35 - 3.5070817470550537 3.4989254474639893 0 1
16 1 - 36 - 3.309828042984009 3.2834842205047607 0 1
16 1 - 37 - 3.5706613063812256 3.635608434677124 0 1
16 1 - 38 - 3.6369128227233887 3.5368144512176514 0 1
16 1 - 39 - 3.36761212348938 3.3338706493377686 0 1
16 1 - 40 - 2.943641424179077 2.9285500049591064 0 1
16 1 - 41 - 3.6800737380981445 3.7801287174224854 0 1
16 1 - 42 - 3.341682195663452 3.3601856231689453 0 1
16 1 - 43 - 3.9072165489196777 3.9935455322265625 0 1
16 1 - 44 - 3.8354363441467285 3.802994728088379 0 1
16 1 - 45 - 3.3816275596618652 3.2697360515594482 0 1
16 1 - 46 - 3.5257656574249268 3.5206544399261475 0 1
16 1 - 47 - 3.1037888526916504 3.1129138469696045 0 1
16 1 - 48 - 3.5192055702209473 3.6408257484436035 0 1
16 1 - 49 - 3.2777011394500732 3.292397975921631 0 1
16 1 - 50 - 3.2019476890563965 3.145879030227661 0 1
16 1 - 51 - 3.7846012115478516 3.7800111770629883 0 1
16 1 - 52 - 3.4290523529052734 3.560917854309082 0 1
16 1 - 53 - 3.2280261516571045 3.2146224975585938 0 1
16 1 - 54 - 3.615605592727661 3.5316271781921387 0 1
16 1 - 55 - 3.624253273010254 3.634373426437378 0 1
16 1 - 56 - 3.4344429969787598 3.368887186050415 0 1
16 1 - 57 - 3.3624210357666016 3.3222148418426514 0 1
16 1 - 58 - 3.8344037532806396 3.698284149169922 0 1
16 1 - 59 - 3.662663698196411 3.6200079917907715 0 1
16 1 - 60 - 3.814939498901367 3.7643120288848877 0 1
16 1 - 61 - 3.589022636413574 3.5635435581207275 0 1
16 1 - 62 - 3.853548288345337 3.808858871459961 0 1
16 1 - 63 - 3.4729297161102295 3.581022024154663 0 1
16 1 - 64 - 3.4684174060821533 3.4409821033477783 0 1
16 1 - 65 - 3.5540659427642822 3.531665563583374 0 1
16 1 - 66 - 3.6091504096984863 3.5386176109313965 0 1
16 1 - 67 - 3.830777168273926 3.7661983966827393 0 1
16 1 - 68 - 3.45992112159729 3.4946646690368652 0 1
16 1 - 69 - 3.100539445877075 3.16888427734375 0 1
16 1 - 70 - 3.1970298290252686 3.267025947570801 0 1
16 1 - 71 - 3.860485792160034 3.8628408908843994 0 1
16 1 - 72 - 3.9754528999328613 3.9688241481781006 0 1
16 1 - 73 - 3.361598014831543 3.3618009090423584 0 1
16 1 - 74 - 3.4573073387145996 3.490753412246704 0 1
16 1 - 75 - 3.009251356124878 2.976109027862549 0 1
16 1 - 76 - 3.7055625915527344 3.623201847076416 0 1
16 1 - 77 - 3.6852784156799316 3.7782509326934814 0 1
16 1 - 78 - 3.6982295513153076 3.6406543254852295 0 1
16 1 - 79 - 3.5657174587249756 3.460277557373047 0 1
16 1 - 80 - 3.701258659362793 3.6569483280181885 0 1
16 1 - 81 - 3.7523608207702637 3.6689305305480957 0 1
16 1 - 82 - 3.8344969749450684 3.779668092727661 0 1
16 1 - 83 - 3.496436834335327 3.628622055053711 0 1
16 1 - 84 - 3.6224968433380127 3.6256093978881836 0 1
16 1 - 85 - 3.829665184020996 3.931178092956543 0 1
16 1 - 86 - 3.39797043800354 3.4078869819641113 0 1
16 1 - 87 - 3.320343017578125 3.2762629985809326 0 1
16 1 - 88 - 3.8926374912261963 3.8396260738372803 0 1
16 1 - 89 - 3.9182815551757812 3.844609498977661 0 1
16 1 - 90 - 3.5664732456207275 3.5878868103027344 0 1
16 1 - 91 - 3.5908608436584473 3.571803331375122 0 1
16 1 - 92 - 3.360028028488159 3.3363842964172363 0 1
16 1 - 93 - 3.9194066524505615 3.914106845855713 0 1
16 1 - 94 - 3.694091796875 3.6326944828033447 0 1
16 1 - 95 - 3.465787172317505 3.3770782947540283 0 1
16 1 - 96 - 3.541372060775757 3.4705591201782227 0 1
16 1 - 97 - 3.6352221965789795 3.66262149810791 0 1
16 1 - 98 - 3.7184457778930664 3.7555949687957764 0 1
16 1 - 99 - 4.127955198287964 4.031604766845703 0 1
16 2 - 0 - 3.8434720039367676 3.83901309967041 0 1
16 2 - 1 - 3.387836217880249 3.079003095626831 0 0
16 2 - 2 - 3.6352992057800293 3.9768102169036865 0 1
16 2 - 3 - 3.7109274864196777 3.6106131076812744 0 1
16 2 - 4 - 3.7925901412963867 3.772538661956787 0 1
16 2 - 5 - 3.3866631984710693 3.4543373584747314 0 1
16 2 - 6 - 3.7493467330932617 4.055981159210205 0 0
16 2 - 7 - 3.696040153503418 4.05289363861084 0 0
16 2 - 8 - 3.5493671894073486 3.7692999839782715 0 0
16 2 - 9 - 3.4362692832946777 3.4032509326934814 0 1
16 2 - 10 - 3.47904109954834 3.5723838806152344 0 1
16 2 - 11 - 3.4693119525909424 3.639814615249634 0 1
16 2 - 12 - 3.420197010040283 3.415614366531372 0 1
16 2 - 13 - 3.8519718647003174 3.98537015914917 0 1
16 2 - 14 - 3.578050136566162 3.677551507949829 0 1
16 2 - 15 - 3.5594675540924072 3.776826858520508 0 1
16 2 - 16 - 3.59602689743042 3.777820110321045 0 1
16 2 - 17 - 3.682849645614624 3.67395281791687 0 1
16 2 - 18 - 3.511699914932251 3.641500949859619 0 1
16 2 - 19 - 3.6136763095855713 3.66636061668396 0 1
16 2 - 20 - 3.93351149559021 3.925720453262329 0 1
16 2 - 21 - 3.9584758281707764 4.200822591781616 0 1
16 2 - 22 - 3.506197929382324 3.682056188583374 0 1
16 2 - 23 - 3.541386127471924 3.5888423919677734 0 1
16 2 - 24 - 3.254779100418091 3.2593321800231934 0 1
16 2 - 25 - 3.6763744354248047 3.7695014476776123 0 1
16 2 - 26 - 3.022106885910034 2.9840457439422607 0 1
16 2 - 27 - 3.443654775619507 3.531815767288208 0 1
16 2 - 28 - 3.7310285568237305 3.885540008544922 0 1
16 2 - 29 - 3.565960168838501 3.9501466751098633 0 1
16 2 - 30 - 3.509911060333252 3.585439443588257 0 1
16 2 - 31 - 3.688133478164673 3.946136474609375 0 1
16 2 - 32 - 3.775697708129883 3.994349956512451 0 1
16 2 - 33 - 3.260197401046753 3.3562610149383545 0 1
16 2 - 34 - 3.7639710903167725 3.890634059906006 0 1
16 2 - 35 - 3.593576192855835 3.755012273788452 0 1
16 2 - 36 - 3.388033866882324 3.46256160736084 0 1
16 2 - 37 - 3.5999014377593994 3.6843860149383545 0 1
16 2 - 38 - 3.6534030437469482 3.7117226123809814 0 1
16 2 - 39 - 3.5044162273406982 3.6556804180145264 0 1
16 2 - 40 - 3.0893547534942627 3.0291635990142822 0 1
16 2 - 41 - 3.793522834777832 3.891324281692505 0 1
16 2 - 42 - 3.3076765537261963 3.7553303241729736 0 1
16 2 - 43 - 4.059614896774292 4.346796035766602 0 1
16 2 - 44 - 3.9333224296569824 3.8711471557617188 0 1
16 2 - 45 - 3.5248911380767822 3.691295862197876 0 0
16 2 - 46 - 3.626312017440796 3.607429265975952 0 1
16 2 - 47 - 3.223022222518921 3.4745075702667236 0 1
16 2 - 48 - 3.58156681060791 4.0206379890441895 0 1
16 2 - 49 - 3.372271776199341 3.5029804706573486 0 1
16 2 - 50 - 3.220625400543213 3.274110794067383 0 1
16 2 - 51 - 3.85007381439209 4.174913167953491 0 0
16 2 - 52 - 3.539426565170288 3.608518123626709 0 1
16 2 - 53 - 3.2346038818359375 3.4580976963043213 0 1
16 2 - 54 - 3.5456438064575195 3.7916676998138428 0 1
16 2 - 55 - 3.742763042449951 4.291555881500244 0 1
16 2 - 56 - 3.4105331897735596 3.465027332305908 0 1
16 2 - 57 - 3.4363021850585938 3.4945664405822754 0 1
16 2 - 58 - 3.823793888092041 3.8996262550354004 0 1
16 2 - 59 - 3.821582555770874 4.021862506866455 0 1
16 2 - 60 - 3.9315402507781982 3.9095559120178223 0 1
16 2 - 61 - 3.759941577911377 3.8941118717193604 0 1
16 2 - 62 - 3.876211404800415 3.9625158309936523 0 1
16 2 - 63 - 3.5552473068237305 3.491760492324829 0 1
16 2 - 64 - 3.554300546646118 3.485081195831299 0 1
16 2 - 65 - 3.5621302127838135 3.6573574542999268 0 1
16 2 - 66 - 3.7190399169921875 4.319582223892212 0 1
16 2 - 67 - 3.822625160217285 3.800022602081299 0 1
16 2 - 68 - 3.543301582336426 3.7321252822875977 0 1
16 2 - 69 - 3.193937301635742 3.274837017059326 0 1
16 2 - 70 - 3.3143365383148193 3.386183977127075 0 1
16 2 - 71 - 4.02962589263916 4.210073947906494 0 1
16 2 - 72 - 4.097936153411865 4.53542685508728 0 0
16 2 - 73 - 3.449021816253662 3.706306219100952 0 1
16 2 - 74 - 3.470395803451538 3.6029622554779053 0 1
16 2 - 75 - 3.084500551223755 3.0387585163116455 0 1
16 2 - 76 - 3.771449327468872 4.100804567337036 0 1
16 2 - 77 - 3.7310924530029297 3.6976702213287354 0 1
16 2 - 78 - 3.6250181198120117 3.5984385013580322 0 1
16 2 - 79 - 3.5985872745513916 3.5564770698547363 0 1
16 2 - 80 - 3.7223145961761475 4.0048668384552 0 1
16 2 - 81 - 3.784482002258301 3.9001522064208984 0 1
16 2 - 82 - 3.9118824005126953 4.037081956863403 0 1
16 2 - 83 - 3.53228497505188 3.869791030883789 0 1
16 2 - 84 - 3.6548852920532227 3.9603347778320312 0 1
16 2 - 85 - 3.9106407165527344 4.291116714477539 0 1
16 2 - 86 - 3.5515859127044678 3.678706645965576 0 1
16 2 - 87 - 3.5424280166625977 3.48893404006958 0 1
16 2 - 88 - 4.07983660697937 4.132258415222168 0 1
16 2 - 89 - 4.065262794494629 4.133401870727539 0 1
16 2 - 90 - 3.638578414916992 3.805992603302002 0 1
16 2 - 91 - 3.638293504714966 3.9850552082061768 0 1
16 2 - 92 - 3.5424792766571045 3.8515143394470215 0 1
16 2 - 93 - 4.075770139694214 4.690981388092041 0 1
16 2 - 94 - 3.831575632095337 3.9721128940582275 0 0
16 2 - 95 - 3.429309844970703 3.386688709259033 0 1
16 2 - 96 - 3.564715623855591 3.555960178375244 0 1
16 2 - 97 - 3.7445318698883057 3.8568713665008545 0 1
16 2 - 98 - 3.7570717334747314 4.171725511550903 0 1
16 2 - 99 - 4.1805524826049805 4.414549350738525 0 1
16 4 - 0 - 4.0289905071258545 3.9203124046325684 0 1
16 4 - 1 - 3.4083967208862305 3.517585039138794 0 0
16 4 - 2 - 3.8360366821289062 4.187315464019775 0 0
16 4 - 3 - 3.8117337226867676 3.7435145378112793 0 1
16 4 - 4 - 3.9047069549560547 4.150015354156494 0 1
16 4 - 5 - 3.653090000152588 3.6511263847351074 0 1
16 4 - 6 - 3.9336318969726562 4.36452579498291 0 0
16 4 - 7 - 4.020060777664185 4.317553520202637 0 0
16 4 - 8 - 3.7976245880126953 4.179875135421753 0 0
16 4 - 9 - 3.558698892593384 3.557558536529541 0 1
16 4 - 10 - 3.5846569538116455 3.6535396575927734 0 1
16 4 - 11 - 3.7162816524505615 3.816777467727661 0 0
16 4 - 12 - 3.448713779449463 3.6173653602600098 0 1
16 4 - 13 - 3.9537620544433594 4.323891639709473 0 0
16 4 - 14 - 3.7420408725738525 4.084145545959473 0 0
16 4 - 15 - 3.740807294845581 3.9741148948669434 0 1
16 4 - 16 - 3.841620922088623 4.178545236587524 0 0
16 4 - 17 - 3.8054981231689453 3.897338628768921 0 1
16 4 - 18 - 3.610602378845215 3.8722469806671143 0 1
16 4 - 19 - 3.7801084518432617 3.782810688018799 0 1
16 4 - 20 - 4.192448377609253 4.465277194976807 0 0
16 4 - 21 - 4.050309181213379 4.209417343139648 0 1
16 4 - 22 - 3.673016309738159 3.9891066551208496 0 0
16 4 - 23 - 3.693244457244873 4.3297810554504395 0 0
16 4 - 24 - 3.48417329788208 3.36454176902771 0 1
16 4 - 25 - 3.7042713165283203 3.710125207901001 0 0
16 4 - 26 - 3.1884679794311523 3.1913812160491943 0 1
16 4 - 27 - 3.6117477416992188 3.8534271717071533 0 0
16 4 - 28 - 3.789700508117676 4.42503023147583 0 0
16 4 - 29 - 3.8374695777893066 3.6762399673461914 0 1
16 4 - 30 - 3.6222422122955322 3.7999637126922607 0 1
16 4 - 31 - 3.795308828353882 3.9813828468322754 0 1
16 4 - 32 - 3.8468708992004395 4.311295986175537 0 0
16 4 - 33 - 3.356506824493408 3.4643964767456055 0 1
16 4 - 34 - 3.8670685291290283 4.107368230819702 0 1
16 4 - 35 - 3.7342169284820557 3.795891761779785 0 1
16 4 - 36 - 3.4912631511688232 3.452974319458008 0 1
16 4 - 37 - 3.7420449256896973 4.009535312652588 0 1
16 4 - 38 - 3.783557653427124 3.7740087509155273 0 1
16 4 - 39 - 3.508315086364746 4.055985450744629 0 0
16 4 - 40 - 3.1585094928741455 3.2785842418670654 0 1
16 4 - 41 - 4.010076522827148 4.180723190307617 0 0
16 4 - 42 - 3.4364967346191406 3.5770809650421143 0 0
16 4 - 43 - 4.131455898284912 4.632643461227417 0 0
16 4 - 44 - 4.0327467918396 3.985144853591919 0 1
16 4 - 45 - 3.655482292175293 3.9304378032684326 0 0
16 4 - 46 - 3.8476948738098145 3.771118402481079 0 1
16 4 - 47 - 3.3378288745880127 3.894667863845825 0 0
16 4 - 48 - 3.753066062927246 3.800489664077759 0 0
16 4 - 49 - 3.4392154216766357 3.6360836029052734 0 1
16 4 - 50 - 3.468048572540283 3.4882616996765137 0 1
16 4 - 51 - 3.9511899948120117 4.226489782333374 0 0
16 4 - 52 - 3.6573472023010254 3.5762178897857666 0 1
16 4 - 53 - 3.4033305644989014 3.8267838954925537 0 0
16 4 - 54 - 3.7534937858581543 4.172210693359375 0 1
16 4 - 55 - 3.8123443126678467 4.325500965118408 0 0
16 4 - 56 - 3.5149588584899902 3.6279892921447754 0 1
16 4 - 57 - 3.612591505050659 3.4997715950012207 0 1
16 4 - 58 - 3.905413866043091 3.9132301807403564 0 1
16 4 - 59 - 3.8638598918914795 4.322559118270874 0 0
16 4 - 60 - 4.010937213897705 4.010066747665405 0 1
16 4 - 61 - 3.813525676727295 4.122030019760132 0 1
16 4 - 62 - 3.9630281925201416 4.409276485443115 0 0
16 4 - 63 - 3.6414425373077393 4.368964672088623 0 1
16 4 - 64 - 3.6176133155822754 3.6342945098876953 0 1
16 4 - 65 - 3.786013126373291 3.840752124786377 0 1
16 4 - 66 - 3.7794480323791504 4.4196741580963135 0 0
16 4 - 67 - 3.8907575607299805 3.874603271484375 0 1
16 4 - 68 - 3.6066606044769287 4.052751302719116 0 0
16 4 - 69 - 3.3243448734283447 3.3211889266967773 0 1
16 4 - 70 - 3.4278416633605957 3.7721922397613525 0 1
16 4 - 71 - 4.11513614654541 4.210012435913086 0 1
16 4 - 72 - 4.1503424644470215 4.523755073547363 0 0
16 4 - 73 - 3.553183078765869 3.620631217956543 0 0
16 4 - 74 - 3.653841972351074 3.8797383308410645 0 0
16 4 - 75 - 3.2875349521636963 3.1652309894561768 0 1
16 4 - 76 - 3.9301717281341553 4.277300119400024 0 0
16 4 - 77 - 3.9116201400756836 4.247842311859131 0 1
16 4 - 78 - 3.802969455718994 3.7239654064178467 0 1
16 4 - 79 - 3.6809494495391846 3.671769857406616 0 1
16 4 - 80 - 3.9059345722198486 4.24533486366272 0 0
16 4 - 81 - 3.9027116298675537 3.9867300987243652 0 1
16 4 - 82 - 4.160374402999878 4.321400880813599 0 1
16 4 - 83 - 3.5972471237182617 4.102187871932983 0 0
16 4 - 84 - 3.8475637435913086 4.441309690475464 0 0
16 4 - 85 - 4.08411431312561 4.607130527496338 0 0
16 4 - 86 - 3.6793856620788574 3.80517315864563 0 1
16 4 - 87 - 3.611034870147705 3.7229442596435547 0 1
16 4 - 88 - 4.096308469772339 4.667382717132568 0 0
16 4 - 89 - 4.086327791213989 4.10689377784729 0 1
16 4 - 90 - 3.8226051330566406 4.112720012664795 0 1
16 4 - 91 - 3.813136100769043 4.0155534744262695 0 0
16 4 - 92 - 3.665600538253784 3.8698949813842773 0 0
16 4 - 93 - 4.147493600845337 4.477405309677124 0 0
16 4 - 94 - 4.009867906570435 4.209266424179077 0 0
16 4 - 95 - 3.5848028659820557 3.594214916229248 0 1
16 4 - 96 - 3.759554386138916 3.8042795658111572 0 1
16 4 - 97 - 3.9243881702423096 4.040588617324829 0 1
16 4 - 98 - 4.02192234992981 4.58466649055481 0 0
16 4 - 99 - 4.217821836471558 4.931792736053467 0 0
16 8 - 0 - 4.24140477180481 4.329138517379761 0 1
16 8 - 1 - 3.5775146484375 3.671875 0 0
16 8 - 2 - 4.1205058097839355 4.625541687011719 0 0
16 8 - 3 - 4.136878490447998 4.304339647293091 0 1
16 8 - 4 - 4.206118583679199 4.21204686164856 0 1
16 8 - 5 - 3.911287307739258 4.036626815795898 0 1
16 8 - 6 - 4.2255635261535645 4.448201656341553 0 0
16 8 - 7 - 4.244417428970337 4.550920009613037 0 0
16 8 - 8 - 4.077735424041748 4.2690019607543945 0 0
16 8 - 9 - 3.842433452606201 3.7511560916900635 0 1
16 8 - 10 - 3.911792755126953 4.036233186721802 0 1
16 8 - 11 - 3.8870816230773926 4.173722505569458 0 0
16 8 - 12 - 3.7653846740722656 3.8439464569091797 0 1
16 8 - 13 - 4.447113513946533 4.518306255340576 0 0
16 8 - 14 - 4.0700602531433105 4.70344877243042 0 0
16 8 - 15 - 4.033833265304565 4.198993921279907 0 1
16 8 - 16 - 4.118537664413452 4.4403040409088135 0 0
16 8 - 17 - 4.167380094528198 4.341308832168579 0 1
16 8 - 18 - 3.9304754734039307 4.0079872608184814 0 1
16 8 - 19 - 4.059079647064209 4.0475804805755615 0 1
16 8 - 20 - 4.716869354248047 4.995836973190308 0 0
16 8 - 21 - 4.443445444107056 4.849528789520264 0 1
16 8 - 22 - 4.035213232040405 4.41803765296936 0 0
16 8 - 23 - 4.130721569061279 4.4109413623809814 0 0
16 8 - 24 - 3.652125597000122 3.629034996032715 0 1
16 8 - 25 - 4.048049688339233 4.46946382522583 0 0
16 8 - 26 - 3.4490067958831787 3.7455544471740723 0 1
16 8 - 27 - 3.8400299549102783 4.468389272689819 0 0
16 8 - 28 - 4.119121074676514 4.310426235198975 0 0
16 8 - 29 - 4.086481332778931 4.256483316421509 0 1
16 8 - 30 - 3.9887871742248535 4.355427980422974 0 1
16 8 - 31 - 4.086055755615234 4.146482944488525 0 1
16 8 - 32 - 4.21705174446106 4.614959716796875 0 0
16 8 - 33 - 3.7746050357818604 3.9713034629821777 0 1
16 8 - 34 - 4.28092360496521 4.36885142326355 0 1
16 8 - 35 - 4.006764650344849 3.9660418033599854 0 1
16 8 - 36 - 3.851044178009033 3.9762721061706543 0 1
16 8 - 37 - 4.043002605438232 4.093995809555054 0 1
16 8 - 38 - 4.096338272094727 4.112055540084839 0 1
16 8 - 39 - 3.9556260108947754 4.364539861679077 0 0
16 8 - 40 - 3.4654531478881836 3.4511196613311768 0 1
16 8 - 41 - 4.22700047492981 4.6481850147247314 0 0
16 8 - 42 - 3.758913993835449 4.296465158462524 0 0
16 8 - 43 - 4.546681642532349 4.885648488998413 0 0
16 8 - 44 - 4.300805330276489 4.217740535736084 0 1
16 8 - 45 - 3.897472620010376 3.9436087608337402 0 0
16 8 - 46 - 4.072056293487549 3.999253749847412 0 1
16 8 - 47 - 3.673043727874756 4.118686676025391 0 0
16 8 - 48 - 4.01967716217041 4.158859729766846 0 0
16 8 - 49 - 3.9399993419647217 3.7554819583892822 0 1
16 8 - 50 - 3.7439093589782715 3.7037532329559326 0 1
16 8 - 51 - 4.2619054317474365 4.740817546844482 0 0
16 8 - 52 - 3.9051504135131836 4.0241711139678955 0 1
16 8 - 53 - 3.6357154846191406 4.081481456756592 0 0
16 8 - 54 - 4.015722751617432 4.847907066345215 0 1
16 8 - 55 - 4.083000659942627 4.605066299438477 0 0
16 8 - 56 - 3.885291337966919 4.255532503128052 0 1
16 8 - 57 - 3.881166934967041 3.7757887840270996 0 1
16 8 - 58 - 4.1143577098846436 4.3522303104400635 0 1
16 8 - 59 - 4.160644769668579 4.436592102050781 0 0
16 8 - 60 - 4.25183367729187 4.360186338424683 0 1
16 8 - 61 - 4.078848838806152 4.370720863342285 0 1
16 8 - 62 - 4.337139368057251 4.650516033172607 0 0
16 8 - 63 - 3.955834150314331 4.509717226028442 0 0
16 8 - 64 - 3.8604633808135986 3.8621299266815186 0 1
16 8 - 65 - 3.9947540760040283 4.180333852767944 0 1
16 8 - 66 - 4.1808271408081055 4.961744070053101 0 0
16 8 - 67 - 4.3748908042907715 4.25406551361084 0 1
16 8 - 68 - 3.9512739181518555 4.211658954620361 0 0
16 8 - 69 - 3.647266149520874 3.8627965450286865 0 1
16 8 - 70 - 3.7697629928588867 4.414513111114502 0 0
16 8 - 71 - 4.450778245925903 4.463888168334961 0 1
16 8 - 72 - 4.5894410610198975 4.918318271636963 0 0
16 8 - 73 - 3.8056366443634033 4.495553016662598 0 0
16 8 - 74 - 4.0973193645477295 4.161024808883667 0 0
16 8 - 75 - 3.5619876384735107 3.4651951789855957 0 1
16 8 - 76 - 4.2484941482543945 4.498107194900513 0 0
16 8 - 77 - 4.244810104370117 4.487506866455078 0 1
16 8 - 78 - 4.092381954193115 4.207607746124268 0 1
16 8 - 79 - 3.985074520111084 3.905668258666992 0 1
16 8 - 80 - 4.207816123962402 4.915311336517334 0 0
16 8 - 81 - 4.165968656539917 4.300374269485474 0 1
16 8 - 82 - 4.352679252624512 4.898788213729858 0 1
16 8 - 83 - 3.9355509281158447 4.445688486099243 0 0
16 8 - 84 - 4.172684192657471 4.853572607040405 0 0
16 8 - 85 - 4.435456037521362 5.116792678833008 0 0
16 8 - 86 - 4.018423795700073 5.708826780319214 0 1
16 8 - 87 - 3.98872709274292 3.8507838249206543 0 1
16 8 - 88 - 4.516093730926514 5.131237030029297 0 0
16 8 - 89 - 4.434679269790649 4.377610683441162 0 1
16 8 - 90 - 4.158885955810547 4.3408753871917725 0 1
16 8 - 91 - 4.086574554443359 4.727225303649902 0 0
16 8 - 92 - 3.8564984798431396 4.141596555709839 0 0
16 8 - 93 - 4.515990257263184 5.113567590713501 0 0
16 8 - 94 - 4.221011161804199 4.563861846923828 0 0
16 8 - 95 - 3.9475138187408447 3.9286112785339355 0 1
16 8 - 96 - 4.008920431137085 4.604984283447266 0 1
16 8 - 97 - 4.209888219833374 4.299030303955078 0 1
16 8 - 98 - 4.248068809509277 4.843985557556152 0 0
16 8 - 99 - 4.594442129135132 5.014148235321045 0 0
