0 1
7.93798 0
15.876 1
23.814 0
31.7519 1
39.6899 0
47.6279 1
55.5659 0
63.5039 1
71.4419 0
79.3798 1
87.3178 0
95.2558 1
103.194 0
111.132 1
119.07 0
127.008 1
134.946 0
142.884 1
150.822 0
158.76 1
166.698 0
174.636 1
182.574 0
190.512 1
198.45 0
206.388 1
214.326 0
222.264 1
230.202 0
238.14 1
246.078 0
254.016 1
261.953 0
269.891 1
277.829 0
285.767 1
293.705 0
301.643 1
309.581 0
317.519 1
325.457 0
333.395 1
341.333 0
349.271 1
357.209 0
365.147 1
373.085 0
381.023 1
388.961 0
396.899 1
404.837 0
412.775 1
420.713 0
428.651 1
436.589 0
444.527 1
452.465 0
460.403 1
468.341 0
476.279 1
484.217 0
492.155 1
500.093 0
508.031 1
515.969 0
523.907 1
531.845 0
539.783 1
547.721 0
555.659 1
563.597 0
571.535 1
579.473 0
587.411 1
595.349 0
603.287 1
611.225 0
619.163 1
627.101 0
635.039 1
642.977 0
650.915 1
658.853 0
666.791 1
674.729 0
682.667 1
690.605 0
698.543 1
706.481 0
714.419 1
722.357 0
730.295 1
738.233 0
746.171 1
754.109 0
762.047 1
769.984 0
777.922 1
785.86 0
793.798 1
801.736 0
809.674 1
817.612 0
825.55 1
833.488 0
841.426 1
849.364 0
857.302 1
865.24 0
873.178 1
881.116 0
889.054 1
896.992 0
904.93 1
912.868 0
920.806 1
928.744 0
936.682 1
944.62 0
952.558 1
960.496 0
968.434 1
976.372 0
984.31 1
992.248 0
1000.19 1
1008.12 0
1016.06 1
