4 1 0 0 3 0.000015 1
4 1 0 1 4 0.000038 0
4 1 0 2 4 0.000077 2
4 1 0 3 4 0.000056 1
4 1 0 4 4 0.000024 0
4 1 0 5 4 0.000072 0
4 1 0 6 2 0.000017 1
4 1 0 7 2 0.000022 1
4 1 0 8 4 0.000037 1
4 1 0 9 2 0.000022 0
4 1 0 10 4 0.000065 2
4 1 0 11 3 0.000006 0
4 1 0 12 4 0.000049 2
4 1 0 13 2 0.000017 0
4 1 0 14 4 0.000030 0
4 1 0 15 4 0.000021 1
4 1 0 16 2 0.000013 2
4 1 0 17 3 0.000004 0
4 1 0 18 2 0.000004 0
4 1 0 19 2 0.000011 1
4 1 0 20 2 0.000003 0
4 1 0 21 2 0.000003 0
4 1 0 22 4 0.000039 2
4 1 0 23 4 0.000024 0
4 1 0 24 4 0.000030 0
4 1 0 25 4 0.000028 0
4 1 0 26 4 0.000036 1
4 1 0 27 4 0.000044 2
4 1 0 28 4 0.000035 0
4 1 0 29 4 0.000043 2
4 1 0 30 4 0.000038 1
4 1 0 31 4 0.000043 0
4 1 0 32 2 0.000013 2
4 1 0 33 4 0.000016 0
4 1 0 34 4 0.000035 1
4 1 0 35 2 0.000010 0
4 1 0 36 4 0.000044 1
4 1 0 37 4 0.000031 0
4 1 0 38 2 0.000008 1
4 1 0 39 3 0.000009 1
4 1 0 40 4 0.000044 2
4 1 0 41 2 0.000005 0
4 1 0 42 2 0.000008 0
4 1 0 43 4 0.000014 0
4 1 0 44 2 0.000008 1
4 1 0 45 4 0.000035 2
4 1 0 46 4 0.000034 0
4 1 0 47 4 0.000011 0
4 1 0 48 4 0.000030 0
4 1 0 49 4 0.000057 0
4 1 0 50 4 0.000011 0
4 1 0 51 4 0.000019 0
4 1 0 52 3 0.000006 0
4 1 0 53 4 0.000035 2
4 1 0 54 3 0.000004 0
4 1 0 55 3 0.000014 2
4 1 0 56 4 0.000036 2
4 1 0 57 4 0.000011 0
4 1 0 58 4 0.000044 1
4 1 0 59 4 0.000033 0
4 1 0 60 4 0.000008 0
4 1 0 61 4 0.000017 0
4 1 0 62 2 0.000003 1
4 1 0 63 4 0.000008 0
4 1 0 64 4 0.000008 0
4 1 0 65 4 0.000016 0
4 1 0 66 4 0.000054 1
4 1 0 67 3 0.000011 0
4 1 0 68 4 0.000011 0
4 1 0 69 4 0.000042 0
4 1 0 70 4 0.000051 2
4 1 0 71 4 0.000028 0
4 1 0 72 3 0.000009 1
4 1 0 73 4 0.000013 1
4 1 0 74 4 0.000025 1
4 1 0 75 4 0.000019 1
4 1 0 76 4 0.000041 1
4 1 0 77 4 0.000038 0
4 1 0 78 4 0.000018 1
4 1 0 79 4 0.000040 0
4 1 0 80 4 0.000041 0
4 1 0 81 4 0.000019 0
4 1 0 82 3 0.000011 0
4 1 0 83 4 0.000017 1
4 1 0 84 2 0.000003 0
4 1 0 85 4 0.000027 0
4 1 0 86 4 0.000050 1
4 1 0 87 4 0.000016 0
4 1 0 88 4 0.000035 0
4 1 0 89 4 0.000018 1
4 1 0 90 4 0.000037 0
4 1 0 91 4 0.000030 1
4 1 0 92 4 0.000025 0
4 1 0 93 4 0.000016 0
4 1 0 94 2 0.000015 2
4 1 0 95 4 0.000021 0
4 1 0 96 4 0.000041 2
4 1 0 97 2 0.000003 0
4 1 0 98 4 0.000011 0
4 1 0 99 4 0.000022 1
4 2 0 0 1 0.000004 1
4 2 0 1 4 0.000039 0
4 2 0 2 3 0.000043 2
4 2 0 3 3 0.000026 1
4 2 0 4 3 0.000010 0
4 2 0 5 5 0.000063 0
4 2 0 6 3 0.000022 1
4 2 0 7 4 0.000030 1
4 2 0 8 5 0.000030 1
4 2 0 9 4 0.000042 0
4 2 0 10 5 0.000072 2
4 2 0 11 1 0.000002 0
4 2 0 12 5 0.000087 2
4 2 0 13 4 0.000057 0
4 2 0 14 3 0.000030 0
4 2 0 15 4 0.000037 1
4 2 0 16 4 0.000058 2
4 2 0 17 1 0.000002 0
4 2 0 18 4 0.000017 2
4 2 0 19 4 0.000047 1
4 2 0 20 4 0.000014 0
4 2 0 21 3 0.000005 0
4 2 0 22 5 0.000073 2
4 2 0 23 4 0.000046 0
4 2 0 24 4 0.000052 0
4 2 0 25 5 0.000056 0
4 2 0 26 5 0.000067 2
4 2 0 27 3 0.000042 2
4 2 0 28 5 0.000066 2
4 2 0 29 5 0.000080 2
4 2 0 30 5 0.000070 1
4 2 0 31 4 0.000061 0
4 2 0 32 4 0.000059 2
4 2 0 33 5 0.000034 0
4 2 0 34 5 0.000065 2
4 2 0 35 2 0.000011 0
4 2 0 36 5 0.000086 1
4 2 0 37 4 0.000051 0
4 2 0 38 4 0.000031 1
4 2 0 39 1 0.000005 1
4 2 0 40 5 0.000077 2
4 2 0 41 3 0.000010 0
4 2 0 42 4 0.000029 0
4 2 0 43 3 0.000013 0
4 2 0 44 4 0.000048 2
4 2 0 45 5 0.000074 2
4 2 0 46 3 0.000034 0
4 2 0 47 3 0.000010 0
4 2 0 48 3 0.000041 0
4 2 0 49 5 0.000094 0
4 2 0 50 3 0.000010 0
4 2 0 51 2 0.000014 0
4 2 0 52 1 0.000002 0
4 2 0 53 5 0.000073 2
4 2 0 54 1 0.000002 0
4 2 0 55 1 0.000007 2
4 2 0 56 5 0.000068 2
4 2 0 57 3 0.000010 0
4 2 0 58 5 0.000083 1
4 2 0 59 5 0.000065 0
4 2 0 60 3 0.000008 0
4 2 0 61 5 0.000033 0
4 2 0 62 3 0.000008 1
4 2 0 63 3 0.000008 0
4 2 0 64 3 0.000008 0
4 2 0 65 3 0.000012 0
4 2 0 66 5 0.000084 1
4 2 0 67 1 0.000007 0
4 2 0 68 3 0.000010 0
4 2 0 69 5 0.000083 0
4 2 0 70 5 0.000076 2
4 2 0 71 5 0.000063 0
4 2 0 72 1 0.000007 1
4 2 0 73 3 0.000012 1
4 2 0 74 3 0.000024 1
4 2 0 75 3 0.000017 1
4 2 0 76 3 0.000044 1
4 2 0 77 5 0.000065 0
4 2 0 78 3 0.000016 1
4 2 0 79 5 0.000080 0
4 2 0 80 4 0.000059 0
4 2 0 81 4 0.000034 0
4 2 0 82 1 0.000007 0
4 2 0 83 4 0.000029 1
4 2 0 84 3 0.000005 0
4 2 0 85 4 0.000042 0
4 2 0 86 5 0.000082 1
4 2 0 87 5 0.000028 0
4 2 0 88 3 0.000034 0
4 2 0 89 3 0.000016 1
4 2 0 90 5 0.000076 0
4 2 0 91 5 0.000068 1
4 2 0 92 3 0.000026 0
4 2 0 93 5 0.000030 0
4 2 0 94 3 0.000030 2
4 2 0 95 5 0.000040 0
4 2 0 96 5 0.000078 2
4 2 0 97 4 0.000009 0
4 2 0 98 3 0.000010 0
4 2 0 99 5 0.000046 2
4 4 0 0 2 0.000009 1
4 4 0 1 5 0.000058 0
4 4 0 2 4 0.000065 2
4 4 0 3 4 0.000043 1
4 4 0 4 4 0.000017 0
4 4 0 5 5 0.000067 0
4 4 0 6 2 0.000021 1
4 4 0 7 4 0.000043 1
4 4 0 8 6 0.000039 1
4 4 0 9 4 0.000063 0
4 4 0 10 6 0.000091 2
4 4 0 11 2 0.000006 0
4 4 0 12 6 0.000117 2
4 4 0 13 4 0.000060 0
4 4 0 14 4 0.000060 0
4 4 0 15 5 0.000055 1
4 4 0 16 4 0.000068 2
4 4 0 17 2 0.000004 0
4 4 0 18 3 0.000027 2
4 4 0 19 4 0.000058 1
4 4 0 20 4 0.000017 0
4 4 0 21 2 0.000004 0
4 4 0 22 5 0.000075 2
4 4 0 23 5 0.000067 0
4 4 0 24 5 0.000072 0
4 4 0 25 6 0.000106 0
4 4 0 26 6 0.000108 2
4 4 0 27 4 0.000068 2
4 4 0 28 6 0.000108 2
4 4 0 29 5 0.000082 2
4 4 0 30 5 0.000076 1
4 4 0 31 5 0.000082 0
4 4 0 32 4 0.000070 2
4 4 0 33 5 0.000058 0
4 4 0 34 6 0.000108 2
4 4 0 35 2 0.000024 0
4 4 0 36 6 0.000113 1
4 4 0 37 5 0.000074 0
4 4 0 38 4 0.000049 1
4 4 0 39 2 0.000009 1
4 4 0 40 6 0.000103 2
4 4 0 41 2 0.000006 0
4 4 0 42 4 0.000044 0
4 4 0 43 3 0.000025 0
4 4 0 44 4 0.000063 2
4 4 0 45 5 0.000075 2
4 4 0 46 4 0.000056 0
4 4 0 47 4 0.000017 0
4 4 0 48 4 0.000058 0
4 4 0 49 6 0.000123 0
4 4 0 50 4 0.000017 0
4 4 0 51 3 0.000028 0
4 4 0 52 2 0.000006 0
4 4 0 53 5 0.000074 2
4 4 0 54 2 0.000004 0
4 4 0 55 2 0.000023 2
4 4 0 56 5 0.000072 2
4 4 0 57 4 0.000017 0
4 4 0 58 6 0.000113 1
4 4 0 59 6 0.000088 0
4 4 0 60 4 0.000012 0
4 4 0 61 5 0.000058 0
4 4 0 62 2 0.000006 1
4 4 0 63 4 0.000012 0
4 4 0 64 4 0.000012 0
4 4 0 65 4 0.000021 0
4 4 0 66 6 0.000114 1
4 4 0 67 2 0.000023 0
4 4 0 68 4 0.000017 0
4 4 0 69 6 0.000114 0
4 4 0 70 5 0.000079 2
4 4 0 71 5 0.000068 0
4 4 0 72 2 0.000021 1
4 4 0 73 4 0.000022 1
4 4 0 74 4 0.000044 1
4 4 0 75 4 0.000029 2
4 4 0 76 4 0.000069 1
4 4 0 77 5 0.000064 0
4 4 0 78 4 0.000029 2
4 4 0 79 5 0.000071 0
4 4 0 80 5 0.000079 0
4 4 0 81 5 0.000057 0
4 4 0 82 2 0.000021 0
4 4 0 83 5 0.000048 1
4 4 0 84 2 0.000004 0
4 4 0 85 5 0.000059 0
4 4 0 86 6 0.000113 1
4 4 0 87 6 0.000042 0
4 4 0 88 4 0.000057 0
4 4 0 89 3 0.000025 1
4 4 0 90 6 0.000098 0
4 4 0 91 6 0.000093 1
4 4 0 92 4 0.000043 0
4 4 0 93 6 0.000041 0
4 4 0 94 2 0.000024 2
4 4 0 95 5 0.000067 0
4 4 0 96 6 0.000101 2
4 4 0 97 4 0.000012 0
4 4 0 98 4 0.000017 0
4 4 0 99 5 0.000064 2
8 1 0 0 7 0.000042 1
8 1 0 1 7 0.000059 0
8 1 0 2 8 0.000070 2
8 1 0 3 8 0.000061 0
8 1 0 4 7 0.000036 0
8 1 0 5 4 0.000010 1
8 1 0 6 7 0.000046 0
8 1 0 7 6 0.000033 0
8 1 0 8 5 0.000012 2
8 1 0 9 7 0.000018 0
8 1 0 10 8 0.000064 0
8 1 0 11 7 0.000037 0
8 1 0 12 8 0.000094 1
8 1 0 13 7 0.000081 2
8 1 0 14 8 0.000059 0
8 1 0 15 7 0.000066 0
8 1 0 16 7 0.000057 0
8 1 0 17 8 0.000077 1
8 1 0 18 8 0.000054 0
8 1 0 19 7 0.000058 0
8 1 0 20 8 0.000064 2
8 1 0 21 6 0.000036 0
8 1 0 22 8 0.000058 0
8 1 0 23 7 0.000066 0
8 1 0 24 7 0.000041 2
8 1 0 25 8 0.000072 2
8 1 0 26 8 0.000083 2
8 1 0 27 7 0.000060 0
8 1 0 28 8 0.000069 1
8 1 0 29 8 0.000059 0
8 1 0 30 7 0.000082 1
8 1 0 31 6 0.000061 1
8 1 0 32 7 0.000021 1
8 1 0 33 7 0.000045 0
8 1 0 34 6 0.000042 1
8 1 0 35 6 0.000022 1
8 1 0 36 8 0.000069 0
8 1 0 37 6 0.000028 0
8 1 0 38 7 0.000060 0
8 1 0 39 8 0.000093 2
8 1 0 40 6 0.000027 0
8 1 0 41 7 0.000023 0
8 1 0 42 6 0.000033 0
8 1 0 43 8 0.000099 1
8 1 0 44 6 0.000058 0
8 1 0 45 7 0.000055 0
8 1 0 46 8 0.000104 0
8 1 0 47 8 0.000035 0
8 1 0 48 6 0.000041 1
8 1 0 49 7 0.000062 2
8 1 0 50 8 0.000083 0
8 1 0 51 8 0.000095 2
8 1 0 52 8 0.000105 2
8 1 0 53 8 0.000078 0
8 1 0 54 8 0.000051 2
8 1 0 55 7 0.000041 0
8 1 0 56 7 0.000038 1
8 1 0 57 8 0.000089 1
8 1 0 58 8 0.000089 0
8 1 0 59 8 0.000069 0
8 1 0 60 8 0.000090 0
8 1 0 61 7 0.000064 0
8 1 0 62 6 0.000047 0
8 1 0 63 8 0.000056 2
8 1 0 64 8 0.000104 2
8 1 0 65 7 0.000075 0
8 1 0 66 8 0.000050 1
8 1 0 67 8 0.000094 0
8 1 0 68 8 0.000071 0
8 1 0 69 7 0.000074 0
8 1 0 70 7 0.000055 1
8 1 0 71 7 0.000071 1
8 1 0 72 7 0.000064 0
8 1 0 73 7 0.000083 0
8 1 0 74 7 0.000041 1
8 1 0 75 8 0.000052 0
8 1 0 76 8 0.000078 0
8 1 0 77 8 0.000080 1
8 1 0 78 8 0.000042 0
8 1 0 79 6 0.000023 0
8 1 0 80 8 0.000106 0
8 1 0 81 8 0.000056 2
8 1 0 82 6 0.000042 0
8 1 0 83 6 0.000042 0
8 1 0 84 7 0.000064 0
8 1 0 85 6 0.000056 0
8 1 0 86 8 0.000055 0
8 1 0 87 7 0.000057 0
8 1 0 88 8 0.000069 1
8 1 0 89 8 0.000087 0
8 1 0 90 8 0.000091 2
8 1 0 91 7 0.000043 2
8 1 0 92 7 0.000065 0
8 1 0 93 6 0.000043 0
8 1 0 94 8 0.000074 1
8 1 0 95 8 0.000093 0
8 1 0 96 6 0.000040 1
8 1 0 97 8 0.000059 1
8 1 0 98 8 0.000074 0
8 1 0 99 8 0.000067 0
8 2 0 0 9 0.000124 1
8 2 0 1 7 0.000098 0
8 2 0 2 7 0.000116 2
8 2 0 3 8 0.000112 0
8 2 0 4 4 0.000041 0
8 2 0 5 4 0.000025 1
8 2 0 6 9 0.000151 0
8 2 0 7 6 0.000071 0
8 2 0 8 5 0.000033 2
8 2 0 9 8 0.000074 2
8 2 0 10 8 0.000133 0
8 2 0 11 6 0.000046 0
8 2 0 12 7 0.000120 1
8 2 0 13 9 0.000194 2
8 2 0 14 8 0.000134 0
8 2 0 15 9 0.000167 0
8 2 0 16 8 0.000134 0
8 2 0 17 8 0.000156 1
8 2 0 18 7 0.000116 0
8 2 0 19 6 0.000085 0
8 2 0 20 9 0.000157 2
8 2 0 21 6 0.000068 0
8 2 0 22 9 0.000159 0
8 2 0 23 9 0.000172 0
8 2 0 24 4 0.000048 2
8 2 0 25 6 0.000118 2
8 2 0 26 9 0.000184 2
8 2 0 27 9 0.000146 0
8 2 0 28 10 0.000182 1
8 2 0 29 9 0.000158 2
8 2 0 30 9 0.000178 1
8 2 0 31 8 0.000152 1
8 2 0 32 7 0.000044 1
8 2 0 33 8 0.000117 2
8 2 0 34 8 0.000132 2
8 2 0 35 8 0.000072 1
8 2 0 36 10 0.000176 0
8 2 0 37 8 0.000132 0
8 2 0 38 8 0.000161 0
8 2 0 39 10 0.000217 2
8 2 0 40 7 0.000080 0
8 2 0 41 7 0.000046 0
8 2 0 42 8 0.000111 0
8 2 0 43 9 0.000178 1
8 2 0 44 8 0.000115 0
8 2 0 45 9 0.000121 0
8 2 0 46 10 0.000229 0
8 2 0 47 6 0.000065 0
8 2 0 48 7 0.000096 1
8 2 0 49 6 0.000058 2
8 2 0 50 8 0.000137 0
8 2 0 51 10 0.000192 2
8 2 0 52 10 0.000232 2
8 2 0 53 9 0.000170 0
8 2 0 54 8 0.000121 2
8 2 0 55 8 0.000105 0
8 2 0 56 9 0.000102 2
8 2 0 57 7 0.000129 1
8 2 0 58 10 0.000199 0
8 2 0 59 7 0.000097 0
8 2 0 60 10 0.000208 0
8 2 0 61 10 0.000183 0
8 2 0 62 7 0.000089 0
8 2 0 63 9 0.000135 2
8 2 0 64 10 0.000207 2
8 2 0 65 8 0.000145 0
8 2 0 66 8 0.000139 1
8 2 0 67 10 0.000248 2
8 2 0 68 9 0.000157 0
8 2 0 69 9 0.000162 0
8 2 0 70 8 0.000131 1
8 2 0 71 8 0.000153 2
8 2 0 72 9 0.000154 0
8 2 0 73 8 0.000156 0
8 2 0 74 8 0.000098 1
8 2 0 75 8 0.000134 0
8 2 0 76 8 0.000127 0
8 2 0 77 9 0.000169 1
8 2 0 78 9 0.000096 0
8 2 0 79 6 0.000050 2
8 2 0 80 10 0.000221 0
8 2 0 81 8 0.000121 2
8 2 0 82 6 0.000065 0
8 2 0 83 5 0.000075 0
8 2 0 84 8 0.000124 0
8 2 0 85 7 0.000120 0
8 2 0 86 7 0.000097 0
8 2 0 87 8 0.000118 0
8 2 0 88 5 0.000071 1
8 2 0 89 9 0.000155 0
8 2 0 90 8 0.000148 2
8 2 0 91 7 0.000112 2
8 2 0 92 8 0.000154 0
8 2 0 93 7 0.000083 0
8 2 0 94 10 0.000179 1
8 2 0 95 9 0.000180 0
8 2 0 96 5 0.000055 1
8 2 0 97 9 0.000136 2
8 2 0 98 9 0.000161 0
8 2 0 99 7 0.000096 0
8 4 0 0 8 0.000153 1
8 4 0 1 7 0.000129 0
8 4 0 2 11 0.000265 2
8 4 0 3 11 0.000212 0
8 4 0 4 5 0.000075 0
8 4 0 5 3 0.000024 1
8 4 0 6 11 0.000258 0
8 4 0 7 5 0.000082 0
8 4 0 8 5 0.000053 2
8 4 0 9 8 0.000122 2
8 4 0 10 10 0.000217 0
8 4 0 11 8 0.000102 0
8 4 0 12 10 0.000222 1
8 4 0 13 11 0.000303 2
8 4 0 14 10 0.000209 0
8 4 0 15 9 0.000208 0
8 4 0 16 7 0.000128 0
8 4 0 17 10 0.000238 1
8 4 0 18 10 0.000197 0
8 4 0 19 6 0.000101 0
8 4 0 20 11 0.000256 2
8 4 0 21 8 0.000134 0
8 4 0 22 11 0.000226 0
8 4 0 23 10 0.000233 0
8 4 0 24 6 0.000095 2
8 4 0 25 9 0.000224 2
8 4 0 26 10 0.000231 2
8 4 0 27 11 0.000218 0
8 4 0 28 12 0.000299 1
8 4 0 29 11 0.000250 2
8 4 0 30 9 0.000226 1
8 4 0 31 10 0.000251 1
8 4 0 32 8 0.000100 1
8 4 0 33 9 0.000154 2
8 4 0 34 8 0.000177 2
8 4 0 35 6 0.000069 1
8 4 0 36 12 0.000274 0
8 4 0 37 7 0.000131 0
8 4 0 38 9 0.000207 0
8 4 0 39 13 0.000359 2
8 4 0 40 7 0.000124 0
8 4 0 41 7 0.000066 0
8 4 0 42 6 0.000113 0
8 4 0 43 11 0.000290 1
8 4 0 44 9 0.000178 0
8 4 0 45 8 0.000144 0
8 4 0 46 13 0.000395 0
8 4 0 47 8 0.000109 0
8 4 0 48 10 0.000181 2
8 4 0 49 8 0.000153 2
8 4 0 50 12 0.000310 0
8 4 0 51 12 0.000300 2
8 4 0 52 13 0.000414 2
8 4 0 53 11 0.000288 0
8 4 0 54 10 0.000181 2
8 4 0 55 9 0.000160 0
8 4 0 56 10 0.000172 2
8 4 0 57 11 0.000292 1
8 4 0 58 12 0.000316 0
8 4 0 59 10 0.000229 0
8 4 0 60 12 0.000341 0
8 4 0 61 10 0.000232 0
8 4 0 62 8 0.000144 0
8 4 0 63 11 0.000213 2
8 4 0 64 12 0.000334 2
8 4 0 65 9 0.000197 0
8 4 0 66 10 0.000183 1
8 4 0 67 13 0.000385 2
8 4 0 68 10 0.000241 0
8 4 0 69 8 0.000174 0
8 4 0 70 9 0.000198 1
8 4 0 71 9 0.000214 2
8 4 0 72 10 0.000234 0
8 4 0 73 9 0.000227 0
8 4 0 74 7 0.000119 1
8 4 0 75 10 0.000225 0
8 4 0 76 12 0.000284 0
8 4 0 77 11 0.000261 1
8 4 0 78 11 0.000171 0
8 4 0 79 6 0.000053 2
8 4 0 80 13 0.000398 0
8 4 0 81 10 0.000204 2
8 4 0 82 8 0.000123 0
8 4 0 83 6 0.000114 0
8 4 0 84 7 0.000122 0
8 4 0 85 9 0.000211 0
8 4 0 86 10 0.000187 0
8 4 0 87 8 0.000152 0
8 4 0 88 8 0.000160 1
8 4 0 89 10 0.000219 0
8 4 0 90 12 0.000316 2
8 4 0 91 8 0.000161 2
8 4 0 92 8 0.000175 0
8 4 0 93 6 0.000081 0
8 4 0 94 13 0.000313 1
8 4 0 95 11 0.000294 0
8 4 0 96 6 0.000102 1
8 4 0 97 10 0.000215 2
8 4 0 98 11 0.000275 0
8 4 0 99 9 0.000172 0
8 8 0 0 9 0.000185 1
8 8 0 1 7 0.000141 0
8 8 0 2 10 0.000257 2
8 8 0 3 10 0.000202 0
8 8 0 4 5 0.000081 0
8 8 0 5 4 0.000043 1
8 8 0 6 12 0.000312 0
8 8 0 7 6 0.000110 0
8 8 0 8 6 0.000076 2
8 8 0 9 8 0.000129 2
8 8 0 10 10 0.000221 0
8 8 0 11 7 0.000107 0
8 8 0 12 9 0.000218 1
8 8 0 13 12 0.000367 2
8 8 0 14 10 0.000225 0
8 8 0 15 9 0.000220 0
8 8 0 16 8 0.000167 0
8 8 0 17 10 0.000252 1
8 8 0 18 10 0.000233 0
8 8 0 19 7 0.000127 0
8 8 0 20 11 0.000280 2
8 8 0 21 7 0.000120 0
8 8 0 22 11 0.000291 0
8 8 0 23 10 0.000241 0
8 8 0 24 6 0.000103 2
8 8 0 25 9 0.000238 2
8 8 0 26 10 0.000241 2
8 8 0 27 11 0.000296 0
8 8 0 28 13 0.000354 1
8 8 0 29 12 0.000291 2
8 8 0 30 10 0.000279 1
8 8 0 31 10 0.000284 1
8 8 0 32 9 0.000126 1
8 8 0 33 10 0.000228 2
8 8 0 34 9 0.000219 2
8 8 0 35 7 0.000093 1
8 8 0 36 12 0.000313 0
8 8 0 37 7 0.000206 0
8 8 0 38 10 0.000294 0
8 8 0 39 13 0.000399 2
8 8 0 40 7 0.000136 0
8 8 0 41 7 0.000107 0
8 8 0 42 7 0.000142 0
8 8 0 43 11 0.000299 1
8 8 0 44 9 0.000184 0
8 8 0 45 8 0.000144 0
8 8 0 46 13 0.000429 0
8 8 0 47 8 0.000144 0
8 8 0 48 8 0.000168 2
8 8 0 49 8 0.000173 2
8 8 0 50 12 0.000340 0
8 8 0 51 12 0.000319 2
8 8 0 52 14 0.000500 2
8 8 0 53 11 0.000309 0
8 8 0 54 9 0.000165 2
8 8 0 55 9 0.000168 0
8 8 0 56 11 0.000205 2
8 8 0 57 11 0.000320 1
8 8 0 58 13 0.000370 0
8 8 0 59 10 0.000255 0
8 8 0 60 13 0.000398 0
8 8 0 61 11 0.000283 0
8 8 0 62 7 0.000141 0
8 8 0 63 10 0.000202 2
8 8 0 64 12 0.000353 2
8 8 0 65 9 0.000206 0
8 8 0 66 9 0.000168 1
8 8 0 67 13 0.000410 2
8 8 0 68 11 0.000283 0
8 8 0 69 9 0.000216 0
8 8 0 70 9 0.000209 1
8 8 0 71 9 0.000231 2
8 8 0 72 11 0.000279 0
8 8 0 73 10 0.000280 0
8 8 0 74 8 0.000147 1
8 8 0 75 11 0.000271 0
8 8 0 76 11 0.000277 0
8 8 0 77 11 0.000279 1
8 8 0 78 11 0.000219 0
8 8 0 79 5 0.000067 2
8 8 0 80 13 0.000428 0
8 8 0 81 10 0.000215 2
8 8 0 82 7 0.000122 0
8 8 0 83 7 0.000143 0
8 8 0 84 8 0.000156 0
8 8 0 85 9 0.000227 0
8 8 0 86 9 0.000212 0
8 8 0 87 8 0.000155 0
8 8 0 88 8 0.000180 1
8 8 0 89 10 0.000225 0
8 8 0 90 12 0.000357 2
8 8 0 91 9 0.000200 2
8 8 0 92 9 0.000217 0
8 8 0 93 7 0.000107 0
8 8 0 94 12 0.000304 1
8 8 0 95 12 0.000357 0
8 8 0 96 6 0.000110 1
8 8 0 97 11 0.000262 2
8 8 0 98 12 0.000337 0
8 8 0 99 10 0.000211 0
16 1 0 0 15 0.000154 0
16 1 0 1 13 0.000082 1
16 1 0 2 15 0.000161 2
16 1 0 3 16 0.000181 1
16 1 0 4 15 0.000132 0
16 1 0 5 14 0.000094 0
16 1 0 6 16 0.000158 0
16 1 0 7 16 0.000157 0
16 1 0 8 15 0.000133 1
16 1 0 9 14 0.000106 0
16 1 0 10 15 0.000085 0
16 1 0 11 12 0.000094 1
16 1 0 12 11 0.000067 0
16 1 0 13 15 0.000147 2
16 1 0 14 16 0.000147 1
16 1 0 15 14 0.000111 0
16 1 0 16 15 0.000120 1
16 1 0 17 16 0.000167 0
16 1 0 18 16 0.000120 0
16 1 0 19 14 0.000110 0
16 1 0 20 16 0.000181 0
16 1 0 21 16 0.000184 0
16 1 0 22 14 0.000109 0
16 1 0 23 15 0.000125 0
16 1 0 24 12 0.000105 0
16 1 0 25 13 0.000135 0
16 1 0 26 11 0.000042 1
16 1 0 27 12 0.000103 0
16 1 0 28 15 0.000136 1
16 1 0 29 16 0.000130 0
16 1 0 30 14 0.000113 0
16 1 0 31 15 0.000128 0
16 1 0 32 13 0.000124 1
16 1 0 33 14 0.000097 0
16 1 0 34 15 0.000137 0
16 1 0 35 15 0.000128 2
16 1 0 36 15 0.000087 0
16 1 0 37 12 0.000105 0
16 1 0 38 15 0.000148 0
16 1 0 39 14 0.000103 1
16 1 0 40 12 0.000068 1
16 1 0 41 15 0.000152 1
16 1 0 42 15 0.000091 2
16 1 0 43 16 0.000173 2
16 1 0 44 16 0.000155 2
16 1 0 45 14 0.000093 1
16 1 0 46 15 0.000140 0
16 1 0 47 14 0.000095 2
16 1 0 48 15 0.000122 2
16 1 0 49 13 0.000081 1
16 1 0 50 13 0.000081 1
16 1 0 51 16 0.000171 1
16 1 0 52 15 0.000113 0
16 1 0 53 12 0.000077 0
16 1 0 54 15 0.000125 2
16 1 0 55 16 0.000135 2
16 1 0 56 15 0.000092 0
16 1 0 57 15 0.000118 0
16 1 0 58 15 0.000138 0
16 1 0 59 16 0.000145 1
16 1 0 60 16 0.000146 0
16 1 0 61 16 0.000146 1
16 1 0 62 16 0.000168 0
16 1 0 63 14 0.000116 0
16 1 0 64 14 0.000094 0
16 1 0 65 14 0.000103 0
16 1 0 66 16 0.000139 0
16 1 0 67 16 0.000157 0
16 1 0 68 14 0.000131 0
16 1 0 69 13 0.000065 0
16 1 0 70 14 0.000059 2
16 1 0 71 16 0.000178 0
16 1 0 72 16 0.000185 1
16 1 0 73 15 0.000098 1
16 1 0 74 16 0.000139 2
16 1 0 75 12 0.000064 0
16 1 0 76 15 0.000145 0
16 1 0 77 15 0.000119 0
16 1 0 78 15 0.000128 1
16 1 0 79 16 0.000148 2
16 1 0 80 16 0.000153 2
16 1 0 81 16 0.000160 0
16 1 0 82 16 0.000165 0
16 1 0 83 16 0.000095 1
16 1 0 84 15 0.000127 0
16 1 0 85 16 0.000156 0
16 1 0 86 15 0.000086 0
16 1 0 87 15 0.000102 0
16 1 0 88 16 0.000175 1
16 1 0 89 16 0.000175 0
16 1 0 90 16 0.000152 0
16 1 0 91 15 0.000136 1
16 1 0 92 15 0.000101 1
16 1 0 93 16 0.000163 1
16 1 0 94 16 0.000147 1
16 1 0 95 16 0.000092 0
16 1 0 96 14 0.000124 0
16 1 0 97 14 0.000149 0
16 1 0 98 16 0.000169 2
16 1 0 99 15 0.000193 1
16 2 0 0 16 0.000315 0
16 2 0 1 12 0.000150 1
16 2 0 2 14 0.000272 2
16 2 0 3 15 0.000301 1
16 2 0 4 17 0.000337 0
16 2 0 5 17 0.000243 0
16 2 0 6 15 0.000291 0
16 2 0 7 16 0.000320 0
16 2 0 8 17 0.000292 1
16 2 0 9 14 0.000236 0
16 2 0 10 16 0.000239 0
16 2 0 11 16 0.000211 1
16 2 0 12 15 0.000204 0
16 2 0 13 16 0.000341 2
16 2 0 14 17 0.000320 1
16 2 0 15 17 0.000273 0
16 2 0 16 17 0.000303 1
16 2 0 17 15 0.000281 0
16 2 0 18 16 0.000277 0
16 2 0 19 17 0.000284 0
16 2 0 20 18 0.000371 0
16 2 0 21 17 0.000362 0
16 2 0 22 14 0.000234 0
16 2 0 23 14 0.000260 0
16 2 0 24 13 0.000192 0
16 2 0 25 12 0.000209 0
16 2 0 26 13 0.000121 1
16 2 0 27 14 0.000225 2
16 2 0 28 18 0.000334 1
16 2 0 29 17 0.000298 0
16 2 0 30 13 0.000243 0
16 2 0 31 15 0.000253 0
16 2 0 32 15 0.000298 1
16 2 0 33 11 0.000163 0
16 2 0 34 16 0.000288 0
16 2 0 35 14 0.000271 2
16 2 0 36 14 0.000230 0
16 2 0 37 16 0.000262 0
16 2 0 38 15 0.000290 0
16 2 0 39 13 0.000234 1
16 2 0 40 11 0.000109 1
16 2 0 41 16 0.000332 1
16 2 0 42 15 0.000232 2
16 2 0 43 18 0.000409 2
16 2 0 44 18 0.000389 2
16 2 0 45 16 0.000250 1
16 2 0 46 15 0.000265 0
16 2 0 47 14 0.000192 2
16 2 0 48 15 0.000260 2
16 2 0 49 14 0.000215 1
16 2 0 50 16 0.000217 2
16 2 0 51 16 0.000333 1
16 2 0 52 15 0.000251 0
16 2 0 53 12 0.000159 2
16 2 0 54 17 0.000275 2
16 2 0 55 17 0.000324 2
16 2 0 56 15 0.000236 0
16 2 0 57 13 0.000230 0
16 2 0 58 16 0.000317 0
16 2 0 59 18 0.000342 1
16 2 0 60 17 0.000358 0
16 2 0 61 15 0.000288 1
16 2 0 62 15 0.000319 0
16 2 0 63 13 0.000232 0
16 2 0 64 15 0.000217 0
16 2 0 65 17 0.000287 0
16 2 0 66 16 0.000279 0
16 2 0 67 17 0.000308 0
16 2 0 68 15 0.000268 2
16 2 0 69 14 0.000173 0
16 2 0 70 14 0.000164 2
16 2 0 71 17 0.000375 0
16 2 0 72 17 0.000405 1
16 2 0 73 17 0.000275 1
16 2 0 74 14 0.000263 2
16 2 0 75 13 0.000168 0
16 2 0 76 17 0.000329 2
16 2 0 77 18 0.000318 0
16 2 0 78 16 0.000321 1
16 2 0 79 15 0.000272 2
16 2 0 80 16 0.000337 2
16 2 0 81 16 0.000316 0
16 2 0 82 18 0.000384 0
16 2 0 83 15 0.000224 1
16 2 0 84 17 0.000312 2
16 2 0 85 17 0.000363 0
16 2 0 86 18 0.000213 2
16 2 0 87 16 0.000254 0
16 2 0 88 18 0.000390 2
16 2 0 89 18 0.000393 0
16 2 0 90 15 0.000310 0
16 2 0 91 16 0.000340 1
16 2 0 92 15 0.000235 1
16 2 0 93 17 0.000384 1
16 2 0 94 17 0.000317 1
16 2 0 95 16 0.000255 0
16 2 0 96 15 0.000266 0
16 2 0 97 16 0.000348 0
16 2 0 98 16 0.000338 2
16 2 0 99 17 0.000414 1
16 4 0 0 19 0.000682 0
16 4 0 1 13 0.000256 1
16 4 0 2 16 0.000535 2
16 4 0 3 16 0.000464 1
16 4 0 4 19 0.000617 0
16 4 0 5 17 0.000391 0
16 4 0 6 18 0.000613 0
16 4 0 7 21 0.000688 0
16 4 0 8 20 0.000591 1
16 4 0 9 17 0.000453 0
16 4 0 10 18 0.000450 0
16 4 0 11 14 0.000309 1
16 4 0 12 16 0.000370 0
16 4 0 13 18 0.000607 2
16 4 0 14 19 0.000551 1
16 4 0 15 18 0.000476 0
16 4 0 16 18 0.000502 1
16 4 0 17 17 0.000529 0
16 4 0 18 17 0.000476 0
16 4 0 19 17 0.000457 0
16 4 0 20 20 0.000723 0
16 4 0 21 18 0.000576 0
16 4 0 22 16 0.000418 0
16 4 0 23 17 0.000579 0
16 4 0 24 14 0.000312 0
16 4 0 25 15 0.000459 0
16 4 0 26 10 0.000170 1
16 4 0 27 16 0.000464 2
16 4 0 28 20 0.000569 1
16 4 0 29 19 0.000538 0
16 4 0 30 16 0.000473 0
16 4 0 31 17 0.000503 0
16 4 0 32 17 0.000550 1
16 4 0 33 12 0.000256 0
16 4 0 34 19 0.000640 0
16 4 0 35 16 0.000518 2
16 4 0 36 17 0.000418 0
16 4 0 37 17 0.000478 0
16 4 0 38 19 0.000658 0
16 4 0 39 16 0.000464 1
16 4 0 40 12 0.000173 1
16 4 0 41 15 0.000471 1
16 4 0 42 17 0.000394 2
16 4 0 43 22 0.000869 2
16 4 0 44 19 0.000669 2
16 4 0 45 16 0.000405 1
16 4 0 46 16 0.000443 0
16 4 0 47 16 0.000356 2
16 4 0 48 18 0.000600 2
16 4 0 49 14 0.000359 1
16 4 0 50 15 0.000329 2
16 4 0 51 20 0.000717 1
16 4 0 52 18 0.000449 0
16 4 0 53 14 0.000335 2
16 4 0 54 17 0.000460 2
16 4 0 55 19 0.000598 2
16 4 0 56 18 0.000528 0
16 4 0 57 15 0.000441 0
16 4 0 58 20 0.000741 0
16 4 0 59 19 0.000646 1
16 4 0 60 20 0.000738 0
16 4 0 61 19 0.000624 1
16 4 0 62 20 0.000751 0
16 4 0 63 17 0.000506 0
16 4 0 64 17 0.000451 0
16 4 0 65 18 0.000571 0
16 4 0 66 18 0.000558 0
16 4 0 67 21 0.000747 0
16 4 0 68 16 0.000452 2
16 4 0 69 14 0.000250 0
16 4 0 70 17 0.000363 2
16 4 0 71 20 0.000817 0
16 4 0 72 21 0.000919 1
16 4 0 73 16 0.000385 1
16 4 0 74 17 0.000503 2
16 4 0 75 13 0.000253 0
16 4 0 76 18 0.000578 2
16 4 0 77 18 0.000592 0
16 4 0 78 17 0.000566 1
16 4 0 79 16 0.000423 2
16 4 0 80 20 0.000686 2
16 4 0 81 20 0.000684 0
16 4 0 82 21 0.000763 0
16 4 0 83 19 0.000658 1
16 4 0 84 17 0.000543 2
16 4 0 85 21 0.000789 0
16 4 0 86 20 0.000458 2
16 4 0 87 18 0.000491 0
16 4 0 88 19 0.000694 2
16 4 0 89 21 0.000797 0
16 4 0 90 19 0.000621 0
16 4 0 91 19 0.000651 1
16 4 0 92 17 0.000450 1
16 4 0 93 20 0.000808 1
16 4 0 94 20 0.000620 1
16 4 0 95 18 0.000468 0
16 4 0 96 17 0.000522 0
16 4 0 97 19 0.000720 0
16 4 0 98 19 0.000681 2
16 4 0 99 21 0.000918 1
16 8 0 0 23 0.001358 0
16 8 0 1 15 0.000395 1
16 8 0 2 19 0.000917 2
16 8 0 3 21 0.000989 1
16 8 0 4 23 0.001250 0
16 8 0 5 21 0.000718 0
16 8 0 6 20 0.001061 0
16 8 0 7 24 0.001310 0
16 8 0 8 24 0.001132 1
16 8 0 9 18 0.000659 0
16 8 0 10 21 0.000831 0
16 8 0 11 18 0.000695 1
16 8 0 12 16 0.000538 0
16 8 0 13 24 0.001347 2
16 8 0 14 23 0.001062 1
16 8 0 15 22 0.000970 0
16 8 0 16 23 0.001056 1
16 8 0 17 20 0.000978 0
16 8 0 18 22 0.000954 0
16 8 0 19 20 0.000890 0
16 8 0 20 26 0.001710 0
16 8 0 21 24 0.001467 0
16 8 0 22 18 0.000723 0
16 8 0 23 20 0.000931 0
16 8 0 24 14 0.000423 0
16 8 0 25 17 0.000750 0
16 8 0 26 13 0.000284 1
16 8 0 27 17 0.000635 2
16 8 0 28 24 0.001181 1
16 8 0 29 25 0.001157 0
16 8 0 30 18 0.000728 0
16 8 0 31 21 0.001037 0
16 8 0 32 22 0.001127 1
16 8 0 33 14 0.000417 0
16 8 0 34 20 0.001038 0
16 8 0 35 20 0.000912 2
16 8 0 36 18 0.000627 0
16 8 0 37 18 0.000771 0
16 8 0 38 21 0.001003 0
16 8 0 39 18 0.000664 1
16 8 0 40 13 0.000296 1
16 8 0 41 21 0.001075 1
16 8 0 42 20 0.000653 2
16 8 0 43 28 0.001880 2
16 8 0 44 26 0.001626 2
16 8 0 45 19 0.000739 1
16 8 0 46 18 0.000790 0
16 8 0 47 16 0.000458 2
16 8 0 48 19 0.000879 2
16 8 0 49 17 0.000584 1
16 8 0 50 18 0.000545 2
16 8 0 51 24 0.001365 1
16 8 0 52 22 0.000878 0
16 8 0 53 15 0.000453 2
16 8 0 54 19 0.000829 2
16 8 0 55 24 0.001261 2
16 8 0 56 20 0.000788 0
16 8 0 57 18 0.000689 0
16 8 0 58 25 0.001451 0
16 8 0 59 24 0.001372 1
16 8 0 60 25 0.001524 0
16 8 0 61 23 0.001148 1
16 8 0 62 22 0.001286 0
16 8 0 63 19 0.000768 0
16 8 0 64 20 0.000816 0
16 8 0 65 20 0.000928 0
16 8 0 66 21 0.000982 0
16 8 0 67 25 0.001537 0
16 8 0 68 19 0.000789 2
16 8 0 69 17 0.000459 0
16 8 0 70 18 0.000534 2
16 8 0 71 26 0.001804 0
16 8 0 72 27 0.001972 1
16 8 0 73 19 0.000722 1
16 8 0 74 20 0.000852 2
16 8 0 75 16 0.000407 0
16 8 0 76 24 0.001282 2
16 8 0 77 23 0.001342 0
16 8 0 78 22 0.001127 1
16 8 0 79 21 0.000897 2
16 8 0 80 23 0.001253 2
16 8 0 81 25 0.001403 0
16 8 0 82 26 0.001695 0
16 8 0 83 22 0.001008 1
16 8 0 84 21 0.001065 2
16 8 0 85 26 0.001705 0
16 8 0 86 23 0.001033 2
16 8 0 87 19 0.000706 0
16 8 0 88 26 0.001787 2
16 8 0 89 27 0.001849 0
16 8 0 90 22 0.001158 0
16 8 0 91 23 0.001211 1
16 8 0 92 20 0.000770 1
16 8 0 93 26 0.001809 1
16 8 0 94 24 0.001310 1
16 8 0 95 23 0.000963 0
16 8 0 96 19 0.000867 0
16 8 0 97 21 0.001121 0
16 8 0 98 23 0.001379 2
16 8 0 99 27 0.002040 1
32 1 0 0 31 0.000305 1
32 1 0 1 30 0.000293 0
32 1 0 2 31 0.000311 0
32 1 0 3 31 0.000265 2
32 1 0 4 31 0.000308 0
32 1 0 5 31 0.000234 1
32 1 0 6 31 0.000312 0
32 1 0 7 25 0.000122 2
32 1 0 8 29 0.000265 0
32 1 0 9 31 0.000279 0
32 1 0 10 27 0.000245 0
32 1 0 11 30 0.000330 0
32 1 0 12 27 0.000240 2
32 1 0 13 29 0.000272 1
32 1 0 14 28 0.000274 1
32 1 0 15 30 0.000314 0
32 1 0 16 31 0.000355 1
32 1 0 17 28 0.000305 0
32 1 0 18 30 0.000238 1
32 1 0 19 32 0.000408 0
32 1 0 20 26 0.000264 2
32 1 0 21 31 0.000253 1
32 1 0 22 32 0.000379 0
32 1 0 23 29 0.000282 1
32 1 0 24 29 0.000221 1
32 1 0 25 31 0.000257 1
32 1 0 26 31 0.000320 0
32 1 0 27 27 0.000241 0
32 1 0 28 32 0.000325 0
32 1 0 29 31 0.000342 0
32 1 0 30 30 0.000275 1
32 1 0 31 32 0.000263 1
32 1 0 32 28 0.000214 0
32 1 0 33 29 0.000183 0
32 1 0 34 31 0.000322 0
32 1 0 35 29 0.000266 0
32 1 0 36 32 0.000277 0
32 1 0 37 29 0.000205 0
32 1 0 38 31 0.000308 0
32 1 0 39 23 0.000149 0
32 1 0 40 31 0.000216 0
32 1 0 41 31 0.000278 0
32 1 0 42 31 0.000263 0
32 1 0 43 32 0.000308 1
32 1 0 44 28 0.000250 2
32 1 0 45 31 0.000360 0
32 1 0 46 29 0.000275 1
32 1 0 47 29 0.000290 0
32 1 0 48 26 0.000125 0
32 1 0 49 31 0.000358 0
32 1 0 50 30 0.000267 2
32 1 0 51 29 0.000231 1
32 1 0 52 31 0.000245 0
32 1 0 53 27 0.000266 1
32 1 0 54 29 0.000196 1
32 1 0 55 28 0.000182 1
32 1 0 56 30 0.000333 0
32 1 0 57 30 0.000325 1
32 1 0 58 32 0.000321 1
32 1 0 59 28 0.000188 2
32 1 0 60 31 0.000354 0
32 1 0 61 29 0.000275 1
32 1 0 62 32 0.000309 2
32 1 0 63 29 0.000231 0
32 1 0 64 32 0.000239 0
32 1 0 65 30 0.000299 2
32 1 0 66 28 0.000260 0
32 1 0 67 31 0.000364 0
32 1 0 68 27 0.000217 0
32 1 0 69 29 0.000253 1
32 1 0 70 27 0.000217 2
32 1 0 71 31 0.000270 1
32 1 0 72 31 0.000282 1
32 1 0 73 30 0.000293 0
32 1 0 74 30 0.000260 0
32 1 0 75 31 0.000260 0
32 1 0 76 31 0.000292 0
32 1 0 77 32 0.000285 1
32 1 0 78 30 0.000278 0
32 1 0 79 31 0.000245 0
32 1 0 80 29 0.000243 0
32 1 0 81 32 0.000334 2
32 1 0 82 31 0.000295 1
32 1 0 83 29 0.000232 2
32 1 0 84 31 0.000334 0
32 1 0 85 29 0.000278 1
32 1 0 86 32 0.000271 1
32 1 0 87 28 0.000220 0
32 1 0 88 30 0.000218 2
32 1 0 89 31 0.000279 1
32 1 0 90 31 0.000273 0
32 1 0 91 32 0.000322 1
32 1 0 92 27 0.000220 1
32 1 0 93 28 0.000199 2
32 1 0 94 31 0.000311 1
32 1 0 95 26 0.000174 1
32 1 0 96 30 0.000295 1
32 1 0 97 29 0.000260 1
32 1 0 98 31 0.000390 1
32 1 0 99 31 0.000245 1
32 2 0 0 32 0.000661 2
32 2 0 1 30 0.000589 2
32 2 0 2 30 0.000613 0
32 2 0 3 31 0.000626 2
32 2 0 4 30 0.000607 0
32 2 0 5 33 0.000576 2
32 2 0 6 32 0.000675 0
32 2 0 7 26 0.000299 2
32 2 0 8 30 0.000610 0
32 2 0 9 33 0.000599 0
32 2 0 10 28 0.000562 2
32 2 0 11 30 0.000708 0
32 2 0 12 32 0.000538 2
32 2 0 13 31 0.000616 1
32 2 0 14 28 0.000563 1
32 2 0 15 32 0.000677 0
32 2 0 16 32 0.000722 1
32 2 0 17 30 0.000640 0
32 2 0 18 31 0.000601 1
32 2 0 19 33 0.000823 0
32 2 0 20 29 0.000590 2
32 2 0 21 33 0.000628 1
32 2 0 22 32 0.000771 0
32 2 0 23 32 0.000681 1
32 2 0 24 33 0.000607 1
32 2 0 25 29 0.000559 2
32 2 0 26 33 0.000670 0
32 2 0 27 27 0.000450 0
32 2 0 28 33 0.000697 0
32 2 0 29 33 0.000769 0
32 2 0 30 30 0.000608 1
32 2 0 31 33 0.000637 1
32 2 0 32 26 0.000471 0
32 2 0 33 28 0.000460 0
32 2 0 34 28 0.000625 0
32 2 0 35 31 0.000588 0
32 2 0 36 33 0.000657 0
32 2 0 37 27 0.000483 0
32 2 0 38 30 0.000594 0
32 2 0 39 24 0.000326 0
32 2 0 40 30 0.000476 0
32 2 0 41 28 0.000529 0
32 2 0 42 31 0.000585 0
32 2 0 43 30 0.000609 1
32 2 0 44 29 0.000547 2
32 2 0 45 33 0.000768 0
32 2 0 46 30 0.000649 1
32 2 0 47 32 0.000606 0
32 2 0 48 27 0.000355 0
32 2 0 49 29 0.000646 0
32 2 0 50 33 0.000641 2
32 2 0 51 28 0.000528 1
32 2 0 52 29 0.000481 0
32 2 0 53 29 0.000570 1
32 2 0 54 25 0.000402 1
32 2 0 55 30 0.000449 2
32 2 0 56 28 0.000607 0
32 2 0 57 31 0.000698 1
32 2 0 58 33 0.000707 1
32 2 0 59 28 0.000464 2
32 2 0 60 31 0.000752 0
32 2 0 61 28 0.000579 1
32 2 0 62 32 0.000642 2
32 2 0 63 29 0.000457 0
32 2 0 64 29 0.000527 0
32 2 0 65 32 0.000714 2
32 2 0 66 31 0.000594 0
32 2 0 67 33 0.000689 0
32 2 0 68 26 0.000433 0
32 2 0 69 29 0.000514 1
32 2 0 70 25 0.000431 2
32 2 0 71 30 0.000590 1
32 2 0 72 33 0.000593 1
32 2 0 73 33 0.000618 0
32 2 0 74 29 0.000551 0
32 2 0 75 28 0.000490 0
32 2 0 76 32 0.000695 0
32 2 0 77 32 0.000673 1
32 2 0 78 29 0.000525 0
32 2 0 79 32 0.000584 0
32 2 0 80 28 0.000480 0
32 2 0 81 32 0.000697 2
32 2 0 82 32 0.000660 1
32 2 0 83 31 0.000509 2
32 2 0 84 31 0.000695 0
32 2 0 85 27 0.000546 1
32 2 0 86 31 0.000568 1
32 2 0 87 29 0.000490 0
32 2 0 88 30 0.000495 2
32 2 0 89 30 0.000571 1
32 2 0 90 31 0.000626 0
32 2 0 91 32 0.000697 1
32 2 0 92 29 0.000455 1
32 2 0 93 29 0.000507 2
32 2 0 94 26 0.000542 1
32 2 0 95 26 0.000376 1
32 2 0 96 32 0.000641 1
32 2 0 97 28 0.000525 1
32 2 0 98 32 0.000762 1
32 2 0 99 33 0.000599 1
32 4 0 0 35 0.001263 2
32 4 0 1 32 0.001067 2
32 4 0 2 32 0.001185 0
32 4 0 3 32 0.001126 2
32 4 0 4 33 0.001134 0
32 4 0 5 32 0.000962 2
32 4 0 6 35 0.001324 0
32 4 0 7 21 0.000459 2
32 4 0 8 26 0.000918 0
32 4 0 9 33 0.001104 0
32 4 0 10 30 0.001086 2
32 4 0 11 32 0.001498 0
32 4 0 12 31 0.000996 2
32 4 0 13 36 0.001370 1
32 4 0 14 31 0.001087 1
32 4 0 15 34 0.001318 0
32 4 0 16 35 0.001523 1
32 4 0 17 30 0.001210 0
32 4 0 18 33 0.001147 1
32 4 0 19 36 0.001760 0
32 4 0 20 30 0.001116 2
32 4 0 21 36 0.001261 1
32 4 0 22 34 0.001557 0
32 4 0 23 33 0.001182 1
32 4 0 24 30 0.000953 1
32 4 0 25 31 0.000968 2
32 4 0 26 36 0.001358 0
32 4 0 27 30 0.000867 0
32 4 0 28 35 0.001497 0
32 4 0 29 35 0.001677 0
32 4 0 30 32 0.001171 1
32 4 0 31 34 0.001238 1
32 4 0 32 29 0.000865 0
32 4 0 33 32 0.000913 0
32 4 0 34 32 0.001386 0
32 4 0 35 33 0.001096 0
32 4 0 36 35 0.001284 0
32 4 0 37 29 0.000932 0
32 4 0 38 34 0.001233 0
32 4 0 39 29 0.000748 2
32 4 0 40 33 0.001074 0
32 4 0 41 32 0.001071 0
32 4 0 42 35 0.001193 0
32 4 0 43 33 0.001171 1
32 4 0 44 31 0.001091 2
32 4 0 45 33 0.001583 0
32 4 0 46 34 0.001367 1
32 4 0 47 30 0.001074 0
32 4 0 48 29 0.000634 0
32 4 0 49 34 0.001398 0
32 4 0 50 33 0.001271 2
32 4 0 51 29 0.001092 1
32 4 0 52 32 0.001007 0
32 4 0 53 33 0.001115 1
32 4 0 54 28 0.000857 1
32 4 0 55 31 0.000787 2
32 4 0 56 33 0.001275 0
32 4 0 57 33 0.001360 1
32 4 0 58 37 0.001523 1
32 4 0 59 30 0.000912 2
32 4 0 60 35 0.001650 0
32 4 0 61 34 0.001263 1
32 4 0 62 35 0.001255 2
32 4 0 63 29 0.000879 0
32 4 0 64 33 0.001199 0
32 4 0 65 34 0.001322 2
32 4 0 66 31 0.001124 0
32 4 0 67 32 0.001184 0
32 4 0 68 25 0.000720 0
32 4 0 69 33 0.001035 1
32 4 0 70 27 0.000805 2
32 4 0 71 33 0.001134 1
32 4 0 72 32 0.001043 1
32 4 0 73 34 0.001351 0
32 4 0 74 32 0.001174 0
32 4 0 75 33 0.001024 0
32 4 0 76 32 0.001266 0
32 4 0 77 35 0.001279 1
32 4 0 78 32 0.001005 0
32 4 0 79 34 0.001132 0
32 4 0 80 29 0.000905 0
32 4 0 81 36 0.001437 2
32 4 0 82 35 0.001310 1
32 4 0 83 30 0.000833 2
32 4 0 84 34 0.001524 0
32 4 0 85 32 0.001154 1
32 4 0 86 29 0.000947 1
32 4 0 87 31 0.000861 0
32 4 0 88 34 0.001062 2
32 4 0 89 33 0.001034 1
32 4 0 90 34 0.001260 0
32 4 0 91 36 0.001513 1
32 4 0 92 33 0.000900 1
32 4 0 93 30 0.000925 2
32 4 0 94 30 0.001102 1
32 4 0 95 24 0.000582 1
32 4 0 96 33 0.001185 1
32 4 0 97 32 0.001152 1
32 4 0 98 35 0.001646 1
32 4 0 99 35 0.001292 1
32 8 0 0 37 0.002755 2
32 8 0 1 34 0.002399 2
32 8 0 2 39 0.003156 0
32 8 0 3 39 0.002905 2
32 8 0 4 35 0.002554 0
32 8 0 5 36 0.002217 2
32 8 0 6 38 0.003203 0
32 8 0 7 27 0.001084 2
32 8 0 8 33 0.002378 0
32 8 0 9 37 0.002630 0
32 8 0 10 34 0.002739 2
32 8 0 11 38 0.004248 0
32 8 0 12 33 0.002262 2
32 8 0 13 40 0.003373 1
32 8 0 14 32 0.002399 1
32 8 0 15 39 0.003369 0
32 8 0 16 40 0.003927 1
32 8 0 17 36 0.003324 0
32 8 0 18 39 0.002690 1
32 8 0 19 42 0.005026 0
32 8 0 20 38 0.003033 2
32 8 0 21 39 0.003138 1
32 8 0 22 38 0.004196 0
32 8 0 23 38 0.002951 1
32 8 0 24 36 0.002186 1
32 8 0 25 34 0.002131 2
32 8 0 26 39 0.003103 0
32 8 0 27 31 0.001590 0
32 8 0 28 40 0.003683 0
32 8 0 29 42 0.004758 0
32 8 0 30 36 0.002461 1
32 8 0 31 41 0.002944 1
32 8 0 32 30 0.001608 0
32 8 0 33 34 0.001834 0
32 8 0 34 38 0.003761 0
32 8 0 35 35 0.002311 0
32 8 0 36 42 0.003294 0
32 8 0 37 37 0.002350 0
32 8 0 38 41 0.003154 0
32 8 0 39 27 0.001317 2
32 8 0 40 37 0.002286 0
32 8 0 41 36 0.002592 0
32 8 0 42 37 0.002727 0
32 8 0 43 37 0.002780 1
32 8 0 44 32 0.002397 2
32 8 0 45 39 0.004198 0
32 8 0 46 36 0.003311 1
32 8 0 47 35 0.002645 0
32 8 0 48 28 0.001099 0
32 8 0 49 37 0.003438 0
32 8 0 50 40 0.003235 2
32 8 0 51 31 0.002051 1
32 8 0 52 33 0.002066 0
32 8 0 53 35 0.002406 1
32 8 0 54 33 0.002072 1
32 8 0 55 32 0.001293 2
32 8 0 56 37 0.003267 0
32 8 0 57 39 0.003820 1
32 8 0 58 41 0.003764 1
32 8 0 59 32 0.001932 2
32 8 0 60 40 0.004270 0
32 8 0 61 37 0.002847 1
32 8 0 62 39 0.002914 2
32 8 0 63 32 0.001927 0
32 8 0 64 36 0.002847 0
32 8 0 65 39 0.002978 2
32 8 0 66 34 0.002535 0
32 8 0 67 35 0.002606 0
32 8 0 68 29 0.001528 0
32 8 0 69 32 0.002048 1
32 8 0 70 28 0.001675 2
32 8 0 71 37 0.002689 1
32 8 0 72 35 0.002232 1
32 8 0 73 40 0.003624 0
32 8 0 74 34 0.002418 0
32 8 0 75 33 0.002062 0
32 8 0 76 37 0.003355 0
32 8 0 77 40 0.003082 1
32 8 0 78 37 0.002318 0
32 8 0 79 39 0.002752 0
32 8 0 80 33 0.002140 0
32 8 0 81 38 0.003133 2
32 8 0 82 38 0.003042 1
32 8 0 83 34 0.001880 2
32 8 0 84 39 0.004319 0
32 8 0 85 34 0.002643 1
32 8 0 86 34 0.002230 1
32 8 0 87 35 0.001991 0
32 8 0 88 33 0.002020 2
32 8 0 89 35 0.002291 1
32 8 0 90 38 0.002983 0
32 8 0 91 41 0.003636 1
32 8 0 92 30 0.001608 1
32 8 0 93 34 0.001946 2
32 8 0 94 36 0.002838 1
32 8 0 95 29 0.001294 1
32 8 0 96 38 0.003017 1
32 8 0 97 35 0.002643 1
32 8 0 98 40 0.004283 1
32 8 0 99 38 0.003114 1
