4 1 0 0 3 0.000072 1
4 1 0 1 4 0.000110 1
4 1 0 2 4 0.000104 1
4 1 0 3 4 0.000116 1
4 1 0 4 4 0.000096 1
4 1 0 5 4 0.000042 2
4 1 0 6 2 0.000016 1
4 1 0 7 2 0.000018 1
4 1 0 8 4 0.000037 1
4 1 0 9 2 0.000019 2
4 1 0 10 4 0.000043 2
4 1 0 11 3 0.000025 0
4 1 0 12 4 0.000038 1
4 1 0 13 2 0.000021 2
4 1 0 14 4 0.000040 2
4 1 0 15 4 0.000042 1
4 1 0 16 2 0.000021 2
4 1 0 17 3 0.000026 0
4 1 0 18 2 0.000020 0
4 1 0 19 2 0.000020 1
4 1 0 20 2 0.000020 0
4 1 0 21 2 0.000018 0
4 1 0 22 4 0.000043 2
4 1 0 23 4 0.000035 1
4 1 0 24 4 0.000040 2
4 1 0 25 4 0.000043 2
4 1 0 26 4 0.000040 1
4 1 0 27 4 0.000043 2
4 1 0 28 4 0.000045 2
4 1 0 29 4 0.000045 2
4 1 0 30 4 0.000035 1
4 1 0 31 4 0.000041 2
4 1 0 32 2 0.000020 2
4 1 0 33 4 0.000037 1
4 1 0 34 4 0.000041 1
4 1 0 35 2 0.000017 1
4 1 0 36 4 0.000045 1
4 1 0 37 4 0.000039 2
4 1 0 38 2 0.000019 1
4 1 0 39 3 0.000022 1
4 1 0 40 4 0.000047 2
4 1 0 41 2 0.000018 0
4 1 0 42 2 0.000019 2
4 1 0 43 4 0.000038 2
4 1 0 44 2 0.000017 1
4 1 0 45 4 0.000044 2
4 1 0 46 4 0.000040 2
4 1 0 47 4 0.000037 1
4 1 0 48 4 0.000040 2
4 1 0 49 4 0.000041 1
4 1 0 50 4 0.000033 1
4 1 0 51 4 0.000032 1
4 1 0 52 3 0.000027 0
4 1 0 53 4 0.000045 2
4 1 0 54 3 0.000027 0
4 1 0 55 3 0.000027 2
4 1 0 56 4 0.000041 2
4 1 0 57 4 0.000037 1
4 1 0 58 4 0.000043 1
4 1 0 59 4 0.000038 1
4 1 0 60 4 0.000038 0
4 1 0 61 4 0.000039 1
4 1 0 62 2 0.000016 1
4 1 0 63 4 0.000037 0
4 1 0 64 4 0.000038 0
4 1 0 65 4 0.000039 0
4 1 0 66 4 0.000043 1
4 1 0 67 3 0.000022 1
4 1 0 68 4 0.000033 1
4 1 0 69 4 0.000045 2
4 1 0 70 4 0.000042 2
4 1 0 71 4 0.000044 2
4 1 0 72 3 0.000025 1
4 1 0 73 4 0.000032 1
4 1 0 74 4 0.000040 1
4 1 0 75 4 0.000035 1
4 1 0 76 4 0.000037 1
4 1 0 77 4 0.000042 2
4 1 0 78 4 0.000035 1
4 1 0 79 4 0.000042 2
4 1 0 80 4 0.000043 2
4 1 0 81 4 0.000034 1
4 1 0 82 3 0.000027 2
4 1 0 83 4 0.000040 1
4 1 0 84 2 0.000018 0
4 1 0 85 4 0.000041 2
4 1 0 86 4 0.000046 1
4 1 0 87 4 0.000042 0
4 1 0 88 4 0.000045 2
4 1 0 89 4 0.000035 1
4 1 0 90 4 0.000045 2
4 1 0 91 4 0.000043 1
4 1 0 92 4 0.000043 2
4 1 0 93 4 0.000035 1
4 1 0 94 2 0.000019 2
4 1 0 95 4 0.000032 1
4 1 0 96 4 0.000042 2
4 1 0 97 2 0.000022 0
4 1 0 98 4 0.000041 0
4 1 0 99 4 0.000038 1
4 2 0 0 1 0.000010 1
4 2 0 1 4 0.000044 2
4 2 0 2 3 0.000029 1
4 2 0 3 3 0.000032 1
4 2 0 4 3 0.000028 1
4 2 0 5 5 0.000060 2
4 2 0 6 3 0.000027 1
4 2 0 7 4 0.000041 1
4 2 0 8 5 0.000058 1
4 2 0 9 4 0.000042 2
4 2 0 10 5 0.000061 2
4 2 0 11 1 0.000010 0
4 2 0 12 5 0.000054 1
4 2 0 13 4 0.000044 2
4 2 0 14 3 0.000032 2
4 2 0 15 4 0.000044 1
4 2 0 16 4 0.000045 2
4 2 0 17 1 0.000010 0
4 2 0 18 4 0.000037 2
4 2 0 19 4 0.000041 1
4 2 0 20 4 0.000039 0
4 2 0 21 3 0.000027 0
4 2 0 22 5 0.000059 2
4 2 0 23 4 0.000044 2
4 2 0 24 4 0.000043 2
4 2 0 25 5 0.000060 2
4 2 0 26 5 0.000059 2
4 2 0 27 3 0.000034 2
4 2 0 28 5 0.000059 2
4 2 0 29 5 0.000059 2
4 2 0 30 5 0.000048 1
4 2 0 31 4 0.000047 2
4 2 0 32 4 0.000044 2
4 2 0 33 5 0.000053 2
4 2 0 34 5 0.000059 2
4 2 0 35 2 0.000016 1
4 2 0 36 5 0.000066 1
4 2 0 37 4 0.000043 2
4 2 0 38 4 0.000041 1
4 2 0 39 1 0.000009 1
4 2 0 40 5 0.000064 2
4 2 0 41 3 0.000028 0
4 2 0 42 4 0.000042 2
4 2 0 43 3 0.000029 2
4 2 0 44 4 0.000041 2
4 2 0 45 5 0.000059 2
4 2 0 46 3 0.000032 2
4 2 0 47 3 0.000028 1
4 2 0 48 3 0.000032 2
4 2 0 49 5 0.000063 1
4 2 0 50 3 0.000028 1
4 2 0 51 2 0.000017 1
4 2 0 52 1 0.000010 0
4 2 0 53 5 0.000061 2
4 2 0 54 1 0.000010 0
4 2 0 55 1 0.000010 2
4 2 0 56 5 0.000056 2
4 2 0 57 3 0.000027 1
4 2 0 58 5 0.000063 1
4 2 0 59 5 0.000061 2
4 2 0 60 3 0.000030 0
4 2 0 61 5 0.000053 2
4 2 0 62 3 0.000025 1
4 2 0 63 3 0.000030 0
4 2 0 64 3 0.000030 0
4 2 0 65 3 0.000031 0
4 2 0 66 5 0.000063 1
4 2 0 67 1 0.000010 1
4 2 0 68 3 0.000027 1
4 2 0 69 5 0.000065 2
4 2 0 70 5 0.000056 2
4 2 0 71 5 0.000059 2
4 2 0 72 1 0.000010 1
4 2 0 73 3 0.000025 1
4 2 0 74 3 0.000032 1
4 2 0 75 3 0.000027 1
4 2 0 76 3 0.000030 1
4 2 0 77 5 0.000059 2
4 2 0 78 3 0.000028 1
4 2 0 79 5 0.000057 2
4 2 0 80 4 0.000046 2
4 2 0 81 4 0.000037 1
4 2 0 82 1 0.000010 2
4 2 0 83 4 0.000044 1
4 2 0 84 3 0.000027 0
4 2 0 85 4 0.000041 2
4 2 0 86 5 0.000065 1
4 2 0 87 5 0.000057 0
4 2 0 88 3 0.000031 2
4 2 0 89 3 0.000029 1
4 2 0 90 5 0.000062 2
4 2 0 91 5 0.000061 1
4 2 0 92 3 0.000031 2
4 2 0 93 5 0.000048 1
4 2 0 94 3 0.000028 2
4 2 0 95 5 0.000044 1
4 2 0 96 5 0.000061 2
4 2 0 97 4 0.000039 0
4 2 0 98 3 0.000030 0
4 2 0 99 5 0.000053 2
4 4 0 0 2 0.000019 1
4 4 0 1 5 0.000056 2
4 4 0 2 4 0.000039 1
4 4 0 3 4 0.000045 1
4 4 0 4 4 0.000042 2
4 4 0 5 5 0.000062 2
4 4 0 6 2 0.000020 1
4 4 0 7 4 0.000045 1
4 4 0 8 6 0.000076 1
4 4 0 9 4 0.000047 2
4 4 0 10 6 0.000078 2
4 4 0 11 2 0.000019 0
4 4 0 12 6 0.000075 1
4 4 0 13 4 0.000050 2
4 4 0 14 4 0.000046 2
4 4 0 15 5 0.000056 1
4 4 0 16 4 0.000049 2
4 4 0 17 2 0.000019 0
4 4 0 18 3 0.000030 2
4 4 0 19 4 0.000046 1
4 4 0 20 4 0.000042 0
4 4 0 21 2 0.000019 0
4 4 0 22 5 0.000062 2
4 4 0 23 5 0.000057 2
4 4 0 24 5 0.000055 2
4 4 0 25 6 0.000079 2
4 4 0 26 6 0.000078 2
4 4 0 27 4 0.000050 2
4 4 0 28 6 0.000078 2
4 4 0 29 5 0.000062 2
4 4 0 30 5 0.000052 1
4 4 0 31 5 0.000063 2
4 4 0 32 4 0.000050 2
4 4 0 33 5 0.000056 2
4 4 0 34 6 0.000078 2
4 4 0 35 2 0.000018 1
4 4 0 36 6 0.000089 1
4 4 0 37 5 0.000054 2
4 4 0 38 4 0.000045 1
4 4 0 39 2 0.000017 1
4 4 0 40 6 0.000086 2
4 4 0 41 2 0.000019 0
4 4 0 42 4 0.000045 2
4 4 0 43 3 0.000030 2
4 4 0 44 4 0.000046 2
4 4 0 45 5 0.000062 2
4 4 0 46 4 0.000044 2
4 4 0 47 4 0.000043 2
4 4 0 48 4 0.000046 2
4 4 0 49 6 0.000084 1
4 4 0 50 4 0.000042 2
4 4 0 51 3 0.000025 1
4 4 0 52 2 0.000019 0
4 4 0 53 5 0.000064 2
4 4 0 54 2 0.000019 0
4 4 0 55 2 0.000020 2
4 4 0 56 5 0.000059 2
4 4 0 57 4 0.000043 2
4 4 0 58 6 0.000085 1
4 4 0 59 6 0.000077 2
4 4 0 60 4 0.000041 0
4 4 0 61 5 0.000056 2
4 4 0 62 2 0.000019 1
4 4 0 63 4 0.000042 0
4 4 0 64 4 0.000042 0
4 4 0 65 4 0.000042 0
4 4 0 66 6 0.000086 1
4 4 0 67 2 0.000018 1
4 4 0 68 4 0.000041 2
4 4 0 69 6 0.000087 2
4 4 0 70 5 0.000060 2
4 4 0 71 5 0.000061 2
4 4 0 72 2 0.000020 1
4 4 0 73 4 0.000035 1
4 4 0 74 4 0.000045 1
4 4 0 75 4 0.000042 2
4 4 0 76 4 0.000043 1
4 4 0 77 5 0.000063 2
4 4 0 78 4 0.000042 2
4 4 0 79 5 0.000058 2
4 4 0 80 5 0.000064 2
4 4 0 81 5 0.000047 1
4 4 0 82 2 0.000020 2
4 4 0 83 5 0.000055 1
4 4 0 84 2 0.000019 0
4 4 0 85 5 0.000054 2
4 4 0 86 6 0.000083 1
4 4 0 87 6 0.000078 0
4 4 0 88 4 0.000056 2
4 4 0 89 3 0.000031 1
4 4 0 90 6 0.000077 2
4 4 0 91 6 0.000077 1
4 4 0 92 4 0.000044 2
4 4 0 93 6 0.000063 1
4 4 0 94 2 0.000021 2
4 4 0 95 5 0.000046 1
4 4 0 96 6 0.000078 2
4 4 0 97 4 0.000041 0
4 4 0 98 4 0.000043 0
4 4 0 99 5 0.000055 2
8 1 0 0 7 0.000056 1
8 1 0 1 7 0.000058 1
8 1 0 2 8 0.000083 2
8 1 0 3 8 0.000067 1
8 1 0 4 7 0.000063 2
8 1 0 5 4 0.000034 1
8 1 0 6 7 0.000068 1
8 1 0 7 6 0.000048 1
8 1 0 8 5 0.000045 2
8 1 0 9 7 0.000069 0
8 1 0 10 8 0.000079 2
8 1 0 11 7 0.000069 2
8 1 0 12 8 0.000068 1
8 1 0 13 7 0.000079 2
8 1 0 14 8 0.000074 1
8 1 0 15 7 0.000065 1
8 1 0 16 7 0.000072 2
8 1 0 17 8 0.000067 1
8 1 0 18 8 0.000084 2
8 1 0 19 7 0.000054 1
8 1 0 20 8 0.000085 2
8 1 0 21 6 0.000052 1
8 1 0 22 8 0.000083 1
8 1 0 23 7 0.000063 1
8 1 0 24 7 0.000053 1
8 1 0 25 8 0.000084 2
8 1 0 26 8 0.000082 2
8 1 0 27 7 0.000062 1
8 1 0 28 8 0.000068 1
8 1 0 29 8 0.000068 1
8 1 0 30 7 0.000076 1
8 1 0 31 6 0.000065 1
8 1 0 32 7 0.000066 1
8 1 0 33 7 0.000070 2
8 1 0 34 6 0.000050 1
8 1 0 35 6 0.000053 1
8 1 0 36 8 0.000069 1
8 1 0 37 6 0.000045 1
8 1 0 38 7 0.000061 1
8 1 0 39 8 0.000083 1
8 1 0 40 6 0.000048 1
8 1 0 41 7 0.000065 2
8 1 0 42 6 0.000051 1
8 1 0 43 8 0.000091 1
8 1 0 44 6 0.000050 1
8 1 0 45 7 0.000054 1
8 1 0 46 8 0.000092 2
8 1 0 47 8 0.000074 1
8 1 0 48 6 0.000058 1
8 1 0 49 7 0.000062 1
8 1 0 50 8 0.000082 1
8 1 0 51 8 0.000068 1
8 1 0 52 8 0.000077 1
8 1 0 53 8 0.000091 2
8 1 0 54 8 0.000068 1
8 1 0 55 7 0.000060 1
8 1 0 56 7 0.000068 1
8 1 0 57 8 0.000087 1
8 1 0 58 8 0.000086 2
8 1 0 59 8 0.000068 1
8 1 0 60 8 0.000094 2
8 1 0 61 7 0.000073 2
8 1 0 62 6 0.000057 1
8 1 0 63 8 0.000066 1
8 1 0 64 8 0.000089 2
8 1 0 65 7 0.000075 2
8 1 0 66 8 0.000077 1
8 1 0 67 8 0.000090 2
8 1 0 68 8 0.000097 1
8 1 0 69 7 0.000117 2
8 1 0 70 7 0.000091 1
8 1 0 71 7 0.000073 1
8 1 0 72 7 0.000063 1
8 1 0 73 7 0.000075 1
8 1 0 74 7 0.000068 1
8 1 0 75 8 0.000072 1
8 1 0 76 8 0.000072 1
8 1 0 77 8 0.000090 1
8 1 0 78 8 0.000079 1
8 1 0 79 6 0.000045 1
8 1 0 80 8 0.000092 2
8 1 0 81 8 0.000065 1
8 1 0 82 6 0.000050 1
8 1 0 83 6 0.000058 2
8 1 0 84 7 0.000074 2
8 1 0 85 6 0.000050 1
8 1 0 86 8 0.000084 2
8 1 0 87 7 0.000055 1
8 1 0 88 8 0.000071 1
8 1 0 89 8 0.000073 1
8 1 0 90 8 0.000071 1
8 1 0 91 7 0.000068 2
8 1 0 92 7 0.000061 1
8 1 0 93 6 0.000046 1
8 1 0 94 8 0.000073 1
8 1 0 95 8 0.000070 1
8 1 0 96 6 0.000055 1
8 1 0 97 8 0.000069 1
8 1 0 98 8 0.000070 1
8 1 0 99 8 0.000081 2
8 2 0 0 9 0.000095 1
8 2 0 1 7 0.000070 1
8 2 0 2 7 0.000092 2
8 2 0 3 8 0.000093 2
8 2 0 4 4 0.000040 2
8 2 0 5 4 0.000037 1
8 2 0 6 9 0.000137 2
8 2 0 7 6 0.000074 2
8 2 0 8 5 0.000053 2
8 2 0 9 8 0.000090 2
8 2 0 10 8 0.000107 2
8 2 0 11 6 0.000063 2
8 2 0 12 7 0.000074 1
8 2 0 13 9 0.000152 2
8 2 0 14 8 0.000105 2
8 2 0 15 9 0.000124 2
8 2 0 16 8 0.000112 2
8 2 0 17 8 0.000101 1
8 2 0 18 7 0.000094 2
8 2 0 19 6 0.000058 1
8 2 0 20 9 0.000129 2
8 2 0 21 6 0.000062 1
8 2 0 22 9 0.000131 2
8 2 0 23 9 0.000134 2
8 2 0 24 4 0.000040 1
8 2 0 25 6 0.000083 2
8 2 0 26 9 0.000122 2
8 2 0 27 9 0.000113 1
8 2 0 28 10 0.000120 1
8 2 0 29 9 0.000118 1
8 2 0 30 9 0.000135 1
8 2 0 31 8 0.000113 1
8 2 0 32 7 0.000081 1
8 2 0 33 8 0.000111 2
8 2 0 34 8 0.000085 1
8 2 0 35 8 0.000085 1
8 2 0 36 10 0.000119 1
8 2 0 37 8 0.000078 1
8 2 0 38 8 0.000106 1
8 2 0 39 10 0.000157 2
8 2 0 40 7 0.000074 2
8 2 0 41 7 0.000078 2
8 2 0 42 8 0.000091 2
8 2 0 43 9 0.000150 1
8 2 0 44 8 0.000082 1
8 2 0 45 9 0.000082 1
8 2 0 46 10 0.000179 2
8 2 0 47 6 0.000074 2
8 2 0 48 7 0.000080 1
8 2 0 49 6 0.000057 1
8 2 0 50 8 0.000122 2
8 2 0 51 10 0.000126 1
8 2 0 52 10 0.000159 1
8 2 0 53 9 0.000146 2
8 2 0 54 8 0.000101 2
8 2 0 55 8 0.000094 2
8 2 0 56 9 0.000117 2
8 2 0 57 7 0.000113 1
8 2 0 58 10 0.000156 2
8 2 0 59 7 0.000075 1
8 2 0 60 10 0.000168 2
8 2 0 61 10 0.000137 2
8 2 0 62 7 0.000085 2
8 2 0 63 9 0.000099 1
8 2 0 64 10 0.000155 2
8 2 0 65 8 0.000117 2
8 2 0 66 8 0.000094 1
8 2 0 67 10 0.000172 2
8 2 0 68 9 0.000122 1
8 2 0 69 9 0.000136 2
8 2 0 70 8 0.000119 1
8 2 0 71 8 0.000125 2
8 2 0 72 9 0.000113 1
8 2 0 73 8 0.000121 2
8 2 0 74 8 0.000106 1
8 2 0 75 8 0.000111 2
8 2 0 76 8 0.000096 1
8 2 0 77 9 0.000148 1
8 2 0 78 9 0.000110 2
8 2 0 79 6 0.000051 1
8 2 0 80 10 0.000174 2
8 2 0 81 8 0.000094 1
8 2 0 82 6 0.000058 1
8 2 0 83 5 0.000062 2
8 2 0 84 8 0.000112 2
8 2 0 85 7 0.000093 2
8 2 0 86 7 0.000091 2
8 2 0 87 8 0.000095 2
8 2 0 88 5 0.000057 1
8 2 0 89 9 0.000123 2
8 2 0 90 8 0.000093 1
8 2 0 91 7 0.000090 2
8 2 0 92 8 0.000117 2
8 2 0 93 7 0.000069 1
8 2 0 94 10 0.000155 1
8 2 0 95 9 0.000122 1
8 2 0 96 5 0.000050 1
8 2 0 97 9 0.000099 1
8 2 0 98 9 0.000125 1
8 2 0 99 7 0.000094 2
8 4 0 0 8 0.000110 1
8 4 0 1 7 0.000085 1
8 4 0 2 11 0.000210 2
8 4 0 3 11 0.000178 2
8 4 0 4 5 0.000059 2
8 4 0 5 3 0.000031 1
8 4 0 6 11 0.000220 2
8 4 0 7 5 0.000068 2
8 4 0 8 5 0.000059 2
8 4 0 9 8 0.000107 2
8 4 0 10 10 0.000177 2
8 4 0 11 8 0.000106 2
8 4 0 12 10 0.000154 1
8 4 0 13 11 0.000257 2
8 4 0 14 10 0.000170 2
8 4 0 15 9 0.000169 2
8 4 0 16 7 0.000101 2
8 4 0 17 10 0.000166 1
8 4 0 18 10 0.000174 2
8 4 0 19 6 0.000071 1
8 4 0 20 11 0.000202 2
8 4 0 21 8 0.000103 2
8 4 0 22 11 0.000206 2
8 4 0 23 10 0.000197 2
8 4 0 24 6 0.000066 1
8 4 0 25 9 0.000179 2
8 4 0 26 10 0.000184 2
8 4 0 27 11 0.000184 1
8 4 0 28 12 0.000216 1
8 4 0 29 11 0.000190 1
8 4 0 30 9 0.000185 1
8 4 0 31 10 0.000211 1
8 4 0 32 8 0.000120 1
8 4 0 33 9 0.000146 2
8 4 0 34 8 0.000127 1
8 4 0 35 6 0.000075 1
8 4 0 36 12 0.000208 1
8 4 0 37 7 0.000087 1
8 4 0 38 9 0.000147 1
8 4 0 39 13 0.000294 2
8 4 0 40 7 0.000094 2
8 4 0 41 7 0.000086 2
8 4 0 42 6 0.000089 2
8 4 0 43 11 0.000257 1
8 4 0 44 9 0.000128 1
8 4 0 45 8 0.000099 1
8 4 0 46 13 0.000340 2
8 4 0 47 8 0.000111 2
8 4 0 48 10 0.000147 2
8 4 0 49 8 0.000114 2
8 4 0 50 12 0.000280 2
8 4 0 51 12 0.000226 1
8 4 0 52 13 0.000322 1
8 4 0 53 11 0.000239 2
8 4 0 54 10 0.000147 2
8 4 0 55 9 0.000130 2
8 4 0 56 10 0.000164 2
8 4 0 57 11 0.000244 1
8 4 0 58 12 0.000259 2
8 4 0 59 10 0.000158 1
8 4 0 60 12 0.000296 2
8 4 0 61 10 0.000187 2
8 4 0 62 8 0.000121 2
8 4 0 63 11 0.000164 1
8 4 0 64 12 0.000276 2
8 4 0 65 9 0.000164 2
8 4 0 66 10 0.000147 1
8 4 0 67 13 0.000319 2
8 4 0 68 10 0.000178 1
8 4 0 69 8 0.000139 2
8 4 0 70 9 0.000159 1
8 4 0 71 9 0.000167 2
8 4 0 72 10 0.000175 1
8 4 0 73 9 0.000184 2
8 4 0 74 7 0.000099 1
8 4 0 75 10 0.000179 2
8 4 0 76 12 0.000222 1
8 4 0 77 11 0.000223 1
8 4 0 78 11 0.000171 2
8 4 0 79 6 0.000052 1
8 4 0 80 13 0.000345 2
8 4 0 81 10 0.000151 1
8 4 0 82 8 0.000092 1
8 4 0 83 6 0.000094 2
8 4 0 84 7 0.000105 2
8 4 0 85 9 0.000174 2
8 4 0 86 10 0.000170 2
8 4 0 87 8 0.000122 2
8 4 0 88 8 0.000127 1
8 4 0 89 10 0.000184 2
8 4 0 90 12 0.000231 1
8 4 0 91 8 0.000123 2
8 4 0 92 8 0.000141 2
8 4 0 93 6 0.000061 1
8 4 0 94 13 0.000270 1
8 4 0 95 11 0.000221 1
8 4 0 96 6 0.000076 1
8 4 0 97 10 0.000156 1
8 4 0 98 11 0.000223 1
8 4 0 99 9 0.000159 2
8 8 0 0 9 0.000135 1
8 8 0 1 7 0.000096 1
8 8 0 2 10 0.000208 2
8 8 0 3 10 0.000176 2
8 8 0 4 5 0.000064 2
8 8 0 5 4 0.000044 1
8 8 0 6 12 0.000265 2
8 8 0 7 6 0.000089 2
8 8 0 8 6 0.000076 2
8 8 0 9 8 0.000113 2
8 8 0 10 10 0.000182 2
8 8 0 11 7 0.000100 2
8 8 0 12 9 0.000157 1
8 8 0 13 12 0.000316 2
8 8 0 14 10 0.000188 2
8 8 0 15 9 0.000181 2
8 8 0 16 8 0.000130 2
8 8 0 17 10 0.000182 1
8 8 0 18 10 0.000196 2
8 8 0 19 7 0.000089 1
8 8 0 20 11 0.000230 2
8 8 0 21 7 0.000096 2
8 8 0 22 11 0.000242 2
8 8 0 23 10 0.000206 2
8 8 0 24 6 0.000074 1
8 8 0 25 9 0.000193 2
8 8 0 26 10 0.000191 2
8 8 0 27 11 0.000222 1
8 8 0 28 13 0.000266 1
8 8 0 29 12 0.000223 1
8 8 0 30 10 0.000235 1
8 8 0 31 10 0.000242 1
8 8 0 32 9 0.000149 1
8 8 0 33 10 0.000177 2
8 8 0 34 9 0.000155 1
8 8 0 35 7 0.000092 1
8 8 0 36 12 0.000228 1
8 8 0 37 7 0.000098 1
8 8 0 38 10 0.000198 1
8 8 0 39 13 0.000337 2
8 8 0 40 7 0.000107 2
8 8 0 41 7 0.000088 2
8 8 0 42 7 0.000114 2
8 8 0 43 11 0.000272 1
8 8 0 44 9 0.000136 1
8 8 0 45 8 0.000103 1
8 8 0 46 13 0.000387 2
8 8 0 47 8 0.000125 2
8 8 0 48 8 0.000136 2
8 8 0 49 8 0.000134 2
8 8 0 50 12 0.000325 2
8 8 0 51 12 0.000252 1
8 8 0 52 14 0.000417 1
8 8 0 53 11 0.000270 2
8 8 0 54 9 0.000141 2
8 8 0 55 9 0.000144 2
8 8 0 56 11 0.000200 2
8 8 0 57 11 0.000277 1
8 8 0 58 13 0.000319 2
8 8 0 59 10 0.000189 1
8 8 0 60 13 0.000353 2
8 8 0 61 11 0.000229 2
8 8 0 62 7 0.000113 2
8 8 0 63 10 0.000162 1
8 8 0 64 12 0.000302 2
8 8 0 65 9 0.000181 2
8 8 0 66 9 0.000139 1
8 8 0 67 13 0.000353 2
8 8 0 68 11 0.000215 1
8 8 0 69 9 0.000177 2
8 8 0 70 9 0.000171 1
8 8 0 71 9 0.000185 2
8 8 0 72 11 0.000218 1
8 8 0 73 10 0.000236 2
8 8 0 74 8 0.000122 1
8 8 0 75 11 0.000219 2
8 8 0 76 11 0.000222 1
8 8 0 77 11 0.000253 1
8 8 0 78 11 0.000191 2
8 8 0 79 5 0.000046 1
8 8 0 80 13 0.000379 2
8 8 0 81 10 0.000165 1
8 8 0 82 7 0.000085 1
8 8 0 83 7 0.000117 2
8 8 0 84 8 0.000133 2
8 8 0 85 9 0.000193 2
8 8 0 86 9 0.000176 2
8 8 0 87 8 0.000126 2
8 8 0 88 8 0.000147 1
8 8 0 89 10 0.000194 2
8 8 0 90 12 0.000267 1
8 8 0 91 9 0.000151 2
8 8 0 92 9 0.000175 2
8 8 0 93 7 0.000078 1
8 8 0 94 12 0.000261 1
8 8 0 95 12 0.000270 1
8 8 0 96 6 0.000086 1
8 8 0 97 11 0.000195 1
8 8 0 98 12 0.000266 1
8 8 0 99 10 0.000191 2
16 1 0 0 15 0.000152 1
16 1 0 1 13 0.000105 1
16 1 0 2 15 0.000140 1
16 1 0 3 16 0.000165 1
16 1 0 4 15 0.000138 1
16 1 0 5 14 0.000128 1
16 1 0 6 16 0.000139 1
16 1 0 7 16 0.000133 1
16 1 0 8 15 0.000124 1
16 1 0 9 14 0.000138 2
16 1 0 10 15 0.000152 2
16 1 0 11 12 0.000100 1
16 1 0 12 11 0.000096 1
16 1 0 13 15 0.000147 1
16 1 0 14 16 0.000243 1
16 1 0 15 14 0.000150 1
16 1 0 16 15 0.000157 1
16 1 0 17 16 0.000144 1
16 1 0 18 16 0.000240 2
16 1 0 19 14 0.000133 1
16 1 0 20 16 0.000140 1
16 1 0 21 16 0.000173 2
16 1 0 22 14 0.000116 1
16 1 0 23 15 0.000124 1
16 1 0 24 12 0.000120 2
16 1 0 25 13 0.000112 1
16 1 0 26 11 0.000100 1
16 1 0 27 12 0.000101 1
16 1 0 28 15 0.000125 1
16 1 0 29 16 0.000133 1
16 1 0 30 14 0.000114 1
16 1 0 31 15 0.000144 1
16 1 0 32 13 0.000116 1
16 1 0 33 14 0.000136 2
16 1 0 34 15 0.000134 1
16 1 0 35 15 0.000136 1
16 1 0 36 15 0.000119 1
16 1 0 37 12 0.000120 2
16 1 0 38 15 0.000155 2
16 1 0 39 14 0.000120 1
16 1 0 40 12 0.000116 1
16 1 0 41 15 0.000162 1
16 1 0 42 15 0.000120 1
16 1 0 43 16 0.000148 1
16 1 0 44 16 0.000158 1
16 1 0 45 14 0.000115 1
16 1 0 46 15 0.000129 1
16 1 0 47 14 0.000134 2
16 1 0 48 15 0.000127 1
16 1 0 49 13 0.000111 1
16 1 0 50 13 0.000113 1
16 1 0 51 16 0.000138 1
16 1 0 52 15 0.000117 1
16 1 0 53 12 0.000091 1
16 1 0 54 15 0.000151 1
16 1 0 55 16 0.000166 2
16 1 0 56 15 0.000127 1
16 1 0 57 15 0.000144 1
16 1 0 58 15 0.000149 1
16 1 0 59 16 0.000138 1
16 1 0 60 16 0.000162 1
16 1 0 61 16 0.000148 1
16 1 0 62 16 0.000173 2
16 1 0 63 14 0.000120 1
16 1 0 64 14 0.000111 1
16 1 0 65 14 0.000140 1
16 1 0 66 16 0.000145 1
16 1 0 67 16 0.000173 2
16 1 0 68 14 0.000124 1
16 1 0 69 13 0.000099 1
16 1 0 70 14 0.000108 1
16 1 0 71 16 0.000145 1
16 1 0 72 16 0.000163 1
16 1 0 73 15 0.000130 1
16 1 0 74 16 0.000159 2
16 1 0 75 12 0.000095 1
16 1 0 76 15 0.000129 1
16 1 0 77 15 0.000153 1
16 1 0 78 15 0.000134 1
16 1 0 79 16 0.000138 1
16 1 0 80 16 0.000135 1
16 1 0 81 16 0.000157 1
16 1 0 82 16 0.000154 1
16 1 0 83 16 0.000131 1
16 1 0 84 15 0.000142 1
16 1 0 85 16 0.000141 1
16 1 0 86 15 0.000155 2
16 1 0 87 15 0.000142 1
16 1 0 88 16 0.000177 1
16 1 0 89 16 0.000177 2
16 1 0 90 16 0.000132 1
16 1 0 91 15 0.000122 1
16 1 0 92 15 0.000124 1
16 1 0 93 16 0.000146 1
16 1 0 94 16 0.000149 1
16 1 0 95 16 0.000136 1
16 1 0 96 14 0.000117 1
16 1 0 97 14 0.000149 1
16 1 0 98 16 0.000171 2
16 1 0 99 15 0.000140 1
16 2 0 0 16 0.000263 2
16 2 0 1 12 0.000140 1
16 2 0 2 14 0.000220 2
16 2 0 3 15 0.000221 1
16 2 0 4 17 0.000259 2
16 2 0 5 17 0.000227 2
16 2 0 6 15 0.000212 1
16 2 0 7 16 0.000213 1
16 2 0 8 17 0.000250 1
16 2 0 9 14 0.000188 2
16 2 0 10 16 0.000208 2
16 2 0 11 16 0.000200 1
16 2 0 12 15 0.000188 2
16 2 0 13 16 0.000269 2
16 2 0 14 17 0.000243 1
16 2 0 15 17 0.000235 2
16 2 0 16 17 0.000253 1
16 2 0 17 15 0.000181 1
16 2 0 18 16 0.000236 2
16 2 0 19 17 0.000252 2
16 2 0 20 18 0.000265 1
16 2 0 21 17 0.000286 2
16 2 0 22 14 0.000181 2
16 2 0 23 14 0.000195 1
16 2 0 24 13 0.000169 2
16 2 0 25 12 0.000150 1
16 2 0 26 13 0.000137 1
16 2 0 27 14 0.000178 1
16 2 0 28 18 0.000231 1
16 2 0 29 17 0.000239 2
16 2 0 30 13 0.000165 1
16 2 0 31 15 0.000230 2
16 2 0 32 15 0.000222 1
16 2 0 33 11 0.000126 2
16 2 0 34 16 0.000243 2
16 2 0 35 14 0.000213 2
16 2 0 36 14 0.000183 2
16 2 0 37 16 0.000225 2
16 2 0 38 15 0.000244 2
16 2 0 39 13 0.000189 1
16 2 0 40 11 0.000118 1
16 2 0 41 16 0.000243 1
16 2 0 42 15 0.000189 2
16 2 0 43 18 0.000317 2
16 2 0 44 18 0.000308 2
16 2 0 45 16 0.000200 1
16 2 0 46 15 0.000210 2
16 2 0 47 14 0.000167 2
16 2 0 48 15 0.000205 1
16 2 0 49 14 0.000179 1
16 2 0 50 16 0.000191 2
16 2 0 51 16 0.000242 1
16 2 0 52 15 0.000162 1
16 2 0 53 12 0.000118 1
16 2 0 54 17 0.000246 2
16 2 0 55 17 0.000260 2
16 2 0 56 15 0.000226 2
16 2 0 57 13 0.000177 2
16 2 0 58 16 0.000268 2
16 2 0 59 18 0.000277 1
16 2 0 60 17 0.000291 2
16 2 0 61 15 0.000239 1
16 2 0 62 15 0.000264 2
16 2 0 63 13 0.000208 2
16 2 0 64 15 0.000177 1
16 2 0 65 17 0.000291 2
16 2 0 66 16 0.000252 2
16 2 0 67 17 0.000270 2
16 2 0 68 15 0.000216 2
16 2 0 69 14 0.000132 1
16 2 0 70 14 0.000135 1
16 2 0 71 17 0.000266 1
16 2 0 72 17 0.000335 1
16 2 0 73 17 0.000230 1
16 2 0 74 14 0.000198 2
16 2 0 75 13 0.000143 2
16 2 0 76 17 0.000227 1
16 2 0 77 18 0.000281 2
16 2 0 78 16 0.000251 1
16 2 0 79 15 0.000212 2
16 2 0 80 16 0.000227 1
16 2 0 81 16 0.000254 2
16 2 0 82 18 0.000302 2
16 2 0 83 15 0.000196 1
16 2 0 84 17 0.000255 2
16 2 0 85 17 0.000249 1
16 2 0 86 18 0.000273 2
16 2 0 87 16 0.000218 2
16 2 0 88 18 0.000326 2
16 2 0 89 18 0.000312 2
16 2 0 90 15 0.000201 1
16 2 0 91 16 0.000215 1
16 2 0 92 15 0.000193 1
16 2 0 93 17 0.000276 1
16 2 0 94 17 0.000261 1
16 2 0 95 16 0.000217 2
16 2 0 96 15 0.000223 2
16 2 0 97 16 0.000278 2
16 2 0 98 16 0.000263 2
16 2 0 99 17 0.000335 1
16 4 0 0 19 0.000619 2
16 4 0 1 13 0.000206 1
16 4 0 2 16 0.000464 2
16 4 0 3 16 0.000367 1
16 4 0 4 19 0.000493 2
16 4 0 5 17 0.000323 2
16 4 0 6 18 0.000478 1
16 4 0 7 21 0.000532 1
16 4 0 8 20 0.000513 1
16 4 0 9 17 0.000359 2
16 4 0 10 18 0.000389 2
16 4 0 11 14 0.000252 1
16 4 0 12 16 0.000321 2
16 4 0 13 18 0.000521 2
16 4 0 14 19 0.000476 1
16 4 0 15 18 0.000419 2
16 4 0 16 18 0.000411 1
16 4 0 17 17 0.000408 1
16 4 0 18 17 0.000413 2
16 4 0 19 17 0.000409 2
16 4 0 20 20 0.000580 1
16 4 0 21 18 0.000496 2
16 4 0 22 16 0.000333 2
16 4 0 23 17 0.000463 1
16 4 0 24 14 0.000284 2
16 4 0 25 15 0.000364 1
16 4 0 26 10 0.000148 1
16 4 0 27 16 0.000359 1
16 4 0 28 20 0.000429 1
16 4 0 29 19 0.000456 2
16 4 0 30 16 0.000347 1
16 4 0 31 17 0.000450 2
16 4 0 32 17 0.000456 1
16 4 0 33 12 0.000193 2
16 4 0 34 19 0.000521 2
16 4 0 35 16 0.000420 2
16 4 0 36 17 0.000337 2
16 4 0 37 17 0.000380 2
16 4 0 38 19 0.000554 2
16 4 0 39 16 0.000374 1
16 4 0 40 12 0.000146 1
16 4 0 41 15 0.000378 1
16 4 0 42 17 0.000325 2
16 4 0 43 22 0.000744 2
16 4 0 44 19 0.000573 2
16 4 0 45 16 0.000329 1
16 4 0 46 16 0.000355 2
16 4 0 47 16 0.000280 2
16 4 0 48 18 0.000484 1
16 4 0 49 14 0.000290 1
16 4 0 50 15 0.000269 2
16 4 0 51 20 0.000603 1
16 4 0 52 18 0.000330 1
16 4 0 53 14 0.000233 1
16 4 0 54 17 0.000398 2
16 4 0 55 19 0.000505 2
16 4 0 56 18 0.000476 2
16 4 0 57 15 0.000355 2
16 4 0 58 20 0.000628 2
16 4 0 59 19 0.000548 1
16 4 0 60 20 0.000652 2
16 4 0 61 19 0.000540 1
16 4 0 62 20 0.000644 2
16 4 0 63 17 0.000441 2
16 4 0 64 17 0.000328 1
16 4 0 65 18 0.000468 2
16 4 0 66 18 0.000467 2
16 4 0 67 21 0.000629 2
16 4 0 68 16 0.000374 2
16 4 0 69 14 0.000160 1
16 4 0 70 17 0.000266 1
16 4 0 71 20 0.000672 1
16 4 0 72 21 0.000815 1
16 4 0 73 16 0.000321 1
16 4 0 74 17 0.000403 2
16 4 0 75 13 0.000207 2
16 4 0 76 18 0.000439 1
16 4 0 77 18 0.000543 2
16 4 0 78 17 0.000486 1
16 4 0 79 16 0.000345 2
16 4 0 80 20 0.000547 1
16 4 0 81 20 0.000586 2
16 4 0 82 21 0.000674 2
16 4 0 83 19 0.000468 1
16 4 0 84 17 0.000453 2
16 4 0 85 21 0.000652 1
16 4 0 86 20 0.000497 2
16 4 0 87 18 0.000409 2
16 4 0 88 19 0.000598 2
16 4 0 89 21 0.000725 2
16 4 0 90 19 0.000481 1
16 4 0 91 19 0.000510 1
16 4 0 92 17 0.000381 1
16 4 0 93 20 0.000668 1
16 4 0 94 20 0.000540 1
16 4 0 95 18 0.000369 2
16 4 0 96 17 0.000444 2
16 4 0 97 19 0.000633 2
16 4 0 98 19 0.000586 2
16 4 0 99 21 0.000780 1
16 8 0 0 23 0.001286 2
16 8 0 1 15 0.000324 1
16 8 0 2 19 0.000848 2
16 8 0 3 21 0.000881 1
16 8 0 4 23 0.001132 2
16 8 0 5 21 0.000642 2
16 8 0 6 20 0.000932 1
16 8 0 7 24 0.001143 1
16 8 0 8 24 0.001009 1
16 8 0 9 18 0.000574 2
16 8 0 10 21 0.000732 2
16 8 0 11 18 0.000625 1
16 8 0 12 16 0.000471 2
16 8 0 13 24 0.001227 2
16 8 0 14 23 0.000957 1
16 8 0 15 22 0.000900 2
16 8 0 16 23 0.000927 1
16 8 0 17 20 0.000830 1
16 8 0 18 22 0.000857 2
16 8 0 19 20 0.000827 2
16 8 0 20 26 0.001535 1
16 8 0 21 24 0.001361 2
16 8 0 22 18 0.000630 2
16 8 0 23 20 0.000794 1
16 8 0 24 14 0.000376 2
16 8 0 25 17 0.000631 1
16 8 0 26 13 0.000243 1
16 8 0 27 17 0.000519 1
16 8 0 28 24 0.001028 1
16 8 0 29 25 0.001047 2
16 8 0 30 18 0.000602 1
16 8 0 31 21 0.000953 2
16 8 0 32 22 0.001010 1
16 8 0 33 14 0.000341 2
16 8 0 34 20 0.000942 2
16 8 0 35 20 0.000806 2
16 8 0 36 18 0.000543 2
16 8 0 37 18 0.000678 2
16 8 0 38 21 0.000910 2
16 8 0 39 18 0.000581 1
16 8 0 40 13 0.000240 1
16 8 0 41 21 0.000972 1
16 8 0 42 20 0.000569 2
16 8 0 43 28 0.001732 2
16 8 0 44 26 0.001506 2
16 8 0 45 19 0.000649 1
16 8 0 46 18 0.000696 2
16 8 0 47 16 0.000370 2
16 8 0 48 19 0.000775 1
16 8 0 49 17 0.000510 1
16 8 0 50 18 0.000466 2
16 8 0 51 24 0.001224 1
16 8 0 52 22 0.000732 1
16 8 0 53 15 0.000348 1
16 8 0 54 19 0.000763 2
16 8 0 55 24 0.001150 2
16 8 0 56 20 0.000719 2
16 8 0 57 18 0.000596 2
16 8 0 58 25 0.001322 2
16 8 0 59 24 0.001241 1
16 8 0 60 25 0.001421 2
16 8 0 61 23 0.001048 1
16 8 0 62 22 0.001176 2
16 8 0 63 19 0.000690 2
16 8 0 64 20 0.000677 1
16 8 0 65 20 0.000839 2
16 8 0 66 21 0.000895 2
16 8 0 67 25 0.001404 2
16 8 0 68 19 0.000687 2
16 8 0 69 17 0.000350 1
16 8 0 70 18 0.000428 1
16 8 0 71 26 0.001614 1
16 8 0 72 27 0.001841 1
16 8 0 73 19 0.000648 1
16 8 0 74 20 0.000739 2
16 8 0 75 16 0.000330 2
16 8 0 76 24 0.001103 1
16 8 0 77 23 0.001254 2
16 8 0 78 22 0.001011 1
16 8 0 79 21 0.000792 2
16 8 0 80 23 0.001090 1
16 8 0 81 25 0.001266 2
16 8 0 82 26 0.001560 2
16 8 0 83 22 0.000882 1
16 8 0 84 21 0.000957 2
16 8 0 85 26 0.001517 1
16 8 0 86 23 0.000996 2
16 8 0 87 19 0.000611 2
16 8 0 88 26 0.001646 2
16 8 0 89 27 0.001731 2
16 8 0 90 22 0.000997 1
16 8 0 91 23 0.001037 1
16 8 0 92 20 0.000683 1
16 8 0 93 26 0.001636 1
16 8 0 94 24 0.001184 1
16 8 0 95 23 0.000839 2
16 8 0 96 19 0.000792 2
16 8 0 97 21 0.001012 2
16 8 0 98 23 0.001256 2
16 8 0 99 27 0.001853 1
32 1 0 0 31 0.000274 1
32 1 0 1 30 0.000267 1
32 1 0 2 31 0.000284 1
32 1 0 3 31 0.000265 1
32 1 0 4 31 0.000310 1
32 1 0 5 31 0.000301 1
32 1 0 6 31 0.000287 1
32 1 0 7 25 0.000195 1
32 1 0 8 29 0.000276 1
32 1 0 9 31 0.000257 1
32 1 0 10 27 0.000249 1
32 1 0 11 30 0.000336 1
32 1 0 12 27 0.000241 1
32 1 0 13 29 0.000255 1
32 1 0 14 28 0.000258 1
32 1 0 15 30 0.000317 1
32 1 0 16 31 0.000342 1
32 1 0 17 28 0.000247 1
32 1 0 18 30 0.000249 1
32 1 0 19 32 0.000340 1
32 1 0 20 26 0.000220 1
32 1 0 21 31 0.000264 1
32 1 0 22 32 0.000294 1
32 1 0 23 29 0.000256 1
32 1 0 24 29 0.000242 1
32 1 0 25 31 0.000251 1
32 1 0 26 31 0.000263 1
32 1 0 27 27 0.000220 1
32 1 0 28 32 0.000281 1
32 1 0 29 31 0.000285 1
32 1 0 30 30 0.000292 1
32 1 0 31 32 0.000287 1
32 1 0 32 28 0.000232 1
32 1 0 33 29 0.000227 1
32 1 0 34 31 0.000273 1
32 1 0 35 29 0.000290 1
32 1 0 36 32 0.000280 1
32 1 0 37 29 0.000246 1
32 1 0 38 31 0.000270 1
32 1 0 39 23 0.000208 1
32 1 0 40 31 0.000288 1
32 1 0 41 31 0.000264 1
32 1 0 42 31 0.000258 1
32 1 0 43 32 0.000273 1
32 1 0 44 28 0.000239 1
32 1 0 45 31 0.000299 1
32 1 0 46 29 0.000251 1
32 1 0 47 29 0.000298 1
32 1 0 48 26 0.000195 1
32 1 0 49 31 0.000270 1
32 1 0 50 30 0.000271 1
32 1 0 51 29 0.000236 1
32 1 0 52 31 0.000315 2
32 1 0 53 27 0.000228 1
32 1 0 54 29 0.000238 1
32 1 0 55 28 0.000249 1
32 1 0 56 30 0.000306 1
32 1 0 57 30 0.000270 1
32 1 0 58 32 0.000287 1
32 1 0 59 28 0.000222 1
32 1 0 60 31 0.000323 1
32 1 0 61 29 0.000241 1
32 1 0 62 32 0.000287 1
32 1 0 63 29 0.000234 1
32 1 0 64 32 0.000291 1
32 1 0 65 30 0.000285 1
32 1 0 66 28 0.000228 1
32 1 0 67 31 0.000288 1
32 1 0 68 27 0.000206 1
32 1 0 69 29 0.000270 1
32 1 0 70 27 0.000220 1
32 1 0 71 31 0.000275 1
32 1 0 72 31 0.000255 1
32 1 0 73 30 0.000289 1
32 1 0 74 30 0.000310 1
32 1 0 75 31 0.000254 1
32 1 0 76 31 0.000271 1
32 1 0 77 32 0.000289 1
32 1 0 78 30 0.000238 1
32 1 0 79 31 0.000274 1
32 1 0 80 29 0.000286 1
32 1 0 81 32 0.000295 1
32 1 0 82 31 0.000301 1
32 1 0 83 29 0.000251 1
32 1 0 84 31 0.000333 1
32 1 0 85 29 0.000270 1
32 1 0 86 32 0.000284 1
32 1 0 87 28 0.000254 1
32 1 0 88 30 0.000265 1
32 1 0 89 31 0.000280 1
32 1 0 90 31 0.000262 1
32 1 0 91 32 0.000287 1
32 1 0 92 27 0.000226 1
32 1 0 93 28 0.000266 1
32 1 0 94 31 0.000272 1
32 1 0 95 26 0.000197 1
32 1 0 96 30 0.000292 1
32 1 0 97 29 0.000252 1
32 1 0 98 31 0.000347 1
32 1 0 99 31 0.000267 1
32 2 0 0 32 0.000509 2
32 2 0 1 30 0.000406 1
32 2 0 2 30 0.000477 2
32 2 0 3 31 0.000479 2
32 2 0 4 30 0.000465 2
32 2 0 5 33 0.000480 2
32 2 0 6 32 0.000475 1
32 2 0 7 26 0.000311 2
32 2 0 8 30 0.000497 2
32 2 0 9 33 0.000431 1
32 2 0 10 28 0.000452 2
32 2 0 11 30 0.000554 2
32 2 0 12 32 0.000470 2
32 2 0 13 31 0.000487 1
32 2 0 14 28 0.000447 1
32 2 0 15 32 0.000540 2
32 2 0 16 32 0.000579 1
32 2 0 17 30 0.000469 1
32 2 0 18 31 0.000477 1
32 2 0 19 33 0.000638 2
32 2 0 20 29 0.000405 1
32 2 0 21 33 0.000455 1
32 2 0 22 32 0.000581 2
32 2 0 23 32 0.000512 1
32 2 0 24 33 0.000493 1
32 2 0 25 29 0.000425 2
32 2 0 26 33 0.000466 1
32 2 0 27 27 0.000373 2
32 2 0 28 33 0.000523 1
32 2 0 29 33 0.000620 2
32 2 0 30 30 0.000485 1
32 2 0 31 33 0.000527 1
32 2 0 32 26 0.000380 2
32 2 0 33 28 0.000324 1
32 2 0 34 28 0.000449 1
32 2 0 35 31 0.000462 2
32 2 0 36 33 0.000529 2
32 2 0 37 27 0.000402 1
32 2 0 38 30 0.000410 1
32 2 0 39 24 0.000296 1
32 2 0 40 30 0.000449 2
32 2 0 41 28 0.000414 2
32 2 0 42 31 0.000417 1
32 2 0 43 30 0.000415 1
32 2 0 44 29 0.000400 1
32 2 0 45 33 0.000636 2
32 2 0 46 30 0.000440 1
32 2 0 47 32 0.000496 1
32 2 0 48 27 0.000271 1
32 2 0 49 29 0.000497 2
32 2 0 50 33 0.000495 1
32 2 0 51 28 0.000411 1
32 2 0 52 29 0.000404 2
32 2 0 53 29 0.000454 1
32 2 0 54 25 0.000360 1
32 2 0 55 30 0.000396 2
32 2 0 56 28 0.000466 2
32 2 0 57 31 0.000502 1
32 2 0 58 33 0.000578 1
32 2 0 59 28 0.000337 1
32 2 0 60 31 0.000587 2
32 2 0 61 28 0.000395 1
32 2 0 62 32 0.000496 2
32 2 0 63 29 0.000354 1
32 2 0 64 29 0.000465 2
32 2 0 65 32 0.000542 2
32 2 0 66 31 0.000476 2
32 2 0 67 33 0.000518 2
32 2 0 68 26 0.000288 1
32 2 0 69 29 0.000429 1
32 2 0 70 25 0.000299 1
32 2 0 71 30 0.000482 1
32 2 0 72 33 0.000486 1
32 2 0 73 33 0.000564 2
32 2 0 74 29 0.000477 2
32 2 0 75 28 0.000354 1
32 2 0 76 32 0.000529 2
32 2 0 77 32 0.000538 1
32 2 0 78 29 0.000360 1
32 2 0 79 32 0.000476 2
32 2 0 80 28 0.000395 2
32 2 0 81 32 0.000552 2
32 2 0 82 32 0.000529 1
32 2 0 83 31 0.000408 1
32 2 0 84 31 0.000572 2
32 2 0 85 27 0.000423 1
32 2 0 86 31 0.000453 1
32 2 0 87 29 0.000403 2
32 2 0 88 30 0.000398 1
32 2 0 89 30 0.000460 1
32 2 0 90 31 0.000498 2
32 2 0 91 32 0.000549 1
32 2 0 92 29 0.000376 1
32 2 0 93 29 0.000429 2
32 2 0 94 26 0.000412 1
32 2 0 95 26 0.000278 1
32 2 0 96 32 0.000483 1
32 2 0 97 28 0.000439 1
32 2 0 98 32 0.000616 1
32 2 0 99 33 0.000484 1
32 4 0 0 35 0.001063 2
32 4 0 1 32 0.000887 2
32 4 0 2 32 0.001011 2
32 4 0 3 32 0.000957 2
32 4 0 4 33 0.000964 2
32 4 0 5 32 0.000835 2
32 4 0 6 35 0.001062 1
32 4 0 7 21 0.000377 2
32 4 0 8 26 0.000780 2
32 4 0 9 33 0.000864 1
32 4 0 10 30 0.000942 2
32 4 0 11 32 0.001324 2
32 4 0 12 31 0.000848 2
32 4 0 13 36 0.001200 1
32 4 0 14 31 0.000940 1
32 4 0 15 34 0.001140 2
32 4 0 16 35 0.001424 1
32 4 0 17 30 0.001030 1
32 4 0 18 33 0.000974 1
32 4 0 19 36 0.001570 2
32 4 0 20 30 0.000895 1
32 4 0 21 36 0.001025 1
32 4 0 22 34 0.001374 2
32 4 0 23 33 0.000996 1
32 4 0 24 30 0.000784 1
32 4 0 25 31 0.000812 2
32 4 0 26 36 0.001072 1
32 4 0 27 30 0.000694 2
32 4 0 28 35 0.001283 1
32 4 0 29 35 0.001488 2
32 4 0 30 32 0.000998 1
32 4 0 31 34 0.001045 1
32 4 0 32 29 0.000710 2
32 4 0 33 32 0.000682 1
32 4 0 34 32 0.001178 1
32 4 0 35 33 0.000906 2
32 4 0 36 35 0.001089 2
32 4 0 37 29 0.000767 2
32 4 0 38 34 0.000991 1
32 4 0 39 29 0.000629 2
32 4 0 40 33 0.000925 2
32 4 0 41 32 0.000905 2
32 4 0 42 35 0.000951 1
32 4 0 43 33 0.000916 1
32 4 0 44 31 0.000875 1
32 4 0 45 33 0.001415 2
32 4 0 46 34 0.001106 1
32 4 0 47 30 0.000919 2
32 4 0 48 29 0.000517 2
32 4 0 49 34 0.001220 2
32 4 0 50 33 0.001112 2
32 4 0 51 29 0.000830 1
32 4 0 52 32 0.000837 2
32 4 0 53 33 0.000942 1
32 4 0 54 28 0.000722 1
32 4 0 55 31 0.000619 2
32 4 0 56 33 0.001093 2
32 4 0 57 33 0.001142 1
32 4 0 58 37 0.001314 1
32 4 0 59 30 0.000679 1
32 4 0 60 35 0.001453 2
32 4 0 61 34 0.001001 1
32 4 0 62 35 0.001062 2
32 4 0 63 29 0.000696 1
32 4 0 64 33 0.001040 2
32 4 0 65 34 0.001132 2
32 4 0 66 31 0.000964 2
32 4 0 67 32 0.001006 2
32 4 0 68 25 0.000532 1
32 4 0 69 33 0.000895 1
32 4 0 70 27 0.000684 2
32 4 0 71 33 0.000981 1
32 4 0 72 32 0.000885 1
32 4 0 73 34 0.001263 2
32 4 0 74 32 0.001034 2
32 4 0 75 33 0.000897 2
32 4 0 76 32 0.001114 2
32 4 0 77 35 0.001123 1
32 4 0 78 32 0.000776 1
32 4 0 79 34 0.000969 2
32 4 0 80 29 0.000766 2
32 4 0 81 36 0.001257 2
32 4 0 82 35 0.001255 1
32 4 0 83 30 0.000690 2
32 4 0 84 34 0.001387 2
32 4 0 85 32 0.000980 1
32 4 0 86 29 0.000792 1
32 4 0 87 31 0.000739 2
32 4 0 88 34 0.000891 2
32 4 0 89 33 0.000886 1
32 4 0 90 34 0.001096 2
32 4 0 91 36 0.001320 1
32 4 0 92 33 0.000751 1
32 4 0 93 30 0.000774 2
32 4 0 94 30 0.000945 1
32 4 0 95 24 0.000422 1
32 4 0 96 33 0.001012 1
32 4 0 97 32 0.001049 1
32 4 0 98 35 0.001501 1
32 4 0 99 35 0.001076 1
32 8 0 0 37 0.002568 2
32 8 0 1 34 0.002234 2
32 8 0 2 39 0.002946 2
32 8 0 3 39 0.002721 2
32 8 0 4 35 0.002380 2
32 8 0 5 36 0.002095 2
32 8 0 6 38 0.002932 1
32 8 0 7 27 0.000951 2
32 8 0 8 33 0.002219 2
32 8 0 9 37 0.002364 1
32 8 0 10 34 0.002578 2
32 8 0 11 38 0.004039 2
32 8 0 12 33 0.002099 2
32 8 0 13 40 0.003176 1
32 8 0 14 32 0.002218 1
32 8 0 15 39 0.003154 2
32 8 0 16 40 0.003718 1
32 8 0 17 36 0.003063 1
32 8 0 18 39 0.002499 1
32 8 0 19 42 0.004824 2
32 8 0 20 38 0.002757 1
32 8 0 21 39 0.002855 1
32 8 0 22 38 0.004011 2
32 8 0 23 38 0.002757 1
32 8 0 24 36 0.001998 1
32 8 0 25 34 0.001963 2
32 8 0 26 39 0.002821 1
32 8 0 27 31 0.001418 2
32 8 0 28 40 0.003430 1
32 8 0 29 42 0.004537 2
32 8 0 30 36 0.002270 1
32 8 0 31 41 0.002728 1
32 8 0 32 30 0.001460 2
32 8 0 33 34 0.001610 1
32 8 0 34 38 0.003514 1
32 8 0 35 35 0.002118 2
32 8 0 36 42 0.003079 2
32 8 0 37 37 0.002154 2
32 8 0 38 41 0.002888 1
32 8 0 39 27 0.001179 2
32 8 0 40 37 0.002082 2
32 8 0 41 36 0.002409 2
32 8 0 42 37 0.002469 1
32 8 0 43 37 0.002526 1
32 8 0 44 32 0.002173 1
32 8 0 45 39 0.004002 2
32 8 0 46 36 0.003157 1
32 8 0 47 35 0.002462 2
32 8 0 48 28 0.000958 2
32 8 0 49 37 0.003276 2
32 8 0 50 40 0.003050 2
32 8 0 51 31 0.001881 1
32 8 0 52 33 0.001907 2
32 8 0 53 35 0.002244 1
32 8 0 54 33 0.001919 1
32 8 0 55 32 0.001121 2
32 8 0 56 37 0.003072 2
32 8 0 57 39 0.003559 1
32 8 0 58 41 0.003570 1
32 8 0 59 32 0.001691 1
32 8 0 60 40 0.004072 2
32 8 0 61 37 0.002589 1
32 8 0 62 39 0.002722 2
32 8 0 63 32 0.001739 1
32 8 0 64 36 0.002664 2
32 8 0 65 39 0.002779 2
32 8 0 66 34 0.002370 2
32 8 0 67 35 0.002437 2
32 8 0 68 29 0.001321 1
32 8 0 69 32 0.001900 1
32 8 0 70 28 0.001563 2
32 8 0 71 37 0.002545 1
32 8 0 72 35 0.002077 1
32 8 0 73 40 0.003463 2
32 8 0 74 34 0.002277 2
32 8 0 75 33 0.001969 2
32 8 0 76 37 0.003170 2
32 8 0 77 40 0.002899 1
32 8 0 78 37 0.002046 1
32 8 0 79 39 0.002577 2
32 8 0 80 33 0.001974 2
32 8 0 81 38 0.002990 2
32 8 0 82 38 0.002833 1
32 8 0 83 34 0.001715 2
32 8 0 84 39 0.004139 2
32 8 0 85 34 0.002491 1
32 8 0 86 34 0.002081 1
32 8 0 87 35 0.001812 2
32 8 0 88 33 0.001853 2
32 8 0 89 35 0.002151 1
32 8 0 90 38 0.002835 2
32 8 0 91 41 0.003441 1
32 8 0 92 30 0.001487 1
32 8 0 93 34 0.001777 2
32 8 0 94 36 0.002661 1
32 8 0 95 29 0.001083 1
32 8 0 96 38 0.002860 1
32 8 0 97 35 0.002480 1
32 8 0 98 40 0.004130 1
32 8 0 99 38 0.002842 1
