0 0
0.996109 1
1.99222 0
2.98833 1
3.98444 0
4.98054 1
5.97665 0
6.97276 1
7.96887 0
8.96498 1
9.96109 0
10.9572 1
11.9533 0
12.9494 1
13.9455 0
14.9416 1
15.9377 0
16.9339 1
17.93 0
18.9261 1
19.9222 0
20.9183 1
21.9144 0
22.9105 1
23.9066 0
24.9027 1
25.8988 0
26.8949 1
27.8911 0
28.8872 1
29.8833 0
30.8794 1
31.8755 0
32.8716 1
33.8677 0
34.8638 1
35.8599 0
36.856 1
37.8521 0
38.8482 1
39.8444 0
40.8405 1
41.8366 0
42.8327 1
43.8288 0
44.8249 1
45.821 0
46.8171 1
47.8132 0
48.8093 1
49.8054 0
50.8016 1
51.7977 0
52.7938 1
53.7899 0
54.786 1
55.7821 0
56.7782 1
57.7743 0
58.7704 1
59.7665 0
60.7626 1
61.7588 0
62.7549 1
63.751 0
64.7471 1
65.7432 0
66.7393 1
67.7354 0
68.7315 1
69.7276 0
70.7237 1
71.7198 0
72.716 1
73.7121 0
74.7082 1
75.7043 0
76.7004 1
77.6965 0
78.6926 1
79.6887 0
80.6848 1
81.6809 0
82.677 1
83.6732 0
84.6693 1
85.6654 0
86.6615 1
87.6576 0
88.6537 1
89.6498 0
90.6459 1
91.642 0
92.6381 1
93.6342 0
94.6304 1
95.6265 0
96.6226 1
97.6187 0
98.6148 1
99.6109 0
100.607 1
101.603 0
102.599 1
103.595 0
104.591 1
105.588 0
106.584 1
107.58 0
108.576 1
109.572 0
110.568 1
111.564 0
112.56 1
113.556 0
114.553 1
115.549 0
116.545 1
117.541 0
118.537 1
119.533 0
120.529 1
121.525 0
122.521 1
123.518 0
124.514 1
125.51 0
126.506 1
127.502 0
128.498 1
129.494 0
130.49 1
131.486 0
132.482 1
133.479 0
134.475 1
135.471 0
136.467 1
137.463 0
138.459 1
139.455 0
140.451 1
141.447 0
142.444 1
143.44 0
144.436 1
145.432 0
146.428 1
147.424 0
148.42 1
149.416 0
150.412 1
151.409 0
152.405 1
153.401 0
154.397 1
155.393 0
156.389 1
157.385 0
158.381 1
159.377 0
160.374 1
161.37 0
162.366 1
163.362 0
164.358 1
165.354 0
166.35 1
167.346 0
168.342 1
169.339 0
170.335 1
171.331 0
172.327 1
173.323 0
174.319 1
175.315 0
176.311 1
177.307 0
178.304 1
179.3 0
180.296 1
181.292 0
182.288 1
183.284 0
184.28 1
185.276 0
186.272 1
187.268 0
188.265 1
189.261 0
190.257 1
191.253 0
192.249 1
193.245 0
194.241 1
195.237 0
196.233 1
197.23 0
198.226 1
199.222 0
200.218 1
201.214 0
202.21 1
203.206 0
204.202 1
205.198 0
206.195 1
207.191 0
208.187 1
209.183 0
210.179 1
211.175 0
212.171 1
213.167 0
214.163 1
215.16 0
216.156 1
217.152 0
218.148 1
219.144 0
220.14 1
221.136 0
222.132 1
223.128 0
224.125 1
225.121 0
226.117 1
227.113 0
228.109 1
229.105 0
230.101 1
231.097 0
232.093 1
233.089 0
234.086 1
235.082 0
236.078 1
237.074 0
238.07 1
239.066 0
240.062 1
241.058 0
242.054 1
243.051 0
244.047 1
245.043 0
246.039 1
247.035 0
248.031 1
249.027 0
250.023 1
251.019 0
252.016 1
253.012 0
254.008 1
255.004 0
256 1
