4 1 0 0 3 0.000428 0
4 1 0 1 4 0.000835 0
4 1 0 2 4 0.000831 0
4 1 0 3 4 0.000575 0
4 1 0 4 4 0.000514 0
4 1 0 5 4 0.000531 0
4 1 0 6 2 0.000280 0
4 1 0 7 2 0.000303 0
4 1 0 8 4 0.000526 0
4 1 0 9 2 0.000305 0
4 1 0 10 4 0.000544 0
4 1 0 11 3 0.000434 0
4 1 0 12 4 0.000597 0
4 1 0 13 2 0.000319 0
4 1 0 14 4 0.000526 0
4 1 0 15 4 0.000523 0
4 1 0 16 2 0.000371 0
4 1 0 17 3 0.000405 0
4 1 0 18 2 0.000376 0
4 1 0 19 2 0.000284 0
4 1 0 20 2 0.000282 0
4 1 0 21 2 0.000300 0
4 1 0 22 4 0.000549 0
4 1 0 23 4 0.000533 0
4 1 0 24 4 0.000518 0
4 1 0 25 4 0.000551 0
4 1 0 26 4 0.000743 0
4 1 0 27 4 0.000559 0
4 1 0 28 4 0.000554 0
4 1 0 29 4 0.000555 0
4 1 0 30 4 0.000594 0
4 1 0 31 4 0.000549 0
4 1 0 32 2 0.000367 0
4 1 0 33 4 0.000544 0
4 1 0 34 4 0.000547 0
4 1 0 35 2 0.000348 0
4 1 0 36 4 0.000567 0
4 1 0 37 4 0.000529 0
4 1 0 38 2 0.000312 0
4 1 0 39 3 0.000485 0
4 1 0 40 4 0.000574 0
4 1 0 41 2 0.000306 0
4 1 0 42 2 0.000365 0
4 1 0 43 4 0.000542 0
4 1 0 44 2 0.000315 0
4 1 0 45 4 0.000559 0
4 1 0 46 4 0.000546 0
4 1 0 47 4 0.000540 0
4 1 0 48 4 0.000540 0
4 1 0 49 4 0.000654 0
4 1 0 50 4 0.000543 0
4 1 0 51 4 0.000629 0
4 1 0 52 3 0.000414 0
4 1 0 53 4 0.000619 0
4 1 0 54 3 0.000394 0
4 1 0 55 3 0.000421 0
4 1 0 56 4 0.000586 0
4 1 0 57 4 0.000542 0
4 1 0 58 4 0.000580 0
4 1 0 59 4 0.000635 0
4 1 0 60 4 0.000549 0
4 1 0 61 4 0.000559 0
4 1 0 62 2 0.000291 0
4 1 0 63 4 0.000547 0
4 1 0 64 4 0.000554 0
4 1 0 65 4 0.000544 0
4 1 0 66 4 0.000659 0
4 1 0 67 3 0.000458 0
4 1 0 68 4 0.000567 0
4 1 0 69 4 0.000607 0
4 1 0 70 4 0.000584 0
4 1 0 71 4 0.000648 0
4 1 0 72 3 0.000516 0
4 1 0 73 4 0.000645 0
4 1 0 74 4 0.000722 0
4 1 0 75 4 0.000581 0
4 1 0 76 4 0.000669 0
4 1 0 77 4 0.000669 0
4 1 0 78 4 0.000592 0
4 1 0 79 4 0.000599 0
4 1 0 80 4 0.000708 0
4 1 0 81 4 0.000651 0
4 1 0 82 3 0.000655 0
4 1 0 83 4 0.000610 0
4 1 0 84 2 0.000340 0
4 1 0 85 4 0.000591 0
4 1 0 86 4 0.000761 0
4 1 0 87 4 0.000851 0
4 1 0 88 4 0.000898 0
4 1 0 89 4 0.000954 0
4 1 0 90 4 0.000974 0
4 1 0 91 4 0.000810 0
4 1 0 92 4 0.000692 0
4 1 0 93 4 0.000671 0
4 1 0 94 2 0.000353 0
4 1 0 95 4 0.000662 0
4 1 0 96 4 0.000657 0
4 1 0 97 2 0.000439 0
4 1 0 98 4 0.000721 0
4 1 0 99 4 0.000626 0
4 1 1 0 3 0.000472 0
4 1 1 1 4 0.000947 0
4 1 1 2 4 0.000737 0
4 1 1 3 4 0.000619 0
4 1 1 4 4 0.000612 0
4 1 1 5 4 0.000643 0
4 1 1 6 2 0.000363 0
4 1 1 7 2 0.000400 0
4 1 1 8 4 0.000630 0
4 1 1 9 2 0.000341 0
4 1 1 10 4 0.000682 0
4 1 1 11 3 0.000475 0
4 1 1 12 4 0.000700 0
4 1 1 13 2 0.000344 0
4 1 1 14 4 0.000637 0
4 1 1 15 4 0.000643 0
4 1 1 16 2 0.000377 0
4 1 1 17 3 0.000474 0
4 1 1 18 2 0.000364 0
4 1 1 19 2 0.000376 0
4 1 1 20 2 0.000433 0
4 1 1 21 2 0.000370 0
4 1 1 22 4 0.000678 0
4 1 1 23 4 0.000686 0
4 1 1 24 4 0.000643 0
4 1 1 25 4 0.000676 0
4 1 1 26 4 0.000808 0
4 1 1 27 4 0.000685 0
4 1 1 28 4 0.000663 0
4 1 1 29 4 0.000670 0
4 1 1 30 4 0.000762 0
4 1 1 31 4 0.000664 0
4 1 1 32 2 0.000386 0
4 1 1 33 4 0.000674 0
4 1 1 34 4 0.000777 0
4 1 1 35 2 0.000529 0
4 1 1 36 4 0.000773 0
4 1 1 37 4 0.000652 0
4 1 1 38 2 0.000415 0
4 1 1 39 3 0.000604 0
4 1 1 40 4 0.000713 0
4 1 1 41 2 0.000416 0
4 1 1 42 2 0.000396 0
4 1 1 43 4 0.000672 0
4 1 1 44 2 0.000465 0
4 1 1 45 4 0.000874 0
4 1 1 46 4 0.000687 0
4 1 1 47 4 0.000682 0
4 1 1 48 4 0.000754 0
4 1 1 49 4 0.000796 0
4 1 1 50 4 0.001010 0
4 1 1 51 4 0.000837 0
4 1 1 52 3 0.000523 0
4 1 1 53 4 0.000726 0
4 1 1 54 3 0.000525 0
4 1 1 55 3 0.000670 0
4 1 1 56 4 0.000748 0
4 1 1 57 4 0.000792 0
4 1 1 58 4 0.000882 0
4 1 1 59 4 0.000938 0
4 1 1 60 4 0.000899 0
4 1 1 61 4 0.000850 0
4 1 1 62 2 0.000474 0
4 1 1 63 4 0.000747 0
4 1 1 64 4 0.000719 0
4 1 1 65 4 0.000890 0
4 1 1 66 4 0.001010 0
4 1 1 67 3 0.000784 0
4 1 1 68 4 0.000710 0
4 1 1 69 4 0.000791 0
4 1 1 70 4 0.000743 0
4 1 1 71 4 0.000738 0
4 1 1 72 3 0.000542 0
4 1 1 73 4 0.000776 0
4 1 1 74 4 0.000721 0
4 1 1 75 4 0.000727 0
4 1 1 76 4 0.001152 0
4 1 1 77 4 0.000804 0
4 1 1 78 4 0.000940 0
4 1 1 79 4 0.001173 0
4 1 1 80 4 0.000853 0
4 1 1 81 4 0.000857 0
4 1 1 82 3 0.000562 0
4 1 1 83 4 0.000918 0
4 1 1 84 2 0.000409 0
4 1 1 85 4 0.000732 0
4 1 1 86 4 0.000790 0
4 1 1 87 4 0.000686 0
4 1 1 88 4 0.000777 0
4 1 1 89 4 0.000645 0
4 1 1 90 4 0.000697 0
4 1 1 91 4 0.000709 0
4 1 1 92 4 0.000667 0
4 1 1 93 4 0.000812 0
4 1 1 94 2 0.000392 0
4 1 1 95 4 0.000822 0
4 1 1 96 4 0.000814 0
4 1 1 97 2 0.000544 0
4 1 1 98 4 0.000920 0
4 1 1 99 4 0.000737 0
4 2 0 0 1 0.000250 0
4 2 0 1 4 0.000749 0
4 2 0 2 3 0.000656 0
4 2 0 3 3 0.000918 0
4 2 0 4 3 0.000555 0
4 2 0 5 5 0.000920 0
4 2 0 6 3 0.000550 0
4 2 0 7 4 0.000707 0
4 2 0 8 5 0.000876 0
4 2 0 9 4 0.000679 0
4 2 0 10 5 0.000898 0
4 2 0 11 1 0.000270 0
4 2 0 12 5 0.001230 0
4 2 0 13 4 0.000704 0
4 2 0 14 3 0.000578 0
4 2 0 15 4 0.000880 0
4 2 0 16 4 0.000948 0
4 2 0 17 1 0.000274 0
4 2 0 18 4 0.000663 0
4 2 0 19 4 0.000740 0
4 2 0 20 4 0.000646 0
4 2 0 21 3 0.000611 0
4 2 0 22 5 0.001126 0
4 2 0 23 4 0.000683 0
4 2 0 24 4 0.000700 0
4 2 0 25 5 0.000953 0
4 2 0 26 5 0.000890 0
4 2 0 27 3 0.000564 0
4 2 0 28 5 0.000899 0
4 2 0 29 5 0.000882 0
4 2 0 30 5 0.001123 0
4 2 0 31 4 0.000976 0
4 2 0 32 4 0.000734 0
4 2 0 33 5 0.000981 0
4 2 0 34 5 0.001135 0
4 2 0 35 2 0.000534 0
4 2 0 36 5 0.001554 0
4 2 0 37 4 0.000699 0
4 2 0 38 4 0.000703 0
4 2 0 39 1 0.000224 0
4 2 0 40 5 0.000938 0
4 2 0 41 3 0.000512 0
4 2 0 42 4 0.000690 0
4 2 0 43 3 0.000526 0
4 2 0 44 4 0.000694 0
4 2 0 45 5 0.000900 0
4 2 0 46 3 0.000662 0
4 2 0 47 3 0.000547 0
4 2 0 48 3 0.000582 0
4 2 0 49 5 0.001209 0
4 2 0 50 3 0.000544 0
4 2 0 51 2 0.000608 0
4 2 0 52 1 0.000293 0
4 2 0 53 5 0.001054 0
4 2 0 54 1 0.000236 0
4 2 0 55 1 0.000231 0
4 2 0 56 5 0.000944 0
4 2 0 57 3 0.000610 0
4 2 0 58 5 0.000946 0
4 2 0 59 5 0.000890 0
4 2 0 60 3 0.000529 0
4 2 0 61 5 0.000960 0
4 2 0 62 3 0.000518 0
4 2 0 63 3 0.000540 0
4 2 0 64 3 0.000532 0
4 2 0 65 3 0.000535 0
4 2 0 66 5 0.001006 0
4 2 0 67 1 0.000265 0
4 2 0 68 3 0.000532 0
4 2 0 69 5 0.000952 0
4 2 0 70 5 0.000881 0
4 2 0 71 5 0.000966 0
4 2 0 72 1 0.000291 0
4 2 0 73 3 0.000604 0
4 2 0 74 3 0.000756 0
4 2 0 75 3 0.000687 0
4 2 0 76 3 0.000665 0
4 2 0 77 5 0.000954 0
4 2 0 78 3 0.000524 0
4 2 0 79 5 0.000882 0
4 2 0 80 4 0.000753 0
4 2 0 81 4 0.001065 0
4 2 0 82 1 0.000271 0
4 2 0 83 4 0.000689 0
4 2 0 84 3 0.000508 0
4 2 0 85 4 0.000689 0
4 2 0 86 5 0.001108 0
4 2 0 87 5 0.000879 0
4 2 0 88 3 0.000526 0
4 2 0 89 3 0.000513 0
4 2 0 90 5 0.000910 0
4 2 0 91 5 0.001053 0
4 2 0 92 3 0.000623 0
4 2 0 93 5 0.001265 0
4 2 0 94 3 0.000578 0
4 2 0 95 5 0.000988 0
4 2 0 96 5 0.000862 0
4 2 0 97 4 0.000650 0
4 2 0 98 3 0.000506 0
4 2 0 99 5 0.000820 0
4 2 1 0 1 0.000219 0
4 2 1 1 4 0.000702 0
4 2 1 2 3 0.000582 0
4 2 1 3 3 0.000516 0
4 2 1 4 3 0.000508 0
4 2 1 5 4 0.000762 0
4 2 1 6 3 0.000503 0
4 2 1 7 4 0.000673 0
4 2 1 8 5 0.000801 0
4 2 1 9 4 0.000664 0
4 2 1 10 5 0.000997 0
4 2 1 11 1 0.000239 0
4 2 1 12 5 0.001171 0
4 2 1 13 4 0.000811 0
4 2 1 14 3 0.000572 0
4 2 1 15 4 0.000670 0
4 2 1 16 4 0.000751 0
4 2 1 17 1 0.000244 0
4 2 1 18 4 0.000617 0
4 2 1 19 4 0.000671 0
4 2 1 20 4 0.000646 0
4 2 1 21 3 0.000510 0
4 2 1 22 4 0.000690 0
4 2 1 23 4 0.000711 0
4 2 1 24 4 0.000655 0
4 2 1 25 5 0.000977 0
4 2 1 26 5 0.000865 0
4 2 1 27 3 0.000539 0
4 2 1 28 5 0.000963 0
4 2 1 29 4 0.000859 0
4 2 1 30 4 0.000772 0
4 2 1 31 4 0.000728 0
4 2 1 32 4 0.000786 0
4 2 1 33 4 0.000826 0
4 2 1 34 5 0.001060 0
4 2 1 35 2 0.000493 0
4 2 1 36 5 0.000975 0
4 2 1 37 4 0.000728 0
4 2 1 38 4 0.000707 0
4 2 1 39 1 0.000217 0
4 2 1 40 5 0.000917 0
4 2 1 41 3 0.000515 0
4 2 1 42 4 0.000666 0
4 2 1 43 3 0.000543 0
4 2 1 44 4 0.000709 0
4 2 1 45 4 0.000709 0
4 2 1 46 3 0.000528 0
4 2 1 47 3 0.000508 0
4 2 1 48 3 0.000588 0
4 2 1 49 5 0.001187 0
4 2 1 50 3 0.000520 0
4 2 1 51 2 0.000419 0
4 2 1 52 1 0.000224 0
4 2 1 53 4 0.000768 0
4 2 1 54 1 0.000223 0
4 2 1 55 1 0.000259 0
4 2 1 56 4 0.000692 0
4 2 1 57 3 0.000516 0
4 2 1 58 5 0.000960 0
4 2 1 59 5 0.001039 0
4 2 1 60 3 0.000588 0
4 2 1 61 4 0.000664 0
4 2 1 62 3 0.000509 0
4 2 1 63 3 0.000525 0
4 2 1 64 3 0.000528 0
4 2 1 65 3 0.000583 0
4 2 1 66 5 0.000964 0
4 2 1 67 1 0.000267 0
4 2 1 68 3 0.000517 0
4 2 1 69 5 0.000964 0
4 2 1 70 4 0.000708 0
4 2 1 71 4 0.000848 0
4 2 1 72 1 0.000268 0
4 2 1 73 3 0.000588 0
4 2 1 74 3 0.000545 0
4 2 1 75 3 0.000545 0
4 2 1 76 3 0.000653 0
4 2 1 77 4 0.000729 0
4 2 1 78 3 0.000545 0
4 2 1 79 4 0.000706 0
4 2 1 80 4 0.000934 0
4 2 1 81 4 0.000922 0
4 2 1 82 1 0.000270 0
4 2 1 83 4 0.000719 0
4 2 1 84 3 0.000535 0
4 2 1 85 4 0.000944 0
4 2 1 86 5 0.001266 0
4 2 1 87 5 0.001099 0
4 2 1 88 3 0.000643 0
4 2 1 89 3 0.000632 0
4 2 1 90 5 0.000998 0
4 2 1 91 5 0.000939 0
4 2 1 92 3 0.000635 0
4 2 1 93 5 0.001150 0
4 2 1 94 3 0.000550 0
4 2 1 95 4 0.000851 0
4 2 1 96 5 0.001003 0
4 2 1 97 4 0.000831 0
4 2 1 98 3 0.000576 0
4 2 1 99 4 0.000776 0
4 2 2 0 1 0.000287 0
4 2 2 1 4 0.000897 0
4 2 2 2 2 0.000446 0
4 2 2 3 4 0.000828 0
4 2 2 4 4 0.001020 0
4 2 2 5 4 0.001042 0
4 2 2 6 3 0.000625 0
4 2 2 7 4 0.000816 0
4 2 2 8 5 0.000859 0
4 2 2 9 5 0.000837 0
4 2 2 10 5 0.000788 0
4 2 2 11 1 0.000254 0
4 2 2 12 5 0.000836 0
4 2 2 13 4 0.000769 0
4 2 2 14 5 0.000822 0
4 2 2 15 4 0.000843 0
4 2 2 16 4 0.000803 0
4 2 2 17 1 0.000286 0
4 2 2 18 4 0.000762 0
4 2 2 19 5 0.001074 0
4 2 2 20 4 0.000684 0
4 2 2 21 3 0.000519 0
4 2 2 22 4 0.000794 0
4 2 2 23 4 0.000695 0
4 2 2 24 4 0.000718 0
4 2 2 25 5 0.000900 0
4 2 2 26 5 0.000881 0
4 2 2 27 2 0.000441 0
4 2 2 28 5 0.000801 0
4 2 2 29 4 0.000675 0
4 2 2 30 4 0.000804 0
4 2 2 31 4 0.000822 0
4 2 2 32 4 0.000771 0
4 2 2 33 4 0.000675 0
4 2 2 34 5 0.000904 0
4 2 2 35 2 0.000721 0
4 2 2 36 5 0.000878 0
4 2 2 37 4 0.000763 0
4 2 2 38 4 0.000700 0
4 2 2 39 1 0.000233 0
4 2 2 40 5 0.001075 0
4 2 2 41 3 0.000653 0
4 2 2 42 4 0.000904 0
4 2 2 43 3 0.000619 0
4 2 2 44 5 0.001005 0
4 2 2 45 4 0.000752 0
4 2 2 46 4 0.000835 0
4 2 2 47 2 0.000378 0
4 2 2 48 2 0.000681 0
4 2 2 49 5 0.000843 0
4 2 2 50 4 0.000751 0
4 2 2 51 2 0.000463 0
4 2 2 52 1 0.000239 0
4 2 2 53 4 0.000952 0
4 2 2 54 1 0.000331 0
4 2 2 55 1 0.000348 0
4 2 2 56 4 0.000883 0
4 2 2 57 2 0.000433 0
4 2 2 58 5 0.001644 0
4 2 2 59 5 0.001197 0
4 2 2 60 4 0.001097 0
4 2 2 61 4 0.000868 0
4 2 2 62 3 0.000660 0
4 2 2 63 2 0.000491 0
4 2 2 64 2 0.000490 0
4 2 2 65 4 0.000945 0
4 2 2 66 5 0.001082 0
4 2 2 67 1 0.000343 0
4 2 2 68 4 0.000884 0
4 2 2 69 5 0.001078 0
4 2 2 70 4 0.000841 0
4 2 2 71 4 0.000766 0
4 2 2 72 1 0.000249 0
4 2 2 73 4 0.000836 0
4 2 2 74 3 0.000593 0
4 2 2 75 4 0.000766 0
4 2 2 76 4 0.000947 0
4 2 2 77 4 0.000918 0
4 2 2 78 2 0.000420 0
4 2 2 79 4 0.000737 0
4 2 2 80 4 0.000774 0
4 2 2 81 4 0.000887 0
4 2 2 82 1 0.000350 0
4 2 2 83 4 0.000765 0
4 2 2 84 3 0.000545 0
4 2 2 85 4 0.000732 0
4 2 2 86 5 0.000818 0
4 2 2 87 5 0.000971 0
4 2 2 88 4 0.000739 0
4 2 2 89 3 0.000547 0
4 2 2 90 5 0.000795 0
4 2 2 91 5 0.000892 0
4 2 2 92 3 0.000579 0
4 2 2 93 5 0.000774 0
4 2 2 94 3 0.000524 0
4 2 2 95 4 0.000711 0
4 2 2 96 5 0.000800 0
4 2 2 97 4 0.000656 0
4 2 2 98 2 0.000350 0
4 2 2 99 4 0.000644 0
4 4 0 0 2 0.000396 0
4 4 0 1 5 0.000879 0
4 4 0 2 4 0.001107 0
4 4 0 3 4 0.000749 0
4 4 0 4 4 0.000719 0
4 4 0 5 5 0.001013 0
4 4 0 6 2 0.000363 0
4 4 0 7 4 0.000675 0
4 4 0 8 6 0.001015 0
4 4 0 9 4 0.000722 0
4 4 0 10 6 0.001225 0
4 4 0 11 2 0.000629 0
4 4 0 12 6 0.001551 0
4 4 0 13 4 0.000759 0
4 4 0 14 4 0.000712 0
4 4 0 15 5 0.000920 0
4 4 0 16 4 0.000729 0
4 4 0 17 2 0.000542 0
4 4 0 18 3 0.000588 0
4 4 0 19 4 0.000748 0
4 4 0 20 4 0.000649 0
4 4 0 21 2 0.000366 0
4 4 0 22 5 0.000880 0
4 4 0 23 5 0.000884 0
4 4 0 24 5 0.000853 0
4 4 0 25 6 0.001164 0
4 4 0 26 6 0.001179 0
4 4 0 27 4 0.000752 0
4 4 0 28 6 0.001204 0
4 4 0 29 5 0.001022 0
4 4 0 30 5 0.001281 2
4 4 0 31 5 0.001039 0
4 4 0 32 4 0.000767 0
4 4 0 33 5 0.001048 0
4 4 0 34 6 0.001034 0
4 4 0 35 2 0.000406 0
4 4 0 36 6 0.001085 0
4 4 0 37 5 0.000928 0
4 4 0 38 4 0.000677 0
4 4 0 39 2 0.000418 0
4 4 0 40 6 0.001117 0
4 4 0 41 2 0.000345 0
4 4 0 42 4 0.000738 0
4 4 0 43 3 0.000661 0
4 4 0 44 4 0.000782 0
4 4 0 45 5 0.000856 0
4 4 0 46 4 0.000688 0
4 4 0 47 4 0.000736 0
4 4 0 48 4 0.000674 0
4 4 0 49 6 0.001452 0
4 4 0 50 4 0.000826 0
4 4 0 51 3 0.000654 0
4 4 0 52 2 0.000339 0
4 4 0 53 5 0.000848 0
4 4 0 54 2 0.000367 0
4 4 0 55 2 0.000385 0
4 4 0 56 5 0.000914 0
4 4 0 57 4 0.000664 0
4 4 0 58 6 0.001094 0
4 4 0 59 6 0.001009 0
4 4 0 60 4 0.000650 0
4 4 0 61 5 0.000852 0
4 4 0 62 2 0.000355 0
4 4 0 63 4 0.000657 0
4 4 0 64 4 0.000673 0
4 4 0 65 4 0.000660 0
4 4 0 66 6 0.001086 0
4 4 0 67 2 0.000410 0
4 4 0 68 4 0.000648 0
4 4 0 69 6 0.001280 0
4 4 0 70 5 0.000911 0
4 4 0 71 5 0.000970 0
4 4 0 72 2 0.000402 0
4 4 0 73 4 0.000955 2
4 4 0 74 4 0.000696 0
4 4 0 75 4 0.000851 0
4 4 0 76 4 0.001392 2
4 4 0 77 5 0.000926 0
4 4 0 78 4 0.000661 0
4 4 0 79 5 0.000853 0
4 4 0 80 5 0.000883 0
4 4 0 81 5 0.001094 0
4 4 0 82 2 0.000359 0
4 4 0 83 5 0.000861 0
4 4 0 84 2 0.000380 0
4 4 0 85 5 0.001094 0
4 4 0 86 6 0.001163 0
4 4 0 87 6 0.001057 0
4 4 0 88 4 0.000999 0
4 4 0 89 3 0.000556 0
4 4 0 90 6 0.001127 0
4 4 0 91 6 0.001126 0
4 4 0 92 4 0.000765 0
4 4 0 93 6 0.001319 0
4 4 0 94 2 0.000374 0
4 4 0 95 5 0.001128 0
4 4 0 96 6 0.001314 0
4 4 0 97 4 0.000871 0
4 4 0 98 4 0.000926 0
4 4 0 99 5 0.001110 0
4 4 1 0 2 0.000450 0
4 4 1 1 5 0.000967 0
4 4 1 2 4 0.000933 0
4 4 1 3 4 0.000848 0
4 4 1 4 4 0.000704 0
4 4 1 5 5 0.000997 0
4 4 1 6 2 0.000389 0
4 4 1 7 4 0.000727 0
4 4 1 8 6 0.001119 0
4 4 1 9 4 0.000775 0
4 4 1 10 6 0.001141 0
4 4 1 11 2 0.000372 0
4 4 1 12 6 0.001529 0
4 4 1 13 4 0.000764 0
4 4 1 14 4 0.000736 0
4 4 1 15 5 0.000950 0
4 4 1 16 4 0.000818 0
4 4 1 17 2 0.000405 0
4 4 1 18 3 0.000553 0
4 4 1 19 4 0.000761 0
4 4 1 20 4 0.000692 0
4 4 1 21 2 0.000505 0
4 4 1 22 5 0.000929 0
4 4 1 23 5 0.000892 0
4 4 1 24 5 0.000896 0
4 4 1 25 6 0.001432 0
4 4 1 26 6 0.001250 0
4 4 1 27 4 0.001103 0
4 4 1 28 6 0.001196 0
4 4 1 29 5 0.000965 0
4 4 1 30 5 0.001147 2
4 4 1 31 5 0.000974 0
4 4 1 32 4 0.000767 0
4 4 1 33 5 0.000877 0
4 4 1 34 6 0.001198 0
4 4 1 35 2 0.000665 0
4 4 1 36 6 0.001438 0
4 4 1 37 5 0.001358 0
4 4 1 38 4 0.000855 0
4 4 1 39 2 0.000493 0
4 4 1 40 6 0.001549 0
4 4 1 41 2 0.000435 0
4 4 1 42 4 0.000762 0
4 4 1 43 3 0.000588 0
4 4 1 44 4 0.000802 0
4 4 1 45 5 0.001105 0
4 4 1 46 4 0.000788 0
4 4 1 47 4 0.000756 0
4 4 1 48 4 0.000767 0
4 4 1 49 6 0.001742 0
4 4 1 50 4 0.000779 0
4 4 1 51 3 0.000707 0
4 4 1 52 2 0.000426 0
4 4 1 53 5 0.001176 0
4 4 1 54 2 0.000421 0
4 4 1 55 2 0.000441 0
4 4 1 56 5 0.000981 0
4 4 1 57 4 0.000856 0
4 4 1 58 6 0.001234 0
4 4 1 59 6 0.001150 0
4 4 1 60 4 0.000797 0
4 4 1 61 5 0.000963 0
4 4 1 62 2 0.000421 0
4 4 1 63 4 0.000744 0
4 4 1 64 4 0.000931 0
4 4 1 65 4 0.001017 0
4 4 1 66 6 0.001296 0
4 4 1 67 2 0.000475 0
4 4 1 68 4 0.000767 0
4 4 1 69 6 0.001291 0
4 4 1 70 5 0.000902 0
4 4 1 71 5 0.000935 0
4 4 1 72 2 0.000405 0
4 4 1 73 4 0.000843 2
4 4 1 74 4 0.000726 0
4 4 1 75 4 0.000841 0
4 4 1 76 4 0.001277 2
4 4 1 77 5 0.000991 0
4 4 1 78 4 0.000723 0
4 4 1 79 5 0.000912 0
4 4 1 80 5 0.000964 0
4 4 1 81 5 0.001122 0
4 4 1 82 2 0.000372 0
4 4 1 83 5 0.000850 0
4 4 1 84 2 0.000359 0
4 4 1 85 5 0.000896 0
4 4 1 86 6 0.001173 0
4 4 1 87 6 0.001068 0
4 4 1 88 4 0.000902 0
4 4 1 89 3 0.000653 0
4 4 1 90 6 0.001254 0
4 4 1 91 6 0.001233 0
4 4 1 92 4 0.000710 0
4 4 1 93 6 0.001322 0
4 4 1 94 2 0.000403 0
4 4 1 95 5 0.001197 0
4 4 1 96 6 0.001181 0
4 4 1 97 4 0.000720 0
4 4 1 98 4 0.000676 0
4 4 1 99 5 0.000905 0
4 4 2 0 2 0.000395 0
4 4 2 1 4 0.000744 0
4 4 2 2 3 0.000638 0
4 4 2 3 5 0.000972 0
4 4 2 4 4 0.000873 0
4 4 2 5 5 0.001201 0
4 4 2 6 2 0.000525 0
4 4 2 7 4 0.000956 0
4 4 2 8 5 0.000945 0
4 4 2 9 4 0.000721 0
4 4 2 10 6 0.000979 0
4 4 2 11 2 0.000356 0
4 4 2 12 5 0.000982 0
4 4 2 13 4 0.000739 0
4 4 2 14 4 0.000728 0
4 4 2 15 4 0.000726 0
4 4 2 16 4 0.002060 0
4 4 2 17 2 0.000394 0
4 4 2 18 3 0.000579 0
4 4 2 19 4 0.000696 0
4 4 2 20 4 0.000707 0
4 4 2 21 2 0.000352 0
4 4 2 22 5 0.000825 0
4 4 2 23 4 0.000734 0
4 4 2 24 5 0.000961 0
4 4 2 25 5 0.000855 0
4 4 2 26 5 0.000975 0
4 4 2 27 3 0.000736 0
4 4 2 28 5 0.000947 0
4 4 2 29 5 0.000930 0
4 4 2 30 5 0.001019 0
4 4 2 31 4 0.000738 0
4 4 2 32 4 0.000784 0
4 4 2 33 4 0.000649 0
4 4 2 34 5 0.000823 0
4 4 2 35 2 0.000459 0
4 4 2 36 5 0.000894 0
4 4 2 37 5 0.000963 0
4 4 2 38 4 0.000782 0
4 4 2 39 2 0.000506 0
4 4 2 40 6 0.001058 0
4 4 2 41 2 0.000353 0
4 4 2 42 4 0.000719 0
4 4 2 43 3 0.000533 0
4 4 2 44 4 0.000786 0
4 4 2 45 5 0.000851 0
4 4 2 46 5 0.000800 0
4 4 2 47 3 0.000511 0
4 4 2 48 3 0.000526 0
4 4 2 49 5 0.000994 0
4 4 2 50 4 0.000693 0
4 4 2 51 3 0.000637 0
4 4 2 52 2 0.000389 0
4 4 2 53 5 0.000864 0
4 4 2 54 2 0.000393 0
4 4 2 55 2 0.000449 0
4 4 2 56 5 0.000874 0
4 4 2 57 3 0.000536 0
4 4 2 58 5 0.000899 0
4 4 2 59 5 0.000841 0
4 4 2 60 4 0.000682 0
4 4 2 61 4 0.000659 0
4 4 2 62 2 0.000383 0
4 4 2 63 3 0.000520 0
4 4 2 64 3 0.000562 0
4 4 2 65 4 0.000689 0
4 4 2 66 5 0.000939 0
4 4 2 67 2 0.000470 0
4 4 2 68 4 0.000835 0
4 4 2 69 5 0.001449 0
4 4 2 70 5 0.000962 0
4 4 2 71 5 0.000985 0
4 4 2 72 2 0.000393 0
4 4 2 73 4 0.001007 2
4 4 2 74 4 0.000709 0
4 4 2 75 4 0.000780 0
4 4 2 76 4 0.001224 2
4 4 2 77 5 0.001100 0
4 4 2 78 3 0.000585 0
4 4 2 79 5 0.000983 0
4 4 2 80 4 0.001032 0
4 4 2 81 4 0.000949 0
4 4 2 82 2 0.000398 0
4 4 2 83 4 0.000731 0
4 4 2 84 2 0.000411 0
4 4 2 85 5 0.000971 0
4 4 2 86 6 0.001143 0
4 4 2 87 5 0.000945 0
4 4 2 88 5 0.000906 0
4 4 2 89 3 0.000537 0
4 4 2 90 6 0.000997 0
4 4 2 91 6 0.001056 0
4 4 2 92 4 0.000711 0
4 4 2 93 5 0.000993 0
4 4 2 94 2 0.000423 0
4 4 2 95 4 0.001031 0
4 4 2 96 6 0.001290 0
4 4 2 97 4 0.000729 0
4 4 2 98 3 0.000582 0
4 4 2 99 4 0.000746 0
4 4 4 0 2 0.000433 0
4 4 4 1 4 0.000754 0
4 4 4 2 3 0.000535 0
4 4 4 3 4 0.000687 0
4 4 4 4 3 0.000579 0
4 4 4 5 5 0.001025 0
4 4 4 6 2 0.000404 0
4 4 4 7 4 0.000699 0
4 4 4 8 - - -
4 4 4 9 3 0.000592 0
4 4 4 10 - - -
4 4 4 11 2 0.000380 0
4 4 4 12 - - -
4 4 4 13 3 0.000510 0
4 4 4 14 3 0.000585 0
4 4 4 15 4 0.000642 0
4 4 4 16 3 0.000494 0
4 4 4 17 2 0.000381 0
4 4 4 18 3 0.000522 0
4 4 4 19 3 0.000506 0
4 4 4 20 3 0.000689 0
4 4 4 21 2 0.000447 0
4 4 4 22 5 0.001024 0
4 4 4 23 4 0.000802 0
4 4 4 24 4 0.000810 0
4 4 4 25 - - -
4 4 4 26 - - -
4 4 4 27 3 0.000541 0
4 4 4 28 - - -
4 4 4 29 5 0.000781 0
4 4 4 30 5 0.000839 0
4 4 4 31 3 0.000506 0
4 4 4 32 3 0.000504 0
4 4 4 33 4 0.000641 0
4 4 4 34 - - -
4 4 4 35 2 0.000447 0
4 4 4 36 - - -
4 4 4 37 4 0.000694 0
4 4 4 38 4 0.000795 0
4 4 4 39 2 0.000410 0
4 4 4 40 - - -
4 4 4 41 2 0.000417 0
4 4 4 42 4 0.000687 0
4 4 4 43 3 0.000537 0
4 4 4 44 3 0.000505 0
4 4 4 45 5 0.000803 0
4 4 4 46 4 0.000683 0
4 4 4 47 3 0.000486 0
4 4 4 48 3 0.000515 0
4 4 4 49 - - -
4 4 4 50 3 0.000491 0
4 4 4 51 3 0.000638 0
4 4 4 52 2 0.000379 0
4 4 4 53 5 0.000799 0
4 4 4 54 2 0.000376 0
4 4 4 55 2 0.000387 0
4 4 4 56 5 0.000762 0
4 4 4 57 3 0.000502 0
4 4 4 58 - - -
4 4 4 59 - - -
4 4 4 60 3 0.000507 0
4 4 4 61 4 0.000684 0
4 4 4 62 2 0.000351 0
4 4 4 63 3 0.000496 0
4 4 4 64 3 0.000494 0
4 4 4 65 3 0.000497 0
4 4 4 66 - - -
4 4 4 67 2 0.000441 0
4 4 4 68 3 0.000551 0
4 4 4 69 - - -
4 4 4 70 5 0.000761 0
4 4 4 71 5 0.000789 0
4 4 4 72 2 0.000398 0
4 4 4 73 3 0.000487 0
4 4 4 74 4 0.000700 0
4 4 4 75 3 0.000499 0
4 4 4 76 3 0.000503 0
4 4 4 77 5 0.000787 0
4 4 4 78 3 0.000501 0
4 4 4 79 5 0.000899 0
4 4 4 80 3 0.000556 0
4 4 4 81 4 0.000768 0
4 4 4 82 2 0.000431 0
4 4 4 83 4 0.000814 0
4 4 4 84 2 0.000623 0
4 4 4 85 4 0.000885 0
4 4 4 86 - - -
4 4 4 87 - - -
4 4 4 88 4 0.000930 0
4 4 4 89 3 0.000682 0
4 4 4 90 - - -
4 4 4 91 - - -
4 4 4 92 4 0.000654 0
4 4 4 93 - - -
4 4 4 94 2 0.000409 0
4 4 4 95 4 0.000712 0
4 4 4 96 - - -
4 4 4 97 3 0.000509 0
4 4 4 98 3 0.000494 0
4 4 4 99 4 0.000636 0
8 1 0 0 7 0.001418 0
8 1 0 1 7 0.001524 0
8 1 0 2 8 0.001822 0
8 1 0 3 8 0.001610 0
8 1 0 4 7 0.001372 0
8 1 0 5 4 0.000846 0
8 1 0 6 7 0.001522 0
8 1 0 7 6 0.001122 0
8 1 0 8 5 0.000860 0
8 1 0 9 7 0.001333 0
8 1 0 10 8 0.001493 0
8 1 0 11 7 0.001098 0
8 1 0 12 8 0.001337 0
8 1 0 13 7 0.001196 0
8 1 0 14 8 0.001229 0
8 1 0 15 7 0.001161 0
8 1 0 16 7 0.001285 0
8 1 0 17 8 0.001283 0
8 1 0 18 8 0.001785 0
8 1 0 19 7 0.001273 0
8 1 0 20 8 0.001387 0
8 1 0 21 6 0.001123 0
8 1 0 22 8 0.001321 0
8 1 0 23 7 0.001219 0
8 1 0 24 7 0.001202 0
8 1 0 25 8 0.001575 0
8 1 0 26 8 0.001386 0
8 1 0 27 7 0.001419 0
8 1 0 28 8 0.001335 0
8 1 0 29 8 0.001413 0
8 1 0 30 7 0.001135 0
8 1 0 31 6 0.001206 0
8 1 0 32 7 0.001182 0
8 1 0 33 7 0.001217 0
8 1 0 34 6 0.001042 0
8 1 0 35 6 0.000909 0
8 1 0 36 8 0.001326 0
8 1 0 37 6 0.000987 0
8 1 0 38 7 0.001177 0
8 1 0 39 8 0.001296 0
8 1 0 40 6 0.001096 0
8 1 0 41 7 0.001064 0
8 1 0 42 6 0.000987 0
8 1 0 43 8 0.001463 0
8 1 0 44 6 0.000971 0
8 1 0 45 7 0.001104 0
8 1 0 46 8 0.001397 0
8 1 0 47 8 0.001209 0
8 1 0 48 6 0.000961 0
8 1 0 49 7 0.001503 0
8 1 0 50 8 0.001558 0
8 1 0 51 8 0.001352 0
8 1 0 52 8 0.001503 0
8 1 0 53 8 0.001289 0
8 1 0 54 8 0.001609 0
8 1 0 55 7 0.001171 0
8 1 0 56 7 0.002486 0
8 1 0 57 8 0.001323 0
8 1 0 58 8 0.001516 0
8 1 0 59 8 0.001329 0
8 1 0 60 8 0.001263 0
8 1 0 61 7 0.001191 0
8 1 0 62 6 0.000932 0
8 1 0 63 8 0.001268 0
8 1 0 64 8 0.001302 0
8 1 0 65 7 0.001125 0
8 1 0 66 8 0.001162 0
8 1 0 67 8 0.001476 0
8 1 0 68 8 0.001483 0
8 1 0 69 7 0.001068 0
8 1 0 70 7 0.001166 0
8 1 0 71 7 0.001082 0
8 1 0 72 7 0.001047 0
8 1 0 73 7 0.001178 0
8 1 0 74 7 0.001036 0
8 1 0 75 8 0.001193 0
8 1 0 76 8 0.001798 0
8 1 0 77 8 0.001362 0
8 1 0 78 8 0.001233 0
8 1 0 79 6 0.001031 0
8 1 0 80 8 0.001234 0
8 1 0 81 8 0.001198 0
8 1 0 82 6 0.001001 0
8 1 0 83 6 0.001024 0
8 1 0 84 7 0.001129 0
8 1 0 85 6 0.001167 0
8 1 0 86 8 0.001258 0
8 1 0 87 7 0.001023 0
8 1 0 88 8 0.001186 0
8 1 0 89 8 0.001228 0
8 1 0 90 8 0.001529 0
8 1 0 91 7 0.001060 0
8 1 0 92 7 0.001305 0
8 1 0 93 6 0.001279 0
8 1 0 94 8 0.001411 0
8 1 0 95 8 0.001411 0
8 1 0 96 6 0.001020 0
8 1 0 97 8 0.001523 0
8 1 0 98 8 0.001356 0
8 1 0 99 8 0.001269 0
8 1 1 0 7 0.001101 0
8 1 1 1 7 0.001189 0
8 1 1 2 8 0.001468 0
8 1 1 3 8 0.001586 0
8 1 1 4 7 0.001037 0
8 1 1 5 4 0.000640 0
8 1 1 6 7 0.001140 0
8 1 1 7 6 0.000976 0
8 1 1 8 5 0.000821 0
8 1 1 9 7 0.001166 0
8 1 1 10 8 0.001334 0
8 1 1 11 7 0.001133 0
8 1 1 12 8 0.001379 0
8 1 1 13 7 0.002260 0
8 1 1 14 8 0.001394 0
8 1 1 15 7 0.001181 0
8 1 1 16 7 0.001107 0
8 1 1 17 8 0.001346 0
8 1 1 18 8 0.001345 0
8 1 1 19 7 0.001225 0
8 1 1 20 8 0.001614 0
8 1 1 21 6 0.001053 0
8 1 1 22 8 0.001325 0
8 1 1 23 7 0.001174 0
8 1 1 24 7 0.001212 0
8 1 1 25 8 0.001256 0
8 1 1 26 8 0.001326 0
8 1 1 27 7 0.001187 0
8 1 1 28 8 0.001337 0
8 1 1 29 8 0.001494 0
8 1 1 30 7 0.001175 0
8 1 1 31 6 0.001013 0
8 1 1 32 7 0.001162 0
8 1 1 33 7 0.001151 0
8 1 1 34 6 0.001008 0
8 1 1 35 6 0.000953 0
8 1 1 36 8 0.001389 0
8 1 1 37 6 0.000962 0
8 1 1 38 7 0.001332 0
8 1 1 39 8 0.001337 0
8 1 1 40 6 0.000946 0
8 1 1 41 7 0.001471 0
8 1 1 42 6 0.001010 0
8 1 1 43 8 0.001574 0
8 1 1 44 6 0.000969 0
8 1 1 45 7 0.001123 0
8 1 1 46 8 0.001399 0
8 1 1 47 8 0.001261 0
8 1 1 48 6 0.000966 0
8 1 1 49 7 0.001101 0
8 1 1 50 8 0.001531 0
8 1 1 51 8 0.001362 0
8 1 1 52 8 0.001650 0
8 1 1 53 8 0.001278 0
8 1 1 54 8 0.001206 0
8 1 1 55 7 0.001190 0
8 1 1 56 7 0.001221 0
8 1 1 57 8 0.001350 0
8 1 1 58 8 0.001507 0
8 1 1 59 8 0.001564 0
8 1 1 60 8 0.001454 0
8 1 1 61 7 0.001142 0
8 1 1 62 6 0.001283 0
8 1 1 63 8 0.001324 0
8 1 1 64 8 0.001262 0
8 1 1 65 7 0.001149 0
8 1 1 66 8 0.001425 0
8 1 1 67 8 0.001814 0
8 1 1 68 8 0.001397 0
8 1 1 69 7 0.001372 0
8 1 1 70 7 0.001170 0
8 1 1 71 7 0.001121 0
8 1 1 72 7 0.001141 0
8 1 1 73 7 0.001534 0
8 1 1 74 7 0.001398 0
8 1 1 75 8 0.001371 0
8 1 1 76 8 0.001451 0
8 1 1 77 8 0.001303 0
8 1 1 78 8 0.001322 0
8 1 1 79 6 0.000984 0
8 1 1 80 8 0.001350 0
8 1 1 81 8 0.001661 0
8 1 1 82 6 0.001085 0
8 1 1 83 6 0.000989 0
8 1 1 84 7 0.001092 0
8 1 1 85 6 0.000953 0
8 1 1 86 8 0.001271 0
8 1 1 87 7 0.001106 0
8 1 1 88 8 0.001244 0
8 1 1 89 8 0.001239 0
8 1 1 90 8 0.001313 0
8 1 1 91 7 0.001051 0
8 1 1 92 7 0.001193 0
8 1 1 93 6 0.001054 0
8 1 1 94 8 0.001252 0
8 1 1 95 8 0.001345 0
8 1 1 96 6 0.000929 0
8 1 1 97 8 0.001296 0
8 1 1 98 8 0.001292 0
8 1 1 99 8 0.001233 0
8 2 0 0 9 0.001771 0
8 2 0 1 7 0.001425 0
8 2 0 2 7 0.001571 0
8 2 0 3 8 0.001413 0
8 2 0 4 4 0.000653 0
8 2 0 5 4 0.000637 0
8 2 0 6 9 0.001602 0
8 2 0 7 6 0.001059 0
8 2 0 8 5 0.000773 0
8 2 0 9 8 0.001240 0
8 2 0 10 8 0.001814 0
8 2 0 11 6 0.000937 0
8 2 0 12 7 0.001269 0
8 2 0 13 9 0.001823 0
8 2 0 14 8 0.001441 0
8 2 0 15 9 0.001770 0
8 2 0 16 8 0.001636 0
8 2 0 17 8 0.001948 0
8 2 0 18 7 0.001226 0
8 2 0 19 6 0.001188 0
8 2 0 20 9 0.001568 0
8 2 0 21 6 0.000972 0
8 2 0 22 9 0.001607 0
8 2 0 23 9 0.001627 0
8 2 0 24 4 0.000753 0
8 2 0 25 6 0.001091 0
8 2 0 26 9 0.001541 0
8 2 0 27 9 0.001943 0
8 2 0 28 10 0.001926 0
8 2 0 29 9 0.002020 0
8 2 0 30 9 0.001629 0
8 2 0 31 8 0.001393 0
8 2 0 32 7 0.001213 0
8 2 0 33 8 0.001735 0
8 2 0 34 8 0.001961 0
8 2 0 35 8 0.001245 0
8 2 0 36 10 0.002023 0
8 2 0 37 8 0.001567 0
8 2 0 38 8 0.002095 0
8 2 0 39 10 0.002840 0
8 2 0 40 7 0.001214 0
8 2 0 41 7 0.001084 0
8 2 0 42 8 0.001305 0
8 2 0 43 9 0.001668 0
8 2 0 44 8 0.001443 0
8 2 0 45 9 0.001951 0
8 2 0 46 10 0.002116 0
8 2 0 47 6 0.000997 0
8 2 0 48 7 0.001137 0
8 2 0 49 6 0.000921 0
8 2 0 50 8 0.001689 0
8 2 0 51 10 0.002251 0
8 2 0 52 10 0.002433 0
8 2 0 53 9 0.001695 0
8 2 0 54 8 0.001272 0
8 2 0 55 8 0.001235 0
8 2 0 56 9 0.001754 0
8 2 0 57 7 0.001239 0
8 2 0 58 10 0.001836 0
8 2 0 59 7 0.001200 0
8 2 0 60 10 0.001935 0
8 2 0 61 10 0.001962 0
8 2 0 62 7 0.001279 0
8 2 0 63 9 0.001927 0
8 2 0 64 10 0.001870 0
8 2 0 65 8 0.001469 0
8 2 0 66 8 0.001488 0
8 2 0 67 10 0.002260 0
8 2 0 68 9 0.002438 0
8 2 0 69 9 0.001847 0
8 2 0 70 8 0.001560 0
8 2 0 71 8 0.001467 0
8 2 0 72 9 0.002555 0
8 2 0 73 8 0.001446 0
8 2 0 74 8 0.001430 0
8 2 0 75 8 0.001337 0
8 2 0 76 8 0.001586 0
8 2 0 77 9 0.001805 0
8 2 0 78 9 0.001598 0
8 2 0 79 6 0.001096 0
8 2 0 80 10 0.001917 0
8 2 0 81 8 0.001605 0
8 2 0 82 6 0.001287 0
8 2 0 83 5 0.000985 0
8 2 0 84 8 0.001327 0
8 2 0 85 7 0.001135 0
8 2 0 86 7 0.001242 0
8 2 0 87 8 0.001199 0
8 2 0 88 5 0.000806 0
8 2 0 89 9 0.001506 0
8 2 0 90 8 0.001726 0
8 2 0 91 7 0.001580 0
8 2 0 92 8 0.001546 0
8 2 0 93 7 0.001385 0
8 2 0 94 10 0.001663 0
8 2 0 95 9 0.001923 0
8 2 0 96 5 0.000773 0
8 2 0 97 9 0.002033 0
8 2 0 98 9 0.002075 0
8 2 0 99 7 0.001252 0
8 2 1 0 9 0.001723 0
8 2 1 1 7 0.001292 0
8 2 1 2 7 0.001236 0
8 2 1 3 7 0.001212 0
8 2 1 4 4 0.000866 0
8 2 1 5 4 0.000670 0
8 2 1 6 9 0.001494 0
8 2 1 7 6 0.000936 0
8 2 1 8 5 0.000805 0
8 2 1 9 8 0.001130 0
8 2 1 10 8 0.001342 0
8 2 1 11 6 0.000934 0
8 2 1 12 7 0.001155 0
8 2 1 13 9 0.001639 0
8 2 1 14 8 0.001332 0
8 2 1 15 9 0.001448 0
8 2 1 16 8 0.001369 0
8 2 1 17 8 0.001657 0
8 2 1 18 7 0.001191 0
8 2 1 19 6 0.001235 0
8 2 1 20 8 0.001269 0
8 2 1 21 6 0.000896 0
8 2 1 22 9 0.001594 0
8 2 1 23 9 0.002245 0
8 2 1 24 4 0.001156 0
8 2 1 25 6 0.001348 0
8 2 1 26 8 0.001397 0
8 2 1 27 9 0.001842 0
8 2 1 28 9 0.001606 0
8 2 1 29 8 0.001530 0
8 2 1 30 8 0.001576 0
8 2 1 31 8 0.001522 0
8 2 1 32 7 0.001205 0
8 2 1 33 8 0.001346 0
8 2 1 34 8 0.001627 0
8 2 1 35 8 0.001117 0
8 2 1 36 9 0.002064 0
8 2 1 37 8 0.001632 0
8 2 1 38 8 0.001907 0
8 2 1 39 9 0.001516 0
8 2 1 40 7 0.001104 0
8 2 1 41 7 0.001035 0
8 2 1 42 8 0.001187 0
8 2 1 43 8 0.001424 0
8 2 1 44 8 0.001395 0
8 2 1 45 9 0.001487 0
8 2 1 46 9 0.001742 0
8 2 1 47 6 0.000977 0
8 2 1 48 7 0.001090 0
8 2 1 49 6 0.000916 0
8 2 1 50 8 0.001435 0
8 2 1 51 9 0.002195 0
8 2 1 52 9 0.002150 0
8 2 1 53 9 0.001830 0
8 2 1 54 8 0.001706 0
8 2 1 55 8 0.001278 0
8 2 1 56 9 0.001524 0
8 2 1 57 7 0.001275 0
8 2 1 58 9 0.001710 0
8 2 1 59 7 0.001251 0
8 2 1 60 9 0.001829 0
8 2 1 61 9 0.001820 0
8 2 1 62 7 0.001376 0
8 2 1 63 9 0.001824 0
8 2 1 64 9 0.001741 0
8 2 1 65 8 0.001486 0
8 2 1 66 8 0.001567 0
8 2 1 67 9 0.002069 0
8 2 1 68 8 0.002168 0
8 2 1 69 8 0.001507 0
8 2 1 70 7 0.001308 0
8 2 1 71 8 0.001524 0
8 2 1 72 9 0.002100 0
8 2 1 73 8 0.001527 0
8 2 1 74 8 0.001396 0
8 2 1 75 8 0.001739 0
8 2 1 76 8 0.001689 0
8 2 1 77 9 0.002101 0
8 2 1 78 9 0.001753 0
8 2 1 79 6 0.001383 0
8 2 1 80 9 0.002117 0
8 2 1 81 8 0.002166 0
8 2 1 82 6 0.001562 0
8 2 1 83 5 0.001206 0
8 2 1 84 8 0.001506 0
8 2 1 85 7 0.001662 0
8 2 1 86 7 0.001774 0
8 2 1 87 8 0.001881 0
8 2 1 88 5 0.001188 0
8 2 1 89 8 0.002085 0
8 2 1 90 8 0.001747 0
8 2 1 91 7 0.001330 0
8 2 1 92 7 0.002026 0
8 2 1 93 7 0.002134 0
8 2 1 94 9 0.002371 0
8 2 1 95 9 0.003401 0
8 2 1 96 5 0.001333 0
8 2 1 97 9 0.002716 0
8 2 1 98 9 0.002827 0
8 2 1 99 7 0.001457 0
8 2 2 0 7 0.001205 0
8 2 2 1 8 0.001549 0
8 2 2 2 8 0.001573 0
8 2 2 3 8 0.001377 0
8 2 2 4 4 0.000821 0
8 2 2 5 4 0.000732 0
8 2 2 6 - - -
8 2 2 7 7 0.001275 0
8 2 2 8 5 0.000888 0
8 2 2 9 7 0.001247 0
8 2 2 10 6 0.001121 0
8 2 2 11 6 0.001010 0
8 2 2 12 9 0.001685 0
8 2 2 13 - - -
8 2 2 14 8 0.001501 0
8 2 2 15 8 0.001812 0
8 2 2 16 8 0.001645 0
8 2 2 17 8 0.001876 0
8 2 2 18 9 0.001820 0
8 2 2 19 7 0.001513 0
8 2 2 20 - - -
8 2 2 21 5 0.000878 0
8 2 2 22 9 0.001549 0
8 2 2 23 9 0.001776 0
8 2 2 24 6 0.001321 0
8 2 2 25 5 0.001290 0
8 2 2 26 5 0.001079 0
8 2 2 27 9 0.001753 0
8 2 2 28 - - -
8 2 2 29 - - -
8 2 2 30 - - -
8 2 2 31 9 0.001889 0
8 2 2 32 8 0.001720 0
8 2 2 33 9 0.001675 0
8 2 2 34 6 0.001329 0
8 2 2 35 8 0.001341 0
8 2 2 36 9 0.001443 0
8 2 2 37 8 0.001686 0
8 2 2 38 9 0.001447 0
8 2 2 39 - - -
8 2 2 40 7 0.001305 0
8 2 2 41 6 0.001006 0
8 2 2 42 6 0.001052 0
8 2 2 43 - - -
8 2 2 44 8 0.001524 0
8 2 2 45 8 0.001563 0
8 2 2 46 - - -
8 2 2 47 6 0.001126 0
8 2 2 48 6 0.001074 0
8 2 2 49 8 0.001387 0
8 2 2 50 - - -
8 2 2 51 9 0.001498 0
8 2 2 52 - - -
8 2 2 53 - - -
8 2 2 54 6 0.001075 0
8 2 2 55 6 0.001077 0
8 2 2 56 9 0.001542 0
8 2 2 57 9 0.001502 0
8 2 2 58 - - -
8 2 2 59 9 0.001855 0
8 2 2 60 - - -
8 2 2 61 9 0.002004 0
8 2 2 62 6 0.001442 0
8 2 2 63 8 0.001363 0
8 2 2 64 9 0.001460 0
8 2 2 65 8 0.001340 0
8 2 2 66 8 0.001639 0
8 2 2 67 - - -
8 2 2 68 - - -
8 2 2 69 8 0.001419 0
8 2 2 70 - - -
8 2 2 71 8 0.001509 0
8 2 2 72 9 0.001579 0
8 2 2 73 9 0.001505 0
8 2 2 74 8 0.001338 0
8 2 2 75 9 0.001991 0
8 2 2 76 9 0.001576 0
8 2 2 77 - - -
8 2 2 78 9 0.001512 0
8 2 2 79 5 0.000994 0
8 2 2 80 - - -
8 2 2 81 7 0.001352 0
8 2 2 82 7 0.001305 0
8 2 2 83 5 0.000910 0
8 2 2 84 8 0.001302 0
8 2 2 85 8 0.001371 0
8 2 2 86 8 0.001295 0
8 2 2 87 8 0.001300 0
8 2 2 88 8 0.001342 0
8 2 2 89 5 0.001023 0
8 2 2 90 - - -
8 2 2 91 4 0.000675 0
8 2 2 92 7 0.001077 0
8 2 2 93 4 0.000762 0
8 2 2 94 - - -
8 2 2 95 9 0.001435 0
8 2 2 96 7 0.001145 0
8 2 2 97 9 0.001350 0
8 2 2 98 - - -
8 2 2 99 - - -
8 4 0 0 8 0.002253 2
8 4 0 1 7 0.001690 0
8 4 0 2 11 0.002361 0
8 4 0 3 11 0.002127 0
8 4 0 4 5 0.000867 0
8 4 0 5 3 0.000547 0
8 4 0 6 11 0.002667 0
8 4 0 7 5 0.000976 0
8 4 0 8 5 0.001026 0
8 4 0 9 8 0.001368 0
8 4 0 10 10 0.001990 0
8 4 0 11 8 0.001449 0
8 4 0 12 10 0.002680 2
8 4 0 13 11 0.002511 0
8 4 0 14 10 0.002011 0
8 4 0 15 9 0.001926 0
8 4 0 16 7 0.001299 0
8 4 0 17 10 0.002530 2
8 4 0 18 10 0.001932 0
8 4 0 19 6 0.001350 0
8 4 0 20 11 0.002314 0
8 4 0 21 8 0.001312 0
8 4 0 22 11 0.002225 0
8 4 0 23 10 0.002361 0
8 4 0 24 6 0.001662 0
8 4 0 25 9 0.002604 0
8 4 0 26 10 0.002021 0
8 4 0 27 11 0.002638 0
8 4 0 28 12 0.003516 2
8 4 0 29 11 0.002863 0
8 4 0 30 9 0.001941 0
8 4 0 31 10 0.002552 0
8 4 0 32 8 0.001453 0
8 4 0 33 9 0.001650 0
8 4 0 34 8 0.002037 0
8 4 0 35 6 0.000972 0
8 4 0 36 12 0.003179 0
8 4 0 37 7 0.001559 0
8 4 0 38 9 0.002223 0
8 4 0 39 13 0.002841 0
8 4 0 40 7 0.001161 0
8 4 0 41 7 0.001327 0
8 4 0 42 6 0.001086 0
8 4 0 43 11 0.002524 0
8 4 0 44 9 0.002601 0
8 4 0 45 8 0.001797 0
8 4 0 46 13 0.003215 0
8 4 0 47 8 0.001465 0
8 4 0 48 10 0.001769 0
8 4 0 49 8 0.001372 0
8 4 0 50 12 0.002601 0
8 4 0 51 12 0.003034 0
8 4 0 52 13 0.003724 0
8 4 0 53 11 0.002387 0
8 4 0 54 10 0.001676 0
8 4 0 55 9 0.001489 0
8 4 0 56 10 0.002027 0
8 4 0 57 11 0.002694 0
8 4 0 58 12 0.003077 0
8 4 0 59 10 0.002431 0
8 4 0 60 12 0.002788 0
8 4 0 61 10 0.002103 0
8 4 0 62 8 0.001405 0
8 4 0 63 11 0.002680 0
8 4 0 64 12 0.002693 0
8 4 0 65 9 0.001895 0
8 4 0 66 10 0.001665 0
8 4 0 67 13 0.002973 0
8 4 0 68 10 0.002591 0
8 4 0 69 8 0.001544 0
8 4 0 70 9 0.001897 0
8 4 0 71 9 0.001762 0
8 4 0 72 10 0.002737 0
8 4 0 73 9 0.002351 0
8 4 0 74 7 0.001378 0
8 4 0 75 10 0.001973 0
8 4 0 76 12 0.003090 0
8 4 0 77 11 0.002677 0
8 4 0 78 11 0.002053 0
8 4 0 79 6 0.001054 0
8 4 0 80 13 0.003249 0
8 4 0 81 10 0.002414 0
8 4 0 82 8 0.001900 0
8 4 0 83 6 0.001171 0
8 4 0 84 7 0.001343 0
8 4 0 85 9 0.001864 0
8 4 0 86 10 0.001956 0
8 4 0 87 8 0.001456 0
8 4 0 88 8 0.001567 0
8 4 0 89 10 0.001981 0
8 4 0 90 12 0.003410 0
8 4 0 91 8 0.001635 0
8 4 0 92 8 0.001609 0
8 4 0 93 6 0.001317 0
8 4 0 94 13 0.002892 0
8 4 0 95 11 0.003598 0
8 4 0 96 6 0.001022 0
8 4 0 97 10 0.002488 0
8 4 0 98 11 0.003256 0
8 4 0 99 9 0.001901 0
8 4 1 0 8 0.001994 2
8 4 1 1 7 0.001574 0
8 4 1 2 10 0.002083 0
8 4 1 3 10 0.001962 0
8 4 1 4 5 0.000896 0
8 4 1 5 3 0.000527 0
8 4 1 6 10 0.002051 0
8 4 1 7 5 0.000871 0
8 4 1 8 5 0.000808 0
8 4 1 9 8 0.001309 0
8 4 1 10 9 0.001744 0
8 4 1 11 8 0.001353 0
8 4 1 12 9 0.002399 2
8 4 1 13 10 0.002239 0
8 4 1 14 9 0.002505 0
8 4 1 15 8 0.001756 0
8 4 1 16 7 0.001301 0
8 4 1 17 9 0.002310 2
8 4 1 18 10 0.001903 0
8 4 1 19 6 0.001455 0
8 4 1 20 10 0.002293 0
8 4 1 21 8 0.001349 0
8 4 1 22 10 0.002243 0
8 4 1 23 9 0.002033 0
8 4 1 24 6 0.001304 0
8 4 1 25 9 0.001995 0
8 4 1 26 9 0.001984 0
8 4 1 27 10 0.002697 0
8 4 1 28 11 0.002826 2
8 4 1 29 10 0.002622 0
8 4 1 30 9 0.002221 0
8 4 1 31 10 0.002310 0
8 4 1 32 8 0.001398 0
8 4 1 33 9 0.001705 0
8 4 1 34 8 0.002056 0
8 4 1 35 6 0.001049 0
8 4 1 36 11 0.002807 0
8 4 1 37 6 0.001858 0
8 4 1 38 9 0.002398 0
8 4 1 39 11 0.002379 0
8 4 1 40 7 0.001318 0
8 4 1 41 6 0.000961 0
8 4 1 42 6 0.001122 0
8 4 1 43 10 0.002642 0
8 4 1 44 8 0.002038 0
8 4 1 45 8 0.001792 0
8 4 1 46 11 0.002830 0
8 4 1 47 8 0.001586 0
8 4 1 48 9 0.001888 0
8 4 1 49 8 0.001511 0
8 4 1 50 11 0.002443 0
8 4 1 51 11 0.002875 0
8 4 1 52 11 0.003277 0
8 4 1 53 10 0.002403 0
8 4 1 54 8 0.001420 0
8 4 1 55 8 0.001435 0
8 4 1 56 10 0.001827 0
8 4 1 57 11 0.002580 0
8 4 1 58 11 0.002501 0
8 4 1 59 10 0.002470 0
8 4 1 60 11 0.002541 0
8 4 1 61 10 0.002138 0
8 4 1 62 8 0.001442 0
8 4 1 63 9 0.002213 0
8 4 1 64 11 0.002452 0
8 4 1 65 8 0.001961 0
8 4 1 66 9 0.001647 0
8 4 1 67 11 0.002444 0
8 4 1 68 10 0.002671 0
8 4 1 69 8 0.001598 0
8 4 1 70 8 0.002028 0
8 4 1 71 8 0.001701 0
8 4 1 72 10 0.002610 0
8 4 1 73 9 0.001964 0
8 4 1 74 7 0.001481 0
8 4 1 75 10 0.002294 0
8 4 1 76 11 0.002977 0
8 4 1 77 10 0.002908 0
8 4 1 78 10 0.002018 0
8 4 1 79 5 0.000966 0
8 4 1 80 11 0.002603 0
8 4 1 81 9 0.002202 0
8 4 1 82 8 0.001982 0
8 4 1 83 6 0.001115 0
8 4 1 84 7 0.001242 0
8 4 1 85 9 0.002483 0
8 4 1 86 9 0.001752 0
8 4 1 87 8 0.001500 0
8 4 1 88 8 0.001659 0
8 4 1 89 9 0.001950 0
8 4 1 90 11 0.002965 0
8 4 1 91 8 0.001452 0
8 4 1 92 8 0.001889 0
8 4 1 93 6 0.001302 0
8 4 1 94 11 0.002385 0
8 4 1 95 11 0.003062 0
8 4 1 96 6 0.001042 0
8 4 1 97 10 0.002395 0
8 4 1 98 10 0.002574 0
8 4 1 99 9 0.001734 0
8 4 2 0 8 0.001685 2
8 4 2 1 7 0.001530 0
8 4 2 2 8 0.001445 0
8 4 2 3 8 0.001273 0
8 4 2 4 5 0.000793 0
8 4 2 5 3 0.000636 0
8 4 2 6 11 0.001505 0
8 4 2 7 5 0.000846 0
8 4 2 8 5 0.000786 0
8 4 2 9 7 0.001217 0
8 4 2 10 6 0.001235 0
8 4 2 11 6 0.000978 0
8 4 2 12 9 0.001803 0
8 4 2 13 11 0.001600 0
8 4 2 14 9 0.001556 0
8 4 2 15 8 0.001393 0
8 4 2 16 6 0.001028 0
8 4 2 17 8 0.001849 2
8 4 2 18 11 0.002032 0
8 4 2 19 6 0.001287 0
8 4 2 20 7 0.001180 0
8 4 2 21 7 0.001150 0
8 4 2 22 10 0.001598 0
8 4 2 23 9 0.001527 0
8 4 2 24 6 0.001373 0
8 4 2 25 8 0.001537 0
8 4 2 26 6 0.002319 0
8 4 2 27 10 0.002370 0
8 4 2 28 11 0.001623 0
8 4 2 29 - - -
8 4 2 30 5 0.000785 0
8 4 2 31 9 0.001761 0
8 4 2 32 8 0.001503 0
8 4 2 33 9 0.001468 0
8 4 2 34 8 0.001947 0
8 4 2 35 6 0.001230 0
8 4 2 36 9 0.001514 0
8 4 2 37 6 0.001362 0
8 4 2 38 9 0.001668 0
8 4 2 39 11 0.002021 0
8 4 2 40 8 0.001557 0
8 4 2 41 6 0.000935 0
8 4 2 42 5 0.001268 0
8 4 2 43 10 0.001569 0
8 4 2 44 8 0.002095 0
8 4 2 45 7 0.001550 0
8 4 2 46 - - -
8 4 2 47 7 0.001114 0
8 4 2 48 9 0.001631 0
8 4 2 49 8 0.001321 0
8 4 2 50 11 0.001819 0
8 4 2 51 10 0.001801 0
8 4 2 52 - - -
8 4 2 53 9 0.001564 0
8 4 2 54 5 0.000859 0
8 4 2 55 7 0.001140 0
8 4 2 56 9 0.001429 0
8 4 2 57 9 0.001558 0
8 4 2 58 11 0.001997 0
8 4 2 59 9 0.001583 0
8 4 2 60 11 0.001765 0
8 4 2 61 9 0.001514 0
8 4 2 62 9 0.001571 0
8 4 2 63 8 0.001977 0
8 4 2 64 9 0.001573 0
8 4 2 65 9 0.001720 0
8 4 2 66 8 0.001385 0
8 4 2 67 - - -
8 4 2 68 8 0.001489 0
8 4 2 69 8 0.001306 0
8 4 2 70 5 0.000877 0
8 4 2 71 8 0.001955 0
8 4 2 72 9 0.001542 0
8 4 2 73 9 0.001554 0
8 4 2 74 8 0.001160 0
8 4 2 75 9 0.001410 0
8 4 2 76 9 0.001507 0
8 4 2 77 9 0.001411 0
8 4 2 78 10 0.001499 0
8 4 2 79 6 0.001029 0
8 4 2 80 11 0.001546 0
8 4 2 81 8 0.001772 0
8 4 2 82 9 0.001870 0
8 4 2 83 6 0.001095 0
8 4 2 84 7 0.001154 0
8 4 2 85 8 0.001430 0
8 4 2 86 10 0.001838 0
8 4 2 87 7 0.001183 0
8 4 2 88 8 0.001480 0
8 4 2 89 6 0.001293 0
8 4 2 90 11 0.002924 0
8 4 2 91 5 0.000854 0
8 4 2 92 8 0.001318 0
8 4 2 93 4 0.000737 0
8 4 2 94 9 0.001376 0
8 4 2 95 9 0.001616 0
8 4 2 96 7 0.001576 0
8 4 2 97 10 0.001999 0
8 4 2 98 11 0.001825 0
8 4 2 99 6 0.000943 0
8 4 4 0 - - -
8 4 4 1 5 0.000727 0
8 4 4 2 - - -
8 4 4 3 - - -
8 4 4 4 4 0.000686 0
8 4 4 5 4 0.000669 0
8 4 4 6 - - -
8 4 4 7 5 0.000830 0
8 4 4 8 6 0.000906 0
8 4 4 9 5 0.001004 0
8 4 4 10 - - -
8 4 4 11 7 0.000993 0
8 4 4 12 - - -
8 4 4 13 - - -
8 4 4 14 - - -
8 4 4 15 - - -
8 4 4 16 - - -
8 4 4 17 - - -
8 4 4 18 - - -
8 4 4 19 5 0.000762 0
8 4 4 20 - - -
8 4 4 21 7 0.001074 0
8 4 4 22 - - -
8 4 4 23 - - -
8 4 4 24 7 0.001086 0
8 4 4 25 - - -
8 4 4 26 - - -
8 4 4 27 - - -
8 4 4 28 - - -
8 4 4 29 - - -
8 4 4 30 - - -
8 4 4 31 - - -
8 4 4 32 - - -
8 4 4 33 - - -
8 4 4 34 - - -
8 4 4 35 5 0.000794 0
8 4 4 36 - - -
8 4 4 37 5 0.000716 0
8 4 4 38 - - -
8 4 4 39 - - -
8 4 4 40 6 0.000921 0
8 4 4 41 - - -
8 4 4 42 7 0.001001 0
8 4 4 43 - - -
8 4 4 44 - - -
8 4 4 45 8 0.001213 0
8 4 4 46 - - -
8 4 4 47 - - -
8 4 4 48 8 0.001115 0
8 4 4 49 - - -
8 4 4 50 - - -
8 4 4 51 - - -
8 4 4 52 - - -
8 4 4 53 - - -
8 4 4 54 - - -
8 4 4 55 - - -
8 4 4 56 - - -
8 4 4 57 - - -
8 4 4 58 - - -
8 4 4 59 - - -
8 4 4 60 - - -
8 4 4 61 - - -
8 4 4 62 8 0.001275 0
8 4 4 63 - - -
8 4 4 64 - - -
8 4 4 65 - - -
8 4 4 66 8 0.001120 0
8 4 4 67 - - -
8 4 4 68 - - -
8 4 4 69 - - -
8 4 4 70 - - -
8 4 4 71 - - -
8 4 4 72 - - -
8 4 4 73 - - -
8 4 4 74 - - -
8 4 4 75 - - -
8 4 4 76 - - -
8 4 4 77 - - -
8 4 4 78 - - -
8 4 4 79 6 0.001022 0
8 4 4 80 - - -
8 4 4 81 - - -
8 4 4 82 9 0.001388 0
8 4 4 83 5 0.000774 0
8 4 4 84 - - -
8 4 4 85 - - -
8 4 4 86 - - -
8 4 4 87 8 0.001247 0
8 4 4 88 - - -
8 4 4 89 - - -
8 4 4 90 - - -
8 4 4 91 - - -
8 4 4 92 - - -
8 4 4 93 - - -
8 4 4 94 - - -
8 4 4 95 - - -
8 4 4 96 5 0.000846 0
8 4 4 97 - - -
8 4 4 98 - - -
8 4 4 99 - - -
8 8 0 0 9 0.002540 2
8 8 0 1 7 0.001907 0
8 8 0 2 10 0.002400 0
8 8 0 3 10 0.001942 0
8 8 0 4 5 0.000900 0
8 8 0 5 4 0.000785 0
8 8 0 6 12 0.003187 0
8 8 0 7 6 0.001219 0
8 8 0 8 6 0.001046 0
8 8 0 9 8 0.001388 0
8 8 0 10 10 0.001954 0
8 8 0 11 7 0.001524 0
8 8 0 12 9 0.002573 2
8 8 0 13 12 0.003101 0
8 8 0 14 10 0.002074 0
8 8 0 15 9 0.001950 0
8 8 0 16 8 0.001519 0
8 8 0 17 10 0.002711 2
8 8 0 18 10 0.002049 0
8 8 0 19 7 0.001595 0
8 8 0 20 11 0.002428 0
8 8 0 21 7 0.001355 0
8 8 0 22 11 0.002609 0
8 8 0 23 10 0.002288 0
8 8 0 24 6 0.001515 0
8 8 0 25 9 0.002369 0
8 8 0 26 10 0.002181 0
8 8 0 27 11 0.002843 0
8 8 0 28 13 0.003878 2
8 8 0 29 12 0.003167 0
8 8 0 30 10 0.002271 0
8 8 0 31 10 0.002316 0
8 8 0 32 9 0.001857 0
8 8 0 33 10 0.002243 0
8 8 0 34 9 0.002307 0
8 8 0 35 7 0.001189 0
8 8 0 36 12 0.003098 0
8 8 0 37 7 0.001950 0
8 8 0 38 10 0.002673 0
8 8 0 39 13 0.003079 0
8 8 0 40 7 0.001302 0
8 8 0 41 7 0.001147 0
8 8 0 42 7 0.001320 0
8 8 0 43 11 0.002538 0
8 8 0 44 9 0.002298 0
8 8 0 45 8 0.001924 0
8 8 0 46 13 0.003922 0
8 8 0 47 8 0.001528 0
8 8 0 48 8 0.001454 0
8 8 0 49 8 0.001913 0
8 8 0 50 12 0.003272 0
8 8 0 51 12 0.003272 0
8 8 0 52 14 0.004735 0
8 8 0 53 11 0.002852 0
8 8 0 54 9 0.001810 0
8 8 0 55 9 0.001611 0
8 8 0 56 11 0.002124 0
8 8 0 57 11 0.002661 0
8 8 0 58 13 0.003473 0
8 8 0 59 10 0.002641 0
8 8 0 60 13 0.003537 0
8 8 0 61 11 0.002414 0
8 8 0 62 7 0.001336 0
8 8 0 63 10 0.002595 0
8 8 0 64 12 0.002895 0
8 8 0 65 9 0.001914 0
8 8 0 66 9 0.002222 0
8 8 0 67 13 0.003830 0
8 8 0 68 11 0.004031 0
8 8 0 69 9 0.001947 0
8 8 0 70 9 0.001955 0
8 8 0 71 9 0.002005 0
8 8 0 72 11 0.004103 0
8 8 0 73 10 0.002533 0
8 8 0 74 8 0.001559 0
8 8 0 75 11 0.002389 0
8 8 0 76 11 0.003457 0
8 8 0 77 11 0.002770 0
8 8 0 78 11 0.002415 0
8 8 0 79 5 0.001202 0
8 8 0 80 13 0.003613 0
8 8 0 81 10 0.002986 0
8 8 0 82 7 0.001613 0
8 8 0 83 7 0.001468 0
8 8 0 84 8 0.001609 0
8 8 0 85 9 0.002068 0
8 8 0 86 9 0.001893 0
8 8 0 87 8 0.001563 0
8 8 0 88 8 0.001633 0
8 8 0 89 10 0.002284 0
8 8 0 90 12 0.004560 0
8 8 0 91 9 0.002142 0
8 8 0 92 9 0.001965 0
8 8 0 93 7 0.001929 0
8 8 0 94 12 0.003166 0
8 8 0 95 12 0.003658 0
8 8 0 96 6 0.001125 0
8 8 0 97 11 0.003238 0
8 8 0 98 12 0.004344 0
8 8 0 99 10 0.003196 0
8 8 1 0 9 0.002354 2
8 8 1 1 7 0.001725 0
8 8 1 2 10 0.002817 0
8 8 1 3 10 0.002373 0
8 8 1 4 5 0.001099 0
8 8 1 5 4 0.000692 0
8 8 1 6 12 0.002907 0
8 8 1 7 6 0.001195 0
8 8 1 8 6 0.001189 0
8 8 1 9 8 0.001635 0
8 8 1 10 10 0.002034 0
8 8 1 11 7 0.001322 0
8 8 1 12 9 0.002514 2
8 8 1 13 12 0.003224 0
8 8 1 14 10 0.002125 0
8 8 1 15 9 0.002058 0
8 8 1 16 8 0.001793 0
8 8 1 17 10 0.002737 2
8 8 1 18 10 0.002103 0
8 8 1 19 7 0.001886 0
8 8 1 20 11 0.002602 0
8 8 1 21 7 0.001611 0
8 8 1 22 11 0.002769 0
8 8 1 23 10 0.002245 0
8 8 1 24 6 0.001448 0
8 8 1 25 9 0.002055 0
8 8 1 26 10 0.002172 0
8 8 1 27 11 0.003365 0
8 8 1 28 13 0.004348 2
8 8 1 29 12 0.004122 0
8 8 1 30 10 0.002747 0
8 8 1 31 10 0.002471 0
8 8 1 32 9 0.001765 0
8 8 1 33 10 0.002001 0
8 8 1 34 9 0.002735 0
8 8 1 35 7 0.001283 0
8 8 1 36 12 0.004216 0
8 8 1 37 7 0.001681 0
8 8 1 38 10 0.002733 0
8 8 1 39 13 0.003462 0
8 8 1 40 7 0.001631 0
8 8 1 41 7 0.001360 0
8 8 1 42 7 0.001369 0
8 8 1 43 11 0.002671 0
8 8 1 44 9 0.002449 0
8 8 1 45 8 0.002104 0
8 8 1 46 13 0.003894 0
8 8 1 47 8 0.001494 0
8 8 1 48 8 0.001560 0
8 8 1 49 8 0.001519 0
8 8 1 50 12 0.003587 0
8 8 1 51 12 0.003798 0
8 8 1 52 14 0.005191 0
8 8 1 53 11 0.003190 0
8 8 1 54 9 0.001924 0
8 8 1 55 9 0.001755 0
8 8 1 56 11 0.002222 0
8 8 1 57 11 0.002832 0
8 8 1 58 13 0.003085 0
8 8 1 59 10 0.002655 0
8 8 1 60 13 0.003467 0
8 8 1 61 11 0.002542 0
8 8 1 62 7 0.001344 0
8 8 1 63 10 0.002923 0
8 8 1 64 12 0.003026 0
8 8 1 65 9 0.001877 0
8 8 1 66 9 0.001684 0
8 8 1 67 13 0.003590 0
8 8 1 68 11 0.003153 0
8 8 1 69 9 0.001855 0
8 8 1 70 9 0.001927 0
8 8 1 71 9 0.001980 0
8 8 1 72 11 0.003551 0
8 8 1 73 10 0.002584 0
8 8 1 74 8 0.001412 0
8 8 1 75 11 0.002263 0
8 8 1 76 11 0.003117 0
8 8 1 77 11 0.002448 0
8 8 1 78 11 0.002778 0
8 8 1 79 5 0.001055 0
8 8 1 80 13 0.003543 0
8 8 1 81 10 0.002521 0
8 8 1 82 7 0.001831 0
8 8 1 83 7 0.001369 0
8 8 1 84 8 0.001557 0
8 8 1 85 9 0.001973 0
8 8 1 86 9 0.001849 0
8 8 1 87 8 0.001496 0
8 8 1 88 8 0.001718 0
8 8 1 89 10 0.002234 0
8 8 1 90 12 0.003506 0
8 8 1 91 9 0.001748 0
8 8 1 92 9 0.001910 0
8 8 1 93 7 0.001767 0
8 8 1 94 12 0.002811 0
8 8 1 95 12 0.003656 0
8 8 1 96 6 0.001105 0
8 8 1 97 11 0.003044 0
8 8 1 98 12 0.003804 0
8 8 1 99 10 0.002149 0
8 8 2 0 9 0.002283 2
8 8 2 1 8 0.002770 0
8 8 2 2 8 0.001902 0
8 8 2 3 9 0.002189 0
8 8 2 4 5 0.001003 0
8 8 2 5 4 0.000835 0
8 8 2 6 12 0.002141 0
8 8 2 7 6 0.001202 0
8 8 2 8 6 0.001038 0
8 8 2 9 8 0.001507 0
8 8 2 10 8 0.002113 0
8 8 2 11 6 0.001159 0
8 8 2 12 10 0.002770 2
8 8 2 13 13 0.002709 0
8 8 2 14 10 0.002066 0
8 8 2 15 10 0.002410 0
8 8 2 16 8 0.001617 0
8 8 2 17 8 0.002223 2
8 8 2 18 11 0.002276 0
8 8 2 19 7 0.001601 0
8 8 2 20 9 0.001937 0
8 8 2 21 7 0.001228 0
8 8 2 22 9 0.002114 0
8 8 2 23 9 0.001907 0
8 8 2 24 7 0.001565 0
8 8 2 25 8 0.001895 0
8 8 2 26 8 0.001687 0
8 8 2 27 9 0.002336 0
8 8 2 28 12 0.003218 2
8 8 2 29 7 0.001227 0
8 8 2 30 7 0.001476 0
8 8 2 31 9 0.001896 0
8 8 2 32 8 0.001435 0
8 8 2 33 9 0.001611 0
8 8 2 34 8 0.002081 0
8 8 2 35 7 0.001147 0
8 8 2 36 10 0.002599 0
8 8 2 37 7 0.001759 0
8 8 2 38 10 0.002702 0
8 8 2 39 11 0.002149 0
8 8 2 40 7 0.001216 0
8 8 2 41 6 0.000961 0
8 8 2 42 6 0.001110 0
8 8 2 43 12 0.002787 0
8 8 2 44 10 0.002521 0
8 8 2 45 8 0.001769 0
8 8 2 46 12 0.002291 0
8 8 2 47 8 0.001387 0
8 8 2 48 7 0.001612 0
8 8 2 49 8 0.001575 0
8 8 2 50 11 0.002210 0
8 8 2 51 12 0.003149 0
8 8 2 52 13 0.002543 0
8 8 2 53 11 0.002247 0
8 8 2 54 6 0.001124 0
8 8 2 55 9 0.001754 0
8 8 2 56 10 0.001754 0
8 8 2 57 9 0.002054 0
8 8 2 58 13 0.002506 0
8 8 2 59 10 0.002580 0
8 8 2 60 13 0.002842 0
8 8 2 61 11 0.002514 0
8 8 2 62 6 0.001212 0
8 8 2 63 10 0.002476 0
8 8 2 64 9 0.001969 0
8 8 2 65 11 0.002261 0
8 8 2 66 9 0.001898 0
8 8 2 67 11 0.002227 0
8 8 2 68 10 0.002408 0
8 8 2 69 8 0.001662 0
8 8 2 70 7 0.001297 0
8 8 2 71 8 0.001806 0
8 8 2 72 9 0.002662 0
8 8 2 73 9 0.002142 0
8 8 2 74 9 0.001749 0
8 8 2 75 10 0.001997 0
8 8 2 76 9 0.002512 0
8 8 2 77 11 0.002802 0
8 8 2 78 9 0.001746 0
8 8 2 79 5 0.001127 0
8 8 2 80 11 0.002390 0
8 8 2 81 8 0.002113 0
8 8 2 82 8 0.001830 0
8 8 2 83 7 0.001367 0
8 8 2 84 9 0.001682 0
8 8 2 85 8 0.001729 0
8 8 2 86 8 0.001745 0
8 8 2 87 8 0.001460 0
8 8 2 88 8 0.001762 0
8 8 2 89 8 0.001578 0
8 8 2 90 11 0.002801 0
8 8 2 91 7 0.001345 0
8 8 2 92 10 0.002344 0
8 8 2 93 5 0.001132 0
8 8 2 94 11 0.002123 0
8 8 2 95 9 0.002333 0
8 8 2 96 6 0.001583 0
8 8 2 97 11 0.002970 0
8 8 2 98 11 0.002611 0
8 8 2 99 8 0.002277 0
8 8 4 0 9 0.001396 0
8 8 4 1 5 0.000987 0
8 8 4 2 7 0.000989 0
8 8 4 3 10 0.001440 0
8 8 4 4 4 0.000872 0
8 8 4 5 5 0.000963 0
8 8 4 6 - - -
8 8 4 7 5 0.001100 0
8 8 4 8 6 0.001062 0
8 8 4 9 6 0.001054 0
8 8 4 10 10 0.001497 0
8 8 4 11 7 0.001175 0
8 8 4 12 7 0.001104 0
8 8 4 13 - - -
8 8 4 14 10 0.002152 0
8 8 4 15 7 0.001104 0
8 8 4 16 7 0.001224 0
8 8 4 17 7 0.001133 0
8 8 4 18 - - -
8 8 4 19 6 0.001378 0
8 8 4 20 - - -
8 8 4 21 7 0.001371 0
8 8 4 22 - - -
8 8 4 23 11 0.001667 0
8 8 4 24 7 0.001598 0
8 8 4 25 7 0.001228 0
8 8 4 26 11 0.001593 0
8 8 4 27 - - -
8 8 4 28 - - -
8 8 4 29 - - -
8 8 4 30 - - -
8 8 4 31 - - -
8 8 4 32 8 0.001395 0
8 8 4 33 - - -
8 8 4 34 7 0.001194 0
8 8 4 35 6 0.001036 0
8 8 4 36 - - -
8 8 4 37 5 0.001013 0
8 8 4 38 - - -
8 8 4 39 - - -
8 8 4 40 6 0.001190 0
8 8 4 41 4 0.000677 0
8 8 4 42 7 0.001839 0
8 8 4 43 - - -
8 8 4 44 10 0.001771 0
8 8 4 45 8 0.001696 0
8 8 4 46 - - -
8 8 4 47 8 0.001328 0
8 8 4 48 5 0.001025 0
8 8 4 49 8 0.001325 0
8 8 4 50 - - -
8 8 4 51 - - -
8 8 4 52 - - -
8 8 4 53 - - -
8 8 4 54 6 0.001294 0
8 8 4 55 9 0.002456 0
8 8 4 56 - - -
8 8 4 57 - - -
8 8 4 58 - - -
8 8 4 59 - - -
8 8 4 60 - - -
8 8 4 61 - - -
8 8 4 62 5 0.001276 0
8 8 4 63 7 0.001162 0
8 8 4 64 - - -
8 8 4 65 11 0.001671 0
8 8 4 66 8 0.001441 0
8 8 4 67 - - -
8 8 4 68 - - -
8 8 4 69 7 0.001103 0
8 8 4 70 - - -
8 8 4 71 7 0.001343 0
8 8 4 72 - - -
8 8 4 73 - - -
8 8 4 74 7 0.001138 0
8 8 4 75 - - -
8 8 4 76 - - -
8 8 4 77 - - -
8 8 4 78 - - -
8 8 4 79 5 0.001075 0
8 8 4 80 - - -
8 8 4 81 10 0.001646 0
8 8 4 82 7 0.001666 0
8 8 4 83 5 0.001172 0
8 8 4 84 9 0.001952 0
8 8 4 85 7 0.001578 0
8 8 4 86 7 0.001595 0
8 8 4 87 8 0.002142 0
8 8 4 88 7 0.001557 0
8 8 4 89 11 0.001965 0
8 8 4 90 - - -
8 8 4 91 7 0.001276 0
8 8 4 92 7 0.001193 0
8 8 4 93 4 0.000783 0
8 8 4 94 - - -
8 8 4 95 - - -
8 8 4 96 5 0.001009 0
8 8 4 97 - - -
8 8 4 98 - - -
8 8 4 99 - - -
8 8 8 0 - - -
8 8 8 1 - - -
8 8 8 2 - - -
8 8 8 3 - - -
8 8 8 4 3 0.000600 0
8 8 8 5 4 0.000745 0
8 8 8 6 - - -
8 8 8 7 - - -
8 8 8 8 - - -
8 8 8 9 - - -
8 8 8 10 - - -
8 8 8 11 - - -
8 8 8 12 - - -
8 8 8 13 - - -
8 8 8 14 - - -
8 8 8 15 - - -
8 8 8 16 - - -
8 8 8 17 - - -
8 8 8 18 - - -
8 8 8 19 - - -
8 8 8 20 - - -
8 8 8 21 - - -
8 8 8 22 - - -
8 8 8 23 - - -
8 8 8 24 - - -
8 8 8 25 - - -
8 8 8 26 - - -
8 8 8 27 - - -
8 8 8 28 - - -
8 8 8 29 - - -
8 8 8 30 - - -
8 8 8 31 - - -
8 8 8 32 - - -
8 8 8 33 - - -
8 8 8 34 - - -
8 8 8 35 - - -
8 8 8 36 - - -
8 8 8 37 - - -
8 8 8 38 - - -
8 8 8 39 - - -
8 8 8 40 - - -
8 8 8 41 - - -
8 8 8 42 - - -
8 8 8 43 - - -
8 8 8 44 - - -
8 8 8 45 - - -
8 8 8 46 - - -
8 8 8 47 - - -
8 8 8 48 - - -
8 8 8 49 - - -
8 8 8 50 - - -
8 8 8 51 - - -
8 8 8 52 - - -
8 8 8 53 - - -
8 8 8 54 - - -
8 8 8 55 - - -
8 8 8 56 - - -
8 8 8 57 - - -
8 8 8 58 - - -
8 8 8 59 - - -
8 8 8 60 - - -
8 8 8 61 - - -
8 8 8 62 - - -
8 8 8 63 - - -
8 8 8 64 - - -
8 8 8 65 - - -
8 8 8 66 - - -
8 8 8 67 - - -
8 8 8 68 - - -
8 8 8 69 - - -
8 8 8 70 - - -
8 8 8 71 - - -
8 8 8 72 - - -
8 8 8 73 - - -
8 8 8 74 - - -
8 8 8 75 - - -
8 8 8 76 - - -
8 8 8 77 - - -
8 8 8 78 - - -
8 8 8 79 4 0.000836 0
8 8 8 80 - - -
8 8 8 81 - - -
8 8 8 82 - - -
8 8 8 83 - - -
8 8 8 84 - - -
8 8 8 85 - - -
8 8 8 86 - - -
8 8 8 87 - - -
8 8 8 88 - - -
8 8 8 89 - - -
8 8 8 90 - - -
8 8 8 91 - - -
8 8 8 92 - - -
8 8 8 93 - - -
8 8 8 94 - - -
8 8 8 95 - - -
8 8 8 96 - - -
8 8 8 97 - - -
8 8 8 98 - - -
8 8 8 99 - - -
16 1 0 0 15 0.002813 0
16 1 0 1 13 0.002274 0
16 1 0 2 15 0.002594 0
16 1 0 3 16 0.002919 0
16 1 0 4 15 0.002944 0
16 1 0 5 14 0.002604 0
16 1 0 6 16 0.003385 0
16 1 0 7 16 0.002955 0
16 1 0 8 15 0.002403 0
16 1 0 9 14 0.002460 0
16 1 0 10 15 0.003060 0
16 1 0 11 12 0.001976 0
16 1 0 12 11 0.002018 0
16 1 0 13 15 0.002716 0
16 1 0 14 16 0.003194 0
16 1 0 15 14 0.002288 0
16 1 0 16 15 0.002514 0
16 1 0 17 16 0.003108 0
16 1 0 18 16 0.002785 0
16 1 0 19 14 0.002364 0
16 1 0 20 16 0.002752 0
16 1 0 21 16 0.002656 0
16 1 0 22 14 0.002138 0
16 1 0 23 15 0.002594 0
16 1 0 24 12 0.001885 0
16 1 0 25 13 0.002669 0
16 1 0 26 11 0.001799 0
16 1 0 27 12 0.001856 0
16 1 0 28 15 0.002729 0
16 1 0 29 16 0.002584 0
16 1 0 30 14 0.002273 0
16 1 0 31 15 0.002486 0
16 1 0 32 13 0.002026 0
16 1 0 33 14 0.002052 0
16 1 0 34 15 0.002465 0
16 1 0 35 15 0.002608 0
16 1 0 36 15 0.002256 0
16 1 0 37 12 0.001904 0
16 1 0 38 15 0.002269 0
16 1 0 39 14 0.002120 0
16 1 0 40 12 0.001769 0
16 1 0 41 15 0.002359 0
16 1 0 42 15 0.002150 0
16 1 0 43 16 0.002555 0
16 1 0 44 16 0.002619 0
16 1 0 45 14 0.002341 0
16 1 0 46 15 0.002378 0
16 1 0 47 14 0.002025 0
16 1 0 48 15 0.002600 0
16 1 0 49 13 0.001930 0
16 1 0 50 13 0.001986 0
16 1 0 51 16 0.002479 0
16 1 0 52 15 0.002278 0
16 1 0 53 12 0.001709 0
16 1 0 54 15 0.002206 0
16 1 0 55 16 0.002360 0
16 1 0 56 15 0.002184 0
16 1 0 57 15 0.002267 0
16 1 0 58 15 0.002233 0
16 1 0 59 16 0.002734 0
16 1 0 60 16 0.002599 0
16 1 0 61 16 0.002330 0
16 1 0 62 16 0.002377 0
16 1 0 63 14 0.002100 0
16 1 0 64 14 0.002116 0
16 1 0 65 14 0.002407 0
16 1 0 66 16 0.002640 0
16 1 0 67 16 0.002586 0
16 1 0 68 14 0.002297 0
16 1 0 69 13 0.002279 0
16 1 0 70 14 0.002077 0
16 1 0 71 16 0.002654 0
16 1 0 72 16 0.002525 0
16 1 0 73 15 0.002211 0
16 1 0 74 16 0.002359 0
16 1 0 75 12 0.001690 0
16 1 0 76 15 0.002398 0
16 1 0 77 15 0.002327 0
16 1 0 78 15 0.002248 0
16 1 0 79 16 0.003007 0
16 1 0 80 16 0.002693 0
16 1 0 81 16 0.002420 0
16 1 0 82 16 0.002771 0
16 1 0 83 16 0.002685 0
16 1 0 84 15 0.002194 0
16 1 0 85 16 0.002885 0
16 1 0 86 15 0.002222 0
16 1 0 87 15 0.002164 0
16 1 0 88 16 0.002598 0
16 1 0 89 16 0.002368 0
16 1 0 90 16 0.002420 0
16 1 0 91 15 0.002295 0
16 1 0 92 15 0.002112 0
16 1 0 93 16 0.002563 0
16 1 0 94 16 0.002255 0
16 1 0 95 16 0.002470 0
16 1 0 96 14 0.002527 0
16 1 0 97 14 0.002415 0
16 1 0 98 16 0.002646 0
16 1 0 99 15 0.002417 0
16 1 1 0 15 0.002489 0
16 1 1 1 13 0.001801 0
16 1 1 2 15 0.002203 0
16 1 1 3 16 0.002346 0
16 1 1 4 15 0.002252 0
16 1 1 5 14 0.001948 0
16 1 1 6 16 0.002377 0
16 1 1 7 16 0.002298 0
16 1 1 8 15 0.002068 0
16 1 1 9 14 0.002004 0
16 1 1 10 15 0.002096 0
16 1 1 11 12 0.002276 0
16 1 1 12 11 0.001570 0
16 1 1 13 15 0.002328 0
16 1 1 14 16 0.002473 0
16 1 1 15 14 0.001980 0
16 1 1 16 15 0.002416 0
16 1 1 17 16 0.002652 0
16 1 1 18 16 0.002426 0
16 1 1 19 14 0.001954 0
16 1 1 20 16 0.002360 0
16 1 1 21 16 0.002623 0
16 1 1 22 14 0.002344 0
16 1 1 23 15 0.002116 0
16 1 1 24 12 0.001677 0
16 1 1 25 13 0.001922 0
16 1 1 26 11 0.001512 0
16 1 1 27 12 0.001667 0
16 1 1 28 15 0.002124 0
16 1 1 29 16 0.002166 0
16 1 1 30 14 0.002161 0
16 1 1 31 15 0.002201 0
16 1 1 32 13 0.001767 0
16 1 1 33 14 0.001931 0
16 1 1 34 15 0.002381 0
16 1 1 35 15 0.002247 0
16 1 1 36 15 0.001996 0
16 1 1 37 12 0.001776 0
16 1 1 38 15 0.002086 0
16 1 1 39 14 0.002392 0
16 1 1 40 12 0.001797 0
16 1 1 41 15 0.002160 0
16 1 1 42 15 0.002087 0
16 1 1 43 16 0.002751 0
16 1 1 44 16 0.002878 0
16 1 1 45 14 0.002082 0
16 1 1 46 15 0.002319 0
16 1 1 47 14 0.002002 0
16 1 1 48 15 0.002789 0
16 1 1 49 13 0.002413 0
16 1 1 50 13 0.002014 0
16 1 1 51 16 0.002621 0
16 1 1 52 15 0.002496 0
16 1 1 53 12 0.001878 0
16 1 1 54 15 0.002550 0
16 1 1 55 16 0.002464 0
16 1 1 56 15 0.002394 0
16 1 1 57 15 0.002391 0
16 1 1 58 15 0.002464 0
16 1 1 59 16 0.002622 0
16 1 1 60 16 0.003001 0
16 1 1 61 16 0.002669 0
16 1 1 62 16 0.002713 0
16 1 1 63 14 0.002259 0
16 1 1 64 14 0.002695 0
16 1 1 65 14 0.002416 0
16 1 1 66 16 0.002580 0
16 1 1 67 16 0.002727 0
16 1 1 68 14 0.002688 0
16 1 1 69 13 0.002203 0
16 1 1 70 14 0.002311 0
16 1 1 71 16 0.002761 0
16 1 1 72 16 0.002827 0
16 1 1 73 15 0.002509 0
16 1 1 74 16 0.002582 0
16 1 1 75 12 0.001814 0
16 1 1 76 15 0.002495 0
16 1 1 77 15 0.002412 0
16 1 1 78 15 0.002297 0
16 1 1 79 16 0.002475 0
16 1 1 80 16 0.002668 0
16 1 1 81 16 0.002557 0
16 1 1 82 16 0.002527 0
16 1 1 83 16 0.002832 0
16 1 1 84 15 0.002474 0
16 1 1 85 16 0.002466 0
16 1 1 86 15 0.002258 0
16 1 1 87 15 0.002356 0
16 1 1 88 16 0.002862 0
16 1 1 89 16 0.003010 0
16 1 1 90 16 0.002448 0
16 1 1 91 15 0.002278 0
16 1 1 92 15 0.002427 0
16 1 1 93 16 0.002719 0
16 1 1 94 16 0.002455 0
16 1 1 95 16 0.002277 0
16 1 1 96 14 0.002151 0
16 1 1 97 14 0.002240 0
16 1 1 98 16 0.003052 0
16 1 1 99 15 0.002463 0
16 2 0 0 16 0.003153 0
16 2 0 1 12 0.001989 0
16 2 0 2 14 0.002584 0
16 2 0 3 15 0.002602 0
16 2 0 4 17 0.003242 0
16 2 0 5 17 0.002755 0
16 2 0 6 15 0.003165 0
16 2 0 7 16 0.003502 0
16 2 0 8 17 0.002985 0
16 2 0 9 14 0.002548 0
16 2 0 10 16 0.002601 0
16 2 0 11 16 0.003004 0
16 2 0 12 15 0.002520 0
16 2 0 13 16 0.003223 0
16 2 0 14 17 0.003267 0
16 2 0 15 17 0.002898 0
16 2 0 16 17 0.003052 0
16 2 0 17 15 0.002792 0
16 2 0 18 16 0.002882 0
16 2 0 19 17 0.003060 0
16 2 0 20 18 0.004323 0
16 2 0 21 17 0.003390 0
16 2 0 22 14 0.003065 0
16 2 0 23 14 0.003003 0
16 2 0 24 13 0.002349 0
16 2 0 25 12 0.003107 0
16 2 0 26 13 0.002524 0
16 2 0 27 14 0.002783 0
16 2 0 28 18 0.004024 0
16 2 0 29 17 0.003322 0
16 2 0 30 13 0.002519 0
16 2 0 31 15 0.002763 0
16 2 0 32 15 0.002759 0
16 2 0 33 11 0.001897 0
16 2 0 34 16 0.003134 0
16 2 0 35 14 0.002785 0
16 2 0 36 14 0.002484 0
16 2 0 37 16 0.002889 0
16 2 0 38 15 0.003124 0
16 2 0 39 13 0.002594 0
16 2 0 40 11 0.001793 0
16 2 0 41 16 0.002927 0
16 2 0 42 15 0.002479 0
16 2 0 43 18 0.003958 0
16 2 0 44 18 0.003301 0
16 2 0 45 16 0.002506 0
16 2 0 46 15 0.002780 0
16 2 0 47 14 0.002226 0
16 2 0 48 15 0.003198 0
16 2 0 49 14 0.002266 0
16 2 0 50 16 0.002433 0
16 2 0 51 16 0.003879 2
16 2 0 52 15 0.003001 0
16 2 0 53 12 0.002328 0
16 2 0 54 17 0.003045 0
16 2 0 55 17 0.003405 0
16 2 0 56 15 0.002616 0
16 2 0 57 13 0.002192 0
16 2 0 58 16 0.003192 0
16 2 0 59 18 0.003222 0
16 2 0 60 17 0.003179 0
16 2 0 61 15 0.002807 0
16 2 0 62 15 0.003026 0
16 2 0 63 13 0.002380 0
16 2 0 64 15 0.002946 0
16 2 0 65 17 0.002837 0
16 2 0 66 16 0.002993 0
16 2 0 67 17 0.003073 0
16 2 0 68 15 0.002790 0
16 2 0 69 14 0.002516 0
16 2 0 70 14 0.002670 0
16 2 0 71 17 0.004330 0
16 2 0 72 17 0.003424 0
16 2 0 73 17 0.002812 0
16 2 0 74 14 0.002761 0
16 2 0 75 13 0.002024 0
16 2 0 76 17 0.003350 0
16 2 0 77 18 0.003507 0
16 2 0 78 16 0.003023 0
16 2 0 79 15 0.002672 0
16 2 0 80 16 0.003061 0
16 2 0 81 16 0.002984 0
16 2 0 82 18 0.003488 0
16 2 0 83 15 0.002864 0
16 2 0 84 17 0.003068 0
16 2 0 85 17 0.003885 0
16 2 0 86 18 0.003340 0
16 2 0 87 16 0.002628 0
16 2 0 88 18 0.004389 0
16 2 0 89 18 0.003628 0
16 2 0 90 15 0.003688 0
16 2 0 91 16 0.003395 0
16 2 0 92 15 0.002745 0
16 2 0 93 17 0.003942 0
16 2 0 94 17 0.003446 0
16 2 0 95 16 0.002847 0
16 2 0 96 15 0.002971 0
16 2 0 97 16 0.003560 0
16 2 0 98 16 0.003007 0
16 2 0 99 17 0.004745 2
16 2 1 0 16 0.003017 0
16 2 1 1 12 0.001800 0
16 2 1 2 14 0.002985 0
16 2 1 3 15 0.002883 0
16 2 1 4 17 0.002969 0
16 2 1 5 17 0.002695 0
16 2 1 6 15 0.003041 0
16 2 1 7 16 0.003461 0
16 2 1 8 17 0.002936 0
16 2 1 9 14 0.002575 0
16 2 1 10 16 0.002508 0
16 2 1 11 16 0.002540 0
16 2 1 12 15 0.002287 0
16 2 1 13 16 0.002900 0
16 2 1 14 16 0.002716 0
16 2 1 15 17 0.002999 0
16 2 1 16 16 0.003781 0
16 2 1 17 15 0.002710 0
16 2 1 18 16 0.002860 0
16 2 1 19 17 0.002999 0
16 2 1 20 17 0.004664 0
16 2 1 21 16 0.003035 0
16 2 1 22 14 0.002329 0
16 2 1 23 14 0.002676 0
16 2 1 24 13 0.002568 0
16 2 1 25 12 0.002867 0
16 2 1 26 13 0.001927 0
16 2 1 27 14 0.002676 0
16 2 1 28 17 0.004082 0
16 2 1 29 17 0.002966 0
16 2 1 30 13 0.002734 0
16 2 1 31 14 0.002620 0
16 2 1 32 15 0.002744 0
16 2 1 33 11 0.001928 0
16 2 1 34 15 0.002601 0
16 2 1 35 14 0.003312 0
16 2 1 36 14 0.002369 0
16 2 1 37 15 0.002599 0
16 2 1 38 15 0.003268 0
16 2 1 39 13 0.002340 0
16 2 1 40 11 0.001617 0
16 2 1 41 16 0.002765 0
16 2 1 42 15 0.002536 0
16 2 1 43 17 0.003316 0
16 2 1 44 17 0.003283 0
16 2 1 45 16 0.002463 0
16 2 1 46 15 0.002496 0
16 2 1 47 14 0.002153 0
16 2 1 48 15 0.003061 0
16 2 1 49 14 0.002269 0
16 2 1 50 16 0.002473 0
16 2 1 51 16 0.003912 2
16 2 1 52 15 0.003438 0
16 2 1 53 12 0.002146 0
16 2 1 54 17 0.002931 0
16 2 1 55 16 0.002841 0
16 2 1 56 15 0.002925 0
16 2 1 57 13 0.002365 0
16 2 1 58 16 0.003115 0
16 2 1 59 17 0.003184 0
16 2 1 60 16 0.003763 0
16 2 1 61 15 0.003905 0
16 2 1 62 15 0.003557 0
16 2 1 63 13 0.002763 0
16 2 1 64 14 0.003478 0
16 2 1 65 17 0.003175 0
16 2 1 66 15 0.002908 0
16 2 1 67 16 0.004062 0
16 2 1 68 15 0.002891 0
16 2 1 69 13 0.002758 0
16 2 1 70 14 0.002688 0
16 2 1 71 16 0.004264 0
16 2 1 72 16 0.004650 0
16 2 1 73 17 0.003637 0
16 2 1 74 14 0.003078 0
16 2 1 75 13 0.002233 0
16 2 1 76 17 0.003512 0
16 2 1 77 17 0.003699 0
16 2 1 78 16 0.003098 0
16 2 1 79 15 0.002621 0
16 2 1 80 15 0.003106 0
16 2 1 81 16 0.002964 0
16 2 1 82 17 0.003009 0
16 2 1 83 15 0.002661 0
16 2 1 84 17 0.002874 0
16 2 1 85 17 0.003248 0
16 2 1 86 17 0.002794 0
16 2 1 87 16 0.002586 0
16 2 1 88 17 0.003231 0
16 2 1 89 17 0.003077 0
16 2 1 90 15 0.003332 0
16 2 1 91 15 0.002801 0
16 2 1 92 14 0.002216 0
16 2 1 93 17 0.003535 0
16 2 1 94 17 0.003026 0
16 2 1 95 16 0.003804 0
16 2 1 96 15 0.002544 0
16 2 1 97 15 0.002638 0
16 2 1 98 16 0.003232 0
16 2 1 99 17 0.004300 2
16 2 2 0 - - -
16 2 2 1 12 0.001751 0
16 2 2 2 - - -
16 2 2 3 17 0.002535 0
16 2 2 4 - - -
16 2 2 5 17 0.002239 0
16 2 2 6 - - -
16 2 2 7 - - -
16 2 2 8 - - -
16 2 2 9 14 0.001989 0
16 2 2 10 - - -
16 2 2 11 17 0.002318 0
16 2 2 12 16 0.002485 0
16 2 2 13 - - -
16 2 2 14 - - -
16 2 2 15 17 0.002341 0
16 2 2 16 - - -
16 2 2 17 - - -
16 2 2 18 - - -
16 2 2 19 - - -
16 2 2 20 - - -
16 2 2 21 - - -
16 2 2 22 15 0.002201 0
16 2 2 23 - - -
16 2 2 24 14 0.001948 0
16 2 2 25 - - -
16 2 2 26 13 0.001985 0
16 2 2 27 - - -
16 2 2 28 - - -
16 2 2 29 17 0.002420 0
16 2 2 30 - - -
16 2 2 31 - - -
16 2 2 32 17 0.002718 0
16 2 2 33 12 0.002061 0
16 2 2 34 - - -
16 2 2 35 - - -
16 2 2 36 - - -
16 2 2 37 - - -
16 2 2 38 - - -
16 2 2 39 - - -
16 2 2 40 12 0.001718 0
16 2 2 41 17 0.003123 0
16 2 2 42 13 0.002170 0
16 2 2 43 - - -
16 2 2 44 - - -
16 2 2 45 15 0.002286 0
16 2 2 46 - - -
16 2 2 47 14 0.002131 0
16 2 2 48 - - -
16 2 2 49 15 0.002251 0
16 2 2 50 14 0.002025 0
16 2 2 51 - - -
16 2 2 52 16 0.002544 0
16 2 2 53 13 0.002025 0
16 2 2 54 17 0.002286 0
16 2 2 55 - - -
16 2 2 56 - - -
16 2 2 57 15 0.002184 0
16 2 2 58 - - -
16 2 2 59 - - -
16 2 2 60 - - -
16 2 2 61 - - -
16 2 2 62 - - -
16 2 2 63 - - -
16 2 2 64 - - -
16 2 2 65 - - -
16 2 2 66 - - -
16 2 2 67 - - -
16 2 2 68 - - -
16 2 2 69 13 0.002059 0
16 2 2 70 14 0.002321 0
16 2 2 71 - - -
16 2 2 72 - - -
16 2 2 73 - - -
16 2 2 74 15 0.002301 0
16 2 2 75 13 0.002135 0
16 2 2 76 - - -
16 2 2 77 - - -
16 2 2 78 - - -
16 2 2 79 17 0.002566 0
16 2 2 80 - - -
16 2 2 81 - - -
16 2 2 82 - - -
16 2 2 83 - - -
16 2 2 84 - - -
16 2 2 85 - - -
16 2 2 86 - - -
16 2 2 87 - - -
16 2 2 88 - - -
16 2 2 89 - - -
16 2 2 90 - - -
16 2 2 91 - - -
16 2 2 92 - - -
16 2 2 93 - - -
16 2 2 94 - - -
16 2 2 95 17 0.003681 0
16 2 2 96 - - -
16 2 2 97 - - -
16 2 2 98 - - -
16 2 2 99 - - -
16 4 0 0 19 0.006168 0
16 4 0 1 13 0.002588 0
16 4 0 2 16 0.004485 0
16 4 0 3 16 0.003814 0
16 4 0 4 19 0.005252 0
16 4 0 5 17 0.003636 0
16 4 0 6 18 0.006215 0
16 4 0 7 21 0.006748 0
16 4 0 8 20 0.005416 0
16 4 0 9 17 0.003789 0
16 4 0 10 18 0.004321 0
16 4 0 11 14 0.002762 0
16 4 0 12 16 0.003511 0
16 4 0 13 18 0.004760 0
16 4 0 14 19 0.004411 0
16 4 0 15 18 0.004065 0
16 4 0 16 18 0.004137 0
16 4 0 17 17 0.005672 0
16 4 0 18 17 0.003990 0
16 4 0 19 17 0.005167 0
16 4 0 20 20 0.007101 0
16 4 0 21 18 0.004954 0
16 4 0 22 16 0.004021 0
16 4 0 23 17 0.005456 0
16 4 0 24 14 0.003358 0
16 4 0 25 15 0.004822 0
16 4 0 26 10 0.002001 0
16 4 0 27 16 0.005256 0
16 4 0 28 20 0.006409 2
16 4 0 29 19 0.005462 0
16 4 0 30 16 0.005177 0
16 4 0 31 17 0.005310 0
16 4 0 32 17 0.005374 0
16 4 0 33 12 0.002674 0
16 4 0 34 19 0.005476 0
16 4 0 35 16 0.004727 0
16 4 0 36 17 0.004240 0
16 4 0 37 17 0.004763 0
16 4 0 38 19 0.005402 0
16 4 0 39 16 0.004479 0
16 4 0 40 12 0.002161 0
16 4 0 41 15 0.003941 0
16 4 0 42 17 0.004206 0
16 4 0 43 22 0.006892 0
16 4 0 44 19 0.005787 0
16 4 0 45 16 0.003652 0
16 4 0 46 16 0.003916 0
16 4 0 47 16 0.003366 0
16 4 0 48 18 0.006573 0
16 4 0 49 14 0.003320 0
16 4 0 50 15 0.003160 0
16 4 0 51 20 0.008281 2
16 4 0 52 18 0.005185 0
16 4 0 53 14 0.004366 0
16 4 0 54 17 0.004333 0
16 4 0 55 19 0.005043 0
16 4 0 56 18 0.005326 0
16 4 0 57 15 0.003677 0
16 4 0 58 20 0.006434 0
16 4 0 59 19 0.005367 0
16 4 0 60 20 0.006338 0
16 4 0 61 19 0.005725 0
16 4 0 62 20 0.007191 0
16 4 0 63 17 0.005397 0
16 4 0 64 17 0.005735 0
16 4 0 65 18 0.005177 0
16 4 0 66 18 0.005464 0
16 4 0 67 21 0.006802 0
16 4 0 68 16 0.005591 0
16 4 0 69 14 0.004091 0
16 4 0 70 17 0.004818 0
16 4 0 71 20 0.008525 0
16 4 0 72 21 0.008368 0
16 4 0 73 16 0.004550 0
16 4 0 74 17 0.004621 0
16 4 0 75 13 0.003121 0
16 4 0 76 18 0.006127 0
16 4 0 77 18 0.005283 0
16 4 0 78 17 0.004864 0
16 4 0 79 16 0.003828 0
16 4 0 80 20 0.008027 0
16 4 0 81 20 0.005459 0
16 4 0 82 21 0.006586 0
16 4 0 83 19 0.005923 2
16 4 0 84 17 0.004868 0
16 4 0 85 21 0.007637 0
16 4 0 86 20 0.004788 0
16 4 0 87 18 0.004490 0
16 4 0 88 19 0.005682 0
16 4 0 89 21 0.006258 0
16 4 0 90 19 0.006472 0
16 4 0 91 19 0.006643 2
16 4 0 92 17 0.003854 0
16 4 0 93 20 0.007269 2
16 4 0 94 20 0.005634 0
16 4 0 95 18 0.003902 0
16 4 0 96 17 0.004555 0
16 4 0 97 19 0.005706 0
16 4 0 98 19 0.005301 0
16 4 0 99 21 0.009070 2
16 4 1 0 19 0.005786 0
16 4 1 1 13 0.002389 0
16 4 1 2 16 0.004288 0
16 4 1 3 15 0.003546 0
16 4 1 4 18 0.004633 0
16 4 1 5 16 0.003223 0
16 4 1 6 17 0.005318 0
16 4 1 7 19 0.006243 0
16 4 1 8 18 0.004304 0
16 4 1 9 17 0.003856 0
16 4 1 10 17 0.003728 0
16 4 1 11 14 0.002807 0
16 4 1 12 16 0.003687 0
16 4 1 13 18 0.005057 0
16 4 1 14 18 0.004539 0
16 4 1 15 17 0.004269 0
16 4 1 16 17 0.003978 0
16 4 1 17 17 0.005349 0
16 4 1 18 16 0.004063 0
16 4 1 19 16 0.004037 0
16 4 1 20 18 0.006754 0
16 4 1 21 17 0.004458 0
16 4 1 22 16 0.003833 0
16 4 1 23 17 0.005712 0
16 4 1 24 13 0.002881 0
16 4 1 25 15 0.004725 0
16 4 1 26 10 0.001847 0
16 4 1 27 15 0.004544 0
16 4 1 28 18 0.005640 2
16 4 1 29 19 0.004866 0
16 4 1 30 15 0.004162 0
16 4 1 31 17 0.004668 0
16 4 1 32 17 0.004500 0
16 4 1 33 12 0.002273 0
16 4 1 34 17 0.004883 0
16 4 1 35 15 0.004448 0
16 4 1 36 16 0.003691 0
16 4 1 37 16 0.003879 0
16 4 1 38 17 0.004759 0
16 4 1 39 15 0.003748 0
16 4 1 40 12 0.002024 0
16 4 1 41 15 0.003965 0
16 4 1 42 17 0.003744 0
16 4 1 43 19 0.005755 0
16 4 1 44 17 0.005072 0
16 4 1 45 16 0.003649 0
16 4 1 46 16 0.004446 0
16 4 1 47 16 0.003196 0
16 4 1 48 18 0.006214 0
16 4 1 49 14 0.003286 0
16 4 1 50 15 0.003125 0
16 4 1 51 18 0.006255 2
16 4 1 52 17 0.004717 0
16 4 1 53 14 0.003694 0
16 4 1 54 15 0.003684 0
16 4 1 55 18 0.004836 0
16 4 1 56 17 0.004382 0
16 4 1 57 15 0.003994 0
16 4 1 58 18 0.005057 0
16 4 1 59 18 0.004979 0
16 4 1 60 17 0.004311 0
16 4 1 61 17 0.004330 0
16 4 1 62 18 0.004902 0
16 4 1 63 17 0.004158 0
16 4 1 64 16 0.004337 0
16 4 1 65 17 0.004547 0
16 4 1 66 17 0.004177 0
16 4 1 67 19 0.005574 0
16 4 1 68 16 0.004068 0
16 4 1 69 14 0.003120 0
16 4 1 70 16 0.003947 0
16 4 1 71 19 0.007074 0
16 4 1 72 18 0.005741 0
16 4 1 73 15 0.003367 0
16 4 1 74 16 0.003789 0
16 4 1 75 13 0.002396 0
16 4 1 76 18 0.006382 0
16 4 1 77 17 0.005174 0
16 4 1 78 17 0.006058 0
16 4 1 79 15 0.003576 0
16 4 1 80 18 0.005819 0
16 4 1 81 19 0.005113 0
16 4 1 82 18 0.004646 0
16 4 1 83 18 0.005351 2
16 4 1 84 16 0.004050 0
16 4 1 85 19 0.006907 0
16 4 1 86 18 0.004276 0
16 4 1 87 17 0.003832 0
16 4 1 88 18 0.005091 0
16 4 1 89 18 0.004855 0
16 4 1 90 18 0.005540 0
16 4 1 91 17 0.005394 2
16 4 1 92 16 0.003473 0
16 4 1 93 18 0.006017 2
16 4 1 94 18 0.004520 0
16 4 1 95 17 0.004076 0
16 4 1 96 16 0.004140 0
16 4 1 97 16 0.005415 0
16 4 1 98 18 0.005056 0
16 4 1 99 19 0.007138 2
16 4 2 0 19 0.002628 0
16 4 2 1 13 0.002240 0
16 4 2 2 19 0.002968 0
16 4 2 3 17 0.003184 0
16 4 2 4 19 0.003079 0
16 4 2 5 15 0.002400 0
16 4 2 6 16 0.002997 0
16 4 2 7 18 0.002972 0
16 4 2 8 18 0.003446 0
16 4 2 9 16 0.003043 0
16 4 2 10 13 0.002033 0
16 4 2 11 17 0.002985 0
16 4 2 12 15 0.003332 0
16 4 2 13 18 0.002679 0
16 4 2 14 18 0.002803 0
16 4 2 15 17 0.003112 0
16 4 2 16 15 0.002699 0
16 4 2 17 11 0.001945 0
16 4 2 18 15 0.002497 0
16 4 2 19 17 0.002767 0
16 4 2 20 - - -
16 4 2 21 - - -
16 4 2 22 16 0.003085 0
16 4 2 23 11 0.001770 0
16 4 2 24 14 0.003493 0
16 4 2 25 17 0.003050 0
16 4 2 26 9 0.001582 0
16 4 2 27 9 0.001750 0
16 4 2 28 19 0.002922 0
16 4 2 29 17 0.002980 0
16 4 2 30 16 0.002396 0
16 4 2 31 - - -
16 4 2 32 17 0.002819 0
16 4 2 33 12 0.002353 0
16 4 2 34 11 0.001536 0
16 4 2 35 17 0.002528 0
16 4 2 36 11 0.001890 0
16 4 2 37 15 0.002468 0
16 4 2 38 11 0.001554 0
16 4 2 39 12 0.002111 0
16 4 2 40 12 0.002161 0
16 4 2 41 17 0.003477 0
16 4 2 42 16 0.003619 0
16 4 2 43 - - -
16 4 2 44 - - -
16 4 2 45 18 0.003490 0
16 4 2 46 14 0.002346 0
16 4 2 47 14 0.002754 0
16 4 2 48 15 0.003099 0
16 4 2 49 13 0.002637 0
16 4 2 50 13 0.002699 0
16 4 2 51 19 0.003510 0
16 4 2 52 14 0.003594 0
16 4 2 53 12 0.003319 0
16 4 2 54 17 0.003075 0
16 4 2 55 - - -
16 4 2 56 16 0.002988 0
16 4 2 57 12 0.002713 0
16 4 2 58 - - -
16 4 2 59 - - -
16 4 2 60 - - -
16 4 2 61 - - -
16 4 2 62 - - -
16 4 2 63 17 0.003202 0
16 4 2 64 11 0.002365 0
16 4 2 65 17 0.003410 0
16 4 2 66 17 0.002941 0
16 4 2 67 19 0.002937 0
16 4 2 68 12 0.002486 0
16 4 2 69 14 0.003344 0
16 4 2 70 14 0.003068 0
16 4 2 71 - - -
16 4 2 72 - - -
16 4 2 73 13 0.003180 0
16 4 2 74 14 0.002967 0
16 4 2 75 13 0.003784 0
16 4 2 76 19 0.003468 0
16 4 2 77 - - -
16 4 2 78 17 0.003162 0
16 4 2 79 18 0.003632 0
16 4 2 80 - - -
16 4 2 81 19 0.003293 0
16 4 2 82 - - -
16 4 2 83 19 0.003099 0
16 4 2 84 19 0.003355 0
16 4 2 85 - - -
16 4 2 86 16 0.002465 0
16 4 2 87 12 0.002408 0
16 4 2 88 - - -
16 4 2 89 - - -
16 4 2 90 18 0.003581 0
16 4 2 91 - - -
16 4 2 92 10 0.001784 0
16 4 2 93 - - -
16 4 2 94 19 0.003321 0
16 4 2 95 17 0.003380 0
16 4 2 96 10 0.001984 0
16 4 2 97 - - -
16 4 2 98 17 0.003182 0
16 4 2 99 - - -
16 4 4 0 - - -
16 4 4 1 - - -
16 4 4 2 - - -
16 4 4 3 - - -
16 4 4 4 - - -
16 4 4 5 - - -
16 4 4 6 - - -
16 4 4 7 - - -
16 4 4 8 - - -
16 4 4 9 - - -
16 4 4 10 - - -
16 4 4 11 - - -
16 4 4 12 - - -
16 4 4 13 - - -
16 4 4 14 - - -
16 4 4 15 - - -
16 4 4 16 - - -
16 4 4 17 - - -
16 4 4 18 - - -
16 4 4 19 - - -
16 4 4 20 - - -
16 4 4 21 - - -
16 4 4 22 - - -
16 4 4 23 - - -
16 4 4 24 - - -
16 4 4 25 - - -
16 4 4 26 12 0.001870 0
16 4 4 27 - - -
16 4 4 28 - - -
16 4 4 29 - - -
16 4 4 30 - - -
16 4 4 31 - - -
16 4 4 32 - - -
16 4 4 33 - - -
16 4 4 34 - - -
16 4 4 35 - - -
16 4 4 36 - - -
16 4 4 37 - - -
16 4 4 38 - - -
16 4 4 39 - - -
16 4 4 40 13 0.002010 0
16 4 4 41 - - -
16 4 4 42 - - -
16 4 4 43 - - -
16 4 4 44 - - -
16 4 4 45 - - -
16 4 4 46 - - -
16 4 4 47 16 0.002553 0
16 4 4 48 - - -
16 4 4 49 - - -
16 4 4 50 - - -
16 4 4 51 - - -
16 4 4 52 - - -
16 4 4 53 - - -
16 4 4 54 - - -
16 4 4 55 - - -
16 4 4 56 - - -
16 4 4 57 - - -
16 4 4 58 - - -
16 4 4 59 - - -
16 4 4 60 - - -
16 4 4 61 - - -
16 4 4 62 - - -
16 4 4 63 - - -
16 4 4 64 - - -
16 4 4 65 - - -
16 4 4 66 - - -
16 4 4 67 - - -
16 4 4 68 - - -
16 4 4 69 14 0.002084 0
16 4 4 70 - - -
16 4 4 71 - - -
16 4 4 72 - - -
16 4 4 73 - - -
16 4 4 74 - - -
16 4 4 75 - - -
16 4 4 76 - - -
16 4 4 77 - - -
16 4 4 78 - - -
16 4 4 79 - - -
16 4 4 80 - - -
16 4 4 81 - - -
16 4 4 82 - - -
16 4 4 83 - - -
16 4 4 84 - - -
16 4 4 85 - - -
16 4 4 86 - - -
16 4 4 87 - - -
16 4 4 88 - - -
16 4 4 89 - - -
16 4 4 90 - - -
16 4 4 91 - - -
16 4 4 92 - - -
16 4 4 93 - - -
16 4 4 94 - - -
16 4 4 95 - - -
16 4 4 96 - - -
16 4 4 97 - - -
16 4 4 98 - - -
16 4 4 99 - - -
16 8 0 0 23 0.010751 0
16 8 0 1 15 0.003599 0
16 8 0 2 19 0.007390 0
16 8 0 3 21 0.008351 0
16 8 0 4 23 0.010348 0
16 8 0 5 21 0.006220 0
16 8 0 6 20 0.008962 0
16 8 0 7 24 0.010951 0
16 8 0 8 24 0.008281 0
16 8 0 9 18 0.005313 0
16 8 0 10 21 0.006103 0
16 8 0 11 18 0.005198 0
16 8 0 12 16 0.004382 0
16 8 0 13 24 0.009828 0
16 8 0 14 23 0.007726 0
16 8 0 15 22 0.007424 0
16 8 0 16 23 0.007541 0
16 8 0 17 20 0.008417 0
16 8 0 18 22 0.008663 0
16 8 0 19 20 0.007907 0
16 8 0 20 26 0.013885 0
16 8 0 21 24 0.010668 0
16 8 0 22 18 0.005506 0
16 8 0 23 20 0.008299 0
16 8 0 24 14 0.003480 0
16 8 0 25 17 0.007009 0
16 8 0 26 13 0.002571 0
16 8 0 27 17 0.005876 0
16 8 0 28 24 0.010347 2
16 8 0 29 25 0.008259 0
16 8 0 30 18 0.006173 0
16 8 0 31 21 0.008097 0
16 8 0 32 22 0.007998 0
16 8 0 33 14 0.003365 0
16 8 0 34 20 0.007845 0
16 8 0 35 20 0.006449 0
16 8 0 36 18 0.004728 0
16 8 0 37 18 0.005659 0
16 8 0 38 21 0.007549 0
16 8 0 39 18 0.005690 0
16 8 0 40 13 0.002574 0
16 8 0 41 21 0.008111 0
16 8 0 42 20 0.005320 0
16 8 0 43 28 0.014366 0
16 8 0 44 26 0.012617 0
16 8 0 45 19 0.005735 0
16 8 0 46 18 0.005852 0
16 8 0 47 16 0.003712 0
16 8 0 48 19 0.008291 0
16 8 0 49 17 0.005105 0
16 8 0 50 18 0.004605 0
16 8 0 51 24 0.010898 2
16 8 0 52 22 0.008242 0
16 8 0 53 15 0.004166 0
16 8 0 54 19 0.006315 0
16 8 0 55 24 0.010293 0
16 8 0 56 20 0.006746 0
16 8 0 57 18 0.005232 0
16 8 0 58 25 0.010188 0
16 8 0 59 24 0.009488 0
16 8 0 60 25 0.010643 0
16 8 0 61 23 0.008807 0
16 8 0 62 22 0.009306 0
16 8 0 63 19 0.006094 0
16 8 0 64 20 0.007850 0
16 8 0 65 20 0.007288 0
16 8 0 66 21 0.008110 0
16 8 0 67 25 0.011458 0
16 8 0 68 19 0.006532 0
16 8 0 69 17 0.004674 0
16 8 0 70 18 0.005585 0
16 8 0 71 26 0.016573 0
16 8 0 72 27 0.014851 0
16 8 0 73 19 0.006630 0
16 8 0 74 20 0.007075 0
16 8 0 75 16 0.003866 0
16 8 0 76 24 0.011706 0
16 8 0 77 23 0.011180 0
16 8 0 78 22 0.009312 0
16 8 0 79 21 0.007891 0
16 8 0 80 23 0.011317 0
16 8 0 81 25 0.011064 0
16 8 0 82 26 0.013629 0
16 8 0 83 22 0.009331 2
16 8 0 84 21 0.009404 0
16 8 0 85 26 0.015718 0
16 8 0 86 23 0.008589 0
16 8 0 87 19 0.005690 0
16 8 0 88 26 0.013209 0
16 8 0 89 27 0.013526 0
16 8 0 90 22 0.010000 0
16 8 0 91 23 0.009787 2
16 8 0 92 20 0.005974 0
16 8 0 93 26 0.013845 2
16 8 0 94 24 0.009273 0
16 8 0 95 23 0.007264 0
16 8 0 96 19 0.006509 0
16 8 0 97 21 0.008218 0
16 8 0 98 23 0.009859 0
16 8 0 99 27 0.017062 2
16 8 1 0 21 0.009101 0
16 8 1 1 15 0.003802 0
16 8 1 2 19 0.007687 0
16 8 1 3 20 0.007531 0
16 8 1 4 21 0.008354 0
16 8 1 5 18 0.004879 0
16 8 1 6 19 0.008941 0
16 8 1 7 21 0.009600 0
16 8 1 8 21 0.007327 0
16 8 1 9 17 0.005099 0
16 8 1 10 19 0.006386 0
16 8 1 11 18 0.005825 0
16 8 1 12 15 0.004784 0
16 8 1 13 21 0.008473 0
16 8 1 14 21 0.007023 0
16 8 1 15 20 0.006791 0
16 8 1 16 21 0.007595 0
16 8 1 17 19 0.007968 0
16 8 1 18 20 0.006860 0
16 8 1 19 19 0.007166 0
16 8 1 20 22 0.010924 0
16 8 1 21 21 0.008549 0
16 8 1 22 17 0.005777 0
16 8 1 23 19 0.007993 0
16 8 1 24 14 0.003535 0
16 8 1 25 17 0.006717 0
16 8 1 26 13 0.003084 0
16 8 1 27 16 0.006205 0
16 8 1 28 21 0.008533 2
16 8 1 29 21 0.006689 0
16 8 1 30 18 0.006564 0
16 8 1 31 20 0.007607 0
16 8 1 32 20 0.006935 0
16 8 1 33 14 0.003703 0
16 8 1 34 19 0.007170 0
16 8 1 35 19 0.007010 0
16 8 1 36 17 0.004526 0
16 8 1 37 17 0.006020 0
16 8 1 38 19 0.006900 0
16 8 1 39 16 0.004813 0
16 8 1 40 13 0.002741 0
16 8 1 41 20 0.008420 0
16 8 1 42 18 0.005031 0
16 8 1 43 23 0.009499 0
16 8 1 44 22 0.010140 0
16 8 1 45 18 0.005582 0
16 8 1 46 18 0.006758 0
16 8 1 47 15 0.003897 0
16 8 1 48 19 0.008172 0
16 8 1 49 17 0.005345 0
16 8 1 50 16 0.004007 0
16 8 1 51 22 0.010901 2
16 8 1 52 19 0.006971 0
16 8 1 53 14 0.004681 0
16 8 1 54 19 0.006455 0
16 8 1 55 21 0.007312 0
16 8 1 56 18 0.005922 0
16 8 1 57 17 0.005209 0
16 8 1 58 22 0.008620 0
16 8 1 59 21 0.008434 0
16 8 1 60 21 0.007682 0
16 8 1 61 21 0.007376 0
16 8 1 62 21 0.008433 0
16 8 1 63 17 0.005011 0
16 8 1 64 18 0.006973 0
16 8 1 65 19 0.006307 0
16 8 1 66 18 0.007123 0
16 8 1 67 22 0.009863 0
16 8 1 68 18 0.006343 0
16 8 1 69 16 0.004884 0
16 8 1 70 17 0.005874 0
16 8 1 71 22 0.011087 0
16 8 1 72 22 0.010186 0
16 8 1 73 18 0.005781 0
16 8 1 74 19 0.006064 0
16 8 1 75 15 0.003136 0
16 8 1 76 21 0.009207 0
16 8 1 77 21 0.008546 0
16 8 1 78 20 0.007290 0
16 8 1 79 20 0.006531 0
16 8 1 80 21 0.009194 0
16 8 1 81 22 0.008911 0
16 8 1 82 22 0.008288 0
16 8 1 83 21 0.008083 2
16 8 1 84 20 0.006890 0
16 8 1 85 22 0.009359 0
16 8 1 86 21 0.007278 0
16 8 1 87 17 0.004411 0
16 8 1 88 22 0.009548 0
16 8 1 89 22 0.008516 0
16 8 1 90 21 0.009167 0
16 8 1 91 21 0.008882 2
16 8 1 92 19 0.005709 0
16 8 1 93 22 0.011086 2
16 8 1 94 21 0.008008 0
16 8 1 95 20 0.006380 0
16 8 1 96 18 0.006483 0
16 8 1 97 20 0.008183 0
16 8 1 98 21 0.008900 0
16 8 1 99 23 0.012280 2
16 8 2 0 19 0.003762 0
16 8 2 1 14 0.003011 0
16 8 2 2 20 0.004660 0
16 8 2 3 17 0.004441 0
16 8 2 4 19 0.004204 0
16 8 2 5 16 0.004150 0
16 8 2 6 17 0.004710 0
16 8 2 7 18 0.005252 0
16 8 2 8 17 0.003748 0
16 8 2 9 18 0.004614 0
16 8 2 10 16 0.003278 0
16 8 2 11 19 0.004054 0
16 8 2 12 15 0.003767 0
16 8 2 13 20 0.004195 0
16 8 2 14 19 0.003979 0
16 8 2 15 17 0.003757 0
16 8 2 16 16 0.003881 0
16 8 2 17 13 0.003925 0
16 8 2 18 15 0.003641 0
16 8 2 19 17 0.003849 0
16 8 2 20 23 0.004698 0
16 8 2 21 22 0.003885 0
16 8 2 22 17 0.004994 0
16 8 2 23 13 0.003722 0
16 8 2 24 15 0.003309 0
16 8 2 25 18 0.005805 0
16 8 2 26 11 0.002359 0
16 8 2 27 10 0.002640 0
16 8 2 28 19 0.005489 2
16 8 2 29 17 0.005295 0
16 8 2 30 17 0.004844 0
16 8 2 31 17 0.003486 0
16 8 2 32 17 0.004505 0
16 8 2 33 12 0.003043 0
16 8 2 34 12 0.002695 0
16 8 2 35 17 0.003625 0
16 8 2 36 11 0.002142 0
16 8 2 37 15 0.003183 0
16 8 2 38 13 0.002458 0
16 8 2 39 14 0.003260 0
16 8 2 40 15 0.002973 0
16 8 2 41 17 0.004165 0
16 8 2 42 17 0.004176 0
16 8 2 43 23 0.004429 0
16 8 2 44 20 0.003607 0
16 8 2 45 16 0.003662 0
16 8 2 46 16 0.004323 0
16 8 2 47 11 0.002500 0
16 8 2 48 17 0.004984 0
16 8 2 49 12 0.002924 0
16 8 2 50 13 0.003211 0
16 8 2 51 19 0.004291 2
16 8 2 52 15 0.004303 0
16 8 2 53 12 0.003362 0
16 8 2 54 18 0.004512 0
16 8 2 55 13 0.002434 0
16 8 2 56 16 0.003490 0
16 8 2 57 14 0.002968 0
16 8 2 58 23 0.004173 0
16 8 2 59 20 0.003801 0
16 8 2 60 - - -
16 8 2 61 11 0.001971 0
16 8 2 62 18 0.003684 0
16 8 2 63 18 0.004675 0
16 8 2 64 13 0.004019 0
16 8 2 65 17 0.005060 0
16 8 2 66 18 0.004319 0
16 8 2 67 19 0.004457 0
16 8 2 68 14 0.005945 0
16 8 2 69 13 0.003985 0
16 8 2 70 17 0.006533 0
16 8 2 71 22 0.004220 0
16 8 2 72 13 0.001927 0
16 8 2 73 16 0.004048 0
16 8 2 74 16 0.004582 0
16 8 2 75 14 0.003315 0
16 8 2 76 19 0.006760 0
16 8 2 77 21 0.004544 0
16 8 2 78 17 0.004982 0
16 8 2 79 18 0.004733 0
16 8 2 80 18 0.005255 0
16 8 2 81 19 0.005034 0
16 8 2 82 - - -
16 8 2 83 19 0.005273 2
16 8 2 84 21 0.004826 0
16 8 2 85 - - -
16 8 2 86 17 0.003781 0
16 8 2 87 14 0.003760 0
16 8 2 88 19 0.004003 0
16 8 2 89 23 0.004131 0
16 8 2 90 20 0.006527 0
16 8 2 91 11 0.002283 0
16 8 2 92 12 0.002832 0
16 8 2 93 20 0.003556 0
16 8 2 94 19 0.004802 0
16 8 2 95 17 0.004466 0
16 8 2 96 11 0.002303 0
16 8 2 97 10 0.001804 0
16 8 2 98 17 0.004516 0
16 8 2 99 23 0.004105 0
16 8 4 0 - - -
16 8 4 1 14 0.002286 0
16 8 4 2 - - -
16 8 4 3 - - -
16 8 4 4 - - -
16 8 4 5 - - -
16 8 4 6 - - -
16 8 4 7 - - -
16 8 4 8 - - -
16 8 4 9 - - -
16 8 4 10 - - -
16 8 4 11 - - -
16 8 4 12 17 0.002241 0
16 8 4 13 - - -
16 8 4 14 - - -
16 8 4 15 - - -
16 8 4 16 - - -
16 8 4 17 - - -
16 8 4 18 - - -
16 8 4 19 - - -
16 8 4 20 - - -
16 8 4 21 - - -
16 8 4 22 - - -
16 8 4 23 - - -
16 8 4 24 - - -
16 8 4 25 - - -
16 8 4 26 12 0.002322 0
16 8 4 27 - - -
16 8 4 28 - - -
16 8 4 29 - - -
16 8 4 30 - - -
16 8 4 31 - - -
16 8 4 32 - - -
16 8 4 33 11 0.001843 0
16 8 4 34 - - -
16 8 4 35 - - -
16 8 4 36 - - -
16 8 4 37 - - -
16 8 4 38 - - -
16 8 4 39 - - -
16 8 4 40 11 0.001761 0
16 8 4 41 - - -
16 8 4 42 - - -
16 8 4 43 - - -
16 8 4 44 - - -
16 8 4 45 - - -
16 8 4 46 - - -
16 8 4 47 14 0.002326 0
16 8 4 48 - - -
16 8 4 49 - - -
16 8 4 50 - - -
16 8 4 51 - - -
16 8 4 52 - - -
16 8 4 53 16 0.002603 0
16 8 4 54 - - -
16 8 4 55 - - -
16 8 4 56 - - -
16 8 4 57 - - -
16 8 4 58 - - -
16 8 4 59 - - -
16 8 4 60 - - -
16 8 4 61 - - -
16 8 4 62 - - -
16 8 4 63 - - -
16 8 4 64 - - -
16 8 4 65 - - -
16 8 4 66 - - -
16 8 4 67 - - -
16 8 4 68 - - -
16 8 4 69 14 0.002314 0
16 8 4 70 - - -
16 8 4 71 - - -
16 8 4 72 - - -
16 8 4 73 - - -
16 8 4 74 - - -
16 8 4 75 14 0.002233 0
16 8 4 76 - - -
16 8 4 77 - - -
16 8 4 78 - - -
16 8 4 79 - - -
16 8 4 80 - - -
16 8 4 81 - - -
16 8 4 82 - - -
16 8 4 83 - - -
16 8 4 84 - - -
16 8 4 85 - - -
16 8 4 86 - - -
16 8 4 87 - - -
16 8 4 88 - - -
16 8 4 89 - - -
16 8 4 90 - - -
16 8 4 91 - - -
16 8 4 92 - - -
16 8 4 93 - - -
16 8 4 94 - - -
16 8 4 95 - - -
16 8 4 96 - - -
16 8 4 97 - - -
16 8 4 98 - - -
16 8 4 99 - - -
16 8 8 0 - - -
16 8 8 1 - - -
16 8 8 2 - - -
16 8 8 3 - - -
16 8 8 4 - - -
16 8 8 5 - - -
16 8 8 6 - - -
16 8 8 7 - - -
16 8 8 8 - - -
16 8 8 9 - - -
16 8 8 10 - - -
16 8 8 11 - - -
16 8 8 12 - - -
16 8 8 13 - - -
16 8 8 14 - - -
16 8 8 15 - - -
16 8 8 16 - - -
16 8 8 17 - - -
16 8 8 18 - - -
16 8 8 19 - - -
16 8 8 20 - - -
16 8 8 21 - - -
16 8 8 22 - - -
16 8 8 23 - - -
16 8 8 24 - - -
16 8 8 25 - - -
16 8 8 26 - - -
16 8 8 27 - - -
16 8 8 28 - - -
16 8 8 29 - - -
16 8 8 30 - - -
16 8 8 31 - - -
16 8 8 32 - - -
16 8 8 33 - - -
16 8 8 34 - - -
16 8 8 35 - - -
16 8 8 36 - - -
16 8 8 37 - - -
16 8 8 38 - - -
16 8 8 39 - - -
16 8 8 40 - - -
16 8 8 41 - - -
16 8 8 42 - - -
16 8 8 43 - - -
16 8 8 44 - - -
16 8 8 45 - - -
16 8 8 46 - - -
16 8 8 47 - - -
16 8 8 48 - - -
16 8 8 49 - - -
16 8 8 50 - - -
16 8 8 51 - - -
16 8 8 52 - - -
16 8 8 53 - - -
16 8 8 54 - - -
16 8 8 55 - - -
16 8 8 56 - - -
16 8 8 57 - - -
16 8 8 58 - - -
16 8 8 59 - - -
16 8 8 60 - - -
16 8 8 61 - - -
16 8 8 62 - - -
16 8 8 63 - - -
16 8 8 64 - - -
16 8 8 65 - - -
16 8 8 66 - - -
16 8 8 67 - - -
16 8 8 68 - - -
16 8 8 69 - - -
16 8 8 70 - - -
16 8 8 71 - - -
16 8 8 72 - - -
16 8 8 73 - - -
16 8 8 74 - - -
16 8 8 75 - - -
16 8 8 76 - - -
16 8 8 77 - - -
16 8 8 78 - - -
16 8 8 79 - - -
16 8 8 80 - - -
16 8 8 81 - - -
16 8 8 82 - - -
16 8 8 83 - - -
16 8 8 84 - - -
16 8 8 85 - - -
16 8 8 86 - - -
16 8 8 87 - - -
16 8 8 88 - - -
16 8 8 89 - - -
16 8 8 90 - - -
16 8 8 91 - - -
16 8 8 92 - - -
16 8 8 93 - - -
16 8 8 94 - - -
16 8 8 95 - - -
16 8 8 96 - - -
16 8 8 97 - - -
16 8 8 98 - - -
16 8 8 99 - - -
16 16 0 0 23 0.010032 0
16 16 0 1 14 0.003032 0
16 16 0 2 20 0.007997 0
16 16 0 3 20 0.008475 0
16 16 0 4 23 0.009784 0
16 16 0 5 18 0.005188 0
16 16 0 6 20 0.010681 0
16 16 0 7 22 0.012440 0
16 16 0 8 22 0.008624 0
16 16 0 9 18 0.006264 0
16 16 0 10 20 0.007235 0
16 16 0 11 18 0.007576 0
16 16 0 12 15 0.004693 0
16 16 0 13 21 0.010961 0
16 16 0 14 22 0.009226 0
16 16 0 15 21 0.008754 0
16 16 0 16 21 0.008526 0
16 16 0 17 20 0.009454 0
16 16 0 18 20 0.008105 0
16 16 0 19 20 0.008637 0
16 16 0 20 26 0.015958 0
16 16 0 21 23 0.010979 0
16 16 0 22 18 0.006147 0
16 16 0 23 20 0.010890 0
16 16 0 24 15 0.004492 0
16 16 0 25 18 0.008206 0
16 16 0 26 12 0.002698 0
16 16 0 27 16 0.006496 0
16 16 0 28 23 0.011859 2
16 16 0 29 22 0.008785 0
16 16 0 30 18 0.007621 0
16 16 0 31 21 0.009728 0
16 16 0 32 20 0.008958 0
16 16 0 33 13 0.003563 0
16 16 0 34 20 0.008634 0
16 16 0 35 20 0.007899 0
16 16 0 36 18 0.004965 0
16 16 0 37 18 0.006788 0
16 16 0 38 20 0.008273 0
16 16 0 39 17 0.005119 0
16 16 0 40 12 0.002547 0
16 16 0 41 20 0.008301 0
16 16 0 42 18 0.005333 0
16 16 0 43 27 0.019682 0
16 16 0 44 23 0.009816 0
16 16 0 45 19 0.005519 0
16 16 0 46 19 0.006297 0
16 16 0 47 14 0.002998 0
16 16 0 48 20 0.007576 0
16 16 0 49 16 0.004152 0
16 16 0 50 16 0.003614 0
16 16 0 51 23 0.010066 2
16 16 0 52 19 0.005612 0
16 16 0 53 14 0.003719 0
16 16 0 54 20 0.006217 0
16 16 0 55 24 0.008142 0
16 16 0 56 19 0.004858 0
16 16 0 57 18 0.004720 0
16 16 0 58 25 0.009213 0
16 16 0 59 23 0.008385 0
16 16 0 60 25 0.010271 0
16 16 0 61 22 0.024280 0
16 16 0 62 22 0.007807 0
16 16 0 63 18 0.004962 0
16 16 0 64 18 0.006167 0
16 16 0 65 20 0.005589 0
16 16 0 66 19 0.005126 0
16 16 0 67 24 0.008891 0
16 16 0 68 17 0.004599 0
16 16 0 69 14 0.003285 0
16 16 0 70 16 0.003770 0
16 16 0 71 25 0.011407 0
16 16 0 72 25 0.010994 0
16 16 0 73 19 0.005406 0
16 16 0 74 20 0.005673 0
16 16 0 75 14 0.002489 0
16 16 0 76 22 0.008596 0
16 16 0 77 24 0.009960 0
16 16 0 78 21 0.006771 0
16 16 0 79 20 0.005518 0
16 16 0 80 22 0.008021 0
16 16 0 81 24 0.009159 0
16 16 0 82 26 0.011365 0
16 16 0 83 22 0.008179 2
16 16 0 84 22 0.009044 0
16 16 0 85 26 0.012869 0
16 16 0 86 22 0.007141 0
16 16 0 87 18 0.004657 0
16 16 0 88 24 0.011925 0
16 16 0 89 26 0.012284 0
16 16 0 90 22 0.009454 0
16 16 0 91 23 0.009935 2
16 16 0 92 20 0.005507 0
16 16 0 93 24 0.011518 2
16 16 0 94 23 0.008941 0
16 16 0 95 20 0.005829 0
16 16 0 96 19 0.006063 0
16 16 0 97 21 0.008083 0
16 16 0 98 22 0.010045 0
16 16 0 99 26 0.015460 2
16 16 1 0 23 0.010806 0
16 16 1 1 14 0.003061 0
16 16 1 2 20 0.007122 0
16 16 1 3 20 0.007429 0
16 16 1 4 23 0.009772 0
16 16 1 5 18 0.006200 0
16 16 1 6 20 0.010242 0
16 16 1 7 22 0.009123 0
16 16 1 8 22 0.007053 0
16 16 1 9 18 0.004903 0
16 16 1 10 20 0.005786 0
16 16 1 11 18 0.005818 0
16 16 1 12 15 0.003879 0
16 16 1 13 21 0.010744 0
16 16 1 14 22 0.007434 0
16 16 1 15 21 0.006878 0
16 16 1 16 21 0.007700 0
16 16 1 17 20 0.008032 0
16 16 1 18 20 0.006052 0
16 16 1 19 20 0.006309 0
16 16 1 20 26 0.013053 0
16 16 1 21 23 0.009183 0
16 16 1 22 18 0.005168 0
16 16 1 23 20 0.007084 0
16 16 1 24 15 0.003129 0
16 16 1 25 18 0.005984 0
16 16 1 26 12 0.002163 0
16 16 1 27 16 0.005186 0
16 16 1 28 23 0.009441 2
16 16 1 29 22 0.007424 0
16 16 1 30 18 0.007378 0
16 16 1 31 21 0.008975 0
16 16 1 32 20 0.007657 0
16 16 1 33 13 0.003177 0
16 16 1 34 20 0.008599 0
16 16 1 35 20 0.006351 0
16 16 1 36 18 0.004791 0
16 16 1 37 18 0.005656 0
16 16 1 38 20 0.006501 0
16 16 1 39 17 0.004490 0
16 16 1 40 12 0.002223 0
16 16 1 41 20 0.007080 0
16 16 1 42 18 0.004299 0
16 16 1 43 27 0.011883 0
16 16 1 44 23 0.009441 0
16 16 1 45 19 0.005749 0
16 16 1 46 19 0.006168 0
16 16 1 47 14 0.002975 0
16 16 1 48 20 0.007214 0
16 16 1 49 16 0.004045 0
16 16 1 50 16 0.003534 0
16 16 1 51 23 0.009756 2
16 16 1 52 19 0.006379 0
16 16 1 53 14 0.003584 0
16 16 1 54 20 0.006537 0
16 16 1 55 24 0.008884 0
16 16 1 56 19 0.005904 0
16 16 1 57 18 0.005807 0
16 16 1 58 25 0.011152 0
16 16 1 59 23 0.009651 0
16 16 1 60 25 0.011245 0
16 16 1 61 22 0.007625 0
16 16 1 62 22 0.008639 0
16 16 1 63 18 0.005267 0
16 16 1 64 18 0.005969 0
16 16 1 65 20 0.007012 0
16 16 1 66 19 0.006005 0
16 16 1 67 24 0.010514 0
16 16 1 68 17 0.005566 0
16 16 1 69 14 0.003816 0
16 16 1 70 16 0.004612 0
16 16 1 71 25 0.014340 0
16 16 1 72 25 0.013338 0
16 16 1 73 19 0.006253 0
16 16 1 74 20 0.013997 0
16 16 1 75 14 0.004691 0
16 16 1 76 22 0.015180 0
16 16 1 77 24 0.016525 0
16 16 1 78 21 0.014189 0
16 16 1 79 20 0.012128 0
16 16 1 80 22 0.019512 0
16 16 1 81 24 0.021476 0
16 16 1 82 26 0.028565 0
16 16 1 83 22 0.020650 2
16 16 1 84 22 0.018979 0
16 16 1 85 26 0.023137 0
16 16 1 86 22 0.012129 0
16 16 1 87 18 0.009113 0
16 16 1 88 24 0.017173 0
16 16 1 89 26 0.016883 0
16 16 1 90 22 0.012417 0
16 16 1 91 23 0.012074 2
16 16 1 92 20 0.007610 0
16 16 1 93 24 0.013585 2
16 16 1 94 23 0.010259 0
16 16 1 95 20 0.006667 0
16 16 1 96 19 0.007395 0
16 16 1 97 21 0.008983 0
16 16 1 98 22 0.010222 0
16 16 1 99 26 0.016439 2
16 16 2 0 19 0.007314 0
16 16 2 1 15 0.003732 0
16 16 2 2 20 0.006707 0
16 16 2 3 18 0.007469 0
16 16 2 4 19 0.007425 0
16 16 2 5 19 0.005634 0
16 16 2 6 21 0.010407 0
16 16 2 7 22 0.009813 0
16 16 2 8 21 0.007551 0
16 16 2 9 20 0.006953 0
16 16 2 10 18 0.006303 0
16 16 2 11 19 0.006692 0
16 16 2 12 15 0.004663 0
16 16 2 13 24 0.009158 0
16 16 2 14 20 0.006817 0
16 16 2 15 17 0.006889 0
16 16 2 16 18 0.006757 0
16 16 2 17 17 0.006885 0
16 16 2 18 19 0.007153 0
16 16 2 19 19 0.007721 0
16 16 2 20 23 0.010568 0
16 16 2 21 25 0.010128 0
16 16 2 22 20 0.007995 0
16 16 2 23 17 0.007488 0
16 16 2 24 16 0.004712 0
16 16 2 25 21 0.009890 0
16 16 2 26 11 0.002783 0
16 16 2 27 14 0.005434 0
16 16 2 28 19 0.008828 2
16 16 2 29 18 0.007216 0
16 16 2 30 19 0.007966 0
16 16 2 31 21 0.007300 0
16 16 2 32 17 0.006569 0
16 16 2 33 12 0.003413 0
16 16 2 34 16 0.005559 0
16 16 2 35 17 0.006424 0
16 16 2 36 15 0.004464 0
16 16 2 37 19 0.007360 0
16 16 2 38 17 0.005278 0
16 16 2 39 17 0.005275 0
16 16 2 40 13 0.002850 0
16 16 2 41 20 0.008255 0
16 16 2 42 18 0.005242 0
16 16 2 43 26 0.009161 0
16 16 2 44 24 0.008501 0
16 16 2 45 20 0.005924 0
16 16 2 46 20 0.006331 0
16 16 2 47 12 0.002851 0
16 16 2 48 17 0.007444 0
16 16 2 49 15 0.004686 0
16 16 2 50 15 0.004219 0
16 16 2 51 19 0.007695 2
16 16 2 52 18 0.006732 0
16 16 2 53 14 0.004443 0
16 16 2 54 22 0.007712 0
16 16 2 55 17 0.004865 0
16 16 2 56 20 0.006056 0
16 16 2 57 18 0.005403 0
16 16 2 58 27 0.008626 0
16 16 2 59 20 0.007887 0
16 16 2 60 15 0.004061 0
16 16 2 61 15 0.004856 0
16 16 2 62 22 0.007902 0
16 16 2 63 21 0.007520 0
16 16 2 64 17 0.006793 0
16 16 2 65 17 0.005893 0
16 16 2 66 22 0.007031 0
16 16 2 67 22 0.008141 0
16 16 2 68 14 0.005742 0
16 16 2 69 13 0.003737 0
16 16 2 70 15 0.005182 0
16 16 2 71 23 0.009183 0
16 16 2 72 17 0.004732 0
16 16 2 73 17 0.005744 0
16 16 2 74 20 0.007480 0
16 16 2 75 14 0.003282 0
16 16 2 76 19 0.009685 0
16 16 2 77 22 0.008253 0
16 16 2 78 21 0.007790 0
16 16 2 79 21 0.007141 0
16 16 2 80 22 0.008764 0
16 16 2 81 19 0.007385 0
16 16 2 82 17 0.004905 0
16 16 2 83 22 0.007785 2
16 16 2 84 24 0.008512 0
16 16 2 85 17 0.005604 0
16 16 2 86 20 0.006584 0
16 16 2 87 17 0.005617 0
16 16 2 88 23 0.008172 0
16 16 2 89 23 0.007744 0
16 16 2 90 24 0.010354 0
16 16 2 91 15 0.005601 2
16 16 2 92 16 0.004722 0
16 16 2 93 24 0.009314 2
16 16 2 94 19 0.007579 0
16 16 2 95 19 0.006657 0
16 16 2 96 15 0.004748 0
16 16 2 97 14 0.005065 0
16 16 2 98 17 0.006989 0
16 16 2 99 23 0.010061 2
16 16 4 0 - - -
16 16 4 1 14 0.003049 0
16 16 4 2 - - -
16 16 4 3 - - -
16 16 4 4 - - -
16 16 4 5 14 0.002392 0
16 16 4 6 - - -
16 16 4 7 - - -
16 16 4 8 - - -
16 16 4 9 15 0.002748 0
16 16 4 10 - - -
16 16 4 11 - - -
16 16 4 12 17 0.003281 0
16 16 4 13 - - -
16 16 4 14 - - -
16 16 4 15 - - -
16 16 4 16 - - -
16 16 4 17 - - -
16 16 4 18 15 0.002455 0
16 16 4 19 - - -
16 16 4 20 - - -
16 16 4 21 - - -
16 16 4 22 15 0.002517 0
16 16 4 23 - - -
16 16 4 24 13 0.002325 0
16 16 4 25 - - -
16 16 4 26 12 0.002545 0
16 16 4 27 13 0.002190 0
16 16 4 28 - - -
16 16 4 29 22 0.003725 0
16 16 4 30 - - -
16 16 4 31 - - -
16 16 4 32 - - -
16 16 4 33 11 0.002348 0
16 16 4 34 - - -
16 16 4 35 - - -
16 16 4 36 16 0.003193 0
16 16 4 37 15 0.002331 0
16 16 4 38 23 0.003315 0
16 16 4 39 13 0.002789 0
16 16 4 40 11 0.002223 0
16 16 4 41 - - -
16 16 4 42 18 0.003590 0
16 16 4 43 - - -
16 16 4 44 - - -
16 16 4 45 20 0.003624 0
16 16 4 46 - - -
16 16 4 47 14 0.003081 0
16 16 4 48 - - -
16 16 4 49 18 0.003781 0
16 16 4 50 12 0.002425 0
16 16 4 51 - - -
16 16 4 52 20 0.003689 0
16 16 4 53 16 0.004506 0
16 16 4 54 - - -
16 16 4 55 - - -
16 16 4 56 15 0.002282 0
16 16 4 57 15 0.003118 0
16 16 4 58 - - -
16 16 4 59 - - -
16 16 4 60 - - -
16 16 4 61 - - -
16 16 4 62 - - -
16 16 4 63 21 0.003748 0
16 16 4 64 15 0.002703 0
16 16 4 65 22 0.004053 0
16 16 4 66 23 0.003739 0
16 16 4 67 - - -
16 16 4 68 13 0.002304 0
16 16 4 69 14 0.004154 0
16 16 4 70 12 0.002545 0
16 16 4 71 - - -
16 16 4 72 - - -
16 16 4 73 16 0.002717 0
16 16 4 74 21 0.003644 0
16 16 4 75 14 0.002880 0
16 16 4 76 - - -
16 16 4 77 - - -
16 16 4 78 - - -
16 16 4 79 - - -
16 16 4 80 - - -
16 16 4 81 - - -
16 16 4 82 - - -
16 16 4 83 - - -
16 16 4 84 - - -
16 16 4 85 - - -
16 16 4 86 - - -
16 16 4 87 14 0.002375 0
16 16 4 88 - - -
16 16 4 89 - - -
16 16 4 90 - - -
16 16 4 91 - - -
16 16 4 92 - - -
16 16 4 93 - - -
16 16 4 94 - - -
16 16 4 95 15 0.002582 0
16 16 4 96 22 0.003664 0
16 16 4 97 - - -
16 16 4 98 - - -
16 16 4 99 - - -
16 16 8 0 - - -
16 16 8 1 - - -
16 16 8 2 - - -
16 16 8 3 - - -
16 16 8 4 - - -
16 16 8 5 - - -
16 16 8 6 - - -
16 16 8 7 - - -
16 16 8 8 - - -
16 16 8 9 - - -
16 16 8 10 - - -
16 16 8 11 - - -
16 16 8 12 - - -
16 16 8 13 - - -
16 16 8 14 - - -
16 16 8 15 - - -
16 16 8 16 - - -
16 16 8 17 - - -
16 16 8 18 - - -
16 16 8 19 - - -
16 16 8 20 - - -
16 16 8 21 - - -
16 16 8 22 - - -
16 16 8 23 - - -
16 16 8 24 - - -
16 16 8 25 - - -
16 16 8 26 - - -
16 16 8 27 - - -
16 16 8 28 - - -
16 16 8 29 - - -
16 16 8 30 - - -
16 16 8 31 - - -
16 16 8 32 - - -
16 16 8 33 - - -
16 16 8 34 - - -
16 16 8 35 - - -
16 16 8 36 - - -
16 16 8 37 - - -
16 16 8 38 - - -
16 16 8 39 - - -
16 16 8 40 - - -
16 16 8 41 - - -
16 16 8 42 - - -
16 16 8 43 - - -
16 16 8 44 - - -
16 16 8 45 - - -
16 16 8 46 - - -
16 16 8 47 - - -
16 16 8 48 - - -
16 16 8 49 - - -
16 16 8 50 - - -
16 16 8 51 - - -
16 16 8 52 - - -
16 16 8 53 - - -
16 16 8 54 - - -
16 16 8 55 - - -
16 16 8 56 - - -
16 16 8 57 - - -
16 16 8 58 - - -
16 16 8 59 - - -
16 16 8 60 - - -
16 16 8 61 - - -
16 16 8 62 - - -
16 16 8 63 - - -
16 16 8 64 - - -
16 16 8 65 - - -
16 16 8 66 - - -
16 16 8 67 - - -
16 16 8 68 - - -
16 16 8 69 - - -
16 16 8 70 - - -
16 16 8 71 - - -
16 16 8 72 - - -
16 16 8 73 - - -
16 16 8 74 - - -
16 16 8 75 - - -
16 16 8 76 - - -
16 16 8 77 - - -
16 16 8 78 - - -
16 16 8 79 - - -
16 16 8 80 - - -
16 16 8 81 - - -
16 16 8 82 - - -
16 16 8 83 - - -
16 16 8 84 - - -
16 16 8 85 - - -
16 16 8 86 - - -
16 16 8 87 - - -
16 16 8 88 - - -
16 16 8 89 - - -
16 16 8 90 - - -
16 16 8 91 - - -
16 16 8 92 - - -
16 16 8 93 - - -
16 16 8 94 - - -
16 16 8 95 - - -
16 16 8 96 - - -
16 16 8 97 - - -
16 16 8 98 - - -
16 16 8 99 - - -
16 16 16 0 - - -
16 16 16 1 - - -
16 16 16 2 - - -
16 16 16 3 - - -
16 16 16 4 - - -
16 16 16 5 - - -
16 16 16 6 - - -
16 16 16 7 - - -
16 16 16 8 - - -
16 16 16 9 - - -
16 16 16 10 - - -
16 16 16 11 - - -
16 16 16 12 - - -
16 16 16 13 - - -
16 16 16 14 - - -
16 16 16 15 - - -
16 16 16 16 - - -
16 16 16 17 - - -
16 16 16 18 - - -
16 16 16 19 - - -
16 16 16 20 - - -
16 16 16 21 - - -
16 16 16 22 - - -
16 16 16 23 - - -
16 16 16 24 - - -
16 16 16 25 - - -
16 16 16 26 - - -
16 16 16 27 - - -
16 16 16 28 - - -
16 16 16 29 - - -
16 16 16 30 - - -
16 16 16 31 - - -
16 16 16 32 - - -
16 16 16 33 - - -
16 16 16 34 - - -
16 16 16 35 - - -
16 16 16 36 - - -
16 16 16 37 - - -
16 16 16 38 - - -
16 16 16 39 - - -
16 16 16 40 - - -
16 16 16 41 - - -
16 16 16 42 - - -
16 16 16 43 - - -
16 16 16 44 - - -
16 16 16 45 - - -
16 16 16 46 - - -
16 16 16 47 - - -
16 16 16 48 - - -
16 16 16 49 - - -
16 16 16 50 - - -
16 16 16 51 - - -
16 16 16 52 - - -
16 16 16 53 - - -
16 16 16 54 - - -
16 16 16 55 - - -
16 16 16 56 - - -
16 16 16 57 - - -
16 16 16 58 - - -
16 16 16 59 - - -
16 16 16 60 - - -
16 16 16 61 - - -
16 16 16 62 - - -
16 16 16 63 - - -
16 16 16 64 - - -
16 16 16 65 - - -
16 16 16 66 - - -
16 16 16 67 - - -
16 16 16 68 - - -
16 16 16 69 - - -
16 16 16 70 - - -
16 16 16 71 - - -
16 16 16 72 - - -
16 16 16 73 - - -
16 16 16 74 - - -
16 16 16 75 - - -
16 16 16 76 - - -
16 16 16 77 - - -
16 16 16 78 - - -
16 16 16 79 - - -
16 16 16 80 - - -
16 16 16 81 - - -
16 16 16 82 - - -
16 16 16 83 - - -
16 16 16 84 - - -
16 16 16 85 - - -
16 16 16 86 - - -
16 16 16 87 - - -
16 16 16 88 - - -
16 16 16 89 - - -
16 16 16 90 - - -
16 16 16 91 - - -
16 16 16 92 - - -
16 16 16 93 - - -
16 16 16 94 - - -
16 16 16 95 - - -
16 16 16 96 - - -
16 16 16 97 - - -
16 16 16 98 - - -
16 16 16 99 - - -
