4 1 0 0 3 0.000427 1
4 1 0 1 4 0.000558 0
4 1 0 2 4 0.000579 2
4 1 0 3 4 0.000540 1
4 1 0 4 4 0.000546 1
4 1 0 5 4 0.000556 1
4 1 0 6 2 0.000234 0
4 1 0 7 2 0.000239 0
4 1 0 8 4 0.000553 1
4 1 0 9 2 0.000304 0
4 1 0 10 4 0.000587 1
4 1 0 11 3 0.000358 0
4 1 0 12 4 0.000652 2
4 1 0 13 2 0.000297 2
4 1 0 14 4 0.000555 0
4 1 0 15 4 0.000547 0
4 1 0 16 2 0.000305 2
4 1 0 17 3 0.000392 0
4 1 0 18 2 0.000273 0
4 1 0 19 2 0.000306 1
4 1 0 20 2 0.000637 0
4 1 0 21 2 0.000674 0
4 1 0 22 4 0.000653 1
4 1 0 23 4 0.000659 0
4 1 0 24 4 0.000632 0
4 1 0 25 4 0.000607 0
4 1 0 26 4 0.000685 1
4 1 0 27 4 0.000655 2
4 1 0 28 4 0.000605 0
4 1 0 29 4 0.000646 2
4 1 0 30 4 0.000644 2
4 1 0 31 4 0.000516 0
4 1 0 32 2 0.000321 2
4 1 0 33 4 0.000520 0
4 1 0 34 4 0.000652 1
4 1 0 35 2 0.000335 0
4 1 0 36 4 0.000657 1
4 1 0 37 4 0.000634 0
4 1 0 38 2 0.000285 0
4 1 0 39 3 0.000450 1
4 1 0 40 4 0.000557 0
4 1 0 41 2 0.000273 0
4 1 0 42 2 0.000305 0
4 1 0 43 4 0.000644 1
4 1 0 44 2 0.000283 0
4 1 0 45 4 0.000795 1
4 1 0 46 4 0.000623 0
4 1 0 47 4 0.000684 1
4 1 0 48 4 0.000686 0
4 1 0 49 4 0.000760 0
4 1 0 50 4 0.000737 1
4 1 0 51 4 0.000712 0
4 1 0 52 3 0.000468 0
4 1 0 53 4 0.000709 1
4 1 0 54 3 0.000405 0
4 1 0 55 3 0.000533 1
4 1 0 56 4 0.000813 2
4 1 0 57 4 0.000737 1
4 1 0 58 4 0.000761 2
4 1 0 59 4 0.000736 2
4 1 0 60 4 0.000622 0
4 1 0 61 4 0.000772 0
4 1 0 62 2 0.000467 1
4 1 0 63 4 0.000678 0
4 1 0 64 4 0.000697 0
4 1 0 65 4 0.000793 0
4 1 0 66 4 0.001105 2
4 1 0 67 3 0.000581 0
4 1 0 68 4 0.000969 1
4 1 0 69 4 0.000673 0
4 1 0 70 4 0.000957 2
4 1 0 71 4 0.000868 1
4 1 0 72 3 0.000491 0
4 1 0 73 4 0.000864 1
4 1 0 74 4 0.000799 2
4 1 0 75 4 0.000724 1
4 1 0 76 4 0.000753 1
4 1 0 77 4 0.000718 1
4 1 0 78 4 0.000713 1
4 1 0 79 4 0.000840 0
4 1 0 80 4 0.000875 1
4 1 0 81 4 0.000883 1
4 1 0 82 3 0.000529 1
4 1 0 83 4 0.000628 0
4 1 0 84 2 0.000380 0
4 1 0 85 4 0.000679 0
4 1 0 86 4 0.001042 2
4 1 0 87 4 0.000602 0
4 1 0 88 4 0.000798 0
4 1 0 89 4 0.000575 0
4 1 0 90 4 0.000731 2
4 1 0 91 4 0.000566 0
4 1 0 92 4 0.000556 0
4 1 0 93 4 0.000799 1
4 1 0 94 2 0.000366 1
4 1 0 95 4 0.000661 0
4 1 0 96 4 0.000687 2
4 1 0 97 2 0.000310 0
4 1 0 98 4 0.000534 0
4 1 0 99 4 0.000546 0
4 1 1 0 3 0.000507 1
4 1 1 1 4 0.000764 0
4 1 1 2 4 0.000679 2
4 1 1 3 4 0.000742 1
4 1 1 4 4 0.000749 1
4 1 1 5 4 0.000914 1
4 1 1 6 2 0.000341 0
4 1 1 7 2 0.000380 0
4 1 1 8 4 0.000759 1
4 1 1 9 2 0.000413 0
4 1 1 10 4 0.000811 1
4 1 1 11 3 0.000387 0
4 1 1 12 4 0.000690 2
4 1 1 13 2 0.000349 2
4 1 1 14 4 0.000618 0
4 1 1 15 4 0.000571 0
4 1 1 16 2 0.000331 2
4 1 1 17 3 0.000576 0
4 1 1 18 2 0.000282 0
4 1 1 19 2 0.000349 1
4 1 1 20 2 0.000302 0
4 1 1 21 2 0.000292 0
4 1 1 22 4 0.000667 1
4 1 1 23 4 0.000685 0
4 1 1 24 4 0.000928 0
4 1 1 25 4 0.000740 0
4 1 1 26 4 0.000713 1
4 1 1 27 4 0.000731 2
4 1 1 28 4 0.000706 0
4 1 1 29 4 0.000672 2
4 1 1 30 4 0.000659 2
4 1 1 31 4 0.000561 0
4 1 1 32 2 0.000336 2
4 1 1 33 4 0.000538 0
4 1 1 34 4 0.000791 1
4 1 1 35 2 0.000322 0
4 1 1 36 4 0.000724 1
4 1 1 37 4 0.000631 0
4 1 1 38 2 0.000294 0
4 1 1 39 3 0.000470 1
4 1 1 40 4 0.000641 0
4 1 1 41 2 0.000304 0
4 1 1 42 2 0.000302 0
4 1 1 43 4 0.000633 1
4 1 1 44 2 0.000279 0
4 1 1 45 4 0.000723 1
4 1 1 46 4 0.000602 0
4 1 1 47 4 0.000754 1
4 1 1 48 4 0.000643 0
4 1 1 49 4 0.000900 0
4 1 1 50 4 0.000663 1
4 1 1 51 4 0.000739 0
4 1 1 52 3 0.000494 0
4 1 1 53 4 0.000670 1
4 1 1 54 3 0.000398 0
4 1 1 55 3 0.000500 1
4 1 1 56 4 0.000732 2
4 1 1 57 4 0.000787 1
4 1 1 58 4 0.000703 2
4 1 1 59 4 0.000702 2
4 1 1 60 4 0.000555 0
4 1 1 61 4 0.000517 0
4 1 1 62 2 0.000339 1
4 1 1 63 4 0.000547 0
4 1 1 64 4 0.000617 0
4 1 1 65 4 0.000587 0
4 1 1 66 4 0.000682 2
4 1 1 67 3 0.000441 0
4 1 1 68 4 0.000643 1
4 1 1 69 4 0.000612 0
4 1 1 70 4 0.000677 2
4 1 1 71 4 0.000896 1
4 1 1 72 3 0.000426 0
4 1 1 73 4 0.000698 1
4 1 1 74 4 0.000794 2
4 1 1 75 4 0.000718 1
4 1 1 76 4 0.000718 1
4 1 1 77 4 0.000732 1
4 1 1 78 4 0.000696 1
4 1 1 79 4 0.000613 0
4 1 1 80 4 0.000823 1
4 1 1 81 4 0.000940 1
4 1 1 82 3 0.000629 1
4 1 1 83 4 0.000631 0
4 1 1 84 2 0.000418 0
4 1 1 85 4 0.000581 0
4 1 1 86 4 0.000776 2
4 1 1 87 4 0.000590 0
4 1 1 88 4 0.000721 0
4 1 1 89 4 0.000644 0
4 1 1 90 4 0.000753 2
4 1 1 91 4 0.000644 0
4 1 1 92 4 0.000586 0
4 1 1 93 4 0.000763 1
4 1 1 94 2 0.000361 1
4 1 1 95 4 0.000716 0
4 1 1 96 4 0.000771 2
4 1 1 97 2 0.000307 0
4 1 1 98 4 0.000604 0
4 1 1 99 4 0.000574 0
4 2 0 0 1 0.000199 1
4 2 0 1 4 0.000777 0
4 2 0 2 3 0.000726 2
4 2 0 3 3 0.000579 2
4 2 0 4 3 0.000558 1
4 2 0 5 5 0.000938 2
4 2 0 6 3 0.000416 0
4 2 0 7 4 0.000816 2
4 2 0 8 5 0.001211 1
4 2 0 9 4 0.000825 0
4 2 0 10 5 0.001085 2
4 2 0 11 1 0.000256 0
4 2 0 12 5 0.001060 2
4 2 0 13 4 0.000814 2
4 2 0 14 3 0.000643 0
4 2 0 15 4 0.000798 2
4 2 0 16 4 0.000811 2
4 2 0 17 1 0.000235 0
4 2 0 18 4 0.000948 2
4 2 0 19 4 0.000797 1
4 2 0 20 4 0.000606 0
4 2 0 21 3 0.000479 0
4 2 0 22 5 0.001004 2
4 2 0 23 4 0.000820 0
4 2 0 24 4 0.000747 0
4 2 0 25 5 0.000951 2
4 2 0 26 5 0.000950 1
4 2 0 27 3 0.000562 2
4 2 0 28 5 0.000963 2
4 2 0 29 5 0.000945 2
4 2 0 30 5 0.000927 2
4 2 0 31 4 0.000620 0
4 2 0 32 4 0.000786 2
4 2 0 33 5 0.000707 0
4 2 0 34 5 0.000975 1
4 2 0 35 2 0.000373 0
4 2 0 36 5 0.001159 2
4 2 0 37 4 0.000897 0
4 2 0 38 4 0.000711 2
4 2 0 39 1 0.000206 1
4 2 0 40 5 0.000768 0
4 2 0 41 3 0.000561 0
4 2 0 42 4 0.000556 0
4 2 0 43 3 0.000506 2
4 2 0 44 4 0.000582 0
4 2 0 45 5 0.000882 2
4 2 0 46 3 0.000776 0
4 2 0 47 3 0.000527 1
4 2 0 48 3 0.000538 0
4 2 0 49 5 0.000953 0
4 2 0 50 3 0.000524 1
4 2 0 51 2 0.000333 0
4 2 0 52 1 0.000181 0
4 2 0 53 5 0.000982 2
4 2 0 54 1 0.000210 0
4 2 0 55 1 0.000188 2
4 2 0 56 5 0.000911 2
4 2 0 57 3 0.000537 1
4 2 0 58 5 0.001152 2
4 2 0 59 5 0.001156 2
4 2 0 60 3 0.000507 0
4 2 0 61 5 0.000698 0
4 2 0 62 3 0.000530 1
4 2 0 63 3 0.000633 0
4 2 0 64 3 0.000492 0
4 2 0 65 3 0.000486 0
4 2 0 66 5 0.000958 2
4 2 0 67 1 0.000195 0
4 2 0 68 3 0.000550 1
4 2 0 69 5 0.000910 0
4 2 0 70 5 0.000981 2
4 2 0 71 5 0.001003 2
4 2 0 72 1 0.000205 0
4 2 0 73 3 0.000572 1
4 2 0 74 3 0.000613 2
4 2 0 75 3 0.000561 1
4 2 0 76 3 0.000570 2
4 2 0 77 5 0.000935 2
4 2 0 78 3 0.000560 1
4 2 0 79 5 0.000899 0
4 2 0 80 4 0.000848 2
4 2 0 81 4 0.000849 2
4 2 0 82 1 0.000203 2
4 2 0 83 4 0.000767 2
4 2 0 84 3 0.000493 0
4 2 0 85 4 0.000630 0
4 2 0 86 5 0.001075 2
4 2 0 87 5 0.000903 0
4 2 0 88 3 0.000866 0
4 2 0 89 3 0.000472 0
4 2 0 90 5 0.001049 2
4 2 0 91 5 0.000759 0
4 2 0 92 3 0.000470 0
4 2 0 93 5 0.000983 1
4 2 0 94 3 0.000549 1
4 2 0 95 5 0.000894 2
4 2 0 96 5 0.000961 2
4 2 0 97 4 0.000730 0
4 2 0 98 3 0.000454 0
4 2 0 99 5 0.000686 0
4 2 1 0 1 0.000218 1
4 2 1 1 4 0.000706 0
4 2 1 2 3 0.000540 2
4 2 1 3 3 0.000692 2
4 2 1 4 3 0.000587 1
4 2 1 5 4 0.000977 2
4 2 1 6 3 0.000449 0
4 2 1 7 4 0.000750 2
4 2 1 8 5 0.000984 1
4 2 1 9 4 0.000708 0
4 2 1 10 5 0.000904 2
4 2 1 11 1 0.000188 0
4 2 1 12 5 0.001045 2
4 2 1 13 4 0.000814 2
4 2 1 14 3 0.000558 0
4 2 1 15 4 0.000733 2
4 2 1 16 4 0.000714 2
4 2 1 17 1 0.000198 0
4 2 1 18 4 0.000733 2
4 2 1 19 4 0.000713 1
4 2 1 20 4 0.000552 0
4 2 1 21 3 0.000417 0
4 2 1 22 4 0.000727 2
4 2 1 23 4 0.000868 0
4 2 1 24 4 0.000804 0
4 2 1 25 5 0.001259 2
4 2 1 26 5 0.001065 1
4 2 1 27 3 0.000650 2
4 2 1 28 5 0.000940 2
4 2 1 29 4 0.000728 2
4 2 1 30 4 0.000740 2
4 2 1 31 4 0.000692 0
4 2 1 32 4 0.000757 2
4 2 1 33 4 0.000613 0
4 2 1 34 5 0.000948 1
4 2 1 35 2 0.000338 0
4 2 1 36 5 0.001105 2
4 2 1 37 4 0.000752 0
4 2 1 38 4 0.000737 2
4 2 1 39 1 0.000229 1
4 2 1 40 5 0.000771 0
4 2 1 41 3 0.000405 0
4 2 1 42 4 0.000559 0
4 2 1 43 3 0.000545 2
4 2 1 44 4 0.000591 0
4 2 1 45 4 0.000736 2
4 2 1 46 3 0.000539 0
4 2 1 47 3 0.000530 1
4 2 1 48 3 0.000542 0
4 2 1 49 5 0.000970 0
4 2 1 50 3 0.000529 1
4 2 1 51 2 0.000581 0
4 2 1 52 1 0.000283 0
4 2 1 53 4 0.000805 2
4 2 1 54 1 0.000191 0
4 2 1 55 1 0.000202 2
4 2 1 56 4 0.000864 2
4 2 1 57 3 0.000538 1
4 2 1 58 5 0.001020 2
4 2 1 59 5 0.001115 2
4 2 1 60 3 0.000490 0
4 2 1 61 4 0.000547 0
4 2 1 62 3 0.000503 1
4 2 1 63 3 0.000426 0
4 2 1 64 3 0.000590 0
4 2 1 65 3 0.000478 0
4 2 1 66 5 0.001053 2
4 2 1 67 1 0.000203 0
4 2 1 68 3 0.000703 1
4 2 1 69 5 0.001157 0
4 2 1 70 4 0.000769 2
4 2 1 71 4 0.000789 2
4 2 1 72 1 0.000217 0
4 2 1 73 3 0.000528 1
4 2 1 74 3 0.000540 2
4 2 1 75 3 0.000524 1
4 2 1 76 3 0.000578 2
4 2 1 77 4 0.000729 2
4 2 1 78 3 0.000533 1
4 2 1 79 4 0.000558 0
4 2 1 80 4 0.000745 2
4 2 1 81 4 0.000702 2
4 2 1 82 1 0.000216 2
4 2 1 83 4 0.000689 2
4 2 1 84 3 0.000442 0
4 2 1 85 4 0.000564 0
4 2 1 86 5 0.000995 2
4 2 1 87 5 0.000703 0
4 2 1 88 3 0.000612 0
4 2 1 89 3 0.000486 0
4 2 1 90 5 0.001216 2
4 2 1 91 5 0.000920 0
4 2 1 92 3 0.000477 0
4 2 1 93 5 0.000980 1
4 2 1 94 3 0.000715 1
4 2 1 95 4 0.000754 2
4 2 1 96 5 0.000961 2
4 2 1 97 4 0.000676 0
4 2 1 98 3 0.000460 0
4 2 1 99 4 0.000651 0
4 2 2 0 1 0.000192 1
4 2 2 1 4 0.000723 0
4 2 2 2 2 0.000395 2
4 2 2 3 4 0.000742 2
4 2 2 4 4 0.000738 1
4 2 2 5 4 0.000893 2
4 2 2 6 3 0.000462 0
4 2 2 7 4 0.000729 2
4 2 2 8 5 0.000894 1
4 2 2 9 5 0.001057 0
4 2 2 10 5 0.000703 0
4 2 2 11 1 0.000196 0
4 2 2 12 5 0.001189 2
4 2 2 13 4 0.000786 2
4 2 2 14 5 0.001087 0
4 2 2 15 4 0.000740 2
4 2 2 16 4 0.000728 2
4 2 2 17 1 0.000193 0
4 2 2 18 4 0.000688 2
4 2 2 19 5 0.000940 1
4 2 2 20 4 0.000569 0
4 2 2 21 3 0.000472 0
4 2 2 22 4 0.000780 2
4 2 2 23 4 0.001561 0
4 2 2 24 4 0.000813 0
4 2 2 25 5 0.000889 0
4 2 2 26 5 0.000870 1
4 2 2 27 2 0.000359 2
4 2 2 28 5 0.000820 0
4 2 2 29 4 0.000757 2
4 2 2 30 4 0.000729 2
4 2 2 31 4 0.000716 0
4 2 2 32 4 0.000993 2
4 2 2 33 4 0.000570 0
4 2 2 34 5 0.000911 1
4 2 2 35 2 0.000512 0
4 2 2 36 5 0.000911 2
4 2 2 37 4 0.000765 0
4 2 2 38 4 0.000732 2
4 2 2 39 1 0.000221 1
4 2 2 40 5 0.000657 0
4 2 2 41 3 0.000447 0
4 2 2 42 4 0.000642 0
4 2 2 43 3 0.000558 2
4 2 2 44 5 0.000709 0
4 2 2 45 4 0.000718 2
4 2 2 46 4 0.000901 0
4 2 2 47 2 0.000377 1
4 2 2 48 2 0.000369 0
4 2 2 49 5 0.000663 0
4 2 2 50 4 0.000716 1
4 2 2 51 2 0.000379 0
4 2 2 52 1 0.000188 0
4 2 2 53 4 0.000758 2
4 2 2 54 1 0.000190 0
4 2 2 55 1 0.000216 2
4 2 2 56 4 0.000699 2
4 2 2 57 2 0.000364 1
4 2 2 58 5 0.000863 2
4 2 2 59 5 0.000999 2
4 2 2 60 4 0.000869 0
4 2 2 61 4 0.000722 0
4 2 2 62 3 0.000647 1
4 2 2 63 2 0.000392 0
4 2 2 64 2 0.000517 0
4 2 2 65 4 0.000671 0
4 2 2 66 5 0.001048 2
4 2 2 67 1 0.000342 0
4 2 2 68 4 0.000836 1
4 2 2 69 5 0.000716 0
4 2 2 70 4 0.000758 2
4 2 2 71 4 0.000690 2
4 2 2 72 1 0.000213 0
4 2 2 73 4 0.000667 1
4 2 2 74 3 0.000535 2
4 2 2 75 4 0.000695 1
4 2 2 76 4 0.000693 2
4 2 2 77 4 0.000720 2
4 2 2 78 2 0.000359 1
4 2 2 79 4 0.000575 0
4 2 2 80 4 0.000799 2
4 2 2 81 4 0.000721 2
4 2 2 82 1 0.000242 2
4 2 2 83 4 0.000703 2
4 2 2 84 3 0.000473 0
4 2 2 85 4 0.000642 0
4 2 2 86 5 0.001119 0
4 2 2 87 5 0.000811 0
4 2 2 88 4 0.000877 0
4 2 2 89 3 0.000470 0
4 2 2 90 5 0.000912 2
4 2 2 91 5 0.000711 0
4 2 2 92 3 0.000485 0
4 2 2 93 5 0.000859 1
4 2 2 94 3 0.000553 1
4 2 2 95 4 0.000718 2
4 2 2 96 5 0.000948 2
4 2 2 97 4 0.000738 0
4 2 2 98 2 0.000435 0
4 2 2 99 4 0.000706 0
4 4 0 0 2 0.000428 1
4 4 0 1 5 0.001031 0
4 4 0 2 4 0.000867 2
4 4 0 3 4 0.000830 2
4 4 0 4 4 0.000719 1
4 4 0 5 5 0.000982 2
4 4 0 6 2 0.000410 0
4 4 0 7 4 0.000923 2
4 4 0 8 6 0.001248 1
4 4 0 9 4 0.000848 0
4 4 0 10 6 0.001342 2
4 4 0 11 2 0.000397 0
4 4 0 12 6 0.001338 2
4 4 0 13 4 0.000879 2
4 4 0 14 4 0.000893 0
4 4 0 15 5 0.001064 2
4 4 0 16 4 0.000864 2
4 4 0 17 2 0.000435 0
4 4 0 18 3 0.000603 2
4 4 0 19 4 0.000825 2
4 4 0 20 4 0.000621 0
4 4 0 21 2 0.000357 0
4 4 0 22 5 0.001059 2
4 4 0 23 5 0.001128 0
4 4 0 24 5 0.001120 0
4 4 0 25 6 0.001433 2
4 4 0 26 6 0.001695 2
4 4 0 27 4 0.001311 2
4 4 0 28 6 0.001811 2
4 4 0 29 5 0.001129 2
4 4 0 30 5 0.001440 2
4 4 0 31 5 0.001487 0
4 4 0 32 4 0.001427 2
4 4 0 33 5 0.001099 0
4 4 0 34 6 0.001769 2
4 4 0 35 2 0.000774 0
4 4 0 36 6 0.001488 2
4 4 0 37 5 0.001097 0
4 4 0 38 4 0.000926 2
4 4 0 39 2 0.000438 1
4 4 0 40 6 0.001094 0
4 4 0 41 2 0.000444 0
4 4 0 42 4 0.000716 0
4 4 0 43 3 0.007342 2
4 4 0 44 4 0.001046 0
4 4 0 45 5 0.001595 2
4 4 0 46 4 0.001390 0
4 4 0 47 4 0.001444 1
4 4 0 48 4 0.001553 0
4 4 0 49 6 0.002379 0
4 4 0 50 4 0.001469 1
4 4 0 51 3 0.001029 0
4 4 0 52 2 0.000696 0
4 4 0 53 5 0.001924 2
4 4 0 54 2 0.000443 0
4 4 0 55 2 0.000570 2
4 4 0 56 5 0.001707 2
4 4 0 57 4 0.001264 1
4 4 0 58 6 0.001981 2
4 4 0 59 6 0.001835 2
4 4 0 60 4 0.001162 2
4 4 0 61 5 0.001193 0
4 4 0 62 2 0.000593 1
4 4 0 63 4 0.000961 0
4 4 0 64 4 0.001397 2
4 4 0 65 4 0.001205 2
4 4 0 66 6 0.002299 2
4 4 0 67 2 0.000665 0
4 4 0 68 4 0.001266 1
4 4 0 69 6 0.001781 0
4 4 0 70 5 0.001826 2
4 4 0 71 5 0.001873 2
4 4 0 72 2 0.001035 0
4 4 0 73 4 0.001841 1
4 4 0 74 4 0.001720 2
4 4 0 75 4 0.001574 1
4 4 0 76 4 0.001729 2
4 4 0 77 5 0.002309 2
4 4 0 78 4 0.001412 1
4 4 0 79 5 0.001812 0
4 4 0 80 5 0.002112 2
4 4 0 81 5 0.002452 2
4 4 0 82 2 0.001037 2
4 4 0 83 5 0.002228 2
4 4 0 84 2 0.001254 0
4 4 0 85 5 0.001901 0
4 4 0 86 6 0.003352 2
4 4 0 87 6 0.002372 0
4 4 0 88 4 0.001955 0
4 4 0 89 3 0.001264 0
4 4 0 90 6 0.002869 2
4 4 0 91 6 0.002682 0
4 4 0 92 4 0.001790 0
4 4 0 93 6 0.003338 1
4 4 0 94 2 0.001063 2
4 4 0 95 5 0.002517 2
4 4 0 96 6 0.004012 2
4 4 0 97 4 0.002870 2
4 4 0 98 4 0.002233 0
4 4 0 99 5 0.003342 0
4 4 1 0 2 0.001594 1
4 4 1 1 5 0.003816 0
4 4 1 2 4 0.003261 2
4 4 1 3 4 0.002449 2
4 4 1 4 4 0.002757 1
4 4 1 5 5 0.003748 2
4 4 1 6 2 0.001462 0
4 4 1 7 4 0.003856 2
4 4 1 8 6 0.004830 1
4 4 1 9 4 0.003197 0
4 4 1 10 6 0.005173 2
4 4 1 11 2 0.001872 0
4 4 1 12 6 0.005231 2
4 4 1 13 4 0.003312 2
4 4 1 14 4 0.002231 0
4 4 1 15 5 0.003005 2
4 4 1 16 4 0.002688 2
4 4 1 17 2 0.001144 0
4 4 1 18 3 0.001751 2
4 4 1 19 4 0.002290 2
4 4 1 20 4 0.002071 0
4 4 1 21 2 0.001154 0
4 4 1 22 5 0.003969 2
4 4 1 23 5 0.003801 0
4 4 1 24 5 0.003718 0
4 4 1 25 6 0.004650 2
4 4 1 26 6 0.004241 2
4 4 1 27 4 0.002413 2
4 4 1 28 6 0.003988 2
4 4 1 29 5 0.002760 2
4 4 1 30 5 0.002631 2
4 4 1 31 5 0.002037 0
4 4 1 32 4 0.002380 2
4 4 1 33 5 0.001626 0
4 4 1 34 6 0.003103 2
4 4 1 35 2 0.000823 0
4 4 1 36 6 0.002821 2
4 4 1 37 5 0.002392 0
4 4 1 38 4 0.001895 2
4 4 1 39 2 0.001398 1
4 4 1 40 6 0.002148 0
4 4 1 41 2 0.000719 0
4 4 1 42 4 0.001463 0
4 4 1 43 3 0.001072 2
4 4 1 44 4 0.001465 0
4 4 1 45 5 0.001888 2
4 4 1 46 4 0.001701 0
4 4 1 47 4 0.001413 1
4 4 1 48 4 0.001413 0
4 4 1 49 6 0.002364 0
4 4 1 50 4 0.001636 1
4 4 1 51 3 0.001125 0
4 4 1 52 2 0.000896 0
4 4 1 53 5 0.002351 2
4 4 1 54 2 0.000859 0
4 4 1 55 2 0.001053 2
4 4 1 56 5 0.001746 2
4 4 1 57 4 0.001471 1
4 4 1 58 6 0.002490 2
4 4 1 59 6 0.002254 2
4 4 1 60 4 0.001179 2
4 4 1 61 5 0.001392 0
4 4 1 62 2 0.000681 1
4 4 1 63 4 0.001127 0
4 4 1 64 4 0.001528 2
4 4 1 65 4 0.001321 2
4 4 1 66 6 0.002053 2
4 4 1 67 2 0.000611 0
4 4 1 68 4 0.001181 1
4 4 1 69 6 0.002142 0
4 4 1 70 5 0.001500 2
4 4 1 71 5 0.001913 2
4 4 1 72 2 0.000752 0
4 4 1 73 4 0.001229 1
4 4 1 74 4 0.001256 2
4 4 1 75 4 0.001174 1
4 4 1 76 4 0.001210 2
4 4 1 77 5 0.001736 2
4 4 1 78 4 0.001168 1
4 4 1 79 5 0.001364 0
4 4 1 80 5 0.001907 2
4 4 1 81 5 0.001539 2
4 4 1 82 2 0.000707 2
4 4 1 83 5 0.001466 2
4 4 1 84 2 0.000572 0
4 4 1 85 5 0.001225 0
4 4 1 86 6 0.002422 2
4 4 1 87 6 0.001397 0
4 4 1 88 4 0.001222 0
4 4 1 89 3 0.000718 0
4 4 1 90 6 0.001850 2
4 4 1 91 6 0.001826 0
4 4 1 92 4 0.001145 0
4 4 1 93 6 0.001856 1
4 4 1 94 2 0.000784 2
4 4 1 95 5 0.001423 2
4 4 1 96 6 0.001791 2
4 4 1 97 4 0.001199 2
4 4 1 98 4 0.000914 0
4 4 1 99 5 0.001105 0
4 4 2 0 2 0.000573 1
4 4 2 1 4 0.001135 0
4 4 2 2 3 0.000859 2
4 4 2 3 5 0.001552 2
4 4 2 4 4 0.001077 1
4 4 2 5 5 0.001404 2
4 4 2 6 2 0.000511 0
4 4 2 7 4 0.001158 2
4 4 2 8 5 0.001459 1
4 4 2 9 4 0.001280 0
4 4 2 10 6 0.001902 2
4 4 2 11 2 0.000516 0
4 4 2 12 5 0.001418 2
4 4 2 13 4 0.001129 2
4 4 2 14 4 0.001285 0
4 4 2 15 4 0.001280 2
4 4 2 16 4 0.001139 2
4 4 2 17 2 0.000779 0
4 4 2 18 3 0.000767 2
4 4 2 19 4 0.001066 2
4 4 2 20 4 0.000883 0
4 4 2 21 2 0.000576 0
4 4 2 22 5 0.001625 2
4 4 2 23 4 0.001081 0
4 4 2 24 5 0.001513 0
4 4 2 25 5 0.001306 2
4 4 2 26 5 0.001425 2
4 4 2 27 3 0.000844 2
4 4 2 28 5 0.001329 2
4 4 2 29 5 0.001440 2
4 4 2 30 5 0.001331 2
4 4 2 31 4 0.000891 0
4 4 2 32 4 0.001215 2
4 4 2 33 4 0.000871 0
4 4 2 34 5 0.001364 2
4 4 2 35 2 0.000561 0
4 4 2 36 5 0.001401 2
4 4 2 37 5 0.001355 0
4 4 2 38 4 0.001089 2
4 4 2 39 2 0.000677 1
4 4 2 40 6 0.001370 0
4 4 2 41 2 0.000601 0
4 4 2 42 4 0.001298 0
4 4 2 43 3 0.000805 2
4 4 2 44 4 0.000961 0
4 4 2 45 5 0.001410 2
4 4 2 46 5 0.001334 0
4 4 2 47 3 0.000789 1
4 4 2 48 3 0.001740 0
4 4 2 49 5 0.001345 0
4 4 2 50 4 0.001090 1
4 4 2 51 3 0.000781 0
4 4 2 52 2 0.000537 0
4 4 2 53 5 0.001362 2
4 4 2 54 2 0.000538 0
4 4 2 55 2 0.000555 2
4 4 2 56 5 0.001322 2
4 4 2 57 3 0.000802 1
4 4 2 58 5 0.001468 2
4 4 2 59 5 0.001395 2
4 4 2 60 4 0.001079 2
4 4 2 61 4 0.000869 0
4 4 2 62 2 0.000591 1
4 4 2 63 3 0.000659 0
4 4 2 64 3 0.000725 0
4 4 2 65 4 0.001091 2
4 4 2 66 5 0.001935 2
4 4 2 67 2 0.000828 0
4 4 2 68 4 0.001580 1
4 4 2 69 5 0.001540 0
4 4 2 70 5 0.002212 2
4 4 2 71 5 0.001733 2
4 4 2 72 2 0.000741 0
4 4 2 73 4 0.001162 1
4 4 2 74 4 0.001190 2
4 4 2 75 4 0.002696 1
4 4 2 76 4 0.001247 2
4 4 2 77 5 0.001669 2
4 4 2 78 3 0.000834 1
4 4 2 79 5 0.001131 0
4 4 2 80 4 0.001235 2
4 4 2 81 4 0.001167 2
4 4 2 82 2 0.000587 2
4 4 2 83 4 0.001145 2
4 4 2 84 2 0.000593 0
4 4 2 85 5 0.001241 0
4 4 2 86 6 0.001855 2
4 4 2 87 5 0.001134 0
4 4 2 88 5 0.001592 0
4 4 2 89 3 0.000751 0
4 4 2 90 6 0.001689 2
4 4 2 91 6 0.001406 0
4 4 2 92 4 0.000893 0
4 4 2 93 5 0.001387 1
4 4 2 94 2 0.000734 2
4 4 2 95 4 0.001349 2
4 4 2 96 6 0.002029 2
4 4 2 97 4 0.001219 2
4 4 2 98 3 0.000681 0
4 4 2 99 4 0.000877 0
4 4 4 0 2 0.000607 1
4 4 4 1 4 0.001124 0
4 4 4 2 3 0.000844 2
4 4 4 3 4 0.001207 2
4 4 4 4 3 0.000839 1
4 4 4 5 5 0.001383 2
4 4 4 6 2 0.000548 0
4 4 4 7 4 0.001485 2
4 4 4 8 - - -
4 4 4 9 3 0.001094 0
4 4 4 10 - - -
4 4 4 11 2 0.000908 0
4 4 4 12 - - -
4 4 4 13 3 0.001076 2
4 4 4 14 3 0.001098 0
4 4 4 15 4 0.001723 2
4 4 4 16 3 0.000825 2
4 4 4 17 2 0.000603 0
4 4 4 18 3 0.001047 2
4 4 4 19 3 0.001092 2
4 4 4 20 3 0.000690 0
4 4 4 21 2 0.000467 0
4 4 4 22 5 0.001880 2
4 4 4 23 4 0.001329 0
4 4 4 24 4 0.001252 0
4 4 4 25 - - -
4 4 4 26 - - -
4 4 4 27 3 0.000780 2
4 4 4 28 - - -
4 4 4 29 5 0.001306 2
4 4 4 30 5 0.001543 0
4 4 4 31 3 0.000709 0
4 4 4 32 3 0.000835 2
4 4 4 33 4 0.001075 0
4 4 4 34 - - -
4 4 4 35 2 0.000548 0
4 4 4 36 - - -
4 4 4 37 4 0.001044 0
4 4 4 38 4 0.001264 2
4 4 4 39 2 0.000595 1
4 4 4 40 - - -
4 4 4 41 2 0.000596 0
4 4 4 42 4 0.000906 0
4 4 4 43 3 0.001177 2
4 4 4 44 3 0.000675 0
4 4 4 45 5 0.001353 2
4 4 4 46 4 0.001088 0
4 4 4 47 3 0.000744 1
4 4 4 48 3 0.000789 0
4 4 4 49 - - -
4 4 4 50 3 0.000755 1
4 4 4 51 3 0.000796 0
4 4 4 52 2 0.000554 0
4 4 4 53 5 0.001248 2
4 4 4 54 2 0.000476 0
4 4 4 55 2 0.000564 2
4 4 4 56 5 0.001389 2
4 4 4 57 3 0.000780 1
4 4 4 58 - - -
4 4 4 59 - - -
4 4 4 60 3 0.000621 0
4 4 4 61 4 0.000818 0
4 4 4 62 2 0.000530 1
4 4 4 63 3 0.000618 0
4 4 4 64 3 0.000607 0
4 4 4 65 3 0.000608 0
4 4 4 66 - - -
4 4 4 67 2 0.000547 0
4 4 4 68 3 0.000731 1
4 4 4 69 - - -
4 4 4 70 5 0.001235 2
4 4 4 71 5 0.001300 2
4 4 4 72 2 0.000612 0
4 4 4 73 3 0.000803 1
4 4 4 74 4 0.001044 2
4 4 4 75 3 0.000815 1
4 4 4 76 3 0.000657 0
4 4 4 77 5 0.001577 2
4 4 4 78 3 0.000864 1
4 4 4 79 5 0.001192 0
4 4 4 80 3 0.000730 2
4 4 4 81 4 0.000992 2
4 4 4 82 2 0.000541 2
4 4 4 83 4 0.001215 2
4 4 4 84 2 0.000525 0
4 4 4 85 4 0.000783 0
4 4 4 86 - - -
4 4 4 87 - - -
4 4 4 88 4 0.001143 0
4 4 4 89 3 0.000864 0
4 4 4 90 - - -
4 4 4 91 - - -
4 4 4 92 4 0.000810 0
4 4 4 93 - - -
4 4 4 94 2 0.000581 2
4 4 4 95 4 0.001058 2
4 4 4 96 - - -
4 4 4 97 3 0.000578 0
4 4 4 98 3 0.000573 0
4 4 4 99 4 0.000774 0
8 1 0 0 7 0.001586 0
8 1 0 1 7 0.001582 0
8 1 0 2 8 0.002168 0
8 1 0 3 8 0.001776 0
8 1 0 4 7 0.001794 1
8 1 0 5 4 0.000833 0
8 1 0 6 7 0.001307 0
8 1 0 7 6 0.001231 0
8 1 0 8 5 0.000967 0
8 1 0 9 7 0.001396 0
8 1 0 10 8 0.002310 0
8 1 0 11 7 0.001287 0
8 1 0 12 8 0.001910 2
8 1 0 13 7 0.001702 2
8 1 0 14 8 0.001975 0
8 1 0 15 7 0.001641 2
8 1 0 16 7 0.001321 0
8 1 0 17 8 0.001680 0
8 1 0 18 8 0.001685 0
8 1 0 19 7 0.001605 2
8 1 0 20 8 0.001538 0
8 1 0 21 6 0.001478 0
8 1 0 22 8 0.001853 1
8 1 0 23 7 0.001851 1
8 1 0 24 7 0.001649 1
8 1 0 25 8 0.002136 2
8 1 0 26 8 0.002006 2
8 1 0 27 7 0.001483 0
8 1 0 28 8 0.001844 1
8 1 0 29 8 0.001897 0
8 1 0 30 7 0.001979 2
8 1 0 31 6 0.001404 1
8 1 0 32 7 0.001261 0
8 1 0 33 7 0.001366 0
8 1 0 34 6 0.001058 0
8 1 0 35 6 0.000992 0
8 1 0 36 8 0.001717 0
8 1 0 37 6 0.001009 0
8 1 0 38 7 0.001734 0
8 1 0 39 8 0.002068 2
8 1 0 40 6 0.001209 0
8 1 0 41 7 0.001478 0
8 1 0 42 6 0.001309 2
8 1 0 43 8 0.001496 0
8 1 0 44 6 0.001324 2
8 1 0 45 7 0.001514 0
8 1 0 46 8 0.002009 0
8 1 0 47 8 0.001341 0
8 1 0 48 6 0.001241 0
8 1 0 49 7 0.001530 2
8 1 0 50 8 0.001392 0
8 1 0 51 8 0.001973 2
8 1 0 52 8 0.001869 1
8 1 0 53 8 0.001685 0
8 1 0 54 8 0.001618 0
8 1 0 55 7 0.001497 0
8 1 0 56 7 0.001543 0
8 1 0 57 8 0.001894 1
8 1 0 58 8 0.001811 0
8 1 0 59 8 0.001914 0
8 1 0 60 8 0.001631 0
8 1 0 61 7 0.001934 2
8 1 0 62 6 0.001391 1
8 1 0 63 8 0.001691 0
8 1 0 64 8 0.001784 2
8 1 0 65 7 0.001945 2
8 1 0 66 8 0.001370 0
8 1 0 67 8 0.002271 0
8 1 0 68 8 0.001836 0
8 1 0 69 7 0.001441 0
8 1 0 70 7 0.001558 1
8 1 0 71 7 0.001575 1
8 1 0 72 7 0.001583 0
8 1 0 73 7 0.001597 0
8 1 0 74 7 0.001632 1
8 1 0 75 8 0.001743 0
8 1 0 76 8 0.002063 0
8 1 0 77 8 0.001755 1
8 1 0 78 8 0.001398 0
8 1 0 79 6 0.001124 0
8 1 0 80 8 0.001334 0
8 1 0 81 8 0.001773 2
8 1 0 82 6 0.001277 1
8 1 0 83 6 0.002321 1
8 1 0 84 7 0.001607 1
8 1 0 85 6 0.001019 0
8 1 0 86 8 0.001453 0
8 1 0 87 7 0.001462 2
8 1 0 88 8 0.001758 1
8 1 0 89 8 0.001426 0
8 1 0 90 8 0.002078 2
8 1 0 91 7 0.001417 0
8 1 0 92 7 0.001239 0
8 1 0 93 6 0.001249 0
8 1 0 94 8 0.001776 2
8 1 0 95 8 0.002476 1
8 1 0 96 6 0.001556 0
8 1 0 97 8 0.001883 1
8 1 0 98 8 0.002100 2
8 1 0 99 8 0.001403 0
8 1 1 0 7 0.001284 0
8 1 1 1 7 0.001514 0
8 1 1 2 8 0.001587 0
8 1 1 3 8 0.001843 0
8 1 1 4 7 0.002199 1
8 1 1 5 4 0.000746 0
8 1 1 6 7 0.001168 0
8 1 1 7 6 0.000984 0
8 1 1 8 5 0.001060 0
8 1 1 9 7 0.001341 0
8 1 1 10 8 0.001811 0
8 1 1 11 7 0.001149 0
8 1 1 12 8 0.001738 2
8 1 1 13 7 0.001576 2
8 1 1 14 8 0.001692 0
8 1 1 15 7 0.001552 2
8 1 1 16 7 0.001111 0
8 1 1 17 8 0.001492 0
8 1 1 18 8 0.001418 0
8 1 1 19 7 0.001466 2
8 1 1 20 8 0.002359 0
8 1 1 21 6 0.001323 0
8 1 1 22 8 0.001782 1
8 1 1 23 7 0.001519 1
8 1 1 24 7 0.001529 1
8 1 1 25 8 0.001673 2
8 1 1 26 8 0.001864 2
8 1 1 27 7 0.001554 0
8 1 1 28 8 0.001828 1
8 1 1 29 8 0.001608 0
8 1 1 30 7 0.001468 2
8 1 1 31 6 0.001340 1
8 1 1 32 7 0.001163 0
8 1 1 33 7 0.001253 0
8 1 1 34 6 0.001235 0
8 1 1 35 6 0.000979 0
8 1 1 36 8 0.001823 0
8 1 1 37 6 0.000981 0
8 1 1 38 7 0.001402 0
8 1 1 39 8 0.001918 2
8 1 1 40 6 0.001161 0
8 1 1 41 7 0.001555 0
8 1 1 42 6 0.001384 2
8 1 1 43 8 0.001362 0
8 1 1 44 6 0.001329 2
8 1 1 45 7 0.001435 0
8 1 1 46 8 0.001956 0
8 1 1 47 8 0.001251 0
8 1 1 48 6 0.001085 0
8 1 1 49 7 0.001573 2
8 1 1 50 8 0.001327 0
8 1 1 51 8 0.001742 2
8 1 1 52 8 0.001722 1
8 1 1 53 8 0.001574 0
8 1 1 54 8 0.001482 0
8 1 1 55 7 0.001086 0
8 1 1 56 7 0.001241 0
8 1 1 57 8 0.001708 1
8 1 1 58 8 0.001865 0
8 1 1 59 8 0.001955 0
8 1 1 60 8 0.001746 0
8 1 1 61 7 0.001616 2
8 1 1 62 6 0.001454 1
8 1 1 63 8 0.001501 0
8 1 1 64 8 0.001756 2
8 1 1 65 7 0.001564 2
8 1 1 66 8 0.001527 0
8 1 1 67 8 0.002302 0
8 1 1 68 8 0.001848 0
8 1 1 69 7 0.001135 0
8 1 1 70 7 0.001508 1
8 1 1 71 7 0.001543 1
8 1 1 72 7 0.001495 0
8 1 1 73 7 0.001691 0
8 1 1 74 7 0.001503 1
8 1 1 75 8 0.001816 0
8 1 1 76 8 0.001484 0
8 1 1 77 8 0.001922 1
8 1 1 78 8 0.001295 0
8 1 1 79 6 0.001111 0
8 1 1 80 8 0.001402 0
8 1 1 81 8 0.001678 2
8 1 1 82 6 0.001300 1
8 1 1 83 6 0.001632 1
8 1 1 84 7 0.001637 1
8 1 1 85 6 0.001136 0
8 1 1 86 8 0.001515 0
8 1 1 87 7 0.001674 2
8 1 1 88 8 0.001706 1
8 1 1 89 8 0.001314 0
8 1 1 90 8 0.001840 2
8 1 1 91 7 0.001774 0
8 1 1 92 7 0.001737 0
8 1 1 93 6 0.002000 0
8 1 1 94 8 0.002526 2
8 1 1 95 8 0.002376 1
8 1 1 96 6 0.001245 0
8 1 1 97 8 0.003154 1
8 1 1 98 8 0.002613 2
8 1 1 99 8 0.001760 0
8 2 0 0 9 0.002452 1
8 2 0 1 7 0.003054 0
8 2 0 2 7 0.002188 2
8 2 0 3 8 0.002359 0
8 2 0 4 4 0.001343 1
8 2 0 5 4 0.000981 1
8 2 0 6 9 0.001997 0
8 2 0 7 6 0.001249 0
8 2 0 8 5 0.001044 0
8 2 0 9 8 0.001541 0
8 2 0 10 8 0.002098 0
8 2 0 11 6 0.001183 0
8 2 0 12 7 0.001798 2
8 2 0 13 9 0.002663 2
8 2 0 14 8 0.002160 0
8 2 0 15 9 0.002640 2
8 2 0 16 8 0.002017 0
8 2 0 17 8 0.002252 2
8 2 0 18 7 0.002021 0
8 2 0 19 6 0.001542 2
8 2 0 20 9 0.002684 2
8 2 0 21 6 0.001821 0
8 2 0 22 9 0.003133 1
8 2 0 23 9 0.002960 2
8 2 0 24 4 0.001017 2
8 2 0 25 6 0.001870 2
8 2 0 26 9 0.003280 2
8 2 0 27 9 0.003219 0
8 2 0 28 10 0.003389 1
8 2 0 29 9 0.002490 2
8 2 0 30 9 0.002868 2
8 2 0 31 8 0.002358 2
8 2 0 32 7 0.001658 2
8 2 0 33 8 0.002340 2
8 2 0 34 8 0.001992 1
8 2 0 35 8 0.001367 0
8 2 0 36 10 0.002672 0
8 2 0 37 8 0.001966 0
8 2 0 38 8 0.002261 0
8 2 0 39 10 0.002731 2
8 2 0 40 7 0.001694 0
8 2 0 41 7 0.001711 2
8 2 0 42 8 0.002371 2
8 2 0 43 9 0.002245 0
8 2 0 44 8 0.001990 2
8 2 0 45 9 0.002185 0
8 2 0 46 10 0.003164 0
8 2 0 47 6 0.001590 0
8 2 0 48 7 0.002109 1
8 2 0 49 6 0.001409 2
8 2 0 50 8 0.001736 0
8 2 0 51 10 0.002686 2
8 2 0 52 10 0.003379 2
8 2 0 53 9 0.002775 0
8 2 0 54 8 0.002087 2
8 2 0 55 8 0.001482 0
8 2 0 56 9 0.002453 1
8 2 0 57 7 0.001986 2
8 2 0 58 10 0.003713 0
8 2 0 59 7 0.001899 0
8 2 0 60 10 0.002218 0
8 2 0 61 10 0.002982 2
8 2 0 62 7 0.001844 1
8 2 0 63 9 0.002301 2
8 2 0 64 10 0.002715 2
8 2 0 65 8 0.002009 2
8 2 0 66 8 0.001386 0
8 2 0 67 10 0.002935 2
8 2 0 68 9 0.002447 0
8 2 0 69 9 0.002065 0
8 2 0 70 8 0.002485 1
8 2 0 71 8 0.002309 1
8 2 0 72 9 0.002705 0
8 2 0 73 8 0.002768 0
8 2 0 74 8 0.002007 1
8 2 0 75 8 0.002128 0
8 2 0 76 8 0.001970 2
8 2 0 77 9 0.002937 2
8 2 0 78 9 0.002815 1
8 2 0 79 6 0.001743 2
8 2 0 80 10 0.002254 0
8 2 0 81 8 0.002056 2
8 2 0 82 6 0.001617 1
8 2 0 83 5 0.001766 2
8 2 0 84 8 0.002533 1
8 2 0 85 7 0.001651 0
8 2 0 86 7 0.001986 0
8 2 0 87 8 0.001919 2
8 2 0 88 5 0.001198 2
8 2 0 89 9 0.002020 0
8 2 0 90 8 0.002178 2
8 2 0 91 7 0.001692 2
8 2 0 92 8 0.001763 0
8 2 0 93 7 0.001718 0
8 2 0 94 10 0.003594 2
8 2 0 95 9 0.002519 2
8 2 0 96 5 0.001142 1
8 2 0 97 9 0.002308 1
8 2 0 98 9 0.002446 2
8 2 0 99 7 0.001811 0
8 2 1 0 9 0.002211 1
8 2 1 1 7 0.002090 0
8 2 1 2 7 0.001802 2
8 2 1 3 7 0.001772 0
8 2 1 4 4 0.000955 1
8 2 1 5 4 0.000985 1
8 2 1 6 9 0.002020 0
8 2 1 7 6 0.001351 0
8 2 1 8 5 0.001300 0
8 2 1 9 8 0.001531 0
8 2 1 10 8 0.002050 0
8 2 1 11 6 0.001112 0
8 2 1 12 7 0.001723 2
8 2 1 13 9 0.002572 2
8 2 1 14 8 0.002432 0
8 2 1 15 9 0.002572 2
8 2 1 16 8 0.001595 0
8 2 1 17 8 0.002080 2
8 2 1 18 7 0.001982 0
8 2 1 19 6 0.001893 2
8 2 1 20 8 0.002099 2
8 2 1 21 6 0.001527 0
8 2 1 22 9 0.002382 1
8 2 1 23 9 0.002425 2
8 2 1 24 4 0.000976 2
8 2 1 25 6 0.001591 2
8 2 1 26 8 0.002074 2
8 2 1 27 9 0.002474 0
8 2 1 28 9 0.002560 1
8 2 1 29 8 0.002063 2
8 2 1 30 8 0.002198 2
8 2 1 31 8 0.002422 2
8 2 1 32 7 0.001742 2
8 2 1 33 8 0.002099 2
8 2 1 34 8 0.001935 1
8 2 1 35 8 0.001340 0
8 2 1 36 9 0.002395 0
8 2 1 37 8 0.002235 0
8 2 1 38 8 0.002206 0
8 2 1 39 9 0.002432 2
8 2 1 40 7 0.001639 0
8 2 1 41 7 0.001615 2
8 2 1 42 8 0.002360 2
8 2 1 43 8 0.001741 0
8 2 1 44 8 0.002010 2
8 2 1 45 9 0.002078 0
8 2 1 46 9 0.002563 0
8 2 1 47 6 0.001264 0
8 2 1 48 7 0.001937 1
8 2 1 49 6 0.001533 2
8 2 1 50 8 0.001988 0
8 2 1 51 9 0.002724 2
8 2 1 52 9 0.002775 2
8 2 1 53 9 0.003013 0
8 2 1 54 8 0.002722 2
8 2 1 55 8 0.001953 0
8 2 1 56 9 0.002662 1
8 2 1 57 7 0.002308 2
8 2 1 58 9 0.003463 0
8 2 1 59 7 0.002040 0
8 2 1 60 9 0.002377 0
8 2 1 61 9 0.003037 2
8 2 1 62 7 0.002256 1
8 2 1 63 9 0.003052 2
8 2 1 64 9 0.003078 2
8 2 1 65 8 0.002589 2
8 2 1 66 8 0.001681 0
8 2 1 67 9 0.002761 2
8 2 1 68 8 0.002540 0
8 2 1 69 8 0.001884 0
8 2 1 70 7 0.002149 1
8 2 1 71 8 0.002766 1
8 2 1 72 9 0.002685 0
8 2 1 73 8 0.002775 0
8 2 1 74 8 0.002724 1
8 2 1 75 8 0.002423 0
8 2 1 76 8 0.002692 2
8 2 1 77 9 0.003506 2
8 2 1 78 9 0.002883 1
8 2 1 79 6 0.001642 2
8 2 1 80 9 0.003587 0
8 2 1 81 8 0.003334 2
8 2 1 82 6 0.002206 1
8 2 1 83 5 0.001446 2
8 2 1 84 8 0.002615 1
8 2 1 85 7 0.002114 0
8 2 1 86 7 0.002053 0
8 2 1 87 8 0.002056 2
8 2 1 88 5 0.001243 2
8 2 1 89 8 0.001647 0
8 2 1 90 8 0.002125 2
8 2 1 91 7 0.002027 2
8 2 1 92 7 0.001532 0
8 2 1 93 7 0.001709 0
8 2 1 94 9 0.002503 2
8 2 1 95 9 0.002550 2
8 2 1 96 5 0.001201 1
8 2 1 97 9 0.002369 1
8 2 1 98 9 0.002969 2
8 2 1 99 7 0.002137 0
8 2 2 0 7 0.001881 1
8 2 2 1 8 0.001859 0
8 2 2 2 8 0.001957 2
8 2 2 3 8 0.001891 0
8 2 2 4 4 0.001000 1
8 2 2 5 4 0.001229 1
8 2 2 6 - - -
8 2 2 7 7 0.001511 0
8 2 2 8 5 0.001115 0
8 2 2 9 7 0.001229 0
8 2 2 10 6 0.001406 0
8 2 2 11 6 0.001159 0
8 2 2 12 9 0.001974 0
8 2 2 13 - - -
8 2 2 14 8 0.002124 0
8 2 2 15 8 0.002042 2
8 2 2 16 8 0.001398 0
8 2 2 17 8 0.002031 2
8 2 2 18 9 0.001405 0
8 2 2 19 7 0.001683 2
8 2 2 20 - - -
8 2 2 21 5 0.001158 0
8 2 2 22 9 0.002491 1
8 2 2 23 9 0.002090 2
8 2 2 24 6 0.001550 2
8 2 2 25 5 0.001207 2
8 2 2 26 5 0.001163 2
8 2 2 27 9 0.001804 0
8 2 2 28 - - -
8 2 2 29 - - -
8 2 2 30 - - -
8 2 2 31 9 0.001984 2
8 2 2 32 8 0.001507 0
8 2 2 33 9 0.001573 0
8 2 2 34 6 0.001376 1
8 2 2 35 8 0.001300 0
8 2 2 36 9 0.001661 0
8 2 2 37 8 0.002086 0
8 2 2 38 9 0.001932 0
8 2 2 39 - - -
8 2 2 40 7 0.001600 0
8 2 2 41 6 0.001293 0
8 2 2 42 6 0.001636 2
8 2 2 43 - - -
8 2 2 44 8 0.001836 2
8 2 2 45 8 0.001881 0
8 2 2 46 - - -
8 2 2 47 6 0.001064 0
8 2 2 48 6 0.001337 0
8 2 2 49 8 0.001833 2
8 2 2 50 - - -
8 2 2 51 9 0.002282 2
8 2 2 52 - - -
8 2 2 53 - - -
8 2 2 54 6 0.001404 2
8 2 2 55 6 0.001026 0
8 2 2 56 9 0.001366 0
8 2 2 57 9 0.001838 2
8 2 2 58 - - -
8 2 2 59 9 0.001628 0
8 2 2 60 - - -
8 2 2 61 9 0.001885 0
8 2 2 62 6 0.001514 1
8 2 2 63 8 0.001731 2
8 2 2 64 9 0.001942 2
8 2 2 65 8 0.001725 2
8 2 2 66 8 0.001526 0
8 2 2 67 - - -
8 2 2 68 - - -
8 2 2 69 8 0.001299 0
8 2 2 70 - - -
8 2 2 71 8 0.002115 1
8 2 2 72 9 0.001928 0
8 2 2 73 9 0.001951 0
8 2 2 74 8 0.001291 0
8 2 2 75 9 0.001902 0
8 2 2 76 9 0.001783 2
8 2 2 77 - - -
8 2 2 78 9 0.001380 0
8 2 2 79 5 0.001000 0
8 2 2 80 - - -
8 2 2 81 7 0.001478 2
8 2 2 82 7 0.001623 1
8 2 2 83 5 0.001140 2
8 2 2 84 8 0.001667 1
8 2 2 85 8 0.001368 0
8 2 2 86 8 0.001743 0
8 2 2 87 8 0.001753 2
8 2 2 88 8 0.002059 2
8 2 2 89 5 0.000851 0
8 2 2 90 - - -
8 2 2 91 4 0.000781 0
8 2 2 92 7 0.001096 0
8 2 2 93 4 0.000876 0
8 2 2 94 - - -
8 2 2 95 9 0.001838 2
8 2 2 96 7 0.001529 1
8 2 2 97 9 0.001841 1
8 2 2 98 - - -
8 2 2 99 - - -
8 4 0 0 8 0.002374 2
8 4 0 1 7 0.001867 0
8 4 0 2 11 0.003095 2
8 4 0 3 11 0.002729 0
8 4 0 4 5 0.001126 2
8 4 0 5 3 0.000960 2
8 4 0 6 11 0.002497 0
8 4 0 7 5 0.000939 0
8 4 0 8 5 0.001280 2
8 4 0 9 8 0.001426 0
8 4 0 10 10 0.002650 0
8 4 0 11 8 0.001799 0
8 4 0 12 10 0.003150 2
8 4 0 13 11 0.003235 2
8 4 0 14 10 0.002516 0
8 4 0 15 9 0.002327 2
8 4 0 16 7 0.001376 0
8 4 0 17 10 0.003029 2
8 4 0 18 10 0.002595 0
8 4 0 19 6 0.001366 2
8 4 0 20 11 0.002804 2
8 4 0 21 8 0.001744 0
8 4 0 22 11 0.003364 1
8 4 0 23 10 0.002743 2
8 4 0 24 6 0.001293 2
8 4 0 25 9 0.002307 2
8 4 0 26 10 0.002623 2
8 4 0 27 11 0.003470 0
8 4 0 28 12 0.003485 2
8 4 0 29 11 0.002832 2
8 4 0 30 9 0.002437 2
8 4 0 31 10 0.002992 2
8 4 0 32 8 0.001867 2
8 4 0 33 9 0.002126 2
8 4 0 34 8 0.002007 2
8 4 0 35 6 0.001011 0
8 4 0 36 12 0.003104 0
8 4 0 37 7 0.001601 0
8 4 0 38 9 0.002227 0
8 4 0 39 13 0.003692 2
8 4 0 40 7 0.001686 0
8 4 0 41 7 0.001490 2
8 4 0 42 6 0.001406 2
8 4 0 43 11 0.003022 0
8 4 0 44 9 0.002343 2
8 4 0 45 8 0.001921 0
8 4 0 46 13 0.003959 0
8 4 0 47 8 0.001528 0
8 4 0 48 10 0.002786 1
8 4 0 49 8 0.001897 2
8 4 0 50 12 0.002818 0
8 4 0 51 12 0.003246 2
8 4 0 52 13 0.004425 2
8 4 0 53 11 0.003332 0
8 4 0 54 10 0.002299 2
8 4 0 55 9 0.001701 0
8 4 0 56 10 0.002362 2
8 4 0 57 11 0.004271 2
8 4 0 58 12 0.003435 0
8 4 0 59 10 0.002609 0
8 4 0 60 12 0.002962 0
8 4 0 61 10 0.002662 2
8 4 0 62 8 0.001912 1
8 4 0 63 11 0.002726 2
8 4 0 64 12 0.003488 2
8 4 0 65 9 0.002291 2
8 4 0 66 10 0.002605 0
8 4 0 67 13 0.004275 2
8 4 0 68 10 0.002803 0
8 4 0 69 8 0.001872 0
8 4 0 70 9 0.002444 2
8 4 0 71 9 0.002996 2
8 4 0 72 10 0.003384 0
8 4 0 73 9 0.002647 0
8 4 0 74 7 0.001882 2
8 4 0 75 10 0.003827 0
8 4 0 76 12 0.004276 2
8 4 0 77 11 0.003731 2
8 4 0 78 11 0.003277 1
8 4 0 79 6 0.001439 2
8 4 0 80 13 0.003580 0
8 4 0 81 10 0.002638 2
8 4 0 82 8 0.001925 1
8 4 0 83 6 0.001535 2
8 4 0 84 7 0.001751 2
8 4 0 85 9 0.002012 0
8 4 0 86 10 0.002658 0
8 4 0 87 8 0.002188 2
8 4 0 88 8 0.002079 2
8 4 0 89 10 0.002735 0
8 4 0 90 12 0.003768 2
8 4 0 91 8 0.002131 2
8 4 0 92 8 0.001743 0
8 4 0 93 6 0.001385 0
8 4 0 94 13 0.004268 2
8 4 0 95 11 0.004257 2
8 4 0 96 6 0.001462 2
8 4 0 97 10 0.002836 2
8 4 0 98 11 0.004478 2
8 4 0 99 9 0.002799 0
8 4 1 0 8 0.002213 2
8 4 1 1 7 0.001870 0
8 4 1 2 10 0.003547 2
8 4 1 3 10 0.003117 0
8 4 1 4 5 0.001450 2
8 4 1 5 3 0.000747 2
8 4 1 6 10 0.002412 0
8 4 1 7 5 0.001294 0
8 4 1 8 5 0.001229 2
8 4 1 9 8 0.001595 0
8 4 1 10 9 0.002586 0
8 4 1 11 8 0.002389 0
8 4 1 12 9 0.002597 2
8 4 1 13 10 0.003368 2
8 4 1 14 9 0.002812 0
8 4 1 15 8 0.003145 2
8 4 1 16 7 0.001583 0
8 4 1 17 9 0.002930 2
8 4 1 18 10 0.003172 0
8 4 1 19 6 0.002616 2
8 4 1 20 10 0.003197 2
8 4 1 21 8 0.002184 0
8 4 1 22 10 0.003170 1
8 4 1 23 9 0.003347 2
8 4 1 24 6 0.001705 2
8 4 1 25 9 0.002975 2
8 4 1 26 9 0.002786 2
8 4 1 27 10 0.004658 0
8 4 1 28 11 0.003450 2
8 4 1 29 10 0.003309 2
8 4 1 30 9 0.002912 2
8 4 1 31 10 0.003438 2
8 4 1 32 8 0.002347 2
8 4 1 33 9 0.002568 2
8 4 1 34 8 0.002347 2
8 4 1 35 6 0.001272 0
8 4 1 36 11 0.003763 0
8 4 1 37 6 0.001678 0
8 4 1 38 9 0.002685 0
8 4 1 39 11 0.004004 2
8 4 1 40 7 0.002040 0
8 4 1 41 6 0.001577 2
8 4 1 42 6 0.001637 2
8 4 1 43 10 0.002478 0
8 4 1 44 8 0.002590 2
8 4 1 45 8 0.002374 0
8 4 1 46 11 0.003669 0
8 4 1 47 8 0.001525 0
8 4 1 48 9 0.002276 1
8 4 1 49 8 0.001952 2
8 4 1 50 11 0.002626 0
8 4 1 51 11 0.003120 2
8 4 1 52 11 0.003315 2
8 4 1 53 10 0.002901 0
8 4 1 54 8 0.002068 2
8 4 1 55 8 0.001750 0
8 4 1 56 10 0.002601 2
8 4 1 57 11 0.003253 2
8 4 1 58 11 0.003049 0
8 4 1 59 10 0.003671 0
8 4 1 60 11 0.002718 0
8 4 1 61 10 0.002476 2
8 4 1 62 8 0.001922 1
8 4 1 63 9 0.002197 2
8 4 1 64 11 0.003349 2
8 4 1 65 8 0.002361 2
8 4 1 66 9 0.001618 0
8 4 1 67 11 0.003507 2
8 4 1 68 10 0.002704 0
8 4 1 69 8 0.001558 0
8 4 1 70 8 0.002011 2
8 4 1 71 8 0.002070 2
8 4 1 72 10 0.002594 0
8 4 1 73 9 0.002458 0
8 4 1 74 7 0.001549 2
8 4 1 75 10 0.002586 0
8 4 1 76 11 0.002877 2
8 4 1 77 10 0.003143 2
8 4 1 78 10 0.002362 1
8 4 1 79 5 0.000967 2
8 4 1 80 11 0.002641 0
8 4 1 81 9 0.002328 2
8 4 1 82 8 0.002388 1
8 4 1 83 6 0.001511 2
8 4 1 84 7 0.001694 2
8 4 1 85 9 0.002017 0
8 4 1 86 9 0.002177 0
8 4 1 87 8 0.001803 2
8 4 1 88 8 0.002007 2
8 4 1 89 9 0.001740 0
8 4 1 90 11 0.002868 2
8 4 1 91 8 0.001915 2
8 4 1 92 8 0.001609 0
8 4 1 93 6 0.001260 0
8 4 1 94 11 0.003001 2
8 4 1 95 11 0.003543 2
8 4 1 96 6 0.001317 2
8 4 1 97 10 0.002496 2
8 4 1 98 10 0.003738 2
8 4 1 99 9 0.002335 0
8 4 2 0 8 0.001849 2
8 4 2 1 7 0.001601 0
8 4 2 2 8 0.002039 2
8 4 2 3 8 0.002129 0
8 4 2 4 5 0.001299 2
8 4 2 5 3 0.000796 2
8 4 2 6 11 0.002009 0
8 4 2 7 5 0.000951 0
8 4 2 8 5 0.001168 2
8 4 2 9 7 0.001453 0
8 4 2 10 6 0.001384 0
8 4 2 11 6 0.001340 0
8 4 2 12 9 0.001976 2
8 4 2 13 11 0.001791 0
8 4 2 14 9 0.002171 0
8 4 2 15 8 0.001966 2
8 4 2 16 6 0.001083 0
8 4 2 17 8 0.002029 2
8 4 2 18 11 0.002842 0
8 4 2 19 6 0.001479 2
8 4 2 20 7 0.001673 2
8 4 2 21 7 0.001645 0
8 4 2 22 10 0.002391 1
8 4 2 23 9 0.002337 2
8 4 2 24 6 0.002708 2
8 4 2 25 8 0.002518 2
8 4 2 26 6 0.001373 2
8 4 2 27 10 0.002576 0
8 4 2 28 11 0.002875 2
8 4 2 29 - - -
8 4 2 30 5 0.001221 2
8 4 2 31 9 0.002334 2
8 4 2 32 8 0.001929 2
8 4 2 33 9 0.002057 0
8 4 2 34 8 0.002099 2
8 4 2 35 6 0.001127 0
8 4 2 36 9 0.002206 0
8 4 2 37 6 0.001574 0
8 4 2 38 9 0.002330 0
8 4 2 39 11 0.002557 2
8 4 2 40 8 0.002019 0
8 4 2 41 6 0.002272 2
8 4 2 42 5 0.001337 2
8 4 2 43 10 0.001737 0
8 4 2 44 8 0.001942 2
8 4 2 45 7 0.002741 0
8 4 2 46 - - -
8 4 2 47 7 0.001294 0
8 4 2 48 9 0.002134 1
8 4 2 49 8 0.002084 2
8 4 2 50 11 0.001840 0
8 4 2 51 10 0.002707 2
8 4 2 52 - - -
8 4 2 53 9 0.002330 0
8 4 2 54 5 0.001251 2
8 4 2 55 7 0.001305 0
8 4 2 56 9 0.001732 0
8 4 2 57 9 0.002274 2
8 4 2 58 11 0.002662 0
8 4 2 59 9 0.002136 0
8 4 2 60 11 0.001847 0
8 4 2 61 9 0.002324 2
8 4 2 62 9 0.002224 1
8 4 2 63 8 0.002243 2
8 4 2 64 9 0.002253 2
8 4 2 65 9 0.002228 2
8 4 2 66 8 0.001773 0
8 4 2 67 - - -
8 4 2 68 8 0.001890 0
8 4 2 69 8 0.001475 0
8 4 2 70 5 0.001157 2
8 4 2 71 8 0.002127 2
8 4 2 72 9 0.002097 0
8 4 2 73 9 0.002336 0
8 4 2 74 8 0.001744 2
8 4 2 75 9 0.002044 0
8 4 2 76 9 0.001956 2
8 4 2 77 9 0.002036 2
8 4 2 78 10 0.002167 1
8 4 2 79 6 0.001342 2
8 4 2 80 11 0.002106 0
8 4 2 81 8 0.002019 2
8 4 2 82 9 0.002115 1
8 4 2 83 6 0.001541 2
8 4 2 84 7 0.002035 2
8 4 2 85 8 0.002041 0
8 4 2 86 10 0.002520 0
8 4 2 87 7 0.002063 2
8 4 2 88 8 0.001939 2
8 4 2 89 6 0.001137 0
8 4 2 90 11 0.002629 2
8 4 2 91 5 0.001162 2
8 4 2 92 8 0.001443 0
8 4 2 93 4 0.000847 0
8 4 2 94 9 0.002143 2
8 4 2 95 9 0.002053 2
8 4 2 96 7 0.002056 2
8 4 2 97 10 0.002474 2
8 4 2 98 11 0.002365 2
8 4 2 99 6 0.000964 0
8 4 4 0 - - -
8 4 4 1 5 0.000905 0
8 4 4 2 - - -
8 4 4 3 - - -
8 4 4 4 4 0.000886 2
8 4 4 5 4 0.000856 2
8 4 4 6 - - -
8 4 4 7 5 0.000831 0
8 4 4 8 6 0.001167 0
8 4 4 9 5 0.000913 0
8 4 4 10 - - -
8 4 4 11 7 0.001208 0
8 4 4 12 - - -
8 4 4 13 - - -
8 4 4 14 - - -
8 4 4 15 - - -
8 4 4 16 - - -
8 4 4 17 - - -
8 4 4 18 - - -
8 4 4 19 5 0.001012 2
8 4 4 20 - - -
8 4 4 21 7 0.001387 0
8 4 4 22 - - -
8 4 4 23 - - -
8 4 4 24 7 0.001503 2
8 4 4 25 - - -
8 4 4 26 - - -
8 4 4 27 - - -
8 4 4 28 - - -
8 4 4 29 - - -
8 4 4 30 - - -
8 4 4 31 - - -
8 4 4 32 - - -
8 4 4 33 - - -
8 4 4 34 - - -
8 4 4 35 5 0.000747 0
8 4 4 36 - - -
8 4 4 37 5 0.000762 0
8 4 4 38 - - -
8 4 4 39 - - -
8 4 4 40 6 0.001187 0
8 4 4 41 - - -
8 4 4 42 7 0.001348 2
8 4 4 43 - - -
8 4 4 44 - - -
8 4 4 45 8 0.001320 0
8 4 4 46 - - -
8 4 4 47 - - -
8 4 4 48 8 0.001537 1
8 4 4 49 - - -
8 4 4 50 - - -
8 4 4 51 - - -
8 4 4 52 - - -
8 4 4 53 - - -
8 4 4 54 - - -
8 4 4 55 - - -
8 4 4 56 - - -
8 4 4 57 - - -
8 4 4 58 - - -
8 4 4 59 - - -
8 4 4 60 - - -
8 4 4 61 - - -
8 4 4 62 8 0.001584 1
8 4 4 63 - - -
8 4 4 64 - - -
8 4 4 65 - - -
8 4 4 66 8 0.001192 0
8 4 4 67 - - -
8 4 4 68 - - -
8 4 4 69 - - -
8 4 4 70 - - -
8 4 4 71 - - -
8 4 4 72 - - -
8 4 4 73 - - -
8 4 4 74 - - -
8 4 4 75 - - -
8 4 4 76 - - -
8 4 4 77 - - -
8 4 4 78 - - -
8 4 4 79 6 0.001481 2
8 4 4 80 - - -
8 4 4 81 - - -
8 4 4 82 9 0.002137 1
8 4 4 83 5 0.001083 2
8 4 4 84 - - -
8 4 4 85 - - -
8 4 4 86 - - -
8 4 4 87 8 0.001528 2
8 4 4 88 - - -
8 4 4 89 - - -
8 4 4 90 - - -
8 4 4 91 - - -
8 4 4 92 - - -
8 4 4 93 - - -
8 4 4 94 - - -
8 4 4 95 - - -
8 4 4 96 5 0.001130 2
8 4 4 97 - - -
8 4 4 98 - - -
8 4 4 99 - - -
8 8 0 0 9 0.002510 2
8 8 0 1 7 0.001836 0
8 8 0 2 10 0.002830 2
8 8 0 3 10 0.002514 0
8 8 0 4 5 0.001194 2
8 8 0 5 4 0.000853 2
8 8 0 6 12 0.002952 0
8 8 0 7 6 0.001407 0
8 8 0 8 6 0.001424 2
8 8 0 9 8 0.001434 0
8 8 0 10 10 0.002580 0
8 8 0 11 7 0.001599 0
8 8 0 12 9 0.002994 2
8 8 0 13 12 0.004046 2
8 8 0 14 10 0.002637 0
8 8 0 15 9 0.002589 2
8 8 0 16 8 0.001751 0
8 8 0 17 10 0.002880 2
8 8 0 18 10 0.002575 0
8 8 0 19 7 0.001955 2
8 8 0 20 11 0.003246 2
8 8 0 21 7 0.001559 0
8 8 0 22 11 0.003547 2
8 8 0 23 10 0.002748 2
8 8 0 24 6 0.001417 2
8 8 0 25 9 0.002589 2
8 8 0 26 10 0.002819 2
8 8 0 27 11 0.003263 0
8 8 0 28 13 0.004022 2
8 8 0 29 12 0.003400 2
8 8 0 30 10 0.002901 2
8 8 0 31 10 0.003266 2
8 8 0 32 9 0.002562 2
8 8 0 33 10 0.002767 2
8 8 0 34 9 0.002423 2
8 8 0 35 7 0.001294 0
8 8 0 36 12 0.003354 0
8 8 0 37 7 0.002062 0
8 8 0 38 10 0.003105 0
8 8 0 39 13 0.004358 2
8 8 0 40 7 0.001852 0
8 8 0 41 7 0.001578 2
8 8 0 42 7 0.001774 2
8 8 0 43 11 0.002725 0
8 8 0 44 9 0.002397 2
8 8 0 45 8 0.001941 0
8 8 0 46 13 0.004689 0
8 8 0 47 8 0.001754 0
8 8 0 48 8 0.002231 2
8 8 0 49 8 0.002093 2
8 8 0 50 12 0.003664 0
8 8 0 51 12 0.003451 2
8 8 0 52 14 0.005599 2
8 8 0 53 11 0.003337 0
8 8 0 54 9 0.002640 2
8 8 0 55 9 0.002219 0
8 8 0 56 11 0.003551 2
8 8 0 57 11 0.004490 2
8 8 0 58 13 0.005213 0
8 8 0 59 10 0.003209 0
8 8 0 60 13 0.003902 0
8 8 0 61 11 0.003531 2
8 8 0 62 7 0.002895 2
8 8 0 63 10 0.003754 2
8 8 0 64 12 0.004185 2
8 8 0 65 9 0.002820 2
8 8 0 66 9 0.001964 0
8 8 0 67 13 0.004957 2
8 8 0 68 11 0.003794 0
8 8 0 69 9 0.002781 0
8 8 0 70 9 0.003583 2
8 8 0 71 9 0.003422 2
8 8 0 72 11 0.003836 0
8 8 0 73 10 0.006939 0
8 8 0 74 8 0.003647 2
8 8 0 75 11 0.007218 0
8 8 0 76 11 0.004269 2
8 8 0 77 11 0.004383 2
8 8 0 78 11 0.003620 2
8 8 0 79 5 0.001477 2
8 8 0 80 13 0.005156 0
8 8 0 81 10 0.003478 2
8 8 0 82 7 0.002096 2
8 8 0 83 7 0.002213 2
8 8 0 84 8 0.002915 2
8 8 0 85 9 0.002745 0
8 8 0 86 9 0.003008 0
8 8 0 87 8 0.002439 2
8 8 0 88 8 0.002869 2
8 8 0 89 10 0.002810 0
8 8 0 90 12 0.004649 2
8 8 0 91 9 0.002963 2
8 8 0 92 9 0.002580 0
8 8 0 93 7 0.002029 0
8 8 0 94 12 0.004247 2
8 8 0 95 12 0.004401 2
8 8 0 96 6 0.001862 2
8 8 0 97 11 0.003760 2
8 8 0 98 12 0.004976 2
8 8 0 99 10 0.003160 0
8 8 1 0 9 0.003107 2
8 8 1 1 7 0.002717 0
8 8 1 2 10 0.003238 2
8 8 1 3 10 0.003005 0
8 8 1 4 5 0.001626 2
8 8 1 5 4 0.001074 2
8 8 1 6 12 0.003421 0
8 8 1 7 6 0.001325 0
8 8 1 8 6 0.001584 2
8 8 1 9 8 0.001647 0
8 8 1 10 10 0.003068 0
8 8 1 11 7 0.001939 0
8 8 1 12 9 0.002689 2
8 8 1 13 12 0.004348 2
8 8 1 14 10 0.002977 0
8 8 1 15 9 0.003273 2
8 8 1 16 8 0.002057 0
8 8 1 17 10 0.003035 2
8 8 1 18 10 0.002970 0
8 8 1 19 7 0.002209 2
8 8 1 20 11 0.003447 2
8 8 1 21 7 0.001767 0
8 8 1 22 11 0.003487 2
8 8 1 23 10 0.003525 2
8 8 1 24 6 0.001764 2
8 8 1 25 9 0.002855 2
8 8 1 26 10 0.004891 2
8 8 1 27 11 0.003537 0
8 8 1 28 13 0.004655 2
8 8 1 29 12 0.003778 2
8 8 1 30 10 0.003532 2
8 8 1 31 10 0.003398 2
8 8 1 32 9 0.002338 2
8 8 1 33 10 0.002749 2
8 8 1 34 9 0.002993 2
8 8 1 35 7 0.001590 0
8 8 1 36 12 0.003423 0
8 8 1 37 7 0.003056 0
8 8 1 38 10 0.003716 0
8 8 1 39 13 0.004168 2
8 8 1 40 7 0.001787 0
8 8 1 41 7 0.001602 2
8 8 1 42 7 0.002195 2
8 8 1 43 11 0.003030 0
8 8 1 44 9 0.002320 2
8 8 1 45 8 0.002051 0
8 8 1 46 13 0.004869 0
8 8 1 47 8 0.001581 0
8 8 1 48 8 0.002083 2
8 8 1 49 8 0.002279 2
8 8 1 50 12 0.003128 0
8 8 1 51 12 0.003516 2
8 8 1 52 14 0.005697 2
8 8 1 53 11 0.003396 0
8 8 1 54 9 0.002592 2
8 8 1 55 9 0.001823 0
8 8 1 56 11 0.002840 2
8 8 1 57 11 0.003403 2
8 8 1 58 13 0.004245 0
8 8 1 59 10 0.002928 0
8 8 1 60 13 0.003498 0
8 8 1 61 11 0.003413 2
8 8 1 62 7 0.001933 2
8 8 1 63 10 0.003065 2
8 8 1 64 12 0.003703 2
8 8 1 65 9 0.002424 2
8 8 1 66 9 0.001731 0
8 8 1 67 13 0.004081 2
8 8 1 68 11 0.003148 0
8 8 1 69 9 0.001929 0
8 8 1 70 9 0.002623 2
8 8 1 71 9 0.002608 2
8 8 1 72 11 0.002938 0
8 8 1 73 10 0.002852 0
8 8 1 74 8 0.003063 2
8 8 1 75 11 0.003211 0
8 8 1 76 11 0.003263 2
8 8 1 77 11 0.003440 2
8 8 1 78 11 0.002652 2
8 8 1 79 5 0.001067 2
8 8 1 80 13 0.003616 0
8 8 1 81 10 0.002540 2
8 8 1 82 7 0.001556 2
8 8 1 83 7 0.001654 2
8 8 1 84 8 0.001926 2
8 8 1 85 9 0.001966 0
8 8 1 86 9 0.002373 0
8 8 1 87 8 0.001899 2
8 8 1 88 8 0.002279 2
8 8 1 89 10 0.002355 0
8 8 1 90 12 0.003414 2
8 8 1 91 9 0.002171 2
8 8 1 92 9 0.002636 0
8 8 1 93 7 0.001596 0
8 8 1 94 12 0.003450 2
8 8 1 95 12 0.003649 2
8 8 1 96 6 0.001471 2
8 8 1 97 11 0.002825 2
8 8 1 98 12 0.004084 2
8 8 1 99 10 0.002633 0
8 8 2 0 9 0.002323 2
8 8 2 1 8 0.002212 0
8 8 2 2 8 0.002266 2
8 8 2 3 9 0.002167 0
8 8 2 4 5 0.001160 2
8 8 2 5 4 0.000832 2
8 8 2 6 12 0.002403 0
8 8 2 7 6 0.001285 0
8 8 2 8 6 0.001666 2
8 8 2 9 8 0.001398 0
8 8 2 10 8 0.001912 0
8 8 2 11 6 0.001504 0
8 8 2 12 10 0.003217 2
8 8 2 13 13 0.003272 2
8 8 2 14 10 0.002621 0
8 8 2 15 10 0.002518 2
8 8 2 16 8 0.001613 0
8 8 2 17 8 0.002154 2
8 8 2 18 11 0.002680 0
8 8 2 19 7 0.001593 2
8 8 2 20 9 0.002333 2
8 8 2 21 7 0.001755 0
8 8 2 22 9 0.002834 2
8 8 2 23 9 0.002518 2
8 8 2 24 7 0.001569 2
8 8 2 25 8 0.002390 2
8 8 2 26 8 0.002363 2
8 8 2 27 9 0.002437 0
8 8 2 28 12 0.002858 2
8 8 2 29 7 0.001514 2
8 8 2 30 7 0.001817 2
8 8 2 31 9 0.002546 2
8 8 2 32 8 0.001862 2
8 8 2 33 9 0.002189 2
8 8 2 34 8 0.002075 2
8 8 2 35 7 0.001420 0
8 8 2 36 10 0.002662 0
8 8 2 37 7 0.001720 0
8 8 2 38 10 0.003025 0
8 8 2 39 11 0.002882 2
8 8 2 40 7 0.001597 0
8 8 2 41 6 0.001314 2
8 8 2 42 6 0.001657 2
8 8 2 43 12 0.002811 0
8 8 2 44 10 0.002456 2
8 8 2 45 8 0.001884 0
8 8 2 46 12 0.002916 0
8 8 2 47 8 0.001741 0
8 8 2 48 7 0.001784 2
8 8 2 49 8 0.001900 2
8 8 2 50 11 0.002170 0
8 8 2 51 12 0.003183 2
8 8 2 52 13 0.003233 2
8 8 2 53 11 0.002918 0
8 8 2 54 6 0.001401 2
8 8 2 55 9 0.001684 0
8 8 2 56 10 0.002481 2
8 8 2 57 9 0.002528 2
8 8 2 58 13 0.003734 0
8 8 2 59 10 0.002911 0
8 8 2 60 13 0.003082 0
8 8 2 61 11 0.004852 2
8 8 2 62 6 0.001914 2
8 8 2 63 10 0.002485 2
8 8 2 64 9 0.002779 2
8 8 2 65 11 0.003394 2
8 8 2 66 9 0.002031 0
8 8 2 67 11 0.003068 2
8 8 2 68 10 0.002504 0
8 8 2 69 8 0.002280 0
8 8 2 70 7 0.002094 2
8 8 2 71 8 0.002720 2
8 8 2 72 9 0.002809 0
8 8 2 73 9 0.002781 0
8 8 2 74 9 0.002201 2
8 8 2 75 10 0.003302 0
8 8 2 76 9 0.003193 2
8 8 2 77 11 0.003114 2
8 8 2 78 9 0.002627 2
8 8 2 79 5 0.001451 2
8 8 2 80 11 0.002690 0
8 8 2 81 8 0.002256 2
8 8 2 82 8 0.002202 2
8 8 2 83 7 0.001948 2
8 8 2 84 9 0.002660 2
8 8 2 85 8 0.002315 0
8 8 2 86 8 0.002429 0
8 8 2 87 8 0.002066 2
8 8 2 88 8 0.002464 2
8 8 2 89 8 0.001919 0
8 8 2 90 11 0.003328 2
8 8 2 91 7 0.001970 2
8 8 2 92 10 0.002369 0
8 8 2 93 5 0.001353 0
8 8 2 94 11 0.003001 2
8 8 2 95 9 0.002722 2
8 8 2 96 6 0.001607 2
8 8 2 97 11 0.003018 2
8 8 2 98 11 0.002990 2
8 8 2 99 8 0.002076 0
8 8 4 0 9 0.002238 2
8 8 4 1 5 0.001463 0
8 8 4 2 7 0.001586 2
8 8 4 3 10 0.002173 0
8 8 4 4 4 0.000966 2
8 8 4 5 5 0.001211 2
8 8 4 6 - - -
8 8 4 7 5 0.000956 0
8 8 4 8 6 0.001330 2
8 8 4 9 6 0.001135 0
8 8 4 10 10 0.002418 0
8 8 4 11 7 0.002035 0
8 8 4 12 7 0.001080 0
8 8 4 13 - - -
8 8 4 14 10 0.002270 0
8 8 4 15 7 0.001913 2
8 8 4 16 7 0.002116 0
8 8 4 17 7 0.001118 0
8 8 4 18 - - -
8 8 4 19 6 0.001586 2
8 8 4 20 - - -
8 8 4 21 7 0.001592 0
8 8 4 22 - - -
8 8 4 23 11 0.002371 2
8 8 4 24 7 0.001616 2
8 8 4 25 7 0.002217 2
8 8 4 26 11 0.002598 2
8 8 4 27 - - -
8 8 4 28 - - -
8 8 4 29 - - -
8 8 4 30 - - -
8 8 4 31 - - -
8 8 4 32 8 0.001274 0
8 8 4 33 - - -
8 8 4 34 7 0.001683 2
8 8 4 35 6 0.001057 0
8 8 4 36 - - -
8 8 4 37 5 0.001161 0
8 8 4 38 - - -
8 8 4 39 - - -
8 8 4 40 6 0.001479 0
8 8 4 41 4 0.000869 2
8 8 4 42 7 0.001621 2
8 8 4 43 - - -
8 8 4 44 10 0.002313 2
8 8 4 45 8 0.001941 0
8 8 4 46 - - -
8 8 4 47 8 0.001265 0
8 8 4 48 5 0.001175 2
8 8 4 49 8 0.001920 2
8 8 4 50 - - -
8 8 4 51 - - -
8 8 4 52 - - -
8 8 4 53 - - -
8 8 4 54 6 0.001415 2
8 8 4 55 9 0.001834 0
8 8 4 56 - - -
8 8 4 57 - - -
8 8 4 58 - - -
8 8 4 59 - - -
8 8 4 60 - - -
8 8 4 61 - - -
8 8 4 62 5 0.001258 2
8 8 4 63 7 0.001670 2
8 8 4 64 - - -
8 8 4 65 11 0.002324 2
8 8 4 66 8 0.001415 0
8 8 4 67 - - -
8 8 4 68 - - -
8 8 4 69 7 0.001112 0
8 8 4 70 - - -
8 8 4 71 7 0.001634 2
8 8 4 72 - - -
8 8 4 73 - - -
8 8 4 74 7 0.001463 0
8 8 4 75 - - -
8 8 4 76 - - -
8 8 4 77 - - -
8 8 4 78 - - -
8 8 4 79 5 0.001331 2
8 8 4 80 - - -
8 8 4 81 10 0.002181 2
8 8 4 82 7 0.001670 2
8 8 4 83 5 0.001210 2
8 8 4 84 9 0.002213 2
8 8 4 85 7 0.001141 0
8 8 4 86 7 0.001702 0
8 8 4 87 8 0.001937 2
8 8 4 88 7 0.001619 2
8 8 4 89 11 0.001676 0
8 8 4 90 - - -
8 8 4 91 7 0.001552 2
8 8 4 92 7 0.001458 0
8 8 4 93 4 0.000919 0
8 8 4 94 - - -
8 8 4 95 - - -
8 8 4 96 5 0.001400 2
8 8 4 97 - - -
8 8 4 98 - - -
8 8 4 99 - - -
8 8 8 0 - - -
8 8 8 1 - - -
8 8 8 2 - - -
8 8 8 3 - - -
8 8 8 4 3 0.000738 2
8 8 8 5 4 0.000917 2
8 8 8 6 - - -
8 8 8 7 - - -
8 8 8 8 - - -
8 8 8 9 - - -
8 8 8 10 - - -
8 8 8 11 - - -
8 8 8 12 - - -
8 8 8 13 - - -
8 8 8 14 - - -
8 8 8 15 - - -
8 8 8 16 - - -
8 8 8 17 - - -
8 8 8 18 - - -
8 8 8 19 - - -
8 8 8 20 - - -
8 8 8 21 - - -
8 8 8 22 - - -
8 8 8 23 - - -
8 8 8 24 - - -
8 8 8 25 - - -
8 8 8 26 - - -
8 8 8 27 - - -
8 8 8 28 - - -
8 8 8 29 - - -
8 8 8 30 - - -
8 8 8 31 - - -
8 8 8 32 - - -
8 8 8 33 - - -
8 8 8 34 - - -
8 8 8 35 - - -
8 8 8 36 - - -
8 8 8 37 - - -
8 8 8 38 - - -
8 8 8 39 - - -
8 8 8 40 - - -
8 8 8 41 - - -
8 8 8 42 - - -
8 8 8 43 - - -
8 8 8 44 - - -
8 8 8 45 - - -
8 8 8 46 - - -
8 8 8 47 - - -
8 8 8 48 - - -
8 8 8 49 - - -
8 8 8 50 - - -
8 8 8 51 - - -
8 8 8 52 - - -
8 8 8 53 - - -
8 8 8 54 - - -
8 8 8 55 - - -
8 8 8 56 - - -
8 8 8 57 - - -
8 8 8 58 - - -
8 8 8 59 - - -
8 8 8 60 - - -
8 8 8 61 - - -
8 8 8 62 - - -
8 8 8 63 - - -
8 8 8 64 - - -
8 8 8 65 - - -
8 8 8 66 - - -
8 8 8 67 - - -
8 8 8 68 - - -
8 8 8 69 - - -
8 8 8 70 - - -
8 8 8 71 - - -
8 8 8 72 - - -
8 8 8 73 - - -
8 8 8 74 - - -
8 8 8 75 - - -
8 8 8 76 - - -
8 8 8 77 - - -
8 8 8 78 - - -
8 8 8 79 4 0.000878 2
8 8 8 80 - - -
8 8 8 81 - - -
8 8 8 82 - - -
8 8 8 83 - - -
8 8 8 84 - - -
8 8 8 85 - - -
8 8 8 86 - - -
8 8 8 87 - - -
8 8 8 88 - - -
8 8 8 89 - - -
8 8 8 90 - - -
8 8 8 91 - - -
8 8 8 92 - - -
8 8 8 93 - - -
8 8 8 94 - - -
8 8 8 95 - - -
8 8 8 96 - - -
8 8 8 97 - - -
8 8 8 98 - - -
8 8 8 99 - - -
16 1 0 0 15 0.002464 0
16 1 0 1 13 0.002878 1
16 1 0 2 15 0.002626 0
16 1 0 3 16 0.002733 0
16 1 0 4 15 0.003461 0
16 1 0 5 14 0.002270 0
16 1 0 6 16 0.003620 1
16 1 0 7 16 0.004036 2
16 1 0 8 15 0.003345 1
16 1 0 9 14 0.002184 0
16 1 0 10 15 0.002485 0
16 1 0 11 12 0.002453 0
16 1 0 12 11 0.002133 0
16 1 0 13 15 0.002867 0
16 1 0 14 16 0.002699 0
16 1 0 15 14 0.002182 0
16 1 0 16 15 0.002803 0
16 1 0 17 16 0.003455 0
16 1 0 18 16 0.002681 0
16 1 0 19 14 0.002284 0
16 1 0 20 16 0.003381 0
16 1 0 21 16 0.002831 0
16 1 0 22 14 0.002658 0
16 1 0 23 15 0.002667 0
16 1 0 24 12 0.001972 0
16 1 0 25 13 0.002385 0
16 1 0 26 11 0.002387 0
16 1 0 27 12 0.002178 0
16 1 0 28 15 0.002969 0
16 1 0 29 16 0.002538 0
16 1 0 30 14 0.002955 0
16 1 0 31 15 0.002474 0
16 1 0 32 13 0.002098 0
16 1 0 33 14 0.002561 0
16 1 0 34 15 0.002895 0
16 1 0 35 15 0.002928 0
16 1 0 36 15 0.002495 0
16 1 0 37 12 0.002084 0
16 1 0 38 15 0.002416 0
16 1 0 39 14 0.002729 0
16 1 0 40 12 0.001961 0
16 1 0 41 15 0.002892 0
16 1 0 42 15 0.002489 0
16 1 0 43 16 0.003065 0
16 1 0 44 16 0.002650 0
16 1 0 45 14 0.002930 1
16 1 0 46 15 0.002911 0
16 1 0 47 14 0.002362 0
16 1 0 48 15 0.002983 0
16 1 0 49 13 0.002035 0
16 1 0 50 13 0.002401 0
16 1 0 51 16 0.003522 1
16 1 0 52 15 0.003134 0
16 1 0 53 12 0.002504 0
16 1 0 54 15 0.002922 0
16 1 0 55 16 0.002966 0
16 1 0 56 15 0.003150 0
16 1 0 57 15 0.002640 0
16 1 0 58 15 0.002658 0
16 1 0 59 16 0.002697 0
16 1 0 60 16 0.002481 0
16 1 0 61 16 0.002364 0
16 1 0 62 16 0.002630 0
16 1 0 63 14 0.002301 0
16 1 0 64 14 0.002812 0
16 1 0 65 14 0.002147 0
16 1 0 66 16 0.003049 0
16 1 0 67 16 0.002420 0
16 1 0 68 14 0.003717 0
16 1 0 69 13 0.002452 0
16 1 0 70 14 0.002220 0
16 1 0 71 16 0.002958 0
16 1 0 72 16 0.003388 2
16 1 0 73 15 0.002509 0
16 1 0 74 16 0.002543 0
16 1 0 75 12 0.001665 0
16 1 0 76 15 0.002471 0
16 1 0 77 15 0.002452 0
16 1 0 78 15 0.002607 0
16 1 0 79 16 0.002422 0
16 1 0 80 16 0.002514 0
16 1 0 81 16 0.003252 0
16 1 0 82 16 0.003037 0
16 1 0 83 16 0.003468 0
16 1 0 84 15 0.003140 0
16 1 0 85 16 0.002882 0
16 1 0 86 15 0.002752 0
16 1 0 87 15 0.003104 0
16 1 0 88 16 0.002951 0
16 1 0 89 16 0.002583 0
16 1 0 90 16 0.003363 0
16 1 0 91 15 0.002290 0
16 1 0 92 15 0.002752 0
16 1 0 93 16 0.002755 0
16 1 0 94 16 0.003496 1
16 1 0 95 16 0.002738 0
16 1 0 96 14 0.002145 0
16 1 0 97 14 0.003575 0
16 1 0 98 16 0.003184 0
16 1 0 99 15 0.003967 0
16 1 1 0 15 0.002446 0
16 1 1 1 13 0.002531 1
16 1 1 2 15 0.002404 0
16 1 1 3 16 0.002992 0
16 1 1 4 15 0.003029 0
16 1 1 5 14 0.002080 0
16 1 1 6 16 0.003343 1
16 1 1 7 16 0.003660 2
16 1 1 8 15 0.003087 1
16 1 1 9 14 0.002324 0
16 1 1 10 15 0.002399 0
16 1 1 11 12 0.002297 0
16 1 1 12 11 0.001603 0
16 1 1 13 15 0.002754 0
16 1 1 14 16 0.002639 0
16 1 1 15 14 0.002151 0
16 1 1 16 15 0.002872 0
16 1 1 17 16 0.003402 0
16 1 1 18 16 0.002482 0
16 1 1 19 14 0.002107 0
16 1 1 20 16 0.003331 0
16 1 1 21 16 0.003131 0
16 1 1 22 14 0.002711 0
16 1 1 23 15 0.002370 0
16 1 1 24 12 0.001899 0
16 1 1 25 13 0.002691 0
16 1 1 26 11 0.001649 0
16 1 1 27 12 0.002157 0
16 1 1 28 15 0.002867 0
16 1 1 29 16 0.002381 0
16 1 1 30 14 0.002365 0
16 1 1 31 15 0.002257 0
16 1 1 32 13 0.002067 0
16 1 1 33 14 0.002443 0
16 1 1 34 15 0.002482 0
16 1 1 35 15 0.002241 0
16 1 1 36 15 0.002101 0
16 1 1 37 12 0.002210 0
16 1 1 38 15 0.002352 0
16 1 1 39 14 0.002110 0
16 1 1 40 12 0.001741 0
16 1 1 41 15 0.002782 0
16 1 1 42 15 0.002821 0
16 1 1 43 16 0.002850 0
16 1 1 44 16 0.002438 0
16 1 1 45 14 0.002787 1
16 1 1 46 15 0.002895 0
16 1 1 47 14 0.002414 0
16 1 1 48 15 0.002774 0
16 1 1 49 13 0.001882 0
16 1 1 50 13 0.002019 0
16 1 1 51 16 0.004051 1
16 1 1 52 15 0.003144 0
16 1 1 53 12 0.002385 0
16 1 1 54 15 0.002607 0
16 1 1 55 16 0.003013 0
16 1 1 56 15 0.003021 0
16 1 1 57 15 0.002152 0
16 1 1 58 15 0.002489 0
16 1 1 59 16 0.002601 0
16 1 1 60 16 0.002429 0
16 1 1 61 16 0.002393 0
16 1 1 62 16 0.002600 0
16 1 1 63 14 0.002295 0
16 1 1 64 14 0.002990 0
16 1 1 65 14 0.002141 0
16 1 1 66 16 0.003537 0
16 1 1 67 16 0.002451 0
16 1 1 68 14 0.002799 0
16 1 1 69 13 0.002365 0
16 1 1 70 14 0.002387 0
16 1 1 71 16 0.003585 0
16 1 1 72 16 0.003513 2
16 1 1 73 15 0.002346 0
16 1 1 74 16 0.002609 0
16 1 1 75 12 0.002022 0
16 1 1 76 15 0.002705 0
16 1 1 77 15 0.002299 0
16 1 1 78 15 0.002297 0
16 1 1 79 16 0.002726 0
16 1 1 80 16 0.003331 0
16 1 1 81 16 0.003663 0
16 1 1 82 16 0.002764 0
16 1 1 83 16 0.003077 0
16 1 1 84 15 0.003193 0
16 1 1 85 16 0.002718 0
16 1 1 86 15 0.002392 0
16 1 1 87 15 0.003167 0
16 1 1 88 16 0.002985 0
16 1 1 89 16 0.002980 0
16 1 1 90 16 0.003450 0
16 1 1 91 15 0.002320 0
16 1 1 92 15 0.002702 0
16 1 1 93 16 0.003288 0
16 1 1 94 16 0.003625 1
16 1 1 95 16 0.003025 0
16 1 1 96 14 0.002848 0
16 1 1 97 14 0.003093 0
16 1 1 98 16 0.004189 0
16 1 1 99 15 0.003442 0
16 2 0 0 16 0.003471 0
16 2 0 1 12 0.002705 1
16 2 0 2 14 0.003681 2
16 2 0 3 15 0.002875 0
16 2 0 4 17 0.004207 0
16 2 0 5 17 0.003069 0
16 2 0 6 15 0.004007 2
16 2 0 7 16 0.004353 2
16 2 0 8 17 0.004329 1
16 2 0 9 14 0.002623 0
16 2 0 10 16 0.004220 0
16 2 0 11 16 0.004109 1
16 2 0 12 15 0.002564 0
16 2 0 13 16 0.004477 2
16 2 0 14 17 0.004257 2
16 2 0 15 17 0.003010 0
16 2 0 16 17 0.004458 1
16 2 0 17 15 0.003683 0
16 2 0 18 16 0.003118 0
16 2 0 19 17 0.004242 0
16 2 0 20 18 0.004726 2
16 2 0 21 17 0.004502 0
16 2 0 22 14 0.003245 1
16 2 0 23 14 0.003945 2
16 2 0 24 13 0.003212 0
16 2 0 25 12 0.002974 1
16 2 0 26 13 0.002183 0
16 2 0 27 14 0.004153 2
16 2 0 28 18 0.004671 2
16 2 0 29 17 0.004588 0
16 2 0 30 13 0.003418 0
16 2 0 31 15 0.003094 0
16 2 0 32 15 0.003795 2
16 2 0 33 11 0.002464 0
16 2 0 34 16 0.004002 0
16 2 0 35 14 0.002854 0
16 2 0 36 14 0.002380 0
16 2 0 37 16 0.004186 0
16 2 0 38 15 0.003056 0
16 2 0 39 13 0.003060 1
16 2 0 40 11 0.001684 0
16 2 0 41 16 0.004465 2
16 2 0 42 15 0.003489 2
16 2 0 43 18 0.005128 2
16 2 0 44 18 0.003929 0
16 2 0 45 16 0.003470 1
16 2 0 46 15 0.003481 0
16 2 0 47 14 0.003639 1
16 2 0 48 15 0.003962 1
16 2 0 49 14 0.002645 0
16 2 0 50 16 0.002655 0
16 2 0 51 16 0.004256 2
16 2 0 52 15 0.003599 0
16 2 0 53 12 0.002840 2
16 2 0 54 17 0.003616 0
16 2 0 55 17 0.004848 2
16 2 0 56 15 0.003909 0
16 2 0 57 13 0.002615 0
16 2 0 58 16 0.004937 0
16 2 0 59 18 0.006168 1
16 2 0 60 17 0.004337 0
16 2 0 61 15 0.003536 0
16 2 0 62 15 0.004704 2
16 2 0 63 13 0.003630 0
16 2 0 64 15 0.004332 0
16 2 0 65 17 0.004738 0
16 2 0 66 16 0.004644 2
16 2 0 67 17 0.003933 0
16 2 0 68 15 0.004285 1
16 2 0 69 14 0.003619 0
16 2 0 70 14 0.003700 2
16 2 0 71 17 0.006060 0
16 2 0 72 17 0.005516 2
16 2 0 73 17 0.006781 1
16 2 0 74 14 0.004236 2
16 2 0 75 13 0.002722 0
16 2 0 76 17 0.008170 2
16 2 0 77 18 0.004718 0
16 2 0 78 16 0.004865 0
16 2 0 79 15 0.003467 0
16 2 0 80 16 0.005614 2
16 2 0 81 16 0.004921 0
16 2 0 82 18 0.005839 0
16 2 0 83 15 0.004601 1
16 2 0 84 17 0.005168 2
16 2 0 85 17 0.006140 2
16 2 0 86 18 0.005449 2
16 2 0 87 16 0.006281 0
16 2 0 88 18 0.005640 1
16 2 0 89 18 0.004448 0
16 2 0 90 15 0.004404 0
16 2 0 91 16 0.004849 2
16 2 0 92 15 0.004390 2
16 2 0 93 17 0.005811 2
16 2 0 94 17 0.005754 1
16 2 0 95 16 0.003418 0
16 2 0 96 15 0.003644 0
16 2 0 97 16 0.005639 0
16 2 0 98 16 0.004963 2
16 2 0 99 17 0.005910 2
16 2 1 0 16 0.004026 0
16 2 1 1 12 0.003308 1
16 2 1 2 14 0.005358 2
16 2 1 3 15 0.003974 0
16 2 1 4 17 0.006315 0
16 2 1 5 17 0.003991 0
16 2 1 6 15 0.006398 2
16 2 1 7 16 0.005342 2
16 2 1 8 17 0.005358 1
16 2 1 9 14 0.003326 0
16 2 1 10 16 0.004887 0
16 2 1 11 16 0.005269 1
16 2 1 12 15 0.003810 0
16 2 1 13 16 0.006491 2
16 2 1 14 16 0.005276 2
16 2 1 15 17 0.004567 0
16 2 1 16 16 0.006185 1
16 2 1 17 15 0.004960 0
16 2 1 18 16 0.004242 0
16 2 1 19 17 0.005617 0
16 2 1 20 17 0.006736 2
16 2 1 21 16 0.005600 0
16 2 1 22 14 0.004933 1
16 2 1 23 14 0.004806 2
16 2 1 24 13 0.004124 0
16 2 1 25 12 0.004422 1
16 2 1 26 13 0.002779 0
16 2 1 27 14 0.004726 2
16 2 1 28 17 0.006134 2
16 2 1 29 17 0.005374 0
16 2 1 30 13 0.004009 0
16 2 1 31 14 0.003418 0
16 2 1 32 15 0.004584 2
16 2 1 33 11 0.003141 0
16 2 1 34 15 0.005020 0
16 2 1 35 14 0.003210 0
16 2 1 36 14 0.002978 0
16 2 1 37 15 0.005890 0
16 2 1 38 15 0.003426 0
16 2 1 39 13 0.003507 1
16 2 1 40 11 0.002197 0
16 2 1 41 16 0.004423 2
16 2 1 42 15 0.003912 2
16 2 1 43 17 0.004693 2
16 2 1 44 17 0.003464 0
16 2 1 45 16 0.003761 1
16 2 1 46 15 0.003673 0
16 2 1 47 14 0.003167 1
16 2 1 48 15 0.003721 1
16 2 1 49 14 0.002403 0
16 2 1 50 16 0.002952 0
16 2 1 51 16 0.004208 2
16 2 1 52 15 0.003438 0
16 2 1 53 12 0.002945 2
16 2 1 54 17 0.003724 0
16 2 1 55 16 0.003949 2
16 2 1 56 15 0.004000 0
16 2 1 57 13 0.002600 0
16 2 1 58 16 0.004551 0
16 2 1 59 17 0.004220 1
16 2 1 60 16 0.003115 0
16 2 1 61 15 0.002992 0
16 2 1 62 15 0.004068 2
16 2 1 63 13 0.003265 0
16 2 1 64 14 0.003799 0
16 2 1 65 17 0.004245 0
16 2 1 66 15 0.003677 2
16 2 1 67 16 0.003710 0
16 2 1 68 15 0.003549 1
16 2 1 69 13 0.002823 0
16 2 1 70 14 0.003275 2
16 2 1 71 16 0.004707 0
16 2 1 72 16 0.004903 2
16 2 1 73 17 0.004331 1
16 2 1 74 14 0.003395 2
16 2 1 75 13 0.001972 0
16 2 1 76 17 0.004275 2
16 2 1 77 17 0.003134 0
16 2 1 78 16 0.003054 0
16 2 1 79 15 0.002670 0
16 2 1 80 15 0.003584 2
16 2 1 81 16 0.003689 0
16 2 1 82 17 0.004208 0
16 2 1 83 15 0.003623 1
16 2 1 84 17 0.004431 2
16 2 1 85 17 0.004081 2
16 2 1 86 17 0.004282 2
16 2 1 87 16 0.003813 0
16 2 1 88 17 0.004060 1
16 2 1 89 17 0.003221 0
16 2 1 90 15 0.003688 0
16 2 1 91 15 0.003576 2
16 2 1 92 14 0.003022 2
16 2 1 93 17 0.004171 2
16 2 1 94 17 0.003832 1
16 2 1 95 16 0.002629 0
16 2 1 96 15 0.002652 0
16 2 1 97 15 0.004882 0
16 2 1 98 16 0.003866 2
16 2 1 99 17 0.004323 2
16 2 2 0 - - -
16 2 2 1 12 0.002748 1
16 2 2 2 - - -
16 2 2 3 17 0.002554 0
16 2 2 4 - - -
16 2 2 5 17 0.002461 0
16 2 2 6 - - -
16 2 2 7 - - -
16 2 2 8 - - -
16 2 2 9 14 0.001980 0
16 2 2 10 - - -
16 2 2 11 17 0.003863 1
16 2 2 12 16 0.002479 0
16 2 2 13 - - -
16 2 2 14 - - -
16 2 2 15 17 0.002301 0
16 2 2 16 - - -
16 2 2 17 - - -
16 2 2 18 - - -
16 2 2 19 - - -
16 2 2 20 - - -
16 2 2 21 - - -
16 2 2 22 15 0.003022 1
16 2 2 23 - - -
16 2 2 24 14 0.002014 0
16 2 2 25 - - -
16 2 2 26 13 0.001874 0
16 2 2 27 - - -
16 2 2 28 - - -
16 2 2 29 17 0.003319 0
16 2 2 30 - - -
16 2 2 31 - - -
16 2 2 32 17 0.002379 0
16 2 2 33 12 0.002412 0
16 2 2 34 - - -
16 2 2 35 - - -
16 2 2 36 - - -
16 2 2 37 - - -
16 2 2 38 - - -
16 2 2 39 - - -
16 2 2 40 12 0.001793 0
16 2 2 41 17 0.003288 0
16 2 2 42 13 0.002608 2
16 2 2 43 - - -
16 2 2 44 - - -
16 2 2 45 15 0.003094 1
16 2 2 46 - - -
16 2 2 47 14 0.002836 1
16 2 2 48 - - -
16 2 2 49 15 0.002398 0
16 2 2 50 14 0.002108 0
16 2 2 51 - - -
16 2 2 52 16 0.003093 0
16 2 2 53 13 0.002624 2
16 2 2 54 17 0.003326 0
16 2 2 55 - - -
16 2 2 56 - - -
16 2 2 57 15 0.002268 0
16 2 2 58 - - -
16 2 2 59 - - -
16 2 2 60 - - -
16 2 2 61 - - -
16 2 2 62 - - -
16 2 2 63 - - -
16 2 2 64 - - -
16 2 2 65 - - -
16 2 2 66 - - -
16 2 2 67 - - -
16 2 2 68 - - -
16 2 2 69 13 0.002563 0
16 2 2 70 14 0.002209 0
16 2 2 71 - - -
16 2 2 72 - - -
16 2 2 73 - - -
16 2 2 74 15 0.002900 2
16 2 2 75 13 0.001930 0
16 2 2 76 - - -
16 2 2 77 - - -
16 2 2 78 - - -
16 2 2 79 17 0.002327 0
16 2 2 80 - - -
16 2 2 81 - - -
16 2 2 82 - - -
16 2 2 83 - - -
16 2 2 84 - - -
16 2 2 85 - - -
16 2 2 86 - - -
16 2 2 87 - - -
16 2 2 88 - - -
16 2 2 89 - - -
16 2 2 90 - - -
16 2 2 91 - - -
16 2 2 92 - - -
16 2 2 93 - - -
16 2 2 94 - - -
16 2 2 95 17 0.002348 0
16 2 2 96 - - -
16 2 2 97 - - -
16 2 2 98 - - -
16 2 2 99 - - -
16 4 0 0 19 0.005900 0
16 4 0 1 13 0.003068 1
16 4 0 2 16 0.005520 2
16 4 0 3 16 0.004150 0
16 4 0 4 19 0.005890 0
16 4 0 5 17 0.004033 0
16 4 0 6 18 0.006064 2
16 4 0 7 21 0.007467 2
16 4 0 8 20 0.006418 1
16 4 0 9 17 0.003957 0
16 4 0 10 18 0.006221 0
16 4 0 11 14 0.003851 2
16 4 0 12 16 0.004165 0
16 4 0 13 18 0.006563 2
16 4 0 14 19 0.006729 2
16 4 0 15 18 0.004432 0
16 4 0 16 18 0.005993 2
16 4 0 17 17 0.005631 0
16 4 0 18 17 0.004580 0
16 4 0 19 17 0.005358 0
16 4 0 20 20 0.006995 2
16 4 0 21 18 0.005971 0
16 4 0 22 16 0.004521 2
16 4 0 23 17 0.006142 2
16 4 0 24 14 0.003912 0
16 4 0 25 15 0.004738 1
16 4 0 26 10 0.002008 0
16 4 0 27 16 0.004794 2
16 4 0 28 20 0.006536 2
16 4 0 29 19 0.005580 0
16 4 0 30 16 0.004820 0
16 4 0 31 17 0.004738 0
16 4 0 32 17 0.005341 2
16 4 0 33 12 0.002969 0
16 4 0 34 19 0.005968 0
16 4 0 35 16 0.004158 0
16 4 0 36 17 0.003840 0
16 4 0 37 17 0.005224 0
16 4 0 38 19 0.006459 0
16 4 0 39 16 0.005052 2
16 4 0 40 12 0.001995 0
16 4 0 41 15 0.005577 2
16 4 0 42 17 0.004819 2
16 4 0 43 22 0.008784 2
16 4 0 44 19 0.005739 0
16 4 0 45 16 0.004755 2
16 4 0 46 16 0.006056 0
16 4 0 47 16 0.004577 2
16 4 0 48 18 0.007054 2
16 4 0 49 14 0.003388 0
16 4 0 50 15 0.003382 0
16 4 0 51 20 0.008015 2
16 4 0 52 18 0.005825 0
16 4 0 53 14 0.004221 2
16 4 0 54 17 0.004606 0
16 4 0 55 19 0.006715 2
16 4 0 56 18 0.006427 0
16 4 0 57 15 0.004286 0
16 4 0 58 20 0.008121 0
16 4 0 59 19 0.007376 2
16 4 0 60 20 0.006725 0
16 4 0 61 19 0.006460 0
16 4 0 62 20 0.007811 2
16 4 0 63 17 0.006193 2
16 4 0 64 17 0.005256 0
16 4 0 65 18 0.005991 0
16 4 0 66 18 0.005948 2
16 4 0 67 21 0.006465 0
16 4 0 68 16 0.004848 2
16 4 0 69 14 0.003303 0
16 4 0 70 17 0.004940 2
16 4 0 71 20 0.007650 0
16 4 0 72 21 0.008707 2
16 4 0 73 16 0.004271 2
16 4 0 74 17 0.004971 2
16 4 0 75 13 0.002532 0
16 4 0 76 18 0.005631 2
16 4 0 77 18 0.006168 0
16 4 0 78 17 0.004368 0
16 4 0 79 16 0.003439 0
16 4 0 80 20 0.006694 2
16 4 0 81 20 0.006213 0
16 4 0 82 21 0.007469 0
16 4 0 83 19 0.006617 2
16 4 0 84 17 0.005225 2
16 4 0 85 21 0.007536 2
16 4 0 86 20 0.005742 2
16 4 0 87 18 0.004959 0
16 4 0 88 19 0.006202 2
16 4 0 89 21 0.006411 0
16 4 0 90 19 0.006372 0
16 4 0 91 19 0.006244 2
16 4 0 92 17 0.005949 2
16 4 0 93 20 0.007754 2
16 4 0 94 20 0.006309 1
16 4 0 95 18 0.003930 0
16 4 0 96 17 0.004332 0
16 4 0 97 19 0.007054 0
16 4 0 98 19 0.007019 2
16 4 0 99 21 0.008303 2
16 4 1 0 19 0.006080 0
16 4 1 1 13 0.003065 1
16 4 1 2 16 0.006343 2
16 4 1 3 15 0.003798 0
16 4 1 4 18 0.006152 0
16 4 1 5 16 0.003457 0
16 4 1 6 17 0.005970 2
16 4 1 7 19 0.006230 2
16 4 1 8 18 0.005721 1
16 4 1 9 17 0.003907 0
16 4 1 10 17 0.005219 0
16 4 1 11 14 0.003698 2
16 4 1 12 16 0.003902 0
16 4 1 13 18 0.006294 2
16 4 1 14 18 0.005789 2
16 4 1 15 17 0.004191 0
16 4 1 16 17 0.005041 2
16 4 1 17 17 0.005343 0
16 4 1 18 16 0.004008 0
16 4 1 19 16 0.004821 0
16 4 1 20 18 0.006462 2
16 4 1 21 17 0.005393 0
16 4 1 22 16 0.005147 2
16 4 1 23 17 0.006093 2
16 4 1 24 13 0.003744 0
16 4 1 25 15 0.005129 1
16 4 1 26 10 0.002066 0
16 4 1 27 15 0.005019 2
16 4 1 28 18 0.005804 2
16 4 1 29 19 0.005960 0
16 4 1 30 15 0.004893 0
16 4 1 31 17 0.005949 0
16 4 1 32 17 0.006473 2
16 4 1 33 12 0.003276 0
16 4 1 34 17 0.005565 0
16 4 1 35 15 0.004502 0
16 4 1 36 16 0.003565 0
16 4 1 37 16 0.005384 0
16 4 1 38 17 0.005312 0
16 4 1 39 15 0.004805 2
16 4 1 40 12 0.002572 0
16 4 1 41 15 0.005113 2
16 4 1 42 17 0.005009 2
16 4 1 43 19 0.007136 2
16 4 1 44 17 0.005430 0
16 4 1 45 16 0.005467 2
16 4 1 46 16 0.005067 0
16 4 1 47 16 0.004800 2
16 4 1 48 18 0.007016 2
16 4 1 49 14 0.003648 0
16 4 1 50 15 0.003647 0
16 4 1 51 18 0.006620 2
16 4 1 52 17 0.005453 0
16 4 1 53 14 0.003867 2
16 4 1 54 15 0.003774 0
16 4 1 55 18 0.005585 2
16 4 1 56 17 0.005566 0
16 4 1 57 15 0.003811 0
16 4 1 58 18 0.006202 0
16 4 1 59 18 0.005675 2
16 4 1 60 17 0.004574 0
16 4 1 61 17 0.004412 0
16 4 1 62 18 0.006328 2
16 4 1 63 17 0.005174 2
16 4 1 64 16 0.004985 0
16 4 1 65 17 0.005488 0
16 4 1 66 17 0.005547 2
16 4 1 67 19 0.005409 0
16 4 1 68 16 0.004786 2
16 4 1 69 14 0.004383 0
16 4 1 70 16 0.004532 2
16 4 1 71 19 0.007338 0
16 4 1 72 18 0.007184 2
16 4 1 73 15 0.004283 2
16 4 1 74 16 0.005578 2
16 4 1 75 13 0.002710 0
16 4 1 76 18 0.006018 2
16 4 1 77 17 0.004993 0
16 4 1 78 17 0.004903 0
16 4 1 79 15 0.003616 0
16 4 1 80 18 0.006576 2
16 4 1 81 19 0.006661 0
16 4 1 82 18 0.006450 0
16 4 1 83 18 0.005873 2
16 4 1 84 16 0.006188 2
16 4 1 85 19 0.007333 2
16 4 1 86 18 0.005682 2
16 4 1 87 17 0.005206 0
16 4 1 88 18 0.006282 2
16 4 1 89 18 0.005644 0
16 4 1 90 18 0.006456 0
16 4 1 91 17 0.005694 2
16 4 1 92 16 0.004880 2
16 4 1 93 18 0.009281 2
16 4 1 94 18 0.006615 1
16 4 1 95 17 0.004131 0
16 4 1 96 16 0.004395 0
16 4 1 97 16 0.005976 0
16 4 1 98 18 0.006713 2
16 4 1 99 19 0.009052 2
16 4 2 0 19 0.003062 0
16 4 2 1 13 0.006165 1
16 4 2 2 19 0.005036 0
16 4 2 3 17 0.004180 0
16 4 2 4 19 0.005213 0
16 4 2 5 15 0.003042 0
16 4 2 6 16 0.004186 2
16 4 2 7 18 0.004776 2
16 4 2 8 18 0.004668 1
16 4 2 9 16 0.003527 0
16 4 2 10 13 0.003134 0
16 4 2 11 17 0.004598 2
16 4 2 12 15 0.003926 0
16 4 2 13 18 0.004179 2
16 4 2 14 18 0.004771 2
16 4 2 15 17 0.003253 0
16 4 2 16 15 0.003854 2
16 4 2 17 11 0.002697 0
16 4 2 18 15 0.003121 0
16 4 2 19 17 0.003286 0
16 4 2 20 - - -
16 4 2 21 - - -
16 4 2 22 16 0.004647 2
16 4 2 23 11 0.003120 2
16 4 2 24 14 0.002963 0
16 4 2 25 17 0.004472 1
16 4 2 26 9 0.001890 0
16 4 2 27 9 0.002095 2
16 4 2 28 19 0.005445 2
16 4 2 29 17 0.004762 0
16 4 2 30 16 0.004496 0
16 4 2 31 - - -
16 4 2 32 17 0.004470 2
16 4 2 33 12 0.003352 0
16 4 2 34 11 0.002567 0
16 4 2 35 17 0.003432 0
16 4 2 36 11 0.002097 0
16 4 2 37 15 0.004375 0
16 4 2 38 11 0.001953 0
16 4 2 39 12 0.003216 2
16 4 2 40 12 0.002347 0
16 4 2 41 17 0.004435 2
16 4 2 42 16 0.004479 2
16 4 2 43 - - -
16 4 2 44 - - -
16 4 2 45 18 0.004846 2
16 4 2 46 14 0.003634 0
16 4 2 47 14 0.004580 2
16 4 2 48 15 0.003715 2
16 4 2 49 13 0.002637 0
16 4 2 50 13 0.003507 0
16 4 2 51 19 0.003377 0
16 4 2 52 14 0.004439 0
16 4 2 53 12 0.004082 2
16 4 2 54 17 0.003102 0
16 4 2 55 - - -
16 4 2 56 16 0.003777 0
16 4 2 57 12 0.002633 0
16 4 2 58 - - -
16 4 2 59 - - -
16 4 2 60 - - -
16 4 2 61 - - -
16 4 2 62 - - -
16 4 2 63 17 0.004799 2
16 4 2 64 11 0.002827 0
16 4 2 65 17 0.004220 0
16 4 2 66 17 0.003984 2
16 4 2 67 19 0.003040 0
16 4 2 68 12 0.003371 2
16 4 2 69 14 0.003975 0
16 4 2 70 14 0.003456 2
16 4 2 71 - - -
16 4 2 72 - - -
16 4 2 73 13 0.003374 2
16 4 2 74 14 0.003995 2
16 4 2 75 13 0.002576 0
16 4 2 76 19 0.004354 2
16 4 2 77 - - -
16 4 2 78 17 0.003327 0
16 4 2 79 18 0.003310 0
16 4 2 80 - - -
16 4 2 81 19 0.004184 0
16 4 2 82 - - -
16 4 2 83 19 0.004199 2
16 4 2 84 19 0.004372 0
16 4 2 85 - - -
16 4 2 86 16 0.002368 0
16 4 2 87 12 0.002734 0
16 4 2 88 - - -
16 4 2 89 - - -
16 4 2 90 18 0.004671 0
16 4 2 91 - - -
16 4 2 92 10 0.002291 2
16 4 2 93 - - -
16 4 2 94 19 0.004116 1
16 4 2 95 17 0.003253 0
16 4 2 96 10 0.001522 0
16 4 2 97 - - -
16 4 2 98 17 0.003603 2
16 4 2 99 - - -
16 4 4 0 - - -
16 4 4 1 - - -
16 4 4 2 - - -
16 4 4 3 - - -
16 4 4 4 - - -
16 4 4 5 - - -
16 4 4 6 - - -
16 4 4 7 - - -
16 4 4 8 - - -
16 4 4 9 - - -
16 4 4 10 - - -
16 4 4 11 - - -
16 4 4 12 - - -
16 4 4 13 - - -
16 4 4 14 - - -
16 4 4 15 - - -
16 4 4 16 - - -
16 4 4 17 - - -
16 4 4 18 - - -
16 4 4 19 - - -
16 4 4 20 - - -
16 4 4 21 - - -
16 4 4 22 - - -
16 4 4 23 - - -
16 4 4 24 - - -
16 4 4 25 - - -
16 4 4 26 12 0.001805 0
16 4 4 27 - - -
16 4 4 28 - - -
16 4 4 29 - - -
16 4 4 30 - - -
16 4 4 31 - - -
16 4 4 32 - - -
16 4 4 33 - - -
16 4 4 34 - - -
16 4 4 35 - - -
16 4 4 36 - - -
16 4 4 37 - - -
16 4 4 38 - - -
16 4 4 39 - - -
16 4 4 40 13 0.002011 0
16 4 4 41 - - -
16 4 4 42 - - -
16 4 4 43 - - -
16 4 4 44 - - -
16 4 4 45 - - -
16 4 4 46 - - -
16 4 4 47 16 0.003053 2
16 4 4 48 - - -
16 4 4 49 - - -
16 4 4 50 - - -
16 4 4 51 - - -
16 4 4 52 - - -
16 4 4 53 - - -
16 4 4 54 - - -
16 4 4 55 - - -
16 4 4 56 - - -
16 4 4 57 - - -
16 4 4 58 - - -
16 4 4 59 - - -
16 4 4 60 - - -
16 4 4 61 - - -
16 4 4 62 - - -
16 4 4 63 - - -
16 4 4 64 - - -
16 4 4 65 - - -
16 4 4 66 - - -
16 4 4 67 - - -
16 4 4 68 - - -
16 4 4 69 14 0.002404 0
16 4 4 70 - - -
16 4 4 71 - - -
16 4 4 72 - - -
16 4 4 73 - - -
16 4 4 74 - - -
16 4 4 75 - - -
16 4 4 76 - - -
16 4 4 77 - - -
16 4 4 78 - - -
16 4 4 79 - - -
16 4 4 80 - - -
16 4 4 81 - - -
16 4 4 82 - - -
16 4 4 83 - - -
16 4 4 84 - - -
16 4 4 85 - - -
16 4 4 86 - - -
16 4 4 87 - - -
16 4 4 88 - - -
16 4 4 89 - - -
16 4 4 90 - - -
16 4 4 91 - - -
16 4 4 92 - - -
16 4 4 93 - - -
16 4 4 94 - - -
16 4 4 95 - - -
16 4 4 96 - - -
16 4 4 97 - - -
16 4 4 98 - - -
16 4 4 99 - - -
16 8 0 0 23 0.010039 0
16 8 0 1 15 0.004269 2
16 8 0 2 19 0.008231 2
16 8 0 3 21 0.007766 0
16 8 0 4 23 0.010621 0
16 8 0 5 21 0.006543 0
16 8 0 6 20 0.009120 2
16 8 0 7 24 0.010740 2
16 8 0 8 24 0.009921 2
16 8 0 9 18 0.005009 0
16 8 0 10 21 0.008635 0
16 8 0 11 18 0.007639 2
16 8 0 12 16 0.005512 0
16 8 0 13 24 0.012156 2
16 8 0 14 23 0.010001 2
16 8 0 15 22 0.008619 0
16 8 0 16 23 0.009814 2
16 8 0 17 20 0.009585 0
16 8 0 18 22 0.007874 0
16 8 0 19 20 0.008313 0
16 8 0 20 26 0.013687 2
16 8 0 21 24 0.011438 0
16 8 0 22 18 0.006641 2
16 8 0 23 20 0.009271 2
16 8 0 24 14 0.004660 0
16 8 0 25 17 0.006620 2
16 8 0 26 13 0.002772 0
16 8 0 27 17 0.006057 2
16 8 0 28 24 0.009754 2
16 8 0 29 25 0.009689 0
16 8 0 30 18 0.007030 0
16 8 0 31 21 0.008137 0
16 8 0 32 22 0.009593 2
16 8 0 33 14 0.004746 0
16 8 0 34 20 0.009873 0
16 8 0 35 20 0.008481 0
16 8 0 36 18 0.005976 0
16 8 0 37 18 0.008065 0
16 8 0 38 21 0.008640 0
16 8 0 39 18 0.007127 2
16 8 0 40 13 0.003299 0
16 8 0 41 21 0.010535 2
16 8 0 42 20 0.007687 2
16 8 0 43 28 0.016185 2
16 8 0 44 26 0.011964 0
16 8 0 45 19 0.007723 2
16 8 0 46 18 0.007170 0
16 8 0 47 16 0.005114 2
16 8 0 48 19 0.007893 2
16 8 0 49 17 0.005373 0
16 8 0 50 18 0.004537 0
16 8 0 51 24 0.011711 2
16 8 0 52 22 0.007982 0
16 8 0 53 15 0.004576 2
16 8 0 54 19 0.007018 0
16 8 0 55 24 0.010577 2
16 8 0 56 20 0.007960 0
16 8 0 57 18 0.005420 0
16 8 0 58 25 0.012351 0
16 8 0 59 24 0.011666 2
16 8 0 60 25 0.011232 0
16 8 0 61 23 0.009377 0
16 8 0 62 22 0.011829 2
16 8 0 63 19 0.007577 2
16 8 0 64 20 0.008647 0
16 8 0 65 20 0.009046 0
16 8 0 66 21 0.009345 2
16 8 0 67 25 0.011945 0
16 8 0 68 19 0.007223 2
16 8 0 69 17 0.005017 0
16 8 0 70 18 0.006059 2
16 8 0 71 26 0.015107 0
16 8 0 72 27 0.016914 2
16 8 0 73 19 0.007405 2
16 8 0 74 20 0.007793 2
16 8 0 75 16 0.003412 0
16 8 0 76 24 0.010429 2
16 8 0 77 23 0.009870 0
16 8 0 78 22 0.008378 0
16 8 0 79 21 0.006457 0
16 8 0 80 23 0.010187 2
16 8 0 81 25 0.011532 0
16 8 0 82 26 0.013817 0
16 8 0 83 22 0.009362 2
16 8 0 84 21 0.009546 2
16 8 0 85 26 0.016746 2
16 8 0 86 23 0.012386 2
16 8 0 87 19 0.009021 0
16 8 0 88 26 0.020569 2
16 8 0 89 27 0.017267 0
16 8 0 90 22 0.012867 0
16 8 0 91 23 0.014737 2
16 8 0 92 20 0.009471 2
16 8 0 93 26 0.019064 2
16 8 0 94 24 0.013248 2
16 8 0 95 23 0.008563 0
16 8 0 96 19 0.008030 0
16 8 0 97 21 0.011299 0
16 8 0 98 23 0.013148 2
16 8 0 99 27 0.017781 2
16 8 1 0 21 0.009695 0
16 8 1 1 15 0.004421 2
16 8 1 2 19 0.008865 2
16 8 1 3 20 0.007745 0
16 8 1 4 21 0.009436 0
16 8 1 5 18 0.005224 0
16 8 1 6 19 0.009070 2
16 8 1 7 21 0.009078 2
16 8 1 8 21 0.008061 2
16 8 1 9 17 0.004884 0
16 8 1 10 19 0.007215 0
16 8 1 11 18 0.006647 2
16 8 1 12 15 0.004675 0
16 8 1 13 21 0.010022 2
16 8 1 14 21 0.008411 2
16 8 1 15 20 0.006357 0
16 8 1 16 21 0.008099 2
16 8 1 17 19 0.008123 0
16 8 1 18 20 0.006970 0
16 8 1 19 19 0.007628 0
16 8 1 20 22 0.010715 2
16 8 1 21 21 0.009584 0
16 8 1 22 17 0.006468 2
16 8 1 23 19 0.007942 2
16 8 1 24 14 0.004558 0
16 8 1 25 17 0.007410 2
16 8 1 26 13 0.002775 0
16 8 1 27 16 0.005995 2
16 8 1 28 21 0.009450 2
16 8 1 29 21 0.008288 0
16 8 1 30 18 0.006935 0
16 8 1 31 20 0.007822 0
16 8 1 32 20 0.009702 2
16 8 1 33 14 0.004378 0
16 8 1 34 19 0.007771 0
16 8 1 35 19 0.006387 0
16 8 1 36 17 0.004511 0
16 8 1 37 17 0.006940 0
16 8 1 38 19 0.008568 0
16 8 1 39 16 0.005698 2
16 8 1 40 13 0.002648 0
16 8 1 41 20 0.008732 2
16 8 1 42 18 0.006039 2
16 8 1 43 23 0.010708 2
16 8 1 44 22 0.009140 0
16 8 1 45 18 0.006225 2
16 8 1 46 18 0.006841 0
16 8 1 47 15 0.004181 2
16 8 1 48 19 0.008843 2
16 8 1 49 17 0.005253 0
16 8 1 50 16 0.003988 0
16 8 1 51 22 0.009932 2
16 8 1 52 19 0.006637 0
16 8 1 53 14 0.004462 2
16 8 1 54 19 0.006513 0
16 8 1 55 21 0.008751 2
16 8 1 56 18 0.007400 0
16 8 1 57 17 0.006532 0
16 8 1 58 22 0.010490 0
16 8 1 59 21 0.009699 2
16 8 1 60 21 0.008311 0
16 8 1 61 21 0.007572 0
16 8 1 62 21 0.009717 2
16 8 1 63 17 0.007511 2
16 8 1 64 18 0.006670 0
16 8 1 65 19 0.008027 0
16 8 1 66 18 0.007249 2
16 8 1 67 22 0.010510 0
16 8 1 68 18 0.007740 2
16 8 1 69 16 0.004850 0
16 8 1 70 17 0.005404 2
16 8 1 71 22 0.011497 0
16 8 1 72 22 0.012063 2
16 8 1 73 18 0.007750 2
16 8 1 74 19 0.008027 2
16 8 1 75 15 0.003586 0
16 8 1 76 21 0.010080 2
16 8 1 77 21 0.008628 0
16 8 1 78 20 0.008718 0
16 8 1 79 20 0.007334 0
16 8 1 80 21 0.011016 2
16 8 1 81 22 0.011216 0
16 8 1 82 22 0.009826 0
16 8 1 83 21 0.008592 2
16 8 1 84 20 0.009212 2
16 8 1 85 22 0.010409 2
16 8 1 86 21 0.010802 2
16 8 1 87 17 0.006262 0
16 8 1 88 22 0.013774 2
16 8 1 89 22 0.010217 0
16 8 1 90 21 0.011229 0
16 8 1 91 21 0.012095 2
16 8 1 92 19 0.008822 2
16 8 1 93 22 0.013145 2
16 8 1 94 21 0.011689 2
16 8 1 95 20 0.007874 0
16 8 1 96 18 0.008434 0
16 8 1 97 20 0.013958 0
16 8 1 98 21 0.013251 2
16 8 1 99 23 0.016128 2
16 8 2 0 19 0.005675 0
16 8 2 1 14 0.005394 2
16 8 2 2 20 0.007107 2
16 8 2 3 17 0.006460 0
16 8 2 4 19 0.006870 0
16 8 2 5 16 0.004531 0
16 8 2 6 17 0.006374 2
16 8 2 7 18 0.006878 2
16 8 2 8 17 0.006545 2
16 8 2 9 18 0.005980 0
16 8 2 10 16 0.006597 0
16 8 2 11 19 0.007458 2
16 8 2 12 15 0.005404 0
16 8 2 13 20 0.006429 2
16 8 2 14 19 0.006236 2
16 8 2 15 17 0.005094 0
16 8 2 16 16 0.006113 2
16 8 2 17 13 0.004254 0
16 8 2 18 15 0.004772 0
16 8 2 19 17 0.005610 0
16 8 2 20 23 0.006485 2
16 8 2 21 22 0.005754 0
16 8 2 22 17 0.006325 2
16 8 2 23 13 0.003883 2
16 8 2 24 15 0.004362 0
16 8 2 25 18 0.006697 2
16 8 2 26 11 0.002526 0
16 8 2 27 10 0.003180 2
16 8 2 28 19 0.005899 2
16 8 2 29 17 0.005417 0
16 8 2 30 17 0.004820 0
16 8 2 31 17 0.003585 0
16 8 2 32 17 0.005293 2
16 8 2 33 12 0.003777 0
16 8 2 34 12 0.003053 0
16 8 2 35 17 0.003799 0
16 8 2 36 11 0.002952 0
16 8 2 37 15 0.004347 0
16 8 2 38 13 0.002696 0
16 8 2 39 14 0.004845 2
16 8 2 40 15 0.003109 0
16 8 2 41 17 0.005591 2
16 8 2 42 17 0.005928 2
16 8 2 43 23 0.005704 2
16 8 2 44 20 0.004022 0
16 8 2 45 16 0.004703 2
16 8 2 46 16 0.004942 0
16 8 2 47 11 0.003025 2
16 8 2 48 17 0.005036 2
16 8 2 49 12 0.003133 0
16 8 2 50 13 0.003007 0
16 8 2 51 19 0.004612 2
16 8 2 52 15 0.004386 0
16 8 2 53 12 0.003595 2
16 8 2 54 18 0.004049 0
16 8 2 55 13 0.002805 2
16 8 2 56 16 0.004640 0
16 8 2 57 14 0.003568 0
16 8 2 58 23 0.005987 0
16 8 2 59 20 0.005748 2
16 8 2 60 - - -
16 8 2 61 11 0.002270 0
16 8 2 62 18 0.005126 2
16 8 2 63 18 0.005773 2
16 8 2 64 13 0.003816 0
16 8 2 65 17 0.005116 0
16 8 2 66 18 0.005066 2
16 8 2 67 19 0.003955 0
16 8 2 68 14 0.004954 2
16 8 2 69 13 0.003848 0
16 8 2 70 17 0.005590 2
16 8 2 71 22 0.004939 0
16 8 2 72 13 0.002283 0
16 8 2 73 16 0.005175 2
16 8 2 74 16 0.005115 2
16 8 2 75 14 0.003473 0
16 8 2 76 19 0.005824 2
16 8 2 77 21 0.004127 0
16 8 2 78 17 0.004137 0
16 8 2 79 18 0.004168 0
16 8 2 80 18 0.004722 2
16 8 2 81 19 0.006767 0
16 8 2 82 - - -
16 8 2 83 19 0.004868 2
16 8 2 84 21 0.006460 2
16 8 2 85 - - -
16 8 2 86 17 0.004527 2
16 8 2 87 14 0.004388 0
16 8 2 88 19 0.004906 2
16 8 2 89 23 0.004482 0
16 8 2 90 20 0.006490 0
16 8 2 91 11 0.003024 2
16 8 2 92 12 0.003336 2
16 8 2 93 20 0.004704 2
16 8 2 94 19 0.006210 2
16 8 2 95 17 0.005080 0
16 8 2 96 11 0.002713 0
16 8 2 97 10 0.002524 0
16 8 2 98 17 0.005457 2
16 8 2 99 23 0.005298 2
16 8 4 0 - - -
16 8 4 1 14 0.002934 2
16 8 4 2 - - -
16 8 4 3 - - -
16 8 4 4 - - -
16 8 4 5 - - -
16 8 4 6 - - -
16 8 4 7 - - -
16 8 4 8 - - -
16 8 4 9 - - -
16 8 4 10 - - -
16 8 4 11 - - -
16 8 4 12 17 0.002785 0
16 8 4 13 - - -
16 8 4 14 - - -
16 8 4 15 - - -
16 8 4 16 - - -
16 8 4 17 - - -
16 8 4 18 - - -
16 8 4 19 - - -
16 8 4 20 - - -
16 8 4 21 - - -
16 8 4 22 - - -
16 8 4 23 - - -
16 8 4 24 - - -
16 8 4 25 - - -
16 8 4 26 12 0.002007 0
16 8 4 27 - - -
16 8 4 28 - - -
16 8 4 29 - - -
16 8 4 30 - - -
16 8 4 31 - - -
16 8 4 32 - - -
16 8 4 33 11 0.002234 0
16 8 4 34 - - -
16 8 4 35 - - -
16 8 4 36 - - -
16 8 4 37 - - -
16 8 4 38 - - -
16 8 4 39 - - -
16 8 4 40 11 0.001829 0
16 8 4 41 - - -
16 8 4 42 - - -
16 8 4 43 - - -
16 8 4 44 - - -
16 8 4 45 - - -
16 8 4 46 - - -
16 8 4 47 14 0.002944 2
16 8 4 48 - - -
16 8 4 49 - - -
16 8 4 50 - - -
16 8 4 51 - - -
16 8 4 52 - - -
16 8 4 53 16 0.003195 2
16 8 4 54 - - -
16 8 4 55 - - -
16 8 4 56 - - -
16 8 4 57 - - -
16 8 4 58 - - -
16 8 4 59 - - -
16 8 4 60 - - -
16 8 4 61 - - -
16 8 4 62 - - -
16 8 4 63 - - -
16 8 4 64 - - -
16 8 4 65 - - -
16 8 4 66 - - -
16 8 4 67 - - -
16 8 4 68 - - -
16 8 4 69 14 0.003052 0
16 8 4 70 - - -
16 8 4 71 - - -
16 8 4 72 - - -
16 8 4 73 - - -
16 8 4 74 - - -
16 8 4 75 14 0.002310 0
16 8 4 76 - - -
16 8 4 77 - - -
16 8 4 78 - - -
16 8 4 79 - - -
16 8 4 80 - - -
16 8 4 81 - - -
16 8 4 82 - - -
16 8 4 83 - - -
16 8 4 84 - - -
16 8 4 85 - - -
16 8 4 86 - - -
16 8 4 87 - - -
16 8 4 88 - - -
16 8 4 89 - - -
16 8 4 90 - - -
16 8 4 91 - - -
16 8 4 92 - - -
16 8 4 93 - - -
16 8 4 94 - - -
16 8 4 95 - - -
16 8 4 96 - - -
16 8 4 97 - - -
16 8 4 98 - - -
16 8 4 99 - - -
16 8 8 0 - - -
16 8 8 1 - - -
16 8 8 2 - - -
16 8 8 3 - - -
16 8 8 4 - - -
16 8 8 5 - - -
16 8 8 6 - - -
16 8 8 7 - - -
16 8 8 8 - - -
16 8 8 9 - - -
16 8 8 10 - - -
16 8 8 11 - - -
16 8 8 12 - - -
16 8 8 13 - - -
16 8 8 14 - - -
16 8 8 15 - - -
16 8 8 16 - - -
16 8 8 17 - - -
16 8 8 18 - - -
16 8 8 19 - - -
16 8 8 20 - - -
16 8 8 21 - - -
16 8 8 22 - - -
16 8 8 23 - - -
16 8 8 24 - - -
16 8 8 25 - - -
16 8 8 26 - - -
16 8 8 27 - - -
16 8 8 28 - - -
16 8 8 29 - - -
16 8 8 30 - - -
16 8 8 31 - - -
16 8 8 32 - - -
16 8 8 33 - - -
16 8 8 34 - - -
16 8 8 35 - - -
16 8 8 36 - - -
16 8 8 37 - - -
16 8 8 38 - - -
16 8 8 39 - - -
16 8 8 40 - - -
16 8 8 41 - - -
16 8 8 42 - - -
16 8 8 43 - - -
16 8 8 44 - - -
16 8 8 45 - - -
16 8 8 46 - - -
16 8 8 47 - - -
16 8 8 48 - - -
16 8 8 49 - - -
16 8 8 50 - - -
16 8 8 51 - - -
16 8 8 52 - - -
16 8 8 53 - - -
16 8 8 54 - - -
16 8 8 55 - - -
16 8 8 56 - - -
16 8 8 57 - - -
16 8 8 58 - - -
16 8 8 59 - - -
16 8 8 60 - - -
16 8 8 61 - - -
16 8 8 62 - - -
16 8 8 63 - - -
16 8 8 64 - - -
16 8 8 65 - - -
16 8 8 66 - - -
16 8 8 67 - - -
16 8 8 68 - - -
16 8 8 69 - - -
16 8 8 70 - - -
16 8 8 71 - - -
16 8 8 72 - - -
16 8 8 73 - - -
16 8 8 74 - - -
16 8 8 75 - - -
16 8 8 76 - - -
16 8 8 77 - - -
16 8 8 78 - - -
16 8 8 79 - - -
16 8 8 80 - - -
16 8 8 81 - - -
16 8 8 82 - - -
16 8 8 83 - - -
16 8 8 84 - - -
16 8 8 85 - - -
16 8 8 86 - - -
16 8 8 87 - - -
16 8 8 88 - - -
16 8 8 89 - - -
16 8 8 90 - - -
16 8 8 91 - - -
16 8 8 92 - - -
16 8 8 93 - - -
16 8 8 94 - - -
16 8 8 95 - - -
16 8 8 96 - - -
16 8 8 97 - - -
16 8 8 98 - - -
16 8 8 99 - - -
16 16 0 0 23 0.011033 0
16 16 0 1 14 0.004413 2
16 16 0 2 20 0.010536 2
16 16 0 3 20 0.008017 0
16 16 0 4 23 0.011855 0
16 16 0 5 18 0.005748 0
16 16 0 6 20 0.010001 2
16 16 0 7 22 0.010460 2
16 16 0 8 22 0.009357 2
16 16 0 9 18 0.005817 0
16 16 0 10 20 0.007737 0
16 16 0 11 18 0.007463 2
16 16 0 12 15 0.004280 0
16 16 0 13 21 0.012175 2
16 16 0 14 22 0.009722 2
16 16 0 15 21 0.007422 0
16 16 0 16 21 0.008833 2
16 16 0 17 20 0.009452 0
16 16 0 18 20 0.006992 0
16 16 0 19 20 0.008837 0
16 16 0 20 26 0.015136 2
16 16 0 21 23 0.012029 0
16 16 0 22 18 0.007557 2
16 16 0 23 20 0.008574 2
16 16 0 24 15 0.004801 0
16 16 0 25 18 0.008545 2
16 16 0 26 12 0.003833 0
16 16 0 27 16 0.005817 2
16 16 0 28 23 0.011323 2
16 16 0 29 22 0.009366 0
16 16 0 30 18 0.007286 0
16 16 0 31 21 0.008743 0
16 16 0 32 20 0.009321 2
16 16 0 33 13 0.004202 0
16 16 0 34 20 0.010633 0
16 16 0 35 20 0.007448 0
16 16 0 36 18 0.005822 0
16 16 0 37 18 0.007434 0
16 16 0 38 20 0.007673 0
16 16 0 39 17 0.006778 2
16 16 0 40 12 0.002891 0
16 16 0 41 20 0.010090 2
16 16 0 42 18 0.006415 2
16 16 0 43 27 0.016239 2
16 16 0 44 23 0.011726 0
16 16 0 45 19 0.007913 2
16 16 0 46 19 0.008722 0
16 16 0 47 14 0.005377 2
16 16 0 48 20 0.009874 2
16 16 0 49 16 0.006516 0
16 16 0 50 16 0.005538 0
16 16 0 51 23 0.014024 2
16 16 0 52 19 0.008165 0
16 16 0 53 14 0.005223 2
16 16 0 54 20 0.009023 0
16 16 0 55 24 0.013206 2
16 16 0 56 19 0.008483 0
16 16 0 57 18 0.007426 0
16 16 0 58 25 0.014703 0
16 16 0 59 23 0.012524 2
16 16 0 60 25 0.012488 0
16 16 0 61 22 0.008984 0
16 16 0 62 22 0.011671 2
16 16 0 63 18 0.007728 2
16 16 0 64 18 0.007854 0
16 16 0 65 20 0.008921 0
16 16 0 66 19 0.008106 2
16 16 0 67 24 0.012048 0
16 16 0 68 17 0.007246 2
16 16 0 69 14 0.004328 0
16 16 0 70 16 0.005022 2
16 16 0 71 25 0.016034 0
16 16 0 72 25 0.014872 2
16 16 0 73 19 0.007380 2
16 16 0 74 20 0.009198 2
16 16 0 75 14 0.003431 0
16 16 0 76 22 0.011768 2
16 16 0 77 24 0.011844 0
16 16 0 78 21 0.009142 0
16 16 0 79 20 0.007961 0
16 16 0 80 22 0.011319 2
16 16 0 81 24 0.013856 0
16 16 0 82 26 0.016674 0
16 16 0 83 22 0.010905 2
16 16 0 84 22 0.012335 2
16 16 0 85 26 0.017100 2
16 16 0 86 22 0.011082 2
16 16 0 87 18 0.007219 0
16 16 0 88 24 0.015236 2
16 16 0 89 26 0.015212 0
16 16 0 90 22 0.010480 0
16 16 0 91 23 0.011238 2
16 16 0 92 20 0.007702 2
16 16 0 93 24 0.013914 2
16 16 0 94 23 0.012597 2
16 16 0 95 20 0.007029 0
16 16 0 96 19 0.007431 0
16 16 0 97 21 0.011426 0
16 16 0 98 22 0.012592 2
16 16 0 99 26 0.018212 2
16 16 1 0 23 0.011461 0
16 16 1 1 14 0.004221 2
16 16 1 2 20 0.009372 2
16 16 1 3 20 0.008492 0
16 16 1 4 23 0.012434 0
16 16 1 5 18 0.005203 0
16 16 1 6 20 0.010645 2
16 16 1 7 22 0.010506 2
16 16 1 8 22 0.009152 2
16 16 1 9 18 0.005675 0
16 16 1 10 20 0.007723 0
16 16 1 11 18 0.007327 2
16 16 1 12 15 0.004263 0
16 16 1 13 21 0.010280 2
16 16 1 14 22 0.009244 2
16 16 1 15 21 0.008337 0
16 16 1 16 21 0.008891 2
16 16 1 17 20 0.008742 0
16 16 1 18 20 0.007178 0
16 16 1 19 20 0.009658 0
16 16 1 20 26 0.015250 2
16 16 1 21 23 0.012683 0
16 16 1 22 18 0.007490 2
16 16 1 23 20 0.009020 2
16 16 1 24 15 0.004901 0
16 16 1 25 18 0.008420 2
16 16 1 26 12 0.002768 0
16 16 1 27 16 0.006058 2
16 16 1 28 23 0.010864 2
16 16 1 29 22 0.009328 0
16 16 1 30 18 0.007689 0
16 16 1 31 21 0.008879 0
16 16 1 32 20 0.009008 2
16 16 1 33 13 0.004217 0
16 16 1 34 20 0.010161 0
16 16 1 35 20 0.007551 0
16 16 1 36 18 0.006038 0
16 16 1 37 18 0.008561 0
16 16 1 38 20 0.007673 0
16 16 1 39 17 0.006977 2
16 16 1 40 12 0.002847 0
16 16 1 41 20 0.010075 2
16 16 1 42 18 0.006356 2
16 16 1 43 27 0.017075 2
16 16 1 44 23 0.011107 0
16 16 1 45 19 0.007772 2
16 16 1 46 19 0.008633 0
16 16 1 47 14 0.004272 2
16 16 1 48 20 0.008692 2
16 16 1 49 16 0.005604 0
16 16 1 50 16 0.004199 0
16 16 1 51 23 0.016926 2
16 16 1 52 19 0.009454 0
16 16 1 53 14 0.006813 2
16 16 1 54 20 0.009745 0
16 16 1 55 24 0.017894 2
16 16 1 56 19 0.008966 0
16 16 1 57 18 0.008131 0
16 16 1 58 25 0.016948 0
16 16 1 59 23 0.015640 2
16 16 1 60 25 0.018124 0
16 16 1 61 22 0.012596 0
16 16 1 62 22 0.016345 2
16 16 1 63 18 0.010160 2
16 16 1 64 18 0.009940 0
16 16 1 65 20 0.012900 0
16 16 1 66 19 0.011288 2
16 16 1 67 24 0.015420 0
16 16 1 68 17 0.008482 2
16 16 1 69 14 0.005464 0
16 16 1 70 16 0.006258 2
16 16 1 71 25 0.018452 0
16 16 1 72 25 0.017793 2
16 16 1 73 19 0.009159 2
16 16 1 74 20 0.010130 2
16 16 1 75 14 0.003993 0
16 16 1 76 22 0.012772 2
16 16 1 77 24 0.013898 0
16 16 1 78 21 0.010719 0
16 16 1 79 20 0.008480 0
16 16 1 80 22 0.012004 2
16 16 1 81 24 0.016620 0
16 16 1 82 26 0.018567 0
16 16 1 83 22 0.010580 2
16 16 1 84 22 0.011673 2
16 16 1 85 26 0.016283 2
16 16 1 86 22 0.010203 2
16 16 1 87 18 0.007065 0
16 16 1 88 24 0.015102 2
16 16 1 89 26 0.014234 0
16 16 1 90 22 0.011052 0
16 16 1 91 23 0.011045 2
16 16 1 92 20 0.008228 2
16 16 1 93 24 0.015108 2
16 16 1 94 23 0.011522 2
16 16 1 95 20 0.006703 0
16 16 1 96 19 0.007555 0
16 16 1 97 21 0.010616 0
16 16 1 98 22 0.012392 2
16 16 1 99 26 0.016860 2
16 16 2 0 19 0.007282 0
16 16 2 1 15 0.004459 2
16 16 2 2 20 0.007810 2
16 16 2 3 18 0.007587 0
16 16 2 4 19 0.008267 0
16 16 2 5 19 0.006041 0
16 16 2 6 21 0.008962 2
16 16 2 7 22 0.009461 2
16 16 2 8 21 0.008599 2
16 16 2 9 20 0.006964 0
16 16 2 10 18 0.006256 0
16 16 2 11 19 0.006830 2
16 16 2 12 15 0.004532 0
16 16 2 13 24 0.010376 2
16 16 2 14 20 0.008908 2
16 16 2 15 17 0.006409 0
16 16 2 16 18 0.007155 2
16 16 2 17 17 0.006744 0
16 16 2 18 19 0.006769 0
16 16 2 19 19 0.007734 0
16 16 2 20 23 0.009470 2
16 16 2 21 25 0.009902 0
16 16 2 22 20 0.008805 2
16 16 2 23 17 0.007001 2
16 16 2 24 16 0.005356 0
16 16 2 25 21 0.009387 2
16 16 2 26 11 0.002680 0
16 16 2 27 14 0.005463 2
16 16 2 28 19 0.008135 2
16 16 2 29 18 0.007670 0
16 16 2 30 19 0.007588 0
16 16 2 31 21 0.006856 0
16 16 2 32 17 0.007419 2
16 16 2 33 12 0.003884 0
16 16 2 34 16 0.006615 0
16 16 2 35 17 0.005563 0
16 16 2 36 15 0.004417 0
16 16 2 37 19 0.007296 0
16 16 2 38 17 0.006020 0
16 16 2 39 17 0.006144 2
16 16 2 40 13 0.003204 0
16 16 2 41 20 0.008725 2
16 16 2 42 18 0.006071 2
16 16 2 43 26 0.010090 2
16 16 2 44 24 0.008444 0
16 16 2 45 20 0.007091 2
16 16 2 46 20 0.007658 0
16 16 2 47 12 0.003432 2
16 16 2 48 17 0.006760 2
16 16 2 49 15 0.004217 0
16 16 2 50 15 0.004235 0
16 16 2 51 19 0.015344 2
16 16 2 52 18 0.008417 0
16 16 2 53 14 0.004154 2
16 16 2 54 22 0.007019 0
16 16 2 55 17 0.004702 2
16 16 2 56 20 0.006114 0
16 16 2 57 18 0.004705 0
16 16 2 58 27 0.008685 0
16 16 2 59 20 0.007109 2
16 16 2 60 15 0.003827 0
16 16 2 61 15 0.003912 0
16 16 2 62 22 0.007922 2
16 16 2 63 21 0.007139 2
16 16 2 64 17 0.005245 0
16 16 2 65 17 0.006032 0
16 16 2 66 22 0.007773 2
16 16 2 67 22 0.007642 0
16 16 2 68 14 0.004792 2
16 16 2 69 13 0.003277 0
16 16 2 70 15 0.003938 2
16 16 2 71 23 0.007670 0
16 16 2 72 17 0.004443 2
16 16 2 73 17 0.005092 2
16 16 2 74 20 0.006193 2
16 16 2 75 14 0.002617 0
16 16 2 76 19 0.007188 2
16 16 2 77 22 0.006503 0
16 16 2 78 21 0.007371 0
16 16 2 79 21 0.006345 0
16 16 2 80 22 0.007233 2
16 16 2 81 19 0.006630 0
16 16 2 82 17 0.004195 0
16 16 2 83 22 0.005853 2
16 16 2 84 24 0.007713 2
16 16 2 85 17 0.005208 2
16 16 2 86 20 0.006062 2
16 16 2 87 17 0.004943 0
16 16 2 88 23 0.007182 2
16 16 2 89 23 0.006035 0
16 16 2 90 24 0.008617 0
16 16 2 91 15 0.005242 2
16 16 2 92 16 0.005145 2
16 16 2 93 24 0.007992 2
16 16 2 94 19 0.007485 2
16 16 2 95 19 0.006599 0
16 16 2 96 15 0.004399 0
16 16 2 97 14 0.005069 0
16 16 2 98 17 0.008049 2
16 16 2 99 23 0.009219 2
16 16 4 0 - - -
16 16 4 1 14 0.003342 2
16 16 4 2 - - -
16 16 4 3 - - -
16 16 4 4 - - -
16 16 4 5 14 0.002578 0
16 16 4 6 - - -
16 16 4 7 - - -
16 16 4 8 - - -
16 16 4 9 15 0.002531 0
16 16 4 10 - - -
16 16 4 11 - - -
16 16 4 12 17 0.003530 0
16 16 4 13 - - -
16 16 4 14 - - -
16 16 4 15 - - -
16 16 4 16 - - -
16 16 4 17 - - -
16 16 4 18 15 0.003610 0
16 16 4 19 - - -
16 16 4 20 - - -
16 16 4 21 - - -
16 16 4 22 15 0.003204 2
16 16 4 23 - - -
16 16 4 24 13 0.001982 0
16 16 4 25 - - -
16 16 4 26 12 0.002342 0
16 16 4 27 13 0.002888 2
16 16 4 28 - - -
16 16 4 29 22 0.004483 0
16 16 4 30 - - -
16 16 4 31 - - -
16 16 4 32 - - -
16 16 4 33 11 0.002796 0
16 16 4 34 - - -
16 16 4 35 - - -
16 16 4 36 16 0.002801 0
16 16 4 37 15 0.002774 0
16 16 4 38 23 0.002819 0
16 16 4 39 13 0.002518 2
16 16 4 40 11 0.001890 0
16 16 4 41 - - -
16 16 4 42 18 0.003773 2
16 16 4 43 - - -
16 16 4 44 - - -
16 16 4 45 20 0.003670 2
16 16 4 46 - - -
16 16 4 47 14 0.003131 2
16 16 4 48 - - -
16 16 4 49 18 0.003326 0
16 16 4 50 12 0.002028 0
16 16 4 51 - - -
16 16 4 52 20 0.003518 0
16 16 4 53 16 0.003530 2
16 16 4 54 - - -
16 16 4 55 - - -
16 16 4 56 15 0.002796 0
16 16 4 57 15 0.002156 0
16 16 4 58 - - -
16 16 4 59 - - -
16 16 4 60 - - -
16 16 4 61 - - -
16 16 4 62 - - -
16 16 4 63 21 0.004064 2
16 16 4 64 15 0.002896 0
16 16 4 65 22 0.004088 0
16 16 4 66 23 0.004086 2
16 16 4 67 - - -
16 16 4 68 13 0.002538 2
16 16 4 69 14 0.003411 0
16 16 4 70 12 0.002596 2
16 16 4 71 - - -
16 16 4 72 - - -
16 16 4 73 16 0.003127 2
16 16 4 74 21 0.004675 2
16 16 4 75 14 0.002482 0
16 16 4 76 - - -
16 16 4 77 - - -
16 16 4 78 - - -
16 16 4 79 - - -
16 16 4 80 - - -
16 16 4 81 - - -
16 16 4 82 - - -
16 16 4 83 - - -
16 16 4 84 - - -
16 16 4 85 - - -
16 16 4 86 - - -
16 16 4 87 14 0.002712 0
16 16 4 88 - - -
16 16 4 89 - - -
16 16 4 90 - - -
16 16 4 91 - - -
16 16 4 92 - - -
16 16 4 93 - - -
16 16 4 94 - - -
16 16 4 95 15 0.002194 0
16 16 4 96 22 0.003331 0
16 16 4 97 - - -
16 16 4 98 - - -
16 16 4 99 - - -
16 16 8 0 - - -
16 16 8 1 - - -
16 16 8 2 - - -
16 16 8 3 - - -
16 16 8 4 - - -
16 16 8 5 - - -
16 16 8 6 - - -
16 16 8 7 - - -
16 16 8 8 - - -
16 16 8 9 - - -
16 16 8 10 - - -
16 16 8 11 - - -
16 16 8 12 - - -
16 16 8 13 - - -
16 16 8 14 - - -
16 16 8 15 - - -
16 16 8 16 - - -
16 16 8 17 - - -
16 16 8 18 - - -
16 16 8 19 - - -
16 16 8 20 - - -
16 16 8 21 - - -
16 16 8 22 - - -
16 16 8 23 - - -
16 16 8 24 - - -
16 16 8 25 - - -
16 16 8 26 - - -
16 16 8 27 - - -
16 16 8 28 - - -
16 16 8 29 - - -
16 16 8 30 - - -
16 16 8 31 - - -
16 16 8 32 - - -
16 16 8 33 - - -
16 16 8 34 - - -
16 16 8 35 - - -
16 16 8 36 - - -
16 16 8 37 - - -
16 16 8 38 - - -
16 16 8 39 - - -
16 16 8 40 - - -
16 16 8 41 - - -
16 16 8 42 - - -
16 16 8 43 - - -
16 16 8 44 - - -
16 16 8 45 - - -
16 16 8 46 - - -
16 16 8 47 - - -
16 16 8 48 - - -
16 16 8 49 - - -
16 16 8 50 - - -
16 16 8 51 - - -
16 16 8 52 - - -
16 16 8 53 - - -
16 16 8 54 - - -
16 16 8 55 - - -
16 16 8 56 - - -
16 16 8 57 - - -
16 16 8 58 - - -
16 16 8 59 - - -
16 16 8 60 - - -
16 16 8 61 - - -
16 16 8 62 - - -
16 16 8 63 - - -
16 16 8 64 - - -
16 16 8 65 - - -
16 16 8 66 - - -
16 16 8 67 - - -
16 16 8 68 - - -
16 16 8 69 - - -
16 16 8 70 - - -
16 16 8 71 - - -
16 16 8 72 - - -
16 16 8 73 - - -
16 16 8 74 - - -
16 16 8 75 - - -
16 16 8 76 - - -
16 16 8 77 - - -
16 16 8 78 - - -
16 16 8 79 - - -
16 16 8 80 - - -
16 16 8 81 - - -
16 16 8 82 - - -
16 16 8 83 - - -
16 16 8 84 - - -
16 16 8 85 - - -
16 16 8 86 - - -
16 16 8 87 - - -
16 16 8 88 - - -
16 16 8 89 - - -
16 16 8 90 - - -
16 16 8 91 - - -
16 16 8 92 - - -
16 16 8 93 - - -
16 16 8 94 - - -
16 16 8 95 - - -
16 16 8 96 - - -
16 16 8 97 - - -
16 16 8 98 - - -
16 16 8 99 - - -
16 16 16 0 - - -
16 16 16 1 - - -
16 16 16 2 - - -
16 16 16 3 - - -
16 16 16 4 - - -
16 16 16 5 - - -
16 16 16 6 - - -
16 16 16 7 - - -
16 16 16 8 - - -
16 16 16 9 - - -
16 16 16 10 - - -
16 16 16 11 - - -
16 16 16 12 - - -
16 16 16 13 - - -
16 16 16 14 - - -
16 16 16 15 - - -
16 16 16 16 - - -
16 16 16 17 - - -
16 16 16 18 - - -
16 16 16 19 - - -
16 16 16 20 - - -
16 16 16 21 - - -
16 16 16 22 - - -
16 16 16 23 - - -
16 16 16 24 - - -
16 16 16 25 - - -
16 16 16 26 - - -
16 16 16 27 - - -
16 16 16 28 - - -
16 16 16 29 - - -
16 16 16 30 - - -
16 16 16 31 - - -
16 16 16 32 - - -
16 16 16 33 - - -
16 16 16 34 - - -
16 16 16 35 - - -
16 16 16 36 - - -
16 16 16 37 - - -
16 16 16 38 - - -
16 16 16 39 - - -
16 16 16 40 - - -
16 16 16 41 - - -
16 16 16 42 - - -
16 16 16 43 - - -
16 16 16 44 - - -
16 16 16 45 - - -
16 16 16 46 - - -
16 16 16 47 - - -
16 16 16 48 - - -
16 16 16 49 - - -
16 16 16 50 - - -
16 16 16 51 - - -
16 16 16 52 - - -
16 16 16 53 - - -
16 16 16 54 - - -
16 16 16 55 - - -
16 16 16 56 - - -
16 16 16 57 - - -
16 16 16 58 - - -
16 16 16 59 - - -
16 16 16 60 - - -
16 16 16 61 - - -
16 16 16 62 - - -
16 16 16 63 - - -
16 16 16 64 - - -
16 16 16 65 - - -
16 16 16 66 - - -
16 16 16 67 - - -
16 16 16 68 - - -
16 16 16 69 - - -
16 16 16 70 - - -
16 16 16 71 - - -
16 16 16 72 - - -
16 16 16 73 - - -
16 16 16 74 - - -
16 16 16 75 - - -
16 16 16 76 - - -
16 16 16 77 - - -
16 16 16 78 - - -
16 16 16 79 - - -
16 16 16 80 - - -
16 16 16 81 - - -
16 16 16 82 - - -
16 16 16 83 - - -
16 16 16 84 - - -
16 16 16 85 - - -
16 16 16 86 - - -
16 16 16 87 - - -
16 16 16 88 - - -
16 16 16 89 - - -
16 16 16 90 - - -
16 16 16 91 - - -
16 16 16 92 - - -
16 16 16 93 - - -
16 16 16 94 - - -
16 16 16 95 - - -
16 16 16 96 - - -
16 16 16 97 - - -
16 16 16 98 - - -
16 16 16 99 - - -
