4 1 0 0 3 0.000411 1
4 1 0 1 4 0.000516 1
4 1 0 2 4 0.000576 1
4 1 0 3 4 0.000512 1
4 1 0 4 4 0.000500 1
4 1 0 5 4 0.000510 1
4 1 0 6 2 0.000283 1
4 1 0 7 2 0.000272 1
4 1 0 8 4 0.000510 1
4 1 0 9 2 0.000275 1
4 1 0 10 4 0.000567 1
4 1 0 11 3 0.000425 1
4 1 0 12 4 0.000537 1
4 1 0 13 2 0.000281 1
4 1 0 14 4 0.000511 1
4 1 0 15 4 0.000509 1
4 1 0 16 2 0.000287 1
4 1 0 17 3 0.000385 1
4 1 0 18 2 0.000383 1
4 1 0 19 2 0.000303 1
4 1 0 20 2 0.000299 1
4 1 0 21 2 0.000266 1
4 1 0 22 4 0.000531 1
4 1 0 23 4 0.000499 1
4 1 0 24 4 0.000504 1
4 1 0 25 4 0.000520 1
4 1 0 26 4 0.000589 1
4 1 0 27 4 0.000550 1
4 1 0 28 4 0.000517 1
4 1 0 29 4 0.000525 1
4 1 0 30 4 0.000525 1
4 1 0 31 4 0.000571 1
4 1 0 32 2 0.000305 1
4 1 0 33 4 0.000738 1
4 1 0 34 4 0.000549 1
4 1 0 35 2 0.000277 1
4 1 0 36 4 0.000561 1
4 1 0 37 4 0.000520 1
4 1 0 38 2 0.000281 1
4 1 0 39 3 0.000399 1
4 1 0 40 4 0.000784 1
4 1 0 41 2 0.000325 1
4 1 0 42 2 0.000285 1
4 1 0 43 4 0.000501 1
4 1 0 44 2 0.000291 1
4 1 0 45 4 0.000560 1
4 1 0 46 4 0.000542 1
4 1 0 47 4 0.000599 1
4 1 0 48 4 0.000539 1
4 1 0 49 4 0.000583 1
4 1 0 50 4 0.000525 1
4 1 0 51 4 0.000519 1
4 1 0 52 3 0.000398 1
4 1 0 53 4 0.000551 1
4 1 0 54 3 0.000424 1
4 1 0 55 3 0.000379 1
4 1 0 56 4 0.000548 1
4 1 0 57 4 0.000540 1
4 1 0 58 4 0.000652 1
4 1 0 59 4 0.000622 1
4 1 0 60 4 0.000576 1
4 1 0 61 4 0.000620 1
4 1 0 62 2 0.000307 1
4 1 0 63 4 0.000639 1
4 1 0 64 4 0.000808 1
4 1 0 65 4 0.000545 1
4 1 0 66 4 0.000579 1
4 1 0 67 3 0.000394 1
4 1 0 68 4 0.000563 1
4 1 0 69 4 0.000634 1
4 1 0 70 4 0.000558 1
4 1 0 71 4 0.000614 1
4 1 0 72 3 0.000462 1
4 1 0 73 4 0.000536 1
4 1 0 74 4 0.000544 1
4 1 0 75 4 0.000534 1
4 1 0 76 4 0.000647 1
4 1 0 77 4 0.000577 1
4 1 0 78 4 0.000539 1
4 1 0 79 4 0.000632 1
4 1 0 80 4 0.000569 1
4 1 0 81 4 0.000573 1
4 1 0 82 3 0.000437 1
4 1 0 83 4 0.000589 1
4 1 0 84 2 0.000305 1
4 1 0 85 4 0.000667 1
4 1 0 86 4 0.000635 1
4 1 0 87 4 0.000641 1
4 1 0 88 4 0.000627 1
4 1 0 89 4 0.000599 1
4 1 0 90 4 0.000624 1
4 1 0 91 4 0.000658 1
4 1 0 92 4 0.000691 1
4 1 0 93 4 0.000634 1
4 1 0 94 2 0.000428 1
4 1 0 95 4 0.000778 1
4 1 0 96 4 0.000747 1
4 1 0 97 2 0.000347 1
4 1 0 98 4 0.000746 1
4 1 0 99 4 0.000641 1
4 1 1 0 3 0.000442 1
4 1 1 1 4 0.000579 1
4 1 1 2 4 0.000584 1
4 1 1 3 4 0.000595 1
4 1 1 4 4 0.000580 1
4 1 1 5 4 0.000655 1
4 1 1 6 2 0.000318 1
4 1 1 7 2 0.000339 1
4 1 1 8 4 0.000600 1
4 1 1 9 2 0.000321 1
4 1 1 10 4 0.000632 1
4 1 1 11 3 0.000504 1
4 1 1 12 4 0.000641 1
4 1 1 13 2 0.000358 1
4 1 1 14 4 0.000608 1
4 1 1 15 4 0.000622 1
4 1 1 16 2 0.000372 1
4 1 1 17 3 0.000520 1
4 1 1 18 2 0.000458 1
4 1 1 19 2 0.000490 1
4 1 1 20 2 0.000526 1
4 1 1 21 2 0.000346 1
4 1 1 22 4 0.000856 1
4 1 1 23 4 0.000782 1
4 1 1 24 4 0.000632 1
4 1 1 25 4 0.000632 1
4 1 1 26 4 0.000626 1
4 1 1 27 4 0.000636 1
4 1 1 28 4 0.000882 1
4 1 1 29 4 0.000657 1
4 1 1 30 4 0.000688 1
4 1 1 31 4 0.000707 1
4 1 1 32 2 0.000357 1
4 1 1 33 4 0.000825 1
4 1 1 34 4 0.000686 1
4 1 1 35 2 0.000370 1
4 1 1 36 4 0.000685 1
4 1 1 37 4 0.000633 1
4 1 1 38 2 0.000339 1
4 1 1 39 3 0.000684 1
4 1 1 40 4 0.000819 1
4 1 1 41 2 0.000481 1
4 1 1 42 2 0.000447 1
4 1 1 43 4 0.000784 1
4 1 1 44 2 0.000381 1
4 1 1 45 4 0.000704 1
4 1 1 46 4 0.000665 1
4 1 1 47 4 0.000649 1
4 1 1 48 4 0.000715 1
4 1 1 49 4 0.000924 1
4 1 1 50 4 0.000853 1
4 1 1 51 4 0.000654 1
4 1 1 52 3 0.000597 1
4 1 1 53 4 0.001184 1
4 1 1 54 3 0.000580 1
4 1 1 55 3 0.000505 1
4 1 1 56 4 0.000668 1
4 1 1 57 4 0.000971 1
4 1 1 58 4 0.000735 1
4 1 1 59 4 0.000696 1
4 1 1 60 4 0.000684 1
4 1 1 61 4 0.000731 1
4 1 1 62 2 0.000471 1
4 1 1 63 4 0.000807 1
4 1 1 64 4 0.000665 1
4 1 1 65 4 0.000662 1
4 1 1 66 4 0.000700 1
4 1 1 67 3 0.000570 1
4 1 1 68 4 0.000686 1
4 1 1 69 4 0.000905 1
4 1 1 70 4 0.000927 1
4 1 1 71 4 0.000841 1
4 1 1 72 3 0.000641 1
4 1 1 73 4 0.000708 1
4 1 1 74 4 0.000713 1
4 1 1 75 4 0.000670 1
4 1 1 76 4 0.000782 1
4 1 1 77 4 0.000713 1
4 1 1 78 4 0.000667 1
4 1 1 79 4 0.000765 1
4 1 1 80 4 0.000700 1
4 1 1 81 4 0.000827 1
4 1 1 82 3 0.000527 1
4 1 1 83 4 0.000745 1
4 1 1 84 2 0.000391 1
4 1 1 85 4 0.000744 1
4 1 1 86 4 0.000749 1
4 1 1 87 4 0.000796 1
4 1 1 88 4 0.000741 1
4 1 1 89 4 0.000987 1
4 1 1 90 4 0.000839 1
4 1 1 91 4 0.000819 1
4 1 1 92 4 0.000863 1
4 1 1 93 4 0.000738 1
4 1 1 94 2 0.000450 1
4 1 1 95 4 0.000719 1
4 1 1 96 4 0.000728 1
4 1 1 97 2 0.000408 1
4 1 1 98 4 0.000834 1
4 1 1 99 4 0.000851 1
4 2 0 0 1 0.000242 1
4 2 0 1 4 0.000746 1
4 2 0 2 3 0.000593 1
4 2 0 3 3 0.000589 1
4 2 0 4 3 0.000566 1
4 2 0 5 5 0.001047 1
4 2 0 6 3 0.000653 1
4 2 0 7 4 0.000726 1
4 2 0 8 5 0.000947 1
4 2 0 9 4 0.000888 1
4 2 0 10 5 0.001264 1
4 2 0 11 1 0.000332 1
4 2 0 12 5 0.001444 1
4 2 0 13 4 0.000828 1
4 2 0 14 3 0.000605 1
4 2 0 15 4 0.000791 1
4 2 0 16 4 0.000896 1
4 2 0 17 1 0.000297 1
4 2 0 18 4 0.000757 1
4 2 0 19 4 0.000784 1
4 2 0 20 4 0.000875 1
4 2 0 21 3 0.000742 1
4 2 0 22 5 0.001034 1
4 2 0 23 4 0.000787 1
4 2 0 24 4 0.000776 1
4 2 0 25 5 0.001226 1
4 2 0 26 5 0.001156 1
4 2 0 27 3 0.000722 1
4 2 0 28 5 0.001119 1
4 2 0 29 5 0.001057 1
4 2 0 30 5 0.001028 1
4 2 0 31 4 0.000988 1
4 2 0 32 4 0.000910 1
4 2 0 33 5 0.001377 1
4 2 0 34 5 0.001284 1
4 2 0 35 2 0.000456 1
4 2 0 36 5 0.001225 1
4 2 0 37 4 0.000833 1
4 2 0 38 4 0.000896 1
4 2 0 39 1 0.000305 1
4 2 0 40 5 0.001392 1
4 2 0 41 3 0.000917 1
4 2 0 42 4 0.001293 1
4 2 0 43 3 0.000635 1
4 2 0 44 4 0.001062 1
4 2 0 45 5 0.001201 1
4 2 0 46 3 0.000684 1
4 2 0 47 3 0.000636 1
4 2 0 48 3 0.000702 1
4 2 0 49 5 0.001551 1
4 2 0 50 3 0.000690 1
4 2 0 51 2 0.000492 1
4 2 0 52 1 0.000309 1
4 2 0 53 5 0.001070 1
4 2 0 54 1 0.000412 1
4 2 0 55 1 0.000301 1
4 2 0 56 5 0.001045 1
4 2 0 57 3 0.000648 1
4 2 0 58 5 0.001179 1
4 2 0 59 5 0.001292 1
4 2 0 60 3 0.000671 1
4 2 0 61 5 0.001607 1
4 2 0 62 3 0.000618 1
4 2 0 63 3 0.000781 1
4 2 0 64 3 0.000657 1
4 2 0 65 3 0.000803 1
4 2 0 66 5 0.001164 1
4 2 0 67 1 0.000331 1
4 2 0 68 3 0.000625 1
4 2 0 69 5 0.001533 1
4 2 0 70 5 0.001068 1
4 2 0 71 5 0.001102 1
4 2 0 72 1 0.000333 1
4 2 0 73 3 0.000810 1
4 2 0 74 3 0.000715 1
4 2 0 75 3 0.000677 1
4 2 0 76 3 0.000750 1
4 2 0 77 5 0.001160 1
4 2 0 78 3 0.000686 1
4 2 0 79 5 0.001221 1
4 2 0 80 4 0.000903 1
4 2 0 81 4 0.001144 1
4 2 0 82 1 0.000360 1
4 2 0 83 4 0.001072 1
4 2 0 84 3 0.000777 1
4 2 0 85 4 0.001073 1
4 2 0 86 5 0.001253 1
4 2 0 87 5 0.001458 1
4 2 0 88 3 0.000683 1
4 2 0 89 3 0.000763 1
4 2 0 90 5 0.001154 1
4 2 0 91 5 0.002080 1
4 2 0 92 3 0.000800 1
4 2 0 93 5 0.001642 1
4 2 0 94 3 0.000721 1
4 2 0 95 5 0.001065 1
4 2 0 96 5 0.001472 1
4 2 0 97 4 0.000868 1
4 2 0 98 3 0.000768 1
4 2 0 99 5 0.001260 1
4 2 1 0 1 0.000384 1
4 2 1 1 4 0.000908 1
4 2 1 2 3 0.000765 1
4 2 1 3 3 0.000698 1
4 2 1 4 3 0.000866 1
4 2 1 5 4 0.000904 1
4 2 1 6 3 0.000751 1
4 2 1 7 4 0.000923 1
4 2 1 8 5 0.001266 1
4 2 1 9 4 0.000910 1
4 2 1 10 5 0.001149 1
4 2 1 11 1 0.000337 1
4 2 1 12 5 0.001239 1
4 2 1 13 4 0.000899 1
4 2 1 14 3 0.000702 1
4 2 1 15 4 0.001002 1
4 2 1 16 4 0.001339 1
4 2 1 17 1 0.000343 1
4 2 1 18 4 0.000886 1
4 2 1 19 4 0.000943 1
4 2 1 20 4 0.001252 1
4 2 1 21 3 0.000761 1
4 2 1 22 4 0.000940 1
4 2 1 23 4 0.000993 1
4 2 1 24 4 0.000870 1
4 2 1 25 5 0.001343 1
4 2 1 26 5 0.001745 1
4 2 1 27 3 0.000766 1
4 2 1 28 5 0.001232 1
4 2 1 29 4 0.001137 1
4 2 1 30 4 0.001086 1
4 2 1 31 4 0.001368 1
4 2 1 32 4 0.001087 1
4 2 1 33 4 0.001224 1
4 2 1 34 5 0.001617 1
4 2 1 35 2 0.000651 1
4 2 1 36 5 0.001407 1
4 2 1 37 4 0.001043 1
4 2 1 38 4 0.000919 1
4 2 1 39 1 0.000337 1
4 2 1 40 5 0.001524 1
4 2 1 41 3 0.000896 1
4 2 1 42 4 0.001079 1
4 2 1 43 3 0.000675 1
4 2 1 44 4 0.001112 1
4 2 1 45 4 0.000952 1
4 2 1 46 3 0.000731 1
4 2 1 47 3 0.000763 1
4 2 1 48 3 0.001046 1
4 2 1 49 5 0.001582 1
4 2 1 50 3 0.000743 1
4 2 1 51 2 0.001040 1
4 2 1 52 1 0.000440 1
4 2 1 53 4 0.000996 1
4 2 1 54 1 0.000388 1
4 2 1 55 1 0.000605 1
4 2 1 56 4 0.000974 1
4 2 1 57 3 0.000704 1
4 2 1 58 5 0.001366 1
4 2 1 59 5 0.001981 1
4 2 1 60 3 0.000894 1
4 2 1 61 4 0.002234 1
4 2 1 62 3 0.001040 1
4 2 1 63 3 0.001062 1
4 2 1 64 3 0.000914 1
4 2 1 65 3 0.000952 1
4 2 1 66 5 0.001677 1
4 2 1 67 1 0.000436 1
4 2 1 68 3 0.000934 1
4 2 1 69 5 0.001969 1
4 2 1 70 4 0.001184 1
4 2 1 71 4 0.001206 1
4 2 1 72 1 0.000373 1
4 2 1 73 3 0.000695 1
4 2 1 74 3 0.000757 1
4 2 1 75 3 0.000753 1
4 2 1 76 3 0.000993 1
4 2 1 77 4 0.001026 1
4 2 1 78 3 0.000714 1
4 2 1 79 4 0.001324 1
4 2 1 80 4 0.001034 1
4 2 1 81 4 0.000921 1
4 2 1 82 1 0.000319 1
4 2 1 83 4 0.001064 1
4 2 1 84 3 0.000759 1
4 2 1 85 4 0.001208 1
4 2 1 86 5 0.001349 1
4 2 1 87 5 0.001559 1
4 2 1 88 3 0.000796 1
4 2 1 89 3 0.001141 1
4 2 1 90 5 0.001325 1
4 2 1 91 5 0.002109 1
4 2 1 92 3 0.000874 1
4 2 1 93 5 0.001245 1
4 2 1 94 3 0.000776 1
4 2 1 95 4 0.000957 1
4 2 1 96 5 0.001273 1
4 2 1 97 4 0.000919 1
4 2 1 98 3 0.000764 1
4 2 1 99 4 0.001073 1
4 2 2 0 1 0.000345 1
4 2 2 1 4 0.000945 1
4 2 2 2 2 0.000739 1
4 2 2 3 4 0.000947 1
4 2 2 4 4 0.000921 1
4 2 2 5 4 0.001069 1
4 2 2 6 3 0.001005 1
4 2 2 7 4 0.000963 1
4 2 2 8 5 0.001066 1
4 2 2 9 5 0.001241 1
4 2 2 10 5 0.001093 1
4 2 2 11 1 0.000341 1
4 2 2 12 5 0.001282 1
4 2 2 13 4 0.001219 1
4 2 2 14 5 0.001370 1
4 2 2 15 4 0.000990 1
4 2 2 16 4 0.001125 1
4 2 2 17 1 0.000370 1
4 2 2 18 4 0.001384 1
4 2 2 19 5 0.001178 1
4 2 2 20 4 0.001741 1
4 2 2 21 3 0.000838 1
4 2 2 22 4 0.001275 1
4 2 2 23 4 0.001291 1
4 2 2 24 4 0.001012 1
4 2 2 25 5 0.001217 1
4 2 2 26 5 0.001389 1
4 2 2 27 2 0.000547 1
4 2 2 28 5 0.001181 1
4 2 2 29 4 0.001291 1
4 2 2 30 4 0.001165 1
4 2 2 31 4 0.001487 1
4 2 2 32 4 0.001200 1
4 2 2 33 4 0.001191 1
4 2 2 34 5 0.001283 1
4 2 2 35 2 0.000562 1
4 2 2 36 5 0.001256 1
4 2 2 37 4 0.001043 1
4 2 2 38 4 0.001093 1
4 2 2 39 1 0.000342 1
4 2 2 40 5 0.001209 1
4 2 2 41 3 0.001250 1
4 2 2 42 4 0.001247 1
4 2 2 43 3 0.000776 1
4 2 2 44 5 0.001453 1
4 2 2 45 4 0.001007 1
4 2 2 46 4 0.000987 1
4 2 2 47 2 0.000550 1
4 2 2 48 2 0.000821 1
4 2 2 49 5 0.001286 1
4 2 2 50 4 0.000988 1
4 2 2 51 2 0.000582 1
4 2 2 52 1 0.000490 1
4 2 2 53 4 0.001307 1
4 2 2 54 1 0.000411 1
4 2 2 55 1 0.000379 1
4 2 2 56 4 0.001155 1
4 2 2 57 2 0.000633 1
4 2 2 58 5 0.001238 1
4 2 2 59 5 0.001471 1
4 2 2 60 4 0.000939 1
4 2 2 61 4 0.001052 1
4 2 2 62 3 0.000891 1
4 2 2 63 2 0.000750 1
4 2 2 64 2 0.000552 1
4 2 2 65 4 0.000947 1
4 2 2 66 5 0.001343 1
4 2 2 67 1 0.000322 1
4 2 2 68 4 0.000919 1
4 2 2 69 5 0.001180 1
4 2 2 70 4 0.001133 1
4 2 2 71 4 0.001039 1
4 2 2 72 1 0.000466 1
4 2 2 73 4 0.001370 1
4 2 2 74 3 0.000784 1
4 2 2 75 4 0.001037 1
4 2 2 76 4 0.001061 1
4 2 2 77 4 0.000950 1
4 2 2 78 2 0.000524 1
4 2 2 79 4 0.001133 1
4 2 2 80 4 0.001034 1
4 2 2 81 4 0.000982 1
4 2 2 82 1 0.000367 1
4 2 2 83 4 0.000970 1
4 2 2 84 3 0.000888 1
4 2 2 85 4 0.001178 1
4 2 2 86 5 0.001143 1
4 2 2 87 5 0.001067 1
4 2 2 88 4 0.000970 1
4 2 2 89 3 0.000819 1
4 2 2 90 5 0.001103 1
4 2 2 91 5 0.001328 1
4 2 2 92 3 0.000843 1
4 2 2 93 5 0.001099 1
4 2 2 94 3 0.000972 1
4 2 2 95 4 0.001127 1
4 2 2 96 5 0.001527 1
4 2 2 97 4 0.001030 1
4 2 2 98 2 0.000617 1
4 2 2 99 4 0.001175 1
4 4 0 0 2 0.000660 1
4 4 0 1 5 0.001240 1
4 4 0 2 4 0.001055 1
4 4 0 3 4 0.001122 1
4 4 0 4 4 0.000999 1
4 4 0 5 5 0.001284 1
4 4 0 6 2 0.000645 1
4 4 0 7 4 0.001019 1
4 4 0 8 6 0.001499 1
4 4 0 9 4 0.001263 1
4 4 0 10 6 0.001548 1
4 4 0 11 2 0.000657 1
4 4 0 12 6 0.001829 1
4 4 0 13 4 0.001121 1
4 4 0 14 4 0.001117 1
4 4 0 15 5 0.001327 1
4 4 0 16 4 0.001288 1
4 4 0 17 2 0.000732 1
4 4 0 18 3 0.001017 1
4 4 0 19 4 0.001055 1
4 4 0 20 4 0.001369 2
4 4 0 21 2 0.000639 1
4 4 0 22 5 0.001321 1
4 4 0 23 5 0.001602 1
4 4 0 24 5 0.001201 1
4 4 0 25 6 0.001631 1
4 4 0 26 6 0.001878 1
4 4 0 27 4 0.001769 1
4 4 0 28 6 0.001620 1
4 4 0 29 5 0.001377 1
4 4 0 30 5 0.001325 1
4 4 0 31 5 0.001587 2
4 4 0 32 4 0.001092 1
4 4 0 33 5 0.001475 1
4 4 0 34 6 0.001759 1
4 4 0 35 2 0.000548 1
4 4 0 36 6 0.001794 1
4 4 0 37 5 0.001948 1
4 4 0 38 4 0.001595 1
4 4 0 39 2 0.000810 1
4 4 0 40 6 0.002806 1
4 4 0 41 2 0.000838 1
4 4 0 42 4 0.001863 1
4 4 0 43 3 0.001148 1
4 4 0 44 4 0.001852 1
4 4 0 45 5 0.001768 1
4 4 0 46 4 0.001443 1
4 4 0 47 4 0.001500 1
4 4 0 48 4 0.001222 1
4 4 0 49 6 0.002337 1
4 4 0 50 4 0.000998 1
4 4 0 51 3 0.000730 1
4 4 0 52 2 0.000521 1
4 4 0 53 5 0.001309 1
4 4 0 54 2 0.000608 1
4 4 0 55 2 0.000555 1
4 4 0 56 5 0.001653 1
4 4 0 57 4 0.000953 1
4 4 0 58 6 0.001557 1
4 4 0 59 6 0.001672 1
4 4 0 60 4 0.000957 1
4 4 0 61 5 0.001499 1
4 4 0 62 2 0.000539 1
4 4 0 63 4 0.001275 2
4 4 0 64 4 0.001225 1
4 4 0 65 4 0.001081 1
4 4 0 66 6 0.001681 1
4 4 0 67 2 0.000554 1
4 4 0 68 4 0.000991 1
4 4 0 69 6 0.001969 1
4 4 0 70 5 0.001268 1
4 4 0 71 5 0.001189 1
4 4 0 72 2 0.000589 1
4 4 0 73 4 0.000897 1
4 4 0 74 4 0.001011 1
4 4 0 75 4 0.000918 1
4 4 0 76 4 0.001011 1
4 4 0 77 5 0.001236 1
4 4 0 78 4 0.000949 1
4 4 0 79 5 0.001509 2
4 4 0 80 5 0.001391 1
4 4 0 81 5 0.001264 1
4 4 0 82 2 0.000679 1
4 4 0 83 5 0.001364 1
4 4 0 84 2 0.000545 1
4 4 0 85 5 0.001518 1
4 4 0 86 6 0.001553 1
4 4 0 87 6 0.001758 1
4 4 0 88 4 0.000943 1
4 4 0 89 3 0.000872 1
4 4 0 90 6 0.001375 1
4 4 0 91 6 0.001876 1
4 4 0 92 4 0.001213 1
4 4 0 93 6 0.001925 1
4 4 0 94 2 0.000600 1
4 4 0 95 5 0.001191 1
4 4 0 96 6 0.001448 1
4 4 0 97 4 0.000921 1
4 4 0 98 4 0.001100 2
4 4 0 99 5 0.001529 1
4 4 1 0 2 0.000540 1
4 4 1 1 5 0.001125 1
4 4 1 2 4 0.000904 1
4 4 1 3 4 0.000965 1
4 4 1 4 4 0.000900 1
4 4 1 5 5 0.001169 1
4 4 1 6 2 0.000582 1
4 4 1 7 4 0.000937 1
4 4 1 8 6 0.001336 1
4 4 1 9 4 0.000997 1
4 4 1 10 6 0.001492 1
4 4 1 11 2 0.000568 1
4 4 1 12 6 0.001463 1
4 4 1 13 4 0.001277 1
4 4 1 14 4 0.000950 1
4 4 1 15 5 0.001143 1
4 4 1 16 4 0.001137 1
4 4 1 17 2 0.000490 1
4 4 1 18 3 0.000685 1
4 4 1 19 4 0.000962 1
4 4 1 20 4 0.001378 2
4 4 1 21 2 0.000577 1
4 4 1 22 5 0.001205 1
4 4 1 23 5 0.001117 1
4 4 1 24 5 0.001102 1
4 4 1 25 6 0.001639 1
4 4 1 26 6 0.001877 1
4 4 1 27 4 0.001084 1
4 4 1 28 6 0.001431 1
4 4 1 29 5 0.001124 1
4 4 1 30 5 0.001108 1
4 4 1 31 5 0.001480 2
4 4 1 32 4 0.000916 1
4 4 1 33 5 0.001311 1
4 4 1 34 6 0.001411 1
4 4 1 35 2 0.000441 1
4 4 1 36 6 0.001501 1
4 4 1 37 5 0.001458 1
4 4 1 38 4 0.001008 1
4 4 1 39 2 0.000670 1
4 4 1 40 6 0.001748 1
4 4 1 41 2 0.000535 1
4 4 1 42 4 0.001125 1
4 4 1 43 3 0.000640 1
4 4 1 44 4 0.001103 1
4 4 1 45 5 0.001073 1
4 4 1 46 4 0.000866 1
4 4 1 47 4 0.000843 1
4 4 1 48 4 0.000854 1
4 4 1 49 6 0.001402 1
4 4 1 50 4 0.000805 1
4 4 1 51 3 0.000642 1
4 4 1 52 2 0.000453 1
4 4 1 53 5 0.002360 1
4 4 1 54 2 0.000684 1
4 4 1 55 2 0.000468 1
4 4 1 56 5 0.001118 1
4 4 1 57 4 0.000778 1
4 4 1 58 6 0.001371 1
4 4 1 59 6 0.001249 1
4 4 1 60 4 0.000791 1
4 4 1 61 5 0.001386 1
4 4 1 62 2 0.000438 1
4 4 1 63 4 0.000991 2
4 4 1 64 4 0.000851 1
4 4 1 65 4 0.000896 1
4 4 1 66 6 0.001268 1
4 4 1 67 2 0.000417 1
4 4 1 68 4 0.000754 1
4 4 1 69 6 0.001893 1
4 4 1 70 5 0.001028 1
4 4 1 71 5 0.001036 1
4 4 1 72 2 0.000534 1
4 4 1 73 4 0.000985 1
4 4 1 74 4 0.000849 1
4 4 1 75 4 0.000772 1
4 4 1 76 4 0.000868 1
4 4 1 77 5 0.001071 1
4 4 1 78 4 0.000771 1
4 4 1 79 5 0.001316 2
4 4 1 80 5 0.001055 1
4 4 1 81 5 0.000973 1
4 4 1 82 2 0.000498 1
4 4 1 83 5 0.001176 1
4 4 1 84 2 0.000403 1
4 4 1 85 5 0.001200 1
4 4 1 86 6 0.001380 1
4 4 1 87 6 0.001489 1
4 4 1 88 4 0.000812 1
4 4 1 89 3 0.000969 1
4 4 1 90 6 0.001257 1
4 4 1 91 6 0.001643 1
4 4 1 92 4 0.001039 1
4 4 1 93 6 0.001183 1
4 4 1 94 2 0.000466 1
4 4 1 95 5 0.001161 1
4 4 1 96 6 0.001303 1
4 4 1 97 4 0.000823 1
4 4 1 98 4 0.001322 2
4 4 1 99 5 0.001334 1
4 4 2 0 2 0.000496 1
4 4 2 1 4 0.000811 1
4 4 2 2 3 0.000763 1
4 4 2 3 5 0.001158 1
4 4 2 4 4 0.000815 1
4 4 2 5 5 0.001068 1
4 4 2 6 2 0.000542 1
4 4 2 7 4 0.000853 1
4 4 2 8 5 0.000977 1
4 4 2 9 4 0.001067 1
4 4 2 10 6 0.001141 1
4 4 2 11 2 0.000509 1
4 4 2 12 5 0.001059 1
4 4 2 13 4 0.000863 1
4 4 2 14 4 0.000796 1
4 4 2 15 4 0.000810 1
4 4 2 16 4 0.000858 1
4 4 2 17 2 0.000445 1
4 4 2 18 3 0.000687 1
4 4 2 19 4 0.001094 1
4 4 2 20 4 0.001123 2
4 4 2 21 2 0.000583 1
4 4 2 22 5 0.001130 1
4 4 2 23 4 0.000828 1
4 4 2 24 5 0.000983 1
4 4 2 25 5 0.001014 1
4 4 2 26 5 0.000957 1
4 4 2 27 3 0.000695 1
4 4 2 28 5 0.001051 1
4 4 2 29 5 0.001000 1
4 4 2 30 5 0.001025 1
4 4 2 31 4 0.002632 2
4 4 2 32 4 0.000892 1
4 4 2 33 4 0.001009 1
4 4 2 34 5 0.001177 1
4 4 2 35 2 0.000464 1
4 4 2 36 5 0.001057 1
4 4 2 37 5 0.001025 1
4 4 2 38 4 0.000791 1
4 4 2 39 2 0.000438 1
4 4 2 40 6 0.001315 1
4 4 2 41 2 0.000655 1
4 4 2 42 4 0.001033 1
4 4 2 43 3 0.000605 1
4 4 2 44 4 0.001023 1
4 4 2 45 5 0.001016 1
4 4 2 46 5 0.001048 1
4 4 2 47 3 0.000639 1
4 4 2 48 3 0.000743 1
4 4 2 49 5 0.001865 1
4 4 2 50 4 0.000880 1
4 4 2 51 3 0.000695 1
4 4 2 52 2 0.000447 1
4 4 2 53 5 0.000988 1
4 4 2 54 2 0.000512 1
4 4 2 55 2 0.000474 1
4 4 2 56 5 0.002177 1
4 4 2 57 3 0.000637 1
4 4 2 58 5 0.001157 1
4 4 2 59 5 0.001035 1
4 4 2 60 4 0.000818 1
4 4 2 61 4 0.000912 1
4 4 2 62 2 0.000440 1
4 4 2 63 3 0.000674 1
4 4 2 64 3 0.000688 1
4 4 2 65 4 0.000818 1
4 4 2 66 5 0.001062 1
4 4 2 67 2 0.000481 1
4 4 2 68 4 0.000868 1
4 4 2 69 5 0.001125 1
4 4 2 70 5 0.001011 1
4 4 2 71 5 0.001036 1
4 4 2 72 2 0.000804 1
4 4 2 73 4 0.000803 1
4 4 2 74 4 0.000809 1
4 4 2 75 4 0.000821 1
4 4 2 76 4 0.000957 1
4 4 2 77 5 0.001014 1
4 4 2 78 3 0.000619 1
4 4 2 79 5 0.001217 1
4 4 2 80 4 0.000984 1
4 4 2 81 4 0.000878 1
4 4 2 82 2 0.000506 1
4 4 2 83 4 0.000813 1
4 4 2 84 2 0.000455 1
4 4 2 85 5 0.001262 1
4 4 2 86 6 0.001334 1
4 4 2 87 5 0.001332 1
4 4 2 88 5 0.001147 1
4 4 2 89 3 0.000833 1
4 4 2 90 6 0.001250 1
4 4 2 91 6 0.001265 1
4 4 2 92 4 0.000995 1
4 4 2 93 5 0.000923 1
4 4 2 94 2 0.000478 1
4 4 2 95 4 0.000846 1
4 4 2 96 6 0.001202 1
4 4 2 97 4 0.000810 1
4 4 2 98 3 0.000664 1
4 4 2 99 4 0.000907 1
4 4 4 0 2 0.000488 1
4 4 4 1 4 0.000758 1
4 4 4 2 3 0.000616 1
4 4 4 3 4 0.000762 1
4 4 4 4 3 0.000562 1
4 4 4 5 5 0.000958 1
4 4 4 6 2 0.000515 1
4 4 4 7 4 0.000772 1
4 4 4 8 - - -
4 4 4 9 3 0.000613 1
4 4 4 10 - - -
4 4 4 11 2 0.000541 1
4 4 4 12 - - -
4 4 4 13 3 0.000845 1
4 4 4 14 3 0.000829 1
4 4 4 15 4 0.000839 1
4 4 4 16 3 0.000616 1
4 4 4 17 2 0.000519 1
4 4 4 18 3 0.000701 1
4 4 4 19 3 0.000617 1
4 4 4 20 3 0.000597 1
4 4 4 21 2 0.000523 1
4 4 4 22 5 0.000965 1
4 4 4 23 4 0.000760 1
4 4 4 24 4 0.000778 1
4 4 4 25 - - -
4 4 4 26 - - -
4 4 4 27 3 0.000603 1
4 4 4 28 - - -
4 4 4 29 5 0.001222 1
4 4 4 30 5 0.000928 1
4 4 4 31 3 0.000585 1
4 4 4 32 3 0.000586 1
4 4 4 33 4 0.000881 1
4 4 4 34 - - -
4 4 4 35 2 0.000452 1
4 4 4 36 - - -
4 4 4 37 4 0.000764 1
4 4 4 38 4 0.000776 1
4 4 4 39 2 0.000537 1
4 4 4 40 - - -
4 4 4 41 2 0.000570 1
4 4 4 42 4 0.001081 1
4 4 4 43 3 0.000627 1
4 4 4 44 3 0.000758 1
4 4 4 45 5 0.001057 1
4 4 4 46 4 0.000840 1
4 4 4 47 3 0.000616 1
4 4 4 48 3 0.000691 1
4 4 4 49 - - -
4 4 4 50 3 0.000611 1
4 4 4 51 3 0.000633 1
4 4 4 52 2 0.000459 1
4 4 4 53 5 0.000970 1
4 4 4 54 2 0.001371 1
4 4 4 55 2 0.000494 1
4 4 4 56 5 0.000931 1
4 4 4 57 3 0.000632 1
4 4 4 58 - - -
4 4 4 59 - - -
4 4 4 60 3 0.000722 1
4 4 4 61 4 0.000873 1
4 4 4 62 2 0.000451 1
4 4 4 63 3 0.000593 1
4 4 4 64 3 0.000600 1
4 4 4 65 3 0.000816 1
4 4 4 66 - - -
4 4 4 67 2 0.000475 1
4 4 4 68 3 0.000622 1
4 4 4 69 - - -
4 4 4 70 5 0.001114 1
4 4 4 71 5 0.001131 1
4 4 4 72 2 0.000570 1
4 4 4 73 3 0.000658 1
4 4 4 74 4 0.000787 1
4 4 4 75 3 0.000695 1
4 4 4 76 3 0.000615 1
4 4 4 77 5 0.000982 1
4 4 4 78 3 0.000661 1
4 4 4 79 5 0.001078 1
4 4 4 80 3 0.000625 1
4 4 4 81 4 0.000793 1
4 4 4 82 2 0.000492 1
4 4 4 83 4 0.000851 1
4 4 4 84 2 0.000489 1
4 4 4 85 4 0.000888 1
4 4 4 86 - - -
4 4 4 87 - - -
4 4 4 88 4 0.000848 1
4 4 4 89 3 0.000797 1
4 4 4 90 - - -
4 4 4 91 - - -
4 4 4 92 4 0.001076 1
4 4 4 93 - - -
4 4 4 94 2 0.000507 1
4 4 4 95 4 0.000868 1
4 4 4 96 - - -
4 4 4 97 3 0.000701 1
4 4 4 98 3 0.000638 1
4 4 4 99 4 0.000922 1
8 1 0 0 7 0.001359 1
8 1 0 1 7 0.001757 1
8 1 0 2 8 0.001892 1
8 1 0 3 8 0.001928 1
8 1 0 4 7 0.001311 1
8 1 0 5 4 0.000834 1
8 1 0 6 7 0.001628 1
8 1 0 7 6 0.001243 1
8 1 0 8 5 0.002361 1
8 1 0 9 7 0.001479 1
8 1 0 10 8 0.001535 1
8 1 0 11 7 0.001459 1
8 1 0 12 8 0.001694 1
8 1 0 13 7 0.001899 1
8 1 0 14 8 0.001717 1
8 1 0 15 7 0.001441 1
8 1 0 16 7 0.001804 1
8 1 0 17 8 0.001583 1
8 1 0 18 8 0.001636 1
8 1 0 19 7 0.001308 1
8 1 0 20 8 0.001821 1
8 1 0 21 6 0.001164 1
8 1 0 22 8 0.001916 1
8 1 0 23 7 0.001419 1
8 1 0 24 7 0.001332 1
8 1 0 25 8 0.001890 1
8 1 0 26 8 0.001606 1
8 1 0 27 7 0.001659 1
8 1 0 28 8 0.001914 1
8 1 0 29 8 0.001696 1
8 1 0 30 7 0.001512 1
8 1 0 31 6 0.001518 1
8 1 0 32 7 0.001326 1
8 1 0 33 7 0.001423 1
8 1 0 34 6 0.001504 1
8 1 0 35 6 0.001527 1
8 1 0 36 8 0.002203 1
8 1 0 37 6 0.001429 1
8 1 0 38 7 0.001897 1
8 1 0 39 8 0.001829 1
8 1 0 40 6 0.001138 1
8 1 0 41 7 0.001321 1
8 1 0 42 6 0.001203 1
8 1 0 43 8 0.001626 1
8 1 0 44 6 0.001100 1
8 1 0 45 7 0.001331 1
8 1 0 46 8 0.001551 1
8 1 0 47 8 0.001590 1
8 1 0 48 6 0.001152 1
8 1 0 49 7 0.001291 1
8 1 0 50 8 0.001998 1
8 1 0 51 8 0.001523 1
8 1 0 52 8 0.001962 1
8 1 0 53 8 0.001486 1
8 1 0 54 8 0.001647 1
8 1 0 55 7 0.001669 1
8 1 0 56 7 0.001459 1
8 1 0 57 8 0.001515 1
8 1 0 58 8 0.001505 1
8 1 0 59 8 0.001439 1
8 1 0 60 8 0.001574 1
8 1 0 61 7 0.001436 1
8 1 0 62 6 0.001331 1
8 1 0 63 8 0.001960 1
8 1 0 64 8 0.001467 1
8 1 0 65 7 0.001477 1
8 1 0 66 8 0.001433 1
8 1 0 67 8 0.001524 1
8 1 0 68 8 0.001428 1
8 1 0 69 7 0.001389 1
8 1 0 70 7 0.001537 1
8 1 0 71 7 0.001298 1
8 1 0 72 7 0.001357 1
8 1 0 73 7 0.001275 1
8 1 0 74 7 0.001173 1
8 1 0 75 8 0.001383 1
8 1 0 76 8 0.001380 1
8 1 0 77 8 0.001454 1
8 1 0 78 8 0.002185 1
8 1 0 79 6 0.001057 1
8 1 0 80 8 0.001810 1
8 1 0 81 8 0.001375 1
8 1 0 82 6 0.001165 1
8 1 0 83 6 0.001054 1
8 1 0 84 7 0.001637 1
8 1 0 85 6 0.001228 1
8 1 0 86 8 0.001447 1
8 1 0 87 7 0.001153 1
8 1 0 88 8 0.001367 1
8 1 0 89 8 0.001409 1
8 1 0 90 8 0.001485 1
8 1 0 91 7 0.001193 1
8 1 0 92 7 0.001260 1
8 1 0 93 6 0.001078 1
8 1 0 94 8 0.001409 1
8 1 0 95 8 0.001333 1
8 1 0 96 6 0.001039 1
8 1 0 97 8 0.001318 1
8 1 0 98 8 0.001386 1
8 1 0 99 8 0.001423 1
8 1 1 0 7 0.001191 1
8 1 1 1 7 0.001164 1
8 1 1 2 8 0.001367 1
8 1 1 3 8 0.001513 1
8 1 1 4 7 0.001401 1
8 1 1 5 4 0.000748 1
8 1 1 6 7 0.001229 1
8 1 1 7 6 0.001175 1
8 1 1 8 5 0.000795 1
8 1 1 9 7 0.001159 1
8 1 1 10 8 0.001789 1
8 1 1 11 7 0.001442 1
8 1 1 12 8 0.001561 1
8 1 1 13 7 0.001358 1
8 1 1 14 8 0.001308 1
8 1 1 15 7 0.001257 1
8 1 1 16 7 0.001331 1
8 1 1 17 8 0.001615 1
8 1 1 18 8 0.001599 1
8 1 1 19 7 0.001149 1
8 1 1 20 8 0.001414 1
8 1 1 21 6 0.001027 1
8 1 1 22 8 0.001471 1
8 1 1 23 7 0.001258 1
8 1 1 24 7 0.001119 1
8 1 1 25 8 0.001499 1
8 1 1 26 8 0.001945 1
8 1 1 27 7 0.001616 1
8 1 1 28 8 0.001415 1
8 1 1 29 8 0.001519 1
8 1 1 30 7 0.001229 1
8 1 1 31 6 0.001141 1
8 1 1 32 7 0.001189 1
8 1 1 33 7 0.001206 1
8 1 1 34 6 0.001028 1
8 1 1 35 6 0.001001 1
8 1 1 36 8 0.001448 1
8 1 1 37 6 0.001069 1
8 1 1 38 7 0.001322 1
8 1 1 39 8 0.005632 1
8 1 1 40 6 0.001002 1
8 1 1 41 7 0.001480 1
8 1 1 42 6 0.001160 1
8 1 1 43 8 0.001638 1
8 1 1 44 6 0.001093 1
8 1 1 45 7 0.001154 1
8 1 1 46 8 0.001394 1
8 1 1 47 8 0.001394 1
8 1 1 48 6 0.000995 1
8 1 1 49 7 0.001278 1
8 1 1 50 8 0.001561 1
8 1 1 51 8 0.001519 1
8 1 1 52 8 0.001355 1
8 1 1 53 8 0.001322 1
8 1 1 54 8 0.001359 1
8 1 1 55 7 0.001219 1
8 1 1 56 7 0.001159 1
8 1 1 57 8 0.001865 1
8 1 1 58 8 0.001396 1
8 1 1 59 8 0.001544 1
8 1 1 60 8 0.001442 1
8 1 1 61 7 0.001274 1
8 1 1 62 6 0.000999 1
8 1 1 63 8 0.001328 1
8 1 1 64 8 0.001614 1
8 1 1 65 7 0.001217 1
8 1 1 66 8 0.001314 1
8 1 1 67 8 0.001414 1
8 1 1 68 8 0.001327 1
8 1 1 69 7 0.001420 1
8 1 1 70 7 0.001195 1
8 1 1 71 7 0.001147 1
8 1 1 72 7 0.001215 1
8 1 1 73 7 0.001157 1
8 1 1 74 7 0.001112 1
8 1 1 75 8 0.001291 1
8 1 1 76 8 0.001274 1
8 1 1 77 8 0.001377 1
8 1 1 78 8 0.002042 1
8 1 1 79 6 0.001137 1
8 1 1 80 8 0.001451 1
8 1 1 81 8 0.001269 1
8 1 1 82 6 0.001235 1
8 1 1 83 6 0.001254 1
8 1 1 84 7 0.001216 1
8 1 1 85 6 0.000967 1
8 1 1 86 8 0.001425 1
8 1 1 87 7 0.001076 1
8 1 1 88 8 0.001235 1
8 1 1 89 8 0.001438 1
8 1 1 90 8 0.001435 1
8 1 1 91 7 0.001339 1
8 1 1 92 7 0.001228 1
8 1 1 93 6 0.000890 1
8 1 1 94 8 0.001365 1
8 1 1 95 8 0.001269 1
8 1 1 96 6 0.000919 1
8 1 1 97 8 0.001288 1
8 1 1 98 8 0.001581 1
8 1 1 99 8 0.001369 1
8 2 0 0 9 0.001600 1
8 2 0 1 7 0.001213 1
8 2 0 2 7 0.001367 1
8 2 0 3 8 0.001383 1
8 2 0 4 4 0.000701 1
8 2 0 5 4 0.000669 1
8 2 0 6 9 0.002089 1
8 2 0 7 6 0.001408 1
8 2 0 8 5 0.000870 1
8 2 0 9 8 0.001876 1
8 2 0 10 8 0.001540 1
8 2 0 11 6 0.001022 1
8 2 0 12 7 0.001280 1
8 2 0 13 9 0.002244 1
8 2 0 14 8 0.001462 1
8 2 0 15 9 0.001853 1
8 2 0 16 8 0.002105 1
8 2 0 17 8 0.002039 1
8 2 0 18 7 0.001402 1
8 2 0 19 6 0.001071 1
8 2 0 20 9 0.001722 1
8 2 0 21 6 0.001237 1
8 2 0 22 9 0.001825 1
8 2 0 23 9 0.001878 1
8 2 0 24 4 0.000798 1
8 2 0 25 6 0.001404 1
8 2 0 26 9 0.001924 1
8 2 0 27 9 0.001816 1
8 2 0 28 10 0.002041 1
8 2 0 29 9 0.002005 1
8 2 0 30 9 0.001854 1
8 2 0 31 8 0.001990 1
8 2 0 32 7 0.001289 1
8 2 0 33 8 0.001718 1
8 2 0 34 8 0.001443 1
8 2 0 35 8 0.001678 1
8 2 0 36 10 0.002262 1
8 2 0 37 8 0.001913 1
8 2 0 38 8 0.001654 1
8 2 0 39 10 0.002144 1
8 2 0 40 7 0.001177 1
8 2 0 41 7 0.001167 1
8 2 0 42 8 0.001422 1
8 2 0 43 9 0.002499 1
8 2 0 44 8 0.001680 1
8 2 0 45 9 0.001557 1
8 2 0 46 10 0.002206 1
8 2 0 47 6 0.001287 1
8 2 0 48 7 0.001271 1
8 2 0 49 6 0.000993 1
8 2 0 50 8 0.002204 2
8 2 0 51 10 0.002127 1
8 2 0 52 10 0.002285 1
8 2 0 53 9 0.001765 1
8 2 0 54 8 0.001629 1
8 2 0 55 8 0.001556 1
8 2 0 56 9 0.002030 1
8 2 0 57 7 0.001403 1
8 2 0 58 10 0.002009 1
8 2 0 59 7 0.001263 1
8 2 0 60 10 0.003008 2
8 2 0 61 10 0.002543 1
8 2 0 62 7 0.001370 1
8 2 0 63 9 0.001639 1
8 2 0 64 10 0.002069 1
8 2 0 65 8 0.001666 1
8 2 0 66 8 0.001886 1
8 2 0 67 10 0.002245 1
8 2 0 68 9 0.001791 1
8 2 0 69 9 0.002312 2
8 2 0 70 8 0.001587 1
8 2 0 71 8 0.001711 1
8 2 0 72 9 0.001820 1
8 2 0 73 8 0.001647 1
8 2 0 74 8 0.001569 1
8 2 0 75 8 0.001907 1
8 2 0 76 8 0.001804 1
8 2 0 77 9 0.001940 1
8 2 0 78 9 0.001555 1
8 2 0 79 6 0.001059 1
8 2 0 80 10 0.003041 1
8 2 0 81 8 0.001680 1
8 2 0 82 6 0.001094 1
8 2 0 83 5 0.000916 1
8 2 0 84 8 0.001708 1
8 2 0 85 7 0.001445 1
8 2 0 86 7 0.001454 1
8 2 0 87 8 0.001703 1
8 2 0 88 5 0.000972 1
8 2 0 89 9 0.001937 1
8 2 0 90 8 0.001544 1
8 2 0 91 7 0.001306 1
8 2 0 92 8 0.001664 1
8 2 0 93 7 0.001216 1
8 2 0 94 10 0.001962 1
8 2 0 95 9 0.001742 1
8 2 0 96 5 0.000918 1
8 2 0 97 9 0.001576 1
8 2 0 98 9 0.001912 1
8 2 0 99 7 0.001281 1
8 2 1 0 9 0.001740 1
8 2 1 1 7 0.001240 1
8 2 1 2 7 0.001280 1
8 2 1 3 7 0.001293 1
8 2 1 4 4 0.000750 1
8 2 1 5 4 0.000815 1
8 2 1 6 9 0.002317 1
8 2 1 7 6 0.001376 1
8 2 1 8 5 0.000830 1
8 2 1 9 8 0.001815 1
8 2 1 10 8 0.001423 1
8 2 1 11 6 0.001071 1
8 2 1 12 7 0.001273 1
8 2 1 13 9 0.002244 1
8 2 1 14 8 0.001466 1
8 2 1 15 9 0.001622 1
8 2 1 16 8 0.001607 1
8 2 1 17 8 0.001487 1
8 2 1 18 7 0.001785 1
8 2 1 19 6 0.001064 1
8 2 1 20 8 0.001590 1
8 2 1 21 6 0.000955 1
8 2 1 22 9 0.001613 1
8 2 1 23 9 0.001903 1
8 2 1 24 4 0.000732 1
8 2 1 25 6 0.001120 1
8 2 1 26 8 0.001672 1
8 2 1 27 9 0.001614 1
8 2 1 28 9 0.001738 1
8 2 1 29 8 0.001371 1
8 2 1 30 8 0.001403 1
8 2 1 31 8 0.001471 1
8 2 1 32 7 0.001175 1
8 2 1 33 8 0.001484 1
8 2 1 34 8 0.001323 1
8 2 1 35 8 0.001625 1
8 2 1 36 9 0.002156 1
8 2 1 37 8 0.001281 1
8 2 1 38 8 0.001612 1
8 2 1 39 9 0.001573 1
8 2 1 40 7 0.001158 1
8 2 1 41 7 0.001067 1
8 2 1 42 8 0.001224 1
8 2 1 43 8 0.002180 1
8 2 1 44 8 0.001283 1
8 2 1 45 9 0.001513 1
8 2 1 46 9 0.001647 1
8 2 1 47 6 0.001123 1
8 2 1 48 7 0.001120 1
8 2 1 49 6 0.000905 1
8 2 1 50 8 0.002178 2
8 2 1 51 9 0.001639 1
8 2 1 52 9 0.001681 1
8 2 1 53 9 0.001677 1
8 2 1 54 8 0.001341 1
8 2 1 55 8 0.001586 1
8 2 1 56 9 0.001494 1
8 2 1 57 7 0.001289 1
8 2 1 58 9 0.001611 1
8 2 1 59 7 0.001203 1
8 2 1 60 9 0.002324 2
8 2 1 61 9 0.001527 1
8 2 1 62 7 0.001377 1
8 2 1 63 9 0.001530 1
8 2 1 64 9 0.001704 1
8 2 1 65 8 0.001455 1
8 2 1 66 8 0.001841 1
8 2 1 67 9 0.001661 1
8 2 1 68 8 0.001501 1
8 2 1 69 8 0.001798 2
8 2 1 70 7 0.001235 1
8 2 1 71 8 0.001500 1
8 2 1 72 9 0.001558 1
8 2 1 73 8 0.001673 1
8 2 1 74 8 0.001322 1
8 2 1 75 8 0.001716 1
8 2 1 76 8 0.001430 1
8 2 1 77 9 0.001680 1
8 2 1 78 9 0.001671 1
8 2 1 79 6 0.000907 1
8 2 1 80 9 0.002786 1
8 2 1 81 8 0.001487 1
8 2 1 82 6 0.000996 1
8 2 1 83 5 0.000913 1
8 2 1 84 8 0.001401 1
8 2 1 85 7 0.001353 1
8 2 1 86 7 0.001217 1
8 2 1 87 8 0.001333 1
8 2 1 88 5 0.000968 1
8 2 1 89 8 0.001537 1
8 2 1 90 8 0.001457 1
8 2 1 91 7 0.001433 1
8 2 1 92 7 0.001432 1
8 2 1 93 7 0.001192 1
8 2 1 94 9 0.001612 1
8 2 1 95 9 0.001710 1
8 2 1 96 5 0.001104 1
8 2 1 97 9 0.001610 1
8 2 1 98 9 0.002121 1
8 2 1 99 7 0.001394 1
8 2 2 0 7 0.001142 1
8 2 2 1 8 0.001281 1
8 2 2 2 8 0.001256 1
8 2 2 3 8 0.001313 1
8 2 2 4 4 0.000709 1
8 2 2 5 4 0.000716 1
8 2 2 6 - - -
8 2 2 7 7 0.001428 1
8 2 2 8 5 0.000862 1
8 2 2 9 7 0.001353 1
8 2 2 10 6 0.000951 1
8 2 2 11 6 0.000932 1
8 2 2 12 9 0.001326 1
8 2 2 13 - - -
8 2 2 14 8 0.001283 1
8 2 2 15 8 0.001372 1
8 2 2 16 8 0.001494 1
8 2 2 17 8 0.001485 1
8 2 2 18 9 0.001327 1
8 2 2 19 7 0.001103 1
8 2 2 20 - - -
8 2 2 21 5 0.000819 1
8 2 2 22 9 0.001322 1
8 2 2 23 9 0.001401 1
8 2 2 24 6 0.001165 1
8 2 2 25 5 0.001048 1
8 2 2 26 5 0.000818 1
8 2 2 27 9 0.001574 1
8 2 2 28 - - -
8 2 2 29 - - -
8 2 2 30 - - -
8 2 2 31 9 0.001415 1
8 2 2 32 8 0.001304 1
8 2 2 33 9 0.001320 1
8 2 2 34 6 0.000970 1
8 2 2 35 8 0.001683 1
8 2 2 36 9 0.001322 1
8 2 2 37 8 0.001348 1
8 2 2 38 9 0.001449 1
8 2 2 39 - - -
8 2 2 40 7 0.001119 1
8 2 2 41 6 0.000886 1
8 2 2 42 6 0.001000 1
8 2 2 43 - - -
8 2 2 44 8 0.001221 1
8 2 2 45 8 0.001263 1
8 2 2 46 - - -
8 2 2 47 6 0.001043 1
8 2 2 48 6 0.000966 1
8 2 2 49 8 0.001226 1
8 2 2 50 - - -
8 2 2 51 9 0.001484 1
8 2 2 52 - - -
8 2 2 53 - - -
8 2 2 54 6 0.001011 1
8 2 2 55 6 0.001296 1
8 2 2 56 9 0.001431 1
8 2 2 57 9 0.001431 1
8 2 2 58 - - -
8 2 2 59 9 0.001401 1
8 2 2 60 - - -
8 2 2 61 9 0.001395 1
8 2 2 62 6 0.000975 1
8 2 2 63 8 0.001274 1
8 2 2 64 9 0.001448 1
8 2 2 65 8 0.001639 1
8 2 2 66 8 0.002088 1
8 2 2 67 - - -
8 2 2 68 - - -
8 2 2 69 8 0.001557 1
8 2 2 70 - - -
8 2 2 71 8 0.001254 1
8 2 2 72 9 0.001394 1
8 2 2 73 9 0.001438 1
8 2 2 74 8 0.001208 1
8 2 2 75 9 0.001493 1
8 2 2 76 9 0.001336 1
8 2 2 77 - - -
8 2 2 78 9 0.001335 1
8 2 2 79 5 0.001018 1
8 2 2 80 - - -
8 2 2 81 7 0.001155 1
8 2 2 82 7 0.001210 1
8 2 2 83 5 0.001014 1
8 2 2 84 8 0.001284 1
8 2 2 85 8 0.001493 1
8 2 2 86 8 0.001383 1
8 2 2 87 8 0.001307 1
8 2 2 88 8 0.001479 1
8 2 2 89 5 0.001026 1
8 2 2 90 - - -
8 2 2 91 4 0.000697 1
8 2 2 92 7 0.001160 1
8 2 2 93 4 0.000654 1
8 2 2 94 - - -
8 2 2 95 9 0.001392 1
8 2 2 96 7 0.001120 1
8 2 2 97 9 0.001447 1
8 2 2 98 - - -
8 2 2 99 - - -
8 4 0 0 8 0.001600 1
8 4 0 1 7 0.001755 1
8 4 0 2 11 0.002515 1
8 4 0 3 11 0.002213 1
8 4 0 4 5 0.000898 1
8 4 0 5 3 0.000553 1
8 4 0 6 11 0.003058 2
8 4 0 7 5 0.001328 1
8 4 0 8 5 0.001126 1
8 4 0 9 8 0.001912 1
8 4 0 10 10 0.002060 1
8 4 0 11 8 0.001458 1
8 4 0 12 10 0.002118 1
8 4 0 13 11 0.003099 1
8 4 0 14 10 0.002257 1
8 4 0 15 9 0.002065 1
8 4 0 16 7 0.001659 1
8 4 0 17 10 0.002134 1
8 4 0 18 10 0.002198 1
8 4 0 19 6 0.001389 1
8 4 0 20 11 0.002506 1
8 4 0 21 8 0.001447 1
8 4 0 22 11 0.002400 1
8 4 0 23 10 0.002338 1
8 4 0 24 6 0.001207 1
8 4 0 25 9 0.002015 1
8 4 0 26 10 0.002160 1
8 4 0 27 11 0.002447 1
8 4 0 28 12 0.002645 1
8 4 0 29 11 0.002425 1
8 4 0 30 9 0.002330 1
8 4 0 31 10 0.002604 1
8 4 0 32 8 0.001601 1
8 4 0 33 9 0.001705 1
8 4 0 34 8 0.001626 1
8 4 0 35 6 0.001316 1
8 4 0 36 12 0.002715 1
8 4 0 37 7 0.001503 1
8 4 0 38 9 0.002215 1
8 4 0 39 13 0.003071 1
8 4 0 40 7 0.001218 1
8 4 0 41 7 0.001195 1
8 4 0 42 6 0.001199 1
8 4 0 43 11 0.003642 1
8 4 0 44 9 0.001790 1
8 4 0 45 8 0.001576 1
8 4 0 46 13 0.003547 1
8 4 0 47 8 0.001828 1
8 4 0 48 10 0.002023 1
8 4 0 49 8 0.001463 1
8 4 0 50 12 0.003622 2
8 4 0 51 12 0.002784 1
8 4 0 52 13 0.003419 1
8 4 0 53 11 0.002583 1
8 4 0 54 10 0.001980 1
8 4 0 55 9 0.002074 2
8 4 0 56 10 0.001908 1
8 4 0 57 11 0.002660 1
8 4 0 58 12 0.003701 1
8 4 0 59 10 0.002012 1
8 4 0 60 12 0.003536 2
8 4 0 61 10 0.002160 1
8 4 0 62 8 0.001840 1
8 4 0 63 11 0.002303 1
8 4 0 64 12 0.003129 1
8 4 0 65 9 0.001863 1
8 4 0 66 10 0.003533 1
8 4 0 67 13 0.003316 1
8 4 0 68 10 0.002218 1
8 4 0 69 8 0.002004 2
8 4 0 70 9 0.001797 1
8 4 0 71 9 0.001814 1
8 4 0 72 10 0.002157 1
8 4 0 73 9 0.001901 1
8 4 0 74 7 0.001405 1
8 4 0 75 10 0.001900 1
8 4 0 76 12 0.002554 1
8 4 0 77 11 0.002552 1
8 4 0 78 11 0.002326 1
8 4 0 79 6 0.001124 1
8 4 0 80 13 0.003964 1
8 4 0 81 10 0.001919 1
8 4 0 82 8 0.001469 1
8 4 0 83 6 0.001525 1
8 4 0 84 7 0.001336 1
8 4 0 85 9 0.002561 2
8 4 0 86 10 0.002107 1
8 4 0 87 8 0.001514 1
8 4 0 88 8 0.001659 1
8 4 0 89 10 0.003055 2
8 4 0 90 12 0.002751 1
8 4 0 91 8 0.001642 1
8 4 0 92 8 0.002141 2
8 4 0 93 6 0.001032 1
8 4 0 94 13 0.002934 1
8 4 0 95 11 0.002606 1
8 4 0 96 6 0.001109 1
8 4 0 97 10 0.002122 1
8 4 0 98 11 0.002555 1
8 4 0 99 9 0.001879 1
8 4 1 0 8 0.001601 1
8 4 1 1 7 0.001416 1
8 4 1 2 10 0.002428 1
8 4 1 3 10 0.001924 1
8 4 1 4 5 0.000892 1
8 4 1 5 3 0.000610 1
8 4 1 6 10 0.002608 2
8 4 1 7 5 0.001283 1
8 4 1 8 5 0.001013 1
8 4 1 9 8 0.002001 1
8 4 1 10 9 0.001995 1
8 4 1 11 8 0.001423 1
8 4 1 12 9 0.001881 1
8 4 1 13 10 0.002390 1
8 4 1 14 9 0.002172 1
8 4 1 15 8 0.001898 1
8 4 1 16 7 0.001676 2
8 4 1 17 9 0.002039 1
8 4 1 18 10 0.002031 1
8 4 1 19 6 0.001167 1
8 4 1 20 10 0.002327 1
8 4 1 21 8 0.001533 1
8 4 1 22 10 0.002170 1
8 4 1 23 9 0.002036 1
8 4 1 24 6 0.001120 1
8 4 1 25 9 0.002113 1
8 4 1 26 9 0.001798 1
8 4 1 27 10 0.002227 1
8 4 1 28 11 0.002309 1
8 4 1 29 10 0.002718 1
8 4 1 30 9 0.002260 1
8 4 1 31 10 0.002351 1
8 4 1 32 8 0.001639 1
8 4 1 33 9 0.002261 1
8 4 1 34 8 0.001810 1
8 4 1 35 6 0.001354 1
8 4 1 36 11 0.002503 1
8 4 1 37 6 0.001107 1
8 4 1 38 9 0.001966 1
8 4 1 39 11 0.003256 1
8 4 1 40 7 0.001646 1
8 4 1 41 6 0.001026 1
8 4 1 42 6 0.001295 1
8 4 1 43 10 0.002873 1
8 4 1 44 8 0.001564 1
8 4 1 45 8 0.001550 1
8 4 1 46 11 0.002648 1
8 4 1 47 8 0.001956 1
8 4 1 48 9 0.001710 1
8 4 1 49 8 0.001713 1
8 4 1 50 11 0.003128 2
8 4 1 51 11 0.002715 1
8 4 1 52 11 0.004104 1
8 4 1 53 10 0.002715 1
8 4 1 54 8 0.001621 1
8 4 1 55 8 0.002064 2
8 4 1 56 10 0.002133 1
8 4 1 57 11 0.003495 1
8 4 1 58 11 0.002718 1
8 4 1 59 10 0.002173 1
8 4 1 60 11 0.004008 2
8 4 1 61 10 0.002643 1
8 4 1 62 8 0.001662 1
8 4 1 63 9 0.002017 1
8 4 1 64 11 0.003088 1
8 4 1 65 8 0.002464 1
8 4 1 66 9 0.003432 1
8 4 1 67 11 0.003106 1
8 4 1 68 10 0.002631 1
8 4 1 69 8 0.002243 2
8 4 1 70 8 0.001884 1
8 4 1 71 8 0.002033 1
8 4 1 72 10 0.002471 1
8 4 1 73 9 0.002359 1
8 4 1 74 7 0.001459 1
8 4 1 75 10 0.002640 1
8 4 1 76 11 0.003653 1
8 4 1 77 10 0.002659 1
8 4 1 78 10 0.002204 1
8 4 1 79 5 0.001234 1
8 4 1 80 11 0.004232 1
8 4 1 81 9 0.002164 1
8 4 1 82 8 0.001609 1
8 4 1 83 6 0.001298 1
8 4 1 84 7 0.001764 1
8 4 1 85 9 0.003033 2
8 4 1 86 9 0.002246 1
8 4 1 87 8 0.001674 1
8 4 1 88 8 0.001727 1
8 4 1 89 9 0.003090 2
8 4 1 90 11 0.002710 1
8 4 1 91 8 0.001662 1
8 4 1 92 8 0.002248 2
8 4 1 93 6 0.001122 1
8 4 1 94 11 0.002605 1
8 4 1 95 11 0.002675 1
8 4 1 96 6 0.001515 1
8 4 1 97 10 0.002403 1
8 4 1 98 10 0.002518 1
8 4 1 99 9 0.002087 1
8 4 2 0 8 0.001551 1
8 4 2 1 7 0.001471 1
8 4 2 2 8 0.001594 1
8 4 2 3 8 0.001883 1
8 4 2 4 5 0.001024 1
8 4 2 5 3 0.000662 1
8 4 2 6 11 0.001801 1
8 4 2 7 5 0.001212 1
8 4 2 8 5 0.000885 1
8 4 2 9 7 0.002298 1
8 4 2 10 6 0.001160 1
8 4 2 11 6 0.001433 1
8 4 2 12 9 0.001617 1
8 4 2 13 11 0.001805 1
8 4 2 14 9 0.001666 1
8 4 2 15 8 0.001461 1
8 4 2 16 6 0.001346 1
8 4 2 17 8 0.001925 1
8 4 2 18 11 0.002141 1
8 4 2 19 6 0.001104 1
8 4 2 20 7 0.001227 1
8 4 2 21 7 0.001242 1
8 4 2 22 10 0.001729 1
8 4 2 23 9 0.001639 1
8 4 2 24 6 0.001262 1
8 4 2 25 8 0.001675 1
8 4 2 26 6 0.001070 1
8 4 2 27 10 0.001758 1
8 4 2 28 11 0.001730 1
8 4 2 29 - - -
8 4 2 30 5 0.000828 1
8 4 2 31 9 0.001648 1
8 4 2 32 8 0.001332 1
8 4 2 33 9 0.001386 1
8 4 2 34 8 0.001579 1
8 4 2 35 6 0.001327 1
8 4 2 36 9 0.001621 1
8 4 2 37 6 0.001146 1
8 4 2 38 9 0.001617 1
8 4 2 39 11 0.001790 1
8 4 2 40 8 0.001437 1
8 4 2 41 6 0.001032 1
8 4 2 42 5 0.000935 1
8 4 2 43 10 0.001954 1
8 4 2 44 8 0.001524 1
8 4 2 45 7 0.001322 1
8 4 2 46 - - -
8 4 2 47 7 0.001283 1
8 4 2 48 9 0.001579 1
8 4 2 49 8 0.001432 1
8 4 2 50 11 0.001960 1
8 4 2 51 10 0.001884 1
8 4 2 52 - - -
8 4 2 53 9 0.001929 1
8 4 2 54 5 0.001004 1
8 4 2 55 7 0.001660 1
8 4 2 56 9 0.001455 1
8 4 2 57 9 0.001672 1
8 4 2 58 11 0.001766 1
8 4 2 59 9 0.001557 1
8 4 2 60 11 0.001712 1
8 4 2 61 9 0.001800 1
8 4 2 62 9 0.001670 1
8 4 2 63 8 0.001441 1
8 4 2 64 9 0.001618 1
8 4 2 65 9 0.001625 1
8 4 2 66 8 0.002132 1
8 4 2 67 - - -
8 4 2 68 8 0.001394 1
8 4 2 69 8 0.001762 1
8 4 2 70 5 0.001114 1
8 4 2 71 8 0.001692 1
8 4 2 72 9 0.001555 1
8 4 2 73 9 0.001656 1
8 4 2 74 8 0.001309 1
8 4 2 75 9 0.002030 1
8 4 2 76 9 0.001872 1
8 4 2 77 9 0.001710 1
8 4 2 78 10 0.001616 1
8 4 2 79 6 0.000984 1
8 4 2 80 11 0.001733 1
8 4 2 81 8 0.001563 1
8 4 2 82 9 0.001750 1
8 4 2 83 6 0.001361 1
8 4 2 84 7 0.001434 1
8 4 2 85 8 0.001960 2
8 4 2 86 10 0.001999 1
8 4 2 87 7 0.001333 1
8 4 2 88 8 0.001610 1
8 4 2 89 6 0.001395 1
8 4 2 90 11 0.001940 1
8 4 2 91 5 0.000917 1
8 4 2 92 8 0.001508 1
8 4 2 93 4 0.000687 1
8 4 2 94 9 0.001418 1
8 4 2 95 9 0.001666 1
8 4 2 96 7 0.001722 1
8 4 2 97 10 0.001845 1
8 4 2 98 11 0.002025 1
8 4 2 99 6 0.001096 1
8 4 4 0 - - -
8 4 4 1 5 0.000852 1
8 4 4 2 - - -
8 4 4 3 - - -
8 4 4 4 4 0.000737 1
8 4 4 5 4 0.000702 1
8 4 4 6 - - -
8 4 4 7 5 0.000915 1
8 4 4 8 6 0.001206 1
8 4 4 9 5 0.000880 1
8 4 4 10 - - -
8 4 4 11 7 0.001071 1
8 4 4 12 - - -
8 4 4 13 - - -
8 4 4 14 - - -
8 4 4 15 - - -
8 4 4 16 - - -
8 4 4 17 - - -
8 4 4 18 - - -
8 4 4 19 5 0.000845 1
8 4 4 20 - - -
8 4 4 21 7 0.001164 1
8 4 4 22 - - -
8 4 4 23 - - -
8 4 4 24 7 0.001369 1
8 4 4 25 - - -
8 4 4 26 - - -
8 4 4 27 - - -
8 4 4 28 - - -
8 4 4 29 - - -
8 4 4 30 - - -
8 4 4 31 - - -
8 4 4 32 - - -
8 4 4 33 - - -
8 4 4 34 - - -
8 4 4 35 5 0.000826 1
8 4 4 36 - - -
8 4 4 37 5 0.000832 1
8 4 4 38 - - -
8 4 4 39 - - -
8 4 4 40 6 0.001065 1
8 4 4 41 - - -
8 4 4 42 7 0.001094 1
8 4 4 43 - - -
8 4 4 44 - - -
8 4 4 45 8 0.001205 1
8 4 4 46 - - -
8 4 4 47 - - -
8 4 4 48 8 0.001263 1
8 4 4 49 - - -
8 4 4 50 - - -
8 4 4 51 - - -
8 4 4 52 - - -
8 4 4 53 - - -
8 4 4 54 - - -
8 4 4 55 - - -
8 4 4 56 - - -
8 4 4 57 - - -
8 4 4 58 - - -
8 4 4 59 - - -
8 4 4 60 - - -
8 4 4 61 - - -
8 4 4 62 8 0.001253 1
8 4 4 63 - - -
8 4 4 64 - - -
8 4 4 65 - - -
8 4 4 66 8 0.001264 1
8 4 4 67 - - -
8 4 4 68 - - -
8 4 4 69 - - -
8 4 4 70 - - -
8 4 4 71 - - -
8 4 4 72 - - -
8 4 4 73 - - -
8 4 4 74 - - -
8 4 4 75 - - -
8 4 4 76 - - -
8 4 4 77 - - -
8 4 4 78 - - -
8 4 4 79 6 0.000960 1
8 4 4 80 - - -
8 4 4 81 - - -
8 4 4 82 9 0.001472 1
8 4 4 83 5 0.000814 1
8 4 4 84 - - -
8 4 4 85 - - -
8 4 4 86 - - -
8 4 4 87 8 0.001499 1
8 4 4 88 - - -
8 4 4 89 - - -
8 4 4 90 - - -
8 4 4 91 - - -
8 4 4 92 - - -
8 4 4 93 - - -
8 4 4 94 - - -
8 4 4 95 - - -
8 4 4 96 5 0.000877 1
8 4 4 97 - - -
8 4 4 98 - - -
8 4 4 99 - - -
8 8 0 0 9 0.002034 1
8 8 0 1 7 0.001395 1
8 8 0 2 10 0.002781 1
8 8 0 3 10 0.002241 1
8 8 0 4 5 0.001172 1
8 8 0 5 4 0.000815 1
8 8 0 6 12 0.003927 2
8 8 0 7 6 0.001547 1
8 8 0 8 6 0.001124 1
8 8 0 9 8 0.002287 1
8 8 0 10 10 0.002433 1
8 8 0 11 7 0.001438 1
8 8 0 12 9 0.002136 1
8 8 0 13 12 0.003536 1
8 8 0 14 10 0.002272 1
8 8 0 15 9 0.002112 1
8 8 0 16 8 0.002281 2
8 8 0 17 10 0.002523 1
8 8 0 18 10 0.002257 1
8 8 0 19 7 0.001353 1
8 8 0 20 11 0.002761 1
8 8 0 21 7 0.001726 1
8 8 0 22 11 0.002849 1
8 8 0 23 10 0.002351 1
8 8 0 24 6 0.001134 1
8 8 0 25 9 0.002079 1
8 8 0 26 10 0.002539 1
8 8 0 27 11 0.002708 1
8 8 0 28 13 0.002970 1
8 8 0 29 12 0.002789 1
8 8 0 30 10 0.002724 1
8 8 0 31 10 0.002432 1
8 8 0 32 9 0.001672 1
8 8 0 33 10 0.002032 1
8 8 0 34 9 0.001929 1
8 8 0 35 7 0.001623 1
8 8 0 36 12 0.002736 1
8 8 0 37 7 0.001347 1
8 8 0 38 10 0.002269 1
8 8 0 39 13 0.003247 1
8 8 0 40 7 0.001321 1
8 8 0 41 7 0.001270 1
8 8 0 42 7 0.001425 1
8 8 0 43 11 0.003447 1
8 8 0 44 9 0.001735 1
8 8 0 45 8 0.001485 1
8 8 0 46 13 0.004310 1
8 8 0 47 8 0.002381 1
8 8 0 48 8 0.001645 1
8 8 0 49 8 0.001566 1
8 8 0 50 12 0.003634 2
8 8 0 51 12 0.002964 1
8 8 0 52 14 0.003978 1
8 8 0 53 11 0.002628 1
8 8 0 54 9 0.001725 1
8 8 0 55 9 0.002118 2
8 8 0 56 11 0.002202 1
8 8 0 57 11 0.002630 1
8 8 0 58 13 0.003149 1
8 8 0 59 10 0.002312 1
8 8 0 60 13 0.004280 2
8 8 0 61 11 0.002704 1
8 8 0 62 7 0.001381 1
8 8 0 63 10 0.002102 1
8 8 0 64 12 0.002983 1
8 8 0 65 9 0.002273 1
8 8 0 66 9 0.002509 1
8 8 0 67 13 0.003350 1
8 8 0 68 11 0.002522 1
8 8 0 69 9 0.003015 2
8 8 0 70 9 0.002079 1
8 8 0 71 9 0.002020 1
8 8 0 72 11 0.002482 1
8 8 0 73 10 0.002722 1
8 8 0 74 8 0.001579 1
8 8 0 75 11 0.002387 1
8 8 0 76 11 0.002500 1
8 8 0 77 11 0.002561 1
8 8 0 78 11 0.002195 1
8 8 0 79 5 0.000848 1
8 8 0 80 13 0.004247 1
8 8 0 81 10 0.002108 1
8 8 0 82 7 0.001288 1
8 8 0 83 7 0.001351 1
8 8 0 84 8 0.001792 1
8 8 0 85 9 0.002507 2
8 8 0 86 9 0.002218 1
8 8 0 87 8 0.001598 1
8 8 0 88 8 0.001603 1
8 8 0 89 10 0.002623 2
8 8 0 90 12 0.002858 1
8 8 0 91 9 0.002181 1
8 8 0 92 9 0.002524 2
8 8 0 93 7 0.001192 1
8 8 0 94 12 0.002869 1
8 8 0 95 12 0.003317 1
8 8 0 96 6 0.001227 1
8 8 0 97 11 0.002351 1
8 8 0 98 12 0.002823 1
8 8 0 99 10 0.002072 1
8 8 1 0 9 0.001749 1
8 8 1 1 7 0.001285 1
8 8 1 2 10 0.002239 1
8 8 1 3 10 0.002012 1
8 8 1 4 5 0.000914 1
8 8 1 5 4 0.000678 1
8 8 1 6 12 0.003395 2
8 8 1 7 6 0.001527 1
8 8 1 8 6 0.001063 1
8 8 1 9 8 0.001930 1
8 8 1 10 10 0.002395 1
8 8 1 11 7 0.001548 1
8 8 1 12 9 0.001912 1
8 8 1 13 12 0.003107 1
8 8 1 14 10 0.002195 1
8 8 1 15 9 0.002360 1
8 8 1 16 8 0.002146 2
8 8 1 17 10 0.002259 1
8 8 1 18 10 0.002123 1
8 8 1 19 7 0.001342 1
8 8 1 20 11 0.002898 1
8 8 1 21 7 0.001880 1
8 8 1 22 11 0.002830 1
8 8 1 23 10 0.002244 1
8 8 1 24 6 0.001168 1
8 8 1 25 9 0.002181 1
8 8 1 26 10 0.002508 1
8 8 1 27 11 0.002704 1
8 8 1 28 13 0.003121 1
8 8 1 29 12 0.002657 1
8 8 1 30 10 0.002426 1
8 8 1 31 10 0.002460 1
8 8 1 32 9 0.001709 1
8 8 1 33 10 0.002062 1
8 8 1 34 9 0.001939 1
8 8 1 35 7 0.001550 1
8 8 1 36 12 0.002675 1
8 8 1 37 7 0.001555 1
8 8 1 38 10 0.002390 1
8 8 1 39 13 0.003460 1
8 8 1 40 7 0.001311 1
8 8 1 41 7 0.001199 1
8 8 1 42 7 0.001577 1
8 8 1 43 11 0.003363 1
8 8 1 44 9 0.002232 1
8 8 1 45 8 0.001390 1
8 8 1 46 13 0.003443 1
8 8 1 47 8 0.002142 1
8 8 1 48 8 0.001576 1
8 8 1 49 8 0.001540 1
8 8 1 50 12 0.003605 2
8 8 1 51 12 0.002838 1
8 8 1 52 14 0.004097 1
8 8 1 53 11 0.002652 1
8 8 1 54 9 0.001702 1
8 8 1 55 9 0.002133 2
8 8 1 56 11 0.002342 1
8 8 1 57 11 0.002665 1
8 8 1 58 13 0.003111 1
8 8 1 59 10 0.002229 1
8 8 1 60 13 0.004038 2
8 8 1 61 11 0.002470 1
8 8 1 62 7 0.001619 1
8 8 1 63 10 0.002167 1
8 8 1 64 12 0.002831 1
8 8 1 65 9 0.001915 1
8 8 1 66 9 0.002139 1
8 8 1 67 13 0.003685 1
8 8 1 68 11 0.002782 1
8 8 1 69 9 0.002464 2
8 8 1 70 9 0.001919 1
8 8 1 71 9 0.002211 1
8 8 1 72 11 0.002688 1
8 8 1 73 10 0.002408 1
8 8 1 74 8 0.001516 1
8 8 1 75 11 0.002484 1
8 8 1 76 11 0.002972 1
8 8 1 77 11 0.002612 1
8 8 1 78 11 0.002136 1
8 8 1 79 5 0.000828 1
8 8 1 80 13 0.004242 1
8 8 1 81 10 0.002244 1
8 8 1 82 7 0.001245 1
8 8 1 83 7 0.001639 1
8 8 1 84 8 0.001544 1
8 8 1 85 9 0.002459 2
8 8 1 86 9 0.001826 1
8 8 1 87 8 0.001486 1
8 8 1 88 8 0.001682 1
8 8 1 89 10 0.002831 2
8 8 1 90 12 0.002938 1
8 8 1 91 9 0.001682 1
8 8 1 92 9 0.002403 2
8 8 1 93 7 0.001257 1
8 8 1 94 12 0.003040 1
8 8 1 95 12 0.003181 1
8 8 1 96 6 0.001113 1
8 8 1 97 11 0.002334 1
8 8 1 98 12 0.002813 1
8 8 1 99 10 0.002112 1
8 8 2 0 9 0.001735 1
8 8 2 1 8 0.001597 1
8 8 2 2 8 0.001760 1
8 8 2 3 9 0.001821 1
8 8 2 4 5 0.000857 1
8 8 2 5 4 0.000677 1
8 8 2 6 12 0.002707 2
8 8 2 7 6 0.001411 1
8 8 2 8 6 0.001547 1
8 8 2 9 8 0.001881 1
8 8 2 10 8 0.001589 1
8 8 2 11 6 0.001050 1
8 8 2 12 10 0.001994 1
8 8 2 13 13 0.002523 1
8 8 2 14 10 0.002058 1
8 8 2 15 10 0.002437 1
8 8 2 16 8 0.002107 2
8 8 2 17 8 0.001769 1
8 8 2 18 11 0.002253 1
8 8 2 19 7 0.001285 1
8 8 2 20 9 0.002102 1
8 8 2 21 7 0.001454 1
8 8 2 22 9 0.002069 1
8 8 2 23 9 0.002018 1
8 8 2 24 7 0.001338 1
8 8 2 25 8 0.001804 1
8 8 2 26 8 0.001925 1
8 8 2 27 9 0.002206 1
8 8 2 28 12 0.002246 1
8 8 2 29 7 0.001252 1
8 8 2 30 7 0.001462 1
8 8 2 31 9 0.002070 1
8 8 2 32 8 0.001730 1
8 8 2 33 9 0.001810 1
8 8 2 34 8 0.001648 1
8 8 2 35 7 0.001553 1
8 8 2 36 10 0.002195 1
8 8 2 37 7 0.001432 1
8 8 2 38 10 0.002121 1
8 8 2 39 11 0.002364 1
8 8 2 40 7 0.001342 1
8 8 2 41 6 0.001025 1
8 8 2 42 6 0.001200 1
8 8 2 43 12 0.003138 1
8 8 2 44 10 0.002033 1
8 8 2 45 8 0.001789 1
8 8 2 46 12 0.002524 1
8 8 2 47 8 0.002032 1
8 8 2 48 7 0.001447 1
8 8 2 49 8 0.001741 1
8 8 2 50 11 0.003231 2
8 8 2 51 12 0.002658 1
8 8 2 52 13 0.002913 1
8 8 2 53 11 0.002357 1
8 8 2 54 6 0.001166 1
8 8 2 55 9 0.002324 2
8 8 2 56 10 0.001816 1
8 8 2 57 9 0.002076 1
8 8 2 58 13 0.002509 1
8 8 2 59 10 0.002135 1
8 8 2 60 13 0.003580 2
8 8 2 61 11 0.002720 1
8 8 2 62 6 0.001322 1
8 8 2 63 10 0.002192 1
8 8 2 64 9 0.002000 1
8 8 2 65 11 0.002274 1
8 8 2 66 9 0.002486 1
8 8 2 67 11 0.002166 1
8 8 2 68 10 0.001925 1
8 8 2 69 8 0.002121 2
8 8 2 70 7 0.001447 1
8 8 2 71 8 0.002082 1
8 8 2 72 9 0.002190 1
8 8 2 73 9 0.002109 1
8 8 2 74 9 0.002662 1
8 8 2 75 10 0.002209 1
8 8 2 76 9 0.002396 1
8 8 2 77 11 0.002290 1
8 8 2 78 9 0.001645 1
8 8 2 79 5 0.001847 1
8 8 2 80 11 0.002940 1
8 8 2 81 8 0.001630 1
8 8 2 82 8 0.001474 1
8 8 2 83 7 0.001386 1
8 8 2 84 9 0.001646 1
8 8 2 85 8 0.002366 2
8 8 2 86 8 0.001696 1
8 8 2 87 8 0.001547 1
8 8 2 88 8 0.001837 1
8 8 2 89 8 0.002153 2
8 8 2 90 11 0.002535 1
8 8 2 91 7 0.001427 1
8 8 2 92 10 0.002567 2
8 8 2 93 5 0.000865 1
8 8 2 94 11 0.002276 1
8 8 2 95 9 0.002704 1
8 8 2 96 6 0.001344 1
8 8 2 97 11 0.002063 1
8 8 2 98 11 0.002197 1
8 8 2 99 8 0.001511 1
8 8 4 0 9 0.001807 1
8 8 4 1 5 0.000883 1
8 8 4 2 7 0.001078 1
8 8 4 3 10 0.001691 1
8 8 4 4 4 0.000723 1
8 8 4 5 5 0.000839 1
8 8 4 6 - - -
8 8 4 7 5 0.001077 1
8 8 4 8 6 0.001039 1
8 8 4 9 6 0.001102 1
8 8 4 10 10 0.001540 1
8 8 4 11 7 0.001133 1
8 8 4 12 7 0.000987 1
8 8 4 13 - - -
8 8 4 14 10 0.001569 1
8 8 4 15 7 0.001013 1
8 8 4 16 7 0.001072 1
8 8 4 17 7 0.001076 1
8 8 4 18 - - -
8 8 4 19 6 0.000985 1
8 8 4 20 - - -
8 8 4 21 7 0.001148 1
8 8 4 22 - - -
8 8 4 23 11 0.001597 1
8 8 4 24 7 0.001188 1
8 8 4 25 7 0.001023 1
8 8 4 26 11 0.001863 1
8 8 4 27 - - -
8 8 4 28 - - -
8 8 4 29 - - -
8 8 4 30 - - -
8 8 4 31 - - -
8 8 4 32 8 0.001246 1
8 8 4 33 - - -
8 8 4 34 7 0.001309 1
8 8 4 35 6 0.001063 1
8 8 4 36 - - -
8 8 4 37 5 0.000844 1
8 8 4 38 - - -
8 8 4 39 - - -
8 8 4 40 6 0.001048 1
8 8 4 41 4 0.000635 1
8 8 4 42 7 0.001169 1
8 8 4 43 - - -
8 8 4 44 10 0.001892 1
8 8 4 45 8 0.001393 1
8 8 4 46 - - -
8 8 4 47 8 0.001448 1
8 8 4 48 5 0.000869 1
8 8 4 49 8 0.001233 1
8 8 4 50 - - -
8 8 4 51 - - -
8 8 4 52 - - -
8 8 4 53 - - -
8 8 4 54 6 0.001195 1
8 8 4 55 9 0.001465 1
8 8 4 56 - - -
8 8 4 57 - - -
8 8 4 58 - - -
8 8 4 59 - - -
8 8 4 60 - - -
8 8 4 61 - - -
8 8 4 62 5 0.000945 1
8 8 4 63 7 0.001290 1
8 8 4 64 - - -
8 8 4 65 11 0.001579 1
8 8 4 66 8 0.001562 1
8 8 4 67 - - -
8 8 4 68 - - -
8 8 4 69 7 0.001044 1
8 8 4 70 - - -
8 8 4 71 7 0.001047 1
8 8 4 72 - - -
8 8 4 73 - - -
8 8 4 74 7 0.001081 1
8 8 4 75 - - -
8 8 4 76 - - -
8 8 4 77 - - -
8 8 4 78 - - -
8 8 4 79 5 0.000815 1
8 8 4 80 - - -
8 8 4 81 10 0.001496 1
8 8 4 82 7 0.001200 1
8 8 4 83 5 0.000864 1
8 8 4 84 9 0.001382 1
8 8 4 85 7 0.001043 1
8 8 4 86 7 0.001175 1
8 8 4 87 8 0.001303 1
8 8 4 88 7 0.001205 1
8 8 4 89 11 0.001605 1
8 8 4 90 - - -
8 8 4 91 7 0.001089 1
8 8 4 92 7 0.001054 1
8 8 4 93 4 0.000688 1
8 8 4 94 - - -
8 8 4 95 - - -
8 8 4 96 5 0.000880 1
8 8 4 97 - - -
8 8 4 98 - - -
8 8 4 99 - - -
8 8 8 0 - - -
8 8 8 1 - - -
8 8 8 2 - - -
8 8 8 3 - - -
8 8 8 4 3 0.000711 1
8 8 8 5 4 0.000694 1
8 8 8 6 - - -
8 8 8 7 - - -
8 8 8 8 - - -
8 8 8 9 - - -
8 8 8 10 - - -
8 8 8 11 - - -
8 8 8 12 - - -
8 8 8 13 - - -
8 8 8 14 - - -
8 8 8 15 - - -
8 8 8 16 - - -
8 8 8 17 - - -
8 8 8 18 - - -
8 8 8 19 - - -
8 8 8 20 - - -
8 8 8 21 - - -
8 8 8 22 - - -
8 8 8 23 - - -
8 8 8 24 - - -
8 8 8 25 - - -
8 8 8 26 - - -
8 8 8 27 - - -
8 8 8 28 - - -
8 8 8 29 - - -
8 8 8 30 - - -
8 8 8 31 - - -
8 8 8 32 - - -
8 8 8 33 - - -
8 8 8 34 - - -
8 8 8 35 - - -
8 8 8 36 - - -
8 8 8 37 - - -
8 8 8 38 - - -
8 8 8 39 - - -
8 8 8 40 - - -
8 8 8 41 - - -
8 8 8 42 - - -
8 8 8 43 - - -
8 8 8 44 - - -
8 8 8 45 - - -
8 8 8 46 - - -
8 8 8 47 - - -
8 8 8 48 - - -
8 8 8 49 - - -
8 8 8 50 - - -
8 8 8 51 - - -
8 8 8 52 - - -
8 8 8 53 - - -
8 8 8 54 - - -
8 8 8 55 - - -
8 8 8 56 - - -
8 8 8 57 - - -
8 8 8 58 - - -
8 8 8 59 - - -
8 8 8 60 - - -
8 8 8 61 - - -
8 8 8 62 - - -
8 8 8 63 - - -
8 8 8 64 - - -
8 8 8 65 - - -
8 8 8 66 - - -
8 8 8 67 - - -
8 8 8 68 - - -
8 8 8 69 - - -
8 8 8 70 - - -
8 8 8 71 - - -
8 8 8 72 - - -
8 8 8 73 - - -
8 8 8 74 - - -
8 8 8 75 - - -
8 8 8 76 - - -
8 8 8 77 - - -
8 8 8 78 - - -
8 8 8 79 4 0.000694 1
8 8 8 80 - - -
8 8 8 81 - - -
8 8 8 82 - - -
8 8 8 83 - - -
8 8 8 84 - - -
8 8 8 85 - - -
8 8 8 86 - - -
8 8 8 87 - - -
8 8 8 88 - - -
8 8 8 89 - - -
8 8 8 90 - - -
8 8 8 91 - - -
8 8 8 92 - - -
8 8 8 93 - - -
8 8 8 94 - - -
8 8 8 95 - - -
8 8 8 96 - - -
8 8 8 97 - - -
8 8 8 98 - - -
8 8 8 99 - - -
16 1 0 0 15 0.003004 1
16 1 0 1 13 0.002450 1
16 1 0 2 15 0.002468 1
16 1 0 3 16 0.002977 1
16 1 0 4 15 0.002872 1
16 1 0 5 14 0.002203 1
16 1 0 6 16 0.002518 1
16 1 0 7 16 0.002486 1
16 1 0 8 15 0.002310 1
16 1 0 9 14 0.002416 1
16 1 0 10 15 0.002390 1
16 1 0 11 12 0.001860 1
16 1 0 12 11 0.001999 1
16 1 0 13 15 0.002450 1
16 1 0 14 16 0.002417 1
16 1 0 15 14 0.002150 1
16 1 0 16 15 0.002283 1
16 1 0 17 16 0.002564 1
16 1 0 18 16 0.002626 1
16 1 0 19 14 0.002195 1
16 1 0 20 16 0.002818 1
16 1 0 21 16 0.002775 1
16 1 0 22 14 0.002130 1
16 1 0 23 15 0.002737 1
16 1 0 24 12 0.001803 1
16 1 0 25 13 0.002334 1
16 1 0 26 11 0.001794 1
16 1 0 27 12 0.001820 1
16 1 0 28 15 0.002216 1
16 1 0 29 16 0.002259 1
16 1 0 30 14 0.002307 1
16 1 0 31 15 0.002495 1
16 1 0 32 13 0.002141 1
16 1 0 33 14 0.001984 1
16 1 0 34 15 0.002398 1
16 1 0 35 15 0.002318 1
16 1 0 36 15 0.002270 1
16 1 0 37 12 0.001859 1
16 1 0 38 15 0.002384 1
16 1 0 39 14 0.002077 1
16 1 0 40 12 0.001833 1
16 1 0 41 15 0.003141 1
16 1 0 42 15 0.002804 1
16 1 0 43 16 0.003191 1
16 1 0 44 16 0.003069 1
16 1 0 45 14 0.002432 1
16 1 0 46 15 0.002889 1
16 1 0 47 14 0.002180 1
16 1 0 48 15 0.002360 1
16 1 0 49 13 0.002062 1
16 1 0 50 13 0.002050 1
16 1 0 51 16 0.002889 1
16 1 0 52 15 0.002418 1
16 1 0 53 12 0.001910 1
16 1 0 54 15 0.002456 1
16 1 0 55 16 0.002979 1
16 1 0 56 15 0.002817 1
16 1 0 57 15 0.002442 1
16 1 0 58 15 0.002413 1
16 1 0 59 16 0.002669 1
16 1 0 60 16 0.002718 1
16 1 0 61 16 0.002620 1
16 1 0 62 16 0.003360 1
16 1 0 63 14 0.002246 1
16 1 0 64 14 0.002173 1
16 1 0 65 14 0.002704 1
16 1 0 66 16 0.002542 1
16 1 0 67 16 0.002564 1
16 1 0 68 14 0.002076 1
16 1 0 69 13 0.002034 1
16 1 0 70 14 0.002152 1
16 1 0 71 16 0.002505 1
16 1 0 72 16 0.002900 1
16 1 0 73 15 0.002524 1
16 1 0 74 16 0.002517 1
16 1 0 75 12 0.001914 1
16 1 0 76 15 0.002319 1
16 1 0 77 15 0.002403 1
16 1 0 78 15 0.002351 1
16 1 0 79 16 0.002411 1
16 1 0 80 16 0.002485 1
16 1 0 81 16 0.002692 1
16 1 0 82 16 0.002460 1
16 1 0 83 16 0.003466 1
16 1 0 84 15 0.002727 1
16 1 0 85 16 0.002624 1
16 1 0 86 15 0.002233 1
16 1 0 87 15 0.002321 1
16 1 0 88 16 0.002948 1
16 1 0 89 16 0.002662 1
16 1 0 90 16 0.002428 1
16 1 0 91 15 0.002520 1
16 1 0 92 15 0.002620 1
16 1 0 93 16 0.002595 1
16 1 0 94 16 0.002539 1
16 1 0 95 16 0.002636 1
16 1 0 96 14 0.002469 1
16 1 0 97 14 0.002455 1
16 1 0 98 16 0.002538 1
16 1 0 99 15 0.002376 1
16 1 1 0 15 0.002334 1
16 1 1 1 13 0.001887 1
16 1 1 2 15 0.002305 1
16 1 1 3 16 0.002451 1
16 1 1 4 15 0.002194 1
16 1 1 5 14 0.002047 1
16 1 1 6 16 0.002353 1
16 1 1 7 16 0.002775 1
16 1 1 8 15 0.002358 1
16 1 1 9 14 0.002061 1
16 1 1 10 15 0.002250 1
16 1 1 11 12 0.001790 1
16 1 1 12 11 0.001836 1
16 1 1 13 15 0.002556 1
16 1 1 14 16 0.002374 1
16 1 1 15 14 0.002111 1
16 1 1 16 15 0.002367 1
16 1 1 17 16 0.002371 1
16 1 1 18 16 0.002544 1
16 1 1 19 14 0.002256 1
16 1 1 20 16 0.002384 1
16 1 1 21 16 0.002408 1
16 1 1 22 14 0.002012 1
16 1 1 23 15 0.002550 1
16 1 1 24 12 0.001850 1
16 1 1 25 13 0.001943 1
16 1 1 26 11 0.001904 1
16 1 1 27 12 0.001775 1
16 1 1 28 15 0.002436 1
16 1 1 29 16 0.002616 1
16 1 1 30 14 0.002091 1
16 1 1 31 15 0.002426 1
16 1 1 32 13 0.001947 1
16 1 1 33 14 0.002366 1
16 1 1 34 15 0.002307 1
16 1 1 35 15 0.002346 1
16 1 1 36 15 0.002500 1
16 1 1 37 12 0.001865 1
16 1 1 38 15 0.003602 1
16 1 1 39 14 0.003097 1
16 1 1 40 12 0.002558 1
16 1 1 41 15 0.003331 1
16 1 1 42 15 0.003220 1
16 1 1 43 16 0.003698 1
16 1 1 44 16 0.002863 1
16 1 1 45 14 0.002205 1
16 1 1 46 15 0.002487 1
16 1 1 47 14 0.002177 1
16 1 1 48 15 0.002714 1
16 1 1 49 13 0.002166 1
16 1 1 50 13 0.002158 1
16 1 1 51 16 0.002904 1
16 1 1 52 15 0.002857 1
16 1 1 53 12 0.002079 1
16 1 1 54 15 0.002626 1
16 1 1 55 16 0.003160 1
16 1 1 56 15 0.002874 1
16 1 1 57 15 0.002696 1
16 1 1 58 15 0.002527 1
16 1 1 59 16 0.002918 1
16 1 1 60 16 0.003082 1
16 1 1 61 16 0.002898 1
16 1 1 62 16 0.002917 1
16 1 1 63 14 0.002377 1
16 1 1 64 14 0.002428 1
16 1 1 65 14 0.002896 1
16 1 1 66 16 0.002812 1
16 1 1 67 16 0.002879 1
16 1 1 68 14 0.002786 1
16 1 1 69 13 0.002360 1
16 1 1 70 14 0.002338 1
16 1 1 71 16 0.003128 1
16 1 1 72 16 0.003416 1
16 1 1 73 15 0.002760 1
16 1 1 74 16 0.002856 1
16 1 1 75 12 0.002099 1
16 1 1 76 15 0.002641 1
16 1 1 77 15 0.002716 1
16 1 1 78 15 0.002645 1
16 1 1 79 16 0.002840 1
16 1 1 80 16 0.003243 1
16 1 1 81 16 0.003666 1
16 1 1 82 16 0.003113 1
16 1 1 83 16 0.002900 1
16 1 1 84 15 0.002590 1
16 1 1 85 16 0.003000 1
16 1 1 86 15 0.002581 1
16 1 1 87 15 0.002495 1
16 1 1 88 16 0.003025 1
16 1 1 89 16 0.003434 1
16 1 1 90 16 0.002850 1
16 1 1 91 15 0.002728 1
16 1 1 92 15 0.002777 1
16 1 1 93 16 0.002895 1
16 1 1 94 16 0.002828 1
16 1 1 95 16 0.002795 1
16 1 1 96 14 0.002928 1
16 1 1 97 14 0.002844 1
16 1 1 98 16 0.002923 1
16 1 1 99 15 0.002871 1
16 2 0 0 16 0.004581 1
16 2 0 1 12 0.002507 1
16 2 0 2 14 0.003483 1
16 2 0 3 15 0.004017 1
16 2 0 4 17 0.003617 1
16 2 0 5 17 0.004123 1
16 2 0 6 15 0.003320 1
16 2 0 7 16 0.003472 1
16 2 0 8 17 0.003567 1
16 2 0 9 14 0.003115 1
16 2 0 10 16 0.003398 1
16 2 0 11 16 0.002969 1
16 2 0 12 15 0.003085 1
16 2 0 13 16 0.003495 1
16 2 0 14 17 0.003445 1
16 2 0 15 17 0.003739 1
16 2 0 16 17 0.003391 1
16 2 0 17 15 0.002906 1
16 2 0 18 16 0.004029 2
16 2 0 19 17 0.003206 1
16 2 0 20 18 0.004103 1
16 2 0 21 17 0.003403 1
16 2 0 22 14 0.002396 1
16 2 0 23 14 0.002884 1
16 2 0 24 13 0.002464 1
16 2 0 25 12 0.002209 1
16 2 0 26 13 0.002468 1
16 2 0 27 14 0.003366 1
16 2 0 28 18 0.003591 1
16 2 0 29 17 0.003038 1
16 2 0 30 13 0.002433 1
16 2 0 31 15 0.003726 1
16 2 0 32 15 0.002850 1
16 2 0 33 11 0.001870 1
16 2 0 34 16 0.002976 1
16 2 0 35 14 0.003358 1
16 2 0 36 14 0.002497 1
16 2 0 37 16 0.002875 1
16 2 0 38 15 0.003072 1
16 2 0 39 13 0.002364 1
16 2 0 40 11 0.002165 1
16 2 0 41 16 0.003418 1
16 2 0 42 15 0.002525 1
16 2 0 43 18 0.003553 1
16 2 0 44 18 0.004392 1
16 2 0 45 16 0.002736 1
16 2 0 46 15 0.002637 1
16 2 0 47 14 0.002962 1
16 2 0 48 15 0.003234 1
16 2 0 49 14 0.002489 1
16 2 0 50 16 0.003048 1
16 2 0 51 16 0.003256 1
16 2 0 52 15 0.002804 1
16 2 0 53 12 0.001948 1
16 2 0 54 17 0.003368 1
16 2 0 55 17 0.003099 1
16 2 0 56 15 0.002780 1
16 2 0 57 13 0.002413 1
16 2 0 58 16 0.003082 1
16 2 0 59 18 0.003277 1
16 2 0 60 17 0.003894 1
16 2 0 61 15 0.004256 1
16 2 0 62 15 0.003100 1
16 2 0 63 13 0.002520 1
16 2 0 64 15 0.003120 1
16 2 0 65 17 0.003142 1
16 2 0 66 16 0.002922 1
16 2 0 67 17 0.004911 2
16 2 0 68 15 0.002795 1
16 2 0 69 14 0.002275 1
16 2 0 70 14 0.002478 1
16 2 0 71 17 0.003639 1
16 2 0 72 17 0.003716 1
16 2 0 73 17 0.002973 1
16 2 0 74 14 0.002733 1
16 2 0 75 13 0.002651 1
16 2 0 76 17 0.004020 1
16 2 0 77 18 0.004328 1
16 2 0 78 16 0.003295 1
16 2 0 79 15 0.003346 1
16 2 0 80 16 0.003377 1
16 2 0 81 16 0.003052 1
16 2 0 82 18 0.003838 1
16 2 0 83 15 0.002786 1
16 2 0 84 17 0.003138 1
16 2 0 85 17 0.003686 1
16 2 0 86 18 0.003377 1
16 2 0 87 16 0.002801 1
16 2 0 88 18 0.003842 1
16 2 0 89 18 0.004107 1
16 2 0 90 15 0.002920 1
16 2 0 91 16 0.002957 1
16 2 0 92 15 0.002507 1
16 2 0 93 17 0.004094 1
16 2 0 94 17 0.003231 1
16 2 0 95 16 0.002864 1
16 2 0 96 15 0.002838 1
16 2 0 97 16 0.003538 1
16 2 0 98 16 0.002910 1
16 2 0 99 17 0.003413 1
16 2 1 0 16 0.004275 1
16 2 1 1 12 0.001837 1
16 2 1 2 14 0.002718 1
16 2 1 3 15 0.003332 1
16 2 1 4 17 0.003038 1
16 2 1 5 17 0.003128 1
16 2 1 6 15 0.002684 1
16 2 1 7 16 0.002923 1
16 2 1 8 17 0.003112 1
16 2 1 9 14 0.002723 1
16 2 1 10 16 0.002521 1
16 2 1 11 16 0.002594 1
16 2 1 12 15 0.002402 1
16 2 1 13 16 0.003271 1
16 2 1 14 16 0.002712 1
16 2 1 15 17 0.003218 1
16 2 1 16 16 0.002839 1
16 2 1 17 15 0.002768 1
16 2 1 18 16 0.003714 2
16 2 1 19 17 0.002937 1
16 2 1 20 17 0.003198 1
16 2 1 21 16 0.002862 1
16 2 1 22 14 0.002282 1
16 2 1 23 14 0.002502 1
16 2 1 24 13 0.002178 1
16 2 1 25 12 0.002110 1
16 2 1 26 13 0.002561 1
16 2 1 27 14 0.002633 1
16 2 1 28 17 0.002857 1
16 2 1 29 17 0.002880 1
16 2 1 30 13 0.002251 1
16 2 1 31 14 0.003171 1
16 2 1 32 15 0.002808 1
16 2 1 33 11 0.001766 1
16 2 1 34 15 0.003792 1
16 2 1 35 14 0.003238 1
16 2 1 36 14 0.002417 1
16 2 1 37 15 0.002613 1
16 2 1 38 15 0.002955 1
16 2 1 39 13 0.002783 1
16 2 1 40 11 0.002037 1
16 2 1 41 16 0.003080 1
16 2 1 42 15 0.002568 1
16 2 1 43 17 0.003295 1
16 2 1 44 17 0.003708 1
16 2 1 45 16 0.002616 1
16 2 1 46 15 0.002683 1
16 2 1 47 14 0.002321 1
16 2 1 48 15 0.002864 1
16 2 1 49 14 0.002895 1
16 2 1 50 16 0.002904 1
16 2 1 51 16 0.003085 1
16 2 1 52 15 0.003490 1
16 2 1 53 12 0.002042 1
16 2 1 54 17 0.003258 1
16 2 1 55 16 0.003019 1
16 2 1 56 15 0.002856 1
16 2 1 57 13 0.002425 1
16 2 1 58 16 0.003030 1
16 2 1 59 17 0.003147 1
16 2 1 60 16 0.003528 1
16 2 1 61 15 0.003225 1
16 2 1 62 15 0.003028 1
16 2 1 63 13 0.002556 1
16 2 1 64 14 0.002391 1
16 2 1 65 17 0.003419 1
16 2 1 66 15 0.002961 1
16 2 1 67 16 0.004012 2
16 2 1 68 15 0.002807 1
16 2 1 69 13 0.002386 1
16 2 1 70 14 0.002710 1
16 2 1 71 16 0.003653 1
16 2 1 72 16 0.003566 1
16 2 1 73 17 0.003027 1
16 2 1 74 14 0.002665 1
16 2 1 75 13 0.002318 1
16 2 1 76 17 0.003866 1
16 2 1 77 17 0.004027 1
16 2 1 78 16 0.003519 1
16 2 1 79 15 0.003031 1
16 2 1 80 15 0.003529 1
16 2 1 81 16 0.003696 1
16 2 1 82 17 0.003338 1
16 2 1 83 15 0.003132 1
16 2 1 84 17 0.003704 1
16 2 1 85 17 0.003590 1
16 2 1 86 17 0.003374 1
16 2 1 87 16 0.003280 1
16 2 1 88 17 0.003798 1
16 2 1 89 17 0.003854 1
16 2 1 90 15 0.003044 1
16 2 1 91 15 0.004105 1
16 2 1 92 14 0.002533 1
16 2 1 93 17 0.004011 1
16 2 1 94 17 0.003527 1
16 2 1 95 16 0.003134 1
16 2 1 96 15 0.003347 1
16 2 1 97 15 0.003199 1
16 2 1 98 16 0.003327 1
16 2 1 99 17 0.003834 1
16 2 2 0 - - -
16 2 2 1 12 0.002125 1
16 2 2 2 - - -
16 2 2 3 17 0.002826 1
16 2 2 4 - - -
16 2 2 5 17 0.002875 1
16 2 2 6 - - -
16 2 2 7 - - -
16 2 2 8 - - -
16 2 2 9 14 0.002161 1
16 2 2 10 - - -
16 2 2 11 17 0.002889 1
16 2 2 12 16 0.003380 1
16 2 2 13 - - -
16 2 2 14 - - -
16 2 2 15 17 0.002612 1
16 2 2 16 - - -
16 2 2 17 - - -
16 2 2 18 - - -
16 2 2 19 - - -
16 2 2 20 - - -
16 2 2 21 - - -
16 2 2 22 15 0.002394 1
16 2 2 23 - - -
16 2 2 24 14 0.002400 1
16 2 2 25 - - -
16 2 2 26 13 0.002257 1
16 2 2 27 - - -
16 2 2 28 - - -
16 2 2 29 17 0.002479 1
16 2 2 30 - - -
16 2 2 31 - - -
16 2 2 32 17 0.002547 1
16 2 2 33 12 0.002000 1
16 2 2 34 - - -
16 2 2 35 - - -
16 2 2 36 - - -
16 2 2 37 - - -
16 2 2 38 - - -
16 2 2 39 - - -
16 2 2 40 12 0.002028 1
16 2 2 41 17 0.002504 1
16 2 2 42 13 0.002143 1
16 2 2 43 - - -
16 2 2 44 - - -
16 2 2 45 15 0.002323 1
16 2 2 46 - - -
16 2 2 47 14 0.002151 1
16 2 2 48 - - -
16 2 2 49 15 0.002332 1
16 2 2 50 14 0.002720 1
16 2 2 51 - - -
16 2 2 52 16 0.002553 1
16 2 2 53 13 0.002034 1
16 2 2 54 17 0.002379 1
16 2 2 55 - - -
16 2 2 56 - - -
16 2 2 57 15 0.002597 1
16 2 2 58 - - -
16 2 2 59 - - -
16 2 2 60 - - -
16 2 2 61 - - -
16 2 2 62 - - -
16 2 2 63 - - -
16 2 2 64 - - -
16 2 2 65 - - -
16 2 2 66 - - -
16 2 2 67 - - -
16 2 2 68 - - -
16 2 2 69 13 0.002100 1
16 2 2 70 14 0.002116 1
16 2 2 71 - - -
16 2 2 72 - - -
16 2 2 73 - - -
16 2 2 74 15 0.002166 1
16 2 2 75 13 0.002510 1
16 2 2 76 - - -
16 2 2 77 - - -
16 2 2 78 - - -
16 2 2 79 17 0.002523 1
16 2 2 80 - - -
16 2 2 81 - - -
16 2 2 82 - - -
16 2 2 83 - - -
16 2 2 84 - - -
16 2 2 85 - - -
16 2 2 86 - - -
16 2 2 87 - - -
16 2 2 88 - - -
16 2 2 89 - - -
16 2 2 90 - - -
16 2 2 91 - - -
16 2 2 92 - - -
16 2 2 93 - - -
16 2 2 94 - - -
16 2 2 95 17 0.002519 1
16 2 2 96 - - -
16 2 2 97 - - -
16 2 2 98 - - -
16 2 2 99 - - -
16 4 0 0 19 0.006635 2
16 4 0 1 13 0.002390 1
16 4 0 2 16 0.004235 1
16 4 0 3 16 0.004951 1
16 4 0 4 19 0.004812 1
16 4 0 5 17 0.004293 1
16 4 0 6 18 0.006683 1
16 4 0 7 21 0.005607 1
16 4 0 8 20 0.004916 1
16 4 0 9 17 0.004519 1
16 4 0 10 18 0.003819 1
16 4 0 11 14 0.002717 1
16 4 0 12 16 0.004557 2
16 4 0 13 18 0.004745 1
16 4 0 14 19 0.005220 1
16 4 0 15 18 0.005108 1
16 4 0 16 18 0.004499 1
16 4 0 17 17 0.004651 1
16 4 0 18 17 0.005396 2
16 4 0 19 17 0.004184 1
16 4 0 20 20 0.012800 1
16 4 0 21 18 0.005194 1
16 4 0 22 16 0.003424 1
16 4 0 23 17 0.004312 1
16 4 0 24 14 0.002738 1
16 4 0 25 15 0.003515 1
16 4 0 26 10 0.002408 1
16 4 0 27 16 0.003249 1
16 4 0 28 20 0.004930 1
16 4 0 29 19 0.003978 1
16 4 0 30 16 0.003382 1
16 4 0 31 17 0.004356 2
16 4 0 32 17 0.003908 1
16 4 0 33 12 0.001849 1
16 4 0 34 19 0.003907 1
16 4 0 35 16 0.004261 1
16 4 0 36 17 0.003683 2
16 4 0 37 17 0.003244 1
16 4 0 38 19 0.005163 2
16 4 0 39 16 0.003304 1
16 4 0 40 12 0.002230 1
16 4 0 41 15 0.003285 1
16 4 0 42 17 0.003488 1
16 4 0 43 22 0.006029 1
16 4 0 44 19 0.005046 1
16 4 0 45 16 0.003509 1
16 4 0 46 16 0.003450 1
16 4 0 47 16 0.002710 1
16 4 0 48 18 0.003930 1
16 4 0 49 14 0.003252 1
16 4 0 50 15 0.003049 1
16 4 0 51 20 0.004642 1
16 4 0 52 18 0.003522 1
16 4 0 53 14 0.002409 1
16 4 0 54 17 0.003878 1
16 4 0 55 19 0.003953 1
16 4 0 56 18 0.015805 1
16 4 0 57 15 0.004458 1
16 4 0 58 20 0.004283 1
16 4 0 59 19 0.004374 1
16 4 0 60 20 0.005758 2
16 4 0 61 19 0.005220 1
16 4 0 62 20 0.005205 1
16 4 0 63 17 0.003877 1
16 4 0 64 17 0.003574 1
16 4 0 65 18 0.004653 1
16 4 0 66 18 0.004026 1
16 4 0 67 21 0.006478 2
16 4 0 68 16 0.003242 1
16 4 0 69 14 0.001930 1
16 4 0 70 17 0.002797 1
16 4 0 71 20 0.005724 1
16 4 0 72 21 0.005729 1
16 4 0 73 16 0.003063 1
16 4 0 74 17 0.003958 1
16 4 0 75 13 0.002772 1
16 4 0 76 18 0.004328 1
16 4 0 77 18 0.004640 1
16 4 0 78 17 0.004168 1
16 4 0 79 16 0.003369 1
16 4 0 80 20 0.004822 1
16 4 0 81 20 0.004240 1
16 4 0 82 21 0.005580 1
16 4 0 83 19 0.004273 1
16 4 0 84 17 0.004134 1
16 4 0 85 21 0.006838 1
16 4 0 86 20 0.004521 1
16 4 0 87 18 0.003876 1
16 4 0 88 19 0.005274 1
16 4 0 89 21 0.007501 2
16 4 0 90 19 0.004519 1
16 4 0 91 19 0.005102 1
16 4 0 92 17 0.003830 1
16 4 0 93 20 0.006187 1
16 4 0 94 20 0.004867 1
16 4 0 95 18 0.004324 2
16 4 0 96 17 0.004738 1
16 4 0 97 19 0.005031 1
16 4 0 98 19 0.005235 1
16 4 0 99 21 0.007165 1
16 4 1 0 19 0.006223 2
16 4 1 1 13 0.002386 1
16 4 1 2 16 0.003780 1
16 4 1 3 15 0.003918 1
16 4 1 4 18 0.004066 1
16 4 1 5 16 0.003474 1
16 4 1 6 17 0.004040 1
16 4 1 7 19 0.004281 1
16 4 1 8 18 0.004200 1
16 4 1 9 17 0.005712 1
16 4 1 10 17 0.003390 1
16 4 1 11 14 0.002472 1
16 4 1 12 16 0.003587 2
16 4 1 13 18 0.005620 1
16 4 1 14 18 0.003607 1
16 4 1 15 17 0.004380 1
16 4 1 16 17 0.003248 1
16 4 1 17 17 0.003524 1
16 4 1 18 16 0.003856 2
16 4 1 19 16 0.003069 1
16 4 1 20 18 0.004164 1
16 4 1 21 17 0.003430 1
16 4 1 22 16 0.002875 1
16 4 1 23 17 0.004275 1
16 4 1 24 13 0.002409 1
16 4 1 25 15 0.003085 1
16 4 1 26 10 0.001967 1
16 4 1 27 15 0.003837 1
16 4 1 28 18 0.003782 1
16 4 1 29 19 0.004076 1
16 4 1 30 15 0.003477 1
16 4 1 31 17 0.005053 2
16 4 1 32 17 0.004447 1
16 4 1 33 12 0.002468 1
16 4 1 34 17 0.004012 1
16 4 1 35 15 0.004271 1
16 4 1 36 16 0.004102 2
16 4 1 37 16 0.003369 1
16 4 1 38 17 0.005092 2
16 4 1 39 15 0.003617 1
16 4 1 40 12 0.002446 1
16 4 1 41 15 0.003253 1
16 4 1 42 17 0.002977 1
16 4 1 43 19 0.004927 1
16 4 1 44 17 0.004995 1
16 4 1 45 16 0.003565 1
16 4 1 46 16 0.003600 1
16 4 1 47 16 0.003086 1
16 4 1 48 18 0.004777 1
16 4 1 49 14 0.004050 1
16 4 1 50 15 0.003925 1
16 4 1 51 18 0.005143 1
16 4 1 52 17 0.003811 1
16 4 1 53 14 0.002487 1
16 4 1 54 15 0.003672 1
16 4 1 55 18 0.003741 1
16 4 1 56 17 0.004509 1
16 4 1 57 15 0.004232 1
16 4 1 58 18 0.004589 1
16 4 1 59 18 0.004685 1
16 4 1 60 17 0.004711 2
16 4 1 61 17 0.005221 1
16 4 1 62 18 0.004959 1
16 4 1 63 17 0.004044 1
16 4 1 64 16 0.003465 1
16 4 1 65 17 0.004330 1
16 4 1 66 17 0.004603 1
16 4 1 67 19 0.007361 2
16 4 1 68 16 0.004156 1
16 4 1 69 14 0.002340 1
16 4 1 70 16 0.003743 1
16 4 1 71 19 0.006404 1
16 4 1 72 18 0.008297 1
16 4 1 73 15 0.004463 1
16 4 1 74 16 0.004019 1
16 4 1 75 13 0.003130 1
16 4 1 76 18 0.004532 1
16 4 1 77 17 0.005391 1
16 4 1 78 17 0.005615 1
16 4 1 79 15 0.003837 1
16 4 1 80 18 0.004812 1
16 4 1 81 19 0.004993 1
16 4 1 82 18 0.004447 1
16 4 1 83 18 0.005304 1
16 4 1 84 16 0.004007 1
16 4 1 85 19 0.005960 1
16 4 1 86 18 0.004502 1
16 4 1 87 17 0.003889 1
16 4 1 88 18 0.004888 1
16 4 1 89 18 0.005726 2
16 4 1 90 18 0.004893 1
16 4 1 91 17 0.004673 1
16 4 1 92 16 0.003787 1
16 4 1 93 18 0.005644 1
16 4 1 94 18 0.004177 1
16 4 1 95 17 0.004940 2
16 4 1 96 16 0.004947 1
16 4 1 97 16 0.004766 1
16 4 1 98 18 0.004712 1
16 4 1 99 19 0.005065 1
16 4 2 0 19 0.002286 1
16 4 2 1 13 0.001887 1
16 4 2 2 19 0.002451 1
16 4 2 3 17 0.002614 1
16 4 2 4 19 0.002527 1
16 4 2 5 15 0.003059 1
16 4 2 6 16 0.002365 1
16 4 2 7 18 0.002143 1
16 4 2 8 18 0.002338 1
16 4 2 9 16 0.003375 1
16 4 2 10 13 0.001933 1
16 4 2 11 17 0.002489 1
16 4 2 12 15 0.003430 2
16 4 2 13 18 0.002683 1
16 4 2 14 18 0.002725 1
16 4 2 15 17 0.002584 1
16 4 2 16 15 0.002375 1
16 4 2 17 11 0.001691 1
16 4 2 18 15 0.002462 1
16 4 2 19 17 0.002604 1
16 4 2 20 - - -
16 4 2 21 - - -
16 4 2 22 16 0.002862 1
16 4 2 23 11 0.001592 1
16 4 2 24 14 0.002095 1
16 4 2 25 17 0.002785 1
16 4 2 26 9 0.003007 1
16 4 2 27 9 0.001363 1
16 4 2 28 19 0.002683 1
16 4 2 29 17 0.003322 1
16 4 2 30 16 0.002661 1
16 4 2 31 - - -
16 4 2 32 17 0.002502 1
16 4 2 33 12 0.001997 1
16 4 2 34 11 0.001442 1
16 4 2 35 17 0.002451 1
16 4 2 36 11 0.001772 1
16 4 2 37 15 0.002055 1
16 4 2 38 11 0.001486 1
16 4 2 39 12 0.001845 1
16 4 2 40 12 0.002174 1
16 4 2 41 17 0.002377 1
16 4 2 42 16 0.002421 1
16 4 2 43 - - -
16 4 2 44 - - -
16 4 2 45 18 0.002811 1
16 4 2 46 14 0.001974 1
16 4 2 47 14 0.002289 1
16 4 2 48 15 0.002328 1
16 4 2 49 13 0.002460 1
16 4 2 50 13 0.002719 1
16 4 2 51 19 0.002248 1
16 4 2 52 14 0.002220 1
16 4 2 53 12 0.002456 1
16 4 2 54 17 0.002583 1
16 4 2 55 - - -
16 4 2 56 16 0.002048 1
16 4 2 57 12 0.002320 1
16 4 2 58 - - -
16 4 2 59 - - -
16 4 2 60 - - -
16 4 2 61 - - -
16 4 2 62 - - -
16 4 2 63 17 0.003062 1
16 4 2 64 11 0.001674 1
16 4 2 65 17 0.002656 1
16 4 2 66 17 0.002546 1
16 4 2 67 19 0.002543 1
16 4 2 68 12 0.002296 1
16 4 2 69 14 0.002101 1
16 4 2 70 14 0.002255 1
16 4 2 71 - - -
16 4 2 72 - - -
16 4 2 73 13 0.002189 1
16 4 2 74 14 0.002275 1
16 4 2 75 13 0.002973 1
16 4 2 76 19 0.003472 1
16 4 2 77 - - -
16 4 2 78 17 0.002717 1
16 4 2 79 18 0.002807 1
16 4 2 80 - - -
16 4 2 81 19 0.002994 1
16 4 2 82 - - -
16 4 2 83 19 0.002760 1
16 4 2 84 19 0.003023 1
16 4 2 85 - - -
16 4 2 86 16 0.002409 1
16 4 2 87 12 0.001904 1
16 4 2 88 - - -
16 4 2 89 - - -
16 4 2 90 18 0.010297 1
16 4 2 91 - - -
16 4 2 92 10 0.001886 1
16 4 2 93 - - -
16 4 2 94 19 0.003733 1
16 4 2 95 17 0.003612 1
16 4 2 96 10 0.001970 1
16 4 2 97 - - -
16 4 2 98 17 0.003308 1
16 4 2 99 - - -
16 4 4 0 - - -
16 4 4 1 - - -
16 4 4 2 - - -
16 4 4 3 - - -
16 4 4 4 - - -
16 4 4 5 - - -
16 4 4 6 - - -
16 4 4 7 - - -
16 4 4 8 - - -
16 4 4 9 - - -
16 4 4 10 - - -
16 4 4 11 - - -
16 4 4 12 - - -
16 4 4 13 - - -
16 4 4 14 - - -
16 4 4 15 - - -
16 4 4 16 - - -
16 4 4 17 - - -
16 4 4 18 - - -
16 4 4 19 - - -
16 4 4 20 - - -
16 4 4 21 - - -
16 4 4 22 - - -
16 4 4 23 - - -
16 4 4 24 - - -
16 4 4 25 - - -
16 4 4 26 12 0.002264 1
16 4 4 27 - - -
16 4 4 28 - - -
16 4 4 29 - - -
16 4 4 30 - - -
16 4 4 31 - - -
16 4 4 32 - - -
16 4 4 33 - - -
16 4 4 34 - - -
16 4 4 35 - - -
16 4 4 36 - - -
16 4 4 37 - - -
16 4 4 38 - - -
16 4 4 39 - - -
16 4 4 40 13 0.003228 1
16 4 4 41 - - -
16 4 4 42 - - -
16 4 4 43 - - -
16 4 4 44 - - -
16 4 4 45 - - -
16 4 4 46 - - -
16 4 4 47 16 0.003407 1
16 4 4 48 - - -
16 4 4 49 - - -
16 4 4 50 - - -
16 4 4 51 - - -
16 4 4 52 - - -
16 4 4 53 - - -
16 4 4 54 - - -
16 4 4 55 - - -
16 4 4 56 - - -
16 4 4 57 - - -
16 4 4 58 - - -
16 4 4 59 - - -
16 4 4 60 - - -
16 4 4 61 - - -
16 4 4 62 - - -
16 4 4 63 - - -
16 4 4 64 - - -
16 4 4 65 - - -
16 4 4 66 - - -
16 4 4 67 - - -
16 4 4 68 - - -
16 4 4 69 14 0.003414 1
16 4 4 70 - - -
16 4 4 71 - - -
16 4 4 72 - - -
16 4 4 73 - - -
16 4 4 74 - - -
16 4 4 75 - - -
16 4 4 76 - - -
16 4 4 77 - - -
16 4 4 78 - - -
16 4 4 79 - - -
16 4 4 80 - - -
16 4 4 81 - - -
16 4 4 82 - - -
16 4 4 83 - - -
16 4 4 84 - - -
16 4 4 85 - - -
16 4 4 86 - - -
16 4 4 87 - - -
16 4 4 88 - - -
16 4 4 89 - - -
16 4 4 90 - - -
16 4 4 91 - - -
16 4 4 92 - - -
16 4 4 93 - - -
16 4 4 94 - - -
16 4 4 95 - - -
16 4 4 96 - - -
16 4 4 97 - - -
16 4 4 98 - - -
16 4 4 99 - - -
16 8 0 0 23 0.022125 2
16 8 0 1 15 0.008204 1
16 8 0 2 19 0.017203 1
16 8 0 3 21 0.021162 1
16 8 0 4 23 0.023942 1
16 8 0 5 21 0.020685 1
16 8 0 6 20 0.021881 1
16 8 0 7 24 0.021296 1
16 8 0 8 24 0.013586 1
16 8 0 9 18 0.009093 1
16 8 0 10 21 0.009746 1
16 8 0 11 18 0.007735 1
16 8 0 12 16 0.007237 2
16 8 0 13 24 0.011369 1
16 8 0 14 23 0.009061 1
16 8 0 15 22 0.010271 1
16 8 0 16 23 0.009253 1
16 8 0 17 20 0.007930 1
16 8 0 18 22 0.008738 2
16 8 0 19 20 0.007688 1
16 8 0 20 26 0.013416 1
16 8 0 21 24 0.010827 1
16 8 0 22 18 0.005831 1
16 8 0 23 20 0.008172 1
16 8 0 24 14 0.003985 1
16 8 0 25 17 0.006893 1
16 8 0 26 13 0.003669 1
16 8 0 27 17 0.005006 1
16 8 0 28 24 0.009068 1
16 8 0 29 25 0.009380 1
16 8 0 30 18 0.005691 1
16 8 0 31 21 0.010022 2
16 8 0 32 22 0.008367 1
16 8 0 33 14 0.003540 1
16 8 0 34 20 0.008068 1
16 8 0 35 20 0.008419 1
16 8 0 36 18 0.006142 2
16 8 0 37 18 0.005944 1
16 8 0 38 21 0.008591 2
16 8 0 39 18 0.005241 1
16 8 0 40 13 0.003379 1
16 8 0 41 21 0.008355 1
16 8 0 42 20 0.005058 1
16 8 0 43 28 0.014024 1
16 8 0 44 26 0.013370 1
16 8 0 45 19 0.006070 1
16 8 0 46 18 0.006237 1
16 8 0 47 16 0.004351 1
16 8 0 48 19 0.006875 1
16 8 0 49 17 0.006091 1
16 8 0 50 18 0.005256 1
16 8 0 51 24 0.009932 1
16 8 0 52 22 0.007160 1
16 8 0 53 15 0.003968 1
16 8 0 54 19 0.007645 1
16 8 0 55 24 0.009769 1
16 8 0 56 20 0.007221 1
16 8 0 57 18 0.007058 1
16 8 0 58 25 0.011066 1
16 8 0 59 24 0.010206 1
16 8 0 60 25 0.013478 2
16 8 0 61 23 0.012050 1
16 8 0 62 22 0.010116 1
16 8 0 63 19 0.006538 1
16 8 0 64 20 0.007707 1
16 8 0 65 20 0.008055 1
16 8 0 66 21 0.009853 1
16 8 0 67 25 0.014422 2
16 8 0 68 19 0.006680 1
16 8 0 69 17 0.004344 1
16 8 0 70 18 0.005038 1
16 8 0 71 26 0.015269 1
16 8 0 72 27 0.016089 1
16 8 0 73 19 0.007496 1
16 8 0 74 20 0.007302 1
16 8 0 75 16 0.005335 1
16 8 0 76 24 0.010876 1
16 8 0 77 23 0.012381 1
16 8 0 78 22 0.009928 1
16 8 0 79 21 0.009718 1
16 8 0 80 23 0.009720 1
16 8 0 81 25 0.010772 1
16 8 0 82 26 0.012227 1
16 8 0 83 22 0.007399 1
16 8 0 84 21 0.008084 1
16 8 0 85 26 0.012241 1
16 8 0 86 23 0.008860 1
16 8 0 87 19 0.005977 1
16 8 0 88 26 0.013536 1
16 8 0 89 27 0.014910 2
16 8 0 90 22 0.008731 1
16 8 0 91 23 0.009630 1
16 8 0 92 20 0.006619 1
16 8 0 93 26 0.013713 1
16 8 0 94 24 0.009530 1
16 8 0 95 23 0.008832 2
16 8 0 96 19 0.008340 1
16 8 0 97 21 0.008819 1
16 8 0 98 23 0.010029 1
16 8 0 99 27 0.013996 1
16 8 1 0 21 0.009908 2
16 8 1 1 15 0.003526 1
16 8 1 2 19 0.007152 1
16 8 1 3 20 0.008414 1
16 8 1 4 21 0.010191 1
16 8 1 5 18 0.005810 1
16 8 1 6 19 0.007669 1
16 8 1 7 21 0.009204 1
16 8 1 8 21 0.007286 1
16 8 1 9 17 0.006617 1
16 8 1 10 19 0.006005 1
16 8 1 11 18 0.005947 1
16 8 1 12 15 0.005133 2
16 8 1 13 21 0.008199 1
16 8 1 14 21 0.007314 1
16 8 1 15 20 0.007968 1
16 8 1 16 21 0.008048 1
16 8 1 17 19 0.007035 1
16 8 1 18 20 0.007693 2
16 8 1 19 19 0.006511 1
16 8 1 20 22 0.009318 1
16 8 1 21 21 0.008188 1
16 8 1 22 17 0.005628 1
16 8 1 23 19 0.007178 1
16 8 1 24 14 0.003490 1
16 8 1 25 17 0.006142 1
16 8 1 26 13 0.003542 1
16 8 1 27 16 0.005695 1
16 8 1 28 21 0.009084 1
16 8 1 29 21 0.008182 1
16 8 1 30 18 0.007219 1
16 8 1 31 20 0.011153 2
16 8 1 32 20 0.009763 1
16 8 1 33 14 0.005343 1
16 8 1 34 19 0.009904 1
16 8 1 35 19 0.010347 1
16 8 1 36 17 0.008276 2
16 8 1 37 17 0.008563 1
16 8 1 38 19 0.009185 2
16 8 1 39 16 0.005915 1
16 8 1 40 13 0.004346 1
16 8 1 41 20 0.009250 1
16 8 1 42 18 0.005617 1
16 8 1 43 23 0.010980 1
16 8 1 44 22 0.011962 1
16 8 1 45 18 0.006149 1
16 8 1 46 18 0.006782 1
16 8 1 47 15 0.003922 1
16 8 1 48 19 0.007167 1
16 8 1 49 17 0.006593 1
16 8 1 50 16 0.004950 1
16 8 1 51 22 0.009765 1
16 8 1 52 19 0.006298 1
16 8 1 53 14 0.003636 1
16 8 1 54 19 0.008449 1
16 8 1 55 21 0.007076 1
16 8 1 56 18 0.006297 1
16 8 1 57 17 0.006330 1
16 8 1 58 22 0.009077 1
16 8 1 59 21 0.009049 1
16 8 1 60 21 0.010554 2
16 8 1 61 21 0.010399 1
16 8 1 62 21 0.012153 1
16 8 1 63 17 0.005938 1
16 8 1 64 18 0.007399 1
16 8 1 65 19 0.007795 1
16 8 1 66 18 0.007022 1
16 8 1 67 22 0.012070 2
16 8 1 68 18 0.006650 1
16 8 1 69 16 0.004173 1
16 8 1 70 17 0.004880 1
16 8 1 71 22 0.011643 1
16 8 1 72 22 0.011872 1
16 8 1 73 18 0.006941 1
16 8 1 74 19 0.007024 1
16 8 1 75 15 0.005165 1
16 8 1 76 21 0.009251 1
16 8 1 77 21 0.011313 1
16 8 1 78 20 0.011133 1
16 8 1 79 20 0.009925 1
16 8 1 80 21 0.010271 1
16 8 1 81 22 0.009959 1
16 8 1 82 22 0.009297 1
16 8 1 83 21 0.009060 1
16 8 1 84 20 0.008655 1
16 8 1 85 22 0.009891 1
16 8 1 86 21 0.008385 1
16 8 1 87 17 0.006081 1
16 8 1 88 22 0.011200 1
16 8 1 89 22 0.010613 2
16 8 1 90 21 0.008668 1
16 8 1 91 21 0.008660 1
16 8 1 92 19 0.006654 1
16 8 1 93 22 0.010115 1
16 8 1 94 21 0.008684 1
16 8 1 95 20 0.008037 2
16 8 1 96 18 0.008479 1
16 8 1 97 20 0.009260 1
16 8 1 98 21 0.009546 1
16 8 1 99 23 0.011208 1
16 8 2 0 19 0.005510 2
16 8 2 1 14 0.003144 1
16 8 2 2 20 0.004702 1
16 8 2 3 17 0.005752 1
16 8 2 4 19 0.004417 1
16 8 2 5 16 0.004380 1
16 8 2 6 17 0.004124 1
16 8 2 7 18 0.003796 1
16 8 2 8 17 0.004070 1
16 8 2 9 18 0.005426 1
16 8 2 10 16 0.004409 1
16 8 2 11 19 0.004305 1
16 8 2 12 15 0.005309 2
16 8 2 13 20 0.004432 1
16 8 2 14 19 0.004144 1
16 8 2 15 17 0.004781 1
16 8 2 16 16 0.004033 1
16 8 2 17 13 0.002854 1
16 8 2 18 15 0.005033 2
16 8 2 19 17 0.004103 1
16 8 2 20 23 0.005390 1
16 8 2 21 22 0.004535 1
16 8 2 22 17 0.005040 1
16 8 2 23 13 0.003236 1
16 8 2 24 15 0.003324 1
16 8 2 25 18 0.004913 1
16 8 2 26 11 0.003083 1
16 8 2 27 10 0.002139 1
16 8 2 28 19 0.004502 1
16 8 2 29 17 0.004885 1
16 8 2 30 17 0.004159 1
16 8 2 31 17 0.004285 1
16 8 2 32 17 0.004621 1
16 8 2 33 12 0.003138 1
16 8 2 34 12 0.002502 1
16 8 2 35 17 0.005177 1
16 8 2 36 11 0.003190 2
16 8 2 37 15 0.003813 1
16 8 2 38 13 0.003467 2
16 8 2 39 14 0.003688 1
16 8 2 40 15 0.004153 1
16 8 2 41 17 0.004428 1
16 8 2 42 17 0.004951 1
16 8 2 43 23 0.004619 1
16 8 2 44 20 0.004186 1
16 8 2 45 16 0.004365 1
16 8 2 46 16 0.003715 1
16 8 2 47 11 0.002535 1
16 8 2 48 17 0.003979 1
16 8 2 49 12 0.003469 1
16 8 2 50 13 0.003654 1
16 8 2 51 19 0.003499 1
16 8 2 52 15 0.004174 1
16 8 2 53 12 0.002898 1
16 8 2 54 18 0.004802 1
16 8 2 55 13 0.002450 1
16 8 2 56 16 0.003775 1
16 8 2 57 14 0.003881 1
16 8 2 58 23 0.004679 1
16 8 2 59 20 0.004431 1
16 8 2 60 - - -
16 8 2 61 11 0.002311 1
16 8 2 62 18 0.004119 1
16 8 2 63 18 0.005127 1
16 8 2 64 13 0.003077 1
16 8 2 65 17 0.004852 1
16 8 2 66 18 0.004137 1
16 8 2 67 19 0.005379 2
16 8 2 68 14 0.004418 1
16 8 2 69 13 0.003082 1
16 8 2 70 17 0.004156 1
16 8 2 71 22 0.004780 1
16 8 2 72 13 0.002069 1
16 8 2 73 16 0.004098 1
16 8 2 74 16 0.004308 1
16 8 2 75 14 0.004234 1
16 8 2 76 19 0.004892 1
16 8 2 77 21 0.004793 1
16 8 2 78 17 0.005451 1
16 8 2 79 18 0.005260 1
16 8 2 80 18 0.003712 1
16 8 2 81 19 0.004897 1
16 8 2 82 - - -
16 8 2 83 19 0.004457 1
16 8 2 84 21 0.004919 1
16 8 2 85 - - -
16 8 2 86 17 0.003530 1
16 8 2 87 14 0.004013 1
16 8 2 88 19 0.003789 1
16 8 2 89 23 0.004519 1
16 8 2 90 20 0.005376 1
16 8 2 91 11 0.002156 1
16 8 2 92 12 0.002524 1
16 8 2 93 20 0.003359 1
16 8 2 94 19 0.004909 1
16 8 2 95 17 0.005392 2
16 8 2 96 11 0.003545 1
16 8 2 97 10 0.002024 1
16 8 2 98 17 0.004338 1
16 8 2 99 23 0.004324 1
16 8 4 0 - - -
16 8 4 1 14 0.002252 1
16 8 4 2 - - -
16 8 4 3 - - -
16 8 4 4 - - -
16 8 4 5 - - -
16 8 4 6 - - -
16 8 4 7 - - -
16 8 4 8 - - -
16 8 4 9 - - -
16 8 4 10 - - -
16 8 4 11 - - -
16 8 4 12 17 0.002697 1
16 8 4 13 - - -
16 8 4 14 - - -
16 8 4 15 - - -
16 8 4 16 - - -
16 8 4 17 - - -
16 8 4 18 - - -
16 8 4 19 - - -
16 8 4 20 - - -
16 8 4 21 - - -
16 8 4 22 - - -
16 8 4 23 - - -
16 8 4 24 - - -
16 8 4 25 - - -
16 8 4 26 12 0.002281 1
16 8 4 27 - - -
16 8 4 28 - - -
16 8 4 29 - - -
16 8 4 30 - - -
16 8 4 31 - - -
16 8 4 32 - - -
16 8 4 33 11 0.001845 1
16 8 4 34 - - -
16 8 4 35 - - -
16 8 4 36 - - -
16 8 4 37 - - -
16 8 4 38 - - -
16 8 4 39 - - -
16 8 4 40 11 0.002321 1
16 8 4 41 - - -
16 8 4 42 - - -
16 8 4 43 - - -
16 8 4 44 - - -
16 8 4 45 - - -
16 8 4 46 - - -
16 8 4 47 14 0.002255 1
16 8 4 48 - - -
16 8 4 49 - - -
16 8 4 50 - - -
16 8 4 51 - - -
16 8 4 52 - - -
16 8 4 53 16 0.002375 1
16 8 4 54 - - -
16 8 4 55 - - -
16 8 4 56 - - -
16 8 4 57 - - -
16 8 4 58 - - -
16 8 4 59 - - -
16 8 4 60 - - -
16 8 4 61 - - -
16 8 4 62 - - -
16 8 4 63 - - -
16 8 4 64 - - -
16 8 4 65 - - -
16 8 4 66 - - -
16 8 4 67 - - -
16 8 4 68 - - -
16 8 4 69 14 0.002295 1
16 8 4 70 - - -
16 8 4 71 - - -
16 8 4 72 - - -
16 8 4 73 - - -
16 8 4 74 - - -
16 8 4 75 14 0.002407 1
16 8 4 76 - - -
16 8 4 77 - - -
16 8 4 78 - - -
16 8 4 79 - - -
16 8 4 80 - - -
16 8 4 81 - - -
16 8 4 82 - - -
16 8 4 83 - - -
16 8 4 84 - - -
16 8 4 85 - - -
16 8 4 86 - - -
16 8 4 87 - - -
16 8 4 88 - - -
16 8 4 89 - - -
16 8 4 90 - - -
16 8 4 91 - - -
16 8 4 92 - - -
16 8 4 93 - - -
16 8 4 94 - - -
16 8 4 95 - - -
16 8 4 96 - - -
16 8 4 97 - - -
16 8 4 98 - - -
16 8 4 99 - - -
16 8 8 0 - - -
16 8 8 1 - - -
16 8 8 2 - - -
16 8 8 3 - - -
16 8 8 4 - - -
16 8 8 5 - - -
16 8 8 6 - - -
16 8 8 7 - - -
16 8 8 8 - - -
16 8 8 9 - - -
16 8 8 10 - - -
16 8 8 11 - - -
16 8 8 12 - - -
16 8 8 13 - - -
16 8 8 14 - - -
16 8 8 15 - - -
16 8 8 16 - - -
16 8 8 17 - - -
16 8 8 18 - - -
16 8 8 19 - - -
16 8 8 20 - - -
16 8 8 21 - - -
16 8 8 22 - - -
16 8 8 23 - - -
16 8 8 24 - - -
16 8 8 25 - - -
16 8 8 26 - - -
16 8 8 27 - - -
16 8 8 28 - - -
16 8 8 29 - - -
16 8 8 30 - - -
16 8 8 31 - - -
16 8 8 32 - - -
16 8 8 33 - - -
16 8 8 34 - - -
16 8 8 35 - - -
16 8 8 36 - - -
16 8 8 37 - - -
16 8 8 38 - - -
16 8 8 39 - - -
16 8 8 40 - - -
16 8 8 41 - - -
16 8 8 42 - - -
16 8 8 43 - - -
16 8 8 44 - - -
16 8 8 45 - - -
16 8 8 46 - - -
16 8 8 47 - - -
16 8 8 48 - - -
16 8 8 49 - - -
16 8 8 50 - - -
16 8 8 51 - - -
16 8 8 52 - - -
16 8 8 53 - - -
16 8 8 54 - - -
16 8 8 55 - - -
16 8 8 56 - - -
16 8 8 57 - - -
16 8 8 58 - - -
16 8 8 59 - - -
16 8 8 60 - - -
16 8 8 61 - - -
16 8 8 62 - - -
16 8 8 63 - - -
16 8 8 64 - - -
16 8 8 65 - - -
16 8 8 66 - - -
16 8 8 67 - - -
16 8 8 68 - - -
16 8 8 69 - - -
16 8 8 70 - - -
16 8 8 71 - - -
16 8 8 72 - - -
16 8 8 73 - - -
16 8 8 74 - - -
16 8 8 75 - - -
16 8 8 76 - - -
16 8 8 77 - - -
16 8 8 78 - - -
16 8 8 79 - - -
16 8 8 80 - - -
16 8 8 81 - - -
16 8 8 82 - - -
16 8 8 83 - - -
16 8 8 84 - - -
16 8 8 85 - - -
16 8 8 86 - - -
16 8 8 87 - - -
16 8 8 88 - - -
16 8 8 89 - - -
16 8 8 90 - - -
16 8 8 91 - - -
16 8 8 92 - - -
16 8 8 93 - - -
16 8 8 94 - - -
16 8 8 95 - - -
16 8 8 96 - - -
16 8 8 97 - - -
16 8 8 98 - - -
16 8 8 99 - - -
16 16 0 0 23 0.012633 2
16 16 0 1 14 0.004133 1
16 16 0 2 20 0.008161 1
16 16 0 3 20 0.009937 1
16 16 0 4 23 0.010588 1
16 16 0 5 18 0.006719 1
16 16 0 6 20 0.009303 1
16 16 0 7 22 0.009258 1
16 16 0 8 22 0.008141 1
16 16 0 9 18 0.007287 1
16 16 0 10 20 0.007274 1
16 16 0 11 18 0.006781 1
16 16 0 12 15 0.005149 2
16 16 0 13 21 0.010027 1
16 16 0 14 22 0.008055 1
16 16 0 15 21 0.008771 1
16 16 0 16 21 0.008021 1
16 16 0 17 20 0.008360 1
16 16 0 18 20 0.008394 2
16 16 0 19 20 0.007579 1
16 16 0 20 26 0.013367 1
16 16 0 21 23 0.011404 1
16 16 0 22 18 0.006357 1
16 16 0 23 20 0.008119 1
16 16 0 24 15 0.003976 1
16 16 0 25 18 0.007368 1
16 16 0 26 12 0.003198 1
16 16 0 27 16 0.005156 1
16 16 0 28 23 0.009923 1
16 16 0 29 22 0.008279 1
16 16 0 30 18 0.006877 1
16 16 0 31 21 0.010305 2
16 16 0 32 20 0.009451 1
16 16 0 33 13 0.004444 1
16 16 0 34 20 0.008456 1
16 16 0 35 20 0.008779 1
16 16 0 36 18 0.006268 2
16 16 0 37 18 0.006875 1
16 16 0 38 20 0.009203 2
16 16 0 39 17 0.005296 1
16 16 0 40 12 0.003326 1
16 16 0 41 20 0.008330 1
16 16 0 42 18 0.004976 1
16 16 0 43 27 0.015197 1
16 16 0 44 23 0.012770 1
16 16 0 45 19 0.006762 1
16 16 0 46 19 0.007988 1
16 16 0 47 14 0.003575 1
16 16 0 48 20 0.008351 1
16 16 0 49 16 0.005982 1
16 16 0 50 16 0.005267 1
16 16 0 51 23 0.010935 1
16 16 0 52 19 0.005735 1
16 16 0 53 14 0.004440 1
16 16 0 54 20 0.009097 1
16 16 0 55 24 0.009558 1
16 16 0 56 19 0.006142 1
16 16 0 57 18 0.006779 1
16 16 0 58 25 0.011929 1
16 16 0 59 23 0.009428 1
16 16 0 60 25 0.013086 2
16 16 0 61 22 0.010073 1
16 16 0 62 22 0.009875 1
16 16 0 63 18 0.006238 1
16 16 0 64 18 0.006124 1
16 16 0 65 20 0.007443 1
16 16 0 66 19 0.007409 1
16 16 0 67 24 0.012846 2
16 16 0 68 17 0.006333 1
16 16 0 69 14 0.004043 1
16 16 0 70 16 0.004339 1
16 16 0 71 25 0.013586 1
16 16 0 72 25 0.013833 1
16 16 0 73 19 0.006598 1
16 16 0 74 20 0.007079 1
16 16 0 75 14 0.004538 1
16 16 0 76 22 0.010217 1
16 16 0 77 24 0.013214 1
16 16 0 78 21 0.010181 1
16 16 0 79 20 0.008788 1
16 16 0 80 22 0.009165 1
16 16 0 81 24 0.012026 1
16 16 0 82 26 0.013984 1
16 16 0 83 22 0.009109 1
16 16 0 84 22 0.008666 1
16 16 0 85 26 0.012054 1
16 16 0 86 22 0.008612 1
16 16 0 87 18 0.005511 1
16 16 0 88 24 0.013219 1
16 16 0 89 26 0.013959 2
16 16 0 90 22 0.009099 1
16 16 0 91 23 0.010532 1
16 16 0 92 20 0.006150 1
16 16 0 93 24 0.011628 1
16 16 0 94 23 0.010300 1
16 16 0 95 20 0.007668 2
16 16 0 96 19 0.008489 1
16 16 0 97 21 0.009908 1
16 16 0 98 22 0.010910 1
16 16 0 99 26 0.015568 1
16 16 1 0 23 0.012881 2
16 16 1 1 14 0.003510 1
16 16 1 2 20 0.008812 1
16 16 1 3 20 0.012847 1
16 16 1 4 23 0.011727 1
16 16 1 5 18 0.009539 1
16 16 1 6 20 0.011017 1
16 16 1 7 22 0.011009 1
16 16 1 8 22 0.011563 1
16 16 1 9 18 0.008661 1
16 16 1 10 20 0.008247 1
16 16 1 11 18 0.007868 1
16 16 1 12 15 0.006595 2
16 16 1 13 21 0.010744 1
16 16 1 14 22 0.009172 1
16 16 1 15 21 0.010702 1
16 16 1 16 21 0.008802 1
16 16 1 17 20 0.009032 1
16 16 1 18 20 0.009143 2
16 16 1 19 20 0.008009 1
16 16 1 20 26 0.015053 1
16 16 1 21 23 0.011996 1
16 16 1 22 18 0.006609 1
16 16 1 23 20 0.008395 1
16 16 1 24 15 0.004379 1
16 16 1 25 18 0.007976 1
16 16 1 26 12 0.003610 1
16 16 1 27 16 0.005367 1
16 16 1 28 23 0.010068 1
16 16 1 29 22 0.008107 1
16 16 1 30 18 0.006983 1
16 16 1 31 21 0.010421 2
16 16 1 32 20 0.009074 1
16 16 1 33 13 0.003891 1
16 16 1 34 20 0.008593 1
16 16 1 35 20 0.009285 1
16 16 1 36 18 0.006799 2
16 16 1 37 18 0.007195 1
16 16 1 38 20 0.009111 2
16 16 1 39 17 0.005675 1
16 16 1 40 12 0.003446 1
16 16 1 41 20 0.009156 1
16 16 1 42 18 0.005667 1
16 16 1 43 27 0.014023 1
16 16 1 44 23 0.012608 1
16 16 1 45 19 0.006619 1
16 16 1 46 19 0.008437 1
16 16 1 47 14 0.003494 1
16 16 1 48 20 0.008028 1
16 16 1 49 16 0.007030 1
16 16 1 50 16 0.006051 1
16 16 1 51 23 0.012124 1
16 16 1 52 19 0.007568 1
16 16 1 53 14 0.004846 1
16 16 1 54 20 0.009316 1
16 16 1 55 24 0.010558 1
16 16 1 56 19 0.007076 1
16 16 1 57 18 0.008411 1
16 16 1 58 25 0.012830 1
16 16 1 59 23 0.010462 1
16 16 1 60 25 0.014734 2
16 16 1 61 22 0.010765 1
16 16 1 62 22 0.011429 1
16 16 1 63 18 0.006487 1
16 16 1 64 18 0.006067 1
16 16 1 65 20 0.007591 1
16 16 1 66 19 0.007331 1
16 16 1 67 24 0.012971 2
16 16 1 68 17 0.006474 1
16 16 1 69 14 0.003436 1
16 16 1 70 16 0.004100 1
16 16 1 71 25 0.012949 1
16 16 1 72 25 0.013676 1
16 16 1 73 19 0.006354 1
16 16 1 74 20 0.006492 1
16 16 1 75 14 0.004184 1
16 16 1 76 22 0.009249 1
16 16 1 77 24 0.011899 1
16 16 1 78 21 0.009838 1
16 16 1 79 20 0.008556 1
16 16 1 80 22 0.008902 1
16 16 1 81 24 0.010960 1
16 16 1 82 26 0.012685 1
16 16 1 83 22 0.007987 1
16 16 1 84 22 0.009612 1
16 16 1 85 26 0.012759 1
16 16 1 86 22 0.008624 1
16 16 1 87 18 0.005527 1
16 16 1 88 24 0.012782 1
16 16 1 89 26 0.015742 2
16 16 1 90 22 0.009871 1
16 16 1 91 23 0.010561 1
16 16 1 92 20 0.006675 1
16 16 1 93 24 0.012316 1
16 16 1 94 23 0.010835 1
16 16 1 95 20 0.008777 2
16 16 1 96 19 0.008701 1
16 16 1 97 21 0.009974 1
16 16 1 98 22 0.010409 1
16 16 1 99 26 0.015033 1
16 16 2 0 19 0.008785 2
16 16 2 1 15 0.004315 1
16 16 2 2 20 0.007366 1
16 16 2 3 18 0.008360 1
16 16 2 4 19 0.007396 1
16 16 2 5 19 0.007154 1
16 16 2 6 21 0.008415 1
16 16 2 7 22 0.009202 1
16 16 2 8 21 0.007949 1
16 16 2 9 20 0.008094 1
16 16 2 10 18 0.006319 1
16 16 2 11 19 0.006433 1
16 16 2 12 15 0.005996 2
16 16 2 13 24 0.009557 1
16 16 2 14 20 0.006912 1
16 16 2 15 17 0.007983 1
16 16 2 16 18 0.007524 1
16 16 2 17 17 0.005903 1
16 16 2 18 19 0.008145 2
16 16 2 19 19 0.006976 1
16 16 2 20 23 0.008133 1
16 16 2 21 25 0.008929 1
16 16 2 22 20 0.007555 1
16 16 2 23 17 0.006650 1
16 16 2 24 16 0.004462 1
16 16 2 25 21 0.008659 1
16 16 2 26 11 0.003404 1
16 16 2 27 14 0.005209 1
16 16 2 28 19 0.007107 1
16 16 2 29 18 0.007324 1
16 16 2 30 19 0.006566 1
16 16 2 31 21 0.008464 2
16 16 2 32 17 0.007353 1
16 16 2 33 12 0.003335 1
16 16 2 34 16 0.005969 1
16 16 2 35 17 0.006940 1
16 16 2 36 15 0.005099 2
16 16 2 37 19 0.006775 1
16 16 2 38 17 0.007836 2
16 16 2 39 17 0.005259 1
16 16 2 40 13 0.004026 1
16 16 2 41 20 0.008327 1
16 16 2 42 18 0.005444 1
16 16 2 43 26 0.008995 1
16 16 2 44 24 0.010202 1
16 16 2 45 20 0.006712 1
16 16 2 46 20 0.006906 1
16 16 2 47 12 0.003411 1
16 16 2 48 17 0.006284 1
16 16 2 49 15 0.005649 1
16 16 2 50 15 0.005146 1
16 16 2 51 19 0.007142 1
16 16 2 52 18 0.006225 1
16 16 2 53 14 0.004196 1
16 16 2 54 22 0.009597 1
16 16 2 55 17 0.005064 1
16 16 2 56 20 0.006530 1
16 16 2 57 18 0.006980 1
16 16 2 58 27 0.007909 1
16 16 2 59 20 0.007133 1
16 16 2 60 15 0.004909 2
16 16 2 61 15 0.006773 1
16 16 2 62 22 0.008229 1
16 16 2 63 21 0.007157 1
16 16 2 64 17 0.005609 1
16 16 2 65 17 0.006261 1
16 16 2 66 22 0.008418 1
16 16 2 67 22 0.010519 2
16 16 2 68 14 0.004725 1
16 16 2 69 13 0.003602 1
16 16 2 70 15 0.004328 1
16 16 2 71 23 0.008824 1
16 16 2 72 17 0.004707 1
16 16 2 73 17 0.005470 1
16 16 2 74 20 0.006724 1
16 16 2 75 14 0.004207 1
16 16 2 76 19 0.008722 1
16 16 2 77 22 0.009385 1
16 16 2 78 21 0.009924 1
16 16 2 79 21 0.009368 1
16 16 2 80 22 0.008006 1
16 16 2 81 19 0.008176 1
16 16 2 82 17 0.005872 1
16 16 2 83 22 0.007462 1
16 16 2 84 24 0.009307 1
16 16 2 85 17 0.005776 1
16 16 2 86 20 0.008185 1
16 16 2 87 17 0.005935 1
16 16 2 88 23 0.009264 1
16 16 2 89 23 0.010250 2
16 16 2 90 24 0.010184 1
16 16 2 91 15 0.005729 1
16 16 2 92 16 0.005225 1
16 16 2 93 24 0.008801 1
16 16 2 94 19 0.008535 1
16 16 2 95 19 0.008126 2
16 16 2 96 15 0.007444 1
16 16 2 97 14 0.004928 1
16 16 2 98 17 0.007239 1
16 16 2 99 23 0.007838 1
16 16 4 0 - - -
16 16 4 1 14 0.002725 1
16 16 4 2 - - -
16 16 4 3 - - -
16 16 4 4 - - -
16 16 4 5 14 0.002549 1
16 16 4 6 - - -
16 16 4 7 - - -
16 16 4 8 - - -
16 16 4 9 15 0.002671 1
16 16 4 10 - - -
16 16 4 11 - - -
16 16 4 12 17 0.004380 2
16 16 4 13 - - -
16 16 4 14 - - -
16 16 4 15 - - -
16 16 4 16 - - -
16 16 4 17 - - -
16 16 4 18 15 0.003132 1
16 16 4 19 - - -
16 16 4 20 - - -
16 16 4 21 - - -
16 16 4 22 15 0.002654 1
16 16 4 23 - - -
16 16 4 24 13 0.002200 1
16 16 4 25 - - -
16 16 4 26 12 0.003468 1
16 16 4 27 13 0.002554 1
16 16 4 28 - - -
16 16 4 29 22 0.003652 1
16 16 4 30 - - -
16 16 4 31 - - -
16 16 4 32 - - -
16 16 4 33 11 0.002826 1
16 16 4 34 - - -
16 16 4 35 - - -
16 16 4 36 16 0.003659 1
16 16 4 37 15 0.002610 1
16 16 4 38 23 0.003916 1
16 16 4 39 13 0.003581 1
16 16 4 40 11 0.004016 1
16 16 4 41 - - -
16 16 4 42 18 0.004131 1
16 16 4 43 - - -
16 16 4 44 - - -
16 16 4 45 20 0.004568 1
16 16 4 46 - - -
16 16 4 47 14 0.003618 1
16 16 4 48 - - -
16 16 4 49 18 0.004363 1
16 16 4 50 12 0.003536 1
16 16 4 51 - - -
16 16 4 52 20 0.004192 1
16 16 4 53 16 0.004175 1
16 16 4 54 - - -
16 16 4 55 - - -
16 16 4 56 15 0.003232 1
16 16 4 57 15 0.003751 1
16 16 4 58 - - -
16 16 4 59 - - -
16 16 4 60 - - -
16 16 4 61 - - -
16 16 4 62 - - -
16 16 4 63 21 0.004261 1
16 16 4 64 15 0.003263 1
16 16 4 65 22 0.003897 1
16 16 4 66 23 0.003813 1
16 16 4 67 - - -
16 16 4 68 13 0.002880 1
16 16 4 69 14 0.003746 1
16 16 4 70 12 0.002688 1
16 16 4 71 - - -
16 16 4 72 - - -
16 16 4 73 16 0.003059 1
16 16 4 74 21 0.003882 1
16 16 4 75 14 0.003996 1
16 16 4 76 - - -
16 16 4 77 - - -
16 16 4 78 - - -
16 16 4 79 - - -
16 16 4 80 - - -
16 16 4 81 - - -
16 16 4 82 - - -
16 16 4 83 - - -
16 16 4 84 - - -
16 16 4 85 - - -
16 16 4 86 - - -
16 16 4 87 14 0.002634 1
16 16 4 88 - - -
16 16 4 89 - - -
16 16 4 90 - - -
16 16 4 91 - - -
16 16 4 92 - - -
16 16 4 93 - - -
16 16 4 94 - - -
16 16 4 95 15 0.003095 1
16 16 4 96 22 0.003799 1
16 16 4 97 - - -
16 16 4 98 - - -
16 16 4 99 - - -
16 16 8 0 - - -
16 16 8 1 - - -
16 16 8 2 - - -
16 16 8 3 - - -
16 16 8 4 - - -
16 16 8 5 - - -
16 16 8 6 - - -
16 16 8 7 - - -
16 16 8 8 - - -
16 16 8 9 - - -
16 16 8 10 - - -
16 16 8 11 - - -
16 16 8 12 - - -
16 16 8 13 - - -
16 16 8 14 - - -
16 16 8 15 - - -
16 16 8 16 - - -
16 16 8 17 - - -
16 16 8 18 - - -
16 16 8 19 - - -
16 16 8 20 - - -
16 16 8 21 - - -
16 16 8 22 - - -
16 16 8 23 - - -
16 16 8 24 - - -
16 16 8 25 - - -
16 16 8 26 - - -
16 16 8 27 - - -
16 16 8 28 - - -
16 16 8 29 - - -
16 16 8 30 - - -
16 16 8 31 - - -
16 16 8 32 - - -
16 16 8 33 - - -
16 16 8 34 - - -
16 16 8 35 - - -
16 16 8 36 - - -
16 16 8 37 - - -
16 16 8 38 - - -
16 16 8 39 - - -
16 16 8 40 - - -
16 16 8 41 - - -
16 16 8 42 - - -
16 16 8 43 - - -
16 16 8 44 - - -
16 16 8 45 - - -
16 16 8 46 - - -
16 16 8 47 - - -
16 16 8 48 - - -
16 16 8 49 - - -
16 16 8 50 - - -
16 16 8 51 - - -
16 16 8 52 - - -
16 16 8 53 - - -
16 16 8 54 - - -
16 16 8 55 - - -
16 16 8 56 - - -
16 16 8 57 - - -
16 16 8 58 - - -
16 16 8 59 - - -
16 16 8 60 - - -
16 16 8 61 - - -
16 16 8 62 - - -
16 16 8 63 - - -
16 16 8 64 - - -
16 16 8 65 - - -
16 16 8 66 - - -
16 16 8 67 - - -
16 16 8 68 - - -
16 16 8 69 - - -
16 16 8 70 - - -
16 16 8 71 - - -
16 16 8 72 - - -
16 16 8 73 - - -
16 16 8 74 - - -
16 16 8 75 - - -
16 16 8 76 - - -
16 16 8 77 - - -
16 16 8 78 - - -
16 16 8 79 - - -
16 16 8 80 - - -
16 16 8 81 - - -
16 16 8 82 - - -
16 16 8 83 - - -
16 16 8 84 - - -
16 16 8 85 - - -
16 16 8 86 - - -
16 16 8 87 - - -
16 16 8 88 - - -
16 16 8 89 - - -
16 16 8 90 - - -
16 16 8 91 - - -
16 16 8 92 - - -
16 16 8 93 - - -
16 16 8 94 - - -
16 16 8 95 - - -
16 16 8 96 - - -
16 16 8 97 - - -
16 16 8 98 - - -
16 16 8 99 - - -
16 16 16 0 - - -
16 16 16 1 - - -
16 16 16 2 - - -
16 16 16 3 - - -
16 16 16 4 - - -
16 16 16 5 - - -
16 16 16 6 - - -
16 16 16 7 - - -
16 16 16 8 - - -
16 16 16 9 - - -
16 16 16 10 - - -
16 16 16 11 - - -
16 16 16 12 - - -
16 16 16 13 - - -
16 16 16 14 - - -
16 16 16 15 - - -
16 16 16 16 - - -
16 16 16 17 - - -
16 16 16 18 - - -
16 16 16 19 - - -
16 16 16 20 - - -
16 16 16 21 - - -
16 16 16 22 - - -
16 16 16 23 - - -
16 16 16 24 - - -
16 16 16 25 - - -
16 16 16 26 - - -
16 16 16 27 - - -
16 16 16 28 - - -
16 16 16 29 - - -
16 16 16 30 - - -
16 16 16 31 - - -
16 16 16 32 - - -
16 16 16 33 - - -
16 16 16 34 - - -
16 16 16 35 - - -
16 16 16 36 - - -
16 16 16 37 - - -
16 16 16 38 - - -
16 16 16 39 - - -
16 16 16 40 - - -
16 16 16 41 - - -
16 16 16 42 - - -
16 16 16 43 - - -
16 16 16 44 - - -
16 16 16 45 - - -
16 16 16 46 - - -
16 16 16 47 - - -
16 16 16 48 - - -
16 16 16 49 - - -
16 16 16 50 - - -
16 16 16 51 - - -
16 16 16 52 - - -
16 16 16 53 - - -
16 16 16 54 - - -
16 16 16 55 - - -
16 16 16 56 - - -
16 16 16 57 - - -
16 16 16 58 - - -
16 16 16 59 - - -
16 16 16 60 - - -
16 16 16 61 - - -
16 16 16 62 - - -
16 16 16 63 - - -
16 16 16 64 - - -
16 16 16 65 - - -
16 16 16 66 - - -
16 16 16 67 - - -
16 16 16 68 - - -
16 16 16 69 - - -
16 16 16 70 - - -
16 16 16 71 - - -
16 16 16 72 - - -
16 16 16 73 - - -
16 16 16 74 - - -
16 16 16 75 - - -
16 16 16 76 - - -
16 16 16 77 - - -
16 16 16 78 - - -
16 16 16 79 - - -
16 16 16 80 - - -
16 16 16 81 - - -
16 16 16 82 - - -
16 16 16 83 - - -
16 16 16 84 - - -
16 16 16 85 - - -
16 16 16 86 - - -
16 16 16 87 - - -
16 16 16 88 - - -
16 16 16 89 - - -
16 16 16 90 - - -
16 16 16 91 - - -
16 16 16 92 - - -
16 16 16 93 - - -
16 16 16 94 - - -
16 16 16 95 - - -
16 16 16 96 - - -
16 16 16 97 - - -
16 16 16 98 - - -
16 16 16 99 - - -
