4 1 0 0 3 0.000180 1
4 1 0 1 4 0.000307 0
4 1 0 2 4 0.000446 2
4 1 0 3 4 0.000385 1
4 1 0 4 4 0.000103 1
4 1 0 5 4 0.000446 1
4 1 0 6 2 0.000190 1
4 1 0 7 2 0.000170 1
4 1 0 8 4 0.000120 1
4 1 0 9 2 0.000174 0
4 1 0 10 4 0.000453 1
4 1 0 11 3 0.000248 1
4 1 0 12 4 0.000669 2
4 1 0 13 2 0.000313 1
4 1 0 14 4 0.000509 0
4 1 0 15 4 0.000430 1
4 1 0 16 2 0.000309 2
4 1 0 17 3 0.000120 0
4 1 0 18 2 0.000144 0
4 1 0 19 2 0.000169 1
4 1 0 20 2 0.000195 0
4 1 0 21 2 0.000059 1
4 1 0 22 4 0.000517 1
4 1 0 23 4 0.000410 0
4 1 0 24 4 0.000449 0
4 1 0 25 4 0.000511 1
4 1 0 26 4 0.000463 1
4 1 0 27 4 0.000649 2
4 1 0 28 4 0.000515 2
4 1 0 29 4 0.000542 2
4 1 0 30 4 0.000525 1
4 1 0 31 4 0.000756 0
4 1 0 32 2 0.000323 2
4 1 0 33 4 0.000303 1
4 1 0 34 4 0.000472 1
4 1 0 35 2 0.000166 0
4 1 0 36 4 0.000596 1
4 1 0 37 4 0.000438 0
4 1 0 38 2 0.000221 1
4 1 0 39 3 0.000145 1
4 1 0 40 4 0.000752 2
4 1 0 41 2 0.000191 1
4 1 0 42 2 0.000221 1
4 1 0 43 4 0.000303 1
4 1 0 44 2 0.000202 1
4 1 0 45 4 0.000518 1
4 1 0 46 4 0.000498 0
4 1 0 47 4 0.000104 1
4 1 0 48 4 0.000437 0
4 1 0 49 4 0.000952 0
4 1 0 50 4 0.000108 1
4 1 0 51 4 0.000322 0
4 1 0 52 3 0.000216 0
4 1 0 53 4 0.000508 1
4 1 0 54 3 0.000152 1
4 1 0 55 3 0.000223 1
4 1 0 56 4 0.000659 2
4 1 0 57 4 0.000107 1
4 1 0 58 4 0.000755 1
4 1 0 59 4 0.000466 1
4 1 0 60 4 0.000158 1
4 1 0 61 4 0.000295 1
4 1 0 62 2 0.000062 1
4 1 0 63 4 0.000315 0
4 1 0 64 4 0.000255 1
4 1 0 65 4 0.000370 1
4 1 0 66 4 0.000842 1
4 1 0 67 3 0.000230 0
4 1 0 68 4 0.000133 1
4 1 0 69 4 0.000595 1
4 1 0 70 4 0.000599 2
4 1 0 71 4 0.000386 1
4 1 0 72 3 0.000250 1
4 1 0 73 4 0.000102 1
4 1 0 74 4 0.000393 1
4 1 0 75 4 0.000277 1
4 1 0 76 4 0.000516 1
4 1 0 77 4 0.000385 1
4 1 0 78 4 0.000254 1
4 1 0 79 4 0.000608 0
4 1 0 80 4 0.000474 1
4 1 0 81 4 0.000268 1
4 1 0 82 3 0.000253 1
4 1 0 83 4 0.000266 1
4 1 0 84 2 0.000122 0
4 1 0 85 4 0.000450 1
4 1 0 86 4 0.000629 1
4 1 0 87 4 0.000344 2
4 1 0 88 4 0.000507 0
4 1 0 89 4 0.000299 1
4 1 0 90 4 0.000447 1
4 1 0 91 4 0.000575 1
4 1 0 92 4 0.000523 1
4 1 0 93 4 0.000123 1
4 1 0 94 2 0.000220 1
4 1 0 95 4 0.000307 1
4 1 0 96 4 0.000459 2
4 1 0 97 2 0.000066 1
4 1 0 98 4 0.000334 0
4 1 0 99 4 0.000407 1
4 1 1 0 3 0.000122 1
4 1 1 1 4 0.000343 0
4 1 1 2 4 0.000462 2
4 1 1 3 4 0.000449 1
4 1 1 4 4 0.000109 1
4 1 1 5 4 0.000396 1
4 1 1 6 2 0.000171 1
4 1 1 7 2 0.000169 1
4 1 1 8 4 0.000129 1
4 1 1 9 2 0.000170 0
4 1 1 10 4 0.000479 1
4 1 1 11 3 0.000222 1
4 1 1 12 4 0.000745 2
4 1 1 13 2 0.000275 1
4 1 1 14 4 0.000515 0
4 1 1 15 4 0.000371 1
4 1 1 16 2 0.000282 2
4 1 1 17 3 0.000148 0
4 1 1 18 2 0.000116 0
4 1 1 19 2 0.000168 1
4 1 1 20 2 0.000168 0
4 1 1 21 2 0.000058 1
4 1 1 22 4 0.000526 1
4 1 1 23 4 0.000381 0
4 1 1 24 4 0.000417 0
4 1 1 25 4 0.000477 1
4 1 1 26 4 0.000483 1
4 1 1 27 4 0.000640 2
4 1 1 28 4 0.000532 2
4 1 1 29 4 0.000538 2
4 1 1 30 4 0.000517 1
4 1 1 31 4 0.000618 0
4 1 1 32 2 0.000308 2
4 1 1 33 4 0.000301 1
4 1 1 34 4 0.000492 1
4 1 1 35 2 0.000171 0
4 1 1 36 4 0.001265 1
4 1 1 37 4 0.000506 0
4 1 1 38 2 0.000233 1
4 1 1 39 3 0.000166 1
4 1 1 40 4 0.000695 2
4 1 1 41 2 0.000209 1
4 1 1 42 2 0.000223 1
4 1 1 43 4 0.000371 1
4 1 1 44 2 0.000208 1
4 1 1 45 4 0.000531 1
4 1 1 46 4 0.000516 0
4 1 1 47 4 0.000105 1
4 1 1 48 4 0.000465 0
4 1 1 49 4 0.000716 0
4 1 1 50 4 0.000111 1
4 1 1 51 4 0.000428 0
4 1 1 52 3 0.000252 0
4 1 1 53 4 0.000530 1
4 1 1 54 3 0.000122 1
4 1 1 55 3 0.000231 1
4 1 1 56 4 0.000621 2
4 1 1 57 4 0.000106 1
4 1 1 58 4 0.000701 1
4 1 1 59 4 0.000451 1
4 1 1 60 4 0.000160 1
4 1 1 61 4 0.000405 1
4 1 1 62 2 0.000061 1
4 1 1 63 4 0.000289 0
4 1 1 64 4 0.000157 1
4 1 1 65 4 0.000344 1
4 1 1 66 4 0.000694 1
4 1 1 67 3 0.000233 0
4 1 1 68 4 0.000106 1
4 1 1 69 4 0.000602 1
4 1 1 70 4 0.000672 2
4 1 1 71 4 0.000469 1
4 1 1 72 3 0.000301 1
4 1 1 73 4 0.000139 1
4 1 1 74 4 0.000473 1
4 1 1 75 4 0.000316 1
4 1 1 76 4 0.000556 1
4 1 1 77 4 0.000695 1
4 1 1 78 4 0.000330 1
4 1 1 79 4 0.000637 0
4 1 1 80 4 0.000572 1
4 1 1 81 4 0.000324 1
4 1 1 82 3 0.000243 1
4 1 1 83 4 0.000327 1
4 1 1 84 2 0.000118 0
4 1 1 85 4 0.000644 1
4 1 1 86 4 0.000634 1
4 1 1 87 4 0.000379 2
4 1 1 88 4 0.000528 0
4 1 1 89 4 0.000314 1
4 1 1 90 4 0.000497 1
4 1 1 91 4 0.000571 1
4 1 1 92 4 0.000537 1
4 1 1 93 4 0.000128 1
4 1 1 94 2 0.000244 1
4 1 1 95 4 0.000394 1
4 1 1 96 4 0.000612 2
4 1 1 97 2 0.000077 1
4 1 1 98 4 0.000360 0
4 1 1 99 4 0.000428 1
4 2 0 0 1 0.000054 1
4 2 0 1 4 0.000501 0
4 2 0 2 3 0.000590 2
4 2 0 3 3 0.000395 1
4 2 0 4 3 0.000118 1
4 2 0 5 5 0.000907 1
4 2 0 6 3 0.000414 1
4 2 0 7 4 0.000618 1
4 2 0 8 5 0.000198 1
4 2 0 9 4 0.000753 0
4 2 0 10 5 0.000994 2
4 2 0 11 1 0.000115 0
4 2 0 12 5 0.001289 2
4 2 0 13 4 0.000899 1
4 2 0 14 3 0.000628 0
4 2 0 15 4 0.000818 1
4 2 0 16 4 0.000952 2
4 2 0 17 1 0.000068 0
4 2 0 18 4 0.000470 2
4 2 0 19 4 0.000652 1
4 2 0 20 4 0.000394 0
4 2 0 21 3 0.000176 1
4 2 0 22 5 0.001070 2
4 2 0 23 4 0.000646 0
4 2 0 24 4 0.000702 0
4 2 0 25 5 0.000893 1
4 2 0 26 5 0.000907 1
4 2 0 27 3 0.000737 2
4 2 0 28 5 0.000935 2
4 2 0 29 5 0.001086 2
4 2 0 30 5 0.001678 1
4 2 0 31 4 0.001486 0
4 2 0 32 4 0.001438 2
4 2 0 33 5 0.000963 1
4 2 0 34 5 0.001354 1
4 2 0 35 2 0.000262 0
4 2 0 36 5 0.001639 1
4 2 0 37 4 0.001230 0
4 2 0 38 4 0.000754 1
4 2 0 39 1 0.000101 1
4 2 0 40 5 0.001373 2
4 2 0 41 3 0.000400 1
4 2 0 42 4 0.000924 1
4 2 0 43 3 0.000498 1
4 2 0 44 4 0.001009 1
4 2 0 45 5 0.001953 2
4 2 0 46 3 0.000772 0
4 2 0 47 3 0.000186 1
4 2 0 48 3 0.000896 0
4 2 0 49 5 0.001650 0
4 2 0 50 3 0.000175 1
4 2 0 51 2 0.000354 0
4 2 0 52 1 0.000166 0
4 2 0 53 5 0.001432 2
4 2 0 54 1 0.000116 1
4 2 0 55 1 0.000245 2
4 2 0 56 5 0.001328 2
4 2 0 57 3 0.000180 1
4 2 0 58 5 0.001675 1
4 2 0 59 5 0.001095 1
4 2 0 60 3 0.000243 1
4 2 0 61 5 0.000989 1
4 2 0 62 3 0.000211 1
4 2 0 63 3 0.000599 0
4 2 0 64 3 0.000243 1
4 2 0 65 3 0.000570 2
4 2 0 66 5 0.001802 1
4 2 0 67 1 0.000252 0
4 2 0 68 3 0.000193 1
4 2 0 69 5 0.001677 1
4 2 0 70 5 0.001488 2
4 2 0 71 5 0.001412 1
4 2 0 72 1 0.000280 1
4 2 0 73 3 0.000172 1
4 2 0 74 3 0.000616 1
4 2 0 75 3 0.000396 1
4 2 0 76 3 0.000903 1
4 2 0 77 5 0.001721 1
4 2 0 78 3 0.000374 1
4 2 0 79 5 0.001807 0
4 2 0 80 4 0.001699 1
4 2 0 81 4 0.001158 1
4 2 0 82 1 0.000443 1
4 2 0 83 4 0.001252 1
4 2 0 84 3 0.000469 0
4 2 0 85 4 0.001407 1
4 2 0 86 5 0.002066 1
4 2 0 87 5 0.000943 2
4 2 0 88 3 0.001211 0
4 2 0 89 3 0.000544 1
4 2 0 90 5 0.001510 1
4 2 0 91 5 0.002055 1
4 2 0 92 3 0.000770 1
4 2 0 93 5 0.000397 1
4 2 0 94 3 0.000731 1
4 2 0 95 5 0.000868 1
4 2 0 96 5 0.001822 2
4 2 0 97 4 0.000556 1
4 2 0 98 3 0.000605 0
4 2 0 99 5 0.001189 1
4 2 1 0 1 0.000107 1
4 2 1 1 4 0.001083 0
4 2 1 2 3 0.001027 2
4 2 1 3 3 0.000706 1
4 2 1 4 3 0.000205 1
4 2 1 5 4 0.001361 1
4 2 1 6 3 0.000844 1
4 2 1 7 4 0.000990 1
4 2 1 8 5 0.000514 1
4 2 1 9 4 0.001593 0
4 2 1 10 5 0.002446 2
4 2 1 11 1 0.000331 0
4 2 1 12 5 0.002039 2
4 2 1 13 4 0.001422 1
4 2 1 14 3 0.000832 0
4 2 1 15 4 0.001082 1
4 2 1 16 4 0.001426 2
4 2 1 17 1 0.000112 0
4 2 1 18 4 0.000754 2
4 2 1 19 4 0.001350 1
4 2 1 20 4 0.000903 0
4 2 1 21 3 0.000302 1
4 2 1 22 4 0.001537 2
4 2 1 23 4 0.001477 0
4 2 1 24 4 0.001850 0
4 2 1 25 5 0.001878 1
4 2 1 26 5 0.001963 1
4 2 1 27 3 0.001205 2
4 2 1 28 5 0.001925 2
4 2 1 29 4 0.001463 2
4 2 1 30 4 0.001149 1
4 2 1 31 4 0.001766 0
4 2 1 32 4 0.001981 2
4 2 1 33 4 0.001193 1
4 2 1 34 5 0.001873 1
4 2 1 35 2 0.000391 0
4 2 1 36 5 0.002063 1
4 2 1 37 4 0.001283 0
4 2 1 38 4 0.000955 1
4 2 1 39 1 0.000095 1
4 2 1 40 5 0.001917 2
4 2 1 41 3 0.000478 1
4 2 1 42 4 0.001005 1
4 2 1 43 3 0.000624 1
4 2 1 44 4 0.001292 1
4 2 1 45 4 0.001220 2
4 2 1 46 3 0.001033 0
4 2 1 47 3 0.000288 1
4 2 1 48 3 0.001437 0
4 2 1 49 5 0.002242 0
4 2 1 50 3 0.000299 1
4 2 1 51 2 0.000484 0
4 2 1 52 1 0.000244 0
4 2 1 53 4 0.001273 2
4 2 1 54 1 0.000102 1
4 2 1 55 1 0.000815 2
4 2 1 56 4 0.001254 2
4 2 1 57 3 0.000211 1
4 2 1 58 5 0.002023 1
4 2 1 59 5 0.001643 1
4 2 1 60 3 0.000357 1
4 2 1 61 4 0.001516 1
4 2 1 62 3 0.000156 1
4 2 1 63 3 0.000422 0
4 2 1 64 3 0.000329 1
4 2 1 65 3 0.000539 2
4 2 1 66 5 0.002562 1
4 2 1 67 1 0.000358 0
4 2 1 68 3 0.000185 1
4 2 1 69 5 0.002566 1
4 2 1 70 4 0.001557 2
4 2 1 71 4 0.001731 1
4 2 1 72 1 0.000449 1
4 2 1 73 3 0.000267 1
4 2 1 74 3 0.001244 1
4 2 1 75 3 0.000431 1
4 2 1 76 3 0.001005 1
4 2 1 77 4 0.001217 1
4 2 1 78 3 0.000450 1
4 2 1 79 4 0.001312 0
4 2 1 80 4 0.001482 1
4 2 1 81 4 0.001023 1
4 2 1 82 1 0.000314 1
4 2 1 83 4 0.000953 1
4 2 1 84 3 0.000515 0
4 2 1 85 4 0.001862 1
4 2 1 86 5 0.002700 1
4 2 1 87 5 0.001018 2
4 2 1 88 3 0.000903 0
4 2 1 89 3 0.001120 1
4 2 1 90 5 0.001757 1
4 2 1 91 5 0.002006 1
4 2 1 92 3 0.000930 1
4 2 1 93 5 0.000412 1
4 2 1 94 3 0.001452 1
4 2 1 95 4 0.000877 1
4 2 1 96 5 0.002926 2
4 2 1 97 4 0.000600 1
4 2 1 98 3 0.000602 0
4 2 1 99 4 0.001621 1
4 2 2 0 1 0.000163 1
4 2 2 1 4 0.001142 0
4 2 2 2 2 0.000905 2
4 2 2 3 4 0.001472 1
4 2 2 4 4 0.000360 1
4 2 2 5 4 0.001805 1
4 2 2 6 3 0.001168 1
4 2 2 7 4 0.001567 1
4 2 2 8 5 0.000295 1
4 2 2 9 5 0.001937 0
4 2 2 10 5 0.001133 2
4 2 2 11 1 0.000218 0
4 2 2 12 5 0.001109 2
4 2 2 13 4 0.001431 1
4 2 2 14 5 0.001618 0
4 2 2 15 4 0.001230 1
4 2 2 16 4 0.001744 2
4 2 2 17 1 0.000142 0
4 2 2 18 4 0.000876 2
4 2 2 19 5 0.001797 1
4 2 2 20 4 0.000741 0
4 2 2 21 3 0.000352 1
4 2 2 22 4 0.001417 2
4 2 2 23 4 0.001162 0
4 2 2 24 4 0.001408 0
4 2 2 25 5 0.000738 1
4 2 2 26 5 0.000738 1
4 2 2 27 2 0.000551 2
4 2 2 28 5 0.001048 0
4 2 2 29 4 0.001351 2
4 2 2 30 4 0.001022 1
4 2 2 31 4 0.002223 0
4 2 2 32 4 0.002259 2
4 2 2 33 4 0.001217 1
4 2 2 34 5 0.001038 1
4 2 2 35 2 0.000399 0
4 2 2 36 5 0.001362 1
4 2 2 37 4 0.001211 0
4 2 2 38 4 0.000974 1
4 2 2 39 1 0.000128 1
4 2 2 40 5 0.000928 2
4 2 2 41 3 0.000470 1
4 2 2 42 4 0.000983 1
4 2 2 43 3 0.000586 1
4 2 2 44 5 0.001593 1
4 2 2 45 4 0.002694 2
4 2 2 46 4 0.001926 0
4 2 2 47 2 0.000171 1
4 2 2 48 2 0.000843 0
4 2 2 49 5 0.000950 0
4 2 2 50 4 0.000211 1
4 2 2 51 2 0.000473 0
4 2 2 52 1 0.000188 0
4 2 2 53 4 0.001139 2
4 2 2 54 1 0.000098 1
4 2 2 55 1 0.000310 2
4 2 2 56 4 0.001111 2
4 2 2 57 2 0.000179 1
4 2 2 58 5 0.001107 1
4 2 2 59 5 0.000837 1
4 2 2 60 4 0.000513 1
4 2 2 61 4 0.000850 1
4 2 2 62 3 0.000215 1
4 2 2 63 2 0.000118 0
4 2 2 64 2 0.000150 1
4 2 2 65 4 0.000657 2
4 2 2 66 5 0.001204 1
4 2 2 67 1 0.000322 0
4 2 2 68 4 0.000200 1
4 2 2 69 5 0.001029 1
4 2 2 70 4 0.001172 2
4 2 2 71 4 0.001042 1
4 2 2 72 1 0.000331 1
4 2 2 73 4 0.000216 1
4 2 2 74 3 0.000747 1
4 2 2 75 4 0.000515 1
4 2 2 76 4 0.001386 1
4 2 2 77 4 0.001286 1
4 2 2 78 2 0.000147 1
4 2 2 79 4 0.001277 0
4 2 2 80 4 0.001765 1
4 2 2 81 4 0.001088 1
4 2 2 82 1 0.000434 1
4 2 2 83 4 0.001194 1
4 2 2 84 3 0.000473 0
4 2 2 85 4 0.001333 1
4 2 2 86 5 0.000935 1
4 2 2 87 5 0.000796 0
4 2 2 88 4 0.001316 0
4 2 2 89 3 0.000631 1
4 2 2 90 5 0.000903 1
4 2 2 91 5 0.001199 1
4 2 2 92 3 0.000900 1
4 2 2 93 5 0.000203 1
4 2 2 94 3 0.000934 1
4 2 2 95 4 0.000788 1
4 2 2 96 5 0.001051 2
4 2 2 97 4 0.000486 1
4 2 2 98 2 0.000575 0
4 2 2 99 4 0.000988 1
4 4 0 0 2 0.000315 1
4 4 0 1 5 0.001288 0
4 4 0 2 4 0.001496 2
4 4 0 3 4 0.001368 1
4 4 0 4 4 0.000313 1
4 4 0 5 5 0.001780 1
4 4 0 6 2 0.000780 1
4 4 0 7 4 0.001551 1
4 4 0 8 6 0.000476 1
4 4 0 9 4 0.001422 0
4 4 0 10 6 0.001921 2
4 4 0 11 2 0.000357 2
4 4 0 12 6 0.002556 2
4 4 0 13 4 0.001754 1
4 4 0 14 4 0.001958 0
4 4 0 15 5 0.001802 1
4 4 0 16 4 0.001647 2
4 4 0 17 2 0.000235 0
4 4 0 18 3 0.000843 2
4 4 0 19 4 0.001382 1
4 4 0 20 4 0.000679 0
4 4 0 21 2 0.000207 1
4 4 0 22 5 0.001804 2
4 4 0 23 5 0.001825 0
4 4 0 24 5 0.002490 0
4 4 0 25 6 0.003013 1
4 4 0 26 6 0.002320 2
4 4 0 27 4 0.002117 2
4 4 0 28 6 0.002553 2
4 4 0 29 5 0.001707 2
4 4 0 30 5 0.001589 1
4 4 0 31 5 0.001930 0
4 4 0 32 4 0.001962 2
4 4 0 33 5 0.003203 1
4 4 0 34 6 0.003056 2
4 4 0 35 2 0.000670 0
4 4 0 36 6 0.002190 1
4 4 0 37 5 0.001706 0
4 4 0 38 4 0.001181 1
4 4 0 39 2 0.000264 1
4 4 0 40 6 0.002234 2
4 4 0 41 2 0.000433 2
4 4 0 42 4 0.001504 1
4 4 0 43 3 0.000978 1
4 4 0 44 4 0.001465 2
4 4 0 45 5 0.002220 2
4 4 0 46 4 0.001849 0
4 4 0 47 4 0.000297 1
4 4 0 48 4 0.001390 0
4 4 0 49 6 0.002595 0
4 4 0 50 4 0.000263 1
4 4 0 51 3 0.000796 0
4 4 0 52 2 0.000354 0
4 4 0 53 5 0.002098 2
4 4 0 54 2 0.000245 1
4 4 0 55 2 0.000623 2
4 4 0 56 5 0.002063 2
4 4 0 57 4 0.000343 1
4 4 0 58 6 0.002412 1
4 4 0 59 6 0.001824 1
4 4 0 60 4 0.000478 1
4 4 0 61 5 0.001972 1
4 4 0 62 2 0.000149 1
4 4 0 63 4 0.000734 0
4 4 0 64 4 0.000466 1
4 4 0 65 4 0.000813 2
4 4 0 66 6 0.002465 1
4 4 0 67 2 0.000916 0
4 4 0 68 4 0.000414 1
4 4 0 69 6 0.002825 1
4 4 0 70 5 0.001673 2
4 4 0 71 5 0.001658 1
4 4 0 72 2 0.000762 1
4 4 0 73 4 0.000255 1
4 4 0 74 4 0.001140 1
4 4 0 75 4 0.000688 1
4 4 0 76 4 0.001374 1
4 4 0 77 5 0.001530 1
4 4 0 78 4 0.001062 1
4 4 0 79 5 0.001692 0
4 4 0 80 5 0.001976 1
4 4 0 81 5 0.001329 1
4 4 0 82 2 0.000958 1
4 4 0 83 5 0.001938 1
4 4 0 84 2 0.000361 0
4 4 0 85 5 0.002186 1
4 4 0 86 6 0.002182 1
4 4 0 87 6 0.001156 2
4 4 0 88 4 0.001358 0
4 4 0 89 3 0.000811 1
4 4 0 90 6 0.002437 1
4 4 0 91 6 0.002622 1
4 4 0 92 4 0.001251 1
4 4 0 93 6 0.000548 1
4 4 0 94 2 0.000806 2
4 4 0 95 5 0.001400 1
4 4 0 96 6 0.002063 2
4 4 0 97 4 0.000568 1
4 4 0 98 4 0.000692 0
4 4 0 99 5 0.001848 2
4 4 1 0 2 0.000236 1
4 4 1 1 5 0.001168 0
4 4 1 2 4 0.001481 2
4 4 1 3 4 0.001160 1
4 4 1 4 4 0.000383 1
4 4 1 5 5 0.002017 1
4 4 1 6 2 0.000861 1
4 4 1 7 4 0.001264 1
4 4 1 8 6 0.000504 1
4 4 1 9 4 0.001951 0
4 4 1 10 6 0.002557 2
4 4 1 11 2 0.000331 2
4 4 1 12 6 0.002487 2
4 4 1 13 4 0.001388 1
4 4 1 14 4 0.001397 0
4 4 1 15 5 0.001521 1
4 4 1 16 4 0.001864 2
4 4 1 17 2 0.000342 0
4 4 1 18 3 0.001255 2
4 4 1 19 4 0.001710 1
4 4 1 20 4 0.000689 0
4 4 1 21 2 0.000215 1
4 4 1 22 5 0.001968 2
4 4 1 23 5 0.001480 0
4 4 1 24 5 0.001794 0
4 4 1 25 6 0.002490 1
4 4 1 26 6 0.002517 2
4 4 1 27 4 0.001963 2
4 4 1 28 6 0.003068 2
4 4 1 29 5 0.002058 2
4 4 1 30 5 0.001684 1
4 4 1 31 5 0.002206 0
4 4 1 32 4 0.001527 2
4 4 1 33 5 0.001566 1
4 4 1 34 6 0.002179 2
4 4 1 35 2 0.000706 0
4 4 1 36 6 0.002399 1
4 4 1 37 5 0.002270 0
4 4 1 38 4 0.001617 1
4 4 1 39 2 0.000361 1
4 4 1 40 6 0.003088 2
4 4 1 41 2 0.000303 2
4 4 1 42 4 0.001110 1
4 4 1 43 3 0.000918 1
4 4 1 44 4 0.001867 2
4 4 1 45 5 0.001929 2
4 4 1 46 4 0.001818 0
4 4 1 47 4 0.000286 1
4 4 1 48 4 0.001323 0
4 4 1 49 6 0.002973 0
4 4 1 50 4 0.000244 1
4 4 1 51 3 0.000840 0
4 4 1 52 2 0.000416 0
4 4 1 53 5 0.001615 2
4 4 1 54 2 0.000226 1
4 4 1 55 2 0.000612 2
4 4 1 56 5 0.001652 2
4 4 1 57 4 0.000285 1
4 4 1 58 6 0.002478 1
4 4 1 59 6 0.002202 1
4 4 1 60 4 0.000552 1
4 4 1 61 5 0.001571 1
4 4 1 62 2 0.000120 1
4 4 1 63 4 0.000621 0
4 4 1 64 4 0.000509 1
4 4 1 65 4 0.000630 2
4 4 1 66 6 0.002074 1
4 4 1 67 2 0.000685 0
4 4 1 68 4 0.000222 1
4 4 1 69 6 0.002245 1
4 4 1 70 5 0.002182 2
4 4 1 71 5 0.001979 1
4 4 1 72 2 0.000723 1
4 4 1 73 4 0.000226 1
4 4 1 74 4 0.001063 1
4 4 1 75 4 0.000617 1
4 4 1 76 4 0.001341 1
4 4 1 77 5 0.001435 1
4 4 1 78 4 0.000606 1
4 4 1 79 5 0.001641 0
4 4 1 80 5 0.001663 1
4 4 1 81 5 0.002962 1
4 4 1 82 2 0.000666 1
4 4 1 83 5 0.001733 1
4 4 1 84 2 0.000225 0
4 4 1 85 5 0.001489 1
4 4 1 86 6 0.002073 1
4 4 1 87 6 0.001040 2
4 4 1 88 4 0.001502 0
4 4 1 89 3 0.000771 1
4 4 1 90 6 0.002276 1
4 4 1 91 6 0.002143 1
4 4 1 92 4 0.001545 1
4 4 1 93 6 0.000700 1
4 4 1 94 2 0.000827 2
4 4 1 95 5 0.001608 1
4 4 1 96 6 0.002136 2
4 4 1 97 4 0.000715 1
4 4 1 98 4 0.000951 0
4 4 1 99 5 0.001813 2
4 4 2 0 2 0.000246 1
4 4 2 1 4 0.001146 0
4 4 2 2 3 0.001069 2
4 4 2 3 5 0.001733 1
4 4 2 4 4 0.000339 1
4 4 2 5 5 0.001596 1
4 4 2 6 2 0.000753 1
4 4 2 7 4 0.001228 1
4 4 2 8 5 0.000285 1
4 4 2 9 4 0.002101 0
4 4 2 10 6 0.002020 2
4 4 2 11 2 0.000624 2
4 4 2 12 5 0.001923 2
4 4 2 13 4 0.001726 1
4 4 2 14 4 0.001596 0
4 4 2 15 4 0.001303 1
4 4 2 16 4 0.001979 2
4 4 2 17 2 0.000254 0
4 4 2 18 3 0.000956 2
4 4 2 19 4 0.001753 1
4 4 2 20 4 0.000969 0
4 4 2 21 2 0.000323 1
4 4 2 22 5 0.001903 2
4 4 2 23 4 0.001887 0
4 4 2 24 5 0.001964 0
4 4 2 25 5 0.002303 1
4 4 2 26 5 0.001849 2
4 4 2 27 3 0.001545 2
4 4 2 28 5 0.002191 2
4 4 2 29 5 0.002665 2
4 4 2 30 5 0.002205 1
4 4 2 31 4 0.002439 0
4 4 2 32 4 0.002322 2
4 4 2 33 4 0.002078 1
4 4 2 34 5 0.002387 2
4 4 2 35 2 0.000849 0
4 4 2 36 5 0.002198 1
4 4 2 37 5 0.001880 0
4 4 2 38 4 0.001335 1
4 4 2 39 2 0.000240 1
4 4 2 40 6 0.002129 2
4 4 2 41 2 0.000449 2
4 4 2 42 4 0.001382 1
4 4 2 43 3 0.000896 1
4 4 2 44 4 0.001763 2
4 4 2 45 5 0.002067 2
4 4 2 46 5 0.002131 0
4 4 2 47 3 0.000280 1
4 4 2 48 3 0.001072 0
4 4 2 49 5 0.001881 0
4 4 2 50 4 0.000241 1
4 4 2 51 3 0.000748 0
4 4 2 52 2 0.000324 0
4 4 2 53 5 0.001600 2
4 4 2 54 2 0.000217 1
4 4 2 55 2 0.000617 2
4 4 2 56 5 0.001585 2
4 4 2 57 3 0.000400 1
4 4 2 58 5 0.001672 1
4 4 2 59 5 0.002001 1
4 4 2 60 4 0.000510 1
4 4 2 61 4 0.001173 1
4 4 2 62 2 0.000195 1
4 4 2 63 3 0.000463 0
4 4 2 64 3 0.000273 1
4 4 2 65 4 0.000616 2
4 4 2 66 5 0.001611 1
4 4 2 67 2 0.000971 0
4 4 2 68 4 0.000242 1
4 4 2 69 5 0.001702 1
4 4 2 70 5 0.001716 2
4 4 2 71 5 0.001379 1
4 4 2 72 2 0.000634 1
4 4 2 73 4 0.000232 1
4 4 2 74 4 0.001193 1
4 4 2 75 4 0.000618 1
4 4 2 76 4 0.001257 1
4 4 2 77 5 0.001541 1
4 4 2 78 3 0.000325 1
4 4 2 79 5 0.001342 0
4 4 2 80 4 0.001250 1
4 4 2 81 4 0.000998 1
4 4 2 82 2 0.000676 1
4 4 2 83 4 0.001062 1
4 4 2 84 2 0.000301 0
4 4 2 85 5 0.001365 1
4 4 2 86 6 0.001601 1
4 4 2 87 5 0.000985 2
4 4 2 88 5 0.001752 0
4 4 2 89 3 0.000727 1
4 4 2 90 6 0.001649 1
4 4 2 91 6 0.001614 1
4 4 2 92 4 0.001048 1
4 4 2 93 5 0.000265 1
4 4 2 94 2 0.000553 2
4 4 2 95 4 0.000848 1
4 4 2 96 6 0.001654 2
4 4 2 97 4 0.000517 1
4 4 2 98 3 0.000506 0
4 4 2 99 4 0.001158 2
4 4 4 0 2 0.000242 1
4 4 4 1 4 0.000715 0
4 4 4 2 3 0.000718 2
4 4 4 3 4 0.000689 1
4 4 4 4 3 0.000116 1
4 4 4 5 5 0.000725 1
4 4 4 6 2 0.000523 1
4 4 4 7 4 0.000650 1
4 4 4 8 - - -
4 4 4 9 3 0.000539 0
4 4 4 10 - - -
4 4 4 11 2 0.000294 2
4 4 4 12 - - -
4 4 4 13 3 0.000521 1
4 4 4 14 3 0.000686 0
4 4 4 15 4 0.000721 1
4 4 4 16 3 0.000516 2
4 4 4 17 2 0.000247 0
4 4 4 18 3 0.000751 2
4 4 4 19 3 0.000634 1
4 4 4 20 3 0.000396 0
4 4 4 21 2 0.000186 1
4 4 4 22 5 0.000641 2
4 4 4 23 4 0.000642 0
4 4 4 24 4 0.000566 0
4 4 4 25 - - -
4 4 4 26 - - -
4 4 4 27 3 0.000464 2
4 4 4 28 - - -
4 4 4 29 5 0.000658 2
4 4 4 30 5 0.000711 1
4 4 4 31 3 0.000458 0
4 4 4 32 3 0.000475 2
4 4 4 33 4 0.000797 1
4 4 4 34 - - -
4 4 4 35 2 0.000517 0
4 4 4 36 - - -
4 4 4 37 4 0.000575 0
4 4 4 38 4 0.000768 1
4 4 4 39 2 0.000176 1
4 4 4 40 - - -
4 4 4 41 2 0.000241 2
4 4 4 42 4 0.000799 1
4 4 4 43 3 0.000637 1
4 4 4 44 3 0.000481 2
4 4 4 45 5 0.000576 2
4 4 4 46 4 0.000668 0
4 4 4 47 3 0.000157 1
4 4 4 48 3 0.000639 0
4 4 4 49 - - -
4 4 4 50 3 0.000112 1
4 4 4 51 3 0.000597 0
4 4 4 52 2 0.000271 0
4 4 4 53 5 0.000543 2
4 4 4 54 2 0.000203 1
4 4 4 55 2 0.000556 2
4 4 4 56 5 0.000579 2
4 4 4 57 3 0.000108 1
4 4 4 58 - - -
4 4 4 59 - - -
4 4 4 60 3 0.000197 1
4 4 4 61 4 0.000695 1
4 4 4 62 2 0.000097 1
4 4 4 63 3 0.000097 0
4 4 4 64 3 0.000173 1
4 4 4 65 3 0.000342 0
4 4 4 66 - - -
4 4 4 67 2 0.000638 0
4 4 4 68 3 0.000119 1
4 4 4 69 - - -
4 4 4 70 5 0.000629 2
4 4 4 71 5 0.000876 1
4 4 4 72 2 0.000607 1
4 4 4 73 3 0.000286 1
4 4 4 74 4 0.000853 1
4 4 4 75 3 0.000167 1
4 4 4 76 3 0.000710 1
4 4 4 77 5 0.001192 1
4 4 4 78 3 0.000143 1
4 4 4 79 5 0.000541 0
4 4 4 80 3 0.000488 1
4 4 4 81 4 0.000633 1
4 4 4 82 2 0.000498 1
4 4 4 83 4 0.000841 1
4 4 4 84 2 0.000275 0
4 4 4 85 4 0.000917 1
4 4 4 86 - - -
4 4 4 87 - - -
4 4 4 88 4 0.000681 0
4 4 4 89 3 0.000614 1
4 4 4 90 - - -
4 4 4 91 - - -
4 4 4 92 4 0.000798 1
4 4 4 93 - - -
4 4 4 94 2 0.000519 2
4 4 4 95 4 0.000558 1
4 4 4 96 - - -
4 4 4 97 3 0.000290 1
4 4 4 98 3 0.000597 0
4 4 4 99 4 0.000770 2
8 1 0 0 7 0.001207 1
8 1 0 1 7 0.001623 0
8 1 0 2 8 0.001499 2
8 1 0 3 8 0.001271 0
8 1 0 4 7 0.000795 1
8 1 0 5 4 0.000314 1
8 1 0 6 7 0.000941 0
8 1 0 7 6 0.000822 1
8 1 0 8 5 0.000448 2
8 1 0 9 7 0.000733 0
8 1 0 10 8 0.001352 0
8 1 0 11 7 0.000778 0
8 1 0 12 8 0.001885 1
8 1 0 13 7 0.001776 2
8 1 0 14 8 0.001217 0
8 1 0 15 7 0.001371 1
8 1 0 16 7 0.001376 0
8 1 0 17 8 0.001609 1
8 1 0 18 8 0.001288 0
8 1 0 19 7 0.001009 1
8 1 0 20 8 0.001302 2
8 1 0 21 6 0.000624 0
8 1 0 22 8 0.001226 1
8 1 0 23 7 0.001105 1
8 1 0 24 7 0.000877 1
8 1 0 25 8 0.001831 2
8 1 0 26 8 0.001944 2
8 1 0 27 7 0.001428 0
8 1 0 28 8 0.001383 1
8 1 0 29 8 0.001053 2
8 1 0 30 7 0.001421 1
8 1 0 31 6 0.001193 1
8 1 0 32 7 0.000795 1
8 1 0 33 7 0.001093 1
8 1 0 34 6 0.000854 1
8 1 0 35 6 0.000530 1
8 1 0 36 8 0.001765 0
8 1 0 37 6 0.001166 0
8 1 0 38 7 0.001783 0
8 1 0 39 8 0.002887 2
8 1 0 40 6 0.000678 0
8 1 0 41 7 0.000728 1
8 1 0 42 6 0.000805 1
8 1 0 43 8 0.001831 1
8 1 0 44 6 0.001146 1
8 1 0 45 7 0.001160 0
8 1 0 46 8 0.001974 0
8 1 0 47 8 0.001104 1
8 1 0 48 6 0.000798 1
8 1 0 49 7 0.001238 2
8 1 0 50 8 0.001774 0
8 1 0 51 8 0.002072 2
8 1 0 52 8 0.001832 1
8 1 0 53 8 0.001614 0
8 1 0 54 8 0.000977 1
8 1 0 55 7 0.001021 0
8 1 0 56 7 0.000866 1
8 1 0 57 8 0.001858 1
8 1 0 58 8 0.001906 0
8 1 0 59 8 0.001516 0
8 1 0 60 8 0.001788 0
8 1 0 61 7 0.001540 1
8 1 0 62 6 0.001062 1
8 1 0 63 8 0.001219 1
8 1 0 64 8 0.002242 2
8 1 0 65 7 0.001264 1
8 1 0 66 8 0.001472 1
8 1 0 67 8 0.001650 2
8 1 0 68 8 0.001454 0
8 1 0 69 7 0.001560 0
8 1 0 70 7 0.001016 1
8 1 0 71 7 0.001277 1
8 1 0 72 7 0.001363 0
8 1 0 73 7 0.001652 0
8 1 0 74 7 0.000843 1
8 1 0 75 8 0.001328 0
8 1 0 76 8 0.001790 1
8 1 0 77 8 0.001344 1
8 1 0 78 8 0.001139 1
8 1 0 79 6 0.000539 1
8 1 0 80 8 0.001853 1
8 1 0 81 8 0.001107 2
8 1 0 82 6 0.000684 1
8 1 0 83 6 0.000856 1
8 1 0 84 7 0.001103 1
8 1 0 85 6 0.001420 0
8 1 0 86 8 0.001353 0
8 1 0 87 7 0.001097 1
8 1 0 88 8 0.001711 1
8 1 0 89 8 0.001890 0
8 1 0 90 8 0.001725 2
8 1 0 91 7 0.001050 1
8 1 0 92 7 0.001681 0
8 1 0 93 6 0.000744 0
8 1 0 94 8 0.001327 1
8 1 0 95 8 0.001639 1
8 1 0 96 6 0.001004 1
8 1 0 97 8 0.001372 1
8 1 0 98 8 0.001782 1
8 1 0 99 8 0.001590 0
8 1 1 0 7 0.000990 1
8 1 1 1 7 0.001359 0
8 1 1 2 8 0.001805 2
8 1 1 3 8 0.001339 0
8 1 1 4 7 0.000898 1
8 1 1 5 4 0.000395 1
8 1 1 6 7 0.001013 0
8 1 1 7 6 0.000875 1
8 1 1 8 5 0.000317 2
8 1 1 9 7 0.000850 0
8 1 1 10 8 0.001507 0
8 1 1 11 7 0.001097 0
8 1 1 12 8 0.001619 1
8 1 1 13 7 0.001645 2
8 1 1 14 8 0.001247 0
8 1 1 15 7 0.001468 1
8 1 1 16 7 0.001983 0
8 1 1 17 8 0.001782 1
8 1 1 18 8 0.001546 0
8 1 1 19 7 0.000988 1
8 1 1 20 8 0.001402 2
8 1 1 21 6 0.000801 0
8 1 1 22 8 0.001190 1
8 1 1 23 7 0.001242 1
8 1 1 24 7 0.000991 1
8 1 1 25 8 0.001433 2
8 1 1 26 8 0.001678 2
8 1 1 27 7 0.001439 0
8 1 1 28 8 0.001824 1
8 1 1 29 8 0.001423 2
8 1 1 30 7 0.001668 1
8 1 1 31 6 0.001176 1
8 1 1 32 7 0.000594 1
8 1 1 33 7 0.001067 1
8 1 1 34 6 0.000880 1
8 1 1 35 6 0.000523 1
8 1 1 36 8 0.001324 0
8 1 1 37 6 0.000900 0
8 1 1 38 7 0.001357 0
8 1 1 39 8 0.002001 2
8 1 1 40 6 0.000767 0
8 1 1 41 7 0.000724 1
8 1 1 42 6 0.000810 1
8 1 1 43 8 0.001905 1
8 1 1 44 6 0.001158 1
8 1 1 45 7 0.001061 0
8 1 1 46 8 0.002217 0
8 1 1 47 8 0.000900 1
8 1 1 48 6 0.000806 1
8 1 1 49 7 0.001100 2
8 1 1 50 8 0.001714 0
8 1 1 51 8 0.001962 2
8 1 1 52 8 0.001791 1
8 1 1 53 8 0.001659 0
8 1 1 54 8 0.000957 1
8 1 1 55 7 0.000998 0
8 1 1 56 7 0.001360 1
8 1 1 57 8 0.002004 1
8 1 1 58 8 0.002220 0
8 1 1 59 8 0.001446 0
8 1 1 60 8 0.002220 0
8 1 1 61 7 0.001639 1
8 1 1 62 6 0.001271 1
8 1 1 63 8 0.001459 1
8 1 1 64 8 0.002552 2
8 1 1 65 7 0.001569 1
8 1 1 66 8 0.001545 1
8 1 1 67 8 0.002045 2
8 1 1 68 8 0.001638 0
8 1 1 69 7 0.002330 0
8 1 1 70 7 0.001193 1
8 1 1 71 7 0.001628 1
8 1 1 72 7 0.001290 0
8 1 1 73 7 0.001531 0
8 1 1 74 7 0.000784 1
8 1 1 75 8 0.001256 0
8 1 1 76 8 0.001389 1
8 1 1 77 8 0.001329 1
8 1 1 78 8 0.000888 1
8 1 1 79 6 0.000485 1
8 1 1 80 8 0.001866 1
8 1 1 81 8 0.001052 2
8 1 1 82 6 0.000574 1
8 1 1 83 6 0.000913 1
8 1 1 84 7 0.000982 1
8 1 1 85 6 0.001128 0
8 1 1 86 8 0.001269 0
8 1 1 87 7 0.000875 1
8 1 1 88 8 0.001107 1
8 1 1 89 8 0.001532 0
8 1 1 90 8 0.001400 2
8 1 1 91 7 0.000900 1
8 1 1 92 7 0.001432 0
8 1 1 93 6 0.000629 0
8 1 1 94 8 0.001088 1
8 1 1 95 8 0.001435 1
8 1 1 96 6 0.000865 1
8 1 1 97 8 0.001285 1
8 1 1 98 8 0.001455 1
8 1 1 99 8 0.001165 0
8 2 0 0 9 0.001843 1
8 2 0 1 7 0.001573 0
8 2 0 2 7 0.002621 2
8 2 0 3 8 0.001835 0
8 2 0 4 4 0.000715 1
8 2 0 5 4 0.000510 1
8 2 0 6 9 0.002042 0
8 2 0 7 6 0.001318 1
8 2 0 8 5 0.000699 2
8 2 0 9 8 0.001421 2
8 2 0 10 8 0.002138 0
8 2 0 11 6 0.000864 0
8 2 0 12 7 0.001888 1
8 2 0 13 9 0.002539 2
8 2 0 14 8 0.001751 0
8 2 0 15 9 0.002293 1
8 2 0 16 8 0.002082 0
8 2 0 17 8 0.003544 1
8 2 0 18 7 0.002145 0
8 2 0 19 6 0.001024 1
8 2 0 20 9 0.002425 2
8 2 0 21 6 0.001278 0
8 2 0 22 9 0.003039 1
8 2 0 23 9 0.002069 1
8 2 0 24 4 0.000803 2
8 2 0 25 6 0.001566 2
8 2 0 26 9 0.002347 2
8 2 0 27 9 0.002034 0
8 2 0 28 10 0.002142 1
8 2 0 29 9 0.001922 2
8 2 0 30 9 0.002564 1
8 2 0 31 8 0.002184 1
8 2 0 32 7 0.000945 1
8 2 0 33 8 0.001585 2
8 2 0 34 8 0.001996 1
8 2 0 35 8 0.001463 1
8 2 0 36 10 0.002231 0
8 2 0 37 8 0.001840 0
8 2 0 38 8 0.001975 0
8 2 0 39 10 0.002915 2
8 2 0 40 7 0.001215 0
8 2 0 41 7 0.001073 1
8 2 0 42 8 0.001555 1
8 2 0 43 9 0.002586 1
8 2 0 44 8 0.001668 1
8 2 0 45 9 0.001787 0
8 2 0 46 10 0.002888 0
8 2 0 47 6 0.001187 1
8 2 0 48 7 0.001537 1
8 2 0 49 6 0.000955 2
8 2 0 50 8 0.002101 0
8 2 0 51 10 0.002667 2
8 2 0 52 10 0.003049 2
8 2 0 53 9 0.002859 0
8 2 0 54 8 0.001663 2
8 2 0 55 8 0.001653 0
8 2 0 56 9 0.001771 1
8 2 0 57 7 0.002151 1
8 2 0 58 10 0.002985 0
8 2 0 59 7 0.001647 0
8 2 0 60 10 0.003080 0
8 2 0 61 10 0.003502 1
8 2 0 62 7 0.001448 1
8 2 0 63 9 0.002067 2
8 2 0 64 10 0.002871 2
8 2 0 65 8 0.001946 1
8 2 0 66 8 0.001982 1
8 2 0 67 10 0.003048 2
8 2 0 68 9 0.002493 0
8 2 0 69 9 0.002738 0
8 2 0 70 8 0.001824 1
8 2 0 71 8 0.002216 1
8 2 0 72 9 0.002677 0
8 2 0 73 8 0.002471 0
8 2 0 74 8 0.001522 1
8 2 0 75 8 0.002350 0
8 2 0 76 8 0.002386 1
8 2 0 77 9 0.003154 1
8 2 0 78 9 0.001456 1
8 2 0 79 6 0.000902 2
8 2 0 80 10 0.003226 1
8 2 0 81 8 0.001721 2
8 2 0 82 6 0.000867 1
8 2 0 83 5 0.001253 1
8 2 0 84 8 0.001712 1
8 2 0 85 7 0.001922 0
8 2 0 86 7 0.001665 0
8 2 0 87 8 0.001769 1
8 2 0 88 5 0.001155 1
8 2 0 89 9 0.002667 0
8 2 0 90 8 0.002337 2
8 2 0 91 7 0.002026 2
8 2 0 92 8 0.002587 0
8 2 0 93 7 0.001311 0
8 2 0 94 10 0.002921 1
8 2 0 95 9 0.002800 1
8 2 0 96 5 0.000971 1
8 2 0 97 9 0.002256 1
8 2 0 98 9 0.002536 1
8 2 0 99 7 0.001623 0
8 2 1 0 9 0.001795 1
8 2 1 1 7 0.001700 0
8 2 1 2 7 0.001927 2
8 2 1 3 7 0.001307 0
8 2 1 4 4 0.000740 1
8 2 1 5 4 0.000512 1
8 2 1 6 9 0.002234 0
8 2 1 7 6 0.001164 1
8 2 1 8 5 0.000705 2
8 2 1 9 8 0.001502 2
8 2 1 10 8 0.002057 0
8 2 1 11 6 0.000870 0
8 2 1 12 7 0.002159 1
8 2 1 13 9 0.002918 2
8 2 1 14 8 0.001727 0
8 2 1 15 9 0.002409 1
8 2 1 16 8 0.001969 0
8 2 1 17 8 0.002376 1
8 2 1 18 7 0.001553 0
8 2 1 19 6 0.001063 1
8 2 1 20 8 0.001799 2
8 2 1 21 6 0.000743 0
8 2 1 22 9 0.001723 1
8 2 1 23 9 0.001865 1
8 2 1 24 4 0.000674 2
8 2 1 25 6 0.001417 2
8 2 1 26 8 0.001888 2
8 2 1 27 9 0.001869 0
8 2 1 28 9 0.001972 1
8 2 1 29 8 0.001285 2
8 2 1 30 8 0.001912 1
8 2 1 31 8 0.001888 1
8 2 1 32 7 0.001202 1
8 2 1 33 8 0.001415 2
8 2 1 34 8 0.001665 1
8 2 1 35 8 0.001245 1
8 2 1 36 9 0.001861 0
8 2 1 37 8 0.001894 0
8 2 1 38 8 0.002093 0
8 2 1 39 9 0.002411 2
8 2 1 40 7 0.001231 0
8 2 1 41 7 0.000882 1
8 2 1 42 8 0.001478 1
8 2 1 43 8 0.002075 1
8 2 1 44 8 0.001776 1
8 2 1 45 9 0.001810 0
8 2 1 46 9 0.002201 0
8 2 1 47 6 0.000932 1
8 2 1 48 7 0.001230 1
8 2 1 49 6 0.000842 2
8 2 1 50 8 0.001868 0
8 2 1 51 9 0.002077 2
8 2 1 52 9 0.002253 2
8 2 1 53 9 0.002621 0
8 2 1 54 8 0.001478 2
8 2 1 55 8 0.001497 0
8 2 1 56 9 0.001449 1
8 2 1 57 7 0.002084 1
8 2 1 58 9 0.002303 0
8 2 1 59 7 0.001422 0
8 2 1 60 9 0.002168 0
8 2 1 61 9 0.002277 1
8 2 1 62 7 0.001521 1
8 2 1 63 9 0.002214 2
8 2 1 64 9 0.002226 2
8 2 1 65 8 0.001751 1
8 2 1 66 8 0.001602 1
8 2 1 67 9 0.002001 2
8 2 1 68 8 0.001609 0
8 2 1 69 8 0.001799 0
8 2 1 70 7 0.001274 1
8 2 1 71 8 0.001758 1
8 2 1 72 9 0.001888 0
8 2 1 73 8 0.001888 0
8 2 1 74 8 0.001140 1
8 2 1 75 8 0.001640 0
8 2 1 76 8 0.001674 1
8 2 1 77 9 0.002004 1
8 2 1 78 9 0.001196 1
8 2 1 79 6 0.000676 2
8 2 1 80 9 0.002215 1
8 2 1 81 8 0.001953 2
8 2 1 82 6 0.000735 1
8 2 1 83 5 0.001178 1
8 2 1 84 8 0.001437 1
8 2 1 85 7 0.001558 0
8 2 1 86 7 0.001381 0
8 2 1 87 8 0.001440 1
8 2 1 88 5 0.001313 1
8 2 1 89 8 0.001882 0
8 2 1 90 8 0.002042 2
8 2 1 91 7 0.001645 2
8 2 1 92 7 0.001749 0
8 2 1 93 7 0.000948 0
8 2 1 94 9 0.001668 1
8 2 1 95 9 0.002187 1
8 2 1 96 5 0.000813 1
8 2 1 97 9 0.001716 1
8 2 1 98 9 0.001865 1
8 2 1 99 7 0.001352 0
8 2 2 0 7 0.000863 1
8 2 2 1 8 0.001501 0
8 2 2 2 8 0.001691 2
8 2 2 3 8 0.001298 0
8 2 2 4 4 0.000727 1
8 2 2 5 4 0.000479 1
8 2 2 6 - - -
8 2 2 7 7 0.001143 1
8 2 2 8 5 0.000638 2
8 2 2 9 7 0.000835 2
8 2 2 10 6 0.000974 0
8 2 2 11 6 0.000576 0
8 2 2 12 9 0.001215 1
8 2 2 13 - - -
8 2 2 14 8 0.001446 0
8 2 2 15 8 0.002073 1
8 2 2 16 8 0.001241 0
8 2 2 17 8 0.001634 1
8 2 2 18 9 0.000943 0
8 2 2 19 7 0.001021 1
8 2 2 20 - - -
8 2 2 21 5 0.000600 0
8 2 2 22 9 0.000740 1
8 2 2 23 9 0.000880 1
8 2 2 24 6 0.001403 2
8 2 2 25 5 0.000878 2
8 2 2 26 5 0.000812 2
8 2 2 27 9 0.000689 0
8 2 2 28 - - -
8 2 2 29 - - -
8 2 2 30 - - -
8 2 2 31 9 0.001389 1
8 2 2 32 8 0.000866 1
8 2 2 33 9 0.000933 0
8 2 2 34 6 0.001229 1
8 2 2 35 8 0.001194 1
8 2 2 36 9 0.000930 0
8 2 2 37 8 0.001721 0
8 2 2 38 9 0.001218 0
8 2 2 39 - - -
8 2 2 40 7 0.001112 0
8 2 2 41 6 0.000699 1
8 2 2 42 6 0.000933 1
8 2 2 43 - - -
8 2 2 44 8 0.001233 1
8 2 2 45 8 0.001352 0
8 2 2 46 - - -
8 2 2 47 6 0.000698 1
8 2 2 48 6 0.000905 1
8 2 2 49 8 0.001190 2
8 2 2 50 - - -
8 2 2 51 9 0.000824 2
8 2 2 52 - - -
8 2 2 53 - - -
8 2 2 54 6 0.000955 2
8 2 2 55 6 0.000804 0
8 2 2 56 9 0.000708 1
8 2 2 57 9 0.001410 1
8 2 2 58 - - -
8 2 2 59 9 0.000861 0
8 2 2 60 - - -
8 2 2 61 9 0.001056 1
8 2 2 62 6 0.000743 1
8 2 2 63 8 0.000919 2
8 2 2 64 9 0.000885 2
8 2 2 65 8 0.001334 1
8 2 2 66 8 0.001552 1
8 2 2 67 - - -
8 2 2 68 - - -
8 2 2 69 8 0.000772 0
8 2 2 70 - - -
8 2 2 71 8 0.001513 1
8 2 2 72 9 0.000865 0
8 2 2 73 9 0.001307 0
8 2 2 74 8 0.000705 1
8 2 2 75 9 0.001039 0
8 2 2 76 9 0.000778 1
8 2 2 77 - - -
8 2 2 78 9 0.000882 1
8 2 2 79 5 0.000443 2
8 2 2 80 - - -
8 2 2 81 7 0.000964 2
8 2 2 82 7 0.000897 1
8 2 2 83 5 0.001382 1
8 2 2 84 8 0.000826 1
8 2 2 85 8 0.001691 0
8 2 2 86 8 0.001517 0
8 2 2 87 8 0.001384 1
8 2 2 88 8 0.001592 1
8 2 2 89 5 0.000708 0
8 2 2 90 - - -
8 2 2 91 4 0.000604 2
8 2 2 92 7 0.000817 0
8 2 2 93 4 0.000446 0
8 2 2 94 - - -
8 2 2 95 9 0.001219 1
8 2 2 96 7 0.001237 1
8 2 2 97 9 0.000716 1
8 2 2 98 - - -
8 2 2 99 - - -
8 4 0 0 8 0.001775 1
8 4 0 1 7 0.001575 0
8 4 0 2 11 0.002989 2
8 4 0 3 11 0.002331 0
8 4 0 4 5 0.001005 1
8 4 0 5 3 0.000431 1
8 4 0 6 11 0.003065 0
8 4 0 7 5 0.001183 1
8 4 0 8 5 0.000884 2
8 4 0 9 8 0.001945 2
8 4 0 10 10 0.002622 0
8 4 0 11 8 0.001439 0
8 4 0 12 10 0.002687 1
8 4 0 13 11 0.003834 2
8 4 0 14 10 0.002278 0
8 4 0 15 9 0.002567 1
8 4 0 16 7 0.001847 0
8 4 0 17 10 0.002535 1
8 4 0 18 10 0.002213 0
8 4 0 19 6 0.001096 1
8 4 0 20 11 0.002841 2
8 4 0 21 8 0.001956 0
8 4 0 22 11 0.002616 1
8 4 0 23 10 0.002415 1
8 4 0 24 6 0.001290 2
8 4 0 25 9 0.002463 2
8 4 0 26 10 0.002578 2
8 4 0 27 11 0.002950 0
8 4 0 28 12 0.003449 1
8 4 0 29 11 0.002549 2
8 4 0 30 9 0.002507 1
8 4 0 31 10 0.002841 1
8 4 0 32 8 0.001369 1
8 4 0 33 9 0.001787 2
8 4 0 34 8 0.002053 2
8 4 0 35 6 0.001066 1
8 4 0 36 12 0.002992 0
8 4 0 37 7 0.001728 0
8 4 0 38 9 0.002678 0
8 4 0 39 13 0.004044 2
8 4 0 40 7 0.001636 0
8 4 0 41 7 0.001110 1
8 4 0 42 6 0.001689 1
8 4 0 43 11 0.004027 1
8 4 0 44 9 0.002039 1
8 4 0 45 8 0.001767 0
8 4 0 46 13 0.004673 0
8 4 0 47 8 0.001365 1
8 4 0 48 10 0.002141 1
8 4 0 49 8 0.001900 2
8 4 0 50 12 0.004067 0
8 4 0 51 12 0.003185 2
8 4 0 52 13 0.004097 2
8 4 0 53 11 0.003012 0
8 4 0 54 10 0.002001 2
8 4 0 55 9 0.002285 0
8 4 0 56 10 0.002183 2
8 4 0 57 11 0.003114 1
8 4 0 58 12 0.003318 0
8 4 0 59 10 0.002774 0
8 4 0 60 12 0.004538 0
8 4 0 61 10 0.002680 1
8 4 0 62 8 0.001793 1
8 4 0 63 11 0.002382 2
8 4 0 64 12 0.003482 2
8 4 0 65 9 0.002241 1
8 4 0 66 10 0.002875 1
8 4 0 67 13 0.004173 2
8 4 0 68 10 0.002661 0
8 4 0 69 8 0.002097 0
8 4 0 70 9 0.002273 1
8 4 0 71 9 0.002684 2
8 4 0 72 10 0.002685 0
8 4 0 73 9 0.002530 0
8 4 0 74 7 0.001580 1
8 4 0 75 10 0.002587 0
8 4 0 76 12 0.002913 1
8 4 0 77 11 0.003180 1
8 4 0 78 11 0.002028 1
8 4 0 79 6 0.000806 2
8 4 0 80 13 0.004207 1
8 4 0 81 10 0.002164 2
8 4 0 82 8 0.001541 1
8 4 0 83 6 0.001416 1
8 4 0 84 7 0.001756 1
8 4 0 85 9 0.002675 0
8 4 0 86 10 0.002391 0
8 4 0 87 8 0.001793 1
8 4 0 88 8 0.001941 1
8 4 0 89 10 0.002696 0
8 4 0 90 12 0.003773 2
8 4 0 91 8 0.002624 2
8 4 0 92 8 0.002212 0
8 4 0 93 6 0.000997 0
8 4 0 94 13 0.003301 1
8 4 0 95 11 0.003158 1
8 4 0 96 6 0.001317 1
8 4 0 97 10 0.002694 2
8 4 0 98 11 0.003193 1
8 4 0 99 9 0.002097 0
8 4 1 0 8 0.001743 1
8 4 1 1 7 0.001701 0
8 4 1 2 10 0.002675 2
8 4 1 3 10 0.002106 0
8 4 1 4 5 0.001242 1
8 4 1 5 3 0.000577 1
8 4 1 6 10 0.002614 0
8 4 1 7 5 0.001136 1
8 4 1 8 5 0.000842 2
8 4 1 9 8 0.001628 2
8 4 1 10 9 0.002244 0
8 4 1 11 8 0.001425 0
8 4 1 12 9 0.002238 1
8 4 1 13 10 0.002774 2
8 4 1 14 9 0.002077 0
8 4 1 15 8 0.002077 1
8 4 1 16 7 0.002071 0
8 4 1 17 9 0.002453 1
8 4 1 18 10 0.002425 0
8 4 1 19 6 0.001098 1
8 4 1 20 10 0.002989 2
8 4 1 21 8 0.001836 0
8 4 1 22 10 0.002675 1
8 4 1 23 9 0.002284 1
8 4 1 24 6 0.001182 2
8 4 1 25 9 0.002522 2
8 4 1 26 9 0.002188 2
8 4 1 27 10 0.002577 0
8 4 1 28 11 0.002792 1
8 4 1 29 10 0.002118 2
8 4 1 30 9 0.002489 1
8 4 1 31 10 0.003069 1
8 4 1 32 8 0.001438 1
8 4 1 33 9 0.002067 2
8 4 1 34 8 0.001955 2
8 4 1 35 6 0.001133 1
8 4 1 36 11 0.002459 0
8 4 1 37 6 0.001575 0
8 4 1 38 9 0.003682 0
8 4 1 39 11 0.003212 2
8 4 1 40 7 0.001521 0
8 4 1 41 6 0.001058 1
8 4 1 42 6 0.001708 1
8 4 1 43 10 0.002783 1
8 4 1 44 8 0.001719 1
8 4 1 45 8 0.001705 0
8 4 1 46 11 0.003507 0
8 4 1 47 8 0.001768 1
8 4 1 48 9 0.001965 1
8 4 1 49 8 0.001951 2
8 4 1 50 11 0.002933 0
8 4 1 51 11 0.003105 2
8 4 1 52 11 0.003261 2
8 4 1 53 10 0.003608 0
8 4 1 54 8 0.001581 2
8 4 1 55 8 0.001813 0
8 4 1 56 10 0.002452 2
8 4 1 57 11 0.003827 1
8 4 1 58 11 0.003106 0
8 4 1 59 10 0.002648 0
8 4 1 60 11 0.004078 0
8 4 1 61 10 0.003671 1
8 4 1 62 8 0.001747 1
8 4 1 63 9 0.001848 2
8 4 1 64 11 0.003803 2
8 4 1 65 8 0.001898 1
8 4 1 66 9 0.002222 1
8 4 1 67 11 0.003217 2
8 4 1 68 10 0.002537 0
8 4 1 69 8 0.002110 0
8 4 1 70 8 0.001899 1
8 4 1 71 8 0.002364 2
8 4 1 72 10 0.003366 0
8 4 1 73 9 0.002750 0
8 4 1 74 7 0.001479 1
8 4 1 75 10 0.003000 0
8 4 1 76 11 0.002725 1
8 4 1 77 10 0.002530 1
8 4 1 78 10 0.002027 1
8 4 1 79 5 0.000663 2
8 4 1 80 11 0.003745 1
8 4 1 81 9 0.002025 2
8 4 1 82 8 0.001357 1
8 4 1 83 6 0.001385 1
8 4 1 84 7 0.001390 1
8 4 1 85 9 0.002334 0
8 4 1 86 9 0.002532 0
8 4 1 87 8 0.002002 1
8 4 1 88 8 0.001784 1
8 4 1 89 9 0.002233 0
8 4 1 90 11 0.003362 2
8 4 1 91 8 0.002037 2
8 4 1 92 8 0.002113 0
8 4 1 93 6 0.000924 0
8 4 1 94 11 0.002607 1
8 4 1 95 11 0.003041 1
8 4 1 96 6 0.001213 1
8 4 1 97 10 0.002592 2
8 4 1 98 10 0.002367 1
8 4 1 99 9 0.002031 0
8 4 2 0 8 0.001615 1
8 4 2 1 7 0.001688 0
8 4 2 2 8 0.001970 2
8 4 2 3 8 0.002294 0
8 4 2 4 5 0.001034 1
8 4 2 5 3 0.000466 1
8 4 2 6 11 0.001565 0
8 4 2 7 5 0.001112 1
8 4 2 8 5 0.000809 2
8 4 2 9 7 0.001348 2
8 4 2 10 6 0.001093 0
8 4 2 11 6 0.000919 0
8 4 2 12 9 0.002137 1
8 4 2 13 11 0.001646 2
8 4 2 14 9 0.001917 0
8 4 2 15 8 0.001744 1
8 4 2 16 6 0.001365 0
8 4 2 17 8 0.001808 1
8 4 2 18 11 0.002549 0
8 4 2 19 6 0.001163 1
8 4 2 20 7 0.001257 2
8 4 2 21 7 0.001304 0
8 4 2 22 10 0.001981 1
8 4 2 23 9 0.001953 1
8 4 2 24 6 0.001197 2
8 4 2 25 8 0.002001 2
8 4 2 26 6 0.001067 2
8 4 2 27 10 0.002000 0
8 4 2 28 11 0.001283 1
8 4 2 29 - - -
8 4 2 30 5 0.000808 1
8 4 2 31 9 0.002080 1
8 4 2 32 8 0.001088 1
8 4 2 33 9 0.001880 2
8 4 2 34 8 0.001930 2
8 4 2 35 6 0.001388 1
8 4 2 36 9 0.001797 0
8 4 2 37 6 0.001349 0
8 4 2 38 9 0.002010 0
8 4 2 39 11 0.001186 2
8 4 2 40 8 0.002129 0
8 4 2 41 6 0.000920 1
8 4 2 42 5 0.001444 1
8 4 2 43 10 0.001823 1
8 4 2 44 8 0.001661 1
8 4 2 45 7 0.001421 0
8 4 2 46 - - -
8 4 2 47 7 0.001160 1
8 4 2 48 9 0.002123 1
8 4 2 49 8 0.001907 2
8 4 2 50 11 0.001153 0
8 4 2 51 10 0.002089 2
8 4 2 52 - - -
8 4 2 53 9 0.001853 0
8 4 2 54 5 0.000826 2
8 4 2 55 7 0.001464 0
8 4 2 56 9 0.001471 2
8 4 2 57 9 0.002025 1
8 4 2 58 11 0.001135 0
8 4 2 59 9 0.001779 0
8 4 2 60 11 0.002248 0
8 4 2 61 9 0.002099 1
8 4 2 62 9 0.001923 1
8 4 2 63 8 0.001446 2
8 4 2 64 9 0.001794 2
8 4 2 65 9 0.002025 1
8 4 2 66 8 0.001776 1
8 4 2 67 - - -
8 4 2 68 8 0.001604 0
8 4 2 69 8 0.001610 0
8 4 2 70 5 0.000931 1
8 4 2 71 8 0.002222 2
8 4 2 72 9 0.001955 0
8 4 2 73 9 0.002599 0
8 4 2 74 8 0.002050 1
8 4 2 75 9 0.002034 0
8 4 2 76 9 0.001694 1
8 4 2 77 9 0.001831 1
8 4 2 78 10 0.002047 1
8 4 2 79 6 0.000858 2
8 4 2 80 11 0.001737 1
8 4 2 81 8 0.001761 2
8 4 2 82 9 0.001839 1
8 4 2 83 6 0.001639 1
8 4 2 84 7 0.001400 1
8 4 2 85 8 0.002021 0
8 4 2 86 10 0.002356 0
8 4 2 87 7 0.001612 1
8 4 2 88 8 0.001912 1
8 4 2 89 6 0.001151 0
8 4 2 90 11 0.001760 2
8 4 2 91 5 0.001062 2
8 4 2 92 8 0.001924 0
8 4 2 93 4 0.000645 0
8 4 2 94 9 0.001520 1
8 4 2 95 9 0.002048 1
8 4 2 96 7 0.001553 1
8 4 2 97 10 0.002227 2
8 4 2 98 11 0.001448 1
8 4 2 99 6 0.000940 0
8 4 4 0 - - -
8 4 4 1 5 0.000641 0
8 4 4 2 - - -
8 4 4 3 - - -
8 4 4 4 4 0.000825 1
8 4 4 5 4 0.000655 1
8 4 4 6 - - -
8 4 4 7 5 0.000618 1
8 4 4 8 6 0.000533 2
8 4 4 9 5 0.000578 2
8 4 4 10 - - -
8 4 4 11 7 0.000592 0
8 4 4 12 - - -
8 4 4 13 - - -
8 4 4 14 - - -
8 4 4 15 - - -
8 4 4 16 - - -
8 4 4 17 - - -
8 4 4 18 - - -
8 4 4 19 5 0.000595 1
8 4 4 20 - - -
8 4 4 21 7 0.000982 0
8 4 4 22 - - -
8 4 4 23 - - -
8 4 4 24 7 0.000974 2
8 4 4 25 - - -
8 4 4 26 - - -
8 4 4 27 - - -
8 4 4 28 - - -
8 4 4 29 - - -
8 4 4 30 - - -
8 4 4 31 - - -
8 4 4 32 - - -
8 4 4 33 - - -
8 4 4 34 - - -
8 4 4 35 5 0.000569 1
8 4 4 36 - - -
8 4 4 37 5 0.000570 0
8 4 4 38 - - -
8 4 4 39 - - -
8 4 4 40 6 0.000980 0
8 4 4 41 - - -
8 4 4 42 7 0.000691 1
8 4 4 43 - - -
8 4 4 44 - - -
8 4 4 45 8 0.000824 0
8 4 4 46 - - -
8 4 4 47 - - -
8 4 4 48 8 0.000845 1
8 4 4 49 - - -
8 4 4 50 - - -
8 4 4 51 - - -
8 4 4 52 - - -
8 4 4 53 - - -
8 4 4 54 - - -
8 4 4 55 - - -
8 4 4 56 - - -
8 4 4 57 - - -
8 4 4 58 - - -
8 4 4 59 - - -
8 4 4 60 - - -
8 4 4 61 - - -
8 4 4 62 8 0.000920 1
8 4 4 63 - - -
8 4 4 64 - - -
8 4 4 65 - - -
8 4 4 66 8 0.000796 1
8 4 4 67 - - -
8 4 4 68 - - -
8 4 4 69 - - -
8 4 4 70 - - -
8 4 4 71 - - -
8 4 4 72 - - -
8 4 4 73 - - -
8 4 4 74 - - -
8 4 4 75 - - -
8 4 4 76 - - -
8 4 4 77 - - -
8 4 4 78 - - -
8 4 4 79 6 0.000860 2
8 4 4 80 - - -
8 4 4 81 - - -
8 4 4 82 9 0.001276 1
8 4 4 83 5 0.000571 1
8 4 4 84 - - -
8 4 4 85 - - -
8 4 4 86 - - -
8 4 4 87 8 0.000828 1
8 4 4 88 - - -
8 4 4 89 - - -
8 4 4 90 - - -
8 4 4 91 - - -
8 4 4 92 - - -
8 4 4 93 - - -
8 4 4 94 - - -
8 4 4 95 - - -
8 4 4 96 5 0.000793 1
8 4 4 97 - - -
8 4 4 98 - - -
8 4 4 99 - - -
8 8 0 0 9 0.002547 1
8 8 0 1 7 0.001836 0
8 8 0 2 10 0.003038 2
8 8 0 3 10 0.002366 0
8 8 0 4 5 0.001088 1
8 8 0 5 4 0.000717 1
8 8 0 6 12 0.003683 0
8 8 0 7 6 0.001719 1
8 8 0 8 6 0.001165 2
8 8 0 9 8 0.001824 2
8 8 0 10 10 0.002655 0
8 8 0 11 7 0.002213 0
8 8 0 12 9 0.002552 1
8 8 0 13 12 0.004376 2
8 8 0 14 10 0.002633 0
8 8 0 15 9 0.002541 1
8 8 0 16 8 0.002263 0
8 8 0 17 10 0.002734 1
8 8 0 18 10 0.002892 0
8 8 0 19 7 0.001487 1
8 8 0 20 11 0.003210 2
8 8 0 21 7 0.001552 0
8 8 0 22 11 0.003635 1
8 8 0 23 10 0.002656 1
8 8 0 24 6 0.001339 2
8 8 0 25 9 0.002687 2
8 8 0 26 10 0.003040 2
8 8 0 27 11 0.003250 0
8 8 0 28 13 0.003704 1
8 8 0 29 12 0.003370 2
8 8 0 30 10 0.003068 1
8 8 0 31 10 0.003173 1
8 8 0 32 9 0.001619 1
8 8 0 33 10 0.002577 2
8 8 0 34 9 0.002321 2
8 8 0 35 7 0.001359 1
8 8 0 36 12 0.002902 0
8 8 0 37 7 0.001651 0
8 8 0 38 10 0.002811 0
8 8 0 39 13 0.004611 2
8 8 0 40 7 0.002166 0
8 8 0 41 7 0.001347 1
8 8 0 42 7 0.001919 1
8 8 0 43 11 0.003382 1
8 8 0 44 9 0.002047 1
8 8 0 45 8 0.001928 0
8 8 0 46 13 0.004157 0
8 8 0 47 8 0.002008 1
8 8 0 48 8 0.002330 2
8 8 0 49 8 0.002182 2
8 8 0 50 12 0.003458 0
8 8 0 51 12 0.003240 2
8 8 0 52 14 0.005086 2
8 8 0 53 11 0.003220 0
8 8 0 54 9 0.001873 2
8 8 0 55 9 0.002254 0
8 8 0 56 11 0.002780 2
8 8 0 57 11 0.003923 1
8 8 0 58 13 0.004007 0
8 8 0 59 10 0.003169 0
8 8 0 60 13 0.005779 0
8 8 0 61 11 0.003276 1
8 8 0 62 7 0.001773 1
8 8 0 63 10 0.002352 2
8 8 0 64 12 0.004221 2
8 8 0 65 9 0.002374 1
8 8 0 66 9 0.002254 1
8 8 0 67 13 0.004519 2
8 8 0 68 11 0.005200 0
8 8 0 69 9 0.002811 0
8 8 0 70 9 0.002593 1
8 8 0 71 9 0.003523 2
8 8 0 72 11 0.004002 0
8 8 0 73 10 0.003681 0
8 8 0 74 8 0.002140 1
8 8 0 75 11 0.003968 0
8 8 0 76 11 0.003489 1
8 8 0 77 11 0.003657 1
8 8 0 78 11 0.003695 1
8 8 0 79 5 0.001414 2
8 8 0 80 13 0.005522 1
8 8 0 81 10 0.002641 2
8 8 0 82 7 0.001935 1
8 8 0 83 7 0.002213 1
8 8 0 84 8 0.002069 1
8 8 0 85 9 0.003041 0
8 8 0 86 9 0.002861 0
8 8 0 87 8 0.002263 1
8 8 0 88 8 0.002656 1
8 8 0 89 10 0.003191 0
8 8 0 90 12 0.004365 2
8 8 0 91 9 0.003140 2
8 8 0 92 9 0.002962 0
8 8 0 93 7 0.001355 0
8 8 0 94 12 0.003483 1
8 8 0 95 12 0.004156 1
8 8 0 96 6 0.001543 1
8 8 0 97 11 0.003210 2
8 8 0 98 12 0.003888 1
8 8 0 99 10 0.002808 0
8 8 1 0 9 0.002752 1
8 8 1 1 7 0.002488 0
8 8 1 2 10 0.003149 2
8 8 1 3 10 0.002361 0
8 8 1 4 5 0.001193 1
8 8 1 5 4 0.001224 1
8 8 1 6 12 0.004399 0
8 8 1 7 6 0.001491 1
8 8 1 8 6 0.001150 2
8 8 1 9 8 0.001796 2
8 8 1 10 10 0.003009 0
8 8 1 11 7 0.002263 0
8 8 1 12 9 0.002470 1
8 8 1 13 12 0.004737 2
8 8 1 14 10 0.002528 0
8 8 1 15 9 0.002637 1
8 8 1 16 8 0.002233 0
8 8 1 17 10 0.002825 1
8 8 1 18 10 0.003053 0
8 8 1 19 7 0.001679 1
8 8 1 20 11 0.003235 2
8 8 1 21 7 0.001461 0
8 8 1 22 11 0.003172 1
8 8 1 23 10 0.003434 1
8 8 1 24 6 0.001383 2
8 8 1 25 9 0.002691 2
8 8 1 26 10 0.003027 2
8 8 1 27 11 0.003265 0
8 8 1 28 13 0.004309 1
8 8 1 29 12 0.002999 2
8 8 1 30 10 0.003191 1
8 8 1 31 10 0.003477 1
8 8 1 32 9 0.001837 1
8 8 1 33 10 0.002727 2
8 8 1 34 9 0.002436 2
8 8 1 35 7 0.001395 1
8 8 1 36 12 0.003471 0
8 8 1 37 7 0.001683 0
8 8 1 38 10 0.003141 0
8 8 1 39 13 0.005091 2
8 8 1 40 7 0.001821 0
8 8 1 41 7 0.001460 1
8 8 1 42 7 0.001886 1
8 8 1 43 11 0.003184 1
8 8 1 44 9 0.002328 1
8 8 1 45 8 0.002039 0
8 8 1 46 13 0.004770 0
8 8 1 47 8 0.001785 1
8 8 1 48 8 0.001985 2
8 8 1 49 8 0.002074 2
8 8 1 50 12 0.004123 0
8 8 1 51 12 0.003413 2
8 8 1 52 14 0.005104 2
8 8 1 53 11 0.003296 0
8 8 1 54 9 0.001844 2
8 8 1 55 9 0.002200 0
8 8 1 56 11 0.002462 2
8 8 1 57 11 0.003318 1
8 8 1 58 13 0.003937 0
8 8 1 59 10 0.003292 0
8 8 1 60 13 0.004383 0
8 8 1 61 11 0.003191 1
8 8 1 62 7 0.002008 1
8 8 1 63 10 0.002349 2
8 8 1 64 12 0.003616 2
8 8 1 65 9 0.002166 1
8 8 1 66 9 0.002118 1
8 8 1 67 13 0.004474 2
8 8 1 68 11 0.003084 0
8 8 1 69 9 0.002462 0
8 8 1 70 9 0.002875 1
8 8 1 71 9 0.002853 2
8 8 1 72 11 0.003120 0
8 8 1 73 10 0.003053 0
8 8 1 74 8 0.002152 1
8 8 1 75 11 0.003144 0
8 8 1 76 11 0.002872 1
8 8 1 77 11 0.003338 1
8 8 1 78 11 0.002575 1
8 8 1 79 5 0.000983 2
8 8 1 80 13 0.004411 1
8 8 1 81 10 0.002249 2
8 8 1 82 7 0.001444 1
8 8 1 83 7 0.001821 1
8 8 1 84 8 0.001776 1
8 8 1 85 9 0.002851 0
8 8 1 86 9 0.002582 0
8 8 1 87 8 0.001829 1
8 8 1 88 8 0.002034 1
8 8 1 89 10 0.002797 0
8 8 1 90 12 0.003970 2
8 8 1 91 9 0.002293 2
8 8 1 92 9 0.002377 0
8 8 1 93 7 0.001194 0
8 8 1 94 12 0.003291 1
8 8 1 95 12 0.004801 1
8 8 1 96 6 0.001302 1
8 8 1 97 11 0.002725 2
8 8 1 98 12 0.003137 1
8 8 1 99 10 0.002270 0
8 8 2 0 9 0.002547 1
8 8 2 1 8 0.001892 0
8 8 2 2 8 0.002196 2
8 8 2 3 9 0.002018 0
8 8 2 4 5 0.001086 1
8 8 2 5 4 0.000810 1
8 8 2 6 12 0.002748 0
8 8 2 7 6 0.001333 1
8 8 2 8 6 0.001133 2
8 8 2 9 8 0.001548 2
8 8 2 10 8 0.001858 0
8 8 2 11 6 0.001199 0
8 8 2 12 10 0.002746 1
8 8 2 13 13 0.003077 2
8 8 2 14 10 0.002204 0
8 8 2 15 10 0.002533 1
8 8 2 16 8 0.002193 0
8 8 2 17 8 0.002180 1
8 8 2 18 11 0.002565 0
8 8 2 19 7 0.001300 1
8 8 2 20 9 0.002300 2
8 8 2 21 7 0.001686 0
8 8 2 22 9 0.002623 1
8 8 2 23 9 0.002171 1
8 8 2 24 7 0.001504 2
8 8 2 25 8 0.002180 2
8 8 2 26 8 0.002060 2
8 8 2 27 9 0.002369 0
8 8 2 28 12 0.002896 1
8 8 2 29 7 0.001327 2
8 8 2 30 7 0.001733 1
8 8 2 31 9 0.002476 1
8 8 2 32 8 0.001450 1
8 8 2 33 9 0.002613 2
8 8 2 34 8 0.002667 2
8 8 2 35 7 0.001426 1
8 8 2 36 10 0.002598 0
8 8 2 37 7 0.001740 0
8 8 2 38 10 0.004011 0
8 8 2 39 11 0.003261 2
8 8 2 40 7 0.001927 0
8 8 2 41 6 0.001208 1
8 8 2 42 6 0.001486 1
8 8 2 43 12 0.003539 1
8 8 2 44 10 0.002482 1
8 8 2 45 8 0.001871 0
8 8 2 46 12 0.002994 0
8 8 2 47 8 0.001746 1
8 8 2 48 7 0.001769 2
8 8 2 49 8 0.002150 2
8 8 2 50 11 0.002940 0
8 8 2 51 12 0.003235 2
8 8 2 52 13 0.003445 2
8 8 2 53 11 0.003103 0
8 8 2 54 6 0.001322 2
8 8 2 55 9 0.002202 0
8 8 2 56 10 0.002242 2
8 8 2 57 9 0.002651 1
8 8 2 58 13 0.004021 0
8 8 2 59 10 0.002831 0
8 8 2 60 13 0.003388 0
8 8 2 61 11 0.003400 1
8 8 2 62 6 0.001816 1
8 8 2 63 10 0.002191 2
8 8 2 64 9 0.002508 2
8 8 2 65 11 0.002857 1
8 8 2 66 9 0.002104 1
8 8 2 67 11 0.002646 2
8 8 2 68 10 0.002402 0
8 8 2 69 8 0.002197 0
8 8 2 70 7 0.001602 1
8 8 2 71 8 0.002270 2
8 8 2 72 9 0.002612 0
8 8 2 73 9 0.002957 0
8 8 2 74 9 0.001918 1
8 8 2 75 10 0.002492 0
8 8 2 76 9 0.002382 1
8 8 2 77 11 0.003209 1
8 8 2 78 9 0.002021 1
8 8 2 79 5 0.001144 2
8 8 2 80 11 0.003018 1
8 8 2 81 8 0.002481 2
8 8 2 82 8 0.001969 1
8 8 2 83 7 0.001845 1
8 8 2 84 9 0.001827 1
8 8 2 85 8 0.002251 0
8 8 2 86 8 0.002384 0
8 8 2 87 8 0.001684 1
8 8 2 88 8 0.001984 1
8 8 2 89 8 0.001863 0
8 8 2 90 11 0.002658 2
8 8 2 91 7 0.001709 2
8 8 2 92 10 0.002520 0
8 8 2 93 5 0.000861 0
8 8 2 94 11 0.002365 1
8 8 2 95 9 0.002361 1
8 8 2 96 6 0.001265 1
8 8 2 97 11 0.002523 2
8 8 2 98 11 0.002688 1
8 8 2 99 8 0.002003 0
8 8 4 0 9 0.001142 1
8 8 4 1 5 0.001032 0
8 8 4 2 7 0.000649 2
8 8 4 3 10 0.001330 0
8 8 4 4 4 0.000814 1
8 8 4 5 5 0.000813 1
8 8 4 6 - - -
8 8 4 7 5 0.000998 1
8 8 4 8 6 0.000918 2
8 8 4 9 6 0.001233 2
8 8 4 10 10 0.001179 0
8 8 4 11 7 0.001417 0
8 8 4 12 7 0.000773 1
8 8 4 13 - - -
8 8 4 14 10 0.001371 0
8 8 4 15 7 0.000703 1
8 8 4 16 7 0.001357 0
8 8 4 17 7 0.000695 1
8 8 4 18 - - -
8 8 4 19 6 0.000965 1
8 8 4 20 - - -
8 8 4 21 7 0.001276 0
8 8 4 22 - - -
8 8 4 23 11 0.000917 1
8 8 4 24 7 0.001294 2
8 8 4 25 7 0.000718 2
8 8 4 26 11 0.001007 2
8 8 4 27 - - -
8 8 4 28 - - -
8 8 4 29 - - -
8 8 4 30 - - -
8 8 4 31 - - -
8 8 4 32 8 0.000730 1
8 8 4 33 - - -
8 8 4 34 7 0.000962 2
8 8 4 35 6 0.001093 1
8 8 4 36 - - -
8 8 4 37 5 0.000944 0
8 8 4 38 - - -
8 8 4 39 - - -
8 8 4 40 6 0.001347 0
8 8 4 41 4 0.000589 1
8 8 4 42 7 0.001421 1
8 8 4 43 - - -
8 8 4 44 10 0.001272 1
8 8 4 45 8 0.001640 0
8 8 4 46 - - -
8 8 4 47 8 0.001149 1
8 8 4 48 5 0.001104 2
8 8 4 49 8 0.001490 2
8 8 4 50 - - -
8 8 4 51 - - -
8 8 4 52 - - -
8 8 4 53 - - -
8 8 4 54 6 0.001003 2
8 8 4 55 9 0.001081 0
8 8 4 56 - - -
8 8 4 57 - - -
8 8 4 58 - - -
8 8 4 59 - - -
8 8 4 60 - - -
8 8 4 61 - - -
8 8 4 62 5 0.000968 1
8 8 4 63 7 0.000705 2
8 8 4 64 - - -
8 8 4 65 11 0.000925 1
8 8 4 66 8 0.001646 1
8 8 4 67 - - -
8 8 4 68 - - -
8 8 4 69 7 0.000676 0
8 8 4 70 - - -
8 8 4 71 7 0.000774 2
8 8 4 72 - - -
8 8 4 73 - - -
8 8 4 74 7 0.001255 1
8 8 4 75 - - -
8 8 4 76 - - -
8 8 4 77 - - -
8 8 4 78 - - -
8 8 4 79 5 0.000850 2
8 8 4 80 - - -
8 8 4 81 10 0.001478 2
8 8 4 82 7 0.001215 1
8 8 4 83 5 0.000983 1
8 8 4 84 9 0.001373 1
8 8 4 85 7 0.000719 0
8 8 4 86 7 0.000743 0
8 8 4 87 8 0.001604 1
8 8 4 88 7 0.000846 1
8 8 4 89 11 0.001117 0
8 8 4 90 - - -
8 8 4 91 7 0.000838 2
8 8 4 92 7 0.000823 0
8 8 4 93 4 0.000633 0
8 8 4 94 - - -
8 8 4 95 - - -
8 8 4 96 5 0.001031 1
8 8 4 97 - - -
8 8 4 98 - - -
8 8 4 99 - - -
8 8 8 0 - - -
8 8 8 1 - - -
8 8 8 2 - - -
8 8 8 3 - - -
8 8 8 4 3 0.000398 1
8 8 8 5 4 0.000623 1
8 8 8 6 - - -
8 8 8 7 - - -
8 8 8 8 - - -
8 8 8 9 - - -
8 8 8 10 - - -
8 8 8 11 - - -
8 8 8 12 - - -
8 8 8 13 - - -
8 8 8 14 - - -
8 8 8 15 - - -
8 8 8 16 - - -
8 8 8 17 - - -
8 8 8 18 - - -
8 8 8 19 - - -
8 8 8 20 - - -
8 8 8 21 - - -
8 8 8 22 - - -
8 8 8 23 - - -
8 8 8 24 - - -
8 8 8 25 - - -
8 8 8 26 - - -
8 8 8 27 - - -
8 8 8 28 - - -
8 8 8 29 - - -
8 8 8 30 - - -
8 8 8 31 - - -
8 8 8 32 - - -
8 8 8 33 - - -
8 8 8 34 - - -
8 8 8 35 - - -
8 8 8 36 - - -
8 8 8 37 - - -
8 8 8 38 - - -
8 8 8 39 - - -
8 8 8 40 - - -
8 8 8 41 - - -
8 8 8 42 - - -
8 8 8 43 - - -
8 8 8 44 - - -
8 8 8 45 - - -
8 8 8 46 - - -
8 8 8 47 - - -
8 8 8 48 - - -
8 8 8 49 - - -
8 8 8 50 - - -
8 8 8 51 - - -
8 8 8 52 - - -
8 8 8 53 - - -
8 8 8 54 - - -
8 8 8 55 - - -
8 8 8 56 - - -
8 8 8 57 - - -
8 8 8 58 - - -
8 8 8 59 - - -
8 8 8 60 - - -
8 8 8 61 - - -
8 8 8 62 - - -
8 8 8 63 - - -
8 8 8 64 - - -
8 8 8 65 - - -
8 8 8 66 - - -
8 8 8 67 - - -
8 8 8 68 - - -
8 8 8 69 - - -
8 8 8 70 - - -
8 8 8 71 - - -
8 8 8 72 - - -
8 8 8 73 - - -
8 8 8 74 - - -
8 8 8 75 - - -
8 8 8 76 - - -
8 8 8 77 - - -
8 8 8 78 - - -
8 8 8 79 4 0.000836 2
8 8 8 80 - - -
8 8 8 81 - - -
8 8 8 82 - - -
8 8 8 83 - - -
8 8 8 84 - - -
8 8 8 85 - - -
8 8 8 86 - - -
8 8 8 87 - - -
8 8 8 88 - - -
8 8 8 89 - - -
8 8 8 90 - - -
8 8 8 91 - - -
8 8 8 92 - - -
8 8 8 93 - - -
8 8 8 94 - - -
8 8 8 95 - - -
8 8 8 96 - - -
8 8 8 97 - - -
8 8 8 98 - - -
8 8 8 99 - - -
16 1 0 0 15 0.002775 0
16 1 0 1 13 0.001020 1
16 1 0 2 15 0.002395 1
16 1 0 3 16 0.002720 1
16 1 0 4 15 0.002508 0
16 1 0 5 14 0.001881 1
16 1 0 6 16 0.002719 1
16 1 0 7 16 0.002421 1
16 1 0 8 15 0.002505 1
16 1 0 9 14 0.002059 1
16 1 0 10 15 0.001766 0
16 1 0 11 12 0.001388 1
16 1 0 12 11 0.001422 0
16 1 0 13 15 0.002797 2
16 1 0 14 16 0.002993 1
16 1 0 15 14 0.001812 1
16 1 0 16 15 0.002158 1
16 1 0 17 16 0.003060 0
16 1 0 18 16 0.002377 0
16 1 0 19 14 0.001943 0
16 1 0 20 16 0.003078 1
16 1 0 21 16 0.003436 0
16 1 0 22 14 0.001962 1
16 1 0 23 15 0.002403 1
16 1 0 24 12 0.001684 0
16 1 0 25 13 0.002470 1
16 1 0 26 11 0.000989 1
16 1 0 27 12 0.001953 0
16 1 0 28 15 0.002150 1
16 1 0 29 16 0.002832 0
16 1 0 30 14 0.002223 0
16 1 0 31 15 0.002341 0
16 1 0 32 13 0.002681 1
16 1 0 33 14 0.002089 0
16 1 0 34 15 0.002266 0
16 1 0 35 15 0.002386 1
16 1 0 36 15 0.001870 0
16 1 0 37 12 0.001940 0
16 1 0 38 15 0.002644 0
16 1 0 39 14 0.001867 1
16 1 0 40 12 0.001386 1
16 1 0 41 15 0.002591 1
16 1 0 42 15 0.002305 1
16 1 0 43 16 0.002823 2
16 1 0 44 16 0.002853 1
16 1 0 45 14 0.001657 1
16 1 0 46 15 0.002440 0
16 1 0 47 14 0.001780 1
16 1 0 48 15 0.002250 1
16 1 0 49 13 0.001579 1
16 1 0 50 13 0.001617 1
16 1 0 51 16 0.002661 1
16 1 0 52 15 0.001594 0
16 1 0 53 12 0.001527 1
16 1 0 54 15 0.002056 2
16 1 0 55 16 0.002733 2
16 1 0 56 15 0.001734 0
16 1 0 57 15 0.001906 1
16 1 0 58 15 0.002345 0
16 1 0 59 16 0.002347 1
16 1 0 60 16 0.002673 0
16 1 0 61 16 0.002296 1
16 1 0 62 16 0.002494 1
16 1 0 63 14 0.002155 1
16 1 0 64 14 0.001333 0
16 1 0 65 14 0.002221 0
16 1 0 66 16 0.002081 1
16 1 0 67 16 0.002555 0
16 1 0 68 14 0.002106 1
16 1 0 69 13 0.001196 0
16 1 0 70 14 0.001216 2
16 1 0 71 16 0.002579 0
16 1 0 72 16 0.002482 1
16 1 0 73 15 0.001688 1
16 1 0 74 16 0.002133 1
16 1 0 75 12 0.001111 1
16 1 0 76 15 0.002528 2
16 1 0 77 15 0.001918 1
16 1 0 78 15 0.002088 1
16 1 0 79 16 0.002653 1
16 1 0 80 16 0.002760 2
16 1 0 81 16 0.002691 0
16 1 0 82 16 0.002570 0
16 1 0 83 16 0.001689 1
16 1 0 84 15 0.002613 0
16 1 0 85 16 0.002683 1
16 1 0 86 15 0.001568 2
16 1 0 87 15 0.001824 0
16 1 0 88 16 0.002874 1
16 1 0 89 16 0.002693 0
16 1 0 90 16 0.002322 0
16 1 0 91 15 0.002205 1
16 1 0 92 15 0.001637 1
16 1 0 93 16 0.002381 1
16 1 0 94 16 0.003776 1
16 1 0 95 16 0.001745 0
16 1 0 96 14 0.002201 1
16 1 0 97 14 0.002474 0
16 1 0 98 16 0.002729 2
16 1 0 99 15 0.002942 1
16 1 1 0 15 0.002626 0
16 1 1 1 13 0.001014 1
16 1 1 2 15 0.002297 1
16 1 1 3 16 0.002434 1
16 1 1 4 15 0.002097 0
16 1 1 5 14 0.001527 1
16 1 1 6 16 0.002211 1
16 1 1 7 16 0.002342 1
16 1 1 8 15 0.002274 1
16 1 1 9 14 0.001827 1
16 1 1 10 15 0.001602 0
16 1 1 11 12 0.001549 1
16 1 1 12 11 0.001224 0
16 1 1 13 15 0.002479 2
16 1 1 14 16 0.002182 1
16 1 1 15 14 0.001640 1
16 1 1 16 15 0.001753 1
16 1 1 17 16 0.002520 0
16 1 1 18 16 0.002093 0
16 1 1 19 14 0.001623 0
16 1 1 20 16 0.002311 1
16 1 1 21 16 0.002507 0
16 1 1 22 14 0.001674 1
16 1 1 23 15 0.001806 1
16 1 1 24 12 0.001400 0
16 1 1 25 13 0.001667 1
16 1 1 26 11 0.000799 1
16 1 1 27 12 0.001535 0
16 1 1 28 15 0.001719 1
16 1 1 29 16 0.002263 0
16 1 1 30 14 0.001817 0
16 1 1 31 15 0.002111 0
16 1 1 32 13 0.001887 1
16 1 1 33 14 0.001806 0
16 1 1 34 15 0.002261 0
16 1 1 35 15 0.001995 1
16 1 1 36 15 0.001588 0
16 1 1 37 12 0.001624 0
16 1 1 38 15 0.002001 0
16 1 1 39 14 0.001632 1
16 1 1 40 12 0.001142 1
16 1 1 41 15 0.002276 1
16 1 1 42 15 0.001294 1
16 1 1 43 16 0.002280 2
16 1 1 44 16 0.002241 1
16 1 1 45 14 0.001454 1
16 1 1 46 15 0.002192 0
16 1 1 47 14 0.001934 1
16 1 1 48 15 0.002047 1
16 1 1 49 13 0.001379 1
16 1 1 50 13 0.001561 1
16 1 1 51 16 0.002663 1
16 1 1 52 15 0.001507 0
16 1 1 53 12 0.001339 1
16 1 1 54 15 0.001955 2
16 1 1 55 16 0.001903 2
16 1 1 56 15 0.001525 0
16 1 1 57 15 0.001703 1
16 1 1 58 15 0.001978 0
16 1 1 59 16 0.001933 1
16 1 1 60 16 0.002242 0
16 1 1 61 16 0.002172 1
16 1 1 62 16 0.002281 1
16 1 1 63 14 0.001702 1
16 1 1 64 14 0.001485 0
16 1 1 65 14 0.001741 0
16 1 1 66 16 0.001759 1
16 1 1 67 16 0.002569 0
16 1 1 68 14 0.002001 1
16 1 1 69 13 0.001087 0
16 1 1 70 14 0.001038 2
16 1 1 71 16 0.002324 0
16 1 1 72 16 0.002136 1
16 1 1 73 15 0.001721 1
16 1 1 74 16 0.001818 1
16 1 1 75 12 0.001000 1
16 1 1 76 15 0.001985 2
16 1 1 77 15 0.001669 1
16 1 1 78 15 0.001718 1
16 1 1 79 16 0.002065 1
16 1 1 80 16 0.002070 2
16 1 1 81 16 0.002201 0
16 1 1 82 16 0.002707 0
16 1 1 83 16 0.001321 1
16 1 1 84 15 0.001745 0
16 1 1 85 16 0.002223 1
16 1 1 86 15 0.001328 2
16 1 1 87 15 0.001777 0
16 1 1 88 16 0.002544 1
16 1 1 89 16 0.002296 0
16 1 1 90 16 0.001999 0
16 1 1 91 15 0.001888 1
16 1 1 92 15 0.001427 1
16 1 1 93 16 0.001954 1
16 1 1 94 16 0.002011 1
16 1 1 95 16 0.001461 0
16 1 1 96 14 0.001751 1
16 1 1 97 14 0.001851 0
16 1 1 98 16 0.002376 2
16 1 1 99 15 0.002598 1
16 2 0 0 16 0.003973 0
16 2 0 1 12 0.001735 1
16 2 0 2 14 0.003231 2
16 2 0 3 15 0.003872 1
16 2 0 4 17 0.004046 0
16 2 0 5 17 0.003157 1
16 2 0 6 15 0.003356 1
16 2 0 7 16 0.004032 1
16 2 0 8 17 0.003204 1
16 2 0 9 14 0.002884 1
16 2 0 10 16 0.003233 0
16 2 0 11 16 0.002339 1
16 2 0 12 15 0.002800 0
16 2 0 13 16 0.004129 2
16 2 0 14 17 0.004239 1
16 2 0 15 17 0.003497 1
16 2 0 16 17 0.003632 1
16 2 0 17 15 0.003361 0
16 2 0 18 16 0.003640 0
16 2 0 19 17 0.003484 0
16 2 0 20 18 0.004317 1
16 2 0 21 17 0.005014 0
16 2 0 22 14 0.002881 1
16 2 0 23 14 0.002942 1
16 2 0 24 13 0.003000 0
16 2 0 25 12 0.002341 1
16 2 0 26 13 0.001891 1
16 2 0 27 14 0.002777 2
16 2 0 28 18 0.004182 1
16 2 0 29 17 0.003857 0
16 2 0 30 13 0.003103 0
16 2 0 31 15 0.003653 0
16 2 0 32 15 0.003513 1
16 2 0 33 11 0.002061 0
16 2 0 34 16 0.003642 0
16 2 0 35 14 0.003240 2
16 2 0 36 14 0.002921 0
16 2 0 37 16 0.003646 0
16 2 0 38 15 0.003824 0
16 2 0 39 13 0.002913 1
16 2 0 40 11 0.001602 1
16 2 0 41 16 0.003884 1
16 2 0 42 15 0.003323 2
16 2 0 43 18 0.004354 2
16 2 0 44 18 0.004429 2
16 2 0 45 16 0.003246 1
16 2 0 46 15 0.003971 0
16 2 0 47 14 0.002627 1
16 2 0 48 15 0.003015 1
16 2 0 49 14 0.002667 1
16 2 0 50 16 0.002731 1
16 2 0 51 16 0.003869 1
16 2 0 52 15 0.003011 0
16 2 0 53 12 0.002384 2
16 2 0 54 17 0.003291 2
16 2 0 55 17 0.003500 2
16 2 0 56 15 0.002939 0
16 2 0 57 13 0.003166 1
16 2 0 58 16 0.003596 0
16 2 0 59 18 0.003908 1
16 2 0 60 17 0.004200 0
16 2 0 61 15 0.003316 1
16 2 0 62 15 0.003783 1
16 2 0 63 13 0.002750 1
16 2 0 64 15 0.002440 0
16 2 0 65 17 0.003486 0
16 2 0 66 16 0.003389 1
16 2 0 67 17 0.004138 0
16 2 0 68 15 0.003081 1
16 2 0 69 14 0.002064 0
16 2 0 70 14 0.001907 2
16 2 0 71 17 0.004403 0
16 2 0 72 17 0.004017 1
16 2 0 73 17 0.003143 1
16 2 0 74 14 0.003618 2
16 2 0 75 13 0.002090 1
16 2 0 76 17 0.003747 2
16 2 0 77 18 0.003876 1
16 2 0 78 16 0.003608 1
16 2 0 79 15 0.003202 2
16 2 0 80 16 0.003902 2
16 2 0 81 16 0.003669 0
16 2 0 82 18 0.004911 0
16 2 0 83 15 0.002666 1
16 2 0 84 17 0.003630 2
16 2 0 85 17 0.004367 1
16 2 0 86 18 0.002831 2
16 2 0 87 16 0.002901 0
16 2 0 88 18 0.004612 1
16 2 0 89 18 0.004676 0
16 2 0 90 15 0.003611 0
16 2 0 91 16 0.003881 1
16 2 0 92 15 0.003461 1
16 2 0 93 17 0.004494 1
16 2 0 94 17 0.003686 1
16 2 0 95 16 0.003247 0
16 2 0 96 15 0.003386 1
16 2 0 97 16 0.004106 0
16 2 0 98 16 0.004074 2
16 2 0 99 17 0.004622 1
16 2 1 0 16 0.004674 0
16 2 1 1 12 0.002454 1
16 2 1 2 14 0.003663 2
16 2 1 3 15 0.003880 1
16 2 1 4 17 0.004518 0
16 2 1 5 17 0.003765 1
16 2 1 6 15 0.003508 1
16 2 1 7 16 0.004260 1
16 2 1 8 17 0.004062 1
16 2 1 9 14 0.003222 1
16 2 1 10 16 0.003441 0
16 2 1 11 16 0.002838 1
16 2 1 12 15 0.003139 0
16 2 1 13 16 0.004678 2
16 2 1 14 16 0.004271 1
16 2 1 15 17 0.003967 1
16 2 1 16 16 0.004318 1
16 2 1 17 15 0.004070 0
16 2 1 18 16 0.004147 0
16 2 1 19 17 0.004005 0
16 2 1 20 17 0.004783 1
16 2 1 21 16 0.004911 0
16 2 1 22 14 0.003368 1
16 2 1 23 14 0.003743 1
16 2 1 24 13 0.003099 0
16 2 1 25 12 0.002921 1
16 2 1 26 13 0.002480 1
16 2 1 27 14 0.003355 2
16 2 1 28 17 0.003893 1
16 2 1 29 17 0.004633 0
16 2 1 30 13 0.004029 0
16 2 1 31 14 0.004201 0
16 2 1 32 15 0.004296 1
16 2 1 33 11 0.002615 0
16 2 1 34 15 0.003898 0
16 2 1 35 14 0.004110 2
16 2 1 36 14 0.003516 0
16 2 1 37 15 0.004170 0
16 2 1 38 15 0.004272 0
16 2 1 39 13 0.003383 1
16 2 1 40 11 0.002134 1
16 2 1 41 16 0.005045 1
16 2 1 42 15 0.004193 2
16 2 1 43 17 0.006304 2
16 2 1 44 17 0.005788 2
16 2 1 45 16 0.004587 1
16 2 1 46 15 0.005331 0
16 2 1 47 14 0.003864 1
16 2 1 48 15 0.005059 1
16 2 1 49 14 0.004203 1
16 2 1 50 16 0.003691 1
16 2 1 51 16 0.004837 1
16 2 1 52 15 0.004364 0
16 2 1 53 12 0.002669 2
16 2 1 54 17 0.004623 2
16 2 1 55 16 0.004896 2
16 2 1 56 15 0.003543 0
16 2 1 57 13 0.003616 1
16 2 1 58 16 0.004744 0
16 2 1 59 17 0.005624 1
16 2 1 60 16 0.004901 0
16 2 1 61 15 0.005956 1
16 2 1 62 15 0.004848 1
16 2 1 63 13 0.003526 1
16 2 1 64 14 0.002923 0
16 2 1 65 17 0.004490 0
16 2 1 66 15 0.003686 1
16 2 1 67 16 0.004924 0
16 2 1 68 15 0.003847 1
16 2 1 69 13 0.002138 0
16 2 1 70 14 0.002985 2
16 2 1 71 16 0.004688 0
16 2 1 72 16 0.004787 1
16 2 1 73 17 0.003929 1
16 2 1 74 14 0.003309 2
16 2 1 75 13 0.002354 1
16 2 1 76 17 0.004068 2
16 2 1 77 17 0.003983 1
16 2 1 78 16 0.003938 1
16 2 1 79 15 0.003754 2
16 2 1 80 15 0.003722 2
16 2 1 81 16 0.004442 0
16 2 1 82 17 0.004226 0
16 2 1 83 15 0.002958 1
16 2 1 84 17 0.003672 2
16 2 1 85 17 0.005137 1
16 2 1 86 17 0.002720 2
16 2 1 87 16 0.003009 0
16 2 1 88 17 0.004677 1
16 2 1 89 17 0.004187 0
16 2 1 90 15 0.003672 0
16 2 1 91 15 0.003804 1
16 2 1 92 14 0.002778 1
16 2 1 93 17 0.004337 1
16 2 1 94 17 0.003607 1
16 2 1 95 16 0.003284 0
16 2 1 96 15 0.003287 1
16 2 1 97 15 0.003595 0
16 2 1 98 16 0.004164 2
16 2 1 99 17 0.005304 1
16 2 2 0 - - -
16 2 2 1 12 0.001507 1
16 2 2 2 - - -
16 2 2 3 17 0.002365 1
16 2 2 4 - - -
16 2 2 5 17 0.002289 1
16 2 2 6 - - -
16 2 2 7 - - -
16 2 2 8 - - -
16 2 2 9 14 0.002109 1
16 2 2 10 - - -
16 2 2 11 17 0.001498 1
16 2 2 12 16 0.002744 0
16 2 2 13 - - -
16 2 2 14 - - -
16 2 2 15 17 0.001453 1
16 2 2 16 - - -
16 2 2 17 - - -
16 2 2 18 - - -
16 2 2 19 - - -
16 2 2 20 - - -
16 2 2 21 - - -
16 2 2 22 15 0.002812 1
16 2 2 23 - - -
16 2 2 24 14 0.001130 0
16 2 2 25 - - -
16 2 2 26 13 0.001938 1
16 2 2 27 - - -
16 2 2 28 - - -
16 2 2 29 17 0.001710 0
16 2 2 30 - - -
16 2 2 31 - - -
16 2 2 32 17 0.001793 1
16 2 2 33 12 0.002226 0
16 2 2 34 - - -
16 2 2 35 - - -
16 2 2 36 - - -
16 2 2 37 - - -
16 2 2 38 - - -
16 2 2 39 - - -
16 2 2 40 12 0.002477 1
16 2 2 41 17 0.001933 1
16 2 2 42 13 0.002209 2
16 2 2 43 - - -
16 2 2 44 - - -
16 2 2 45 15 0.002529 1
16 2 2 46 - - -
16 2 2 47 14 0.002382 1
16 2 2 48 - - -
16 2 2 49 15 0.001584 1
16 2 2 50 14 0.002276 1
16 2 2 51 - - -
16 2 2 52 16 0.002873 0
16 2 2 53 13 0.002091 2
16 2 2 54 17 0.001030 2
16 2 2 55 - - -
16 2 2 56 - - -
16 2 2 57 15 0.002118 1
16 2 2 58 - - -
16 2 2 59 - - -
16 2 2 60 - - -
16 2 2 61 - - -
16 2 2 62 - - -
16 2 2 63 - - -
16 2 2 64 - - -
16 2 2 65 - - -
16 2 2 66 - - -
16 2 2 67 - - -
16 2 2 68 - - -
16 2 2 69 13 0.001615 0
16 2 2 70 14 0.001709 2
16 2 2 71 - - -
16 2 2 72 - - -
16 2 2 73 - - -
16 2 2 74 15 0.001472 2
16 2 2 75 13 0.002215 1
16 2 2 76 - - -
16 2 2 77 - - -
16 2 2 78 - - -
16 2 2 79 17 0.002521 2
16 2 2 80 - - -
16 2 2 81 - - -
16 2 2 82 - - -
16 2 2 83 - - -
16 2 2 84 - - -
16 2 2 85 - - -
16 2 2 86 - - -
16 2 2 87 - - -
16 2 2 88 - - -
16 2 2 89 - - -
16 2 2 90 - - -
16 2 2 91 - - -
16 2 2 92 - - -
16 2 2 93 - - -
16 2 2 94 - - -
16 2 2 95 17 0.001694 0
16 2 2 96 - - -
16 2 2 97 - - -
16 2 2 98 - - -
16 2 2 99 - - -
16 4 0 0 19 0.006616 0
16 4 0 1 13 0.002779 1
16 4 0 2 16 0.005361 2
16 4 0 3 16 0.005452 1
16 4 0 4 19 0.006613 0
16 4 0 5 17 0.004200 1
16 4 0 6 18 0.006304 1
16 4 0 7 21 0.006866 1
16 4 0 8 20 0.005913 1
16 4 0 9 17 0.004690 1
16 4 0 10 18 0.004470 0
16 4 0 11 14 0.003090 1
16 4 0 12 16 0.004067 0
16 4 0 13 18 0.005804 2
16 4 0 14 19 0.005971 1
16 4 0 15 18 0.004849 1
16 4 0 16 18 0.005547 1
16 4 0 17 17 0.005329 0
16 4 0 18 17 0.005030 0
16 4 0 19 17 0.004760 0
16 4 0 20 20 0.007587 1
16 4 0 21 18 0.005822 0
16 4 0 22 16 0.004948 1
16 4 0 23 17 0.005655 1
16 4 0 24 14 0.003603 0
16 4 0 25 15 0.005643 1
16 4 0 26 10 0.002802 1
16 4 0 27 16 0.004801 2
16 4 0 28 20 0.006065 1
16 4 0 29 19 0.006229 0
16 4 0 30 16 0.005328 0
16 4 0 31 17 0.005579 0
16 4 0 32 17 0.005732 1
16 4 0 33 12 0.003211 0
16 4 0 34 19 0.006521 0
16 4 0 35 16 0.006926 2
16 4 0 36 17 0.005335 0
16 4 0 37 17 0.006002 0
16 4 0 38 19 0.007201 0
16 4 0 39 16 0.005290 1
16 4 0 40 12 0.003056 1
16 4 0 41 15 0.005269 1
16 4 0 42 17 0.005011 2
16 4 0 43 22 0.010616 2
16 4 0 44 19 0.007739 2
16 4 0 45 16 0.005224 1
16 4 0 46 16 0.005518 0
16 4 0 47 16 0.004587 2
16 4 0 48 18 0.006665 2
16 4 0 49 14 0.004328 1
16 4 0 50 15 0.004473 2
16 4 0 51 20 0.008067 1
16 4 0 52 18 0.006429 0
16 4 0 53 14 0.005577 2
16 4 0 54 17 0.005464 2
16 4 0 55 19 0.007226 2
16 4 0 56 18 0.005833 0
16 4 0 57 15 0.004934 1
16 4 0 58 20 0.007996 0
16 4 0 59 19 0.009011 1
16 4 0 60 20 0.008174 0
16 4 0 61 19 0.006946 1
16 4 0 62 20 0.008066 1
16 4 0 63 17 0.005689 1
16 4 0 64 17 0.005000 0
16 4 0 65 18 0.006523 0
16 4 0 66 18 0.007234 1
16 4 0 67 21 0.008566 0
16 4 0 68 16 0.005001 2
16 4 0 69 14 0.003538 0
16 4 0 70 17 0.004564 2
16 4 0 71 20 0.008331 0
16 4 0 72 21 0.009178 1
16 4 0 73 16 0.006866 1
16 4 0 74 17 0.005736 2
16 4 0 75 13 0.003504 1
16 4 0 76 18 0.005918 2
16 4 0 77 18 0.007787 1
16 4 0 78 17 0.006633 1
16 4 0 79 16 0.005013 2
16 4 0 80 20 0.007107 2
16 4 0 81 20 0.007186 0
16 4 0 82 21 0.008059 0
16 4 0 83 19 0.006236 1
16 4 0 84 17 0.006227 2
16 4 0 85 21 0.008085 1
16 4 0 86 20 0.005666 2
16 4 0 87 18 0.005734 0
16 4 0 88 19 0.008133 2
16 4 0 89 21 0.008771 0
16 4 0 90 19 0.006863 0
16 4 0 91 19 0.007870 1
16 4 0 92 17 0.005825 1
16 4 0 93 20 0.010009 1
16 4 0 94 20 0.007540 1
16 4 0 95 18 0.006340 0
16 4 0 96 17 0.006463 1
16 4 0 97 19 0.007877 0
16 4 0 98 19 0.007739 2
16 4 0 99 21 0.010171 1
16 4 1 0 19 0.009128 0
16 4 1 1 13 0.003174 1
16 4 1 2 16 0.006245 2
16 4 1 3 15 0.005828 1
16 4 1 4 18 0.007598 0
16 4 1 5 16 0.005576 1
16 4 1 6 17 0.006748 1
16 4 1 7 19 0.007209 1
16 4 1 8 18 0.007650 1
16 4 1 9 17 0.006990 1
16 4 1 10 17 0.004962 0
16 4 1 11 14 0.004744 1
16 4 1 12 16 0.004831 0
16 4 1 13 18 0.006683 2
16 4 1 14 18 0.005798 1
16 4 1 15 17 0.005073 1
16 4 1 16 17 0.005990 1
16 4 1 17 17 0.005823 0
16 4 1 18 16 0.005570 0
16 4 1 19 16 0.005043 0
16 4 1 20 18 0.007223 1
16 4 1 21 17 0.006070 0
16 4 1 22 16 0.005323 1
16 4 1 23 17 0.006456 1
16 4 1 24 13 0.003620 0
16 4 1 25 15 0.005250 1
16 4 1 26 10 0.002492 1
16 4 1 27 15 0.005273 2
16 4 1 28 18 0.006149 1
16 4 1 29 19 0.006472 0
16 4 1 30 15 0.005694 0
16 4 1 31 17 0.006199 0
16 4 1 32 17 0.005889 1
16 4 1 33 12 0.003641 0
16 4 1 34 17 0.006231 0
16 4 1 35 15 0.004928 2
16 4 1 36 16 0.004526 0
16 4 1 37 16 0.004634 0
16 4 1 38 17 0.006353 0
16 4 1 39 15 0.004779 1
16 4 1 40 12 0.002666 1
16 4 1 41 15 0.005105 1
16 4 1 42 17 0.004676 2
16 4 1 43 19 0.006836 2
16 4 1 44 17 0.005937 2
16 4 1 45 16 0.004917 1
16 4 1 46 16 0.006244 0
16 4 1 47 16 0.004390 2
16 4 1 48 18 0.007080 2
16 4 1 49 14 0.004026 1
16 4 1 50 15 0.004608 2
16 4 1 51 18 0.006512 1
16 4 1 52 17 0.004988 0
16 4 1 53 14 0.003829 2
16 4 1 54 15 0.005241 2
16 4 1 55 18 0.006032 2
16 4 1 56 17 0.005513 0
16 4 1 57 15 0.005982 1
16 4 1 58 18 0.007191 0
16 4 1 59 18 0.007367 1
16 4 1 60 17 0.006548 0
16 4 1 61 17 0.006380 1
16 4 1 62 18 0.007802 1
16 4 1 63 17 0.006024 1
16 4 1 64 16 0.006199 0
16 4 1 65 17 0.007204 0
16 4 1 66 17 0.006560 1
16 4 1 67 19 0.009072 0
16 4 1 68 16 0.005635 2
16 4 1 69 14 0.003566 0
16 4 1 70 16 0.004599 2
16 4 1 71 19 0.008613 0
16 4 1 72 18 0.008623 1
16 4 1 73 15 0.004461 1
16 4 1 74 16 0.005894 2
16 4 1 75 13 0.003257 1
16 4 1 76 18 0.007152 2
16 4 1 77 17 0.007035 1
16 4 1 78 17 0.006576 1
16 4 1 79 15 0.004830 2
16 4 1 80 18 0.006520 2
16 4 1 81 19 0.007646 0
16 4 1 82 18 0.006887 0
16 4 1 83 18 0.006238 1
16 4 1 84 16 0.005729 2
16 4 1 85 19 0.007170 1
16 4 1 86 18 0.004925 2
16 4 1 87 17 0.005495 0
16 4 1 88 18 0.006792 2
16 4 1 89 18 0.007762 0
16 4 1 90 18 0.006585 0
16 4 1 91 17 0.006457 1
16 4 1 92 16 0.004636 1
16 4 1 93 18 0.006781 1
16 4 1 94 18 0.005965 1
16 4 1 95 17 0.005790 0
16 4 1 96 16 0.005719 1
16 4 1 97 16 0.007154 0
16 4 1 98 18 0.007742 2
16 4 1 99 19 0.010726 1
16 4 2 0 19 0.004065 0
16 4 2 1 13 0.004493 1
16 4 2 2 19 0.004797 2
16 4 2 3 17 0.006816 1
16 4 2 4 19 0.003430 0
16 4 2 5 15 0.004091 1
16 4 2 6 16 0.005194 1
16 4 2 7 18 0.004457 1
16 4 2 8 18 0.005744 1
16 4 2 9 16 0.006049 1
16 4 2 10 13 0.004171 0
16 4 2 11 17 0.005485 1
16 4 2 12 15 0.005731 0
16 4 2 13 18 0.004740 2
16 4 2 14 18 0.004628 1
16 4 2 15 17 0.005338 1
16 4 2 16 15 0.005437 1
16 4 2 17 11 0.004026 0
16 4 2 18 15 0.005500 0
16 4 2 19 17 0.005544 0
16 4 2 20 - - -
16 4 2 21 - - -
16 4 2 22 16 0.006577 1
16 4 2 23 11 0.003918 1
16 4 2 24 14 0.004407 0
16 4 2 25 17 0.006691 1
16 4 2 26 9 0.002891 1
16 4 2 27 9 0.002448 2
16 4 2 28 19 0.004171 1
16 4 2 29 17 0.005698 0
16 4 2 30 16 0.003057 0
16 4 2 31 - - -
16 4 2 32 17 0.005542 1
16 4 2 33 12 0.004200 0
16 4 2 34 11 0.003048 0
16 4 2 35 17 0.003962 2
16 4 2 36 11 0.002554 0
16 4 2 37 15 0.004285 0
16 4 2 38 11 0.002329 0
16 4 2 39 12 0.003820 1
16 4 2 40 12 0.003225 1
16 4 2 41 17 0.005713 1
16 4 2 42 16 0.005201 2
16 4 2 43 - - -
16 4 2 44 - - -
16 4 2 45 18 0.005490 1
16 4 2 46 14 0.003584 0
16 4 2 47 14 0.003956 2
16 4 2 48 15 0.003213 2
16 4 2 49 13 0.003482 1
16 4 2 50 13 0.003865 2
16 4 2 51 19 0.002109 1
16 4 2 52 14 0.003787 0
16 4 2 53 12 0.003539 2
16 4 2 54 17 0.004407 2
16 4 2 55 - - -
16 4 2 56 16 0.003070 0
16 4 2 57 12 0.003310 1
16 4 2 58 - - -
16 4 2 59 - - -
16 4 2 60 - - -
16 4 2 61 - - -
16 4 2 62 - - -
16 4 2 63 17 0.003867 1
16 4 2 64 11 0.002178 0
16 4 2 65 17 0.003981 0
16 4 2 66 17 0.003238 1
16 4 2 67 19 0.002609 0
16 4 2 68 12 0.002927 2
16 4 2 69 14 0.003302 0
16 4 2 70 14 0.002932 2
16 4 2 71 - - -
16 4 2 72 - - -
16 4 2 73 13 0.003224 1
16 4 2 74 14 0.003308 2
16 4 2 75 13 0.002869 1
16 4 2 76 19 0.003671 2
16 4 2 77 - - -
16 4 2 78 17 0.004061 1
16 4 2 79 18 0.004021 2
16 4 2 80 - - -
16 4 2 81 19 0.002269 0
16 4 2 82 - - -
16 4 2 83 19 0.001751 1
16 4 2 84 19 0.003101 2
16 4 2 85 - - -
16 4 2 86 16 0.002103 2
16 4 2 87 12 0.002473 0
16 4 2 88 - - -
16 4 2 89 - - -
16 4 2 90 18 0.004592 0
16 4 2 91 - - -
16 4 2 92 10 0.001399 1
16 4 2 93 - - -
16 4 2 94 19 0.002260 1
16 4 2 95 17 0.003997 0
16 4 2 96 10 0.001902 1
16 4 2 97 - - -
16 4 2 98 17 0.003369 2
16 4 2 99 - - -
16 4 4 0 - - -
16 4 4 1 - - -
16 4 4 2 - - -
16 4 4 3 - - -
16 4 4 4 - - -
16 4 4 5 - - -
16 4 4 6 - - -
16 4 4 7 - - -
16 4 4 8 - - -
16 4 4 9 - - -
16 4 4 10 - - -
16 4 4 11 - - -
16 4 4 12 - - -
16 4 4 13 - - -
16 4 4 14 - - -
16 4 4 15 - - -
16 4 4 16 - - -
16 4 4 17 - - -
16 4 4 18 - - -
16 4 4 19 - - -
16 4 4 20 - - -
16 4 4 21 - - -
16 4 4 22 - - -
16 4 4 23 - - -
16 4 4 24 - - -
16 4 4 25 - - -
16 4 4 26 12 0.000980 1
16 4 4 27 - - -
16 4 4 28 - - -
16 4 4 29 - - -
16 4 4 30 - - -
16 4 4 31 - - -
16 4 4 32 - - -
16 4 4 33 - - -
16 4 4 34 - - -
16 4 4 35 - - -
16 4 4 36 - - -
16 4 4 37 - - -
16 4 4 38 - - -
16 4 4 39 - - -
16 4 4 40 13 0.001318 1
16 4 4 41 - - -
16 4 4 42 - - -
16 4 4 43 - - -
16 4 4 44 - - -
16 4 4 45 - - -
16 4 4 46 - - -
16 4 4 47 16 0.001430 2
16 4 4 48 - - -
16 4 4 49 - - -
16 4 4 50 - - -
16 4 4 51 - - -
16 4 4 52 - - -
16 4 4 53 - - -
16 4 4 54 - - -
16 4 4 55 - - -
16 4 4 56 - - -
16 4 4 57 - - -
16 4 4 58 - - -
16 4 4 59 - - -
16 4 4 60 - - -
16 4 4 61 - - -
16 4 4 62 - - -
16 4 4 63 - - -
16 4 4 64 - - -
16 4 4 65 - - -
16 4 4 66 - - -
16 4 4 67 - - -
16 4 4 68 - - -
16 4 4 69 14 0.001244 0
16 4 4 70 - - -
16 4 4 71 - - -
16 4 4 72 - - -
16 4 4 73 - - -
16 4 4 74 - - -
16 4 4 75 - - -
16 4 4 76 - - -
16 4 4 77 - - -
16 4 4 78 - - -
16 4 4 79 - - -
16 4 4 80 - - -
16 4 4 81 - - -
16 4 4 82 - - -
16 4 4 83 - - -
16 4 4 84 - - -
16 4 4 85 - - -
16 4 4 86 - - -
16 4 4 87 - - -
16 4 4 88 - - -
16 4 4 89 - - -
16 4 4 90 - - -
16 4 4 91 - - -
16 4 4 92 - - -
16 4 4 93 - - -
16 4 4 94 - - -
16 4 4 95 - - -
16 4 4 96 - - -
16 4 4 97 - - -
16 4 4 98 - - -
16 4 4 99 - - -
16 8 0 0 23 0.011616 0
16 8 0 1 15 0.004539 1
16 8 0 2 19 0.008978 2
16 8 0 3 21 0.009794 1
16 8 0 4 23 0.010614 0
16 8 0 5 21 0.008767 1
16 8 0 6 20 0.012078 1
16 8 0 7 24 0.014594 1
16 8 0 8 24 0.011341 1
16 8 0 9 18 0.007571 1
16 8 0 10 21 0.011665 0
16 8 0 11 18 0.008480 1
16 8 0 12 16 0.007253 0
16 8 0 13 24 0.014223 2
16 8 0 14 23 0.012791 1
16 8 0 15 22 0.011894 1
16 8 0 16 23 0.012486 1
16 8 0 17 20 0.011827 0
16 8 0 18 22 0.011635 0
16 8 0 19 20 0.011125 0
16 8 0 20 26 0.018166 1
16 8 0 21 24 0.014394 0
16 8 0 22 18 0.007802 1
16 8 0 23 20 0.009783 1
16 8 0 24 14 0.004982 0
16 8 0 25 17 0.007521 1
16 8 0 26 13 0.003392 1
16 8 0 27 17 0.006231 2
16 8 0 28 24 0.010766 1
16 8 0 29 25 0.010590 0
16 8 0 30 18 0.006916 0
16 8 0 31 21 0.009544 0
16 8 0 32 22 0.009384 1
16 8 0 33 14 0.004188 0
16 8 0 34 20 0.009669 0
16 8 0 35 20 0.009206 2
16 8 0 36 18 0.006072 0
16 8 0 37 18 0.007277 0
16 8 0 38 21 0.008719 0
16 8 0 39 18 0.006091 1
16 8 0 40 13 0.003880 1
16 8 0 41 21 0.010527 1
16 8 0 42 20 0.006085 2
16 8 0 43 28 0.015071 2
16 8 0 44 26 0.012944 2
16 8 0 45 19 0.007056 1
16 8 0 46 18 0.007439 0
16 8 0 47 16 0.004466 2
16 8 0 48 19 0.007588 2
16 8 0 49 17 0.006865 1
16 8 0 50 18 0.005721 2
16 8 0 51 24 0.011619 1
16 8 0 52 22 0.007737 0
16 8 0 53 15 0.004555 2
16 8 0 54 19 0.007243 2
16 8 0 55 24 0.010709 2
16 8 0 56 20 0.006774 0
16 8 0 57 18 0.006885 1
16 8 0 58 25 0.012592 0
16 8 0 59 24 0.010584 1
16 8 0 60 25 0.013240 0
16 8 0 61 23 0.009899 1
16 8 0 62 22 0.010666 1
16 8 0 63 19 0.007336 1
16 8 0 64 20 0.008027 0
16 8 0 65 20 0.008941 0
16 8 0 66 21 0.009157 1
16 8 0 67 25 0.013436 0
16 8 0 68 19 0.007719 2
16 8 0 69 17 0.005011 0
16 8 0 70 18 0.005656 2
16 8 0 71 26 0.015291 0
16 8 0 72 27 0.016229 1
16 8 0 73 19 0.006991 1
16 8 0 74 20 0.007916 2
16 8 0 75 16 0.004277 1
16 8 0 76 24 0.011152 2
16 8 0 77 23 0.011281 1
16 8 0 78 22 0.009473 1
16 8 0 79 21 0.008731 2
16 8 0 80 23 0.010154 2
16 8 0 81 25 0.012340 0
16 8 0 82 26 0.014759 0
16 8 0 83 22 0.008840 1
16 8 0 84 21 0.009311 2
16 8 0 85 26 0.014160 1
16 8 0 86 23 0.009802 2
16 8 0 87 19 0.006960 0
16 8 0 88 26 0.016092 2
16 8 0 89 27 0.014931 0
16 8 0 90 22 0.009345 0
16 8 0 91 23 0.010283 1
16 8 0 92 20 0.007951 1
16 8 0 93 26 0.014364 1
16 8 0 94 24 0.010644 1
16 8 0 95 23 0.009441 0
16 8 0 96 19 0.007882 1
16 8 0 97 21 0.009994 0
16 8 0 98 23 0.011184 2
16 8 0 99 27 0.016094 1
16 8 1 0 21 0.009588 0
16 8 1 1 15 0.003734 1
16 8 1 2 19 0.008535 2
16 8 1 3 20 0.008615 1
16 8 1 4 21 0.009939 0
16 8 1 5 18 0.007132 1
16 8 1 6 19 0.009990 1
16 8 1 7 21 0.011272 1
16 8 1 8 21 0.010117 1
16 8 1 9 17 0.006771 1
16 8 1 10 19 0.007845 0
16 8 1 11 18 0.007141 1
16 8 1 12 15 0.006757 0
16 8 1 13 21 0.011364 2
16 8 1 14 21 0.009389 1
16 8 1 15 20 0.008674 1
16 8 1 16 21 0.010912 1
16 8 1 17 19 0.010690 0
16 8 1 18 20 0.010432 0
16 8 1 19 19 0.009475 0
16 8 1 20 22 0.012451 1
16 8 1 21 21 0.010488 0
16 8 1 22 17 0.007418 1
16 8 1 23 19 0.008972 1
16 8 1 24 14 0.004443 0
16 8 1 25 17 0.008162 1
16 8 1 26 13 0.003333 1
16 8 1 27 16 0.005591 2
16 8 1 28 21 0.008747 1
16 8 1 29 21 0.008762 0
16 8 1 30 18 0.007451 0
16 8 1 31 20 0.008625 0
16 8 1 32 20 0.008811 1
16 8 1 33 14 0.004521 0
16 8 1 34 19 0.008458 0
16 8 1 35 19 0.007587 2
16 8 1 36 17 0.005292 0
16 8 1 37 17 0.006548 0
16 8 1 38 19 0.007840 0
16 8 1 39 16 0.006080 1
16 8 1 40 13 0.003386 1
16 8 1 41 20 0.009404 1
16 8 1 42 18 0.005983 2
16 8 1 43 23 0.010448 2
16 8 1 44 22 0.011123 2
16 8 1 45 18 0.006055 1
16 8 1 46 18 0.007555 0
16 8 1 47 15 0.004111 2
16 8 1 48 19 0.007827 2
16 8 1 49 17 0.005578 1
16 8 1 50 16 0.004610 2
16 8 1 51 22 0.010711 1
16 8 1 52 19 0.006802 0
16 8 1 53 14 0.004008 2
16 8 1 54 19 0.008147 2
16 8 1 55 21 0.008441 2
16 8 1 56 18 0.006647 0
16 8 1 57 17 0.006791 1
16 8 1 58 22 0.010210 0
16 8 1 59 21 0.009209 1
16 8 1 60 21 0.009781 0
16 8 1 61 21 0.008833 1
16 8 1 62 21 0.010129 1
16 8 1 63 17 0.006342 1
16 8 1 64 18 0.007024 0
16 8 1 65 19 0.009439 0
16 8 1 66 18 0.009095 1
16 8 1 67 22 0.013978 0
16 8 1 68 18 0.009269 2
16 8 1 69 16 0.005340 0
16 8 1 70 17 0.006206 2
16 8 1 71 22 0.013337 0
16 8 1 72 22 0.013789 1
16 8 1 73 18 0.007373 1
16 8 1 74 19 0.008388 2
16 8 1 75 15 0.004854 1
16 8 1 76 21 0.011837 2
16 8 1 77 21 0.011331 1
16 8 1 78 20 0.010758 1
16 8 1 79 20 0.008939 2
16 8 1 80 21 0.010794 2
16 8 1 81 22 0.011858 0
16 8 1 82 22 0.010490 0
16 8 1 83 21 0.008800 1
16 8 1 84 20 0.008669 2
16 8 1 85 22 0.010062 1
16 8 1 86 21 0.008331 2
16 8 1 87 17 0.005709 0
16 8 1 88 22 0.011045 2
16 8 1 89 22 0.010108 0
16 8 1 90 21 0.009227 0
16 8 1 91 21 0.008927 1
16 8 1 92 19 0.006267 1
16 8 1 93 22 0.011360 1
16 8 1 94 21 0.009410 1
16 8 1 95 20 0.007474 0
16 8 1 96 18 0.007229 1
16 8 1 97 20 0.009138 0
16 8 1 98 21 0.010911 2
16 8 1 99 23 0.012522 1
16 8 2 0 19 0.005246 0
16 8 2 1 14 0.003994 1
16 8 2 2 20 0.005230 2
16 8 2 3 17 0.006014 1
16 8 2 4 19 0.006286 0
16 8 2 5 16 0.004349 1
16 8 2 6 17 0.005575 1
16 8 2 7 18 0.004702 1
16 8 2 8 17 0.005095 1
16 8 2 9 18 0.005859 1
16 8 2 10 16 0.004788 0
16 8 2 11 19 0.005006 1
16 8 2 12 15 0.005026 0
16 8 2 13 20 0.005864 2
16 8 2 14 19 0.005237 1
16 8 2 15 17 0.005014 1
16 8 2 16 16 0.005120 1
16 8 2 17 13 0.003700 0
16 8 2 18 15 0.005949 0
16 8 2 19 17 0.005092 0
16 8 2 20 23 0.004356 1
16 8 2 21 22 0.005018 0
16 8 2 22 17 0.005413 1
16 8 2 23 13 0.003457 1
16 8 2 24 15 0.003826 0
16 8 2 25 18 0.005837 1
16 8 2 26 11 0.002918 1
16 8 2 27 10 0.002684 2
16 8 2 28 19 0.005031 1
16 8 2 29 17 0.005415 0
16 8 2 30 17 0.004858 0
16 8 2 31 17 0.004005 0
16 8 2 32 17 0.005298 1
16 8 2 33 12 0.003489 0
16 8 2 34 12 0.003128 0
16 8 2 35 17 0.005162 2
16 8 2 36 11 0.003449 0
16 8 2 37 15 0.004601 0
16 8 2 38 13 0.003261 0
16 8 2 39 14 0.004383 1
16 8 2 40 15 0.004380 1
16 8 2 41 17 0.006700 1
16 8 2 42 17 0.008214 2
16 8 2 43 23 0.005626 2
16 8 2 44 20 0.006056 2
16 8 2 45 16 0.005897 1
16 8 2 46 16 0.005157 0
16 8 2 47 11 0.003468 2
16 8 2 48 17 0.005219 2
16 8 2 49 12 0.004229 1
16 8 2 50 13 0.004125 2
16 8 2 51 19 0.005088 1
16 8 2 52 15 0.005254 0
16 8 2 53 12 0.004235 2
16 8 2 54 18 0.005880 2
16 8 2 55 13 0.002663 2
16 8 2 56 16 0.005248 0
16 8 2 57 14 0.004939 1
16 8 2 58 23 0.003841 0
16 8 2 59 20 0.006401 1
16 8 2 60 - - -
16 8 2 61 11 0.003046 1
16 8 2 62 18 0.005792 1
16 8 2 63 18 0.006165 1
16 8 2 64 13 0.004055 0
16 8 2 65 17 0.005610 0
16 8 2 66 18 0.004932 1
16 8 2 67 19 0.005223 0
16 8 2 68 14 0.005297 2
16 8 2 69 13 0.003896 0
16 8 2 70 17 0.005198 2
16 8 2 71 22 0.004842 0
16 8 2 72 13 0.001924 1
16 8 2 73 16 0.005371 1
16 8 2 74 16 0.004623 2
16 8 2 75 14 0.004095 1
16 8 2 76 19 0.005940 2
16 8 2 77 21 0.005485 1
16 8 2 78 17 0.005307 1
16 8 2 79 18 0.005142 2
16 8 2 80 18 0.004638 2
16 8 2 81 19 0.005968 0
16 8 2 82 - - -
16 8 2 83 19 0.004948 1
16 8 2 84 21 0.005673 2
16 8 2 85 - - -
16 8 2 86 17 0.004060 2
16 8 2 87 14 0.003867 0
16 8 2 88 19 0.004303 2
16 8 2 89 23 0.004033 0
16 8 2 90 20 0.005915 0
16 8 2 91 11 0.002629 1
16 8 2 92 12 0.002767 1
16 8 2 93 20 0.004264 1
16 8 2 94 19 0.005940 1
16 8 2 95 17 0.006005 0
16 8 2 96 11 0.002839 1
16 8 2 97 10 0.002710 0
16 8 2 98 17 0.005211 2
16 8 2 99 23 0.003962 1
16 8 4 0 - - -
16 8 4 1 14 0.001780 1
16 8 4 2 - - -
16 8 4 3 - - -
16 8 4 4 - - -
16 8 4 5 - - -
16 8 4 6 - - -
16 8 4 7 - - -
16 8 4 8 - - -
16 8 4 9 - - -
16 8 4 10 - - -
16 8 4 11 - - -
16 8 4 12 17 0.001445 0
16 8 4 13 - - -
16 8 4 14 - - -
16 8 4 15 - - -
16 8 4 16 - - -
16 8 4 17 - - -
16 8 4 18 - - -
16 8 4 19 - - -
16 8 4 20 - - -
16 8 4 21 - - -
16 8 4 22 - - -
16 8 4 23 - - -
16 8 4 24 - - -
16 8 4 25 - - -
16 8 4 26 12 0.002752 1
16 8 4 27 - - -
16 8 4 28 - - -
16 8 4 29 - - -
16 8 4 30 - - -
16 8 4 31 - - -
16 8 4 32 - - -
16 8 4 33 11 0.001736 0
16 8 4 34 - - -
16 8 4 35 - - -
16 8 4 36 - - -
16 8 4 37 - - -
16 8 4 38 - - -
16 8 4 39 - - -
16 8 4 40 11 0.002353 1
16 8 4 41 - - -
16 8 4 42 - - -
16 8 4 43 - - -
16 8 4 44 - - -
16 8 4 45 - - -
16 8 4 46 - - -
16 8 4 47 14 0.002820 2
16 8 4 48 - - -
16 8 4 49 - - -
16 8 4 50 - - -
16 8 4 51 - - -
16 8 4 52 - - -
16 8 4 53 16 0.002429 2
16 8 4 54 - - -
16 8 4 55 - - -
16 8 4 56 - - -
16 8 4 57 - - -
16 8 4 58 - - -
16 8 4 59 - - -
16 8 4 60 - - -
16 8 4 61 - - -
16 8 4 62 - - -
16 8 4 63 - - -
16 8 4 64 - - -
16 8 4 65 - - -
16 8 4 66 - - -
16 8 4 67 - - -
16 8 4 68 - - -
16 8 4 69 14 0.002821 0
16 8 4 70 - - -
16 8 4 71 - - -
16 8 4 72 - - -
16 8 4 73 - - -
16 8 4 74 - - -
16 8 4 75 14 0.002707 1
16 8 4 76 - - -
16 8 4 77 - - -
16 8 4 78 - - -
16 8 4 79 - - -
16 8 4 80 - - -
16 8 4 81 - - -
16 8 4 82 - - -
16 8 4 83 - - -
16 8 4 84 - - -
16 8 4 85 - - -
16 8 4 86 - - -
16 8 4 87 - - -
16 8 4 88 - - -
16 8 4 89 - - -
16 8 4 90 - - -
16 8 4 91 - - -
16 8 4 92 - - -
16 8 4 93 - - -
16 8 4 94 - - -
16 8 4 95 - - -
16 8 4 96 - - -
16 8 4 97 - - -
16 8 4 98 - - -
16 8 4 99 - - -
16 8 8 0 - - -
16 8 8 1 - - -
16 8 8 2 - - -
16 8 8 3 - - -
16 8 8 4 - - -
16 8 8 5 - - -
16 8 8 6 - - -
16 8 8 7 - - -
16 8 8 8 - - -
16 8 8 9 - - -
16 8 8 10 - - -
16 8 8 11 - - -
16 8 8 12 - - -
16 8 8 13 - - -
16 8 8 14 - - -
16 8 8 15 - - -
16 8 8 16 - - -
16 8 8 17 - - -
16 8 8 18 - - -
16 8 8 19 - - -
16 8 8 20 - - -
16 8 8 21 - - -
16 8 8 22 - - -
16 8 8 23 - - -
16 8 8 24 - - -
16 8 8 25 - - -
16 8 8 26 - - -
16 8 8 27 - - -
16 8 8 28 - - -
16 8 8 29 - - -
16 8 8 30 - - -
16 8 8 31 - - -
16 8 8 32 - - -
16 8 8 33 - - -
16 8 8 34 - - -
16 8 8 35 - - -
16 8 8 36 - - -
16 8 8 37 - - -
16 8 8 38 - - -
16 8 8 39 - - -
16 8 8 40 - - -
16 8 8 41 - - -
16 8 8 42 - - -
16 8 8 43 - - -
16 8 8 44 - - -
16 8 8 45 - - -
16 8 8 46 - - -
16 8 8 47 - - -
16 8 8 48 - - -
16 8 8 49 - - -
16 8 8 50 - - -
16 8 8 51 - - -
16 8 8 52 - - -
16 8 8 53 - - -
16 8 8 54 - - -
16 8 8 55 - - -
16 8 8 56 - - -
16 8 8 57 - - -
16 8 8 58 - - -
16 8 8 59 - - -
16 8 8 60 - - -
16 8 8 61 - - -
16 8 8 62 - - -
16 8 8 63 - - -
16 8 8 64 - - -
16 8 8 65 - - -
16 8 8 66 - - -
16 8 8 67 - - -
16 8 8 68 - - -
16 8 8 69 - - -
16 8 8 70 - - -
16 8 8 71 - - -
16 8 8 72 - - -
16 8 8 73 - - -
16 8 8 74 - - -
16 8 8 75 - - -
16 8 8 76 - - -
16 8 8 77 - - -
16 8 8 78 - - -
16 8 8 79 - - -
16 8 8 80 - - -
16 8 8 81 - - -
16 8 8 82 - - -
16 8 8 83 - - -
16 8 8 84 - - -
16 8 8 85 - - -
16 8 8 86 - - -
16 8 8 87 - - -
16 8 8 88 - - -
16 8 8 89 - - -
16 8 8 90 - - -
16 8 8 91 - - -
16 8 8 92 - - -
16 8 8 93 - - -
16 8 8 94 - - -
16 8 8 95 - - -
16 8 8 96 - - -
16 8 8 97 - - -
16 8 8 98 - - -
16 8 8 99 - - -
16 16 0 0 23 0.012363 0
16 16 0 1 14 0.004019 1
16 16 0 2 20 0.009315 2
16 16 0 3 20 0.009683 1
16 16 0 4 23 0.011843 0
16 16 0 5 18 0.006343 1
16 16 0 6 20 0.010014 1
16 16 0 7 22 0.009905 1
16 16 0 8 22 0.009151 1
16 16 0 9 18 0.007064 1
16 16 0 10 20 0.008604 0
16 16 0 11 18 0.006484 1
16 16 0 12 15 0.005544 0
16 16 0 13 21 0.010089 2
16 16 0 14 22 0.009618 1
16 16 0 15 21 0.008567 1
16 16 0 16 21 0.010187 1
16 16 0 17 20 0.009282 0
16 16 0 18 20 0.008604 0
16 16 0 19 20 0.008745 0
16 16 0 20 26 0.015335 1
16 16 0 21 23 0.012545 0
16 16 0 22 18 0.006961 1
16 16 0 23 20 0.010973 1
16 16 0 24 15 0.005414 0
16 16 0 25 18 0.008198 1
16 16 0 26 12 0.003309 1
16 16 0 27 16 0.005906 2
16 16 0 28 23 0.010183 1
16 16 0 29 22 0.010208 0
16 16 0 30 18 0.007486 0
16 16 0 31 21 0.011754 0
16 16 0 32 20 0.009534 1
16 16 0 33 13 0.004101 0
16 16 0 34 20 0.009247 0
16 16 0 35 20 0.009243 2
16 16 0 36 18 0.006587 0
16 16 0 37 18 0.007665 0
16 16 0 38 20 0.008894 0
16 16 0 39 17 0.006062 1
16 16 0 40 12 0.003128 1
16 16 0 41 20 0.009825 1
16 16 0 42 18 0.005999 2
16 16 0 43 27 0.016513 2
16 16 0 44 23 0.012280 2
16 16 0 45 19 0.007027 1
16 16 0 46 19 0.009045 0
16 16 0 47 14 0.004470 2
16 16 0 48 20 0.009123 2
16 16 0 49 16 0.006175 1
16 16 0 50 16 0.004913 2
16 16 0 51 23 0.010644 1
16 16 0 52 19 0.006421 0
16 16 0 53 14 0.004281 2
16 16 0 54 20 0.008544 2
16 16 0 55 24 0.011197 2
16 16 0 56 19 0.007085 0
16 16 0 57 18 0.007034 1
16 16 0 58 25 0.012960 0
16 16 0 59 23 0.010575 1
16 16 0 60 25 0.013629 0
16 16 0 61 22 0.010536 1
16 16 0 62 22 0.011330 1
16 16 0 63 18 0.007216 1
16 16 0 64 18 0.006878 0
16 16 0 65 20 0.009414 0
16 16 0 66 19 0.008146 1
16 16 0 67 24 0.013595 0
16 16 0 68 17 0.007607 2
16 16 0 69 14 0.004031 0
16 16 0 70 16 0.005446 2
16 16 0 71 25 0.014878 0
16 16 0 72 25 0.018260 1
16 16 0 73 19 0.008853 1
16 16 0 74 20 0.009971 2
16 16 0 75 14 0.004949 1
16 16 0 76 22 0.011741 2
16 16 0 77 24 0.012995 1
16 16 0 78 21 0.010186 1
16 16 0 79 20 0.009092 2
16 16 0 80 22 0.010245 2
16 16 0 81 24 0.012891 0
16 16 0 82 26 0.016204 0
16 16 0 83 22 0.009276 1
16 16 0 84 22 0.011755 2
16 16 0 85 26 0.015561 1
16 16 0 86 22 0.009401 2
16 16 0 87 18 0.006402 0
16 16 0 88 24 0.014623 2
16 16 0 89 26 0.015219 0
16 16 0 90 22 0.011086 0
16 16 0 91 23 0.011746 1
16 16 0 92 20 0.008108 1
16 16 0 93 24 0.015303 1
16 16 0 94 23 0.012994 1
16 16 0 95 20 0.010306 0
16 16 0 96 19 0.010499 1
16 16 0 97 21 0.011710 0
16 16 0 98 22 0.013856 2
16 16 0 99 26 0.019162 1
16 16 1 0 23 0.013706 0
16 16 1 1 14 0.004685 1
16 16 1 2 20 0.010425 2
16 16 1 3 20 0.010403 1
16 16 1 4 23 0.012624 0
16 16 1 5 18 0.006704 1
16 16 1 6 20 0.010291 1
16 16 1 7 22 0.010326 1
16 16 1 8 22 0.009250 1
16 16 1 9 18 0.006847 1
16 16 1 10 20 0.008552 0
16 16 1 11 18 0.007441 1
16 16 1 12 15 0.005252 0
16 16 1 13 21 0.010303 2
16 16 1 14 22 0.010195 1
16 16 1 15 21 0.009086 1
16 16 1 16 21 0.009760 1
16 16 1 17 20 0.009429 0
16 16 1 18 20 0.008332 0
16 16 1 19 20 0.009389 0
16 16 1 20 26 0.016601 1
16 16 1 21 23 0.012600 0
16 16 1 22 18 0.007594 1
16 16 1 23 20 0.008763 1
16 16 1 24 15 0.004588 0
16 16 1 25 18 0.015354 1
16 16 1 26 12 0.003257 1
16 16 1 27 16 0.005457 2
16 16 1 28 23 0.008675 1
16 16 1 29 22 0.006661 0
16 16 1 30 18 0.006103 0
16 16 1 31 21 0.007708 0
16 16 1 32 20 0.006676 1
16 16 1 33 13 0.003480 0
16 16 1 34 20 0.007252 0
16 16 1 35 20 0.006748 2
16 16 1 36 18 0.005162 0
16 16 1 37 18 0.005710 0
16 16 1 38 20 0.006170 0
16 16 1 39 17 0.004929 1
16 16 1 40 12 0.002408 1
16 16 1 41 20 0.007323 1
16 16 1 42 18 0.004812 2
16 16 1 43 27 0.012056 2
16 16 1 44 23 0.009967 2
16 16 1 45 19 0.005537 1
16 16 1 46 19 0.005994 0
16 16 1 47 14 0.003618 2
16 16 1 48 20 0.005949 2
16 16 1 49 16 0.004173 1
16 16 1 50 16 0.004992 2
16 16 1 51 23 0.009227 1
16 16 1 52 19 0.005302 0
16 16 1 53 14 0.004182 2
16 16 1 54 20 0.006639 2
16 16 1 55 24 0.009224 2
16 16 1 56 19 0.005961 0
16 16 1 57 18 0.005841 1
16 16 1 58 25 0.011668 0
16 16 1 59 23 0.009919 1
16 16 1 60 25 0.011538 0
16 16 1 61 22 0.008829 1
16 16 1 62 22 0.009869 1
16 16 1 63 18 0.005443 1
16 16 1 64 18 0.005707 0
16 16 1 65 20 0.008375 0
16 16 1 66 19 0.006181 1
16 16 1 67 24 0.010718 0
16 16 1 68 17 0.006098 2
16 16 1 69 14 0.003032 0
16 16 1 70 16 0.004274 2
16 16 1 71 25 0.012559 0
16 16 1 72 25 0.012397 1
16 16 1 73 19 0.005947 1
16 16 1 74 20 0.007173 2
16 16 1 75 14 0.003529 1
16 16 1 76 22 0.009562 2
16 16 1 77 24 0.010964 1
16 16 1 78 21 0.009817 1
16 16 1 79 20 0.008124 2
16 16 1 80 22 0.010332 2
16 16 1 81 24 0.012202 0
16 16 1 82 26 0.013451 0
16 16 1 83 22 0.008231 1
16 16 1 84 22 0.009393 2
16 16 1 85 26 0.012700 1
16 16 1 86 22 0.008238 2
16 16 1 87 18 0.006669 0
16 16 1 88 24 0.012787 2
16 16 1 89 26 0.012209 0
16 16 1 90 22 0.008011 0
16 16 1 91 23 0.008864 1
16 16 1 92 20 0.006497 1
16 16 1 93 24 0.012341 1
16 16 1 94 23 0.009416 1
16 16 1 95 20 0.006362 0
16 16 1 96 19 0.006597 1
16 16 1 97 21 0.009180 0
16 16 1 98 22 0.010110 2
16 16 1 99 26 0.014412 1
16 16 2 0 19 0.006730 0
16 16 2 1 15 0.003367 1
16 16 2 2 20 0.006807 2
16 16 2 3 18 0.007564 1
16 16 2 4 19 0.008263 0
16 16 2 5 19 0.005561 1
16 16 2 6 21 0.007691 1
16 16 2 7 22 0.007820 1
16 16 2 8 21 0.007037 1
16 16 2 9 20 0.007312 1
16 16 2 10 18 0.005940 0
16 16 2 11 19 0.005913 1
16 16 2 12 15 0.005133 0
16 16 2 13 24 0.009408 2
16 16 2 14 20 0.007354 1
16 16 2 15 17 0.005974 1
16 16 2 16 18 0.006468 1
16 16 2 17 17 0.006060 0
16 16 2 18 19 0.006397 0
16 16 2 19 19 0.006632 0
16 16 2 20 23 0.008041 1
16 16 2 21 25 0.008469 0
16 16 2 22 20 0.007461 1
16 16 2 23 17 0.005726 1
16 16 2 24 16 0.004739 0
16 16 2 25 21 0.008623 1
16 16 2 26 11 0.003175 1
16 16 2 27 14 0.004724 2
16 16 2 28 19 0.007504 1
16 16 2 29 18 0.007612 0
16 16 2 30 19 0.007430 0
16 16 2 31 21 0.007418 0
16 16 2 32 17 0.006768 1
16 16 2 33 12 0.004274 0
16 16 2 34 16 0.006415 0
16 16 2 35 17 0.005811 2
16 16 2 36 15 0.004728 0
16 16 2 37 19 0.007009 0
16 16 2 38 17 0.005228 0
16 16 2 39 17 0.005232 1
16 16 2 40 13 0.003128 1
16 16 2 41 20 0.007864 1
16 16 2 42 18 0.004972 2
16 16 2 43 26 0.008761 2
16 16 2 44 24 0.009211 2
16 16 2 45 20 0.006005 1
16 16 2 46 20 0.007260 0
16 16 2 47 12 0.002791 2
16 16 2 48 17 0.005893 2
16 16 2 49 15 0.004224 1
16 16 2 50 15 0.003869 2
16 16 2 51 19 0.005987 1
16 16 2 52 18 0.005144 0
16 16 2 53 14 0.003576 2
16 16 2 54 22 0.008376 2
16 16 2 55 17 0.004787 2
16 16 2 56 20 0.008043 0
16 16 2 57 18 0.006249 1
16 16 2 58 27 0.008651 0
16 16 2 59 20 0.007899 1
16 16 2 60 15 0.004690 0
16 16 2 61 15 0.013099 1
16 16 2 62 22 0.009874 1
16 16 2 63 21 0.010149 1
16 16 2 64 17 0.007544 0
16 16 2 65 17 0.009631 0
16 16 2 66 22 0.012556 1
16 16 2 67 22 0.015921 0
16 16 2 68 14 0.009759 2
16 16 2 69 13 0.006950 0
16 16 2 70 15 0.011505 2
16 16 2 71 23 0.019887 0
16 16 2 72 17 0.011632 1
16 16 2 73 17 0.016462 1
16 16 2 74 20 0.018607 2
16 16 2 75 14 0.011367 1
16 16 2 76 19 0.019651 2
16 16 2 77 22 0.017907 1
16 16 2 78 21 0.019887 1
16 16 2 79 21 0.017553 2
16 16 2 80 22 0.016658 2
16 16 2 81 19 0.020774 0
16 16 2 82 17 0.010510 0
16 16 2 83 22 0.014907 1
16 16 2 84 24 0.017899 2
16 16 2 85 17 0.009746 1
16 16 2 86 20 0.012869 2
16 16 2 87 17 0.010688 0
16 16 2 88 23 0.015607 2
16 16 2 89 23 0.014768 0
16 16 2 90 24 0.017404 0
16 16 2 91 15 0.008418 1
16 16 2 92 16 0.007688 1
16 16 2 93 24 0.013548 1
16 16 2 94 19 0.012706 1
16 16 2 95 19 0.011666 0
16 16 2 96 15 0.008089 1
16 16 2 97 14 0.008260 0
16 16 2 98 17 0.011839 2
16 16 2 99 23 0.014917 1
16 16 4 0 - - -
16 16 4 1 14 0.004758 1
16 16 4 2 - - -
16 16 4 3 - - -
16 16 4 4 - - -
16 16 4 5 14 0.004643 1
16 16 4 6 - - -
16 16 4 7 - - -
16 16 4 8 - - -
16 16 4 9 15 0.003932 1
16 16 4 10 - - -
16 16 4 11 - - -
16 16 4 12 17 0.006180 0
16 16 4 13 - - -
16 16 4 14 - - -
16 16 4 15 - - -
16 16 4 16 - - -
16 16 4 17 - - -
16 16 4 18 15 0.003555 0
16 16 4 19 - - -
16 16 4 20 - - -
16 16 4 21 - - -
16 16 4 22 15 0.003697 1
16 16 4 23 - - -
16 16 4 24 13 0.002171 0
16 16 4 25 - - -
16 16 4 26 12 0.004444 1
16 16 4 27 13 0.003777 2
16 16 4 28 - - -
16 16 4 29 22 0.002857 0
16 16 4 30 - - -
16 16 4 31 - - -
16 16 4 32 - - -
16 16 4 33 11 0.003911 0
16 16 4 34 - - -
16 16 4 35 - - -
16 16 4 36 16 0.002939 0
16 16 4 37 15 0.002258 0
16 16 4 38 23 0.003080 0
16 16 4 39 13 0.003282 1
16 16 4 40 11 0.003711 1
16 16 4 41 - - -
16 16 4 42 18 0.006206 2
16 16 4 43 - - -
16 16 4 44 - - -
16 16 4 45 20 0.004041 1
16 16 4 46 - - -
16 16 4 47 14 0.004693 2
16 16 4 48 - - -
16 16 4 49 18 0.005728 1
16 16 4 50 12 0.003758 2
16 16 4 51 - - -
16 16 4 52 20 0.005125 0
16 16 4 53 16 0.005417 2
16 16 4 54 - - -
16 16 4 55 - - -
16 16 4 56 15 0.001898 0
16 16 4 57 15 0.003140 1
16 16 4 58 - - -
16 16 4 59 - - -
16 16 4 60 - - -
16 16 4 61 - - -
16 16 4 62 - - -
16 16 4 63 21 0.002886 1
16 16 4 64 15 0.003884 0
16 16 4 65 22 0.003109 0
16 16 4 66 23 0.002883 1
16 16 4 67 - - -
16 16 4 68 13 0.003183 2
16 16 4 69 14 0.004428 0
16 16 4 70 12 0.003649 2
16 16 4 71 - - -
16 16 4 72 - - -
16 16 4 73 16 0.002572 1
16 16 4 74 21 0.003570 2
16 16 4 75 14 0.004247 1
16 16 4 76 - - -
16 16 4 77 - - -
16 16 4 78 - - -
16 16 4 79 - - -
16 16 4 80 - - -
16 16 4 81 - - -
16 16 4 82 - - -
16 16 4 83 - - -
16 16 4 84 - - -
16 16 4 85 - - -
16 16 4 86 - - -
16 16 4 87 14 0.003805 0
16 16 4 88 - - -
16 16 4 89 - - -
16 16 4 90 - - -
16 16 4 91 - - -
16 16 4 92 - - -
16 16 4 93 - - -
16 16 4 94 - - -
16 16 4 95 15 0.002254 0
16 16 4 96 22 0.003933 1
16 16 4 97 - - -
16 16 4 98 - - -
16 16 4 99 - - -
16 16 8 0 - - -
16 16 8 1 - - -
16 16 8 2 - - -
16 16 8 3 - - -
16 16 8 4 - - -
16 16 8 5 - - -
16 16 8 6 - - -
16 16 8 7 - - -
16 16 8 8 - - -
16 16 8 9 - - -
16 16 8 10 - - -
16 16 8 11 - - -
16 16 8 12 - - -
16 16 8 13 - - -
16 16 8 14 - - -
16 16 8 15 - - -
16 16 8 16 - - -
16 16 8 17 - - -
16 16 8 18 - - -
16 16 8 19 - - -
16 16 8 20 - - -
16 16 8 21 - - -
16 16 8 22 - - -
16 16 8 23 - - -
16 16 8 24 - - -
16 16 8 25 - - -
16 16 8 26 - - -
16 16 8 27 - - -
16 16 8 28 - - -
16 16 8 29 - - -
16 16 8 30 - - -
16 16 8 31 - - -
16 16 8 32 - - -
16 16 8 33 - - -
16 16 8 34 - - -
16 16 8 35 - - -
16 16 8 36 - - -
16 16 8 37 - - -
16 16 8 38 - - -
16 16 8 39 - - -
16 16 8 40 - - -
16 16 8 41 - - -
16 16 8 42 - - -
16 16 8 43 - - -
16 16 8 44 - - -
16 16 8 45 - - -
16 16 8 46 - - -
16 16 8 47 - - -
16 16 8 48 - - -
16 16 8 49 - - -
16 16 8 50 - - -
16 16 8 51 - - -
16 16 8 52 - - -
16 16 8 53 - - -
16 16 8 54 - - -
16 16 8 55 - - -
16 16 8 56 - - -
16 16 8 57 - - -
16 16 8 58 - - -
16 16 8 59 - - -
16 16 8 60 - - -
16 16 8 61 - - -
16 16 8 62 - - -
16 16 8 63 - - -
16 16 8 64 - - -
16 16 8 65 - - -
16 16 8 66 - - -
16 16 8 67 - - -
16 16 8 68 - - -
16 16 8 69 - - -
16 16 8 70 - - -
16 16 8 71 - - -
16 16 8 72 - - -
16 16 8 73 - - -
16 16 8 74 - - -
16 16 8 75 - - -
16 16 8 76 - - -
16 16 8 77 - - -
16 16 8 78 - - -
16 16 8 79 - - -
16 16 8 80 - - -
16 16 8 81 - - -
16 16 8 82 - - -
16 16 8 83 - - -
16 16 8 84 - - -
16 16 8 85 - - -
16 16 8 86 - - -
16 16 8 87 - - -
16 16 8 88 - - -
16 16 8 89 - - -
16 16 8 90 - - -
16 16 8 91 - - -
16 16 8 92 - - -
16 16 8 93 - - -
16 16 8 94 - - -
16 16 8 95 - - -
16 16 8 96 - - -
16 16 8 97 - - -
16 16 8 98 - - -
16 16 8 99 - - -
16 16 16 0 - - -
16 16 16 1 - - -
16 16 16 2 - - -
16 16 16 3 - - -
16 16 16 4 - - -
16 16 16 5 - - -
16 16 16 6 - - -
16 16 16 7 - - -
16 16 16 8 - - -
16 16 16 9 - - -
16 16 16 10 - - -
16 16 16 11 - - -
16 16 16 12 - - -
16 16 16 13 - - -
16 16 16 14 - - -
16 16 16 15 - - -
16 16 16 16 - - -
16 16 16 17 - - -
16 16 16 18 - - -
16 16 16 19 - - -
16 16 16 20 - - -
16 16 16 21 - - -
16 16 16 22 - - -
16 16 16 23 - - -
16 16 16 24 - - -
16 16 16 25 - - -
16 16 16 26 - - -
16 16 16 27 - - -
16 16 16 28 - - -
16 16 16 29 - - -
16 16 16 30 - - -
16 16 16 31 - - -
16 16 16 32 - - -
16 16 16 33 - - -
16 16 16 34 - - -
16 16 16 35 - - -
16 16 16 36 - - -
16 16 16 37 - - -
16 16 16 38 - - -
16 16 16 39 - - -
16 16 16 40 - - -
16 16 16 41 - - -
16 16 16 42 - - -
16 16 16 43 - - -
16 16 16 44 - - -
16 16 16 45 - - -
16 16 16 46 - - -
16 16 16 47 - - -
16 16 16 48 - - -
16 16 16 49 - - -
16 16 16 50 - - -
16 16 16 51 - - -
16 16 16 52 - - -
16 16 16 53 - - -
16 16 16 54 - - -
16 16 16 55 - - -
16 16 16 56 - - -
16 16 16 57 - - -
16 16 16 58 - - -
16 16 16 59 - - -
16 16 16 60 - - -
16 16 16 61 - - -
16 16 16 62 - - -
16 16 16 63 - - -
16 16 16 64 - - -
16 16 16 65 - - -
16 16 16 66 - - -
16 16 16 67 - - -
16 16 16 68 - - -
16 16 16 69 - - -
16 16 16 70 - - -
16 16 16 71 - - -
16 16 16 72 - - -
16 16 16 73 - - -
16 16 16 74 - - -
16 16 16 75 - - -
16 16 16 76 - - -
16 16 16 77 - - -
16 16 16 78 - - -
16 16 16 79 - - -
16 16 16 80 - - -
16 16 16 81 - - -
16 16 16 82 - - -
16 16 16 83 - - -
16 16 16 84 - - -
16 16 16 85 - - -
16 16 16 86 - - -
16 16 16 87 - - -
16 16 16 88 - - -
16 16 16 89 - - -
16 16 16 90 - - -
16 16 16 91 - - -
16 16 16 92 - - -
16 16 16 93 - - -
16 16 16 94 - - -
16 16 16 95 - - -
16 16 16 96 - - -
16 16 16 97 - - -
16 16 16 98 - - -
16 16 16 99 - - -
