256000 1000 1000 1 1 4 0.00100562 1 0
256000 1000 1000 1 2 6 0.00191883 1 0
256000 1000 1000 1 4 10 0.00338813 1 0
256000 1000 1000 1 8 18 0.00453345 1 0
256000 1000 1000 1 16 34 0.0101025 1 0
256000 1000 1000 1 32 68 0.0163201 1 0
256000 1000 1000 1 64 132 0.0362907 1 0
256000 1000 1000 1 128 257 0.074036 1 0
256000 1000 1000 1 256 513 0.124778 1 0
256000 1000 1000 2 2 8 0.00221322 1 0
256000 1000 1000 2 4 12 0.00312991 1 0
256000 1000 1000 2 8 20 0.00515893 1 0
256000 1000 1000 2 16 36 0.00995479 1 0
256000 1000 1000 2 32 70 0.0174304 1 0
256000 1000 1000 2 64 134 0.0314943 1 0
256000 1000 1000 2 128 260 0.0599883 1 0
256000 1000 1000 2 256 517 0.128197 1 0
256000 1000 1000 4 4 16 0.00410784 1 0
256000 1000 1000 4 8 24 0.00554243 1 0
256000 1000 1000 4 16 40 0.0110359 1 0
256000 1000 1000 4 32 74 0.0194409 1 0
256000 1000 1000 4 64 138 0.0346284 1 0
256000 1000 1000 4 128 264 0.0649759 1 0
256000 1000 1000 4 256 521 0.127783 1 0
256000 1000 1000 8 8 32 0.00788983 1 0
256000 1000 1000 8 16 48 0.0122735 1 0
256000 1000 1000 8 32 82 0.0196608 1 0
256000 1000 1000 8 64 146 0.0334992 1 0
256000 1000 1000 8 128 272 0.063628 1 0
256000 1000 1000 8 256 529 0.130428 1 0
256000 1000 1000 16 16 64 0.0142218 1 0
256000 1000 1000 16 32 98 0.0231771 1 0
256000 1000 1000 16 64 162 0.0368351 1 0
256000 1000 1000 16 128 288 0.0671885 1 0
256000 1000 1000 16 256 545 0.132914 1 0
256000 1000 1000 32 32 132 0.0314238 1 0
256000 1000 1000 32 64 196 0.0457932 1 0
256000 1000 1000 32 128 322 0.0757058 1 0
256000 1000 1000 32 256 578 0.143271 1 0
256000 1000 1000 64 64 260 0.0604532 1 0
256000 1000 1000 64 128 386 0.0914395 1 0
256000 1000 1000 64 256 642 0.16151 1 0
256000 1000 1000 128 128 512 0.129678 1 0
256000 1000 1000 128 256 769 0.202328 1 0
256000 1000 1000 256 256 514 0.138092 1 0
256000 2000 1000 1 1 4 0.00102553 1 0
256000 2000 1000 1 2 6 0.0015959 1 0
256000 2000 1000 1 4 10 0.00242228 1 0
256000 2000 1000 1 8 18 0.00403912 1 0
256000 2000 1000 1 16 34 0.00810973 1 0
256000 2000 1000 1 32 68 0.0159647 1 0
256000 2000 1000 1 64 132 0.0311478 1 0
256000 2000 1000 1 128 257 0.0589995 1 0
256000 2000 1000 1 256 513 0.124024 1 0
256000 2000 1000 2 2 8 0.00193884 1 0
256000 2000 1000 2 4 12 0.00275043 1 0
256000 2000 1000 2 8 20 0.00451149 1 0
256000 2000 1000 2 16 36 0.00810277 1 0
256000 2000 1000 2 32 70 0.0170512 1 0
256000 2000 1000 2 64 134 0.0336721 1 0
256000 2000 1000 2 128 260 0.0610641 1 0
256000 2000 1000 2 256 517 0.126204 1 0
256000 2000 1000 4 4 16 0.00526834 1 0
256000 2000 1000 4 8 24 0.00687467 1 0
256000 2000 1000 4 16 40 0.0134558 1 0
256000 2000 1000 4 32 74 0.0204131 1 0
256000 2000 1000 4 64 138 0.0340393 1 0
256000 2000 1000 4 128 264 0.0616864 1 0
256000 2000 1000 4 256 521 0.126404 1 0
256000 2000 1000 8 8 32 0.00715253 1 0
256000 2000 1000 8 16 48 0.0138808 1 0
256000 2000 1000 8 32 82 0.019907 1 0
256000 2000 1000 8 64 146 0.0353066 1 0
256000 2000 1000 8 128 272 0.0627625 1 0
256000 2000 1000 8 256 529 0.128929 1 0
256000 2000 1000 16 16 64 0.0142605 1 0
256000 2000 1000 16 32 98 0.0228975 1 0
256000 2000 1000 16 64 162 0.0375808 1 0
256000 2000 1000 16 128 288 0.0669903 1 0
256000 2000 1000 16 256 545 0.134678 1 0
256000 2000 1000 32 32 132 0.0310694 1 0
256000 2000 1000 32 64 196 0.0466189 1 0
256000 2000 1000 32 128 322 0.0756062 1 0
256000 2000 1000 32 256 578 0.143152 1 0
256000 2000 1000 64 64 260 0.0621712 1 0
256000 2000 1000 64 128 386 0.0938403 1 0
256000 2000 1000 64 256 642 0.165438 1 0
256000 2000 1000 128 128 511 0.142264 1 0
256000 2000 1000 128 256 768 0.217697 1 0
256000 2000 1000 256 256 515 0.14305 1 0
256000 2000 2000 1 1 4 0.00102827 1 0
256000 2000 2000 1 2 6 0.00144968 1 0
256000 2000 2000 1 4 10 0.00230052 1 0
256000 2000 2000 1 8 18 0.00402457 1 0
256000 2000 2000 1 16 34 0.0080796 1 0
256000 2000 2000 1 32 68 0.0163381 1 0
256000 2000 2000 1 64 131 0.0323841 1 0
256000 2000 2000 1 128 256 0.0603241 1 0
256000 2000 2000 2 2 8 0.00193256 1 0
256000 2000 2000 2 4 12 0.00275567 1 0
256000 2000 2000 2 8 20 0.00444082 1 0
256000 2000 2000 2 16 36 0.00846807 1 0
256000 2000 2000 2 32 70 0.0168986 1 0
256000 2000 2000 2 64 134 0.0311051 1 0
256000 2000 2000 2 128 260 0.0614846 1 0
256000 2000 2000 4 4 16 0.00372453 1 0
256000 2000 2000 4 8 24 0.00651865 1 0
256000 2000 2000 4 16 40 0.00942535 1 0
256000 2000 2000 4 32 74 0.0184125 1 0
256000 2000 2000 4 64 138 0.0319204 1 0
256000 2000 2000 4 128 264 0.061872 1 0
256000 2000 2000 8 8 32 0.00746794 1 0
256000 2000 2000 8 16 48 0.0118623 1 0
256000 2000 2000 8 32 82 0.0204795 1 0
256000 2000 2000 8 64 146 0.0343565 1 0
256000 2000 2000 8 128 272 0.0673878 1 0
256000 2000 2000 16 16 64 0.0145703 1 0
256000 2000 2000 16 32 98 0.0266357 1 0
256000 2000 2000 16 64 162 0.0375208 1 0
256000 2000 2000 16 128 288 0.067862 1 0
256000 2000 2000 32 32 132 0.02996 1 0
256000 2000 2000 32 64 196 0.0452556 1 0
256000 2000 2000 32 128 321 0.0753855 1 0
256000 2000 2000 64 64 260 0.0627981 1 0
256000 2000 2000 64 128 385 0.0942455 1 0
256000 2000 2000 128 128 384 0.0983662 1 0
256000 4000 1000 1 1 4 0.00104913 1 0
256000 4000 1000 1 2 6 0.00149596 1 0
256000 4000 1000 1 4 10 0.00331465 1 0
256000 4000 1000 1 8 18 0.00503592 1 0
256000 4000 1000 1 16 34 0.0081108 1 0
256000 4000 1000 1 32 68 0.0164136 1 0
256000 4000 1000 1 64 132 0.0303666 1 0
256000 4000 1000 1 128 257 0.0599812 1 0
256000 4000 1000 1 256 513 0.125111 1 0
256000 4000 1000 2 2 8 0.00196397 1 0
256000 4000 1000 2 4 12 0.00285721 1 0
256000 4000 1000 2 8 20 0.00450335 1 0
256000 4000 1000 2 16 36 0.00903392 1 0
256000 4000 1000 2 32 70 0.0179842 1 0
256000 4000 1000 2 64 134 0.0330999 1 0
256000 4000 1000 2 128 260 0.0593725 1 0
256000 4000 1000 2 256 517 0.124864 1 0
256000 4000 1000 4 4 16 0.00381545 1 0
256000 4000 1000 4 8 24 0.00548849 1 0
256000 4000 1000 4 16 40 0.00953248 1 0
256000 4000 1000 4 32 74 0.0190758 1 0
256000 4000 1000 4 64 138 0.0334802 1 0
256000 4000 1000 4 128 264 0.0615855 1 0
256000 4000 1000 4 256 521 0.127466 1 0
256000 4000 1000 8 8 32 0.00828541 1 0
256000 4000 1000 8 16 48 0.0112035 1 0
256000 4000 1000 8 32 82 0.0196616 1 0
256000 4000 1000 8 64 146 0.0337238 1 0
256000 4000 1000 8 128 272 0.0638924 1 0
256000 4000 1000 8 256 529 0.129281 1 0
256000 4000 1000 16 16 64 0.0144023 1 0
256000 4000 1000 16 32 98 0.0238997 1 0
256000 4000 1000 16 64 162 0.037169 1 0
256000 4000 1000 16 128 288 0.0672783 1 0
256000 4000 1000 16 256 545 0.13426 1 0
256000 4000 1000 32 32 132 0.0314518 1 0
256000 4000 1000 32 64 196 0.0471199 1 0
256000 4000 1000 32 128 322 0.0777337 1 0
256000 4000 1000 32 256 578 0.145728 1 0
256000 4000 1000 64 64 259 0.0684617 1 0
256000 4000 1000 64 128 385 0.101988 1 0
256000 4000 1000 64 256 641 0.176095 1 0
256000 4000 1000 128 128 509 0.219051 1 0
256000 4000 1000 128 256 766 0.321361 1 0
256000 4000 1000 256 256 517 0.174547 1 0
256000 4000 2000 1 1 4 0.00101318 1 0
256000 4000 2000 1 2 6 0.00147646 1 0
256000 4000 2000 1 4 10 0.00233949 1 0
256000 4000 2000 1 8 18 0.00406124 1 0
256000 4000 2000 1 16 34 0.00768176 1 0
256000 4000 2000 1 32 68 0.0159049 1 0
256000 4000 2000 1 64 131 0.0311495 1 0
256000 4000 2000 1 128 256 0.0583088 1 0
256000 4000 2000 2 2 8 0.00189928 1 0
256000 4000 2000 2 4 12 0.00271924 1 0
256000 4000 2000 2 8 20 0.00443158 1 0
256000 4000 2000 2 16 36 0.00826172 1 0
256000 4000 2000 2 32 70 0.0166944 1 0
256000 4000 2000 2 64 134 0.0322656 1 0
256000 4000 2000 2 128 260 0.061157 1 0
256000 4000 2000 4 4 16 0.00359376 1 0
256000 4000 2000 4 8 24 0.00543623 1 0
256000 4000 2000 4 16 40 0.00935666 1 0
256000 4000 2000 4 32 74 0.0172313 1 0
256000 4000 2000 4 64 138 0.0320283 1 0
256000 4000 2000 4 128 264 0.0606085 1 0
256000 4000 2000 8 8 32 0.00704815 1 0
256000 4000 2000 8 16 48 0.0117291 1 0
256000 4000 2000 8 32 82 0.0209355 1 0
256000 4000 2000 8 64 146 0.0333797 1 0
256000 4000 2000 8 128 272 0.0674851 1 0
256000 4000 2000 16 16 64 0.0143595 1 0
256000 4000 2000 16 32 98 0.0229925 1 0
256000 4000 2000 16 64 162 0.0373396 1 0
256000 4000 2000 16 128 288 0.0698418 1 0
256000 4000 2000 32 32 132 0.0314111 1 0
256000 4000 2000 32 64 196 0.0469232 1 0
256000 4000 2000 32 128 321 0.0779899 1 0
256000 4000 2000 64 64 259 0.0680805 1 0
256000 4000 2000 64 128 384 0.101415 1 0
256000 4000 2000 128 128 384 0.105234 1 0
256000 4000 4000 1 1 4 0.00103864 1 0
256000 4000 4000 1 2 6 0.00154428 1 0
256000 4000 4000 1 4 10 0.00254103 1 0
256000 4000 4000 1 8 18 0.00417474 1 0
256000 4000 4000 1 16 34 0.00784411 1 0
256000 4000 4000 1 32 67 0.0169422 1 0
256000 4000 4000 1 64 129 0.0306013 1 0
256000 4000 4000 2 2 8 0.00186612 1 0
256000 4000 4000 2 4 12 0.00273905 1 0
256000 4000 4000 2 8 20 0.0044489 1 0
256000 4000 4000 2 16 36 0.0081836 1 0
256000 4000 4000 2 32 70 0.0162497 1 0
256000 4000 4000 2 64 133 0.0315866 1 0
256000 4000 4000 4 4 16 0.00367199 1 0
256000 4000 4000 4 8 24 0.00561973 1 0
256000 4000 4000 4 16 40 0.0097475 1 0
256000 4000 4000 4 32 74 0.0180862 1 0
256000 4000 4000 4 64 137 0.0336004 1 0
256000 4000 4000 8 8 32 0.00752593 1 0
256000 4000 4000 8 16 48 0.0111264 1 0
256000 4000 4000 8 32 82 0.0197602 1 0
256000 4000 4000 8 64 145 0.0337929 1 0
256000 4000 4000 16 16 64 0.0143299 1 0
256000 4000 4000 16 32 98 0.0230474 1 0
256000 4000 4000 16 64 161 0.0365457 1 0
256000 4000 4000 32 32 132 0.0309139 1 0
256000 4000 4000 32 64 194 0.0457348 1 0
256000 4000 4000 64 64 130 0.0302881 1 0
256000 8000 1000 1 1 4 0.00100439 1 0
256000 8000 1000 1 2 6 0.00198504 0 1
256000 8000 1000 1 4 10 0.00329081 1 0
256000 8000 1000 1 8 18 0.0049751 1 0
256000 8000 1000 1 16 34 0.00953499 1 0
256000 8000 1000 1 32 68 0.0156879 1 0
256000 8000 1000 1 64 132 0.031469 1 0
256000 8000 1000 1 128 257 0.0709428 1 0
256000 8000 1000 1 256 513 0.149704 1 0
256000 8000 1000 2 2 8 0.00191772 1 0
256000 8000 1000 2 4 12 0.00311848 1 0
256000 8000 1000 2 8 20 0.00472334 1 0
256000 8000 1000 2 16 36 0.00839562 1 0
256000 8000 1000 2 32 70 0.0167577 1 0
256000 8000 1000 2 64 134 0.0313244 1 0
256000 8000 1000 2 128 260 0.0596564 1 0
256000 8000 1000 2 256 517 0.126431 1 0
256000 8000 1000 4 4 16 0.00402608 1 0
256000 8000 1000 4 8 24 0.00566258 1 0
256000 8000 1000 4 16 40 0.00953153 1 0
256000 8000 1000 4 32 74 0.0197571 1 0
256000 8000 1000 4 64 138 0.0331517 1 0
256000 8000 1000 4 128 264 0.0610452 1 0
256000 8000 1000 4 256 521 0.127423 1 0
256000 8000 1000 8 8 32 0.00742031 1 0
256000 8000 1000 8 16 48 0.0112071 1 0
256000 8000 1000 8 32 82 0.0197149 1 0
256000 8000 1000 8 64 146 0.0370155 1 0
256000 8000 1000 8 128 272 0.0643632 1 0
256000 8000 1000 8 256 529 0.133594 1 0
256000 8000 1000 16 16 64 0.015448 1 0
256000 8000 1000 16 32 98 0.0238378 1 0
256000 8000 1000 16 64 162 0.0384847 1 0
256000 8000 1000 16 128 288 0.0686923 1 0
256000 8000 1000 16 256 545 0.163601 1 0
256000 8000 1000 32 32 131 0.0333567 1 0
256000 8000 1000 32 64 195 0.0512152 1 0
256000 8000 1000 32 128 321 0.0835993 1 0
256000 8000 1000 32 256 577 0.157837 1 0
256000 8000 1000 64 64 258 0.106652 1 0
256000 8000 1000 64 128 384 0.154526 1 0
256000 8000 1000 64 256 640 0.257097 1 0
256000 8000 1000 128 128 505 2.25111 1 0
256000 8000 1000 128 256 762 2.99391 1 0
256000 8000 1000 256 256 521 0.957127 1 0
256000 8000 2000 1 1 4 0.00110747 1 0
256000 8000 2000 1 2 6 0.00153855 1 0
256000 8000 2000 1 4 10 0.00247518 1 0
256000 8000 2000 1 8 18 0.00426504 1 0
256000 8000 2000 1 16 34 0.0077427 1 0
256000 8000 2000 1 32 68 0.0166149 1 0
256000 8000 2000 1 64 131 0.0304054 1 0
256000 8000 2000 1 128 256 0.0589139 1 0
256000 8000 2000 2 2 8 0.00189582 1 0
256000 8000 2000 2 4 12 0.00295281 1 0
256000 8000 2000 2 8 20 0.00447007 1 0
256000 8000 2000 2 16 36 0.00855541 1 0
256000 8000 2000 2 32 70 0.0166002 1 0
256000 8000 2000 2 64 134 0.0327554 1 0
256000 8000 2000 2 128 260 0.0594671 1 0
256000 8000 2000 4 4 16 0.00375141 1 0
256000 8000 2000 4 8 24 0.00557769 1 0
256000 8000 2000 4 16 40 0.00963919 1 0
256000 8000 2000 4 32 74 0.0180153 1 0
256000 8000 2000 4 64 138 0.0345536 1 0
256000 8000 2000 4 128 264 0.0622392 1 0
256000 8000 2000 8 8 32 0.00716132 1 0
256000 8000 2000 8 16 48 0.011193 1 0
256000 8000 2000 8 32 82 0.0200469 1 0
256000 8000 2000 8 64 146 0.0335979 1 0
256000 8000 2000 8 128 272 0.0632521 1 0
256000 8000 2000 16 16 64 0.0152045 1 0
256000 8000 2000 16 32 98 0.0234628 1 0
256000 8000 2000 16 64 162 0.0380991 1 0
256000 8000 2000 16 128 288 0.0684193 1 0
256000 8000 2000 32 32 131 0.0350509 1 0
256000 8000 2000 32 64 195 0.0514597 1 0
256000 8000 2000 32 128 320 0.0834821 1 0
256000 8000 2000 64 64 257 0.107289 1 0
256000 8000 2000 64 128 382 0.15214 1 0
256000 8000 2000 128 128 384 0.161557 1 0
256000 8000 4000 1 1 4 0.00130593 0 1
256000 8000 4000 1 2 6 0.00198623 0 1
256000 8000 4000 1 4 10 0.00229057 1 0
256000 8000 4000 1 8 18 0.00520921 1 0
256000 8000 4000 1 16 34 0.0111224 1 0
256000 8000 4000 1 32 67 0.0158049 1 0
256000 8000 4000 1 64 129 0.0306919 1 0
256000 8000 4000 2 2 8 0.001867 1 0
256000 8000 4000 2 4 12 0.00272303 1 0
256000 8000 4000 2 8 20 0.0045358 1 0
256000 8000 4000 2 16 36 0.00855244 1 0
256000 8000 4000 2 32 70 0.0174893 1 0
256000 8000 4000 2 64 133 0.0315036 1 0
256000 8000 4000 4 4 16 0.00391308 1 0
256000 8000 4000 4 8 24 0.00565858 1 0
256000 8000 4000 4 16 40 0.00984768 1 0
256000 8000 4000 4 32 74 0.0194931 1 0
256000 8000 4000 4 64 137 0.0327309 1 0
256000 8000 4000 8 8 32 0.00713135 1 0
256000 8000 4000 8 16 48 0.0125448 1 0
256000 8000 4000 8 32 82 0.0208537 1 0
256000 8000 4000 8 64 145 0.0338623 1 0
256000 8000 4000 16 16 64 0.0153566 1 0
256000 8000 4000 16 32 98 0.0238519 1 0
256000 8000 4000 16 64 161 0.037229 1 0
256000 8000 4000 32 32 131 0.033562 1 0
256000 8000 4000 32 64 193 0.0505205 1 0
256000 8000 4000 64 64 131 0.0322378 1 0
256000 8000 8000 1 1 4 0.00099818 1 0
256000 8000 8000 1 2 6 0.00145218 1 0
256000 8000 8000 1 4 10 0.00232052 1 0
256000 8000 8000 1 8 18 0.00403624 1 0
256000 8000 8000 1 16 33 0.00782281 1 0
256000 8000 8000 1 32 65 0.0155779 1 0
256000 8000 8000 2 2 8 0.00249832 1 0
256000 8000 8000 2 4 12 0.00330801 1 0
256000 8000 8000 2 8 20 0.00547118 1 0
256000 8000 8000 2 16 36 0.00950523 1 0
256000 8000 8000 2 32 69 0.0195769 1 0
256000 8000 8000 4 4 16 0.00433889 1 0
256000 8000 8000 4 8 24 0.00707156 1 0
256000 8000 8000 4 16 40 0.0103918 1 0
256000 8000 8000 4 32 73 0.0202334 1 0
256000 8000 8000 8 8 32 0.00781087 1 0
256000 8000 8000 8 16 48 0.0115582 1 0
256000 8000 8000 8 32 81 0.0196867 1 0
256000 8000 8000 16 16 64 0.0167717 1 0
256000 8000 8000 16 32 97 0.0247999 1 0
256000 8000 8000 32 32 66 0.0153407 1 0
512000 1000 1000 1 1 4 0.0010445 1 0
512000 1000 1000 1 2 6 0.00149686 1 0
512000 1000 1000 1 4 10 0.0024961 1 0
512000 1000 1000 1 8 18 0.00417792 1 0
512000 1000 1000 1 16 34 0.0105099 1 0
512000 1000 1000 1 32 68 0.0241548 1 0
512000 1000 1000 1 64 132 0.031201 1 0
512000 1000 1000 1 128 258 0.0605768 1 0
512000 1000 1000 1 256 515 0.150461 1 0
512000 1000 1000 1 512 1024 0.276686 1 0
512000 1000 1000 2 2 8 0.00208948 1 0
512000 1000 1000 2 4 12 0.00352667 1 0
512000 1000 1000 2 8 20 0.00467741 1 0
512000 1000 1000 2 16 36 0.00860273 1 0
512000 1000 1000 2 32 70 0.0178397 1 0
512000 1000 1000 2 64 134 0.0305434 1 0
512000 1000 1000 2 128 260 0.0593424 1 0
512000 1000 1000 2 256 518 0.125159 1 0
512000 1000 1000 2 512 1028 0.278937 1 0
512000 1000 1000 4 4 16 0.00358579 1 0
512000 1000 1000 4 8 24 0.00535054 1 0
512000 1000 1000 4 16 40 0.00925106 1 0
512000 1000 1000 4 32 74 0.0177074 1 0
512000 1000 1000 4 64 138 0.0327826 1 0
512000 1000 1000 4 128 264 0.06035 1 0
512000 1000 1000 4 256 522 0.126721 1 0
512000 1000 1000 4 512 1032 0.280445 1 0
512000 1000 1000 8 8 32 0.00728628 1 0
512000 1000 1000 8 16 48 0.0112302 1 0
512000 1000 1000 8 32 82 0.0194085 1 0
512000 1000 1000 8 64 146 0.0336787 1 0
512000 1000 1000 8 128 272 0.0628074 1 0
512000 1000 1000 8 256 530 0.128829 1 0
512000 1000 1000 8 512 1040 0.281645 1 0
512000 1000 1000 16 16 64 0.0156299 1 0
512000 1000 1000 16 32 98 0.0238739 1 0
512000 1000 1000 16 64 162 0.0379355 1 0
512000 1000 1000 16 128 288 0.0683915 1 0
512000 1000 1000 16 256 546 0.135165 1 0
512000 1000 1000 16 512 1056 0.289828 1 0
512000 1000 1000 32 32 132 0.0310788 1 0
512000 1000 1000 32 64 196 0.0507243 1 0
512000 1000 1000 32 128 322 0.0755944 1 0
512000 1000 1000 32 256 580 0.142822 1 0
512000 1000 1000 32 512 1089 0.299836 1 0
512000 1000 1000 64 64 260 0.0603437 1 0
512000 1000 1000 64 128 386 0.0907172 1 0
512000 1000 1000 64 256 644 0.161141 1 0
512000 1000 1000 64 512 1153 0.321342 1 0
512000 1000 1000 128 128 512 0.125036 1 0
512000 1000 1000 128 256 770 0.199112 1 0
512000 1000 1000 128 512 1280 0.368892 1 0
512000 1000 1000 256 256 1028 0.288747 1 0
512000 1000 1000 256 512 1537 0.471655 1 0
512000 1000 1000 512 512 1536 0.510653 1 0
512000 2000 1000 1 1 4 0.00105881 1 0
512000 2000 1000 1 2 6 0.00148703 1 0
512000 2000 1000 1 4 10 0.00245107 1 0
512000 2000 1000 1 8 18 0.00405121 1 0
512000 2000 1000 1 16 34 0.0079861 1 0
512000 2000 1000 1 32 68 0.0163735 1 0
512000 2000 1000 1 64 132 0.0308433 1 0
512000 2000 1000 1 128 258 0.0592343 1 0
512000 2000 1000 1 256 515 0.124587 1 0
512000 2000 1000 1 512 1024 0.276806 1 0
512000 2000 1000 2 2 8 0.00193833 1 0
512000 2000 1000 2 4 12 0.00289132 1 0
512000 2000 1000 2 8 20 0.00477025 1 0
512000 2000 1000 2 16 36 0.00918753 1 0
512000 2000 1000 2 32 70 0.0205292 1 0
512000 2000 1000 2 64 134 0.0333814 1 0
512000 2000 1000 2 128 260 0.0594323 1 0
512000 2000 1000 2 256 518 0.126115 1 0
512000 2000 1000 2 512 1028 0.297062 1 0
512000 2000 1000 4 4 16 0.00437567 1 0
512000 2000 1000 4 8 24 0.00542134 1 0
512000 2000 1000 4 16 40 0.0112355 1 0
512000 2000 1000 4 32 74 0.0186757 1 0
512000 2000 1000 4 64 138 0.0319079 1 0
512000 2000 1000 4 128 264 0.0610977 1 0
512000 2000 1000 4 256 522 0.12635 1 0
512000 2000 1000 4 512 1032 0.290109 1 0
512000 2000 1000 8 8 32 0.00730085 1 0
512000 2000 1000 8 16 48 0.0112935 1 0
512000 2000 1000 8 32 82 0.020437 1 0
512000 2000 1000 8 64 146 0.0388838 1 0
512000 2000 1000 8 128 272 0.0634962 1 0
512000 2000 1000 8 256 530 0.12991 1 0
512000 2000 1000 8 512 1040 0.282178 1 0
512000 2000 1000 16 16 64 0.0148433 1 0
512000 2000 1000 16 32 98 0.0226615 1 0
512000 2000 1000 16 64 162 0.0366293 1 0
512000 2000 1000 16 128 288 0.0686798 1 0
512000 2000 1000 16 256 546 0.133061 1 0
512000 2000 1000 16 512 1056 0.300775 1 0
512000 2000 1000 32 32 132 0.0303634 1 0
512000 2000 1000 32 64 196 0.0463556 1 0
512000 2000 1000 32 128 322 0.0773943 1 0
512000 2000 1000 32 256 580 0.143108 1 0
512000 2000 1000 32 512 1089 0.302198 1 0
512000 2000 1000 64 64 260 0.0608211 1 0
512000 2000 1000 64 128 386 0.0937313 1 0
512000 2000 1000 64 256 644 0.161075 1 0
512000 2000 1000 64 512 1153 0.324954 1 0
512000 2000 1000 128 128 512 0.129735 1 0
512000 2000 1000 128 256 770 0.207158 1 0
512000 2000 1000 128 512 1280 0.374797 1 0
512000 2000 1000 256 256 1027 0.312133 1 0
512000 2000 1000 256 512 1536 0.504325 1 0
512000 2000 1000 512 512 1536 0.546393 1 0
512000 2000 2000 1 1 4 0.00103717 1 0
512000 2000 2000 1 2 6 0.00144508 1 0
512000 2000 2000 1 4 10 0.00229527 1 0
512000 2000 2000 1 8 18 0.00410138 1 0
512000 2000 2000 1 16 34 0.00786857 1 0
512000 2000 2000 1 32 68 0.0164007 1 0
512000 2000 2000 1 64 132 0.0320835 1 0
512000 2000 2000 1 128 257 0.0590869 1 0
512000 2000 2000 1 256 513 0.124121 1 0
512000 2000 2000 2 2 8 0.00186725 1 0
512000 2000 2000 2 4 12 0.00272619 1 0
512000 2000 2000 2 8 20 0.00445308 1 0
512000 2000 2000 2 16 36 0.00835196 1 0
512000 2000 2000 2 32 70 0.0165953 1 0
512000 2000 2000 2 64 134 0.0320194 1 0
512000 2000 2000 2 128 260 0.0593568 1 0
512000 2000 2000 2 256 517 0.126093 1 0
512000 2000 2000 4 4 16 0.00413626 1 0
512000 2000 2000 4 8 24 0.00613036 1 0
512000 2000 2000 4 16 40 0.0110911 1 0
512000 2000 2000 4 32 74 0.0182091 1 0
512000 2000 2000 4 64 138 0.0337258 1 0
512000 2000 2000 4 128 264 0.060752 1 0
512000 2000 2000 4 256 521 0.125376 1 0
512000 2000 2000 8 8 32 0.00707092 1 0
512000 2000 2000 8 16 48 0.0107512 1 0
512000 2000 2000 8 32 82 0.019558 1 0
512000 2000 2000 8 64 146 0.0340571 1 0
512000 2000 2000 8 128 272 0.0623508 1 0
512000 2000 2000 8 256 529 0.166105 1 0
512000 2000 2000 16 16 64 0.0141864 1 0
512000 2000 2000 16 32 98 0.0219936 1 0
512000 2000 2000 16 64 162 0.036587 1 0
512000 2000 2000 16 128 288 0.0664274 1 0
512000 2000 2000 16 256 545 0.132581 1 0
512000 2000 2000 32 32 132 0.0310199 1 0
512000 2000 2000 32 64 196 0.0453203 1 0
512000 2000 2000 32 128 322 0.07541 1 0
512000 2000 2000 32 256 578 0.145943 1 0
512000 2000 2000 64 64 260 0.0615305 1 0
512000 2000 2000 64 128 386 0.0918545 1 0
512000 2000 2000 64 256 642 0.16145 1 0
512000 2000 2000 128 128 512 0.128807 1 0
512000 2000 2000 128 256 769 0.203181 1 0
512000 2000 2000 256 256 514 0.140589 1 0
512000 4000 1000 1 1 4 0.00102582 1 0
512000 4000 1000 1 2 6 0.0014783 1 0
512000 4000 1000 1 4 10 0.00243291 1 0
512000 4000 1000 1 8 18 0.00417651 1 0
512000 4000 1000 1 16 34 0.00807477 1 0
512000 4000 1000 1 32 68 0.017464 1 0
512000 4000 1000 1 64 132 0.0325126 1 0
512000 4000 1000 1 128 258 0.0603466 1 0
512000 4000 1000 1 256 515 0.125147 1 0
512000 4000 1000 1 512 1024 0.277389 1 0
512000 4000 1000 2 2 8 0.00191354 1 0
512000 4000 1000 2 4 12 0.00294423 1 0
512000 4000 1000 2 8 20 0.00444679 1 0
512000 4000 1000 2 16 36 0.00847429 1 0
512000 4000 1000 2 32 70 0.0176296 1 0
512000 4000 1000 2 64 134 0.0325558 1 0
512000 4000 1000 2 128 260 0.0601464 1 0
512000 4000 1000 2 256 518 0.126645 1 0
512000 4000 1000 2 512 1028 0.298841 1 0
512000 4000 1000 4 4 16 0.00402217 1 0
512000 4000 1000 4 8 24 0.00535592 1 0
512000 4000 1000 4 16 40 0.00955232 1 0
512000 4000 1000 4 32 74 0.0178753 1 0
512000 4000 1000 4 64 138 0.0321766 1 0
512000 4000 1000 4 128 264 0.0610833 1 0
512000 4000 1000 4 256 522 0.128191 1 0
512000 4000 1000 4 512 1032 0.304546 1 0
512000 4000 1000 8 8 32 0.00742328 1 0
512000 4000 1000 8 16 48 0.0117757 1 0
512000 4000 1000 8 32 82 0.0205238 1 0
512000 4000 1000 8 64 146 0.0359615 1 0
512000 4000 1000 8 128 272 0.0638633 1 0
512000 4000 1000 8 256 530 0.138851 1 0
512000 4000 1000 8 512 1040 0.319187 1 0
512000 4000 1000 16 16 64 0.0150361 1 0
512000 4000 1000 16 32 98 0.0238767 1 0
512000 4000 1000 16 64 162 0.0370064 1 0
512000 4000 1000 16 128 288 0.0667509 1 0
512000 4000 1000 16 256 546 0.133161 1 0
512000 4000 1000 16 512 1056 0.289124 1 0
512000 4000 1000 32 32 132 0.030502 1 0
512000 4000 1000 32 64 196 0.0460165 1 0
512000 4000 1000 32 128 322 0.0752801 1 0
512000 4000 1000 32 256 580 0.145446 1 0
512000 4000 1000 32 512 1089 0.300532 1 0
512000 4000 1000 64 64 260 0.0629253 1 0
512000 4000 1000 64 128 386 0.0947629 1 0
512000 4000 1000 64 256 644 0.164682 1 0
512000 4000 1000 64 512 1153 0.329806 1 0
512000 4000 1000 128 128 511 0.14416 1 0
512000 4000 1000 128 256 769 0.222004 1 0
512000 4000 1000 128 512 1279 0.401198 1 0
512000 4000 1000 256 256 1025 0.472579 1 0
512000 4000 1000 256 512 1534 0.707263 1 0
512000 4000 1000 512 512 1536 0.770661 1 0
512000 4000 2000 1 1 4 0.0010399 1 0
512000 4000 2000 1 2 6 0.00149354 1 0
512000 4000 2000 1 4 10 0.00230822 1 0
512000 4000 2000 1 8 18 0.00411399 1 0
512000 4000 2000 1 16 34 0.00784831 1 0
512000 4000 2000 1 32 68 0.0157111 1 0
512000 4000 2000 1 64 132 0.0307583 1 0
512000 4000 2000 1 128 257 0.0586032 1 0
512000 4000 2000 1 256 513 0.123997 1 0
512000 4000 2000 2 2 8 0.00211892 1 0
512000 4000 2000 2 4 12 0.00351846 1 0
512000 4000 2000 2 8 20 0.00462595 1 0
512000 4000 2000 2 16 36 0.00848024 1 0
512000 4000 2000 2 32 70 0.0170443 1 0
512000 4000 2000 2 64 134 0.0327754 1 0
512000 4000 2000 2 128 260 0.0602519 1 0
512000 4000 2000 2 256 517 0.125215 1 0
512000 4000 2000 4 4 16 0.00359887 1 0
512000 4000 2000 4 8 24 0.00541282 1 0
512000 4000 2000 4 16 40 0.00903758 1 0
512000 4000 2000 4 32 74 0.0175809 1 0
512000 4000 2000 4 64 138 0.0331405 1 0
512000 4000 2000 4 128 264 0.0608108 1 0
512000 4000 2000 4 256 521 0.126481 1 0
512000 4000 2000 8 8 32 0.00706526 1 0
512000 4000 2000 8 16 48 0.0111378 1 0
512000 4000 2000 8 32 82 0.019958 1 0
512000 4000 2000 8 64 146 0.0347333 1 0
512000 4000 2000 8 128 272 0.0624859 1 0
512000 4000 2000 8 256 529 0.12911 1 0
512000 4000 2000 16 16 64 0.0144802 1 0
512000 4000 2000 16 32 98 0.0250558 1 0
512000 4000 2000 16 64 162 0.0408057 1 0
512000 4000 2000 16 128 288 0.067177 1 0
512000 4000 2000 16 256 545 0.134169 1 0
512000 4000 2000 32 32 132 0.0301958 1 0
512000 4000 2000 32 64 196 0.044741 1 0
512000 4000 2000 32 128 322 0.0755099 1 0
512000 4000 2000 32 256 578 0.144324 1 0
512000 4000 2000 64 64 260 0.0638239 1 0
512000 4000 2000 64 128 386 0.0949743 1 0
512000 4000 2000 64 256 642 0.16713 1 0
512000 4000 2000 128 128 511 0.142209 1 0
512000 4000 2000 128 256 768 0.221952 1 0
512000 4000 2000 256 256 515 0.144221 1 0
512000 4000 4000 1 1 4 0.00101604 1 0
512000 4000 4000 1 2 6 0.00142207 1 0
512000 4000 4000 1 4 10 0.00227065 1 0
512000 4000 4000 1 8 18 0.00401938 1 0
512000 4000 4000 1 16 34 0.0075638 1 0
512000 4000 4000 1 32 68 0.0160049 1 0
512000 4000 4000 1 64 131 0.0311088 1 0
512000 4000 4000 1 128 256 0.0584698 1 0
512000 4000 4000 2 2 8 0.0019623 1 0
512000 4000 4000 2 4 12 0.00272512 1 0
512000 4000 4000 2 8 20 0.00448214 1 0
512000 4000 4000 2 16 36 0.00849125 1 0
512000 4000 4000 2 32 70 0.0167446 1 0
512000 4000 4000 2 64 134 0.0326133 1 0
512000 4000 4000 2 128 260 0.064882 1 0
512000 4000 4000 4 4 16 0.00361031 1 0
512000 4000 4000 4 8 24 0.0055652 1 0
512000 4000 4000 4 16 40 0.00935671 1 0
512000 4000 4000 4 32 74 0.0181094 1 0
512000 4000 4000 4 64 138 0.033343 1 0
512000 4000 4000 4 128 264 0.0619447 1 0
512000 4000 4000 8 8 32 0.0072892 1 0
512000 4000 4000 8 16 48 0.0126479 1 0
512000 4000 4000 8 32 82 0.0193332 1 0
512000 4000 4000 8 64 146 0.0337018 1 0
512000 4000 4000 8 128 272 0.0653482 1 0
512000 4000 4000 16 16 64 0.0147566 1 0
512000 4000 4000 16 32 98 0.02328 1 0
512000 4000 4000 16 64 162 0.0373531 1 0
512000 4000 4000 16 128 288 0.0681246 1 0
512000 4000 4000 32 32 132 0.0298535 1 0
512000 4000 4000 32 64 196 0.0445869 1 0
512000 4000 4000 32 128 321 0.0761853 1 0
512000 4000 4000 64 64 260 0.0625316 1 0
512000 4000 4000 64 128 385 0.0960917 1 0
512000 4000 4000 128 128 384 0.0964865 1 0
512000 8000 1000 1 1 4 0.0013273 0 1
512000 8000 1000 1 2 6 0.00187129 1 0
512000 8000 1000 1 4 10 0.00266114 1 0
512000 8000 1000 1 8 18 0.00493346 1 0
512000 8000 1000 1 16 34 0.00799943 1 0
512000 8000 1000 1 32 68 0.0176513 1 0
512000 8000 1000 1 64 132 0.0395457 1 0
512000 8000 1000 1 128 258 0.0718571 1 0
512000 8000 1000 1 256 515 0.15083 1 0
512000 8000 1000 1 512 1024 0.277324 1 0
512000 8000 1000 2 2 8 0.00195499 1 0
512000 8000 1000 2 4 12 0.00333616 1 0
512000 8000 1000 2 8 20 0.00486542 1 0
512000 8000 1000 2 16 36 0.00853932 1 0
512000 8000 1000 2 32 70 0.0169825 1 0
512000 8000 1000 2 64 134 0.0334531 1 0
512000 8000 1000 2 128 260 0.0606561 1 0
512000 8000 1000 2 256 518 0.125645 1 0
512000 8000 1000 2 512 1028 0.279893 1 0
512000 8000 1000 4 4 16 0.00399016 1 0
512000 8000 1000 4 8 24 0.00568142 1 0
512000 8000 1000 4 16 40 0.0096023 1 0
512000 8000 1000 4 32 74 0.0180056 1 0
512000 8000 1000 4 64 138 0.0320166 1 0
512000 8000 1000 4 128 264 0.0609537 1 0
512000 8000 1000 4 256 522 0.128671 1 0
512000 8000 1000 4 512 1032 0.280018 1 0
512000 8000 1000 8 8 32 0.00733378 1 0
512000 8000 1000 8 16 48 0.0109543 1 0
512000 8000 1000 8 32 82 0.0223365 1 0
512000 8000 1000 8 64 146 0.0340403 1 0
512000 8000 1000 8 128 272 0.0636079 1 0
512000 8000 1000 8 256 530 0.134004 1 0
512000 8000 1000 8 512 1040 0.284717 1 0
512000 8000 1000 16 16 64 0.0140681 1 0
512000 8000 1000 16 32 98 0.0227933 1 0
512000 8000 1000 16 64 162 0.037273 1 0
512000 8000 1000 16 128 288 0.067309 1 0
512000 8000 1000 16 256 546 0.13522 1 0
512000 8000 1000 16 512 1056 0.293351 1 0
512000 8000 1000 32 32 132 0.0334374 1 0
512000 8000 1000 32 64 196 0.0465433 1 0
512000 8000 1000 32 128 322 0.0768899 1 0
512000 8000 1000 32 256 580 0.145609 1 0
512000 8000 1000 32 512 1089 0.307026 1 0
512000 8000 1000 64 64 259 0.0695872 1 0
512000 8000 1000 64 128 385 0.105086 1 0
512000 8000 1000 64 256 643 0.178439 1 0
512000 8000 1000 64 512 1152 0.347185 1 0
512000 8000 1000 128 128 510 0.220218 1 0
512000 8000 1000 128 256 768 0.33705 1 0
512000 8000 1000 128 512 1278 0.551594 1 0
512000 8000 1000 256 256 1021 4.55815 1 0
512000 8000 1000 256 512 1530 6.03517 1 0
512000 8000 1000 512 512 1536 6.48781 1 0
512000 8000 2000 1 1 4 0.00157671 1 0
512000 8000 2000 1 2 6 0.00275738 0 1
512000 8000 2000 1 4 10 0.0030451 1 0
512000 8000 2000 1 8 18 0.00436974 1 0
512000 8000 2000 1 16 34 0.00987133 1 0
512000 8000 2000 1 32 68 0.0198075 1 0
512000 8000 2000 1 64 132 0.0387553 1 0
512000 8000 2000 1 128 257 0.0728716 1 0
512000 8000 2000 1 256 513 0.150335 1 0
512000 8000 2000 2 2 8 0.0020277 1 0
512000 8000 2000 2 4 12 0.00283945 1 0
512000 8000 2000 2 8 20 0.00448671 1 0
512000 8000 2000 2 16 36 0.00856583 1 0
512000 8000 2000 2 32 70 0.0169221 1 0
512000 8000 2000 2 64 134 0.0328453 1 0
512000 8000 2000 2 128 260 0.061908 1 0
512000 8000 2000 2 256 517 0.136279 1 0
512000 8000 2000 4 4 16 0.00440263 1 0
512000 8000 2000 4 8 24 0.00590481 1 0
512000 8000 2000 4 16 40 0.0092734 1 0
512000 8000 2000 4 32 74 0.0172534 1 0
512000 8000 2000 4 64 138 0.0320665 1 0
512000 8000 2000 4 128 264 0.0681714 1 0
512000 8000 2000 4 256 521 0.127162 1 0
512000 8000 2000 8 8 32 0.00707332 1 0
512000 8000 2000 8 16 48 0.0119719 1 0
512000 8000 2000 8 32 82 0.0200604 1 0
512000 8000 2000 8 64 146 0.0348849 1 0
512000 8000 2000 8 128 272 0.0693699 1 0
512000 8000 2000 8 256 529 0.157457 1 0
512000 8000 2000 16 16 64 0.0177147 1 0
512000 8000 2000 16 32 98 0.0256689 1 0
512000 8000 2000 16 64 162 0.0380992 1 0
512000 8000 2000 16 128 288 0.0693257 1 0
512000 8000 2000 16 256 545 0.14428 1 0
512000 8000 2000 32 32 132 0.0311818 1 0
512000 8000 2000 32 64 196 0.0462229 1 0
512000 8000 2000 32 128 322 0.0776606 1 0
512000 8000 2000 32 256 578 0.145881 1 0
512000 8000 2000 64 64 259 0.0682691 1 0
512000 8000 2000 64 128 385 0.102165 1 0
512000 8000 2000 64 256 641 0.176562 1 0
512000 8000 2000 128 128 509 0.220549 1 0
512000 8000 2000 128 256 766 0.322754 1 0
512000 8000 2000 256 256 517 0.179839 1 0
512000 8000 4000 1 1 4 0.00101364 1 0
512000 8000 4000 1 2 6 0.00147937 1 0
512000 8000 4000 1 4 10 0.0023168 1 0
512000 8000 4000 1 8 18 0.00400722 1 0
512000 8000 4000 1 16 34 0.00889436 1 0
512000 8000 4000 1 32 68 0.0165597 1 0
512000 8000 4000 1 64 131 0.0313928 1 0
512000 8000 4000 1 128 256 0.0605401 1 0
512000 8000 4000 2 2 8 0.00190578 1 0
512000 8000 4000 2 4 12 0.00272494 1 0
512000 8000 4000 2 8 20 0.00446355 1 0
512000 8000 4000 2 16 36 0.00831761 1 0
512000 8000 4000 2 32 70 0.0167631 1 0
512000 8000 4000 2 64 134 0.031743 1 0
512000 8000 4000 2 128 260 0.0592948 1 0
512000 8000 4000 4 4 16 0.00356287 1 0
512000 8000 4000 4 8 24 0.00565883 1 0
512000 8000 4000 4 16 40 0.0094643 1 0
512000 8000 4000 4 32 74 0.0180385 1 0
512000 8000 4000 4 64 138 0.0320732 1 0
512000 8000 4000 4 128 264 0.0664843 1 0
512000 8000 4000 8 8 32 0.00778019 1 0
512000 8000 4000 8 16 48 0.011272 1 0
512000 8000 4000 8 32 82 0.020296 1 0
512000 8000 4000 8 64 146 0.0338263 1 0
512000 8000 4000 8 128 272 0.0675719 1 0
512000 8000 4000 16 16 64 0.0144924 1 0
512000 8000 4000 16 32 98 0.0245216 1 0
512000 8000 4000 16 64 162 0.0393398 1 0
512000 8000 4000 16 128 288 0.068684 1 0
512000 8000 4000 32 32 132 0.0325629 1 0
512000 8000 4000 32 64 196 0.047534 1 0
512000 8000 4000 32 128 321 0.0767277 1 0
512000 8000 4000 64 64 259 0.0695317 1 0
512000 8000 4000 64 128 384 0.103019 1 0
512000 8000 4000 128 128 384 0.105879 1 0
512000 8000 8000 1 1 4 0.00100956 1 0
512000 8000 8000 1 2 6 0.00143939 1 0
512000 8000 8000 1 4 10 0.00230308 1 0
512000 8000 8000 1 8 18 0.00411623 1 0
512000 8000 8000 1 16 34 0.00813167 1 0
512000 8000 8000 1 32 67 0.01611 1 0
512000 8000 8000 1 64 129 0.0312741 1 0
512000 8000 8000 2 2 8 0.00204377 1 0
512000 8000 8000 2 4 12 0.00380443 1 0
512000 8000 8000 2 8 20 0.00461364 1 0
512000 8000 8000 2 16 36 0.0083487 1 0
512000 8000 8000 2 32 70 0.0169332 1 0
512000 8000 8000 2 64 133 0.0315671 1 0
512000 8000 8000 4 4 16 0.00358616 1 0
512000 8000 8000 4 8 24 0.00537319 1 0
512000 8000 8000 4 16 40 0.00938462 1 0
512000 8000 8000 4 32 74 0.0178842 1 0
512000 8000 8000 4 64 137 0.0325653 1 0
512000 8000 8000 8 8 32 0.00707982 1 0
512000 8000 8000 8 16 48 0.0113943 1 0
512000 8000 8000 8 32 82 0.0197134 1 0
512000 8000 8000 8 64 145 0.0341172 1 0
512000 8000 8000 16 16 64 0.0144427 1 0
512000 8000 8000 16 32 98 0.0235259 1 0
512000 8000 8000 16 64 161 0.038435 1 0
512000 8000 8000 32 32 132 0.0322414 1 0
512000 8000 8000 32 64 194 0.0463826 1 0
512000 8000 8000 64 64 130 0.0307591 1 0
1024000 1000 1000 1 1 4 0.00105024 1 0
1024000 1000 1000 1 2 6 0.00144449 1 0
1024000 1000 1000 1 4 10 0.00253717 1 0
1024000 1000 1000 1 8 18 0.00427155 1 0
1024000 1000 1000 1 16 34 0.0090307 1 0
1024000 1000 1000 1 32 68 0.0188924 1 0
1024000 1000 1000 1 64 132 0.0345431 1 0
1024000 1000 1000 1 128 258 0.0596436 1 0
1024000 1000 1000 1 256 516 0.125592 1 0
1024000 1000 1000 1 512 1025 0.279029 1 0
1024000 1000 1000 1 1024 2048 0.673087 1 0
1024000 1000 1000 2 2 8 0.00196483 1 0
1024000 1000 1000 2 4 12 0.00273685 1 0
1024000 1000 1000 2 8 20 0.00456081 1 0
1024000 1000 1000 2 16 36 0.00846494 1 0
1024000 1000 1000 2 32 70 0.0176479 1 0
1024000 1000 1000 2 64 134 0.0315134 1 0
1024000 1000 1000 2 128 260 0.0596048 1 0
1024000 1000 1000 2 256 518 0.125379 1 0
1024000 1000 1000 2 512 1028 0.280712 1 0
1024000 1000 1000 2 1024 2052 0.672719 1 0
1024000 1000 1000 4 4 16 0.00368027 1 0
1024000 1000 1000 4 8 24 0.0054845 1 0
1024000 1000 1000 4 16 40 0.0099399 1 0
1024000 1000 1000 4 32 74 0.0200756 1 0
1024000 1000 1000 4 64 138 0.032619 1 0
1024000 1000 1000 4 128 264 0.0604659 1 0
1024000 1000 1000 4 256 522 0.12911 1 0
1024000 1000 1000 4 512 1032 0.279347 1 0
1024000 1000 1000 4 1024 2056 0.680155 1 0
1024000 1000 1000 8 8 32 0.0071439 1 0
1024000 1000 1000 8 16 48 0.010971 1 0
1024000 1000 1000 8 32 82 0.0189984 1 0
1024000 1000 1000 8 64 146 0.0330631 1 0
1024000 1000 1000 8 128 272 0.0630909 1 0
1024000 1000 1000 8 256 530 0.128833 1 0
1024000 1000 1000 8 512 1040 0.281529 1 0
1024000 1000 1000 8 1024 2064 0.678773 1 0
1024000 1000 1000 16 16 64 0.0148684 1 0
1024000 1000 1000 16 32 98 0.0225394 1 0
1024000 1000 1000 16 64 162 0.037165 1 0
1024000 1000 1000 16 128 288 0.0685494 1 0
1024000 1000 1000 16 256 546 0.132432 1 0
1024000 1000 1000 16 512 1056 0.28783 1 0
1024000 1000 1000 16 1024 2080 0.687522 1 0
1024000 1000 1000 32 32 132 0.0296575 1 0
1024000 1000 1000 32 64 196 0.044221 1 0
1024000 1000 1000 32 128 322 0.0763801 1 0
1024000 1000 1000 32 256 580 0.14325 1 0
1024000 1000 1000 32 512 1090 0.298792 1 0
1024000 1000 1000 32 1024 2113 0.703021 1 0
1024000 1000 1000 64 64 260 0.0601816 1 0
1024000 1000 1000 64 128 386 0.0913137 1 0
1024000 1000 1000 64 256 644 0.161465 1 0
1024000 1000 1000 64 512 1154 0.320544 1 0
1024000 1000 1000 64 1024 2177 0.732791 1 0
1024000 1000 1000 128 128 512 0.12539 1 0
1024000 1000 1000 128 256 770 0.197915 1 0
1024000 1000 1000 128 512 1280 0.366187 1 0
1024000 1000 1000 128 1024 2304 0.798609 1 0
1024000 1000 1000 256 256 1028 0.280353 1 0
1024000 1000 1000 256 512 1538 0.462382 1 0
1024000 1000 1000 256 1024 2561 0.92387 1 0
1024000 1000 1000 512 512 2042 0.688509 1 0
1024000 1000 1000 512 1024 3064 1.20388 1 0
1024000 1000 1000 1024 1024 2048 0.872309 1 0
1024000 2000 1000 1 1 4 0.00105975 1 0
1024000 2000 1000 1 2 6 0.00200102 0 1
1024000 2000 1000 1 4 10 0.00268463 1 0
1024000 2000 1000 1 8 18 0.00423155 1 0
1024000 2000 1000 1 16 34 0.010802 1 0
1024000 2000 1000 1 32 68 0.016447 1 0
1024000 2000 1000 1 64 132 0.0382477 1 0
1024000 2000 1000 1 128 258 0.0724219 1 0
1024000 2000 1000 1 256 516 0.150598 1 0
1024000 2000 1000 1 512 1025 0.277073 1 0
1024000 2000 1000 1 1024 2048 0.77211 1 0
1024000 2000 1000 2 2 8 0.00197342 1 0
1024000 2000 1000 2 4 12 0.0027716 1 0
1024000 2000 1000 2 8 20 0.00448386 1 0
1024000 2000 1000 2 16 36 0.00863084 1 0
1024000 2000 1000 2 32 70 0.0169373 1 0
1024000 2000 1000 2 64 134 0.0312287 1 0
1024000 2000 1000 2 128 260 0.0593878 1 0
1024000 2000 1000 2 256 518 0.126974 1 0
1024000 2000 1000 2 512 1028 0.27874 1 0
1024000 2000 1000 2 1024 2052 0.675776 1 0
1024000 2000 1000 4 4 16 0.0039336 1 0
1024000 2000 1000 4 8 24 0.00536422 1 0
1024000 2000 1000 4 16 40 0.00934668 1 0
1024000 2000 1000 4 32 74 0.0182736 1 0
1024000 2000 1000 4 64 138 0.0334785 1 0
1024000 2000 1000 4 128 264 0.0608481 1 0
1024000 2000 1000 4 256 522 0.1267 1 0
1024000 2000 1000 4 512 1032 0.278234 1 0
1024000 2000 1000 4 1024 2056 0.717327 1 0
1024000 2000 1000 8 8 32 0.00706738 1 0
1024000 2000 1000 8 16 48 0.0120945 1 0
1024000 2000 1000 8 32 82 0.019304 1 0
1024000 2000 1000 8 64 146 0.0339253 1 0
1024000 2000 1000 8 128 272 0.0648617 1 0
1024000 2000 1000 8 256 530 0.130205 1 0
1024000 2000 1000 8 512 1040 0.281442 1 0
1024000 2000 1000 8 1024 2064 0.750311 1 0
1024000 2000 1000 16 16 64 0.0149197 1 0
1024000 2000 1000 16 32 98 0.0228069 1 0
1024000 2000 1000 16 64 162 0.0365268 1 0
1024000 2000 1000 16 128 288 0.0684359 1 0
1024000 2000 1000 16 256 546 0.134669 1 0
1024000 2000 1000 16 512 1056 0.291045 1 0
1024000 2000 1000 16 1024 2080 0.689354 1 0
1024000 2000 1000 32 32 132 0.0303575 1 0
1024000 2000 1000 32 64 196 0.0461147 1 0
1024000 2000 1000 32 128 322 0.075515 1 0
1024000 2000 1000 32 256 580 0.144436 1 0
1024000 2000 1000 32 512 1090 0.300063 1 0
1024000 2000 1000 32 1024 2113 0.730278 1 0
1024000 2000 1000 64 64 260 0.0666067 1 0
1024000 2000 1000 64 128 386 0.10255 1 0
1024000 2000 1000 64 256 644 0.165083 1 0
1024000 2000 1000 64 512 1154 0.32358 1 0
1024000 2000 1000 64 1024 2177 0.742719 1 0
1024000 2000 1000 128 128 512 0.125701 1 0
1024000 2000 1000 128 256 770 0.200649 1 0
1024000 2000 1000 128 512 1280 0.368575 1 0
1024000 2000 1000 128 1024 2304 0.799216 1 0
1024000 2000 1000 256 256 1028 0.293623 1 0
1024000 2000 1000 256 512 1538 0.471707 1 0
1024000 2000 1000 256 1024 2561 0.961623 1 0
1024000 2000 1000 512 512 2044 0.735631 1 0
1024000 2000 1000 512 1024 3067 1.26451 1 0
1024000 2000 1000 1024 1024 2049 0.900138 1 0
1024000 2000 2000 1 1 4 0.00105103 1 0
1024000 2000 2000 1 2 6 0.0022378 1 0
1024000 2000 2000 1 4 10 0.00297579 1 0
1024000 2000 2000 1 8 18 0.00425015 1 0
1024000 2000 2000 1 16 34 0.00998241 1 0
1024000 2000 2000 1 32 68 0.016127 1 0
1024000 2000 2000 1 64 132 0.0385996 1 0
1024000 2000 2000 1 128 258 0.071999 1 0
1024000 2000 2000 1 256 515 0.150949 1 0
1024000 2000 2000 1 512 1024 0.277911 1 0
1024000 2000 2000 2 2 8 0.00199251 1 0
1024000 2000 2000 2 4 12 0.00280585 1 0
1024000 2000 2000 2 8 20 0.00454794 1 0
1024000 2000 2000 2 16 36 0.00831483 1 0
1024000 2000 2000 2 32 70 0.0168367 1 0
1024000 2000 2000 2 64 134 0.0323107 1 0
1024000 2000 2000 2 128 260 0.0603231 1 0
1024000 2000 2000 2 256 518 0.126027 1 0
1024000 2000 2000 2 512 1028 0.278727 1 0
1024000 2000 2000 4 4 16 0.00358081 1 0
1024000 2000 2000 4 8 24 0.00540976 1 0
1024000 2000 2000 4 16 40 0.00965244 1 0
1024000 2000 2000 4 32 74 0.0179637 1 0
1024000 2000 2000 4 64 138 0.0326627 1 0
1024000 2000 2000 4 128 264 0.0615365 1 0
1024000 2000 2000 4 256 522 0.126714 1 0
1024000 2000 2000 4 512 1032 0.28115 1 0
1024000 2000 2000 8 8 32 0.00715872 1 0
1024000 2000 2000 8 16 48 0.0113168 1 0
1024000 2000 2000 8 32 82 0.0192345 1 0
1024000 2000 2000 8 64 146 0.0346362 1 0
1024000 2000 2000 8 128 272 0.0635285 1 0
1024000 2000 2000 8 256 530 0.128733 1 0
1024000 2000 2000 8 512 1040 0.284593 1 0
1024000 2000 2000 16 16 64 0.0142003 1 0
1024000 2000 2000 16 32 98 0.0228877 1 0
1024000 2000 2000 16 64 162 0.0367295 1 0
1024000 2000 2000 16 128 288 0.065776 1 0
1024000 2000 2000 16 256 546 0.132725 1 0
1024000 2000 2000 16 512 1056 0.290071 1 0
1024000 2000 2000 32 32 132 0.0325231 1 0
1024000 2000 2000 32 64 196 0.0441975 1 0
1024000 2000 2000 32 128 322 0.0752902 1 0
1024000 2000 2000 32 256 580 0.143362 1 0
1024000 2000 2000 32 512 1089 0.300839 1 0
1024000 2000 2000 64 64 260 0.0610331 1 0
1024000 2000 2000 64 128 386 0.0919568 1 0
1024000 2000 2000 64 256 644 0.161122 1 0
1024000 2000 2000 64 512 1153 0.322964 1 0
1024000 2000 2000 128 128 512 0.125756 1 0
1024000 2000 2000 128 256 770 0.199048 1 0
1024000 2000 2000 128 512 1280 0.367283 1 0
1024000 2000 2000 256 256 1028 0.290345 1 0
1024000 2000 2000 256 512 1537 0.473052 1 0
1024000 2000 2000 512 512 1024 0.330788 1 0
1024000 4000 1000 1 1 4 0.00114424 1 0
1024000 4000 1000 1 2 6 0.00149608 1 0
1024000 4000 1000 1 4 10 0.00245553 1 0
1024000 4000 1000 1 8 18 0.00420563 1 0
1024000 4000 1000 1 16 34 0.0078351 1 0
1024000 4000 1000 1 32 68 0.0164645 1 0
1024000 4000 1000 1 64 132 0.0298777 1 0
1024000 4000 1000 1 128 258 0.0599774 1 0
1024000 4000 1000 1 256 516 0.125511 1 0
1024000 4000 1000 1 512 1025 0.277481 1 0
1024000 4000 1000 1 1024 2048 0.72293 1 0
1024000 4000 1000 2 2 8 0.00193382 1 0
1024000 4000 1000 2 4 12 0.0028349 1 0
1024000 4000 1000 2 8 20 0.00477745 1 0
1024000 4000 1000 2 16 36 0.00835387 1 0
1024000 4000 1000 2 32 70 0.0166962 1 0
1024000 4000 1000 2 64 134 0.0302233 1 0
1024000 4000 1000 2 128 260 0.0588659 1 0
1024000 4000 1000 2 256 518 0.125157 1 0
1024000 4000 1000 2 512 1028 0.295353 1 0
1024000 4000 1000 2 1024 2052 0.742481 1 0
1024000 4000 1000 4 4 16 0.00380212 1 0
1024000 4000 1000 4 8 24 0.00633648 1 0
1024000 4000 1000 4 16 40 0.0114163 1 0
1024000 4000 1000 4 32 74 0.0188099 1 0
1024000 4000 1000 4 64 138 0.0332814 1 0
1024000 4000 1000 4 128 264 0.0606019 1 0
1024000 4000 1000 4 256 522 0.13052 1 0
1024000 4000 1000 4 512 1032 0.281399 1 0
1024000 4000 1000 4 1024 2056 0.677466 1 0
1024000 4000 1000 8 8 32 0.00755832 1 0
1024000 4000 1000 8 16 48 0.0111238 1 0
1024000 4000 1000 8 32 82 0.0185802 1 0
1024000 4000 1000 8 64 146 0.0323671 1 0
1024000 4000 1000 8 128 272 0.0624631 1 0
1024000 4000 1000 8 256 530 0.129114 1 0
1024000 4000 1000 8 512 1040 0.281738 1 0
1024000 4000 1000 8 1024 2064 0.714456 1 0
1024000 4000 1000 16 16 64 0.0148424 1 0
1024000 4000 1000 16 32 98 0.0222189 1 0
1024000 4000 1000 16 64 162 0.0379571 1 0
1024000 4000 1000 16 128 288 0.0660506 1 0
1024000 4000 1000 16 256 546 0.132619 1 0
1024000 4000 1000 16 512 1056 0.287323 1 0
1024000 4000 1000 16 1024 2080 0.687757 1 0
1024000 4000 1000 32 32 132 0.0296881 1 0
1024000 4000 1000 32 64 196 0.0442271 1 0
1024000 4000 1000 32 128 322 0.0756632 1 0
1024000 4000 1000 32 256 580 0.144372 1 0
1024000 4000 1000 32 512 1090 0.301259 1 0
1024000 4000 1000 32 1024 2113 0.706017 1 0
1024000 4000 1000 64 64 260 0.0608632 1 0
1024000 4000 1000 64 128 386 0.092603 1 0
1024000 4000 1000 64 256 644 0.162728 1 0
1024000 4000 1000 64 512 1154 0.324316 1 0
1024000 4000 1000 64 1024 2177 0.739615 1 0
1024000 4000 1000 128 128 512 0.129818 1 0
1024000 4000 1000 128 256 770 0.218784 1 0
1024000 4000 1000 128 512 1280 0.379714 1 0
1024000 4000 1000 128 1024 2304 0.802643 1 0
1024000 4000 1000 256 256 1027 0.313081 1 0
1024000 4000 1000 256 512 1537 0.503256 1 0
1024000 4000 1000 256 1024 2560 0.983123 1 0
1024000 4000 1000 512 512 2045 1.06706 1 0
1024000 4000 1000 512 1024 3068 1.69325 1 0
1024000 4000 1000 1024 1024 2051 1.01979 1 0
1024000 4000 2000 1 1 4 0.00105424 1 0
1024000 4000 2000 1 2 6 0.00153981 1 0
1024000 4000 2000 1 4 10 0.00282617 1 0
1024000 4000 2000 1 8 18 0.00500191 1 0
1024000 4000 2000 1 16 34 0.00875822 1 0
1024000 4000 2000 1 32 68 0.0169818 1 0
1024000 4000 2000 1 64 132 0.0292276 1 0
1024000 4000 2000 1 128 258 0.0590605 1 0
1024000 4000 2000 1 256 515 0.124602 1 0
1024000 4000 2000 1 512 1024 0.275761 1 0
1024000 4000 2000 2 2 8 0.0020018 1 0
1024000 4000 2000 2 4 12 0.00281822 1 0
1024000 4000 2000 2 8 20 0.00468014 1 0
1024000 4000 2000 2 16 36 0.0102308 1 0
1024000 4000 2000 2 32 70 0.0165692 1 0
1024000 4000 2000 2 64 134 0.0300571 1 0
1024000 4000 2000 2 128 260 0.0590731 1 0
1024000 4000 2000 2 256 518 0.125921 1 0
1024000 4000 2000 2 512 1028 0.276843 1 0
1024000 4000 2000 4 4 16 0.00362693 1 0
1024000 4000 2000 4 8 24 0.00533453 1 0
1024000 4000 2000 4 16 40 0.00920057 1 0
1024000 4000 2000 4 32 74 0.0180838 1 0
1024000 4000 2000 4 64 138 0.0312213 1 0
1024000 4000 2000 4 128 264 0.059839 1 0
1024000 4000 2000 4 256 522 0.126192 1 0
1024000 4000 2000 4 512 1032 0.27906 1 0
1024000 4000 2000 8 8 32 0.00710816 1 0
1024000 4000 2000 8 16 48 0.0108867 1 0
1024000 4000 2000 8 32 82 0.0186157 1 0
1024000 4000 2000 8 64 146 0.0323949 1 0
1024000 4000 2000 8 128 272 0.0620474 1 0
1024000 4000 2000 8 256 530 0.127888 1 0
1024000 4000 2000 8 512 1040 0.28025 1 0
1024000 4000 2000 16 16 64 0.0141253 1 0
1024000 4000 2000 16 32 98 0.0223674 1 0
1024000 4000 2000 16 64 162 0.0362236 1 0
1024000 4000 2000 16 128 288 0.0665357 1 0
1024000 4000 2000 16 256 546 0.132754 1 0
1024000 4000 2000 16 512 1056 0.287721 1 0
1024000 4000 2000 32 32 132 0.0314772 1 0
1024000 4000 2000 32 64 196 0.0443936 1 0
1024000 4000 2000 32 128 322 0.0746726 1 0
1024000 4000 2000 32 256 580 0.142177 1 0
1024000 4000 2000 32 512 1089 0.299329 1 0
1024000 4000 2000 64 64 260 0.0605456 1 0
1024000 4000 2000 64 128 386 0.0923959 1 0
1024000 4000 2000 64 256 644 0.161786 1 0
1024000 4000 2000 64 512 1153 0.321797 1 0
1024000 4000 2000 128 128 512 0.127839 1 0
1024000 4000 2000 128 256 770 0.203217 1 0
1024000 4000 2000 128 512 1280 0.371498 1 0
1024000 4000 2000 256 256 1027 0.310152 1 0
1024000 4000 2000 256 512 1536 0.501318 1 0
1024000 4000 2000 512 512 1025 0.339481 1 0
1024000 4000 4000 1 1 4 0.00103406 1 0
1024000 4000 4000 1 2 6 0.00143689 1 0
1024000 4000 4000 1 4 10 0.00230541 1 0
1024000 4000 4000 1 8 18 0.00399932 1 0
1024000 4000 4000 1 16 34 0.00785837 1 0
1024000 4000 4000 1 32 68 0.016103 1 0
1024000 4000 4000 1 64 132 0.0299824 1 0
1024000 4000 4000 1 128 257 0.0581923 1 0
1024000 4000 4000 1 256 513 0.124485 1 0
1024000 4000 4000 2 2 8 0.0018708 1 0
1024000 4000 4000 2 4 12 0.00277549 1 0
1024000 4000 4000 2 8 20 0.00448353 1 0
1024000 4000 4000 2 16 36 0.00814718 1 0
1024000 4000 4000 2 32 70 0.0167444 1 0
1024000 4000 4000 2 64 134 0.0297576 1 0
1024000 4000 4000 2 128 260 0.0590897 1 0
1024000 4000 4000 2 256 517 0.124615 1 0
1024000 4000 4000 4 4 16 0.0037209 1 0
1024000 4000 4000 4 8 24 0.005446 1 0
1024000 4000 4000 4 16 40 0.00944147 1 0
1024000 4000 4000 4 32 74 0.0174524 1 0
1024000 4000 4000 4 64 138 0.0311858 1 0
1024000 4000 4000 4 128 264 0.060108 1 0
1024000 4000 4000 4 256 521 0.125334 1 0
1024000 4000 4000 8 8 32 0.00706913 1 0
1024000 4000 4000 8 16 48 0.0112148 1 0
1024000 4000 4000 8 32 82 0.0195566 1 0
1024000 4000 4000 8 64 146 0.0323661 1 0
1024000 4000 4000 8 128 272 0.0622719 1 0
1024000 4000 4000 8 256 529 0.128426 1 0
1024000 4000 4000 16 16 64 0.0142417 1 0
1024000 4000 4000 16 32 98 0.0218348 1 0
1024000 4000 4000 16 64 162 0.0385955 1 0
1024000 4000 4000 16 128 288 0.0669318 1 0
1024000 4000 4000 16 256 545 0.132688 1 0
1024000 4000 4000 32 32 132 0.029595 1 0
1024000 4000 4000 32 64 196 0.0441411 1 0
1024000 4000 4000 32 128 322 0.0795875 1 0
1024000 4000 4000 32 256 578 0.141207 1 0
1024000 4000 4000 64 64 260 0.0605068 1 0
1024000 4000 4000 64 128 386 0.092199 1 0
1024000 4000 4000 64 256 642 0.160177 1 0
1024000 4000 4000 128 128 512 0.128258 1 0
1024000 4000 4000 128 256 769 0.201701 1 0
1024000 4000 4000 256 256 514 0.137252 1 0
1024000 8000 1000 1 1 4 0.00102534 1 0
1024000 8000 1000 1 2 6 0.00161699 1 0
1024000 8000 1000 1 4 10 0.00276367 1 0
1024000 8000 1000 1 8 18 0.00475176 1 0
1024000 8000 1000 1 16 34 0.00860538 1 0
1024000 8000 1000 1 32 68 0.0159079 1 0
1024000 8000 1000 1 64 132 0.0297715 1 0
1024000 8000 1000 1 128 258 0.0601947 1 0
1024000 8000 1000 1 256 516 0.12531 1 0
1024000 8000 1000 1 512 1025 0.276686 1 0
1024000 8000 1000 1 1024 2048 0.670213 1 0
1024000 8000 1000 2 2 8 0.00193214 1 0
1024000 8000 1000 2 4 12 0.0031152 1 0
1024000 8000 1000 2 8 20 0.00473051 1 0
1024000 8000 1000 2 16 36 0.00850615 1 0
1024000 8000 1000 2 32 70 0.0171028 1 0
1024000 8000 1000 2 64 134 0.0316917 1 0
1024000 8000 1000 2 128 260 0.0599041 1 0
1024000 8000 1000 2 256 518 0.125142 1 0
1024000 8000 1000 2 512 1028 0.277191 1 0
1024000 8000 1000 2 1024 2052 0.674852 1 0
1024000 8000 1000 4 4 16 0.00430172 1 0
1024000 8000 1000 4 8 24 0.00550183 1 0
1024000 8000 1000 4 16 40 0.00955339 1 0
1024000 8000 1000 4 32 74 0.0174359 1 0
1024000 8000 1000 4 64 138 0.0312806 1 0
1024000 8000 1000 4 128 264 0.0600123 1 0
1024000 8000 1000 4 256 522 0.12643 1 0
1024000 8000 1000 4 512 1032 0.279969 1 0
1024000 8000 1000 4 1024 2056 0.678616 1 0
1024000 8000 1000 8 8 32 0.00736453 1 0
1024000 8000 1000 8 16 48 0.0112196 1 0
1024000 8000 1000 8 32 82 0.019493 1 0
1024000 8000 1000 8 64 146 0.0322498 1 0
1024000 8000 1000 8 128 272 0.0618209 1 0
1024000 8000 1000 8 256 530 0.129108 1 0
1024000 8000 1000 8 512 1040 0.282322 1 0
1024000 8000 1000 8 1024 2064 0.677305 1 0
1024000 8000 1000 16 16 64 0.0141813 1 0
1024000 8000 1000 16 32 98 0.0237405 1 0
1024000 8000 1000 16 64 162 0.0363461 1 0
1024000 8000 1000 16 128 288 0.0664545 1 0
1024000 8000 1000 16 256 546 0.134302 1 0
1024000 8000 1000 16 512 1056 0.290218 1 0
1024000 8000 1000 16 1024 2080 0.688791 1 0
1024000 8000 1000 32 32 132 0.0302669 1 0
1024000 8000 1000 32 64 196 0.0450668 1 0
1024000 8000 1000 32 128 322 0.0745034 1 0
1024000 8000 1000 32 256 580 0.143186 1 0
1024000 8000 1000 32 512 1090 0.301398 1 0
1024000 8000 1000 32 1024 2113 0.704457 1 0
1024000 8000 1000 64 64 260 0.0615513 1 0
1024000 8000 1000 64 128 386 0.0950864 1 0
1024000 8000 1000 64 256 644 0.165188 1 0
1024000 8000 1000 64 512 1154 0.338186 1 0
1024000 8000 1000 64 1024 2177 0.740596 1 0
1024000 8000 1000 128 128 511 0.138914 1 0
1024000 8000 1000 128 256 769 0.217405 1 0
1024000 8000 1000 128 512 1279 0.394666 1 0
1024000 8000 1000 128 1024 2303 0.835196 1 0
1024000 8000 1000 256 256 1026 0.484663 1 0
1024000 8000 1000 256 512 1536 0.709897 1 0
1024000 8000 1000 256 1024 2559 1.27351 1 0
1024000 8000 1000 512 512 2041 9.03802 1 0
1024000 8000 1000 512 1024 3064 12.1509 1 0
1024000 8000 1000 1024 1024 2055 4.02654 1 0
1024000 8000 2000 1 1 4 0.00151705 1 0
1024000 8000 2000 1 2 6 0.00246011 1 0
1024000 8000 2000 1 4 10 0.00279283 1 0
1024000 8000 2000 1 8 18 0.00430106 1 0
1024000 8000 2000 1 16 34 0.00792614 1 0
1024000 8000 2000 1 32 68 0.0199656 1 0
1024000 8000 2000 1 64 132 0.02942 1 0
1024000 8000 2000 1 128 258 0.0589054 1 0
1024000 8000 2000 1 256 515 0.150199 1 0
1024000 8000 2000 1 512 1024 0.275688 1 0
1024000 8000 2000 2 2 8 0.00226434 1 0
1024000 8000 2000 2 4 12 0.00283521 1 0
1024000 8000 2000 2 8 20 0.00445425 1 0
1024000 8000 2000 2 16 36 0.00843255 1 0
1024000 8000 2000 2 32 70 0.0176205 1 0
1024000 8000 2000 2 64 134 0.031079 1 0
1024000 8000 2000 2 128 260 0.0602545 1 0
1024000 8000 2000 2 256 518 0.134725 1 0
1024000 8000 2000 2 512 1028 0.279063 1 0
1024000 8000 2000 4 4 16 0.0037576 1 0
1024000 8000 2000 4 8 24 0.00538975 1 0
1024000 8000 2000 4 16 40 0.00972743 1 0
1024000 8000 2000 4 32 74 0.0233675 1 0
1024000 8000 2000 4 64 138 0.0355141 1 0
1024000 8000 2000 4 128 264 0.0614471 1 0
1024000 8000 2000 4 256 522 0.153316 1 0
1024000 8000 2000 4 512 1032 0.279277 1 0
1024000 8000 2000 8 8 32 0.00760641 1 0
1024000 8000 2000 8 16 48 0.0119094 1 0
1024000 8000 2000 8 32 82 0.0197416 1 0
1024000 8000 2000 8 64 146 0.0330127 1 0
1024000 8000 2000 8 128 272 0.0626002 1 0
1024000 8000 2000 8 256 530 0.128566 1 0
1024000 8000 2000 8 512 1040 0.282846 1 0
1024000 8000 2000 16 16 64 0.014157 1 0
1024000 8000 2000 16 32 98 0.0220907 1 0
1024000 8000 2000 16 64 162 0.0363531 1 0
1024000 8000 2000 16 128 288 0.0661343 1 0
1024000 8000 2000 16 256 546 0.133464 1 0
1024000 8000 2000 16 512 1056 0.287458 1 0
1024000 8000 2000 32 32 132 0.0293224 1 0
1024000 8000 2000 32 64 196 0.0445011 1 0
1024000 8000 2000 32 128 322 0.0747563 1 0
1024000 8000 2000 32 256 580 0.143107 1 0
1024000 8000 2000 32 512 1089 0.300681 1 0
1024000 8000 2000 64 64 260 0.0617854 1 0
1024000 8000 2000 64 128 386 0.0950597 1 0
1024000 8000 2000 64 256 644 0.165154 1 0
1024000 8000 2000 64 512 1153 0.325445 1 0
1024000 8000 2000 128 128 511 0.140398 1 0
1024000 8000 2000 128 256 769 0.218003 1 0
1024000 8000 2000 128 512 1279 0.408812 1 0
1024000 8000 2000 256 256 1025 0.472867 1 0
1024000 8000 2000 256 512 1534 0.710122 1 0
1024000 8000 2000 512 512 1027 0.399743 1 0
1024000 8000 4000 1 1 4 0.00103328 1 0
1024000 8000 4000 1 2 6 0.00147983 1 0
1024000 8000 4000 1 4 10 0.00231512 1 0
1024000 8000 4000 1 8 18 0.00530284 1 0
1024000 8000 4000 1 16 34 0.00758114 1 0
1024000 8000 4000 1 32 68 0.0199258 1 0
1024000 8000 4000 1 64 132 0.0363105 1 0
1024000 8000 4000 1 128 257 0.071234 1 0
1024000 8000 4000 1 256 513 0.123853 1 0
1024000 8000 4000 2 2 8 0.00189037 1 0
1024000 8000 4000 2 4 12 0.00274387 1 0
1024000 8000 4000 2 8 20 0.00489437 1 0
1024000 8000 4000 2 16 36 0.00910541 1 0
1024000 8000 4000 2 32 70 0.0172153 1 0
1024000 8000 4000 2 64 134 0.0303483 1 0
1024000 8000 4000 2 128 260 0.0593666 1 0
1024000 8000 4000 2 256 517 0.12549 1 0
1024000 8000 4000 4 4 16 0.00363048 1 0
1024000 8000 4000 4 8 24 0.00564876 1 0
1024000 8000 4000 4 16 40 0.00926695 1 0
1024000 8000 4000 4 32 74 0.0178347 1 0
1024000 8000 4000 4 64 138 0.0312763 1 0
1024000 8000 4000 4 128 264 0.0602822 1 0
1024000 8000 4000 4 256 521 0.125212 1 0
1024000 8000 4000 8 8 32 0.0071389 1 0
1024000 8000 4000 8 16 48 0.0109184 1 0
1024000 8000 4000 8 32 82 0.0197467 1 0
1024000 8000 4000 8 64 146 0.033849 1 0
1024000 8000 4000 8 128 272 0.0634649 1 0
1024000 8000 4000 8 256 529 0.127956 1 0
1024000 8000 4000 16 16 64 0.0145366 1 0
1024000 8000 4000 16 32 98 0.0232143 1 0
1024000 8000 4000 16 64 162 0.037331 1 0
1024000 8000 4000 16 128 288 0.0675064 1 0
1024000 8000 4000 16 256 545 0.133889 1 0
1024000 8000 4000 32 32 132 0.0305028 1 0
1024000 8000 4000 32 64 196 0.0454507 1 0
1024000 8000 4000 32 128 322 0.0757306 1 0
1024000 8000 4000 32 256 578 0.143513 1 0
1024000 8000 4000 64 64 260 0.0654201 1 0
1024000 8000 4000 64 128 386 0.0938383 1 0
1024000 8000 4000 64 256 642 0.16352 1 0
1024000 8000 4000 128 128 511 0.140305 1 0
1024000 8000 4000 128 256 768 0.218682 1 0
1024000 8000 4000 256 256 515 0.143588 1 0
1024000 8000 8000 1 1 4 0.00101324 1 0
1024000 8000 8000 1 2 6 0.00159488 1 0
1024000 8000 8000 1 4 10 0.00230737 1 0
1024000 8000 8000 1 8 18 0.00404149 1 0
1024000 8000 8000 1 16 34 0.00775066 1 0
1024000 8000 8000 1 32 68 0.0158164 1 0
1024000 8000 8000 1 64 131 0.0292576 1 0
1024000 8000 8000 1 128 256 0.0584168 1 0
1024000 8000 8000 2 2 8 0.00198322 1 0
1024000 8000 8000 2 4 12 0.00285896 1 0
1024000 8000 8000 2 8 20 0.00448028 1 0
1024000 8000 8000 2 16 36 0.00835954 1 0
1024000 8000 8000 2 32 70 0.0163333 1 0
1024000 8000 8000 2 64 134 0.0307368 1 0
1024000 8000 8000 2 128 260 0.0641811 1 0
1024000 8000 8000 4 4 16 0.00364744 1 0
1024000 8000 8000 4 8 24 0.00591317 1 0
1024000 8000 8000 4 16 40 0.0103964 1 0
1024000 8000 8000 4 32 74 0.017022 1 0
1024000 8000 8000 4 64 138 0.0306286 1 0
1024000 8000 8000 4 128 264 0.0609164 1 0
1024000 8000 8000 8 8 32 0.00702976 1 0
1024000 8000 8000 8 16 48 0.0120279 1 0
1024000 8000 8000 8 32 82 0.0207378 1 0
1024000 8000 8000 8 64 146 0.0326852 1 0
1024000 8000 8000 8 128 272 0.0621095 1 0
1024000 8000 8000 16 16 64 0.0142136 1 0
1024000 8000 8000 16 32 98 0.0272604 1 0
1024000 8000 8000 16 64 162 0.0369785 1 0
1024000 8000 8000 16 128 288 0.0678619 1 0
1024000 8000 8000 32 32 132 0.0305127 1 0
1024000 8000 8000 32 64 196 0.0449625 1 0
1024000 8000 8000 32 128 321 0.0767589 1 0
1024000 8000 8000 64 64 260 0.0626964 1 0
1024000 8000 8000 64 128 385 0.0941411 1 0
1024000 8000 8000 128 128 384 0.0961747 1 0
