16000 1000 1000 1 1 4 0.000474285 1 0
16000 1000 1000 1 2 6 0.000535674 0 1
16000 1000 1000 1 4 10 0.00104374 0 1
16000 1000 1000 1 8 17 0.0018231 0 1
16000 1000 1000 1 16 32 0.00270053 0 1
16000 1000 1000 2 2 8 0.000748175 0 1
16000 1000 1000 2 4 12 0.001271 0 1
16000 1000 1000 2 8 20 0.00218975 0 1
16000 1000 1000 2 16 36 0.00307416 0 1
16000 1000 1000 4 4 16 0.0014001 0 1
16000 1000 1000 4 8 24 0.00206341 0 1
16000 1000 1000 4 16 40 0.00333494 0 1
16000 1000 1000 8 8 32 0.00295298 0 1
16000 1000 1000 8 16 48 0.00402462 0 1
16000 1000 1000 16 16 48 0.00422621 0 1
16000 1000 2000 1 1 4 0.000382229 0 1
16000 1000 2000 1 2 6 0.00056348 0 1
16000 1000 2000 1 4 10 0.000979867 0 1
16000 1000 2000 1 8 18 0.00164289 0 1
16000 1000 2000 2 2 8 0.000712319 0 1
16000 1000 2000 2 4 12 0.00117342 0 1
16000 1000 2000 2 8 20 0.00170097 0 1
16000 1000 2000 4 4 16 0.00136701 0 1
16000 1000 2000 4 8 24 0.00188028 0 1
16000 1000 2000 8 8 32 0.0028404 0 1
16000 1000 4000 1 1 4 0.000368504 0 1
16000 1000 4000 1 2 6 0.000548884 0 1
16000 1000 4000 2 2 8 0.000797577 0 1
16000 1000 8000 1 1 4 0.000423482 0 1
16000 2000 1000 1 1 4 0.00037466 0 1
16000 2000 1000 1 2 6 0.000592685 0 1
16000 2000 1000 1 4 10 0.000897561 0 1
16000 2000 1000 1 8 17 0.00142643 0 1
16000 2000 1000 1 16 32 0.0027702 0 1
16000 2000 1000 2 2 8 0.000682191 0 1
16000 2000 1000 2 4 12 0.00102336 0 1
16000 2000 1000 2 8 20 0.00168205 0 1
16000 2000 1000 2 16 36 0.00293842 0 1
16000 2000 1000 4 4 16 0.00137822 0 1
16000 2000 1000 4 8 24 0.00205748 0 1
16000 2000 1000 4 16 40 0.00364569 0 1
16000 2000 1000 8 8 31 0.00322047 0 1
16000 2000 1000 8 16 47 0.00460655 0 1
16000 2000 1000 16 16 48 0.00474553 0 1
16000 2000 2000 1 1 4 0.000486232 1 0
16000 2000 2000 1 2 6 0.000708996 1 0
16000 2000 2000 1 4 9 0.00109219 1 0
16000 2000 2000 1 8 16 0.00142072 0 1
16000 2000 2000 2 2 8 0.000801218 0 1
16000 2000 2000 2 4 12 0.00124801 0 1
16000 2000 2000 2 8 20 0.00182541 0 1
16000 2000 2000 4 4 16 0.00146208 0 1
16000 2000 2000 4 8 24 0.00214488 0 1
16000 2000 2000 8 8 24 0.0021911 0 1
16000 2000 4000 1 1 4 0.000400272 0 1
16000 2000 4000 1 2 6 0.000605071 0 1
16000 2000 4000 1 4 10 0.000955192 0 1
16000 2000 4000 2 2 8 0.00076361 0 1
16000 2000 4000 2 4 12 0.00110771 0 1
16000 2000 4000 4 4 16 0.0013461 0 1
16000 2000 8000 1 1 4 0.000397699 0 1
16000 2000 8000 1 2 6 0.000605744 0 1
16000 2000 8000 2 2 8 0.000752844 0 1
16000 4000 1000 1 1 4 0.00040973 0 1
16000 4000 1000 1 2 6 0.000551593 0 1
16000 4000 1000 1 4 10 0.000905483 0 1
16000 4000 1000 1 8 17 0.00152061 0 1
16000 4000 1000 1 16 32 0.0027605 0 1
16000 4000 1000 2 2 8 0.000979048 0 1
16000 4000 1000 2 4 12 0.00110254 0 1
16000 4000 1000 2 8 20 0.00245616 1 0
16000 4000 1000 2 16 36 0.00365875 0 1
16000 4000 1000 4 4 15 0.0015307 0 1
16000 4000 1000 4 8 23 0.00314923 1 1
16000 4000 1000 4 16 39 0.0044249 0 1
16000 4000 1000 8 8 29 0.00482783 0 1
16000 4000 1000 8 16 45 0.00709189 0 1
16000 4000 1000 16 16 48 0.00818285 0 1
16000 4000 2000 1 1 4 0.000396257 0 1
16000 4000 2000 1 2 6 0.000608034 0 1
16000 4000 2000 1 4 9 0.000888217 0 1
16000 4000 2000 1 8 16 0.00134277 0 1
16000 4000 2000 2 2 8 0.000800623 0 1
16000 4000 2000 2 4 12 0.00127806 0 1
16000 4000 2000 2 8 20 0.00180719 0 1
16000 4000 2000 4 4 15 0.00147853 0 1
16000 4000 2000 4 8 23 0.0022079 0 1
16000 4000 2000 8 8 24 0.00240103 0 1
16000 4000 4000 1 1 4 0.000400797 0 1
16000 4000 4000 1 2 5 0.000553212 0 1
16000 4000 4000 1 4 8 0.000767389 0 1
16000 4000 4000 2 2 8 0.000723955 0 1
16000 4000 4000 2 4 12 0.00105644 0 1
16000 4000 4000 4 4 12 0.00111198 0 1
16000 4000 8000 1 1 4 0.000522262 0 1
16000 4000 8000 1 2 6 0.000596063 0 1
16000 4000 8000 2 2 8 0.000733603 0 1
16000 8000 1000 1 1 2 0.000260092 0 1
16000 8000 1000 1 2 4 0.000524139 0 1
16000 8000 1000 1 4 8 0.000936576 0 1
16000 8000 1000 1 8 16 0.0016784 0 1
16000 8000 1000 1 16 32 0.00308334 0 1
16000 8000 1000 2 2 7 0.000760435 0 1
16000 8000 1000 2 4 11 0.00134409 0 1
16000 8000 1000 2 8 19 0.0020305 0 1
16000 8000 1000 2 16 35 0.00333984 0 1
16000 8000 1000 4 4 13 0.00219235 0 1
16000 8000 1000 4 8 21 0.00303261 0 1
16000 8000 1000 4 16 37 0.00483331 0 1
16000 8000 1000 8 8 24 0.0146036 0 1
16000 8000 1000 8 16 40 0.0250562 0 1
16000 8000 1000 16 16 48 0.068894 0 1
16000 8000 2000 1 1 2 0.00025737 0 1
16000 8000 2000 1 2 4 0.000418479 0 1
16000 8000 2000 1 4 8 0.000820695 0 1
16000 8000 2000 1 8 16 0.00150856 0 1
16000 8000 2000 2 2 7 0.00081301 0 1
16000 8000 2000 2 4 11 0.00113949 0 1
16000 8000 2000 2 8 19 0.00188909 0 1
16000 8000 2000 4 4 12 0.00155273 0 1
16000 8000 2000 4 8 20 0.00252418 0 1
16000 8000 2000 8 8 24 0.00401172 0 1
16000 8000 4000 1 1 2 0.000247762 1 0
16000 8000 4000 1 2 4 0.000387633 0 1
16000 8000 4000 1 4 8 0.000711336 0 1
16000 8000 4000 2 2 6 0.000617336 0 1
16000 8000 4000 2 4 10 0.00101 0 1
16000 8000 4000 4 4 12 0.00124564 0 1
16000 8000 8000 1 1 2 0.000215981 0 1
16000 8000 8000 1 2 4 0.00043133 0 1
16000 8000 8000 2 2 6 0.00061605 0 1
32000 1000 1000 1 1 4 0.000438971 0 1
32000 1000 1000 1 2 6 0.000528809 0 1
32000 1000 1000 1 4 10 0.000836784 0 1
32000 1000 1000 1 8 18 0.00154888 0 1
32000 1000 1000 1 16 33 0.00283225 0 1
32000 1000 1000 1 32 65 0.00547165 0 1
32000 1000 1000 2 2 8 0.000717113 0 1
32000 1000 1000 2 4 12 0.00110102 0 1
32000 1000 1000 2 8 20 0.00162419 0 1
32000 1000 1000 2 16 36 0.00296587 0 1
32000 1000 1000 2 32 69 0.00607805 0 1
32000 1000 1000 4 4 16 0.00134566 0 1
32000 1000 1000 4 8 24 0.00204804 0 1
32000 1000 1000 4 16 40 0.00344642 0 1
32000 1000 1000 4 32 73 0.00598483 0 1
32000 1000 1000 8 8 32 0.0028184 0 1
32000 1000 1000 8 16 48 0.00414143 0 1
32000 1000 1000 8 32 81 0.00712083 0 1
32000 1000 1000 16 16 64 0.00569867 0 1
32000 1000 1000 16 32 97 0.00849463 0 1
32000 1000 1000 32 32 66 0.00580341 0 1
32000 1000 2000 1 1 4 0.000471765 1 0
32000 1000 2000 1 2 6 0.000674767 0 1
32000 1000 2000 1 4 10 0.0010224 0 1
32000 1000 2000 1 8 18 0.00196518 0 1
32000 1000 2000 1 16 34 0.00287151 0 1
32000 1000 2000 2 2 8 0.000726366 0 1
32000 1000 2000 2 4 12 0.00108484 0 1
32000 1000 2000 2 8 20 0.00182736 0 1
32000 1000 2000 2 16 36 0.00288907 0 1
32000 1000 2000 4 4 16 0.00126373 0 1
32000 1000 2000 4 8 24 0.00193889 0 1
32000 1000 2000 4 16 40 0.00347444 0 1
32000 1000 2000 8 8 32 0.00284776 0 1
32000 1000 2000 8 16 48 0.00410358 0 1
32000 1000 2000 16 16 64 0.00514786 0 1
32000 1000 4000 1 1 4 0.000390145 0 1
32000 1000 4000 1 2 6 0.000521628 0 1
32000 1000 4000 1 4 10 0.000916573 0 1
32000 1000 4000 2 2 8 0.000744474 0 1
32000 1000 4000 2 4 12 0.00141414 0 1
32000 1000 4000 4 4 16 0.00135642 0 1
32000 1000 8000 1 1 4 0.000363674 0 1
32000 1000 8000 1 2 6 0.000525047 0 1
32000 1000 8000 2 2 8 0.000729424 0 1
32000 2000 1000 1 1 4 0.000470525 0 1
32000 2000 1000 1 2 6 0.000589449 0 1
32000 2000 1000 1 4 10 0.000862095 0 1
32000 2000 1000 1 8 18 0.00155979 0 1
32000 2000 1000 1 16 33 0.0027876 0 1
32000 2000 1000 1 32 65 0.0059924 0 1
32000 2000 1000 2 2 8 0.000737883 0 1
32000 2000 1000 2 4 12 0.00109931 0 1
32000 2000 1000 2 8 20 0.00172002 0 1
32000 2000 1000 2 16 36 0.00299506 0 1
32000 2000 1000 2 32 69 0.00578875 0 1
32000 2000 1000 4 4 16 0.00140871 0 1
32000 2000 1000 4 8 24 0.00188811 0 1
32000 2000 1000 4 16 40 0.00351304 0 1
32000 2000 1000 4 32 73 0.00618221 0 1
32000 2000 1000 8 8 32 0.00306994 0 1
32000 2000 1000 8 16 48 0.00429193 0 1
32000 2000 1000 8 32 81 0.00737077 0 1
32000 2000 1000 16 16 63 0.00609668 0 1
32000 2000 1000 16 32 96 0.00933977 0 1
32000 2000 1000 32 32 67 0.00620431 0 1
32000 2000 2000 1 1 4 0.000354374 0 1
32000 2000 2000 1 2 6 0.000505716 0 1
32000 2000 2000 1 4 10 0.000828271 0 1
32000 2000 2000 1 8 17 0.00136604 0 1
32000 2000 2000 1 16 32 0.00261553 0 1
32000 2000 2000 2 2 8 0.000922285 0 1
32000 2000 2000 2 4 12 0.00101482 0 1
32000 2000 2000 2 8 20 0.00166414 0 1
32000 2000 2000 2 16 36 0.00357793 0 1
32000 2000 2000 4 4 16 0.00136639 0 1
32000 2000 2000 4 8 24 0.0021309 0 1
32000 2000 2000 4 16 40 0.00379135 0 1
32000 2000 2000 8 8 32 0.00274063 0 1
32000 2000 2000 8 16 48 0.00411142 0 1
32000 2000 2000 16 16 48 0.00429648 0 1
32000 2000 4000 1 1 4 0.000422455 0 1
32000 2000 4000 1 2 6 0.000565832 0 1
32000 2000 4000 1 4 10 0.00101121 0 1
32000 2000 4000 1 8 18 0.00165495 0 1
32000 2000 4000 2 2 8 0.000907818 0 1
32000 2000 4000 2 4 12 0.00112809 0 1
32000 2000 4000 2 8 20 0.00162811 0 1
32000 2000 4000 4 4 16 0.00136056 0 1
32000 2000 4000 4 8 24 0.00215723 0 1
32000 2000 4000 8 8 32 0.00273336 0 1
32000 2000 8000 1 1 4 0.000366554 0 1
32000 2000 8000 1 2 6 0.000537503 0 1
32000 2000 8000 2 2 8 0.000726062 0 1
32000 4000 1000 1 1 4 0.000392989 0 1
32000 4000 1000 1 2 6 0.000764207 1 0
32000 4000 1000 1 4 10 0.000952696 0 1
32000 4000 1000 1 8 18 0.00192122 0 1
32000 4000 1000 1 16 33 0.00332922 0 1
32000 4000 1000 1 32 65 0.00637108 0 1
32000 4000 1000 2 2 8 0.000854091 0 1
32000 4000 1000 2 4 12 0.00114652 0 1
32000 4000 1000 2 8 20 0.00193969 0 1
32000 4000 1000 2 16 36 0.00328732 0 1
32000 4000 1000 2 32 69 0.00672246 0 1
32000 4000 1000 4 4 16 0.00152128 0 1
32000 4000 1000 4 8 24 0.00213186 0 1
32000 4000 1000 4 16 40 0.00342326 0 1
32000 4000 1000 4 32 73 0.0060626 0 1
32000 4000 1000 8 8 31 0.00310218 0 1
32000 4000 1000 8 16 47 0.0044805 0 1
32000 4000 1000 8 32 80 0.00732828 0 1
32000 4000 1000 16 16 61 0.0115557 0 1
32000 4000 1000 16 32 94 0.0168181 0 1
32000 4000 1000 32 32 69 0.00932293 0 1
32000 4000 2000 1 1 4 0.000400097 0 1
32000 4000 2000 1 2 6 0.000767627 1 0
32000 4000 2000 1 4 10 0.00107099 0 1
32000 4000 2000 1 8 17 0.00182674 0 1
32000 4000 2000 1 16 32 0.00329745 0 1
32000 4000 2000 2 2 8 0.000683799 0 1
32000 4000 2000 2 4 12 0.00103121 0 1
32000 4000 2000 2 8 20 0.00182643 0 1
32000 4000 2000 2 16 36 0.00322063 0 1
32000 4000 2000 4 4 16 0.00135354 0 1
32000 4000 2000 4 8 24 0.00219649 0 1
32000 4000 2000 4 16 40 0.00346456 0 1
32000 4000 2000 8 8 31 0.00312384 0 1
32000 4000 2000 8 16 47 0.00480823 0 1
32000 4000 2000 16 16 48 0.00462515 0 1
32000 4000 4000 1 1 4 0.000390881 0 1
32000 4000 4000 1 2 6 0.000527837 0 1
32000 4000 4000 1 4 9 0.000848937 0 1
32000 4000 4000 1 8 16 0.00134131 0 1
32000 4000 4000 2 2 8 0.000741971 0 1
32000 4000 4000 2 4 12 0.00105667 0 1
32000 4000 4000 2 8 20 0.00168003 0 1
32000 4000 4000 4 4 16 0.00152258 0 1
32000 4000 4000 4 8 24 0.00224971 0 1
32000 4000 4000 8 8 24 0.00230814 0 1
32000 4000 8000 1 1 4 0.00039241 0 1
32000 4000 8000 1 2 6 0.000528227 0 1
32000 4000 8000 1 4 10 0.000876289 0 1
32000 4000 8000 2 2 8 0.000995554 1 0
32000 4000 8000 2 4 12 0.00111919 0 1
32000 4000 8000 4 4 16 0.00135874 0 1
32000 8000 1000 1 1 4 0.000505061 0 1
32000 8000 1000 1 2 6 0.000561199 0 1
32000 8000 1000 1 4 10 0.00152152 1 1
32000 8000 1000 1 8 18 0.00182864 0 1
32000 8000 1000 1 16 33 0.00295639 0 1
32000 8000 1000 1 32 65 0.00549306 0 1
32000 8000 1000 2 2 8 0.000811139 0 1
32000 8000 1000 2 4 12 0.00169294 1 1
32000 8000 1000 2 8 20 0.00210215 0 1
32000 8000 1000 2 16 36 0.00317153 0 1
32000 8000 1000 2 32 69 0.00577972 0 1
32000 8000 1000 4 4 15 0.0017828 0 1
32000 8000 1000 4 8 23 0.00244193 0 1
32000 8000 1000 4 16 39 0.00365273 0 1
32000 8000 1000 4 32 72 0.00685206 0 1
32000 8000 1000 8 8 30 0.0048158 0 1
32000 8000 1000 8 16 46 0.00733962 0 1
32000 8000 1000 8 32 79 0.0119108 0 1
32000 8000 1000 16 16 57 0.0948998 0 1
32000 8000 1000 16 32 90 0.135015 0 1
32000 8000 1000 32 32 73 0.055765 0 1
32000 8000 2000 1 1 4 0.000369894 0 1
32000 8000 2000 1 2 6 0.000735696 0 1
32000 8000 2000 1 4 10 0.00107903 0 1
32000 8000 2000 1 8 17 0.00137014 0 1
32000 8000 2000 1 16 32 0.00266706 0 1
32000 8000 2000 2 2 8 0.000739651 0 1
32000 8000 2000 2 4 12 0.00115646 0 1
32000 8000 2000 2 8 20 0.00184226 0 1
32000 8000 2000 2 16 36 0.00323933 0 1
32000 8000 2000 4 4 15 0.00161335 0 1
32000 8000 2000 4 8 23 0.00220516 0 1
32000 8000 2000 4 16 39 0.00390694 0 1
32000 8000 2000 8 8 29 0.00480739 0 1
32000 8000 2000 8 16 45 0.0070284 0 1
32000 8000 2000 16 16 48 0.00793581 0 1
32000 8000 4000 1 1 4 0.000429574 0 1
32000 8000 4000 1 2 6 0.000578953 0 1
32000 8000 4000 1 4 9 0.000956808 0 1
32000 8000 4000 1 8 16 0.00163691 0 1
32000 8000 4000 2 2 8 0.000765927 0 1
32000 8000 4000 2 4 12 0.00111988 0 1
32000 8000 4000 2 8 20 0.00193945 0 1
32000 8000 4000 4 4 15 0.00142031 0 1
32000 8000 4000 4 8 23 0.00226594 0 1
32000 8000 4000 8 8 24 0.00248823 0 1
32000 8000 8000 1 1 4 0.000387646 0 1
32000 8000 8000 1 2 5 0.000472503 0 1
32000 8000 8000 1 4 8 0.000757381 0 1
32000 8000 8000 2 2 8 0.000778415 0 1
32000 8000 8000 2 4 12 0.00104265 0 1
32000 8000 8000 4 4 12 0.00107893 0 1
64000 1000 1000 1 1 4 0.000410492 0 1
64000 1000 1000 1 2 6 0.000578383 0 1
64000 1000 1000 1 4 10 0.000886368 0 1
64000 1000 1000 1 8 18 0.00157042 0 1
64000 1000 1000 1 16 34 0.00304533 0 1
64000 1000 1000 1 32 67 0.00554477 0 1
64000 1000 1000 1 64 129 0.0107855 0 1
64000 1000 1000 2 2 8 0.000718054 0 1
64000 1000 1000 2 4 12 0.00100229 0 1
64000 1000 1000 2 8 20 0.00178065 0 1
64000 1000 1000 2 16 36 0.00318734 0 1
64000 1000 1000 2 32 70 0.0056927 0 1
64000 1000 1000 2 64 133 0.0108579 0 1
64000 1000 1000 4 4 16 0.00127363 0 1
64000 1000 1000 4 8 24 0.00204552 0 1
64000 1000 1000 4 16 40 0.0035568 0 1
64000 1000 1000 4 32 74 0.00621967 0 1
64000 1000 1000 4 64 137 0.0112359 0 1
64000 1000 1000 8 8 32 0.00288882 0 1
64000 1000 1000 8 16 48 0.00416615 0 1
64000 1000 1000 8 32 82 0.00667565 0 1
64000 1000 1000 8 64 145 0.0119376 0 1
64000 1000 1000 16 16 64 0.00529602 0 1
64000 1000 1000 16 32 98 0.00816476 0 1
64000 1000 1000 16 64 161 0.0136514 0 1
64000 1000 1000 32 32 132 0.0117695 0 1
64000 1000 1000 32 64 194 0.0167538 0 1
64000 1000 1000 64 64 130 0.0111783 0 1
64000 1000 2000 1 1 4 0.000401635 0 1
64000 1000 2000 1 2 6 0.000758992 1 0
64000 1000 2000 1 4 10 0.000871298 0 1
64000 1000 2000 1 8 18 0.00145658 0 1
64000 1000 2000 1 16 34 0.00271959 0 1
64000 1000 2000 1 32 67 0.00676651 0 1
64000 1000 2000 2 2 8 0.000840125 0 1
64000 1000 2000 2 4 12 0.00105625 0 1
64000 1000 2000 2 8 20 0.00170571 0 1
64000 1000 2000 2 16 36 0.0029207 0 1
64000 1000 2000 2 32 69 0.00669161 0 1
64000 1000 2000 4 4 16 0.00141549 0 1
64000 1000 2000 4 8 24 0.00204541 0 1
64000 1000 2000 4 16 40 0.0033869 0 1
64000 1000 2000 4 32 73 0.00586807 0 1
64000 1000 2000 8 8 32 0.002711 0 1
64000 1000 2000 8 16 48 0.00404031 0 1
64000 1000 2000 8 32 81 0.00682735 0 1
64000 1000 2000 16 16 64 0.00538087 0 1
64000 1000 2000 16 32 97 0.00791089 0 1
64000 1000 2000 32 32 131 0.0109461 0 1
64000 1000 4000 1 1 4 0.000410103 0 1
64000 1000 4000 1 2 6 0.000512698 0 1
64000 1000 4000 1 4 10 0.00104924 0 1
64000 1000 4000 1 8 18 0.00159008 0 1
64000 1000 4000 2 2 8 0.000671452 0 1
64000 1000 4000 2 4 12 0.00101675 0 1
64000 1000 4000 2 8 20 0.00171854 0 1
64000 1000 4000 4 4 16 0.00146998 0 1
64000 1000 4000 4 8 24 0.00202079 0 1
64000 1000 4000 8 8 32 0.00274103 0 1
64000 1000 8000 1 1 4 0.000387956 0 1
64000 1000 8000 1 2 6 0.000585538 0 1
64000 1000 8000 1 4 10 0.00084324 0 1
64000 1000 8000 2 2 8 0.000732342 0 1
64000 1000 8000 2 4 12 0.00132129 0 1
64000 1000 8000 4 4 16 0.00149653 0 1
64000 2000 1000 1 1 4 0.000418663 0 1
64000 2000 1000 1 2 6 0.000595593 0 1
64000 2000 1000 1 4 10 0.000845962 0 1
64000 2000 1000 1 8 18 0.00163685 0 1
64000 2000 1000 1 16 34 0.00309303 0 1
64000 2000 1000 1 32 67 0.00561902 0 1
64000 2000 1000 1 64 129 0.0107679 0 1
64000 2000 1000 2 2 8 0.000758103 0 1
64000 2000 1000 2 4 12 0.000991417 0 1
64000 2000 1000 2 8 20 0.00162234 0 1
64000 2000 1000 2 16 36 0.00292931 0 1
64000 2000 1000 2 32 70 0.00558037 0 1
64000 2000 1000 2 64 133 0.0109984 0 1
64000 2000 1000 4 4 16 0.00138044 0 1
64000 2000 1000 4 8 24 0.00223803 0 1
64000 2000 1000 4 16 40 0.00352138 0 1
64000 2000 1000 4 32 74 0.0062439 0 1
64000 2000 1000 4 64 137 0.0112796 0 1
64000 2000 1000 8 8 32 0.00263168 0 1
64000 2000 1000 8 16 48 0.00407851 0 1
64000 2000 1000 8 32 82 0.00684847 0 1
64000 2000 1000 8 64 145 0.012285 0 1
64000 2000 1000 16 16 64 0.00574631 0 1
64000 2000 1000 16 32 98 0.00865347 0 1
64000 2000 1000 16 64 161 0.0140022 0 1
64000 2000 1000 32 32 131 0.0131086 0 1
64000 2000 1000 32 64 193 0.0186492 0 1
64000 2000 1000 64 64 131 0.0117142 0 1
64000 2000 2000 1 1 4 0.000505688 0 1
64000 2000 2000 1 2 6 0.000554477 0 1
64000 2000 2000 1 4 10 0.00083843 0 1
64000 2000 2000 1 8 18 0.00214975 0 1
64000 2000 2000 1 16 33 0.00332 0 1
64000 2000 2000 1 32 65 0.00651251 0 1
64000 2000 2000 2 2 8 0.000717856 0 1
64000 2000 2000 2 4 12 0.00109469 0 1
64000 2000 2000 2 8 20 0.00178249 0 1
64000 2000 2000 2 16 36 0.00307745 0 1
64000 2000 2000 2 32 69 0.0056711 0 1
64000 2000 2000 4 4 16 0.00138513 0 1
64000 2000 2000 4 8 24 0.00202921 0 1
64000 2000 2000 4 16 40 0.0032816 0 1
64000 2000 2000 4 32 73 0.00617414 0 1
64000 2000 2000 8 8 32 0.00273043 0 1
64000 2000 2000 8 16 48 0.00403656 0 1
64000 2000 2000 8 32 81 0.00661087 0 1
64000 2000 2000 16 16 64 0.00556839 0 1
64000 2000 2000 16 32 97 0.00875902 0 1
64000 2000 2000 32 32 66 0.00526948 0 1
64000 2000 4000 1 1 4 0.000405585 0 1
64000 2000 4000 1 2 6 0.000508407 0 1
64000 2000 4000 1 4 10 0.000843158 0 1
64000 2000 4000 1 8 18 0.00157479 0 1
64000 2000 4000 1 16 34 0.00288148 0 1
64000 2000 4000 2 2 8 0.000683804 0 1
64000 2000 4000 2 4 12 0.00104594 0 1
64000 2000 4000 2 8 20 0.00175301 0 1
64000 2000 4000 2 16 36 0.00303552 0 1
64000 2000 4000 4 4 16 0.0014391 0 1
64000 2000 4000 4 8 24 0.0021865 0 1
64000 2000 4000 4 16 40 0.00330936 0 1
64000 2000 4000 8 8 32 0.00274384 0 1
64000 2000 4000 8 16 48 0.00403653 0 1
64000 2000 4000 16 16 64 0.00510309 0 1
64000 2000 8000 1 1 4 0.000356347 0 1
64000 2000 8000 1 2 6 0.000509249 0 1
64000 2000 8000 1 4 10 0.000803197 0 1
64000 2000 8000 2 2 8 0.000679668 0 1
64000 2000 8000 2 4 12 0.00103299 0 1
64000 2000 8000 4 4 16 0.00140525 0 1
64000 4000 1000 1 1 4 0.000387088 0 1
64000 4000 1000 1 2 6 0.000601261 0 1
64000 4000 1000 1 4 10 0.000953721 0 1
64000 4000 1000 1 8 18 0.00153116 0 1
64000 4000 1000 1 16 34 0.00282027 0 1
64000 4000 1000 1 32 67 0.00563029 0 1
64000 4000 1000 1 64 129 0.0106226 0 1
64000 4000 1000 2 2 8 0.000712446 0 1
64000 4000 1000 2 4 12 0.00133932 0 1
64000 4000 1000 2 8 20 0.00183873 0 1
64000 4000 1000 2 16 36 0.00339186 0 1
64000 4000 1000 2 32 70 0.00571386 0 1
64000 4000 1000 2 64 133 0.0119586 0 1
64000 4000 1000 4 4 16 0.00154349 0 1
64000 4000 1000 4 8 24 0.00210685 0 1
64000 4000 1000 4 16 40 0.00328506 0 1
64000 4000 1000 4 32 74 0.00583178 0 1
64000 4000 1000 4 64 137 0.0119162 0 1
64000 4000 1000 8 8 32 0.0028859 0 1
64000 4000 1000 8 16 48 0.00417495 0 1
64000 4000 1000 8 32 82 0.00728261 0 1
64000 4000 1000 8 64 145 0.0143003 0 1
64000 4000 1000 16 16 63 0.00609339 0 1
64000 4000 1000 16 32 97 0.00939569 0 1
64000 4000 1000 16 64 160 0.01546 0 1
64000 4000 1000 32 32 129 0.022002 0 1
64000 4000 1000 32 64 191 0.0313027 0 1
64000 4000 1000 64 64 133 0.0157382 0 1
64000 4000 2000 1 1 4 0.000364518 0 1
64000 4000 2000 1 2 6 0.000540329 0 1
64000 4000 2000 1 4 10 0.000859751 0 1
64000 4000 2000 1 8 18 0.00150945 0 1
64000 4000 2000 1 16 33 0.00265037 0 1
64000 4000 2000 1 32 65 0.00528578 0 1
64000 4000 2000 2 2 8 0.000819129 0 1
64000 4000 2000 2 4 12 0.00116616 0 1
64000 4000 2000 2 8 20 0.00180101 0 1
64000 4000 2000 2 16 36 0.00306545 0 1
64000 4000 2000 2 32 69 0.00583186 0 1
64000 4000 2000 4 4 16 0.00135468 0 1
64000 4000 2000 4 8 24 0.00210949 0 1
64000 4000 2000 4 16 40 0.00334173 0 1
64000 4000 2000 4 32 73 0.00603647 0 1
64000 4000 2000 8 8 32 0.00293515 0 1
64000 4000 2000 8 16 48 0.00392567 0 1
64000 4000 2000 8 32 81 0.00697343 0 1
64000 4000 2000 16 16 63 0.00628193 0 1
64000 4000 2000 16 32 96 0.00925064 0 1
64000 4000 2000 32 32 67 0.00590119 0 1
64000 4000 4000 1 1 4 0.00053804 1 0
64000 4000 4000 1 2 6 0.000649748 0 1
64000 4000 4000 1 4 10 0.00114999 0 1
64000 4000 4000 1 8 17 0.00150467 0 1
64000 4000 4000 1 16 32 0.00260213 0 1
64000 4000 4000 2 2 8 0.000766413 0 1
64000 4000 4000 2 4 12 0.00117078 0 1
64000 4000 4000 2 8 20 0.00161511 0 1
64000 4000 4000 2 16 36 0.00301261 0 1
64000 4000 4000 4 4 16 0.00141353 0 1
64000 4000 4000 4 8 24 0.0019514 0 1
64000 4000 4000 4 16 40 0.00343859 0 1
64000 4000 4000 8 8 32 0.00276022 0 1
64000 4000 4000 8 16 48 0.00421733 0 1
64000 4000 4000 16 16 48 0.00414931 0 1
64000 4000 8000 1 1 4 0.000463551 0 1
64000 4000 8000 1 2 6 0.000510338 0 1
64000 4000 8000 1 4 10 0.000842436 0 1
64000 4000 8000 1 8 18 0.00157321 0 1
64000 4000 8000 2 2 8 0.000712925 0 1
64000 4000 8000 2 4 12 0.00100454 0 1
64000 4000 8000 2 8 20 0.00164785 0 1
64000 4000 8000 4 4 16 0.00141752 0 1
64000 4000 8000 4 8 24 0.00221313 0 1
64000 4000 8000 8 8 32 0.00289451 0 1
64000 8000 1000 1 1 4 0.000585339 1 0
64000 8000 1000 1 2 6 0.00070587 0 1
64000 8000 1000 1 4 10 0.00108945 0 1
64000 8000 1000 1 8 18 0.00169805 0 1
64000 8000 1000 1 16 34 0.00293331 0 1
64000 8000 1000 1 32 67 0.0056335 0 1
64000 8000 1000 1 64 129 0.0127176 0 1
64000 8000 1000 2 2 8 0.000692725 0 1
64000 8000 1000 2 4 12 0.00120909 0 1
64000 8000 1000 2 8 20 0.00177884 0 1
64000 8000 1000 2 16 36 0.00314903 0 1
64000 8000 1000 2 32 70 0.00589949 0 1
64000 8000 1000 2 64 133 0.0108581 0 1
64000 8000 1000 4 4 16 0.00174883 0 1
64000 8000 1000 4 8 24 0.00222712 0 1
64000 8000 1000 4 16 40 0.00343486 0 1
64000 8000 1000 4 32 74 0.00635971 0 1
64000 8000 1000 4 64 137 0.0141696 0 1
64000 8000 1000 8 8 31 0.00314972 0 1
64000 8000 1000 8 16 47 0.00460223 0 1
64000 8000 1000 8 32 81 0.00775713 0 1
64000 8000 1000 8 64 144 0.0137689 0 1
64000 8000 1000 16 16 62 0.0105836 0 1
64000 8000 1000 16 32 96 0.0157459 0 1
64000 8000 1000 16 64 159 0.0275211 0 1
64000 8000 1000 32 32 125 0.237834 0 1
64000 8000 1000 32 64 187 0.321214 0 1
64000 8000 1000 64 64 137 0.108848 0 1
64000 8000 2000 1 1 4 0.000375352 0 1
64000 8000 2000 1 2 6 0.000570604 0 1
64000 8000 2000 1 4 10 0.000974103 0 1
64000 8000 2000 1 8 18 0.00157383 0 1
64000 8000 2000 1 16 33 0.00285406 0 1
64000 8000 2000 1 32 65 0.00543116 0 1
64000 8000 2000 2 2 8 0.000973533 1 0
64000 8000 2000 2 4 12 0.00115631 0 1
64000 8000 2000 2 8 20 0.00169699 0 1
64000 8000 2000 2 16 36 0.00365556 0 1
64000 8000 2000 2 32 69 0.00657955 0 1
64000 8000 2000 4 4 16 0.00148365 0 1
64000 8000 2000 4 8 24 0.00215687 0 1
64000 8000 2000 4 16 40 0.00336807 0 1
64000 8000 2000 4 32 73 0.00619514 0 1
64000 8000 2000 8 8 31 0.00307326 0 1
64000 8000 2000 8 16 47 0.00495807 0 1
64000 8000 2000 8 32 80 0.00874179 0 1
64000 8000 2000 16 16 61 0.0105339 0 1
64000 8000 2000 16 32 94 0.015212 0 1
64000 8000 2000 32 32 69 0.00879752 0 1
64000 8000 4000 1 1 4 0.000374837 0 1
64000 8000 4000 1 2 6 0.000570495 0 1
64000 8000 4000 1 4 10 0.000918797 0 1
64000 8000 4000 1 8 17 0.00154018 0 1
64000 8000 4000 1 16 32 0.00279854 0 1
64000 8000 4000 2 2 8 0.00101354 1 0
64000 8000 4000 2 4 12 0.00134114 0 1
64000 8000 4000 2 8 20 0.0021432 0 1
64000 8000 4000 2 16 36 0.00317824 0 1
64000 8000 4000 4 4 16 0.00162638 0 1
64000 8000 4000 4 8 24 0.00258294 0 1
64000 8000 4000 4 16 40 0.00353671 0 1
64000 8000 4000 8 8 31 0.00391802 0 1
64000 8000 4000 8 16 47 0.00461577 0 1
64000 8000 4000 16 16 48 0.00461833 0 1
64000 8000 8000 1 1 4 0.000354877 0 1
64000 8000 8000 1 2 6 0.000537687 0 1
64000 8000 8000 1 4 9 0.000860854 0 1
64000 8000 8000 1 8 16 0.00137685 0 1
64000 8000 8000 2 2 8 0.000737165 0 1
64000 8000 8000 2 4 12 0.00110413 0 1
64000 8000 8000 2 8 20 0.00181853 0 1
64000 8000 8000 4 4 16 0.00151735 0 1
64000 8000 8000 4 8 24 0.00216461 0 1
64000 8000 8000 8 8 24 0.00223153 0 1
