16000 1000 1000 1 1 4 0.00109332 1
16000 1000 1000 1 2 6 0.00151178 1
16000 1000 1000 1 4 10 0.0023467 1
16000 1000 1000 1 8 17 0.00392954 1
16000 1000 1000 1 16 32 0.00743703 1
16000 1000 1000 2 2 8 0.00305594 1
16000 1000 1000 2 4 12 0.0029976 1
16000 1000 1000 2 8 20 0.00475729 1
16000 1000 1000 2 16 36 0.0141499 1
16000 1000 1000 4 4 16 0.00406345 1
16000 1000 1000 4 8 24 0.0132493 1
16000 1000 1000 4 16 40 0.0101132 1
16000 1000 1000 8 8 32 0.00845333 1
16000 1000 1000 8 16 48 0.0143797 1
16000 1000 1000 16 16 48 0.0150147 1
16000 2000 1000 1 1 4 0.00135333 1
16000 2000 1000 1 2 6 0.00176581 1
16000 2000 1000 1 4 10 0.0027082 1
16000 2000 1000 1 8 17 0.00442191 1
16000 2000 1000 1 16 32 0.00779714 1
16000 2000 1000 2 2 8 0.00361614 1
16000 2000 1000 2 4 12 0.00328533 1
16000 2000 1000 2 8 20 0.00494835 1
16000 2000 1000 2 16 36 0.0113009 1
16000 2000 1000 4 4 16 0.00540556 1
16000 2000 1000 4 8 24 0.00660869 1
16000 2000 1000 4 16 40 0.0147074 1
16000 2000 1000 8 8 31 0.0148316 1
16000 2000 1000 8 16 47 0.0155652 1
16000 2000 1000 16 16 48 0.0175894 1
16000 2000 2000 1 1 4 0.00125626 1
16000 2000 2000 1 2 6 0.00167674 1
16000 2000 2000 1 4 9 0.0022848 1
16000 2000 2000 1 8 16 0.00409513 1
16000 2000 2000 2 2 8 0.00336382 1
16000 2000 2000 2 4 12 0.00322399 1
16000 2000 2000 2 8 20 0.00544729 1
16000 2000 2000 4 4 16 0.00431224 1
16000 2000 2000 4 8 24 0.00806763 1
16000 2000 2000 8 8 24 0.00659558 1
16000 4000 1000 1 1 4 0.00137332 1
16000 4000 1000 1 2 6 0.00184318 1
16000 4000 1000 1 4 10 0.00387286 1
16000 4000 1000 1 8 17 0.00500904 1
16000 4000 1000 1 16 32 0.00917702 1
16000 4000 1000 2 2 8 0.00246391 1
16000 4000 1000 2 4 12 0.00556579 1
16000 4000 1000 2 8 20 0.00591665 1
16000 4000 1000 2 16 36 0.01066 1
16000 4000 1000 4 4 15 0.00559811 1
16000 4000 1000 4 8 23 0.00749931 1
16000 4000 1000 4 16 39 0.0134934 1
16000 4000 1000 8 8 29 0.00956363 1
16000 4000 1000 8 16 45 0.0171787 1
16000 4000 1000 16 16 48 0.0213688 1
16000 4000 2000 1 1 4 0.00140964 1
16000 4000 2000 1 2 6 0.00192662 1
16000 4000 2000 1 4 9 0.00233879 1
16000 4000 2000 1 8 16 0.0039872 1
16000 4000 2000 2 2 8 0.00238917 1
16000 4000 2000 2 4 12 0.00306139 1
16000 4000 2000 2 8 20 0.0056083 1
16000 4000 2000 4 4 15 0.00649067 1
16000 4000 2000 4 8 23 0.00682353 1
16000 4000 2000 8 8 24 0.006697 1
16000 4000 4000 1 1 4 0.00113054 1
16000 4000 4000 1 2 5 0.00131161 1
16000 4000 4000 1 4 8 0.00198059 1
16000 4000 4000 2 2 8 0.0020683 1
16000 4000 4000 2 4 12 0.00305746 1
16000 4000 4000 4 4 12 0.00312988 1
32000 1000 1000 1 1 4 0.00109427 1
32000 1000 1000 1 2 6 0.00156343 1
32000 1000 1000 1 4 10 0.00263057 1
32000 1000 1000 1 8 18 0.00433045 1
32000 1000 1000 1 16 33 0.0115532 1
32000 1000 1000 1 32 65 0.0156266 1
32000 1000 1000 2 2 8 0.0021666 1
32000 1000 1000 2 4 12 0.00295562 1
32000 1000 1000 2 8 20 0.00885771 1
32000 1000 1000 2 16 36 0.00901723 1
32000 1000 1000 2 32 69 0.0214242 1
32000 1000 1000 4 4 16 0.00397116 1
32000 1000 1000 4 8 24 0.00581542 1
32000 1000 1000 4 16 40 0.00991806 1
32000 1000 1000 4 32 73 0.0186636 1
32000 1000 1000 8 8 32 0.00825765 1
32000 1000 1000 8 16 48 0.0116711 1
32000 1000 1000 8 32 81 0.0202513 1
32000 1000 1000 16 16 64 0.016766 1
32000 1000 1000 16 32 97 0.0259655 1
32000 1000 1000 32 32 66 0.0177419 1
32000 2000 1000 1 1 4 0.00122321 1
32000 2000 1000 1 2 6 0.00188705 1
32000 2000 1000 1 4 10 0.00317342 1
32000 2000 1000 1 8 18 0.00441352 1
32000 2000 1000 1 16 33 0.00837406 1
32000 2000 1000 1 32 65 0.0184409 1
32000 2000 1000 2 2 8 0.0021266 1
32000 2000 1000 2 4 12 0.00301127 1
32000 2000 1000 2 8 20 0.00532763 1
32000 2000 1000 2 16 36 0.00932861 1
32000 2000 1000 2 32 69 0.0172861 1
32000 2000 1000 4 4 16 0.00417403 1
32000 2000 1000 4 8 24 0.00592936 1
32000 2000 1000 4 16 40 0.0098575 1
32000 2000 1000 4 32 73 0.0192318 1
32000 2000 1000 8 8 32 0.00879972 1
32000 2000 1000 8 16 48 0.012128 1
32000 2000 1000 8 32 81 0.0199253 1
32000 2000 1000 16 16 63 0.0175409 1
32000 2000 1000 16 32 96 0.0330066 1
32000 2000 1000 32 32 67 0.0177348 1
32000 2000 2000 1 1 4 0.00125173 1
32000 2000 2000 1 2 6 0.00181069 1
32000 2000 2000 1 4 10 0.0025466 1
32000 2000 2000 1 8 17 0.00445503 1
32000 2000 2000 1 16 32 0.00883808 1
32000 2000 2000 2 2 8 0.00218934 1
32000 2000 2000 2 4 12 0.00290798 1
32000 2000 2000 2 8 20 0.00478229 1
32000 2000 2000 2 16 36 0.00846872 1
32000 2000 2000 4 4 16 0.00387489 1
32000 2000 2000 4 8 24 0.00580663 1
32000 2000 2000 4 16 40 0.0103504 1
32000 2000 2000 8 8 32 0.00792431 1
32000 2000 2000 8 16 48 0.0128705 1
32000 2000 2000 16 16 48 0.0119558 1
32000 4000 1000 1 1 4 0.00107169 1
32000 4000 1000 1 2 6 0.00160547 1
32000 4000 1000 1 4 10 0.0026799 1
32000 4000 1000 1 8 18 0.00444242 1
32000 4000 1000 1 16 33 0.00815796 1
32000 4000 1000 1 32 65 0.0161668 1
32000 4000 1000 2 2 8 0.00238166 1
32000 4000 1000 2 4 12 0.00412186 1
32000 4000 1000 2 8 20 0.00498385 1
32000 4000 1000 2 16 36 0.00911297 1
32000 4000 1000 2 32 69 0.0172123 1
32000 4000 1000 4 4 16 0.0042639 1
32000 4000 1000 4 8 24 0.00611626 1
32000 4000 1000 4 16 40 0.0103475 1
32000 4000 1000 4 32 73 0.0186073 1
32000 4000 1000 8 8 31 0.00938064 1
32000 4000 1000 8 16 47 0.012444 1
32000 4000 1000 8 32 80 0.021403 1
32000 4000 1000 16 16 61 0.0215767 1
32000 4000 1000 16 32 94 0.0308604 1
32000 4000 1000 32 32 69 0.0211671 1
32000 4000 2000 1 1 4 0.00118493 1
32000 4000 2000 1 2 6 0.00165442 1
32000 4000 2000 1 4 10 0.00272776 1
32000 4000 2000 1 8 17 0.00445088 1
32000 4000 2000 1 16 32 0.00788248 1
32000 4000 2000 2 2 8 0.0020654 1
32000 4000 2000 2 4 12 0.00302688 1
32000 4000 2000 2 8 20 0.00511286 1
32000 4000 2000 2 16 36 0.00883355 1
32000 4000 2000 4 4 16 0.00426486 1
32000 4000 2000 4 8 24 0.00604166 1
32000 4000 2000 4 16 40 0.0102836 1
32000 4000 2000 8 8 31 0.00847118 1
32000 4000 2000 8 16 47 0.0127845 1
32000 4000 2000 16 16 48 0.0133603 1
32000 4000 4000 1 1 4 0.0011518 1
32000 4000 4000 1 2 6 0.00168373 1
32000 4000 4000 1 4 9 0.0024429 1
32000 4000 4000 1 8 16 0.00406098 1
32000 4000 4000 2 2 8 0.00217953 1
32000 4000 4000 2 4 12 0.00316843 1
32000 4000 4000 2 8 20 0.00502468 1
32000 4000 4000 4 4 16 0.00434432 1
32000 4000 4000 4 8 24 0.00611658 1
32000 4000 4000 8 8 24 0.00657852 1
32000 8000 1000 1 1 4 0.00138033 1
32000 8000 1000 1 2 6 0.00170483 1
32000 8000 1000 1 4 10 0.00299804 1
32000 8000 1000 1 8 18 0.00489067 1
32000 8000 1000 1 16 33 0.00860711 1
32000 8000 1000 1 32 65 0.0172952 1
32000 8000 1000 2 2 8 0.00220508 1
32000 8000 1000 2 4 12 0.00348759 1
32000 8000 1000 2 8 20 0.00576059 1
32000 8000 1000 2 16 36 0.00922987 1
32000 8000 1000 2 32 69 0.0174939 1
32000 8000 1000 4 4 15 0.00620042 2
32000 8000 1000 4 8 23 0.00738021 1
32000 8000 1000 4 16 39 0.0108344 1
32000 8000 1000 4 32 72 0.0226149 1
32000 8000 1000 8 8 30 0.011645 1
32000 8000 1000 8 16 46 0.0151174 1
32000 8000 1000 8 32 79 0.0296909 1
32000 8000 1000 16 16 57 0.0302774 1
32000 8000 1000 16 32 90 0.0494618 1
32000 8000 1000 32 32 73 0.036138 1
32000 8000 2000 1 1 4 0.00115109 1
32000 8000 2000 1 2 6 0.00185206 1
32000 8000 2000 1 4 10 0.0027496 1
32000 8000 2000 1 8 17 0.00477593 1
32000 8000 2000 1 16 32 0.00838274 1
32000 8000 2000 2 2 8 0.00228348 1
32000 8000 2000 2 4 12 0.00336902 1
32000 8000 2000 2 8 20 0.00517582 1
32000 8000 2000 2 16 36 0.00919201 1
32000 8000 2000 4 4 15 0.00445791 1
32000 8000 2000 4 8 23 0.00616513 1
32000 8000 2000 4 16 39 0.0108744 1
32000 8000 2000 8 8 29 0.0113005 1
32000 8000 2000 8 16 45 0.0179518 1
32000 8000 2000 16 16 48 0.0161111 1
32000 8000 4000 1 1 4 0.00147264 1
32000 8000 4000 1 2 6 0.00196204 1
32000 8000 4000 1 4 9 0.00253897 1
32000 8000 4000 1 8 16 0.00478054 1
32000 8000 4000 2 2 8 0.00221182 1
32000 8000 4000 2 4 12 0.00321514 1
32000 8000 4000 2 8 20 0.00514727 1
32000 8000 4000 4 4 15 0.0044958 1
32000 8000 4000 4 8 23 0.00635174 1
32000 8000 4000 8 8 24 0.00675358 1
32000 8000 8000 1 1 4 0.00116116 1
32000 8000 8000 1 2 5 0.00151216 1
32000 8000 8000 1 4 8 0.00205537 1
32000 8000 8000 2 2 8 0.00220962 1
32000 8000 8000 2 4 12 0.00400296 1
32000 8000 8000 4 4 12 0.00319223 1
64000 1000 1000 1 1 4 0.00112178 1
64000 1000 1000 1 2 6 0.00163939 1
64000 1000 1000 1 4 10 0.00253153 1
64000 1000 1000 1 8 18 0.00453893 1
64000 1000 1000 1 16 34 0.00845025 1
64000 1000 1000 1 32 67 0.0166117 1
64000 1000 1000 1 64 129 0.0325963 1
64000 1000 1000 2 2 8 0.00229591 1
64000 1000 1000 2 4 12 0.0030515 1
64000 1000 1000 2 8 20 0.00502066 1
64000 1000 1000 2 16 36 0.00868964 1
64000 1000 1000 2 32 70 0.0168368 1
64000 1000 1000 2 64 133 0.0322876 1
64000 1000 1000 4 4 16 0.00391254 1
64000 1000 1000 4 8 24 0.0056309 1
64000 1000 1000 4 16 40 0.00918984 1
64000 1000 1000 4 32 74 0.0172603 1
64000 1000 1000 4 64 137 0.034027 1
64000 1000 1000 8 8 32 0.007975 1
64000 1000 1000 8 16 48 0.011918 1
64000 1000 1000 8 32 82 0.0200184 1
64000 1000 1000 8 64 145 0.0375486 1
64000 1000 1000 16 16 64 0.0169707 1
64000 1000 1000 16 32 98 0.0248124 1
64000 1000 1000 16 64 161 0.0419197 1
64000 1000 1000 32 32 132 0.0372965 1
64000 1000 1000 32 64 194 0.0522197 1
64000 1000 1000 64 64 130 0.0335184 1
64000 2000 1000 1 1 4 0.00118716 1
64000 2000 1000 1 2 6 0.00160534 1
64000 2000 1000 1 4 10 0.00254301 1
64000 2000 1000 1 8 18 0.00477337 1
64000 2000 1000 1 16 34 0.00831347 1
64000 2000 1000 1 32 67 0.0166879 1
64000 2000 1000 1 64 129 0.0365389 1
64000 2000 1000 2 2 8 0.00269823 1
64000 2000 1000 2 4 12 0.00379998 1
64000 2000 1000 2 8 20 0.0062594 1
64000 2000 1000 2 16 36 0.00909979 1
64000 2000 1000 2 32 70 0.0165228 1
64000 2000 1000 2 64 133 0.0321139 1
64000 2000 1000 4 4 16 0.00403674 1
64000 2000 1000 4 8 24 0.0059546 1
64000 2000 1000 4 16 40 0.0105335 1
64000 2000 1000 4 32 74 0.0208234 1
64000 2000 1000 4 64 137 0.0345534 1
64000 2000 1000 8 8 32 0.0076543 1
64000 2000 1000 8 16 48 0.0119819 1
64000 2000 1000 8 32 82 0.0204746 1
64000 2000 1000 8 64 145 0.0369436 1
64000 2000 1000 16 16 64 0.0175481 1
64000 2000 1000 16 32 98 0.0311784 1
64000 2000 1000 16 64 161 0.0507957 1
64000 2000 1000 32 32 131 0.0432396 1
64000 2000 1000 32 64 193 0.0547593 1
64000 2000 1000 64 64 131 0.0341366 1
64000 2000 2000 1 1 4 0.00108603 1
64000 2000 2000 1 2 6 0.00164749 1
64000 2000 2000 1 4 10 0.00263682 1
64000 2000 2000 1 8 18 0.00427309 1
64000 2000 2000 1 16 33 0.00820599 1
64000 2000 2000 1 32 65 0.015911 1
64000 2000 2000 2 2 8 0.00206841 1
64000 2000 2000 2 4 12 0.00306922 1
64000 2000 2000 2 8 20 0.00498843 1
64000 2000 2000 2 16 36 0.0091423 1
64000 2000 2000 2 32 69 0.0165875 1
64000 2000 2000 4 4 16 0.00407432 1
64000 2000 2000 4 8 24 0.00620221 1
64000 2000 2000 4 16 40 0.0093849 1
64000 2000 2000 4 32 73 0.0180058 1
64000 2000 2000 8 8 32 0.00800675 1
64000 2000 2000 8 16 48 0.011944 1
64000 2000 2000 8 32 81 0.0196892 1
64000 2000 2000 16 16 64 0.0166577 1
64000 2000 2000 16 32 97 0.0246633 1
64000 2000 2000 32 32 66 0.0171305 1
64000 4000 1000 1 1 4 0.00120732 1
64000 4000 1000 1 2 6 0.00177779 1
64000 4000 1000 1 4 10 0.00268343 1
64000 4000 1000 1 8 18 0.00474197 1
64000 4000 1000 1 16 34 0.00866718 1
64000 4000 1000 1 32 67 0.0166254 1
64000 4000 1000 1 64 129 0.0344197 1
64000 4000 1000 2 2 8 0.0024744 1
64000 4000 1000 2 4 12 0.00314112 1
64000 4000 1000 2 8 20 0.00515607 1
64000 4000 1000 2 16 36 0.00916513 1
64000 4000 1000 2 32 70 0.0178738 1
64000 4000 1000 2 64 133 0.0337169 1
64000 4000 1000 4 4 16 0.00423508 1
64000 4000 1000 4 8 24 0.00638901 1
64000 4000 1000 4 16 40 0.0101824 1
64000 4000 1000 4 32 74 0.0181463 1
64000 4000 1000 4 64 137 0.0341162 1
64000 4000 1000 8 8 32 0.00803424 1
64000 4000 1000 8 16 48 0.0121302 1
64000 4000 1000 8 32 82 0.0205321 1
64000 4000 1000 8 64 145 0.0367519 1
64000 4000 1000 16 16 63 0.0217656 1
64000 4000 1000 16 32 97 0.0325647 1
64000 4000 1000 16 64 160 0.0427767 1
64000 4000 1000 32 32 129 0.0437685 1
64000 4000 1000 32 64 191 0.0623229 1
64000 4000 1000 64 64 133 0.0394642 1
64000 4000 2000 1 1 4 0.00113068 1
64000 4000 2000 1 2 6 0.0015868 1
64000 4000 2000 1 4 10 0.00257749 1
64000 4000 2000 1 8 18 0.00438243 1
64000 4000 2000 1 16 33 0.00783692 1
64000 4000 2000 1 32 65 0.0170732 1
64000 4000 2000 2 2 8 0.00235829 1
64000 4000 2000 2 4 12 0.00334571 1
64000 4000 2000 2 8 20 0.00502331 1
64000 4000 2000 2 16 36 0.00858599 1
64000 4000 2000 2 32 69 0.0166899 1
64000 4000 2000 4 4 16 0.0039967 1
64000 4000 2000 4 8 24 0.00599287 1
64000 4000 2000 4 16 40 0.0100739 1
64000 4000 2000 4 32 73 0.0179568 1
64000 4000 2000 8 8 32 0.00806087 1
64000 4000 2000 8 16 48 0.0118781 1
64000 4000 2000 8 32 81 0.0214479 1
64000 4000 2000 16 16 63 0.0174549 1
64000 4000 2000 16 32 96 0.0271626 1
64000 4000 2000 32 32 67 0.0177709 1
64000 4000 4000 1 1 4 0.0011036 1
64000 4000 4000 1 2 6 0.00154191 1
64000 4000 4000 1 4 10 0.00254493 1
64000 4000 4000 1 8 17 0.00424003 1
64000 4000 4000 1 16 32 0.00789475 1
64000 4000 4000 2 2 8 0.00206476 1
64000 4000 4000 2 4 12 0.00297593 1
64000 4000 4000 2 8 20 0.00510964 1
64000 4000 4000 2 16 36 0.00902403 1
64000 4000 4000 4 4 16 0.00481058 1
64000 4000 4000 4 8 24 0.00629969 1
64000 4000 4000 4 16 40 0.0111102 1
64000 4000 4000 8 8 32 0.00898992 1
64000 4000 4000 8 16 48 0.0128813 1
64000 4000 4000 16 16 48 0.013935 1
64000 8000 1000 1 1 4 0.00109934 1
64000 8000 1000 1 2 6 0.00160899 1
64000 8000 1000 1 4 10 0.00288544 1
64000 8000 1000 1 8 18 0.00473689 1
64000 8000 1000 1 16 34 0.00886335 1
64000 8000 1000 1 32 67 0.0190474 1
64000 8000 1000 1 64 129 0.034175 1
64000 8000 1000 2 2 8 0.0025391 1
64000 8000 1000 2 4 12 0.00381437 1
64000 8000 1000 2 8 20 0.00591438 1
64000 8000 1000 2 16 36 0.0096011 1
64000 8000 1000 2 32 70 0.0195063 1
64000 8000 1000 2 64 133 0.0390304 1
64000 8000 1000 4 4 16 0.0060955 1
64000 8000 1000 4 8 24 0.0086384 1
64000 8000 1000 4 16 40 0.0132593 1
64000 8000 1000 4 32 74 0.0214852 1
64000 8000 1000 4 64 137 0.0414515 1
64000 8000 1000 8 8 31 0.00881145 1
64000 8000 1000 8 16 47 0.0155634 1
64000 8000 1000 8 32 81 0.0229245 1
64000 8000 1000 8 64 144 0.0408008 1
64000 8000 1000 16 16 62 0.0252612 1
64000 8000 1000 16 32 96 0.0314474 1
64000 8000 1000 16 64 159 0.0525181 1
64000 8000 1000 32 32 125 0.070713 1
64000 8000 1000 32 64 187 0.0975699 1
64000 8000 1000 64 64 137 0.058047 1
64000 8000 2000 1 1 4 0.00118667 1
64000 8000 2000 1 2 6 0.00166143 1
64000 8000 2000 1 4 10 0.00281556 1
64000 8000 2000 1 8 18 0.00453859 1
64000 8000 2000 1 16 33 0.0078778 1
64000 8000 2000 1 32 65 0.0159063 1
64000 8000 2000 2 2 8 0.00222043 1
64000 8000 2000 2 4 12 0.00329228 1
64000 8000 2000 2 8 20 0.00484388 1
64000 8000 2000 2 16 36 0.00890359 1
64000 8000 2000 2 32 69 0.0182421 1
64000 8000 2000 4 4 16 0.00439567 1
64000 8000 2000 4 8 24 0.0062518 1
64000 8000 2000 4 16 40 0.0104259 1
64000 8000 2000 4 32 73 0.018736 1
64000 8000 2000 8 8 31 0.00849902 1
64000 8000 2000 8 16 47 0.0131234 1
64000 8000 2000 8 32 80 0.0218816 1
64000 8000 2000 16 16 61 0.0220353 1
64000 8000 2000 16 32 94 0.0318004 1
64000 8000 2000 32 32 69 0.0212129 1
64000 8000 4000 1 1 4 0.00118426 1
64000 8000 4000 1 2 6 0.00218452 1
64000 8000 4000 1 4 10 0.00264988 1
64000 8000 4000 1 8 17 0.00446722 1
64000 8000 4000 1 16 32 0.00773426 1
64000 8000 4000 2 2 8 0.00244278 1
64000 8000 4000 2 4 12 0.00334735 1
64000 8000 4000 2 8 20 0.0051809 1
64000 8000 4000 2 16 36 0.00915344 1
64000 8000 4000 4 4 16 0.00407145 1
64000 8000 4000 4 8 24 0.00616434 1
64000 8000 4000 4 16 40 0.00977884 1
64000 8000 4000 8 8 31 0.00875175 1
64000 8000 4000 8 16 47 0.0130859 1
64000 8000 4000 16 16 48 0.013149 1
64000 8000 8000 1 1 4 0.00127127 1
64000 8000 8000 1 2 6 0.00165669 1
64000 8000 8000 1 4 9 0.00230543 1
64000 8000 8000 1 8 16 0.00402067 1
64000 8000 8000 2 2 8 0.00217971 1
64000 8000 8000 2 4 12 0.00316976 1
64000 8000 8000 2 8 20 0.00484816 1
64000 8000 8000 4 4 16 0.00436105 1
64000 8000 8000 4 8 24 0.00657208 1
64000 8000 8000 8 8 24 0.00620768 1
