16000 1000 1000 1 1 4 0.000193565 1 0
16000 1000 1000 1 2 6 6.40312e-05 1 0
16000 1000 1000 1 4 10 0.000359018 1 0
16000 1000 1000 1 8 17 0.000521954 1 0
16000 1000 1000 1 16 32 0.00046498 1 0
16000 1000 1000 2 2 8 7.76604e-05 1 0
16000 1000 1000 2 4 12 0.000451267 1 0
16000 1000 1000 2 8 20 0.000712632 1 0
16000 1000 1000 2 16 36 0.000535017 1 0
16000 1000 1000 4 4 16 0.000687828 1 0
16000 1000 1000 4 8 24 0.000892169 1 0
16000 1000 1000 4 16 40 0.000575235 1 0
16000 1000 1000 8 8 32 0.00133013 1 0
16000 1000 1000 8 16 48 0.000830506 1 0
16000 1000 1000 16 16 48 0.000987914 1 0
16000 1000 2000 1 1 4 5.12934e-05 0 1
16000 1000 2000 1 2 6 0.000307635 1 0
16000 1000 2000 1 4 10 0.000165302 1 0
16000 1000 2000 1 8 18 0.000746951 1 0
16000 1000 2000 2 2 8 0.00036179 0 1
16000 1000 2000 2 4 12 0.000185985 0 1
16000 1000 2000 2 8 20 0.000830554 0 1
16000 1000 2000 4 4 16 0.000245673 0 1
16000 1000 2000 4 8 24 0.00101958 0 1
16000 1000 2000 8 8 32 0.00134785 0 1
16000 1000 4000 1 1 4 4.7727e-05 1 0
16000 1000 4000 1 2 6 0.000128114 1 0
16000 1000 4000 2 2 8 0.000159086 1 0
16000 1000 8000 1 1 4 0.000199974 0 1
16000 2000 1000 1 1 4 4.68076e-05 0 1
16000 2000 1000 1 2 6 0.000129134 1 0
16000 2000 1000 1 4 10 0.000159954 0 1
16000 2000 1000 1 8 17 0.000281236 1 0
16000 2000 1000 1 16 32 0.000906831 0 1
16000 2000 1000 2 2 8 0.000134453 1 0
16000 2000 1000 2 4 12 0.000168192 0 1
16000 2000 1000 2 8 20 0.000323413 1 0
16000 2000 1000 2 16 36 0.0012421 0 1
16000 2000 1000 4 4 16 0.000323217 0 1
16000 2000 1000 4 8 24 0.000444088 0 1
16000 2000 1000 4 16 40 0.00148995 0 1
16000 2000 1000 8 8 31 0.000908656 0 1
16000 2000 1000 8 16 47 0.00220725 0 1
16000 2000 1000 16 16 48 0.00253033 0 1
16000 2000 2000 1 1 4 0.000203134 1 0
16000 2000 2000 1 2 6 0.000319178 1 0
16000 2000 2000 1 4 9 0.000394 1 0
16000 2000 2000 1 8 16 0.000381419 1 0
16000 2000 2000 2 2 8 0.000399003 0 1
16000 2000 2000 2 4 12 0.000570872 0 1
16000 2000 2000 2 8 20 0.000483225 0 1
16000 2000 2000 4 4 16 0.00080828 0 1
16000 2000 2000 4 8 24 0.000551322 0 1
16000 2000 2000 8 8 24 0.000573138 1 0
16000 2000 4000 1 1 4 4.79331e-05 1 0
16000 2000 4000 1 2 6 5.74813e-05 0 1
16000 2000 4000 1 4 10 0.000159456 0 1
16000 2000 4000 2 2 8 7.67093e-05 0 1
16000 2000 4000 2 4 12 0.000175657 0 1
16000 2000 4000 4 4 16 0.000246549 0 1
16000 2000 8000 1 1 4 4.62693e-05 0 1
16000 2000 8000 1 2 6 6.28897e-05 0 1
16000 2000 8000 2 2 8 7.07411e-05 0 1
16000 4000 1000 1 1 4 0.000170905 1 0
16000 4000 1000 1 2 6 0.00029837 0 1
16000 4000 1000 1 4 10 0.000339825 0 1
16000 4000 1000 1 8 17 0.00076443 1 0
16000 4000 1000 1 16 32 0.00091531 1 0
16000 4000 1000 2 2 8 0.000358984 0 1
16000 4000 1000 2 4 12 0.000293723 0 1
16000 4000 1000 2 8 20 0.00102679 1 0
16000 4000 1000 2 16 36 0.00127909 1 0
16000 4000 1000 4 4 15 0.000905574 0 1
16000 4000 1000 4 8 23 0.00138435 1 0
16000 4000 1000 4 16 39 0.00174939 1 0
16000 4000 1000 8 8 29 0.00358745 1 0
16000 4000 1000 8 16 45 0.00476773 1 0
16000 4000 1000 16 16 48 0.00580188 1 0
16000 4000 2000 1 1 4 0.000167177 0 1
16000 4000 2000 1 2 6 0.000121297 0 1
16000 4000 2000 1 4 9 0.000333977 0 1
16000 4000 2000 1 8 16 0.000251503 0 1
16000 4000 2000 2 2 8 0.000221423 1 0
16000 4000 2000 2 4 12 0.00054747 1 0
16000 4000 2000 2 8 20 0.000377016 1 0
16000 4000 2000 4 4 15 0.000855813 0 1
16000 4000 2000 4 8 23 0.000639297 0 1
16000 4000 2000 8 8 24 0.000744751 1 0
16000 4000 4000 1 1 4 0.000185508 0 1
16000 4000 4000 1 2 5 0.00021902 0 1
16000 4000 4000 1 4 8 0.000164286 0 1
16000 4000 4000 2 2 8 0.000409795 0 1
16000 4000 4000 2 4 12 0.000262356 0 1
16000 4000 4000 4 4 12 0.000274297 0 1
16000 4000 8000 1 1 4 0.000188173 0 1
16000 4000 8000 1 2 6 9.92376e-05 0 1
16000 4000 8000 2 2 8 9.71348e-05 0 1
16000 8000 1000 1 1 2 0.000121985 0 1
16000 8000 1000 1 2 4 0.00015819 0 1
16000 8000 1000 1 4 8 0.000426154 0 1
16000 8000 1000 1 8 16 0.000525266 1 0
16000 8000 1000 1 16 32 0.0012319 0 1
16000 8000 1000 2 2 7 0.000614286 0 1
16000 8000 1000 2 4 11 0.00113187 0 1
16000 8000 1000 2 8 19 0.00124885 1 0
16000 8000 1000 2 16 35 0.00177703 0 1
16000 8000 1000 4 4 13 0.00181644 0 1
16000 8000 1000 4 8 21 0.00250434 1 1
16000 8000 1000 4 16 37 0.00341833 0 1
16000 8000 1000 8 8 24 0.0136079 1 1
16000 8000 1000 8 16 40 0.0228605 0 1
16000 8000 1000 16 16 48 0.0655924 0 1
16000 8000 2000 1 1 2 0.000109629 1 1
16000 8000 2000 1 2 4 8.07248e-05 0 1
16000 8000 2000 1 4 8 0.000796887 1 1
16000 8000 2000 1 8 16 0.000442862 0 1
16000 8000 2000 2 2 7 0.00019149 0 1
16000 8000 2000 2 4 11 0.00109707 1 0
16000 8000 2000 2 8 19 0.000589668 0 1
16000 8000 2000 4 4 12 0.000891835 0 1
16000 8000 2000 4 8 20 0.00130681 0 1
16000 8000 2000 8 8 24 0.00231788 0 1
16000 8000 4000 1 1 2 0.000119828 1 0
16000 8000 4000 1 2 4 0.00011549 0 1
16000 8000 4000 1 4 8 0.00030801 1 0
16000 8000 4000 2 2 6 0.000307342 0 1
16000 8000 4000 2 4 10 0.000399706 0 1
16000 8000 4000 4 4 12 0.000500028 0 1
16000 8000 8000 1 1 2 4.07767e-05 1 0
16000 8000 8000 1 2 4 0.000104897 0 1
16000 8000 8000 2 2 6 0.000283881 0 1
32000 1000 1000 1 1 4 5.28406e-05 0 1
32000 1000 1000 1 2 6 0.000100105 0 1
32000 1000 1000 1 4 10 0.00029733 0 1
32000 1000 1000 1 8 18 0.000657604 0 1
32000 1000 1000 1 16 33 0.00110093 0 1
32000 1000 1000 1 32 65 0.00232246 0 1
32000 1000 1000 2 2 8 0.000110071 0 1
32000 1000 1000 2 4 12 0.000375944 1 0
32000 1000 1000 2 8 20 0.000773228 0 1
32000 1000 1000 2 16 36 0.0013281 0 1
32000 1000 1000 2 32 69 0.00264985 0 1
32000 1000 1000 4 4 16 0.000573739 0 1
32000 1000 1000 4 8 24 0.000976569 0 1
32000 1000 1000 4 16 40 0.00153067 0 1
32000 1000 1000 4 32 73 0.00280508 0 1
32000 1000 1000 8 8 32 0.0012774 0 1
32000 1000 1000 8 16 48 0.00192819 0 1
32000 1000 1000 8 32 81 0.00335154 0 1
32000 1000 1000 16 16 64 0.00284607 0 1
32000 1000 1000 16 32 97 0.00414886 0 1
32000 1000 1000 32 32 66 0.00255597 0 1
32000 1000 2000 1 1 4 0.000185543 1 0
32000 1000 2000 1 2 6 0.000208017 0 1
32000 1000 2000 1 4 10 0.00037363 1 0
32000 1000 2000 1 8 18 0.000710757 0 1
32000 1000 2000 1 16 34 0.000617196 1 0
32000 1000 2000 2 2 8 0.000316468 0 1
32000 1000 2000 2 4 12 0.000476784 1 0
32000 1000 2000 2 8 20 0.000758192 0 1
32000 1000 2000 2 16 36 0.000598913 1 0
32000 1000 2000 4 4 16 0.000640938 0 1
32000 1000 2000 4 8 24 0.00100807 0 1
32000 1000 2000 4 16 40 0.00072727 0 1
32000 1000 2000 8 8 32 0.00144819 0 1
32000 1000 2000 8 16 48 0.000857516 1 0
32000 1000 2000 16 16 64 0.000936107 0 1
32000 1000 4000 1 1 4 5.39099e-05 0 1
32000 1000 4000 1 2 6 0.000148758 0 1
32000 1000 4000 1 4 10 0.000454697 0 1
32000 1000 4000 2 2 8 0.000159597 1 0
32000 1000 4000 2 4 12 0.000545118 0 1
32000 1000 4000 4 4 16 0.00074535 0 1
32000 1000 8000 1 1 4 5.18758e-05 1 0
32000 1000 8000 1 2 6 0.000142536 1 0
32000 1000 8000 2 2 8 0.000178311 0 1
32000 2000 1000 1 1 4 0.000204971 0 1
32000 2000 1000 1 2 6 0.000289479 0 1
32000 2000 1000 1 4 10 0.000381709 0 1
32000 2000 1000 1 8 18 0.000719189 0 1
32000 2000 1000 1 16 33 0.000670161 0 1
32000 2000 1000 1 32 65 0.00235996 0 1
32000 2000 1000 2 2 8 0.000368406 1 0
32000 2000 1000 2 4 12 0.000444486 0 1
32000 2000 1000 2 8 20 0.000715375 1 0
32000 2000 1000 2 16 36 0.000627527 1 0
32000 2000 1000 2 32 69 0.00245262 1 0
32000 2000 1000 4 4 16 0.000735971 0 1
32000 2000 1000 4 8 24 0.000957171 0 1
32000 2000 1000 4 16 40 0.000710207 0 1
32000 2000 1000 4 32 73 0.00292988 0 1
32000 2000 1000 8 8 32 0.00146703 0 1
32000 2000 1000 8 16 48 0.00101698 0 1
32000 2000 1000 8 32 81 0.00333182 0 1
32000 2000 1000 16 16 63 0.00221869 1 0
32000 2000 1000 16 32 96 0.0054076 1 0
32000 2000 1000 32 32 67 0.00304196 1 0
32000 2000 2000 1 1 4 5.18507e-05 0 1
32000 2000 2000 1 2 6 0.000179374 1 0
32000 2000 2000 1 4 10 0.000125702 1 0
32000 2000 2000 1 8 17 0.000443166 1 0
32000 2000 2000 1 16 32 0.00110267 0 1
32000 2000 2000 2 2 8 0.000259082 0 1
32000 2000 2000 2 4 12 0.000142114 0 1
32000 2000 2000 2 8 20 0.000463766 0 1
32000 2000 2000 2 16 36 0.00124544 0 1
32000 2000 2000 4 4 16 0.000204491 0 1
32000 2000 2000 4 8 24 0.000586299 0 1
32000 2000 2000 4 16 40 0.00153268 0 1
32000 2000 2000 8 8 32 0.000799494 1 0
32000 2000 2000 8 16 48 0.00194065 0 1
32000 2000 2000 16 16 48 0.00217218 0 1
32000 2000 4000 1 1 4 0.000156692 0 1
32000 2000 4000 1 2 6 0.000289414 0 1
32000 2000 4000 1 4 10 0.000377765 0 1
32000 2000 4000 1 8 18 0.000412777 0 1
32000 2000 4000 2 2 8 0.000374391 0 1
32000 2000 4000 2 4 12 0.000455003 0 1
32000 2000 4000 2 8 20 0.00045276 0 1
32000 2000 4000 4 4 16 0.000669931 0 1
32000 2000 4000 4 8 24 0.000462669 0 1
32000 2000 4000 8 8 32 0.000545257 0 1
32000 2000 8000 1 1 4 4.67578e-05 0 1
32000 2000 8000 1 2 6 0.000136004 0 1
32000 2000 8000 2 2 8 0.000140895 0 1
32000 4000 1000 1 1 4 4.7726e-05 0 1
32000 4000 1000 1 2 6 0.000284429 1 0
32000 4000 1000 1 4 10 0.00024163 0 1
32000 4000 1000 1 8 18 0.000576637 0 1
32000 4000 1000 1 16 33 0.00112091 1 0
32000 4000 1000 1 32 65 0.00232026 0 1
32000 4000 1000 2 2 8 0.000381832 0 1
32000 4000 1000 2 4 12 0.000266645 0 1
32000 4000 1000 2 8 20 0.000690602 0 1
32000 4000 1000 2 16 36 0.00127574 0 1
32000 4000 1000 2 32 69 0.00257257 0 1
32000 4000 1000 4 4 16 0.000617866 0 1
32000 4000 1000 4 8 24 0.00097616 0 1
32000 4000 1000 4 16 40 0.00180608 0 1
32000 4000 1000 4 32 73 0.00269303 0 1
32000 4000 1000 8 8 31 0.00173596 0 1
32000 4000 1000 8 16 47 0.00248822 1 0
32000 4000 1000 8 32 80 0.00379354 0 1
32000 4000 1000 16 16 61 0.00793016 1 0
32000 4000 1000 16 32 94 0.0110062 0 1
32000 4000 1000 32 32 69 0.00514975 0 1
32000 4000 2000 1 1 4 7.62631e-05 1 0
32000 4000 2000 1 2 6 0.000298024 1 0
32000 4000 2000 1 4 10 0.000290065 1 0
32000 4000 2000 1 8 17 0.000487706 1 0
32000 4000 2000 1 16 32 0.00112255 1 0
32000 4000 2000 2 2 8 0.000394626 1 0
32000 4000 2000 2 4 12 0.000440397 1 0
32000 4000 2000 2 8 20 0.000675396 1 0
32000 4000 2000 2 16 36 0.00135467 1 0
32000 4000 2000 4 4 16 0.000700284 1 0
32000 4000 2000 4 8 24 0.000886097 1 0
32000 4000 2000 4 16 40 0.00166244 1 0
32000 4000 2000 8 8 31 0.0015666 0 1
32000 4000 2000 8 16 47 0.00237155 0 1
32000 4000 2000 16 16 48 0.00272801 0 1
32000 4000 4000 1 1 4 0.000235627 0 1
32000 4000 4000 1 2 6 6.13151e-05 0 1
32000 4000 4000 1 4 9 0.000251273 0 1
32000 4000 4000 1 8 16 0.000240031 0 1
32000 4000 4000 2 2 8 7.98672e-05 0 1
32000 4000 4000 2 4 12 0.000291984 0 1
32000 4000 4000 2 8 20 0.000288998 0 1
32000 4000 4000 4 4 16 0.00044482 0 1
32000 4000 4000 4 8 24 0.000434121 0 1
32000 4000 4000 8 8 24 0.00046261 0 1
32000 4000 8000 1 1 4 5.03683e-05 0 1
32000 4000 8000 1 2 6 0.000302816 0 1
32000 4000 8000 1 4 10 0.00012647 0 1
32000 4000 8000 2 2 8 0.000392729 1 0
32000 4000 8000 2 4 12 0.000158657 1 0
32000 4000 8000 4 4 16 0.000192703 0 1
32000 8000 1000 1 1 4 0.000161445 0 1
32000 8000 1000 1 2 6 8.66375e-05 0 1
32000 8000 1000 1 4 10 0.000640124 1 0
32000 8000 1000 1 8 18 0.000713489 0 1
32000 8000 1000 1 16 33 0.000600536 1 0
32000 8000 1000 1 32 65 0.00136866 0 1
32000 8000 1000 2 2 8 0.000146525 0 1
32000 8000 1000 2 4 12 0.000898022 1 0
32000 8000 1000 2 8 20 0.000951304 0 1
32000 8000 1000 2 16 36 0.000765219 1 0
32000 8000 1000 2 32 69 0.00155725 0 1
32000 8000 1000 4 4 15 0.00152826 1 0
32000 8000 1000 4 8 23 0.00181768 0 1
32000 8000 1000 4 16 39 0.00118035 1 0
32000 8000 1000 4 32 72 0.0023424 0 1
32000 8000 1000 8 8 30 0.00422966 0 1
32000 8000 1000 8 16 46 0.00432838 0 1
32000 8000 1000 8 32 79 0.00695387 0 1
32000 8000 1000 16 16 57 0.0913561 1 0
32000 8000 1000 16 32 90 0.129395 0 1
32000 8000 1000 32 32 73 0.0507784 0 1
32000 8000 2000 1 1 4 0.000132554 1 0
32000 8000 2000 1 2 6 0.00033497 0 1
32000 8000 2000 1 4 10 0.00049826 0 1
32000 8000 2000 1 8 17 0.000296215 0 1
32000 8000 2000 1 16 32 0.00074241 0 1
32000 8000 2000 2 2 8 0.000418504 0 1
32000 8000 2000 2 4 12 0.000620183 0 1
32000 8000 2000 2 8 20 0.000380689 0 1
32000 8000 2000 2 16 36 0.00103346 0 1
32000 8000 2000 4 4 15 0.00136991 0 1
32000 8000 2000 4 8 23 0.000747619 0 1
32000 8000 2000 4 16 39 0.00127061 0 1
32000 8000 2000 8 8 29 0.00291698 0 1
32000 8000 2000 8 16 45 0.00403244 0 1
32000 8000 2000 16 16 48 0.00495171 0 1
32000 8000 4000 1 1 4 5.99957e-05 0 1
32000 8000 4000 1 2 6 0.00022576 0 1
32000 8000 4000 1 4 9 0.000330312 0 1
32000 8000 4000 1 8 16 0.000554802 0 1
32000 8000 4000 2 2 8 0.00019414 0 1
32000 8000 4000 2 4 12 0.000475561 0 1
32000 8000 4000 2 8 20 0.000805331 0 1
32000 8000 4000 4 4 15 0.000842546 0 1
32000 8000 4000 4 8 23 0.00132358 0 1
32000 8000 4000 8 8 24 0.00137088 0 1
32000 8000 8000 1 1 4 5.71951e-05 0 1
32000 8000 8000 1 2 5 0.000131329 0 1
32000 8000 8000 1 4 8 0.000114389 0 1
32000 8000 8000 2 2 8 0.000206807 0 1
32000 8000 8000 2 4 12 0.000191462 0 1
32000 8000 8000 4 4 12 0.000209585 0 1
64000 1000 1000 1 1 4 0.000205091 0 1
64000 1000 1000 1 2 6 6.49994e-05 0 1
64000 1000 1000 1 4 10 0.000162962 0 1
64000 1000 1000 1 8 18 0.000804094 0 1
64000 1000 1000 1 16 34 0.00116047 0 1
64000 1000 1000 1 32 67 0.00261548 0 1
64000 1000 1000 1 64 129 0.00229026 0 1
64000 1000 1000 2 2 8 8.08323e-05 1 0
64000 1000 1000 2 4 12 0.000168337 0 1
64000 1000 1000 2 8 20 0.000870428 1 0
64000 1000 1000 2 16 36 0.00132405 1 0
64000 1000 1000 2 32 70 0.00264614 1 0
64000 1000 1000 2 64 133 0.00243237 0 1
64000 1000 1000 4 4 16 0.000211849 0 1
64000 1000 1000 4 8 24 0.000944383 1 0
64000 1000 1000 4 16 40 0.00139557 1 0
64000 1000 1000 4 32 74 0.00297178 1 0
64000 1000 1000 4 64 137 0.00258607 0 1
64000 1000 1000 8 8 32 0.00146706 0 1
64000 1000 1000 8 16 48 0.00194966 0 1
64000 1000 1000 8 32 82 0.0033949 0 1
64000 1000 1000 8 64 145 0.00276012 0 1
64000 1000 1000 16 16 64 0.00274016 0 1
64000 1000 1000 16 32 98 0.00385013 0 1
64000 1000 1000 16 64 161 0.00280391 0 1
64000 1000 1000 32 32 132 0.00602803 1 0
64000 1000 1000 32 64 194 0.00411735 0 1
64000 1000 1000 64 64 130 0.00295624 0 1
64000 1000 2000 1 1 4 5.1481e-05 0 1
64000 1000 2000 1 2 6 0.000285969 1 0
64000 1000 2000 1 4 10 0.000236478 1 0
64000 1000 2000 1 8 18 0.000333108 1 0
64000 1000 2000 1 16 34 0.000666334 0 1
64000 1000 2000 1 32 67 0.00252717 0 1
64000 1000 2000 2 2 8 0.000363729 0 1
64000 1000 2000 2 4 12 0.000252491 0 1
64000 1000 2000 2 8 20 0.000351543 0 1
64000 1000 2000 2 16 36 0.000733678 0 1
64000 1000 2000 2 32 69 0.00239973 0 1
64000 1000 2000 4 4 16 0.000287969 1 0
64000 1000 2000 4 8 24 0.000383088 1 0
64000 1000 2000 4 16 40 0.000696811 0 1
64000 1000 2000 4 32 73 0.00265977 0 1
64000 1000 2000 8 8 32 0.000431891 1 0
64000 1000 2000 8 16 48 0.000738385 0 1
64000 1000 2000 8 32 81 0.00311011 0 1
64000 1000 2000 16 16 64 0.00105663 0 1
64000 1000 2000 16 32 97 0.0040427 0 1
64000 1000 2000 32 32 131 0.00534038 0 1
64000 1000 4000 1 1 4 8.4534e-05 0 1
64000 1000 4000 1 2 6 5.6993e-05 0 1
64000 1000 4000 1 4 10 0.000361622 1 0
64000 1000 4000 1 8 18 0.000280265 0 1
64000 1000 4000 2 2 8 7.44357e-05 0 1
64000 1000 4000 2 4 12 0.000502296 1 0
64000 1000 4000 2 8 20 0.000304822 0 1
64000 1000 4000 4 4 16 0.000713471 1 0
64000 1000 4000 4 8 24 0.000355768 0 1
64000 1000 4000 8 8 32 0.00040255 0 1
64000 1000 8000 1 1 4 4.92409e-05 0 1
64000 1000 8000 1 2 6 0.000131662 0 1
64000 1000 8000 1 4 10 0.000340087 0 1
64000 1000 8000 2 2 8 0.00014323 1 0
64000 1000 8000 2 4 12 0.000421102 1 0
64000 1000 8000 4 4 16 0.00058852 0 1
64000 2000 1000 1 1 4 4.61838e-05 0 1
64000 2000 1000 1 2 6 0.000112398 0 1
64000 2000 1000 1 4 10 0.00031216 0 1
64000 2000 1000 1 8 18 0.000680644 0 1
64000 2000 1000 1 16 34 0.00141946 0 1
64000 2000 1000 1 32 67 0.00267219 0 1
64000 2000 1000 1 64 129 0.00229709 0 1
64000 2000 1000 2 2 8 0.000132751 0 1
64000 2000 1000 2 4 12 0.000332542 1 0
64000 2000 1000 2 8 20 0.000856341 1 0
64000 2000 1000 2 16 36 0.00166521 1 0
64000 2000 1000 2 32 70 0.00271475 1 0
64000 2000 1000 2 64 133 0.00242475 0 1
64000 2000 1000 4 4 16 0.000358606 1 0
64000 2000 1000 4 8 24 0.000980846 1 0
64000 2000 1000 4 16 40 0.00170439 1 0
64000 2000 1000 4 32 74 0.00307431 1 0
64000 2000 1000 4 64 137 0.00251671 0 1
64000 2000 1000 8 8 32 0.00139869 1 0
64000 2000 1000 8 16 48 0.00217911 1 0
64000 2000 1000 8 32 82 0.00337737 1 0
64000 2000 1000 8 64 145 0.00255817 0 1
64000 2000 1000 16 16 64 0.0029788 1 0
64000 2000 1000 16 32 98 0.00451833 1 0
64000 2000 1000 16 64 161 0.00331158 0 1
64000 2000 1000 32 32 131 0.00766458 0 1
64000 2000 1000 32 64 193 0.00579637 0 1
64000 2000 1000 64 64 131 0.00342207 0 1
64000 2000 2000 1 1 4 0.000160127 0 1
64000 2000 2000 1 2 6 6.63662e-05 0 1
64000 2000 2000 1 4 10 0.000274944 1 0
64000 2000 2000 1 8 18 0.000629934 1 0
64000 2000 2000 1 16 33 0.00119547 1 0
64000 2000 2000 1 32 65 0.00207395 0 1
64000 2000 2000 2 2 8 9.82202e-05 0 1
64000 2000 2000 2 4 12 0.000301479 0 1
64000 2000 2000 2 8 20 0.000683338 0 1
64000 2000 2000 2 16 36 0.00132585 0 1
64000 2000 2000 2 32 69 0.00223796 0 1
64000 2000 2000 4 4 16 0.000321331 1 0
64000 2000 2000 4 8 24 0.000860869 1 0
64000 2000 2000 4 16 40 0.00150737 1 0
64000 2000 2000 4 32 73 0.0026718 0 1
64000 2000 2000 8 8 32 0.00133025 1 0
64000 2000 2000 8 16 48 0.00198947 1 0
64000 2000 2000 8 32 81 0.00313581 0 1
64000 2000 2000 16 16 64 0.00299392 1 0
64000 2000 2000 16 32 97 0.00406016 0 1
64000 2000 2000 32 32 66 0.00230844 0 1
64000 2000 4000 1 1 4 0.000156047 0 1
64000 2000 4000 1 2 6 5.59935e-05 0 1
64000 2000 4000 1 4 10 0.000389715 0 1
64000 2000 4000 1 8 18 0.000257529 0 1
64000 2000 4000 1 16 34 0.000508154 0 1
64000 2000 4000 2 2 8 7.19827e-05 0 1
64000 2000 4000 2 4 12 0.000493054 0 1
64000 2000 4000 2 8 20 0.000226832 0 1
64000 2000 4000 2 16 36 0.000568806 0 1
64000 2000 4000 4 4 16 0.00076773 0 1
64000 2000 4000 4 8 24 0.000312652 0 1
64000 2000 4000 4 16 40 0.000625977 0 1
64000 2000 4000 8 8 32 0.00037695 1 0
64000 2000 4000 8 16 48 0.000763684 1 0
64000 2000 4000 16 16 64 0.000859021 0 1
64000 2000 8000 1 1 4 5.3795e-05 0 1
64000 2000 8000 1 2 6 7.71791e-05 0 1
64000 2000 8000 1 4 10 0.000215341 1 0
64000 2000 8000 2 2 8 8.68763e-05 0 1
64000 2000 8000 2 4 12 0.000221115 1 0
64000 2000 8000 4 4 16 0.000237827 0 1
64000 4000 1000 1 1 4 0.0001535 0 1
64000 4000 1000 1 2 6 0.000114348 0 1
64000 4000 1000 1 4 10 0.000511643 0 1
64000 4000 1000 1 8 18 0.000276458 0 1
64000 4000 1000 1 16 34 0.000807049 0 1
64000 4000 1000 1 32 67 0.00223905 0 1
64000 4000 1000 1 64 129 0.00486588 0 1
64000 4000 1000 2 2 8 0.000127575 0 1
64000 4000 1000 2 4 12 0.000583873 0 1
64000 4000 1000 2 8 20 0.000324951 0 1
64000 4000 1000 2 16 36 0.00083518 0 1
64000 4000 1000 2 32 70 0.00258451 0 1
64000 4000 1000 2 64 133 0.00504192 0 1
64000 4000 1000 4 4 16 0.000798192 0 1
64000 4000 1000 4 8 24 0.000347616 0 1
64000 4000 1000 4 16 40 0.000845911 0 1
64000 4000 1000 4 32 74 0.00266691 0 1
64000 4000 1000 4 64 137 0.00537318 0 1
64000 4000 1000 8 8 32 0.000595376 0 1
64000 4000 1000 8 16 48 0.00115046 1 0
64000 4000 1000 8 32 82 0.00332704 1 0
64000 4000 1000 8 64 145 0.0060604 1 0
64000 4000 1000 16 16 63 0.00219844 0 1
64000 4000 1000 16 32 97 0.00537987 0 1
64000 4000 1000 16 64 160 0.00843367 0 1
64000 4000 1000 32 32 129 0.0166887 1 0
64000 4000 1000 32 64 191 0.0229073 1 0
64000 4000 1000 64 64 133 0.00996445 1 0
64000 4000 2000 1 1 4 0.000197143 0 1
64000 4000 2000 1 2 6 0.000217417 0 1
64000 4000 2000 1 4 10 0.000380275 0 1
64000 4000 2000 1 8 18 0.000598772 0 1
64000 4000 2000 1 16 33 0.000627975 0 1
64000 4000 2000 1 32 65 0.00112769 0 1
64000 4000 2000 2 2 8 0.0004084 0 1
64000 4000 2000 2 4 12 0.000501418 0 1
64000 4000 2000 2 8 20 0.000693185 0 1
64000 4000 2000 2 16 36 0.000724717 0 1
64000 4000 2000 2 32 69 0.0012133 0 1
64000 4000 2000 4 4 16 0.0006545 0 1
64000 4000 2000 4 8 24 0.000820183 0 1
64000 4000 2000 4 16 40 0.000692216 0 1
64000 4000 2000 4 32 73 0.00120729 0 1
64000 4000 2000 8 8 32 0.00132267 0 1
64000 4000 2000 8 16 48 0.000936112 1 0
64000 4000 2000 8 32 81 0.00156175 0 1
64000 4000 2000 16 16 63 0.00209462 0 1
64000 4000 2000 16 32 96 0.00291728 0 1
64000 4000 2000 32 32 67 0.00162547 0 1
64000 4000 4000 1 1 4 0.000204122 1 0
64000 4000 4000 1 2 6 0.000226158 0 1
64000 4000 4000 1 4 10 0.000388393 1 0
64000 4000 4000 1 8 17 0.00027652 1 0
64000 4000 4000 1 16 32 0.000581852 0 1
64000 4000 4000 2 2 8 0.000279946 0 1
64000 4000 4000 2 4 12 0.000493392 0 1
64000 4000 4000 2 8 20 0.000300084 0 1
64000 4000 4000 2 16 36 0.000592274 0 1
64000 4000 4000 4 4 16 0.000656661 0 1
64000 4000 4000 4 8 24 0.000358415 0 1
64000 4000 4000 4 16 40 0.000642129 0 1
64000 4000 4000 8 8 32 0.000561544 0 1
64000 4000 4000 8 16 48 0.00095147 0 1
64000 4000 4000 16 16 48 0.00108332 0 1
64000 4000 8000 1 1 4 0.000153049 0 1
64000 4000 8000 1 2 6 6.0877e-05 0 1
64000 4000 8000 1 4 10 0.000226853 1 0
64000 4000 8000 1 8 18 0.000212699 0 1
64000 4000 8000 2 2 8 8.70233e-05 0 1
64000 4000 8000 2 4 12 0.000252649 1 0
64000 4000 8000 2 8 20 0.000234998 0 1
64000 4000 8000 4 4 16 0.000285261 1 0
64000 4000 8000 4 8 24 0.000278664 0 1
64000 4000 8000 8 8 32 0.000379847 0 1
64000 8000 1000 1 1 4 0.000235578 1 0
64000 8000 1000 1 2 6 0.000256398 0 1
64000 8000 1000 1 4 10 0.000403433 0 1
64000 8000 1000 1 8 18 0.000656954 0 1
64000 8000 1000 1 16 34 0.00091943 0 1
64000 8000 1000 1 32 67 0.00161763 0 1
64000 8000 1000 1 64 129 0.00492873 1 0
64000 8000 1000 2 2 8 0.000339274 0 1
64000 8000 1000 2 4 12 0.000382374 0 1
64000 8000 1000 2 8 20 0.000625854 0 1
64000 8000 1000 2 16 36 0.000997078 0 1
64000 8000 1000 2 32 70 0.00162366 0 1
64000 8000 1000 2 64 133 0.00533345 1 0
64000 8000 1000 4 4 16 0.000603377 0 1
64000 8000 1000 4 8 24 0.000816298 0 1
64000 8000 1000 4 16 40 0.0011929 0 1
64000 8000 1000 4 32 74 0.00191255 0 1
64000 8000 1000 4 64 137 0.00578209 1 0
64000 8000 1000 8 8 31 0.0012418 0 1
64000 8000 1000 8 16 47 0.00171129 0 1
64000 8000 1000 8 32 81 0.00272642 0 1
64000 8000 1000 8 64 144 0.00734196 1 0
64000 8000 1000 16 16 62 0.00650434 0 1
64000 8000 1000 16 32 96 0.00956349 0 1
64000 8000 1000 16 64 159 0.0172989 0 1
64000 8000 1000 32 32 125 0.230523 0 1
64000 8000 1000 32 64 187 0.313525 1 0
64000 8000 1000 64 64 137 0.102692 1 0
64000 8000 2000 1 1 4 4.94552e-05 0 1
64000 8000 2000 1 2 6 0.000289331 1 0
64000 8000 2000 1 4 10 0.000285072 0 1
64000 8000 2000 1 8 18 0.000361565 0 1
64000 8000 2000 1 16 33 0.00110876 1 0
64000 8000 2000 1 32 65 0.00239293 1 0
64000 8000 2000 2 2 8 0.000390109 1 0
64000 8000 2000 2 4 12 0.000321987 0 1
64000 8000 2000 2 8 20 0.000372203 0 1
64000 8000 2000 2 16 36 0.00124232 1 0
64000 8000 2000 2 32 69 0.00286334 1 0
64000 8000 2000 4 4 16 0.00088171 0 1
64000 8000 2000 4 8 24 0.000640019 0 1
64000 8000 2000 4 16 40 0.00144453 0 1
64000 8000 2000 4 32 73 0.00305522 0 1
64000 8000 2000 8 8 31 0.000998741 0 1
64000 8000 2000 8 16 47 0.00238191 1 0
64000 8000 2000 8 32 80 0.00408863 1 0
64000 8000 2000 16 16 61 0.00763181 0 1
64000 8000 2000 16 32 94 0.0109173 0 1
64000 8000 2000 32 32 69 0.00503833 1 0
64000 8000 4000 1 1 4 0.000158989 0 1
64000 8000 4000 1 2 6 0.000303892 0 1
64000 8000 4000 1 4 10 0.000311749 0 1
64000 8000 4000 1 8 17 0.000494028 0 1
64000 8000 4000 1 16 32 0.000522799 0 1
64000 8000 4000 2 2 8 0.000406494 1 0
64000 8000 4000 2 4 12 0.000403359 0 1
64000 8000 4000 2 8 20 0.000602323 0 1
64000 8000 4000 2 16 36 0.000542364 0 1
64000 8000 4000 4 4 16 0.000611611 0 1
64000 8000 4000 4 8 24 0.000920894 0 1
64000 8000 4000 4 16 40 0.000788123 0 1
64000 8000 4000 8 8 31 0.00155222 0 1
64000 8000 4000 8 16 47 0.00132579 0 1
64000 8000 4000 16 16 48 0.00149157 0 1
64000 8000 8000 1 1 4 4.91757e-05 0 1
64000 8000 8000 1 2 6 6.13578e-05 0 1
64000 8000 8000 1 4 9 0.000195585 1 0
64000 8000 8000 1 8 16 0.000388617 1 0
64000 8000 8000 2 2 8 7.87895e-05 0 1
64000 8000 8000 2 4 12 0.000242236 0 1
64000 8000 8000 2 8 20 0.000430952 0 1
64000 8000 8000 4 4 16 0.000379732 0 1
64000 8000 8000 4 8 24 0.00059434 0 1
64000 8000 8000 8 8 24 0.000608501 1 0
