32000 1000 1000 1 1 4 0.000376147
32000 1000 1000 1 2 6 0.000623966
32000 1000 1000 1 4 10 0.000885039
32000 1000 1000 1 8 18 0.00173873
32000 1000 1000 1 16 33 0.00283277
32000 1000 1000 1 32 66 0.0057901
32000 1000 1000 2 2 8 0.000705776
32000 1000 1000 2 4 12 0.0010736
32000 1000 1000 2 8 20 0.00176113
32000 1000 1000 2 16 36 0.00327446
32000 1000 1000 2 32 70 0.00689052
32000 1000 1000 4 4 16 0.00150283
32000 1000 1000 4 8 24 0.00236579
32000 1000 1000 4 16 40 0.00388265
32000 1000 1000 4 32 74 0.006962
32000 1000 1000 8 8 32 0.0029453
32000 1000 1000 8 16 48 0.00431518
32000 1000 1000 8 32 82 0.00774748
32000 1000 1000 16 16 64 0.00615293
32000 1000 1000 16 32 98 0.0093877
32000 1000 1000 32 32 67 0.0061655
32000 1000 2000 1 1 4 0.000460277
32000 1000 2000 1 2 6 0.000644979
32000 1000 2000 1 4 10 0.000946173
32000 1000 2000 1 8 18 0.00168472
32000 1000 2000 1 16 34 0.00274366
32000 1000 2000 2 2 8 0.000772031
32000 1000 2000 2 4 12 0.00102893
32000 1000 2000 2 8 20 0.00195679
32000 1000 2000 2 16 36 0.00324407
32000 1000 2000 4 4 16 0.00151593
32000 1000 2000 4 8 24 0.002189
32000 1000 2000 4 16 40 0.00330956
32000 1000 2000 8 8 32 0.00283792
32000 1000 2000 8 16 48 0.00429862
32000 1000 2000 16 16 64 0.00636183
32000 1000 4000 1 1 4 0.000419777
32000 1000 4000 1 2 6 0.000645334
32000 1000 4000 1 4 10 0.00101862
32000 1000 4000 2 2 8 0.000845289
32000 1000 4000 2 4 12 0.00111987
32000 1000 4000 4 4 16 0.00157739
32000 1000 8000 1 1 4 0.000370434
32000 1000 8000 1 2 6 0.000557739
32000 1000 8000 2 2 8 0.000703499
32000 2000 1000 1 1 4 0.000368091
32000 2000 1000 1 2 6 0.000582847
32000 2000 1000 1 4 10 0.000900367
32000 2000 1000 1 8 18 0.0017145
32000 2000 1000 1 16 33 0.0030894
32000 2000 1000 1 32 66 0.00660281
32000 2000 1000 2 2 8 0.000813778
32000 2000 1000 2 4 12 0.00110129
32000 2000 1000 2 8 20 0.00182533
32000 2000 1000 2 16 36 0.00300551
32000 2000 1000 2 32 70 0.00629253
32000 2000 1000 4 4 16 0.00144233
32000 2000 1000 4 8 24 0.00206786
32000 2000 1000 4 16 40 0.00340451
32000 2000 1000 4 32 74 0.00668901
32000 2000 1000 8 8 32 0.00305981
32000 2000 1000 8 16 48 0.00437382
32000 2000 1000 8 32 82 0.00736695
32000 2000 1000 16 16 63 0.00638715
32000 2000 1000 16 32 97 0.012569
32000 2000 1000 32 32 68 0.00581751
32000 2000 2000 1 1 4 0.000395325
32000 2000 2000 1 2 6 0.000549749
32000 2000 2000 1 4 10 0.000846908
32000 2000 2000 1 8 17 0.00161816
32000 2000 2000 1 16 32 0.00333575
32000 2000 2000 2 2 8 0.000781337
32000 2000 2000 2 4 12 0.00118185
32000 2000 2000 2 8 20 0.00170712
32000 2000 2000 2 16 36 0.00318003
32000 2000 2000 4 4 16 0.0013511
32000 2000 2000 4 8 24 0.00224268
32000 2000 2000 4 16 40 0.00354712
32000 2000 2000 8 8 32 0.00299988
32000 2000 2000 8 16 48 0.00478431
32000 2000 2000 16 16 48 0.00430627
32000 2000 4000 1 1 4 0.00035976
32000 2000 4000 1 2 6 0.000509473
32000 2000 4000 1 4 10 0.000848231
32000 2000 4000 1 8 18 0.00176537
32000 2000 4000 2 2 8 0.000859449
32000 2000 4000 2 4 12 0.00120774
32000 2000 4000 2 8 20 0.00205699
32000 2000 4000 4 4 16 0.00132982
32000 2000 4000 4 8 24 0.00212665
32000 2000 4000 8 8 32 0.00293954
32000 2000 8000 1 1 4 0.000430311
32000 2000 8000 1 2 6 0.000659545
32000 2000 8000 2 2 8 0.000817617
32000 4000 1000 1 1 4 0.000402319
32000 4000 1000 1 2 6 0.000542016
32000 4000 1000 1 4 10 0.000886233
32000 4000 1000 1 8 18 0.00163814
32000 4000 1000 1 16 33 0.00302358
32000 4000 1000 1 32 66 0.00570397
32000 4000 1000 2 2 8 0.00072187
32000 4000 1000 2 4 12 0.00102858
32000 4000 1000 2 8 20 0.0016299
32000 4000 1000 2 16 36 0.00332787
32000 4000 1000 2 32 70 0.00617457
32000 4000 1000 4 4 16 0.0015595
32000 4000 1000 4 8 24 0.00208957
32000 4000 1000 4 16 40 0.00352772
32000 4000 1000 4 32 74 0.00686909
32000 4000 1000 8 8 31 0.00316657
32000 4000 1000 8 16 47 0.00451866
32000 4000 1000 8 32 81 0.00782639
32000 4000 1000 16 16 61 0.00809251
32000 4000 1000 16 32 95 0.0112291
32000 4000 1000 32 32 70 0.00811421
32000 4000 2000 1 1 4 0.000414871
32000 4000 2000 1 2 6 0.000615158
32000 4000 2000 1 4 10 0.000972866
32000 4000 2000 1 8 17 0.0016626
32000 4000 2000 1 16 32 0.00286194
32000 4000 2000 2 2 8 0.00067747
32000 4000 2000 2 4 12 0.0009862
32000 4000 2000 2 8 20 0.00174636
32000 4000 2000 2 16 36 0.00302765
32000 4000 2000 4 4 16 0.00138273
32000 4000 2000 4 8 24 0.00223803
32000 4000 2000 4 16 40 0.00378529
32000 4000 2000 8 8 31 0.00336089
32000 4000 2000 8 16 47 0.00493282
32000 4000 2000 16 16 48 0.00504517
32000 4000 4000 1 1 4 0.000414684
32000 4000 4000 1 2 6 0.000560814
32000 4000 4000 1 4 9 0.000897059
32000 4000 4000 1 8 16 0.00143449
32000 4000 4000 2 2 8 0.000757846
32000 4000 4000 2 4 12 0.00106875
32000 4000 4000 2 8 20 0.00170045
32000 4000 4000 4 4 16 0.00154888
32000 4000 4000 4 8 24 0.00216407
32000 4000 4000 8 8 24 0.00236163
32000 4000 8000 1 1 4 0.000398828
32000 4000 8000 1 2 6 0.00052947
32000 4000 8000 1 4 10 0.000872959
32000 4000 8000 2 2 8 0.000782761
32000 4000 8000 2 4 12 0.00117814
32000 4000 8000 4 4 16 0.00153474
32000 8000 1000 1 1 4 0.00045916
32000 8000 1000 1 2 6 0.000573235
32000 8000 1000 1 4 10 0.00106681
32000 8000 1000 1 8 18 0.00191253
32000 8000 1000 1 16 33 0.00309701
32000 8000 1000 1 32 66 0.00576267
32000 8000 1000 2 2 8 0.000907574
32000 8000 1000 2 4 12 0.00157736
32000 8000 1000 2 8 20 0.00202715
32000 8000 1000 2 16 36 0.003418
32000 8000 1000 2 32 70 0.00663307
32000 8000 1000 4 4 15 0.00244827
32000 8000 1000 4 8 23 0.00249341
32000 8000 1000 4 16 39 0.00390374
32000 8000 1000 4 32 73 0.00813374
32000 8000 1000 8 8 30 0.00439041
32000 8000 1000 8 16 46 0.00530902
32000 8000 1000 8 32 80 0.0111769
32000 8000 1000 16 16 57 0.0127226
32000 8000 1000 16 32 91 0.0193499
32000 8000 1000 32 32 74 0.0135862
32000 8000 2000 1 1 4 0.000388302
32000 8000 2000 1 2 6 0.000571555
32000 8000 2000 1 4 10 0.000947117
32000 8000 2000 1 8 17 0.00155354
32000 8000 2000 1 16 32 0.00269488
32000 8000 2000 2 2 8 0.00077518
32000 8000 2000 2 4 12 0.00119303
32000 8000 2000 2 8 20 0.00177802
32000 8000 2000 2 16 36 0.00346652
32000 8000 2000 4 4 15 0.0016352
32000 8000 2000 4 8 23 0.00245811
32000 8000 2000 4 16 39 0.00344906
32000 8000 2000 8 8 29 0.00408664
32000 8000 2000 8 16 45 0.00633377
32000 8000 2000 16 16 48 0.00628515
32000 8000 4000 1 1 4 0.000507667
32000 8000 4000 1 2 6 0.000712419
32000 8000 4000 1 4 9 0.000767319
32000 8000 4000 1 8 16 0.00165876
32000 8000 4000 2 2 8 0.000889434
32000 8000 4000 2 4 12 0.0012467
32000 8000 4000 2 8 20 0.00192272
32000 8000 4000 4 4 15 0.00145252
32000 8000 4000 4 8 23 0.00234599
32000 8000 4000 8 8 24 0.00273459
32000 8000 8000 1 1 4 0.00043654
32000 8000 8000 1 2 5 0.000525264
32000 8000 8000 1 4 8 0.000799963
32000 8000 8000 2 2 8 0.000832471
32000 8000 8000 2 4 12 0.00142687
32000 8000 8000 4 4 12 0.00109032
64000 1000 1000 1 1 4 0.000442555
64000 1000 1000 1 2 6 0.000552504
64000 1000 1000 1 4 10 0.00088244
64000 1000 1000 1 8 18 0.00165118
64000 1000 1000 1 16 34 0.00308822
64000 1000 1000 1 32 67 0.00559448
64000 1000 1000 1 64 130 0.0113167
64000 1000 1000 2 2 8 0.000768042
64000 1000 1000 2 4 12 0.00118023
64000 1000 1000 2 8 20 0.00179595
64000 1000 1000 2 16 36 0.00311242
64000 1000 1000 2 32 70 0.00630936
64000 1000 1000 2 64 134 0.0110064
64000 1000 1000 4 4 16 0.00141866
64000 1000 1000 4 8 24 0.00214535
64000 1000 1000 4 16 40 0.0033649
64000 1000 1000 4 32 74 0.006655
64000 1000 1000 4 64 138 0.0118008
64000 1000 1000 8 8 32 0.00280642
64000 1000 1000 8 16 48 0.00385901
64000 1000 1000 8 32 82 0.00681015
64000 1000 1000 8 64 146 0.0123546
64000 1000 1000 16 16 64 0.00579944
64000 1000 1000 16 32 98 0.00890687
64000 1000 1000 16 64 162 0.0148327
64000 1000 1000 32 32 132 0.0116357
64000 1000 1000 32 64 195 0.0178411
64000 1000 1000 64 64 131 0.0122095
64000 1000 2000 1 1 4 0.000413068
64000 1000 2000 1 2 6 0.000550762
64000 1000 2000 1 4 10 0.000885889
64000 1000 2000 1 8 18 0.00160873
64000 1000 2000 1 16 34 0.00300125
64000 1000 2000 1 32 68 0.00589888
64000 1000 2000 2 2 8 0.000787344
64000 1000 2000 2 4 12 0.00130291
64000 1000 2000 2 8 20 0.00198888
64000 1000 2000 2 16 36 0.00313481
64000 1000 2000 2 32 70 0.00629689
64000 1000 2000 4 4 16 0.00152546
64000 1000 2000 4 8 24 0.0022557
64000 1000 2000 4 16 40 0.00345046
64000 1000 2000 4 32 74 0.00645767
64000 1000 2000 8 8 32 0.00293237
64000 1000 2000 8 16 48 0.00430987
64000 1000 2000 8 32 82 0.00723888
64000 1000 2000 16 16 64 0.0053341
64000 1000 2000 16 32 98 0.00875955
64000 1000 2000 32 32 132 0.0118356
64000 1000 4000 1 1 4 0.000408552
64000 1000 4000 1 2 6 0.00058212
64000 1000 4000 1 4 10 0.000971834
64000 1000 4000 1 8 18 0.00162603
64000 1000 4000 2 2 8 0.000799056
64000 1000 4000 2 4 12 0.00118813
64000 1000 4000 2 8 20 0.00185799
64000 1000 4000 4 4 16 0.00130285
64000 1000 4000 4 8 24 0.00198535
64000 1000 4000 8 8 32 0.00286043
64000 1000 8000 1 1 4 0.000468732
64000 1000 8000 1 2 6 0.000662091
64000 1000 8000 1 4 10 0.000937154
64000 1000 8000 2 2 8 0.000837439
64000 1000 8000 2 4 12 0.00102557
64000 1000 8000 4 4 16 0.00148353
64000 2000 1000 1 1 4 0.00042529
64000 2000 1000 1 2 6 0.000664837
64000 2000 1000 1 4 10 0.00105688
64000 2000 1000 1 8 18 0.00154871
64000 2000 1000 1 16 34 0.00311135
64000 2000 1000 1 32 67 0.00603417
64000 2000 1000 1 64 130 0.0105608
64000 2000 1000 2 2 8 0.000697356
64000 2000 1000 2 4 12 0.000993353
64000 2000 1000 2 8 20 0.00173616
64000 2000 1000 2 16 36 0.00316586
64000 2000 1000 2 32 70 0.00627967
64000 2000 1000 2 64 134 0.011769
64000 2000 1000 4 4 16 0.0014762
64000 2000 1000 4 8 24 0.00207599
64000 2000 1000 4 16 40 0.003245
64000 2000 1000 4 32 74 0.00649409
64000 2000 1000 4 64 138 0.012198
64000 2000 1000 8 8 32 0.00293784
64000 2000 1000 8 16 48 0.00430154
64000 2000 1000 8 32 82 0.00666938
64000 2000 1000 8 64 146 0.0117846
64000 2000 1000 16 16 64 0.00578936
64000 2000 1000 16 32 98 0.00821473
64000 2000 1000 16 64 162 0.0137522
64000 2000 1000 32 32 131 0.0136581
64000 2000 1000 32 64 194 0.0196822
64000 2000 1000 64 64 132 0.0127967
64000 2000 2000 1 1 4 0.000430992
64000 2000 2000 1 2 6 0.000677318
64000 2000 2000 1 4 10 0.00103124
64000 2000 2000 1 8 18 0.00155779
64000 2000 2000 1 16 33 0.00270231
64000 2000 2000 1 32 66 0.0055508
64000 2000 2000 2 2 8 0.000787551
64000 2000 2000 2 4 12 0.00110817
64000 2000 2000 2 8 20 0.00167598
64000 2000 2000 2 16 36 0.00287419
64000 2000 2000 2 32 70 0.0054683
64000 2000 2000 4 4 16 0.00130629
64000 2000 2000 4 8 24 0.00203449
64000 2000 2000 4 16 40 0.00363043
64000 2000 2000 4 32 74 0.00616193
64000 2000 2000 8 8 32 0.00276479
64000 2000 2000 8 16 48 0.0043216
64000 2000 2000 8 32 82 0.00694282
64000 2000 2000 16 16 64 0.00603368
64000 2000 2000 16 32 98 0.00839154
64000 2000 2000 32 32 67 0.00591639
64000 2000 4000 1 1 4 0.0004021
64000 2000 4000 1 2 6 0.000617549
64000 2000 4000 1 4 10 0.000975414
64000 2000 4000 1 8 18 0.00157034
64000 2000 4000 1 16 34 0.00346323
64000 2000 4000 2 2 8 0.000791244
64000 2000 4000 2 4 12 0.00105815
64000 2000 4000 2 8 20 0.00188275
64000 2000 4000 2 16 36 0.00333237
64000 2000 4000 4 4 16 0.00152309
64000 2000 4000 4 8 24 0.00229613
64000 2000 4000 4 16 40 0.00365277
64000 2000 4000 8 8 32 0.0030274
64000 2000 4000 8 16 48 0.00442953
64000 2000 4000 16 16 64 0.00610342
64000 2000 8000 1 1 4 0.000450318
64000 2000 8000 1 2 6 0.000578445
64000 2000 8000 1 4 10 0.00104458
64000 2000 8000 2 2 8 0.000798288
64000 2000 8000 2 4 12 0.00107587
64000 2000 8000 4 4 16 0.00140916
64000 4000 1000 1 1 4 0.0003657
64000 4000 1000 1 2 6 0.000579011
64000 4000 1000 1 4 10 0.000889285
64000 4000 1000 1 8 18 0.00171749
64000 4000 1000 1 16 34 0.00307456
64000 4000 1000 1 32 67 0.00596263
64000 4000 1000 1 64 130 0.0117861
64000 4000 1000 2 2 8 0.000839866
64000 4000 1000 2 4 12 0.00134178
64000 4000 1000 2 8 20 0.00176223
64000 4000 1000 2 16 36 0.00306813
64000 4000 1000 2 32 70 0.00638761
64000 4000 1000 2 64 134 0.0111945
64000 4000 1000 4 4 16 0.0013941
64000 4000 1000 4 8 24 0.00244716
64000 4000 1000 4 16 40 0.00371814
64000 4000 1000 4 32 74 0.00651698
64000 4000 1000 4 64 138 0.012359
64000 4000 1000 8 8 32 0.00308626
64000 4000 1000 8 16 48 0.00427439
64000 4000 1000 8 32 82 0.0074774
64000 4000 1000 8 64 146 0.0134852
64000 4000 1000 16 16 63 0.00823683
64000 4000 1000 16 32 97 0.0110521
64000 4000 1000 16 64 161 0.0163289
64000 4000 1000 32 32 129 0.017177
64000 4000 1000 32 64 192 0.0243818
64000 4000 1000 64 64 134 0.0154924
64000 4000 2000 1 1 4 0.000416292
64000 4000 2000 1 2 6 0.000612446
64000 4000 2000 1 4 10 0.00100514
64000 4000 2000 1 8 18 0.00170446
64000 4000 2000 1 16 33 0.00293762
64000 4000 2000 1 32 66 0.00666255
64000 4000 2000 2 2 8 0.000816357
64000 4000 2000 2 4 12 0.00107317
64000 4000 2000 2 8 20 0.00177936
64000 4000 2000 2 16 36 0.00297718
64000 4000 2000 2 32 70 0.00594287
64000 4000 2000 4 4 16 0.00134683
64000 4000 2000 4 8 24 0.00194666
64000 4000 2000 4 16 40 0.00355678
64000 4000 2000 4 32 74 0.0067799
64000 4000 2000 8 8 32 0.00304901
64000 4000 2000 8 16 48 0.00456672
64000 4000 2000 8 32 82 0.00770005
64000 4000 2000 16 16 63 0.00649763
64000 4000 2000 16 32 97 0.00950234
64000 4000 2000 32 32 68 0.00659094
64000 4000 4000 1 1 4 0.000418851
64000 4000 4000 1 2 6 0.000605859
64000 4000 4000 1 4 10 0.000986178
64000 4000 4000 1 8 17 0.00159201
64000 4000 4000 1 16 32 0.0028868
64000 4000 4000 2 2 8 0.000834301
64000 4000 4000 2 4 12 0.00142298
64000 4000 4000 2 8 20 0.00185565
64000 4000 4000 2 16 36 0.00311205
64000 4000 4000 4 4 16 0.00150031
64000 4000 4000 4 8 24 0.00231122
64000 4000 4000 4 16 40 0.0032824
64000 4000 4000 8 8 32 0.00282637
64000 4000 4000 8 16 48 0.00403312
64000 4000 4000 16 16 48 0.00450695
64000 4000 8000 1 1 4 0.000460937
64000 4000 8000 1 2 6 0.00068654
64000 4000 8000 1 4 10 0.000994974
64000 4000 8000 1 8 18 0.00165683
64000 4000 8000 2 2 8 0.000787477
64000 4000 8000 2 4 12 0.00121949
64000 4000 8000 2 8 20 0.00176643
64000 4000 8000 4 4 16 0.00132763
64000 4000 8000 4 8 24 0.00214532
64000 4000 8000 8 8 32 0.00282505
64000 8000 1000 1 1 4 0.000363329
64000 8000 1000 1 2 6 0.000537946
64000 8000 1000 1 4 10 0.00106214
64000 8000 1000 1 8 18 0.0018292
64000 8000 1000 1 16 34 0.00291703
64000 8000 1000 1 32 67 0.0059876
64000 8000 1000 1 64 130 0.0111684
64000 8000 1000 2 2 8 0.000718359
64000 8000 1000 2 4 12 0.00119035
64000 8000 1000 2 8 20 0.00195277
64000 8000 1000 2 16 36 0.00320824
64000 8000 1000 2 32 70 0.00624833
64000 8000 1000 2 64 134 0.0109819
64000 8000 1000 4 4 16 0.00155262
64000 8000 1000 4 8 24 0.0021726
64000 8000 1000 4 16 40 0.00387465
64000 8000 1000 4 32 74 0.00691618
64000 8000 1000 4 64 138 0.0124003
64000 8000 1000 8 8 31 0.00318016
64000 8000 1000 8 16 47 0.00524489
64000 8000 1000 8 32 81 0.00797694
64000 8000 1000 8 64 145 0.0132118
64000 8000 1000 16 16 62 0.0100215
64000 8000 1000 16 32 96 0.0122151
64000 8000 1000 16 64 160 0.0198167
64000 8000 1000 32 32 125 0.0307442
64000 8000 1000 32 64 188 0.0409998
64000 8000 1000 64 64 138 0.0247974
64000 8000 2000 1 1 4 0.00042831
64000 8000 2000 1 2 6 0.000591437
64000 8000 2000 1 4 10 0.00106897
64000 8000 2000 1 8 18 0.00172411
64000 8000 2000 1 16 33 0.00294053
64000 8000 2000 1 32 66 0.00584797
64000 8000 2000 2 2 8 0.000785797
64000 8000 2000 2 4 12 0.0011873
64000 8000 2000 2 8 20 0.00186746
64000 8000 2000 2 16 36 0.00324728
64000 8000 2000 2 32 70 0.00585877
64000 8000 2000 4 4 16 0.00148761
64000 8000 2000 4 8 24 0.00203162
64000 8000 2000 4 16 40 0.00380758
64000 8000 2000 4 32 74 0.00641967
64000 8000 2000 8 8 31 0.00312541
64000 8000 2000 8 16 47 0.00480435
64000 8000 2000 8 32 81 0.00818681
64000 8000 2000 16 16 61 0.00803878
64000 8000 2000 16 32 95 0.0119301
64000 8000 2000 32 32 70 0.00783327
64000 8000 4000 1 1 4 0.000419145
64000 8000 4000 1 2 6 0.00066262
64000 8000 4000 1 4 10 0.000940417
64000 8000 4000 1 8 17 0.00170461
64000 8000 4000 1 16 32 0.00290965
64000 8000 4000 2 2 8 0.000772963
64000 8000 4000 2 4 12 0.00108376
64000 8000 4000 2 8 20 0.00166758
64000 8000 4000 2 16 36 0.00290827
64000 8000 4000 4 4 16 0.00137364
64000 8000 4000 4 8 24 0.00219875
64000 8000 4000 4 16 40 0.00360659
64000 8000 4000 8 8 31 0.00292936
64000 8000 4000 8 16 47 0.00424159
64000 8000 4000 16 16 48 0.00490571
64000 8000 8000 1 1 4 0.000414287
64000 8000 8000 1 2 6 0.000607634
64000 8000 8000 1 4 9 0.000864032
64000 8000 8000 1 8 16 0.00158308
64000 8000 8000 2 2 8 0.000869503
64000 8000 8000 2 4 12 0.00125368
64000 8000 8000 2 8 20 0.00191048
64000 8000 8000 4 4 16 0.00151584
64000 8000 8000 4 8 24 0.00209333
64000 8000 8000 8 8 24 0.00227213
128000 1000 1000 1 1 4 0.000387669
128000 1000 1000 1 2 6 0.000548306
128000 1000 1000 1 4 10 0.000877108
128000 1000 1000 1 8 18 0.00148632
128000 1000 1000 1 16 34 0.00276509
128000 1000 1000 1 32 68 0.00614998
128000 1000 1000 1 64 131 0.010738
128000 1000 1000 1 128 256 0.0229996
128000 1000 1000 2 2 8 0.000726506
128000 1000 1000 2 4 12 0.00116916
128000 1000 1000 2 8 20 0.00167653
128000 1000 1000 2 16 36 0.00290901
128000 1000 1000 2 32 70 0.00603737
128000 1000 1000 2 64 134 0.0119916
128000 1000 1000 2 128 260 0.0225289
128000 1000 1000 4 4 16 0.00137507
128000 1000 1000 4 8 24 0.00195424
128000 1000 1000 4 16 40 0.00334772
128000 1000 1000 4 32 74 0.00643891
128000 1000 1000 4 64 138 0.0119074
128000 1000 1000 4 128 264 0.0231811
128000 1000 1000 8 8 32 0.00287189
128000 1000 1000 8 16 48 0.00409056
128000 1000 1000 8 32 82 0.00692763
128000 1000 1000 8 64 146 0.0126196
128000 1000 1000 8 128 272 0.0249888
128000 1000 1000 16 16 64 0.00578412
128000 1000 1000 16 32 98 0.00887873
128000 1000 1000 16 64 162 0.0140228
128000 1000 1000 16 128 288 0.0262168
128000 1000 1000 32 32 132 0.0119414
128000 1000 1000 32 64 196 0.0167368
128000 1000 1000 32 128 321 0.0298209
128000 1000 1000 64 64 260 0.0249523
128000 1000 1000 64 128 385 0.0375808
128000 1000 1000 128 128 384 0.0380262
128000 1000 2000 1 1 4 0.000450349
128000 1000 2000 1 2 6 0.000594707
128000 1000 2000 1 4 10 0.000986952
128000 1000 2000 1 8 18 0.00158613
128000 1000 2000 1 16 34 0.00288242
128000 1000 2000 1 32 68 0.00599719
128000 1000 2000 1 64 132 0.0128657
128000 1000 2000 2 2 8 0.000757601
128000 1000 2000 2 4 12 0.00118216
128000 1000 2000 2 8 20 0.00179401
128000 1000 2000 2 16 36 0.00304751
128000 1000 2000 2 32 70 0.00592041
128000 1000 2000 2 64 134 0.0123051
128000 1000 2000 4 4 16 0.00147656
128000 1000 2000 4 8 24 0.00221772
128000 1000 2000 4 16 40 0.00363327
128000 1000 2000 4 32 74 0.00603486
128000 1000 2000 4 64 138 0.0119198
128000 1000 2000 8 8 32 0.00293601
128000 1000 2000 8 16 48 0.00420673
128000 1000 2000 8 32 82 0.00694997
128000 1000 2000 8 64 146 0.0126125
128000 1000 2000 16 16 64 0.0056689
128000 1000 2000 16 32 98 0.00864424
128000 1000 2000 16 64 162 0.0138427
128000 1000 2000 32 32 132 0.011404
128000 1000 2000 32 64 196 0.0179166
128000 1000 2000 64 64 260 0.0232766
128000 1000 4000 1 1 4 0.00044433
128000 1000 4000 1 2 6 0.00063432
128000 1000 4000 1 4 10 0.000840553
128000 1000 4000 1 8 18 0.00142333
128000 1000 4000 1 16 34 0.00270303
128000 1000 4000 2 2 8 0.000689727
128000 1000 4000 2 4 12 0.00106905
128000 1000 4000 2 8 20 0.00178475
128000 1000 4000 2 16 36 0.00308375
128000 1000 4000 4 4 16 0.00142326
128000 1000 4000 4 8 24 0.00222056
128000 1000 4000 4 16 40 0.00328572
128000 1000 4000 8 8 32 0.0025095
128000 1000 4000 8 16 48 0.00407618
128000 1000 4000 16 16 64 0.00570994
128000 1000 8000 1 1 4 0.000426274
128000 1000 8000 1 2 6 0.000538476
128000 1000 8000 1 4 10 0.000955269
128000 1000 8000 1 8 18 0.00164291
128000 1000 8000 2 2 8 0.000672475
128000 1000 8000 2 4 12 0.000999533
128000 1000 8000 2 8 20 0.00185184
128000 1000 8000 4 4 16 0.00141601
128000 1000 8000 4 8 24 0.00222134
128000 1000 8000 8 8 32 0.00278253
128000 2000 1000 1 1 4 0.000393796
128000 2000 1000 1 2 6 0.000567942
128000 2000 1000 1 4 10 0.000810955
128000 2000 1000 1 8 18 0.00158987
128000 2000 1000 1 16 34 0.0031173
128000 2000 1000 1 32 68 0.00594273
128000 2000 1000 1 64 131 0.0115615
128000 2000 1000 1 128 256 0.0256469
128000 2000 1000 2 2 8 0.000788189
128000 2000 1000 2 4 12 0.00124021
128000 2000 1000 2 8 20 0.00183513
128000 2000 1000 2 16 36 0.00331152
128000 2000 1000 2 32 70 0.00601261
128000 2000 1000 2 64 134 0.0119311
128000 2000 1000 2 128 260 0.023131
128000 2000 1000 4 4 16 0.00141847
128000 2000 1000 4 8 24 0.00217079
128000 2000 1000 4 16 40 0.00339146
128000 2000 1000 4 32 74 0.00660138
128000 2000 1000 4 64 138 0.0113779
128000 2000 1000 4 128 264 0.0242372
128000 2000 1000 8 8 32 0.00289517
128000 2000 1000 8 16 48 0.003898
128000 2000 1000 8 32 82 0.00662667
128000 2000 1000 8 64 146 0.0116175
128000 2000 1000 8 128 272 0.0247655
128000 2000 1000 16 16 64 0.00566383
128000 2000 1000 16 32 98 0.00858867
128000 2000 1000 16 64 162 0.0141155
128000 2000 1000 16 128 288 0.0252035
128000 2000 1000 32 32 132 0.0123234
128000 2000 1000 32 64 196 0.0174371
128000 2000 1000 32 128 321 0.0290888
128000 2000 1000 64 64 259 0.0275957
128000 2000 1000 64 128 384 0.0407483
128000 2000 1000 128 128 384 0.0497107
128000 2000 2000 1 1 4 0.000405301
128000 2000 2000 1 2 6 0.000635139
128000 2000 2000 1 4 10 0.000940982
128000 2000 2000 1 8 18 0.00147962
128000 2000 2000 1 16 34 0.00294446
128000 2000 2000 1 32 67 0.0060476
128000 2000 2000 1 64 130 0.0113927
128000 2000 2000 2 2 8 0.00080409
128000 2000 2000 2 4 12 0.00107501
128000 2000 2000 2 8 20 0.0017544
128000 2000 2000 2 16 36 0.00284761
128000 2000 2000 2 32 70 0.00573808
128000 2000 2000 2 64 134 0.0106889
128000 2000 2000 4 4 16 0.00142717
128000 2000 2000 4 8 24 0.00222578
128000 2000 2000 4 16 40 0.00351391
128000 2000 2000 4 32 74 0.00598306
128000 2000 2000 4 64 138 0.0121877
128000 2000 2000 8 8 32 0.00292474
128000 2000 2000 8 16 48 0.00430295
128000 2000 2000 8 32 82 0.00655491
128000 2000 2000 8 64 146 0.0113969
128000 2000 2000 16 16 64 0.00573067
128000 2000 2000 16 32 98 0.00863252
128000 2000 2000 16 64 162 0.01427
128000 2000 2000 32 32 132 0.0122541
128000 2000 2000 32 64 195 0.0179491
128000 2000 2000 64 64 131 0.0119633
128000 2000 4000 1 1 4 0.000413395
128000 2000 4000 1 2 6 0.000590365
128000 2000 4000 1 4 10 0.000978669
128000 2000 4000 1 8 18 0.00147417
128000 2000 4000 1 16 34 0.00271846
128000 2000 4000 1 32 68 0.00581738
128000 2000 4000 2 2 8 0.000740462
128000 2000 4000 2 4 12 0.0011274
128000 2000 4000 2 8 20 0.00180365
128000 2000 4000 2 16 36 0.00322178
128000 2000 4000 2 32 70 0.00628872
128000 2000 4000 4 4 16 0.00144787
128000 2000 4000 4 8 24 0.00217954
128000 2000 4000 4 16 40 0.00344376
128000 2000 4000 4 32 74 0.00702671
128000 2000 4000 8 8 32 0.00283148
128000 2000 4000 8 16 48 0.00426608
128000 2000 4000 8 32 82 0.00726896
128000 2000 4000 16 16 64 0.0053633
128000 2000 4000 16 32 98 0.00867198
128000 2000 4000 32 32 132 0.0115776
128000 2000 8000 1 1 4 0.000421714
128000 2000 8000 1 2 6 0.000548015
128000 2000 8000 1 4 10 0.000941628
128000 2000 8000 1 8 18 0.00155168
128000 2000 8000 2 2 8 0.000784424
128000 2000 8000 2 4 12 0.00114277
128000 2000 8000 2 8 20 0.00174454
128000 2000 8000 4 4 16 0.00155197
128000 2000 8000 4 8 24 0.00202427
128000 2000 8000 8 8 32 0.00284909
128000 4000 1000 1 1 4 0.000426415
128000 4000 1000 1 2 6 0.000622253
128000 4000 1000 1 4 10 0.0010772
128000 4000 1000 1 8 18 0.00171336
128000 4000 1000 1 16 34 0.0030927
128000 4000 1000 1 32 68 0.00574847
128000 4000 1000 1 64 131 0.0109959
128000 4000 1000 1 128 256 0.0228448
128000 4000 1000 2 2 8 0.000792181
128000 4000 1000 2 4 12 0.0010828
128000 4000 1000 2 8 20 0.00173363
128000 4000 1000 2 16 36 0.00306215
128000 4000 1000 2 32 70 0.00620206
128000 4000 1000 2 64 134 0.0114784
128000 4000 1000 2 128 260 0.0230639
128000 4000 1000 4 4 16 0.0013871
128000 4000 1000 4 8 24 0.00233813
128000 4000 1000 4 16 40 0.00337083
128000 4000 1000 4 32 74 0.00661049
128000 4000 1000 4 64 138 0.0110649
128000 4000 1000 4 128 264 0.0227331
128000 4000 1000 8 8 32 0.0028198
128000 4000 1000 8 16 48 0.00411095
128000 4000 1000 8 32 82 0.00728977
128000 4000 1000 8 64 146 0.0128644
128000 4000 1000 8 128 272 0.024104
128000 4000 1000 16 16 64 0.00578475
128000 4000 1000 16 32 98 0.0088747
128000 4000 1000 16 64 162 0.014604
128000 4000 1000 16 128 288 0.0266115
128000 4000 1000 32 32 131 0.0134343
128000 4000 1000 32 64 195 0.0201645
128000 4000 1000 32 128 320 0.0325468
128000 4000 1000 64 64 257 0.034473
128000 4000 1000 64 128 382 0.0488502
128000 4000 1000 128 128 384 0.0524771
128000 4000 2000 1 1 4 0.000387553
128000 4000 2000 1 2 6 0.000577913
128000 4000 2000 1 4 10 0.000857695
128000 4000 2000 1 8 18 0.00158204
128000 4000 2000 1 16 34 0.00280649
128000 4000 2000 1 32 67 0.00589341
128000 4000 2000 1 64 130 0.0111905
128000 4000 2000 2 2 8 0.000790043
128000 4000 2000 2 4 12 0.00113692
128000 4000 2000 2 8 20 0.00175186
128000 4000 2000 2 16 36 0.00283707
128000 4000 2000 2 32 70 0.00612397
128000 4000 2000 2 64 134 0.0113572
128000 4000 2000 4 4 16 0.00146045
128000 4000 2000 4 8 24 0.00214967
128000 4000 2000 4 16 40 0.00328287
128000 4000 2000 4 32 74 0.00634192
128000 4000 2000 4 64 138 0.0117237
128000 4000 2000 8 8 32 0.00288662
128000 4000 2000 8 16 48 0.00412874
128000 4000 2000 8 32 82 0.00672598
128000 4000 2000 8 64 146 0.0128946
128000 4000 2000 16 16 64 0.00596853
128000 4000 2000 16 32 98 0.00896096
128000 4000 2000 16 64 162 0.0151049
128000 4000 2000 32 32 131 0.0136757
128000 4000 2000 32 64 194 0.0197296
128000 4000 2000 64 64 132 0.0128028
128000 4000 4000 1 1 4 0.000463457
128000 4000 4000 1 2 6 0.000601631
128000 4000 4000 1 4 10 0.000990234
128000 4000 4000 1 8 18 0.00172197
128000 4000 4000 1 16 33 0.00275422
128000 4000 4000 1 32 66 0.00569043
128000 4000 4000 2 2 8 0.000763868
128000 4000 4000 2 4 12 0.00112703
128000 4000 4000 2 8 20 0.00187163
128000 4000 4000 2 16 36 0.00295122
128000 4000 4000 2 32 70 0.00580663
128000 4000 4000 4 4 16 0.00132874
128000 4000 4000 4 8 24 0.00217849
128000 4000 4000 4 16 40 0.00359222
128000 4000 4000 4 32 74 0.00661136
128000 4000 4000 8 8 32 0.00286492
128000 4000 4000 8 16 48 0.00436208
128000 4000 4000 8 32 82 0.00719957
128000 4000 4000 16 16 64 0.00608145
128000 4000 4000 16 32 98 0.00906554
128000 4000 4000 32 32 67 0.00594118
128000 4000 8000 1 1 4 0.000415581
128000 4000 8000 1 2 6 0.000587375
128000 4000 8000 1 4 10 0.000964527
128000 4000 8000 1 8 18 0.00155455
128000 4000 8000 1 16 34 0.0027093
128000 4000 8000 2 2 8 0.000776734
128000 4000 8000 2 4 12 0.00114884
128000 4000 8000 2 8 20 0.00185314
128000 4000 8000 2 16 36 0.00300758
128000 4000 8000 4 4 16 0.00138251
128000 4000 8000 4 8 24 0.00230007
128000 4000 8000 4 16 40 0.00352783
128000 4000 8000 8 8 32 0.00269413
128000 4000 8000 8 16 48 0.00394229
128000 4000 8000 16 16 64 0.00560201
128000 8000 1000 1 1 4 0.00041669
128000 8000 1000 1 2 6 0.000657057
128000 8000 1000 1 4 10 0.00109379
128000 8000 1000 1 8 18 0.00184867
128000 8000 1000 1 16 34 0.00296397
128000 8000 1000 1 32 68 0.0058504
128000 8000 1000 1 64 131 0.0119634
128000 8000 1000 1 128 256 0.0221175
128000 8000 1000 2 2 8 0.000734854
128000 8000 1000 2 4 12 0.00120118
128000 8000 1000 2 8 20 0.00181378
128000 8000 1000 2 16 36 0.00296968
128000 8000 1000 2 32 70 0.00626811
128000 8000 1000 2 64 134 0.0119448
128000 8000 1000 2 128 260 0.0234619
128000 8000 1000 4 4 16 0.00164242
128000 8000 1000 4 8 24 0.00234245
128000 8000 1000 4 16 40 0.00321421
128000 8000 1000 4 32 74 0.00628574
128000 8000 1000 4 64 138 0.0123654
128000 8000 1000 4 128 264 0.0239223
128000 8000 1000 8 8 32 0.0029236
128000 8000 1000 8 16 48 0.00437619
128000 8000 1000 8 32 82 0.00710561
128000 8000 1000 8 64 146 0.0132035
128000 8000 1000 8 128 272 0.0242432
128000 8000 1000 16 16 63 0.00649987
128000 8000 1000 16 32 97 0.00981441
128000 8000 1000 16 64 161 0.014893
128000 8000 1000 16 128 287 0.0278247
128000 8000 1000 32 32 130 0.0202402
128000 8000 1000 32 64 194 0.0286394
128000 8000 1000 32 128 319 0.0393127
128000 8000 1000 64 64 253 0.0603613
128000 8000 1000 64 128 378 0.0836256
128000 8000 1000 128 128 384 0.0877815
128000 8000 2000 1 1 4 0.000377146
128000 8000 2000 1 2 6 0.000576259
128000 8000 2000 1 4 10 0.000983546
128000 8000 2000 1 8 18 0.00152953
128000 8000 2000 1 16 34 0.00296245
128000 8000 2000 1 32 67 0.00584125
128000 8000 2000 1 64 130 0.0114032
128000 8000 2000 2 2 8 0.000820747
128000 8000 2000 2 4 12 0.00108812
128000 8000 2000 2 8 20 0.00163579
128000 8000 2000 2 16 36 0.00293187
128000 8000 2000 2 32 70 0.0055762
128000 8000 2000 2 64 134 0.0117523
128000 8000 2000 4 4 16 0.00158632
128000 8000 2000 4 8 24 0.00230691
128000 8000 2000 4 16 40 0.00357573
128000 8000 2000 4 32 74 0.00585679
128000 8000 2000 4 64 138 0.0122887
128000 8000 2000 8 8 32 0.00318862
128000 8000 2000 8 16 48 0.00410131
128000 8000 2000 8 32 82 0.00685462
128000 8000 2000 8 64 146 0.0132097
128000 8000 2000 16 16 63 0.00817292
128000 8000 2000 16 32 97 0.0121233
128000 8000 2000 16 64 161 0.015968
128000 8000 2000 32 32 129 0.0199154
128000 8000 2000 32 64 192 0.024108
128000 8000 2000 64 64 134 0.0145475
128000 8000 4000 1 1 4 0.000383001
128000 8000 4000 1 2 6 0.00057367
128000 8000 4000 1 4 10 0.00090127
128000 8000 4000 1 8 18 0.00156627
128000 8000 4000 1 16 33 0.00293284
128000 8000 4000 1 32 66 0.00585409
128000 8000 4000 2 2 8 0.000826533
128000 8000 4000 2 4 12 0.00113895
128000 8000 4000 2 8 20 0.00201941
128000 8000 4000 2 16 36 0.00314727
128000 8000 4000 2 32 70 0.00611008
128000 8000 4000 4 4 16 0.0014593
128000 8000 4000 4 8 24 0.00223312
128000 8000 4000 4 16 40 0.00362534
128000 8000 4000 4 32 74 0.00654907
128000 8000 4000 8 8 32 0.00271958
128000 8000 4000 8 16 48 0.00428685
128000 8000 4000 8 32 82 0.00679623
128000 8000 4000 16 16 63 0.00657888
128000 8000 4000 16 32 97 0.00951274
128000 8000 4000 32 32 68 0.00594769
128000 8000 8000 1 1 4 0.000403282
128000 8000 8000 1 2 6 0.000566127
128000 8000 8000 1 4 10 0.000989177
128000 8000 8000 1 8 17 0.00139052
128000 8000 8000 1 16 32 0.00282737
128000 8000 8000 2 2 8 0.00071766
128000 8000 8000 2 4 12 0.00109654
128000 8000 8000 2 8 20 0.00173599
128000 8000 8000 2 16 36 0.00308519
128000 8000 8000 4 4 16 0.0013833
128000 8000 8000 4 8 24 0.00213966
128000 8000 8000 4 16 40 0.00354187
128000 8000 8000 8 8 32 0.00290309
128000 8000 8000 8 16 48 0.00432628
128000 8000 8000 16 16 48 0.00460606
