C: 16 1 1 1 1 0 0.052001396814982094
C: 16 1 1 1 2 0 0.05261589686075847
C: 16 1 1 1 4 0 0.049344563484191896
C: 16 1 1 1 8 0 0.05051206747690837
C: 16 1 1 1 16 0 0.05231102307637533
C: 16 1 1 2 2 0 0.05417172908782959
C: 16 1 1 2 4 0 0.052590497334798175
C: 16 1 1 2 8 0 0.05046026706695557
C: 16 1 1 2 16 0 0.052613480885823564
C: 16 1 1 4 4 0 0.07188194592793783
C: 16 1 1 4 8 0 0.07248377799987793
C: 16 1 1 4 16 0 0.07164751688639323
C: 16 1 1 8 8 0 0.10018511613210042
C: 16 1 1 8 16 0 0.10005925496419271
C: 16 1 1 16 16 0 0.1709951957066854
C: 16 2 1 1 1 0 0.0528700590133667
C: 16 2 1 1 2 0 0.0531109889348348
C: 16 2 1 1 4 0 0.05309651692708333
C: 16 2 1 1 8 0 0.05300992329915365
C: 16 2 1 1 16 0 0.05300200780232747
C: 16 2 1 2 2 0 0.05317274729410807
C: 16 2 1 2 4 0 0.052961389223734535
C: 16 2 1 2 8 0 0.05307964483896891
C: 16 2 1 2 16 0 0.05340737501780192
C: 16 2 1 4 4 0 0.6025047302246094
C: 16 2 1 4 8 0 0.5246462186177572
C: 16 2 1 4 16 0 0.5240040143330892
C: 16 2 1 8 8 0 0.3214978853861491
C: 16 2 1 8 16 0 0.32175084749857585
C: 16 2 1 16 16 0 0.8513060013453165
C: 16 2 2 1 1 0 0.05342771212259929
C: 16 2 2 1 2 0 0.05291511217753093
C: 16 2 2 1 4 0 0.052982179323832194
C: 16 2 2 1 8 0 0.05297745068868001
C: 16 2 2 2 2 0 0.05296511650085449
C: 16 2 2 2 4 0 0.05335326989491781
C: 16 2 2 2 8 0 0.05354254245758057
C: 16 2 2 4 4 0 0.6029210011164348
C: 16 2 2 4 8 0 0.5251592477162679
C: 16 2 2 8 8 0 0.3202567418416341
C: 16 4 1 1 1 0 0.05948971112569173
C: 16 4 1 1 2 0 0.05969538688659668
C: 16 4 1 1 4 0 0.059490148226420084
C: 16 4 1 1 8 0 0.05987794399261474
C: 16 4 1 1 16 0 0.059469016393025716
C: 16 4 1 2 2 0 0.05961895783742269
C: 16 4 1 2 4 0 0.05964433352152507
C: 16 4 1 2 8 0 0.05971919695536296
C: 16 4 1 2 16 0 0.05972777207692464
C: 16 4 1 4 4 0 0.8547532637914022
C: 16 4 1 4 8 0 0.6800203005472819
C: 16 4 1 4 16 0 0.6757603883743286
C: 16 4 1 8 8 0 1.3970960140228272
C: 16 4 1 8 16 0 1.2240363041559854
C: 16 4 1 16 16 0 0.8322951873143514
C: 16 4 2 1 1 0 0.0601183811823527
C: 16 4 2 1 2 0 0.059708078702290855
C: 16 4 2 1 4 0 0.059985931714375815
C: 16 4 2 1 8 0 0.06020655632019043
C: 16 4 2 2 2 0 0.05941429932912191
C: 16 4 2 2 4 0 0.059976506233215335
C: 16 4 2 2 8 0 0.05926514466603597
C: 16 4 2 4 4 0 0.8579947868982951
C: 16 4 2 4 8 0 0.680099352200826
C: 16 4 2 8 8 0 1.3900900602340698
C: 16 4 4 1 1 0 0.06015953222910563
C: 16 4 4 1 2 0 0.05975097815195719
C: 16 4 4 1 4 0 0.05974660714467366
C: 16 4 4 2 2 0 0.06041157245635986
C: 16 4 4 2 4 0 0.06048458417256673
C: 16 4 4 4 4 0 0.8558834870656331
C: 16 8 1 1 1 0 0.0727663516998291
C: 16 8 1 1 2 0 0.07244955698649089
C: 16 8 1 1 4 0 0.07239664395650228
C: 16 8 1 1 8 0 0.07221683661142984
C: 16 8 1 1 16 0 0.07260537147521973
C: 16 8 1 2 2 0 0.07306190331776936
C: 16 8 1 2 4 0 0.07320401668548585
C: 16 8 1 2 8 0 0.07340733210245769
C: 16 8 1 2 16 0 0.07310725053151448
C: 16 8 1 4 4 0 1.1970622380574545
C: 16 8 1 4 8 0 0.8964310169219971
C: 16 8 1 4 16 0 0.8866396268208822
C: 16 8 1 8 8 0 2.573926083246867
C: 16 8 1 8 16 0 1.9178305466969807
C: 16 8 1 16 16 0 5.215401935577392
C: 16 8 2 1 1 0 0.07271420160929362
C: 16 8 2 1 2 0 0.07244556744893392
C: 16 8 2 1 4 0 0.07245953877766927
C: 16 8 2 1 8 0 0.07249592145284017
C: 16 8 2 2 2 0 0.07249538103739421
C: 16 8 2 2 4 0 0.07259562015533447
C: 16 8 2 2 8 0 0.0725050687789917
C: 16 8 2 4 4 0 1.2183849175771078
C: 16 8 2 4 8 0 0.8956381877263387
C: 16 8 2 8 8 0 2.6716581265131634
C: 16 8 4 1 1 0 0.07310923735300699
C: 16 8 4 1 2 0 0.07295564015706381
C: 16 8 4 1 4 0 0.07300350666046143
C: 16 8 4 2 2 0 0.07268471717834472
C: 16 8 4 2 4 0 0.07283573945363363
C: 16 8 4 4 4 0 1.2045101642608642
C: 16 8 8 1 1 0 0.072940993309021
C: 16 8 8 1 2 0 0.07300372123718261
C: 16 8 8 2 2 0 0.07240406672159831
C: 32 1 1 1 1 0 0.049579930305480954
C: 32 1 1 1 2 0 0.04923719565073649
C: 32 1 1 1 4 0 0.04943388303120931
C: 32 1 1 1 8 0 0.04975955486297608
C: 32 1 1 1 16 0 0.049625182151794435
C: 32 1 1 1 32 0 0.04960316022237142
C: 32 1 1 2 2 0 0.04978894392649333
C: 32 1 1 2 4 0 0.049648435910542806
C: 32 1 1 2 8 0 0.0496496041615804
C: 32 1 1 2 16 0 0.0498306671778361
C: 32 1 1 2 32 0 0.050130367279052734
C: 32 1 1 4 4 0 0.04954673449198405
C: 32 1 1 4 8 0 0.049704424540201825
C: 32 1 1 4 16 0 0.04984751542409261
C: 32 1 1 4 32 0 0.04960009256998698
C: 32 1 1 8 8 0 0.07275151411692302
C: 32 1 1 8 16 0 0.07276127338409424
C: 32 1 1 8 32 0 0.07256561915079753
C: 32 1 1 16 16 0 0.10118290583292643
C: 32 1 1 16 32 0 0.1005834420522054
C: 32 1 1 32 32 0 0.1715017318725586
C: 32 2 1 1 1 0 0.053775596618652347
C: 32 2 1 1 2 0 0.05331114927927653
C: 32 2 1 1 4 0 0.053418660163879396
C: 32 2 1 1 8 0 0.05332185427347819
C: 32 2 1 1 16 0 0.053731250762939456
C: 32 2 1 1 32 0 0.05372931957244873
C: 32 2 1 2 2 0 0.05394947528839111
C: 32 2 1 2 4 0 0.05401930014292399
C: 32 2 1 2 8 0 0.05405030250549316
C: 32 2 1 2 16 0 0.053745754559834796
C: 32 2 1 2 32 0 0.05383969942728679
C: 32 2 1 4 4 0 0.05385035673777262
C: 32 2 1 4 8 0 0.053917924563090004
C: 32 2 1 4 16 0 0.05370180606842041
C: 32 2 1 4 32 0 0.05367573102315267
C: 32 2 1 8 8 0 1.2578384081522624
C: 32 2 1 8 16 0 1.179323967297872
C: 32 2 1 8 32 0 1.174751337369283
C: 32 2 1 16 16 0 0.32485775152842206
C: 32 2 1 16 32 0 0.3233904043833415
C: 32 2 1 32 32 0 0.2050335645675659
C: 32 2 2 1 1 0 0.053703681627909346
C: 32 2 2 1 2 0 0.05335853894551595
C: 32 2 2 1 4 0 0.053135498364766436
C: 32 2 2 1 8 0 0.053347992897033694
C: 32 2 2 1 16 0 0.053241793314615884
C: 32 2 2 2 2 0 0.053397607803344724
C: 32 2 2 2 4 0 0.05319052537282308
C: 32 2 2 2 8 0 0.0531922181447347
C: 32 2 2 2 16 0 0.05336391131083171
C: 32 2 2 4 4 0 0.053226073582967125
C: 32 2 2 4 8 0 0.05403869152069092
C: 32 2 2 4 16 0 0.053866132100423174
C: 32 2 2 8 8 0 1.251470677057902
C: 32 2 2 8 16 0 1.1760195255279542
C: 32 2 2 16 16 0 0.32204580307006836
C: 32 4 1 1 1 0 0.05944658915201823
C: 32 4 1 1 2 0 0.05984636147816976
C: 32 4 1 1 4 0 0.05952487786610921
C: 32 4 1 1 8 0 0.05968701044718425
C: 32 4 1 1 16 0 0.059772586822509764
C: 32 4 1 1 32 0 0.059633429845174155
C: 32 4 1 2 2 0 0.059847625096639
C: 32 4 1 2 4 0 0.059750604629516604
C: 32 4 1 2 8 0 0.05986793835957845
C: 32 4 1 2 16 0 0.05982977549235026
C: 32 4 1 2 32 0 0.059537529945373535
C: 32 4 1 4 4 0 0.06007443269093831
C: 32 4 1 4 8 0 0.05951822598775228
C: 32 4 1 4 16 0 0.05961641470591227
C: 32 4 1 4 32 0 0.059758329391479494
C: 32 4 1 8 8 0 2.1764697233835855
C: 32 4 1 8 16 0 1.9870372692743936
C: 32 4 1 8 32 0 1.9821147839228312
C: 32 4 1 16 16 0 3.0220324118932087
C: 32 4 1 16 32 0 2.838057549794515
C: 32 4 1 32 32 0 0.8683621486028036
C: 32 4 2 1 1 0 0.060170404116312665
C: 32 4 2 1 2 0 0.05999154249827067
C: 32 4 2 1 4 0 0.060094960530598956
C: 32 4 2 1 8 0 0.05977746645609538
C: 32 4 2 1 16 0 0.05967395305633545
C: 32 4 2 2 2 0 0.0596237579981486
C: 32 4 2 2 4 0 0.05945213635762533
C: 32 4 2 2 8 0 0.05948828061421712
C: 32 4 2 2 16 0 0.060159770647684734
C: 32 4 2 4 4 0 0.059905378023783366
C: 32 4 2 4 8 0 0.05945292313893636
C: 32 4 2 4 16 0 0.059828782081604005
C: 32 4 2 8 8 0 2.191251301765442
C: 32 4 2 8 16 0 1.9866903146107993
C: 32 4 2 16 16 0 3.014861742655436
C: 32 4 4 1 1 0 0.05990771452585856
C: 32 4 4 1 2 0 0.059865808486938475
C: 32 4 4 1 4 0 0.05970846811930339
C: 32 4 4 1 8 0 0.059948054949442546
C: 32 4 4 2 2 0 0.059867080052693686
C: 32 4 4 2 4 0 0.059919850031534834
C: 32 4 4 2 8 0 0.05986563364664713
C: 32 4 4 4 4 0 0.05968409379323324
C: 32 4 4 4 8 0 0.059663860003153484
C: 32 4 4 8 8 0 2.2024792671203612
C: 32 8 1 1 1 0 0.07286515235900878
C: 32 8 1 1 2 0 0.07189966837565104
C: 32 8 1 1 4 0 0.07220900058746338
C: 32 8 1 1 8 0 0.07298085689544678
C: 32 8 1 1 16 0 0.07331859270731608
C: 32 8 1 1 32 0 0.07276731332143148
C: 32 8 1 2 2 0 0.07253913084665935
C: 32 8 1 2 4 0 0.07263130346934
C: 32 8 1 2 8 0 0.07254506746927897
C: 32 8 1 2 16 0 0.07325581709543864
C: 32 8 1 2 32 0 0.07295950253804524
C: 32 8 1 4 4 0 0.07271876335144042
C: 32 8 1 4 8 0 0.0728321631749471
C: 32 8 1 4 16 0 0.07269339561462403
C: 32 8 1 4 32 0 0.07290441195170085
C: 32 8 1 8 8 0 4.014033619562785
C: 32 8 1 8 16 0 3.4072892665863037
C: 32 8 1 8 32 0 3.4047273635864257
C: 32 8 1 16 16 0 7.2873149633407595
C: 32 8 1 16 32 0 6.660737816492716
C: 32 8 1 32 32 0 12.01070282459259
C: 32 8 2 1 1 0 0.07320184707641601
C: 32 8 2 1 2 0 0.07246025403340657
C: 32 8 2 1 4 0 0.07234826882680258
C: 32 8 2 1 8 0 0.07269192536671956
C: 32 8 2 1 16 0 0.0722524086634318
C: 32 8 2 2 2 0 0.0729353109995524
C: 32 8 2 2 4 0 0.07298579216003417
C: 32 8 2 2 8 0 0.0726568063100179
C: 32 8 2 2 16 0 0.07246975104014079
C: 32 8 2 4 4 0 0.07225290934244792
C: 32 8 2 4 8 0 0.07369122505187989
C: 32 8 2 4 16 0 0.07327911059061686
C: 32 8 2 8 8 0 4.131594236691793
C: 32 8 2 8 16 0 3.44207493464152
C: 32 8 2 16 16 0 7.368276977539063
C: 32 8 4 1 1 0 0.07292402585347493
C: 32 8 4 1 2 0 0.07276231447855631
C: 32 8 4 1 4 0 0.07249279816945393
C: 32 8 4 1 8 0 0.0726966937383016
C: 32 8 4 2 2 0 0.0724051554997762
C: 32 8 4 2 4 0 0.07260409196217855
C: 32 8 4 2 8 0 0.07248732248942057
C: 32 8 4 4 4 0 0.07238787015279134
C: 32 8 4 4 8 0 0.07239518960316976
C: 32 8 4 8 8 0 4.022812374432882
C: 32 8 8 1 1 0 0.07274442513783773
C: 32 8 8 1 2 0 0.07246535619099935
C: 32 8 8 1 4 0 0.07296099662780761
C: 32 8 8 2 2 0 0.07262278397878011
C: 32 8 8 2 4 0 0.07267285188039144
C: 32 8 8 4 4 0 0.07285168170928955
C: 64 1 1 1 1 0 0.04964528878529866
C: 64 1 1 1 2 0 0.0497818390528361
C: 64 1 1 1 4 0 0.04935062726338704
C: 64 1 1 1 8 0 0.05007913907368978
C: 64 1 1 1 16 0 0.04942878087361654
C: 64 1 1 1 32 0 0.04947632948557536
C: 64 1 1 1 64 0 0.049559704462687176
C: 64 1 1 2 2 0 0.049257175127665205
C: 64 1 1 2 4 0 0.04956976572672526
C: 64 1 1 2 8 0 0.04931193192799886
C: 64 1 1 2 16 0 0.0493178129196167
C: 64 1 1 2 32 0 0.049397611618041994
C: 64 1 1 2 64 0 0.05008962949117025
C: 64 1 1 4 4 0 0.049733821551005045
C: 64 1 1 4 8 0 0.04982967376708984
C: 64 1 1 4 16 0 0.04981498718261719
C: 64 1 1 4 32 0 0.049728194872538246
C: 64 1 1 4 64 0 0.04970889886220296
C: 64 1 1 8 8 0 0.049634941418965656
C: 64 1 1 8 16 0 0.04974994659423828
C: 64 1 1 8 32 0 0.049610257148742676
C: 64 1 1 8 64 0 0.05002712408701579
C: 64 1 1 16 16 0 0.07314751942952474
C: 64 1 1 16 32 0 0.07304495175679525
C: 64 1 1 16 64 0 0.07263721625010172
C: 64 1 1 32 32 0 0.10063911279042562
C: 64 1 1 32 64 0 0.1003964106241862
C: 64 1 1 64 64 0 0.1716023365656535
C: 64 2 1 1 1 0 0.053807703653971355
C: 64 2 1 1 2 0 0.05366607507069906
C: 64 2 1 1 4 0 0.053760743141174315
C: 64 2 1 1 8 0 0.05379800001780192
C: 64 2 1 1 16 0 0.05352439085642497
C: 64 2 1 1 32 0 0.05403296152750651
C: 64 2 1 1 64 0 0.053691522280375166
C: 64 2 1 2 2 0 0.05401045481363932
C: 64 2 1 2 4 0 0.05389206409454346
C: 64 2 1 2 8 0 0.053581372896830244
C: 64 2 1 2 16 0 0.05375887552897136
C: 64 2 1 2 32 0 0.053753201166788736
C: 64 2 1 2 64 0 0.053667545318603516
C: 64 2 1 4 4 0 0.05374361673990886
C: 64 2 1 4 8 0 0.053580522537231445
C: 64 2 1 4 16 0 0.05363820393880208
C: 64 2 1 4 32 0 0.05368948777516683
C: 64 2 1 4 64 0 0.053653407096862796
C: 64 2 1 8 8 0 0.053502988815307614
C: 64 2 1 8 16 0 0.05408929983774821
C: 64 2 1 8 32 0 0.054010836283365886
C: 64 2 1 8 64 0 0.053246315320332846
C: 64 2 1 16 16 0 2.561022647221883
C: 64 2 1 16 32 0 2.484583608309428
C: 64 2 1 16 64 0 2.47596009572347
C: 64 2 1 32 32 0 0.32370174725850426
C: 64 2 1 32 64 0 0.32347705364227297
C: 64 2 1 64 64 0 0.5204630613327026
C: 64 2 2 1 1 0 0.053358062108357744
C: 64 2 2 1 2 0 0.05355399449666341
C: 64 2 2 1 4 0 0.053216711680094404
C: 64 2 2 1 8 0 0.053358848889668783
C: 64 2 2 1 16 0 0.05351392428080241
C: 64 2 2 1 32 0 0.053545109430948895
C: 64 2 2 2 2 0 0.05345134735107422
C: 64 2 2 2 4 0 0.053304648399353026
C: 64 2 2 2 8 0 0.053301270802815756
C: 64 2 2 2 16 0 0.05317980448404948
C: 64 2 2 2 32 0 0.053572980562845866
C: 64 2 2 4 4 0 0.05331254800160726
C: 64 2 2 4 8 0 0.053361765543619794
C: 64 2 2 4 16 0 0.05353852907816569
C: 64 2 2 4 32 0 0.05350469748179118
C: 64 2 2 8 8 0 0.05418245792388916
C: 64 2 2 8 16 0 0.05372065703074137
C: 64 2 2 8 32 0 0.05386532147725423
C: 64 2 2 16 16 0 2.5560030539830527
C: 64 2 2 16 32 0 2.485907769203186
C: 64 2 2 32 32 0 0.3222793658574422
C: 64 4 1 1 1 0 0.05984445412953695
C: 64 4 1 1 2 0 0.05981749693552653
C: 64 4 1 1 4 0 0.06014784177144369
C: 64 4 1 1 8 0 0.05976752440134684
C: 64 4 1 1 16 0 0.059758385022481285
C: 64 4 1 1 32 0 0.05987544854482015
C: 64 4 1 1 64 0 0.059891915321350096
C: 64 4 1 2 2 0 0.059804471333821614
C: 64 4 1 2 4 0 0.06001777648925781
C: 64 4 1 2 8 0 0.05966235001881917
C: 64 4 1 2 16 0 0.05972669124603271
C: 64 4 1 2 32 0 0.05977760950724284
C: 64 4 1 2 64 0 0.06008477210998535
C: 64 4 1 4 4 0 0.06014668941497803
C: 64 4 1 4 8 0 0.06019318103790283
C: 64 4 1 4 16 0 0.06015783150990804
C: 64 4 1 4 32 0 0.05998403231302897
C: 64 4 1 4 64 0 0.05961447556813558
C: 64 4 1 8 8 0 0.0606164296468099
C: 64 4 1 8 16 0 0.060451992352803546
C: 64 4 1 8 32 0 0.06009035110473633
C: 64 4 1 8 64 0 0.05998977025349935
C: 64 4 1 16 16 0 4.75698090394338
C: 64 4 1 16 32 0 4.56932380994161
C: 64 4 1 16 64 0 4.580428616205851
C: 64 4 1 32 32 0 6.304903451601664
C: 64 4 1 32 64 0 6.14884725411733
C: 64 4 1 64 64 0 0.8445075670878093
C: 64 4 2 1 1 0 0.060180068016052246
C: 64 4 2 1 2 0 0.0596013069152832
C: 64 4 2 1 4 0 0.059581812222798666
C: 64 4 2 1 8 0 0.0601252555847168
C: 64 4 2 1 16 0 0.060185058911641436
C: 64 4 2 1 32 0 0.06024653116861979
C: 64 4 2 2 2 0 0.06043488979339599
C: 64 4 2 2 4 0 0.05993421077728271
C: 64 4 2 2 8 0 0.060361655553181966
C: 64 4 2 2 16 0 0.060449798901875816
C: 64 4 2 2 32 0 0.06048582394917806
C: 64 4 2 4 4 0 0.06024188200632731
C: 64 4 2 4 8 0 0.06037416458129883
C: 64 4 2 4 16 0 0.060567251841227215
C: 64 4 2 4 32 0 0.06096737384796143
C: 64 4 2 8 8 0 0.06068706512451172
C: 64 4 2 8 16 0 0.05971758365631104
C: 64 4 2 8 32 0 0.05981253782908122
C: 64 4 2 16 16 0 4.745842297871907
C: 64 4 2 16 32 0 4.592641774813334
C: 64 4 2 32 32 0 6.351163482666015
C: 64 4 4 1 1 0 0.06024336814880371
C: 64 4 4 1 2 0 0.06062948703765869
C: 64 4 4 1 4 0 0.06056981086730957
C: 64 4 4 1 8 0 0.06024760405222575
C: 64 4 4 1 16 0 0.060062718391418454
C: 64 4 4 2 2 0 0.05994276205698649
C: 64 4 4 2 4 0 0.06043735345204671
C: 64 4 4 2 8 0 0.06036507288614909
C: 64 4 4 2 16 0 0.06026906172434489
C: 64 4 4 4 4 0 0.059898002942403154
C: 64 4 4 4 8 0 0.05984498659769694
C: 64 4 4 4 16 0 0.06021400292714437
C: 64 4 4 8 8 0 0.06004312833150228
C: 64 4 4 8 16 0 0.060255575180053714
C: 64 4 4 16 16 0 4.767334882418314
C: 64 8 1 1 1 0 0.07256476084391277
C: 64 8 1 1 2 0 0.07253185907999675
C: 64 8 1 1 4 0 0.07273252010345459
C: 64 8 1 1 8 0 0.07284597555796306
C: 64 8 1 1 16 0 0.07206607659657796
C: 64 8 1 1 32 0 0.07335468133290608
C: 64 8 1 1 64 0 0.07400298913319905
C: 64 8 1 2 2 0 0.07300732930501302
C: 64 8 1 2 4 0 0.07265994548797608
C: 64 8 1 2 8 0 0.07226272424062093
C: 64 8 1 2 16 0 0.07262419064839681
C: 64 8 1 2 32 0 0.07478634516398112
C: 64 8 1 2 64 0 0.07460161844889322
C: 64 8 1 4 4 0 0.0730571190516154
C: 64 8 1 4 8 0 0.07302242914835612
C: 64 8 1 4 16 0 0.072749662399292
C: 64 8 1 4 32 0 0.07232795556386312
C: 64 8 1 4 64 0 0.07239510218302408
C: 64 8 1 8 8 0 0.07192070484161377
C: 64 8 1 8 16 0 0.0720557689666748
C: 64 8 1 8 32 0 0.07236586411794027
C: 64 8 1 8 64 0 0.07339003086090087
C: 64 8 1 16 16 0 11.94874709447225
C: 64 8 1 16 32 0 11.466977087656657
C: 64 8 1 16 64 0 11.365544287363688
C: 64 8 1 32 32 0 16.8756117105484
C: 64 8 1 32 64 0 16.270103287696838
C: 64 8 1 64 64 0 24.59543344179789
C: 64 8 2 1 1 0 0.07252720991770427
C: 64 8 2 1 2 0 0.07340428829193116
C: 64 8 2 1 4 0 0.07267455259958903
C: 64 8 2 1 8 0 0.07284424304962159
C: 64 8 2 1 16 0 0.07241897583007813
C: 64 8 2 1 32 0 0.07319281895955404
C: 64 8 2 2 2 0 0.07238966623942057
C: 64 8 2 2 4 0 0.07264063358306885
C: 64 8 2 2 8 0 0.07259863217671712
C: 64 8 2 2 16 0 0.07249849637349447
C: 64 8 2 2 32 0 0.07273108164469401
C: 64 8 2 4 4 0 0.07281293869018554
C: 64 8 2 4 8 0 0.07243944009145101
C: 64 8 2 4 16 0 0.07261752287546794
C: 64 8 2 4 32 0 0.07277926603953043
C: 64 8 2 8 8 0 0.07273666063944499
C: 64 8 2 8 16 0 0.07265191872914632
C: 64 8 2 8 32 0 0.0726093610127767
C: 64 8 2 16 16 0 12.124858744939168
