4 1 0 0 3 0.000080 0
4 1 0 1 4 0.000129 1
4 1 0 2 4 0.000135 1
4 1 0 3 4 0.000078 1
4 1 0 4 4 0.000040 1
4 1 0 5 4 0.000046 1
4 1 0 6 2 0.000021 2
4 1 0 7 2 0.000022 1
4 1 0 8 4 0.000044 1
4 1 0 9 2 0.000019 0
4 1 0 10 4 0.000045 1
4 1 0 11 3 0.000032 0
4 1 0 12 4 0.000047 1
4 1 0 13 2 0.000023 1
4 1 0 14 4 0.000042 1
4 1 0 15 4 0.000044 0
4 1 0 16 2 0.000020 0
4 1 0 17 3 0.000029 1
4 1 0 18 2 0.000021 1
4 1 0 19 2 0.000022 1
4 1 0 20 2 0.000021 0
4 1 0 21 2 0.000020 1
4 1 0 22 4 0.000044 0
4 1 0 23 4 0.000038 0
4 1 0 24 4 0.000036 0
4 1 0 25 4 0.000040 0
4 1 0 26 4 0.000046 1
4 1 0 27 4 0.000043 0
4 1 0 28 4 0.000045 1
4 1 0 29 4 0.000039 0
4 1 0 30 4 0.000044 1
4 1 0 31 4 0.000047 2
4 1 0 32 2 0.000020 0
4 1 0 33 4 0.000045 2
4 1 0 34 4 0.000046 1
4 1 0 35 2 0.000021 1
4 1 0 36 4 0.000048 1
4 1 0 37 4 0.000035 0
4 1 0 38 2 0.000022 0
4 1 0 39 3 0.000029 1
4 1 0 40 4 0.000053 2
4 1 0 41 2 0.000021 0
4 1 0 42 2 0.000022 0
4 1 0 43 4 0.000037 0
4 1 0 44 2 0.000022 2
4 1 0 45 4 0.000043 0
4 1 0 46 4 0.000037 0
4 1 0 47 4 0.000041 1
4 1 0 48 4 0.000043 1
4 1 0 49 4 0.000051 1
4 1 0 50 4 0.000041 1
4 1 0 51 4 0.000040 1
4 1 0 52 3 0.000029 0
4 1 0 53 4 0.000043 0
4 1 0 54 3 0.000032 1
4 1 0 55 3 0.000029 1
4 1 0 56 4 0.000041 0
4 1 0 57 4 0.000041 1
4 1 0 58 4 0.000041 0
4 1 0 59 4 0.000039 0
4 1 0 60 4 0.000040 1
4 1 0 61 4 0.000047 2
4 1 0 62 2 0.000021 1
4 1 0 63 4 0.000046 1
4 1 0 64 4 0.000041 1
4 1 0 65 4 0.000042 0
4 1 0 66 4 0.000048 1
4 1 0 67 3 0.000029 1
4 1 0 68 4 0.000040 1
4 1 0 69 4 0.000052 2
4 1 0 70 4 0.000039 0
4 1 0 71 4 0.000045 1
4 1 0 72 3 0.000032 2
4 1 0 73 4 0.000042 1
4 1 0 74 4 0.000043 1
4 1 0 75 4 0.000035 0
4 1 0 76 4 0.000045 1
4 1 0 77 4 0.000046 1
4 1 0 78 4 0.000038 0
4 1 0 79 4 0.000049 2
4 1 0 80 4 0.000044 1
4 1 0 81 4 0.000044 1
4 1 0 82 3 0.000027 0
4 1 0 83 4 0.000042 1
4 1 0 84 2 0.000020 1
4 1 0 85 4 0.000048 2
4 1 0 86 4 0.000043 0
4 1 0 87 4 0.000047 0
4 1 0 88 4 0.000037 0
4 1 0 89 4 0.000047 2
4 1 0 90 4 0.000040 0
4 1 0 91 4 0.000051 2
4 1 0 92 4 0.000050 2
4 1 0 93 4 0.000044 1
4 1 0 94 2 0.000022 1
4 1 0 95 4 0.000042 1
4 1 0 96 4 0.000045 1
4 1 0 97 2 0.000022 1
4 1 0 98 4 0.000047 0
4 1 0 99 4 0.000048 2
4 2 0 0 1 0.000012 0
4 2 0 1 4 0.000046 1
4 2 0 2 3 0.000035 1
4 2 0 3 3 0.000034 1
4 2 0 4 3 0.000032 1
4 2 0 5 5 0.000061 1
4 2 0 6 3 0.000035 2
4 2 0 7 4 0.000044 1
4 2 0 8 5 0.000059 1
4 2 0 9 4 0.000042 0
4 2 0 10 5 0.000064 1
4 2 0 11 1 0.000012 0
4 2 0 12 5 0.000065 1
4 2 0 13 4 0.000049 1
4 2 0 14 3 0.000034 1
4 2 0 15 4 0.000046 0
4 2 0 16 4 0.000044 0
4 2 0 17 1 0.000013 1
4 2 0 18 4 0.000041 1
4 2 0 19 4 0.000044 1
4 2 0 20 4 0.000047 0
4 2 0 21 3 0.000033 1
4 2 0 22 5 0.000064 0
4 2 0 23 4 0.000046 0
4 2 0 24 4 0.000042 0
4 2 0 25 5 0.000064 0
4 2 0 26 5 0.000061 1
4 2 0 27 3 0.000034 0
4 2 0 28 5 0.000063 1
4 2 0 29 5 0.000062 0
4 2 0 30 5 0.000060 1
4 2 0 31 4 0.000059 2
4 2 0 32 4 0.000044 0
4 2 0 33 5 0.000062 2
4 2 0 34 5 0.000063 1
4 2 0 35 2 0.000021 1
4 2 0 36 5 0.000068 1
4 2 0 37 4 0.000042 0
4 2 0 38 4 0.000043 0
4 2 0 39 1 0.000012 1
4 2 0 40 5 0.000078 2
4 2 0 41 3 0.000033 0
4 2 0 42 4 0.000051 2
4 2 0 43 3 0.000031 0
4 2 0 44 4 0.000050 2
4 2 0 45 5 0.000062 0
4 2 0 46 3 0.000031 0
4 2 0 47 3 0.000032 1
4 2 0 48 3 0.000035 1
4 2 0 49 5 0.000075 1
4 2 0 50 3 0.000032 1
4 2 0 51 2 0.000022 1
4 2 0 52 1 0.000012 0
4 2 0 53 5 0.000063 0
4 2 0 54 1 0.000012 1
4 2 0 55 1 0.000013 1
4 2 0 56 5 0.000059 0
4 2 0 57 3 0.000033 1
4 2 0 58 5 0.000066 0
4 2 0 59 5 0.000062 0
4 2 0 60 3 0.000033 1
4 2 0 61 5 0.000062 2
4 2 0 62 3 0.000030 1
4 2 0 63 3 0.000035 1
4 2 0 64 3 0.000032 1
4 2 0 65 3 0.000033 0
4 2 0 66 5 0.000066 1
4 2 0 67 1 0.000013 1
4 2 0 68 3 0.000032 1
4 2 0 69 5 0.000080 2
4 2 0 70 5 0.000054 0
4 2 0 71 5 0.000062 1
4 2 0 72 1 0.000013 2
4 2 0 73 3 0.000033 1
4 2 0 74 3 0.000034 1
4 2 0 75 3 0.000030 0
4 2 0 76 3 0.000037 1
4 2 0 77 5 0.000063 1
4 2 0 78 3 0.000030 0
4 2 0 79 5 0.000070 2
4 2 0 80 4 0.000051 1
4 2 0 81 4 0.000047 1
4 2 0 82 1 0.000014 0
4 2 0 83 4 0.000046 1
4 2 0 84 3 0.000031 1
4 2 0 85 4 0.000055 2
4 2 0 86 5 0.000068 0
4 2 0 87 5 0.000073 0
4 2 0 88 3 0.000031 0
4 2 0 89 3 0.000038 2
4 2 0 90 5 0.000064 0
4 2 0 91 5 0.000079 2
4 2 0 92 3 0.000039 2
4 2 0 93 5 0.000063 1
4 2 0 94 3 0.000032 1
4 2 0 95 5 0.000055 1
4 2 0 96 5 0.000065 1
4 2 0 97 4 0.000045 1
4 2 0 98 3 0.000036 0
4 2 0 99 5 0.000070 2
4 4 0 0 2 0.000025 0
4 4 0 1 5 0.000061 1
4 4 0 2 4 0.000047 1
4 4 0 3 4 0.000047 1
4 4 0 4 4 0.000046 1
4 4 0 5 5 0.000065 1
4 4 0 6 2 0.000026 2
4 4 0 7 4 0.000049 1
4 4 0 8 6 0.000076 1
4 4 0 9 4 0.000048 0
4 4 0 10 6 0.000082 1
4 4 0 11 2 0.000024 0
4 4 0 12 6 0.000090 1
4 4 0 13 4 0.000053 1
4 4 0 14 4 0.000048 1
4 4 0 15 5 0.000061 0
4 4 0 16 4 0.000055 0
4 4 0 17 2 0.000022 1
4 4 0 18 3 0.000032 1
4 4 0 19 4 0.000055 1
4 4 0 20 4 0.000056 2
4 4 0 21 2 0.000024 1
4 4 0 22 5 0.000066 0
4 4 0 23 5 0.000062 0
4 4 0 24 5 0.000059 0
4 4 0 25 6 0.000084 0
4 4 0 26 6 0.000082 1
4 4 0 27 4 0.000054 0
4 4 0 28 6 0.000082 1
4 4 0 29 5 0.000066 0
4 4 0 30 5 0.000064 1
4 4 0 31 5 0.000078 2
4 4 0 32 4 0.000056 0
4 4 0 33 5 0.000068 2
4 4 0 34 6 0.000083 1
4 4 0 35 2 0.000025 1
4 4 0 36 6 0.000092 1
4 4 0 37 5 0.000061 0
4 4 0 38 4 0.000047 0
4 4 0 39 2 0.000021 1
4 4 0 40 6 0.000104 2
4 4 0 41 2 0.000024 0
4 4 0 42 4 0.000055 2
4 4 0 43 3 0.000032 0
4 4 0 44 4 0.000059 2
4 4 0 45 5 0.000065 0
4 4 0 46 4 0.000047 0
4 4 0 47 4 0.000047 1
4 4 0 48 4 0.000048 1
4 4 0 49 6 0.000098 1
4 4 0 50 4 0.000046 1
4 4 0 51 3 0.000032 1
4 4 0 52 2 0.000021 0
4 4 0 53 5 0.000066 0
4 4 0 54 2 0.000025 1
4 4 0 55 2 0.000023 1
4 4 0 56 5 0.000071 0
4 4 0 57 4 0.000047 1
4 4 0 58 6 0.000089 0
4 4 0 59 6 0.000081 0
4 4 0 60 4 0.000045 1
4 4 0 61 5 0.000067 2
4 4 0 62 2 0.000022 1
4 4 0 63 4 0.000057 1
4 4 0 64 4 0.000044 1
4 4 0 65 4 0.000044 0
4 4 0 66 6 0.000088 1
4 4 0 67 2 0.000023 1
4 4 0 68 4 0.000044 1
4 4 0 69 6 0.000107 2
4 4 0 70 5 0.000062 0
4 4 0 71 5 0.000068 1
4 4 0 72 2 0.000026 2
4 4 0 73 4 0.000044 1
4 4 0 74 4 0.000047 1
4 4 0 75 4 0.000048 0
4 4 0 76 4 0.000052 1
4 4 0 77 5 0.000065 1
4 4 0 78 4 0.000046 0
4 4 0 79 5 0.000072 2
4 4 0 80 5 0.000066 1
4 4 0 81 5 0.000061 1
4 4 0 82 2 0.000023 0
4 4 0 83 5 0.000059 1
4 4 0 84 2 0.000023 1
4 4 0 85 5 0.000072 2
4 4 0 86 6 0.000089 0
4 4 0 87 6 0.000093 0
4 4 0 88 4 0.000047 0
4 4 0 89 3 0.000043 2
4 4 0 90 6 0.000080 0
4 4 0 91 6 0.000098 2
4 4 0 92 4 0.000055 2
4 4 0 93 6 0.000077 1
4 4 0 94 2 0.000025 1
4 4 0 95 5 0.000057 1
4 4 0 96 6 0.000080 1
4 4 0 97 4 0.000047 1
4 4 0 98 4 0.000053 2
4 4 0 99 5 0.000070 2
8 1 0 0 7 0.000073 1
8 1 0 1 7 0.000072 1
8 1 0 2 8 0.000069 0
8 1 0 3 8 0.000082 1
8 1 0 4 7 0.000066 1
8 1 0 5 4 0.000038 1
8 1 0 6 7 0.000082 2
8 1 0 7 6 0.000063 2
8 1 0 8 5 0.000047 1
8 1 0 9 7 0.000069 0
8 1 0 10 8 0.000068 0
8 1 0 11 7 0.000071 1
8 1 0 12 8 0.000090 1
8 1 0 13 7 0.000069 0
8 1 0 14 8 0.000088 1
8 1 0 15 7 0.000073 1
8 1 0 16 7 0.000083 2
8 1 0 17 8 0.000084 1
8 1 0 18 8 0.000078 0
8 1 0 19 7 0.000070 1
8 1 0 20 8 0.000095 1
8 1 0 21 6 0.000061 1
8 1 0 22 8 0.000071 0
8 1 0 23 7 0.000077 1
8 1 0 24 7 0.000068 1
8 1 0 25 8 0.000071 0
8 1 0 26 8 0.000067 0
8 1 0 27 7 0.000079 1
8 1 0 28 8 0.000087 1
8 1 0 29 8 0.000087 1
8 1 0 30 7 0.000061 0
8 1 0 31 6 0.000067 1
8 1 0 32 7 0.000070 1
8 1 0 33 7 0.000073 1
8 1 0 34 6 0.000066 1
8 1 0 35 6 0.000058 1
8 1 0 36 8 0.000088 1
8 1 0 37 6 0.000060 1
8 1 0 38 7 0.000081 1
8 1 0 39 8 0.000076 0
8 1 0 40 6 0.000045 0
8 1 0 41 7 0.000067 0
8 1 0 42 6 0.000048 0
8 1 0 43 8 0.000096 2
8 1 0 44 6 0.000063 1
8 1 0 45 7 0.000071 1
8 1 0 46 8 0.000084 0
8 1 0 47 8 0.000089 2
8 1 0 48 6 0.000065 1
8 1 0 49 7 0.000059 0
8 1 0 50 8 0.000097 1
8 1 0 51 8 0.000092 1
8 1 0 52 8 0.000098 1
8 1 0 53 8 0.000075 0
8 1 0 54 8 0.000085 1
8 1 0 55 7 0.000073 2
8 1 0 56 7 0.000074 1
8 1 0 57 8 0.000088 1
8 1 0 58 8 0.000074 0
8 1 0 59 8 0.000089 1
8 1 0 60 8 0.000099 2
8 1 0 61 7 0.000057 0
8 1 0 62 6 0.000054 0
8 1 0 63 8 0.000087 1
8 1 0 64 8 0.000091 1
8 1 0 65 7 0.000077 1
8 1 0 66 8 0.000088 2
8 1 0 67 8 0.000077 0
8 1 0 68 8 0.000090 1
8 1 0 69 7 0.000084 2
8 1 0 70 7 0.000063 0
8 1 0 71 7 0.000065 0
8 1 0 72 7 0.000077 1
8 1 0 73 7 0.000065 0
8 1 0 74 7 0.000065 0
8 1 0 75 8 0.000068 0
8 1 0 76 8 0.000088 1
8 1 0 77 8 0.000094 1
8 1 0 78 8 0.000070 0
8 1 0 79 6 0.000059 1
8 1 0 80 8 0.000099 2
8 1 0 81 8 0.000086 1
8 1 0 82 6 0.000063 1
8 1 0 83 6 0.000047 0
8 1 0 84 7 0.000075 1
8 1 0 85 6 0.000062 2
8 1 0 86 8 0.000069 0
8 1 0 87 7 0.000054 0
8 1 0 88 8 0.000083 1
8 1 0 89 8 0.000090 2
8 1 0 90 8 0.000088 1
8 1 0 91 7 0.000056 0
8 1 0 92 7 0.000077 2
8 1 0 93 6 0.000070 1
8 1 0 94 8 0.000073 0
8 1 0 95 8 0.000091 1
8 1 0 96 6 0.000060 1
8 1 0 97 8 0.000088 1
8 1 0 98 8 0.000090 1
8 1 0 99 8 0.000090 1
8 2 0 0 9 0.000115 1
8 2 0 1 7 0.000093 1
8 2 0 2 7 0.000086 0
8 2 0 3 8 0.000098 1
8 2 0 4 4 0.000044 1
8 2 0 5 4 0.000047 1
8 2 0 6 9 0.000153 2
8 2 0 7 6 0.000088 2
8 2 0 8 5 0.000056 1
8 2 0 9 8 0.000113 2
8 2 0 10 8 0.000113 0
8 2 0 11 6 0.000063 1
8 2 0 12 7 0.000094 1
8 2 0 13 9 0.000161 0
8 2 0 14 8 0.000108 1
8 2 0 15 9 0.000132 1
8 2 0 16 8 0.000125 2
8 2 0 17 8 0.000123 1
8 2 0 18 7 0.000096 0
8 2 0 19 6 0.000081 1
8 2 0 20 9 0.000130 1
8 2 0 21 6 0.000065 1
8 2 0 22 9 0.000128 0
8 2 0 23 9 0.000138 1
8 2 0 24 4 0.000049 1
8 2 0 25 6 0.000082 0
8 2 0 26 9 0.000116 0
8 2 0 27 9 0.000139 1
8 2 0 28 10 0.000146 1
8 2 0 29 9 0.000138 1
8 2 0 30 9 0.000126 0
8 2 0 31 8 0.000113 1
8 2 0 32 7 0.000084 1
8 2 0 33 8 0.000113 1
8 2 0 34 8 0.000104 1
8 2 0 35 8 0.000105 2
8 2 0 36 10 0.000142 1
8 2 0 37 8 0.000098 1
8 2 0 38 8 0.000124 1
8 2 0 39 10 0.000160 0
8 2 0 40 7 0.000067 0
8 2 0 41 7 0.000078 0
8 2 0 42 8 0.000080 0
8 2 0 43 9 0.000174 2
8 2 0 44 8 0.000100 1
8 2 0 45 9 0.000102 1
8 2 0 46 10 0.000179 0
8 2 0 47 6 0.000086 2
8 2 0 48 7 0.000099 1
8 2 0 49 6 0.000058 0
8 2 0 50 8 0.000147 2
8 2 0 51 10 0.000149 1
8 2 0 52 10 0.000183 1
8 2 0 53 9 0.000148 0
8 2 0 54 8 0.000108 1
8 2 0 55 8 0.000100 2
8 2 0 56 9 0.000117 1
8 2 0 57 7 0.000103 1
8 2 0 58 10 0.000154 0
8 2 0 59 7 0.000094 1
8 2 0 60 10 0.000195 2
8 2 0 61 10 0.000138 0
8 2 0 62 7 0.000082 0
8 2 0 63 9 0.000120 1
8 2 0 64 10 0.000158 1
8 2 0 65 8 0.000121 1
8 2 0 66 8 0.000116 2
8 2 0 67 10 0.000175 0
8 2 0 68 9 0.000140 1
8 2 0 69 9 0.000162 2
8 2 0 70 8 0.000117 0
8 2 0 71 8 0.000126 0
8 2 0 72 9 0.000133 1
8 2 0 73 8 0.000120 0
8 2 0 74 8 0.000107 0
8 2 0 75 8 0.000103 0
8 2 0 76 8 0.000114 1
8 2 0 77 9 0.000150 1
8 2 0 78 9 0.000104 0
8 2 0 79 6 0.000064 1
8 2 0 80 10 0.000209 2
8 2 0 81 8 0.000114 1
8 2 0 82 6 0.000070 1
8 2 0 83 5 0.000058 0
8 2 0 84 8 0.000115 1
8 2 0 85 7 0.000101 2
8 2 0 86 7 0.000094 0
8 2 0 87 8 0.000089 0
8 2 0 88 5 0.000061 1
8 2 0 89 9 0.000149 2
8 2 0 90 8 0.000113 1
8 2 0 91 7 0.000094 0
8 2 0 92 8 0.000146 2
8 2 0 93 7 0.000084 1
8 2 0 94 10 0.000147 0
8 2 0 95 9 0.000145 1
8 2 0 96 5 0.000055 1
8 2 0 97 9 0.000121 1
8 2 0 98 9 0.000146 1
8 2 0 99 7 0.000095 1
8 4 0 0 8 0.000128 1
8 4 0 1 7 0.000102 1
8 4 0 2 11 0.000213 0
8 4 0 3 11 0.000180 1
8 4 0 4 5 0.000060 1
8 4 0 5 3 0.000034 1
8 4 0 6 11 0.000249 2
8 4 0 7 5 0.000081 2
8 4 0 8 5 0.000061 1
8 4 0 9 8 0.000128 2
8 4 0 10 10 0.000177 0
8 4 0 11 8 0.000110 1
8 4 0 12 10 0.000176 1
8 4 0 13 11 0.000262 0
8 4 0 14 10 0.000172 1
8 4 0 15 9 0.000172 1
8 4 0 16 7 0.000113 2
8 4 0 17 10 0.000191 1
8 4 0 18 10 0.000181 0
8 4 0 19 6 0.000089 1
8 4 0 20 11 0.000205 1
8 4 0 21 8 0.000106 1
8 4 0 22 11 0.000205 0
8 4 0 23 10 0.000200 1
8 4 0 24 6 0.000081 1
8 4 0 25 9 0.000184 0
8 4 0 26 10 0.000189 0
8 4 0 27 11 0.000209 1
8 4 0 28 12 0.000243 1
8 4 0 29 11 0.000215 1
8 4 0 30 9 0.000189 0
8 4 0 31 10 0.000210 1
8 4 0 32 8 0.000122 1
8 4 0 33 9 0.000149 1
8 4 0 34 8 0.000144 1
8 4 0 35 6 0.000091 2
8 4 0 36 12 0.000241 1
8 4 0 37 7 0.000100 1
8 4 0 38 9 0.000171 1
8 4 0 39 13 0.000298 0
8 4 0 40 7 0.000095 0
8 4 0 41 7 0.000087 0
8 4 0 42 6 0.000092 0
8 4 0 43 11 0.000283 2
8 4 0 44 9 0.000149 1
8 4 0 45 8 0.000121 1
8 4 0 46 13 0.000345 0
8 4 0 47 8 0.000126 2
8 4 0 48 10 0.000151 1
8 4 0 49 8 0.000112 0
8 4 0 50 12 0.000319 2
8 4 0 51 12 0.000272 1
8 4 0 52 13 0.000350 1
8 4 0 53 11 0.000242 0
8 4 0 54 10 0.000159 1
8 4 0 55 9 0.000155 2
8 4 0 56 10 0.000166 1
8 4 0 57 11 0.000244 1
8 4 0 58 12 0.000265 0
8 4 0 59 10 0.000188 1
8 4 0 60 12 0.000343 2
8 4 0 61 10 0.000196 0
8 4 0 62 8 0.000126 0
8 4 0 63 11 0.000194 1
8 4 0 64 12 0.000285 1
8 4 0 65 9 0.000172 1
8 4 0 66 10 0.000177 2
8 4 0 67 13 0.000331 0
8 4 0 68 10 0.000201 1
8 4 0 69 8 0.000164 2
8 4 0 70 9 0.000165 0
8 4 0 71 9 0.000170 0
8 4 0 72 10 0.000202 1
8 4 0 73 9 0.000185 0
8 4 0 74 7 0.000103 0
8 4 0 75 10 0.000179 0
8 4 0 76 12 0.000250 1
8 4 0 77 11 0.000238 1
8 4 0 78 11 0.000173 0
8 4 0 79 6 0.000065 1
8 4 0 80 13 0.000398 2
8 4 0 81 10 0.000192 1
8 4 0 82 8 0.000113 1
8 4 0 83 6 0.000094 0
8 4 0 84 7 0.000120 1
8 4 0 85 9 0.000212 2
8 4 0 86 10 0.000179 0
8 4 0 87 8 0.000126 0
8 4 0 88 8 0.000135 1
8 4 0 89 10 0.000216 2
8 4 0 90 12 0.000264 1
8 4 0 91 8 0.000127 0
8 4 0 92 8 0.000165 2
8 4 0 93 6 0.000078 1
8 4 0 94 13 0.000279 0
8 4 0 95 11 0.000252 1
8 4 0 96 6 0.000083 1
8 4 0 97 10 0.000181 1
8 4 0 98 11 0.000248 1
8 4 0 99 9 0.000161 1
8 8 0 0 9 0.000158 1
8 8 0 1 7 0.000115 1
8 8 0 2 10 0.000218 0
8 8 0 3 10 0.000182 1
8 8 0 4 5 0.000072 1
8 8 0 5 4 0.000047 1
8 8 0 6 12 0.000303 2
8 8 0 7 6 0.000105 2
8 8 0 8 6 0.000082 1
8 8 0 9 8 0.000136 2
8 8 0 10 10 0.000187 0
8 8 0 11 7 0.000108 1
8 8 0 12 9 0.000183 1
8 8 0 13 12 0.000323 0
8 8 0 14 10 0.000191 1
8 8 0 15 9 0.000189 1
8 8 0 16 8 0.000156 2
8 8 0 17 10 0.000207 1
8 8 0 18 10 0.000198 0
8 8 0 19 7 0.000104 1
8 8 0 20 11 0.000232 1
8 8 0 21 7 0.000098 1
8 8 0 22 11 0.000242 0
8 8 0 23 10 0.000212 1
8 8 0 24 6 0.000087 1
8 8 0 25 9 0.000195 0
8 8 0 26 10 0.000197 0
8 8 0 27 11 0.000248 1
8 8 0 28 13 0.000296 1
8 8 0 29 12 0.000252 1
8 8 0 30 10 0.000238 0
8 8 0 31 10 0.000247 1
8 8 0 32 9 0.000146 1
8 8 0 33 10 0.000185 1
8 8 0 34 9 0.000178 1
8 8 0 35 7 0.000112 2
8 8 0 36 12 0.000256 1
8 8 0 37 7 0.000111 1
8 8 0 38 10 0.000219 1
8 8 0 39 13 0.000340 0
8 8 0 40 7 0.000106 0
8 8 0 41 7 0.000091 0
8 8 0 42 7 0.000115 0
8 8 0 43 11 0.000298 2
8 8 0 44 9 0.000158 1
8 8 0 45 8 0.000121 1
8 8 0 46 13 0.000379 0
8 8 0 47 8 0.000144 2
8 8 0 48 8 0.000133 1
8 8 0 49 8 0.000138 0
8 8 0 50 12 0.000348 2
8 8 0 51 12 0.000276 1
8 8 0 52 14 0.000441 1
8 8 0 53 11 0.000266 0
8 8 0 54 9 0.000141 1
8 8 0 55 9 0.000178 2
8 8 0 56 11 0.000196 1
8 8 0 57 11 0.000276 1
8 8 0 58 13 0.000316 0
8 8 0 59 10 0.000210 1
8 8 0 60 13 0.000384 2
8 8 0 61 11 0.000234 0
8 8 0 62 7 0.000117 0
8 8 0 63 10 0.000184 1
8 8 0 64 12 0.000299 1
8 8 0 65 9 0.000181 1
8 8 0 66 9 0.000164 2
8 8 0 67 13 0.000352 0
8 8 0 68 11 0.000241 1
8 8 0 69 9 0.000199 2
8 8 0 70 9 0.000172 0
8 8 0 71 9 0.000188 0
8 8 0 72 11 0.000239 1
8 8 0 73 10 0.000238 0
8 8 0 74 8 0.000125 0
8 8 0 75 11 0.000220 0
8 8 0 76 11 0.000249 1
8 8 0 77 11 0.000250 1
8 8 0 78 11 0.000195 0
8 8 0 79 5 0.000058 1
8 8 0 80 13 0.000421 2
8 8 0 81 10 0.000195 1
8 8 0 82 7 0.000112 1
8 8 0 83 7 0.000120 0
8 8 0 84 8 0.000132 1
8 8 0 85 9 0.000219 2
8 8 0 86 9 0.000175 0
8 8 0 87 8 0.000128 0
8 8 0 88 8 0.000148 1
8 8 0 89 10 0.000221 2
8 8 0 90 12 0.000300 1
8 8 0 91 9 0.000156 0
8 8 0 92 9 0.000202 2
8 8 0 93 7 0.000092 1
8 8 0 94 12 0.000270 0
8 8 0 95 12 0.000296 1
8 8 0 96 6 0.000094 1
8 8 0 97 11 0.000218 1
8 8 0 98 12 0.000294 1
8 8 0 99 10 0.000193 1
16 1 0 0 15 0.000136 0
16 1 0 1 13 0.000126 1
16 1 0 2 15 0.000137 0
16 1 0 3 16 0.000171 2
16 1 0 4 15 0.000124 0
16 1 0 5 14 0.000144 1
16 1 0 6 16 0.000173 1
16 1 0 7 16 0.000170 1
16 1 0 8 15 0.000156 1
16 1 0 9 14 0.000143 2
16 1 0 10 15 0.000114 0
16 1 0 11 12 0.000127 1
16 1 0 12 11 0.000082 0
16 1 0 13 15 0.000164 1
16 1 0 14 16 0.000165 1
16 1 0 15 14 0.000145 1
16 1 0 16 15 0.000157 1
16 1 0 17 16 0.000168 1
16 1 0 18 16 0.000141 0
16 1 0 19 14 0.000128 0
16 1 0 20 16 0.000178 1
16 1 0 21 16 0.000178 1
16 1 0 22 14 0.000143 1
16 1 0 23 15 0.000160 1
16 1 0 24 12 0.000124 1
16 1 0 25 13 0.000142 1
16 1 0 26 11 0.000109 1
16 1 0 27 12 0.000129 1
16 1 0 28 15 0.000160 1
16 1 0 29 16 0.000132 0
16 1 0 30 14 0.000146 1
16 1 0 31 15 0.000166 1
16 1 0 32 13 0.000136 1
16 1 0 33 14 0.000136 1
16 1 0 34 15 0.000129 0
16 1 0 35 15 0.000165 2
16 1 0 36 15 0.000154 2
16 1 0 37 12 0.000095 0
16 1 0 38 15 0.000167 2
16 1 0 39 14 0.000115 0
16 1 0 40 12 0.000120 2
16 1 0 41 15 0.000122 0
16 1 0 42 15 0.000147 1
16 1 0 43 16 0.000140 0
16 1 0 44 16 0.000182 2
16 1 0 45 14 0.000141 1
16 1 0 46 15 0.000155 1
16 1 0 47 14 0.000136 1
16 1 0 48 15 0.000161 1
16 1 0 49 13 0.000099 0
16 1 0 50 13 0.000103 0
16 1 0 51 16 0.000174 1
16 1 0 52 15 0.000151 1
16 1 0 53 12 0.000118 1
16 1 0 54 15 0.000137 0
16 1 0 55 16 0.000170 1
16 1 0 56 15 0.000125 0
16 1 0 57 15 0.000158 2
16 1 0 58 15 0.000128 0
16 1 0 59 16 0.000134 0
16 1 0 60 16 0.000153 0
16 1 0 61 16 0.000176 1
16 1 0 62 16 0.000177 1
16 1 0 63 14 0.000149 1
16 1 0 64 14 0.000147 1
16 1 0 65 14 0.000120 0
16 1 0 66 16 0.000174 1
16 1 0 67 16 0.000179 2
16 1 0 68 14 0.000145 1
16 1 0 69 13 0.000128 1
16 1 0 70 14 0.000137 1
16 1 0 71 16 0.000180 1
16 1 0 72 16 0.000186 1
16 1 0 73 15 0.000155 1
16 1 0 74 16 0.000127 0
16 1 0 75 12 0.000131 2
16 1 0 76 15 0.000163 1
16 1 0 77 15 0.000167 1
16 1 0 78 15 0.000165 2
16 1 0 79 16 0.000174 2
16 1 0 80 16 0.000172 1
16 1 0 81 16 0.000133 0
16 1 0 82 16 0.000143 0
16 1 0 83 16 0.000167 1
16 1 0 84 15 0.000127 0
16 1 0 85 16 0.000178 1
16 1 0 86 15 0.000157 1
16 1 0 87 15 0.000125 0
16 1 0 88 16 0.000184 1
16 1 0 89 16 0.000150 0
16 1 0 90 16 0.000169 1
16 1 0 91 15 0.000159 1
16 1 0 92 15 0.000122 0
16 1 0 93 16 0.000183 1
16 1 0 94 16 0.000172 1
16 1 0 95 16 0.000169 2
16 1 0 96 14 0.000115 0
16 1 0 97 14 0.000159 1
16 1 0 98 16 0.000172 1
16 1 0 99 15 0.000174 1
16 2 0 0 16 0.000308 2
16 2 0 1 12 0.000143 1
16 2 0 2 14 0.000204 0
16 2 0 3 15 0.000263 2
16 2 0 4 17 0.000246 0
16 2 0 5 17 0.000273 2
16 2 0 6 15 0.000245 1
16 2 0 7 16 0.000250 1
16 2 0 8 17 0.000255 1
16 2 0 9 14 0.000199 2
16 2 0 10 16 0.000208 0
16 2 0 11 16 0.000219 1
16 2 0 12 15 0.000212 2
16 2 0 13 16 0.000271 1
16 2 0 14 17 0.000245 1
16 2 0 15 17 0.000253 2
16 2 0 16 17 0.000255 1
16 2 0 17 15 0.000215 1
16 2 0 18 16 0.000285 2
16 2 0 19 17 0.000251 0
16 2 0 20 18 0.000311 1
16 2 0 21 17 0.000297 1
16 2 0 22 14 0.000190 1
16 2 0 23 14 0.000231 1
16 2 0 24 13 0.000173 1
16 2 0 25 12 0.000180 1
16 2 0 26 13 0.000161 2
16 2 0 27 14 0.000211 1
16 2 0 28 18 0.000275 1
16 2 0 29 17 0.000242 0
16 2 0 30 13 0.000196 1
16 2 0 31 15 0.000275 2
16 2 0 32 15 0.000227 1
16 2 0 33 11 0.000128 1
16 2 0 34 16 0.000214 0
16 2 0 35 14 0.000225 2
16 2 0 36 14 0.000187 2
16 2 0 37 16 0.000194 0
16 2 0 38 15 0.000258 2
16 2 0 39 13 0.000189 0
16 2 0 40 11 0.000138 2
16 2 0 41 16 0.000244 0
16 2 0 42 15 0.000194 1
16 2 0 43 18 0.000278 0
16 2 0 44 18 0.000336 2
16 2 0 45 16 0.000205 1
16 2 0 46 15 0.000216 1
16 2 0 47 14 0.000176 1
16 2 0 48 15 0.000240 1
16 2 0 49 14 0.000195 2
16 2 0 50 16 0.000231 2
16 2 0 51 16 0.000282 1
16 2 0 52 15 0.000198 1
16 2 0 53 12 0.000144 1
16 2 0 54 17 0.000271 2
16 2 0 55 17 0.000265 1
16 2 0 56 15 0.000233 0
16 2 0 57 13 0.000189 2
16 2 0 58 16 0.000274 0
16 2 0 59 18 0.000256 0
16 2 0 60 17 0.000326 2
16 2 0 61 15 0.000263 2
16 2 0 62 15 0.000272 1
16 2 0 63 13 0.000214 1
16 2 0 64 15 0.000213 1
16 2 0 65 17 0.000245 0
16 2 0 66 16 0.000244 1
16 2 0 67 17 0.000323 2
16 2 0 68 15 0.000224 1
16 2 0 69 14 0.000166 1
16 2 0 70 14 0.000172 1
16 2 0 71 17 0.000310 1
16 2 0 72 17 0.000338 1
16 2 0 73 17 0.000240 1
16 2 0 74 14 0.000175 0
16 2 0 75 13 0.000160 2
16 2 0 76 17 0.000266 1
16 2 0 77 18 0.000318 2
16 2 0 78 16 0.000266 2
16 2 0 79 15 0.000230 2
16 2 0 80 16 0.000266 1
16 2 0 81 16 0.000267 0
16 2 0 82 18 0.000286 0
16 2 0 83 15 0.000239 1
16 2 0 84 17 0.000240 0
16 2 0 85 17 0.000296 1
16 2 0 86 18 0.000275 1
16 2 0 87 16 0.000205 0
16 2 0 88 18 0.000326 1
16 2 0 89 18 0.000338 2
16 2 0 90 15 0.000237 1
16 2 0 91 16 0.000254 1
16 2 0 92 15 0.000169 0
16 2 0 93 17 0.000318 1
16 2 0 94 17 0.000268 1
16 2 0 95 16 0.000232 2
16 2 0 96 15 0.000239 2
16 2 0 97 16 0.000288 1
16 2 0 98 16 0.000271 1
16 2 0 99 17 0.000336 1
16 4 0 0 19 0.000672 2
16 4 0 1 13 0.000209 1
16 4 0 2 16 0.000481 0
16 4 0 3 16 0.000433 2
16 4 0 4 19 0.000522 0
16 4 0 5 17 0.000385 2
16 4 0 6 18 0.000548 1
16 4 0 7 21 0.000615 1
16 4 0 8 20 0.000555 1
16 4 0 9 17 0.000432 2
16 4 0 10 18 0.000415 0
16 4 0 11 14 0.000271 1
16 4 0 12 16 0.000385 2
16 4 0 13 18 0.000555 1
16 4 0 14 19 0.000504 1
16 4 0 15 18 0.000495 2
16 4 0 16 18 0.000432 1
16 4 0 17 17 0.000455 1
16 4 0 18 17 0.000477 2
16 4 0 19 17 0.000423 0
16 4 0 20 20 0.000643 1
16 4 0 21 18 0.000525 1
16 4 0 22 16 0.000356 1
16 4 0 23 17 0.000532 1
16 4 0 24 14 0.000296 1
16 4 0 25 15 0.000424 1
16 4 0 26 10 0.000181 2
16 4 0 27 16 0.000417 1
16 4 0 28 20 0.000495 1
16 4 0 29 19 0.000481 0
16 4 0 30 16 0.000408 1
16 4 0 31 17 0.000519 2
16 4 0 32 17 0.000476 1
16 4 0 33 12 0.000199 1
16 4 0 34 19 0.000541 0
16 4 0 35 16 0.000478 2
16 4 0 36 17 0.000403 2
16 4 0 37 17 0.000402 0
16 4 0 38 19 0.000641 2
16 4 0 39 16 0.000393 0
16 4 0 40 12 0.000185 2
16 4 0 41 15 0.000402 0
16 4 0 42 17 0.000340 1
16 4 0 43 22 0.000772 0
16 4 0 44 19 0.000652 2
16 4 0 45 16 0.000355 1
16 4 0 46 16 0.000376 1
16 4 0 47 16 0.000301 1
16 4 0 48 18 0.000552 1
16 4 0 49 14 0.000337 2
16 4 0 50 15 0.000318 2
16 4 0 51 20 0.000657 1
16 4 0 52 18 0.000377 1
16 4 0 53 14 0.000275 1
16 4 0 54 17 0.000465 2
16 4 0 55 19 0.000526 1
16 4 0 56 18 0.000495 0
16 4 0 57 15 0.000408 2
16 4 0 58 20 0.000662 0
16 4 0 59 19 0.000577 0
16 4 0 60 20 0.000729 2
16 4 0 61 19 0.000610 2
16 4 0 62 20 0.000666 1
16 4 0 63 17 0.000458 1
16 4 0 64 17 0.000377 1
16 4 0 65 18 0.000485 0
16 4 0 66 18 0.000485 1
16 4 0 67 21 0.000707 2
16 4 0 68 16 0.000394 1
16 4 0 69 14 0.000198 1
16 4 0 70 17 0.000312 1
16 4 0 71 20 0.000753 1
16 4 0 72 21 0.000846 1
16 4 0 73 16 0.000337 1
16 4 0 74 17 0.000423 0
16 4 0 75 13 0.000254 2
16 4 0 76 18 0.000488 1
16 4 0 77 18 0.000604 2
16 4 0 78 17 0.000553 2
16 4 0 79 16 0.000391 2
16 4 0 80 20 0.000609 1
16 4 0 81 20 0.000597 0
16 4 0 82 21 0.000685 0
16 4 0 83 19 0.000518 1
16 4 0 84 17 0.000462 0
16 4 0 85 21 0.000707 1
16 4 0 86 20 0.000500 1
16 4 0 87 18 0.000411 0
16 4 0 88 19 0.000605 1
16 4 0 89 21 0.000785 2
16 4 0 90 19 0.000531 1
16 4 0 91 19 0.000560 1
16 4 0 92 17 0.000389 0
16 4 0 93 20 0.000735 1
16 4 0 94 20 0.000558 1
16 4 0 95 18 0.000424 2
16 4 0 96 17 0.000495 2
16 4 0 97 19 0.000639 1
16 4 0 98 19 0.000594 1
16 4 0 99 21 0.000832 1
16 8 0 0 23 0.001356 2
16 8 0 1 15 0.000333 1
16 8 0 2 19 0.000861 0
16 8 0 3 21 0.000960 2
16 8 0 4 23 0.001161 0
16 8 0 5 21 0.000710 2
16 8 0 6 20 0.000998 1
16 8 0 7 24 0.001225 1
16 8 0 8 24 0.001036 1
16 8 0 9 18 0.000635 2
16 8 0 10 21 0.000743 0
16 8 0 11 18 0.000637 1
16 8 0 12 16 0.000521 2
16 8 0 13 24 0.001263 1
16 8 0 14 23 0.000986 1
16 8 0 15 22 0.000985 2
16 8 0 16 23 0.000953 1
16 8 0 17 20 0.000895 1
16 8 0 18 22 0.000940 2
16 8 0 19 20 0.000854 0
16 8 0 20 26 0.001628 1
16 8 0 21 24 0.001395 1
16 8 0 22 18 0.000652 1
16 8 0 23 20 0.000871 1
16 8 0 24 14 0.000388 1
16 8 0 25 17 0.000684 1
16 8 0 26 13 0.000287 2
16 8 0 27 17 0.000579 1
16 8 0 28 24 0.001114 1
16 8 0 29 25 0.001085 0
16 8 0 30 18 0.000661 1
16 8 0 31 21 0.001043 2
16 8 0 32 22 0.001043 1
16 8 0 33 14 0.000353 1
16 8 0 34 20 0.000969 0
16 8 0 35 20 0.000886 2
16 8 0 36 18 0.000606 2
16 8 0 37 18 0.000704 0
16 8 0 38 21 0.000997 2
16 8 0 39 18 0.000600 0
16 8 0 40 13 0.000283 2
16 8 0 41 21 0.001007 0
16 8 0 42 20 0.000590 1
16 8 0 43 28 0.001780 0
16 8 0 44 26 0.001612 2
16 8 0 45 19 0.000672 1
16 8 0 46 18 0.000723 1
16 8 0 47 16 0.000386 1
16 8 0 48 19 0.000847 1
16 8 0 49 17 0.000569 2
16 8 0 50 18 0.000530 2
16 8 0 51 24 0.001314 1
16 8 0 52 22 0.000805 1
16 8 0 53 15 0.000392 1
16 8 0 54 19 0.000843 2
16 8 0 55 24 0.001194 1
16 8 0 56 20 0.000745 0
16 8 0 57 18 0.000668 2
16 8 0 58 25 0.001367 0
16 8 0 59 24 0.001289 0
16 8 0 60 25 0.001524 2
16 8 0 61 23 0.001144 2
16 8 0 62 22 0.001207 1
16 8 0 63 19 0.000712 1
16 8 0 64 20 0.000740 1
16 8 0 65 20 0.000866 0
16 8 0 66 21 0.000914 1
16 8 0 67 25 0.001506 2
16 8 0 68 19 0.000708 1
16 8 0 69 17 0.000394 1
16 8 0 70 18 0.000479 1
16 8 0 71 26 0.001716 1
16 8 0 72 27 0.001896 1
16 8 0 73 19 0.000673 1
16 8 0 74 20 0.000767 0
16 8 0 75 16 0.000382 2
16 8 0 76 24 0.001187 1
16 8 0 77 23 0.001353 2
16 8 0 78 22 0.001106 2
16 8 0 79 21 0.000876 2
16 8 0 80 23 0.001180 1
16 8 0 81 25 0.001308 0
16 8 0 82 26 0.001610 0
16 8 0 83 22 0.000969 1
16 8 0 84 21 0.001011 0
16 8 0 85 26 0.001625 1
16 8 0 86 23 0.001059 1
16 8 0 87 19 0.000646 0
16 8 0 88 26 0.001710 1
16 8 0 89 27 0.001857 2
16 8 0 90 22 0.001082 1
16 8 0 91 23 0.001132 1
16 8 0 92 20 0.000710 0
16 8 0 93 26 0.001742 1
16 8 0 94 24 0.001221 1
16 8 0 95 23 0.000935 2
16 8 0 96 19 0.000873 2
16 8 0 97 21 0.001060 1
16 8 0 98 23 0.001310 1
16 8 0 99 27 0.001973 1
32 1 0 0 31 0.000340 1
32 1 0 1 30 0.000325 1
32 1 0 2 31 0.000339 1
32 1 0 3 31 0.000339 2
32 1 0 4 31 0.000259 0
32 1 0 5 31 0.000326 1
32 1 0 6 31 0.000344 1
32 1 0 7 25 0.000244 2
32 1 0 8 29 0.000323 2
32 1 0 9 31 0.000335 1
32 1 0 10 27 0.000297 1
32 1 0 11 30 0.000272 0
32 1 0 12 27 0.000293 1
32 1 0 13 29 0.000330 2
32 1 0 14 28 0.000306 1
32 1 0 15 30 0.000341 1
32 1 0 16 31 0.000278 0
32 1 0 17 28 0.000322 1
32 1 0 18 30 0.000328 2
32 1 0 19 32 0.000378 1
32 1 0 20 26 0.000288 1
32 1 0 21 31 0.000346 1
32 1 0 22 32 0.000289 0
32 1 0 23 29 0.000322 1
32 1 0 24 29 0.000313 1
32 1 0 25 31 0.000332 2
32 1 0 26 31 0.000351 1
32 1 0 27 27 0.000280 1
32 1 0 28 32 0.000362 1
32 1 0 29 31 0.000284 0
32 1 0 30 30 0.000330 1
32 1 0 31 32 0.000352 1
32 1 0 32 28 0.000224 0
32 1 0 33 29 0.000300 1
32 1 0 34 31 0.000354 1
32 1 0 35 29 0.000310 1
32 1 0 36 32 0.000355 2
32 1 0 37 29 0.000234 0
32 1 0 38 31 0.000336 1
32 1 0 39 23 0.000243 2
32 1 0 40 31 0.000252 0
32 1 0 41 31 0.000331 1
32 1 0 42 31 0.000335 1
32 1 0 43 32 0.000354 1
32 1 0 44 28 0.000308 1
32 1 0 45 31 0.000289 0
32 1 0 46 29 0.000325 1
32 1 0 47 29 0.000323 1
32 1 0 48 26 0.000203 0
32 1 0 49 31 0.000268 0
32 1 0 50 30 0.000263 0
32 1 0 51 29 0.000309 2
32 1 0 52 31 0.000327 1
32 1 0 53 27 0.000292 1
32 1 0 54 29 0.000234 0
32 1 0 55 28 0.000292 1
32 1 0 56 30 0.000327 1
32 1 0 57 30 0.000347 1
32 1 0 58 32 0.000284 0
32 1 0 59 28 0.000293 1
32 1 0 60 31 0.000374 2
32 1 0 61 29 0.000316 1
32 1 0 62 32 0.000345 1
32 1 0 63 29 0.000309 1
32 1 0 64 32 0.000344 1
32 1 0 65 30 0.000333 1
32 1 0 66 28 0.000299 1
32 1 0 67 31 0.000342 1
32 1 0 68 27 0.000272 1
32 1 0 69 29 0.000318 2
32 1 0 70 27 0.000284 1
32 1 0 71 31 0.000339 1
32 1 0 72 31 0.000334 1
32 1 0 73 30 0.000337 1
32 1 0 74 30 0.000268 0
32 1 0 75 31 0.000329 1
32 1 0 76 31 0.000357 2
32 1 0 77 32 0.000283 0
32 1 0 78 30 0.000313 1
32 1 0 79 31 0.000260 0
32 1 0 80 29 0.000314 2
32 1 0 81 32 0.000359 1
32 1 0 82 31 0.000272 0
32 1 0 83 29 0.000298 1
32 1 0 84 31 0.000277 0
32 1 0 85 29 0.000244 0
32 1 0 86 32 0.000345 2
32 1 0 87 28 0.000294 1
32 1 0 88 30 0.000249 0
32 1 0 89 31 0.000262 0
32 1 0 90 31 0.000262 0
32 1 0 91 32 0.000281 0
32 1 0 92 27 0.000286 1
32 1 0 93 28 0.000301 2
32 1 0 94 31 0.000333 1
32 1 0 95 26 0.000266 1
32 1 0 96 30 0.000330 2
32 1 0 97 29 0.000329 2
32 1 0 98 31 0.000370 1
32 1 0 99 31 0.000346 1
32 2 0 0 32 0.000532 1
32 2 0 1 30 0.000470 1
32 2 0 2 30 0.000494 1
32 2 0 3 31 0.000502 2
32 2 0 4 30 0.000487 2
32 2 0 5 33 0.000494 1
32 2 0 6 32 0.000562 1
32 2 0 7 26 0.000324 2
32 2 0 8 30 0.000553 2
32 2 0 9 33 0.000512 1
32 2 0 10 28 0.000464 1
32 2 0 11 30 0.000504 0
32 2 0 12 32 0.000484 1
32 2 0 13 31 0.000567 2
32 2 0 14 28 0.000460 2
32 2 0 15 32 0.000551 1
32 2 0 16 32 0.000559 0
32 2 0 17 30 0.000547 1
32 2 0 18 31 0.000520 2
32 2 0 19 33 0.000667 1
32 2 0 20 29 0.000476 1
32 2 0 21 33 0.000543 1
32 2 0 22 32 0.000528 0
32 2 0 23 32 0.000525 1
32 2 0 24 33 0.000505 1
32 2 0 25 29 0.000507 2
32 2 0 26 33 0.000548 1
32 2 0 27 27 0.000383 1
32 2 0 28 33 0.000615 1
32 2 0 29 33 0.000596 0
32 2 0 30 30 0.000503 1
32 2 0 31 33 0.000542 1
32 2 0 32 26 0.000355 0
32 2 0 33 28 0.000397 1
32 2 0 34 28 0.000529 1
32 2 0 35 31 0.000477 1
32 2 0 36 33 0.000579 2
32 2 0 37 27 0.000384 0
32 2 0 38 30 0.000485 1
32 2 0 39 24 0.000351 2
32 2 0 40 30 0.000424 0
32 2 0 41 28 0.000429 1
32 2 0 42 31 0.000499 1
32 2 0 43 30 0.000492 1
32 2 0 44 29 0.000485 1
32 2 0 45 33 0.000603 0
32 2 0 46 30 0.000535 1
32 2 0 47 32 0.000529 1
32 2 0 48 27 0.000269 0
32 2 0 49 29 0.000484 0
32 2 0 50 33 0.000503 0
32 2 0 51 28 0.000428 2
32 2 0 52 29 0.000419 1
32 2 0 53 29 0.000473 1
32 2 0 54 25 0.000315 0
32 2 0 55 30 0.000417 1
32 2 0 56 28 0.000486 1
32 2 0 57 31 0.000588 1
32 2 0 58 33 0.000528 0
32 2 0 59 28 0.000414 1
32 2 0 60 31 0.000615 2
32 2 0 61 28 0.000471 1
32 2 0 62 32 0.000510 1
32 2 0 63 29 0.000429 1
32 2 0 64 29 0.000483 1
32 2 0 65 32 0.000563 1
32 2 0 66 31 0.000493 1
32 2 0 67 33 0.000533 1
32 2 0 68 26 0.000353 1
32 2 0 69 29 0.000493 2
32 2 0 70 25 0.000364 1
32 2 0 71 30 0.000497 1
32 2 0 72 33 0.000502 1
32 2 0 73 33 0.000613 2
32 2 0 74 29 0.000466 0
32 2 0 75 28 0.000423 1
32 2 0 76 32 0.000616 2
32 2 0 77 32 0.000594 2
32 2 0 78 29 0.000433 1
32 2 0 79 32 0.000433 0
32 2 0 80 28 0.000430 2
32 2 0 81 32 0.000567 1
32 2 0 82 32 0.000599 2
32 2 0 83 31 0.000442 1
32 2 0 84 31 0.000578 0
32 2 0 85 27 0.000369 0
32 2 0 86 31 0.000485 2
32 2 0 87 29 0.000417 1
32 2 0 88 30 0.000403 0
32 2 0 89 30 0.000480 0
32 2 0 90 31 0.000449 0
32 2 0 91 32 0.000497 0
32 2 0 92 29 0.000405 1
32 2 0 93 29 0.000457 2
32 2 0 94 26 0.000424 1
32 2 0 95 26 0.000344 1
32 2 0 96 32 0.000583 2
32 2 0 97 28 0.000495 2
32 2 0 98 32 0.000638 1
32 2 0 99 33 0.000577 1
32 4 0 0 35 0.001100 1
32 4 0 1 32 0.000927 1
32 4 0 2 32 0.001043 1
32 4 0 3 32 0.001072 2
32 4 0 4 33 0.001088 2
32 4 0 5 32 0.000862 1
32 4 0 6 35 0.001179 1
32 4 0 7 21 0.000420 2
32 4 0 8 26 0.000876 2
32 4 0 9 33 0.000964 1
32 4 0 10 30 0.000994 1
32 4 0 11 32 0.001373 0
32 4 0 12 31 0.000874 1
32 4 0 13 36 0.001337 2
32 4 0 14 31 0.001053 2
32 4 0 15 34 0.001182 1
32 4 0 16 35 0.001382 0
32 4 0 17 30 0.001139 1
32 4 0 18 33 0.001102 2
32 4 0 19 36 0.001622 1
32 4 0 20 30 0.001003 1
32 4 0 21 36 0.001144 1
32 4 0 22 34 0.001430 0
32 4 0 23 33 0.001028 1
32 4 0 24 30 0.000814 1
32 4 0 25 31 0.000921 2
32 4 0 26 36 0.001187 1
32 4 0 27 30 0.000726 1
32 4 0 28 35 0.001407 1
32 4 0 29 35 0.001540 0
32 4 0 30 32 0.001029 1
32 4 0 31 34 0.001083 1
32 4 0 32 29 0.000707 0
32 4 0 33 32 0.000780 1
32 4 0 34 32 0.001287 1
32 4 0 35 33 0.000938 1
32 4 0 36 35 0.001224 2
32 4 0 37 29 0.000795 0
32 4 0 38 34 0.001190 1
32 4 0 39 29 0.000696 2
32 4 0 40 33 0.000945 0
32 4 0 41 32 0.000914 1
32 4 0 42 35 0.001067 1
32 4 0 43 33 0.001019 1
32 4 0 44 31 0.000966 1
32 4 0 45 33 0.001465 0
32 4 0 46 34 0.001214 1
32 4 0 47 30 0.000947 1
32 4 0 48 29 0.000532 0
32 4 0 49 34 0.001261 0
32 4 0 50 33 0.001145 0
32 4 0 51 29 0.000927 2
32 4 0 52 32 0.000863 1
32 4 0 53 33 0.000971 1
32 4 0 54 28 0.000687 0
32 4 0 55 31 0.000639 1
32 4 0 56 33 0.001138 1
32 4 0 57 33 0.001255 1
32 4 0 58 37 0.001360 0
32 4 0 59 30 0.000765 1
32 4 0 60 35 0.001616 2
32 4 0 61 34 0.001116 1
32 4 0 62 35 0.001111 1
32 4 0 63 29 0.000803 1
32 4 0 64 33 0.001102 1
32 4 0 65 34 0.001177 1
32 4 0 66 31 0.001018 1
32 4 0 67 32 0.001041 1
32 4 0 68 25 0.000596 1
32 4 0 69 33 0.001045 2
32 4 0 70 27 0.000722 1
32 4 0 71 33 0.001043 1
32 4 0 72 32 0.000919 1
32 4 0 73 34 0.001402 2
32 4 0 74 32 0.001081 0
32 4 0 75 33 0.000942 1
32 4 0 76 32 0.001254 2
32 4 0 77 35 0.001266 2
32 4 0 78 32 0.000862 1
32 4 0 79 34 0.000996 0
32 4 0 80 29 0.000871 2
32 4 0 81 36 0.001303 1
32 4 0 82 35 0.001279 2
32 4 0 83 30 0.000706 1
32 4 0 84 34 0.001465 0
32 4 0 85 32 0.001043 0
32 4 0 86 29 0.000909 2
32 4 0 87 31 0.000772 1
32 4 0 88 34 0.000912 0
32 4 0 89 33 0.000913 0
32 4 0 90 34 0.001132 0
32 4 0 91 36 0.001401 0
32 4 0 92 33 0.000784 1
32 4 0 93 30 0.000883 2
32 4 0 94 30 0.000977 1
32 4 0 95 24 0.000487 1
32 4 0 96 33 0.001108 2
32 4 0 97 32 0.001158 2
32 4 0 98 35 0.001544 1
32 4 0 99 35 0.001186 1
32 8 0 0 37 0.002646 1
32 8 0 1 34 0.002309 1
32 8 0 2 39 0.003040 1
32 8 0 3 39 0.002911 2
32 8 0 4 35 0.002668 2
32 8 0 5 36 0.002143 1
32 8 0 6 38 0.003098 1
32 8 0 7 27 0.001039 2
32 8 0 8 33 0.002380 2
32 8 0 9 37 0.002517 1
32 8 0 10 34 0.002648 1
32 8 0 11 38 0.004158 0
32 8 0 12 33 0.002164 1
32 8 0 13 40 0.003375 2
32 8 0 14 32 0.002376 2
32 8 0 15 39 0.003262 1
32 8 0 16 40 0.003844 0
32 8 0 17 36 0.003246 1
32 8 0 18 39 0.002692 2
32 8 0 19 42 0.004957 1
32 8 0 20 38 0.002916 1
32 8 0 21 39 0.003010 1
32 8 0 22 38 0.004095 0
32 8 0 23 38 0.002819 1
32 8 0 24 36 0.002052 1
32 8 0 25 34 0.002090 2
32 8 0 26 39 0.002983 1
32 8 0 27 31 0.001456 1
32 8 0 28 40 0.003614 1
32 8 0 29 42 0.004658 0
32 8 0 30 36 0.002324 1
32 8 0 31 41 0.002820 1
32 8 0 32 30 0.001489 0
32 8 0 33 34 0.001730 1
32 8 0 34 38 0.003714 1
32 8 0 35 35 0.002206 1
32 8 0 36 42 0.003292 2
32 8 0 37 37 0.002224 0
32 8 0 38 41 0.003043 1
32 8 0 39 27 0.001283 2
32 8 0 40 37 0.002153 0
32 8 0 41 36 0.002479 1
32 8 0 42 37 0.002619 1
32 8 0 43 37 0.002677 1
32 8 0 44 32 0.002312 1
32 8 0 45 39 0.004123 0
32 8 0 46 36 0.003245 1
32 8 0 47 35 0.002550 1
32 8 0 48 28 0.000983 0
32 8 0 49 37 0.003362 0
32 8 0 50 40 0.003139 0
32 8 0 51 31 0.002016 2
32 8 0 52 33 0.001965 1
32 8 0 53 35 0.002305 1
32 8 0 54 33 0.001972 0
32 8 0 55 32 0.001141 1
32 8 0 56 37 0.003158 1
32 8 0 57 39 0.003763 1
32 8 0 58 41 0.003688 0
32 8 0 59 32 0.001818 1
32 8 0 60 40 0.004303 2
32 8 0 61 37 0.002760 1
32 8 0 62 39 0.002809 1
32 8 0 63 32 0.001869 1
32 8 0 64 36 0.002740 1
32 8 0 65 39 0.002896 1
32 8 0 66 34 0.002531 1
32 8 0 67 35 0.002517 1
32 8 0 68 29 0.001431 1
32 8 0 69 32 0.002039 2
32 8 0 70 28 0.001631 1
32 8 0 71 37 0.002618 1
32 8 0 72 35 0.002154 1
32 8 0 73 40 0.003709 2
32 8 0 74 34 0.002366 0
32 8 0 75 33 0.002016 1
32 8 0 76 37 0.003400 2
32 8 0 77 40 0.003135 2
32 8 0 78 37 0.002214 1
32 8 0 79 39 0.002706 0
32 8 0 80 33 0.002140 2
32 8 0 81 38 0.003085 1
32 8 0 82 38 0.003030 2
32 8 0 83 34 0.001782 1
32 8 0 84 39 0.004288 0
32 8 0 85 34 0.002583 0
32 8 0 86 34 0.002237 2
32 8 0 87 35 0.001867 1
32 8 0 88 33 0.001912 0
32 8 0 89 35 0.002234 0
32 8 0 90 38 0.002912 0
32 8 0 91 41 0.003548 0
32 8 0 92 30 0.001528 1
32 8 0 93 34 0.001907 2
32 8 0 94 36 0.002747 1
32 8 0 95 29 0.001188 1
32 8 0 96 38 0.003031 2
32 8 0 97 35 0.002647 2
32 8 0 98 40 0.004245 1
32 8 0 99 38 0.003002 1
