4 1 0 0 3 0.000016 1
4 1 0 1 4 0.000062 0
4 1 0 2 4 0.000100 2
4 1 0 3 4 0.000079 1
4 1 0 4 4 0.000035 0
4 1 0 5 4 0.000086 0
4 1 0 6 2 0.000024 1
4 1 0 7 2 0.000026 1
4 1 0 8 4 0.000025 1
4 1 0 9 2 0.000008 0
4 1 0 10 4 0.000033 2
4 1 0 11 3 0.000006 0
4 1 0 12 4 0.000049 2
4 1 0 13 2 0.000018 0
4 1 0 14 4 0.000030 0
4 1 0 15 4 0.000022 1
4 1 0 16 2 0.000013 2
4 1 0 17 3 0.000004 0
4 1 0 18 2 0.000003 0
4 1 0 19 2 0.000011 1
4 1 0 20 2 0.000003 0
4 1 0 21 2 0.000003 0
4 1 0 22 4 0.000035 2
4 1 0 23 4 0.000024 0
4 1 0 24 4 0.000032 0
4 1 0 25 4 0.000029 0
4 1 0 26 4 0.000036 1
4 1 0 27 4 0.000044 2
4 1 0 28 4 0.000035 0
4 1 0 29 4 0.000041 2
4 1 0 30 4 0.000038 1
4 1 0 31 4 0.000043 0
4 1 0 32 2 0.000013 2
4 1 0 33 4 0.000017 0
4 1 0 34 4 0.000035 1
4 1 0 35 2 0.000010 0
4 1 0 36 4 0.000044 1
4 1 0 37 4 0.000030 0
4 1 0 38 2 0.000008 1
4 1 0 39 3 0.000009 1
4 1 0 40 4 0.000044 2
4 1 0 41 2 0.000005 0
4 1 0 42 2 0.000008 0
4 1 0 43 4 0.000014 0
4 1 0 44 2 0.000008 1
4 1 0 45 4 0.000035 2
4 1 0 46 4 0.000035 0
4 1 0 47 4 0.000011 0
4 1 0 48 4 0.000030 0
4 1 0 49 4 0.000057 0
4 1 0 50 4 0.000011 0
4 1 0 51 4 0.000019 0
4 1 0 52 3 0.000006 0
4 1 0 53 4 0.000035 2
4 1 0 54 3 0.000004 0
4 1 0 55 3 0.000014 2
4 1 0 56 4 0.000035 2
4 1 0 57 4 0.000011 0
4 1 0 58 4 0.000044 1
4 1 0 59 4 0.000032 0
4 1 0 60 4 0.000008 0
4 1 0 61 4 0.000016 0
4 1 0 62 2 0.000003 1
4 1 0 63 4 0.000008 0
4 1 0 64 4 0.000008 0
4 1 0 65 4 0.000015 0
4 1 0 66 4 0.000053 1
4 1 0 67 3 0.000011 0
4 1 0 68 4 0.000011 0
4 1 0 69 4 0.000041 0
4 1 0 70 4 0.000046 2
4 1 0 71 4 0.000028 0
4 1 0 72 3 0.000009 1
4 1 0 73 4 0.000013 1
4 1 0 74 4 0.000025 1
4 1 0 75 4 0.000018 1
4 1 0 76 4 0.000041 1
4 1 0 77 4 0.000028 0
4 1 0 78 4 0.000018 1
4 1 0 79 4 0.000042 0
4 1 0 80 4 0.000039 0
4 1 0 81 4 0.000019 0
4 1 0 82 3 0.000011 0
4 1 0 83 4 0.000016 1
4 1 0 84 2 0.000003 0
4 1 0 85 4 0.000026 0
4 1 0 86 4 0.000050 1
4 1 0 87 4 0.000016 0
4 1 0 88 4 0.000035 0
4 1 0 89 4 0.000016 1
4 1 0 90 4 0.000037 0
4 1 0 91 4 0.000030 1
4 1 0 92 4 0.000025 0
4 1 0 93 4 0.000016 0
4 1 0 94 2 0.000013 2
4 1 0 95 4 0.000021 0
4 1 0 96 4 0.000039 2
4 1 0 97 2 0.000003 0
4 1 0 98 4 0.000011 0
4 1 0 99 4 0.000021 1
4 2 0 0 1 0.000004 1
4 2 0 1 4 0.000038 0
4 2 0 2 3 0.000041 2
4 2 0 3 3 0.000024 1
4 2 0 4 3 0.000010 0
4 2 0 5 5 0.000062 0
4 2 0 6 3 0.000021 1
4 2 0 7 4 0.000026 1
4 2 0 8 5 0.000029 1
4 2 0 9 4 0.000040 0
4 2 0 10 5 0.000067 2
4 2 0 11 1 0.000002 0
4 2 0 12 5 0.000083 2
4 2 0 13 4 0.000054 0
4 2 0 14 3 0.000031 0
4 2 0 15 4 0.000036 1
4 2 0 16 4 0.000056 2
4 2 0 17 1 0.000002 0
4 2 0 18 4 0.000018 2
4 2 0 19 4 0.000045 1
4 2 0 20 4 0.000016 0
4 2 0 21 3 0.000005 0
4 2 0 22 5 0.000070 2
4 2 0 23 4 0.000045 0
4 2 0 24 4 0.000049 0
4 2 0 25 5 0.000055 0
4 2 0 26 5 0.000063 2
4 2 0 27 3 0.000040 2
4 2 0 28 5 0.000065 2
4 2 0 29 5 0.000078 2
4 2 0 30 5 0.000070 1
4 2 0 31 4 0.000059 0
4 2 0 32 4 0.000057 2
4 2 0 33 5 0.000035 0
4 2 0 34 5 0.000062 2
4 2 0 35 2 0.000010 0
4 2 0 36 5 0.000086 1
4 2 0 37 4 0.000049 0
4 2 0 38 4 0.000031 1
4 2 0 39 1 0.000004 1
4 2 0 40 5 0.000076 2
4 2 0 41 3 0.000010 0
4 2 0 42 4 0.000028 0
4 2 0 43 3 0.000013 0
4 2 0 44 4 0.000045 2
4 2 0 45 5 0.000074 2
4 2 0 46 3 0.000034 0
4 2 0 47 3 0.000010 0
4 2 0 48 3 0.000038 0
4 2 0 49 5 0.000092 0
4 2 0 50 3 0.000010 0
4 2 0 51 2 0.000014 0
4 2 0 52 1 0.000002 0
4 2 0 53 5 0.000071 2
4 2 0 54 1 0.000002 0
4 2 0 55 1 0.000007 2
4 2 0 56 5 0.000067 2
4 2 0 57 3 0.000010 0
4 2 0 58 5 0.000080 1
4 2 0 59 5 0.000065 0
4 2 0 60 3 0.000008 0
4 2 0 61 5 0.000033 0
4 2 0 62 3 0.000007 1
4 2 0 63 3 0.000007 0
4 2 0 64 3 0.000008 0
4 2 0 65 3 0.000012 0
4 2 0 66 5 0.000082 1
4 2 0 67 1 0.000008 0
4 2 0 68 3 0.000010 0
4 2 0 69 5 0.000082 0
4 2 0 70 5 0.000073 2
4 2 0 71 5 0.000061 0
4 2 0 72 1 0.000007 1
4 2 0 73 3 0.000012 1
4 2 0 74 3 0.000024 1
4 2 0 75 3 0.000015 1
4 2 0 76 3 0.000043 1
4 2 0 77 5 0.000064 0
4 2 0 78 3 0.000015 1
4 2 0 79 5 0.000065 0
4 2 0 80 4 0.000057 0
4 2 0 81 4 0.000034 0
4 2 0 82 1 0.000007 0
4 2 0 83 4 0.000029 1
4 2 0 84 3 0.000005 0
4 2 0 85 4 0.000042 0
4 2 0 86 5 0.000081 1
4 2 0 87 5 0.000029 0
4 2 0 88 3 0.000033 0
4 2 0 89 3 0.000017 1
4 2 0 90 5 0.000074 0
4 2 0 91 5 0.000067 1
4 2 0 92 3 0.000026 0
4 2 0 93 5 0.000029 0
4 2 0 94 3 0.000029 2
4 2 0 95 5 0.000040 0
4 2 0 96 5 0.000076 2
4 2 0 97 4 0.000009 0
4 2 0 98 3 0.000011 0
4 2 0 99 5 0.000045 2
4 4 0 0 2 0.000009 1
4 4 0 1 5 0.000056 0
4 4 0 2 4 0.000065 2
4 4 0 3 4 0.000043 1
4 4 0 4 4 0.000017 0
4 4 0 5 5 0.000067 0
4 4 0 6 2 0.000020 1
4 4 0 7 4 0.000043 1
4 4 0 8 6 0.000040 1
4 4 0 9 4 0.000065 0
4 4 0 10 6 0.000090 2
4 4 0 11 2 0.000006 0
4 4 0 12 6 0.000116 2
4 4 0 13 4 0.000060 0
4 4 0 14 4 0.000060 0
4 4 0 15 5 0.000054 1
4 4 0 16 4 0.000067 2
4 4 0 17 2 0.000004 0
4 4 0 18 3 0.000027 2
4 4 0 19 4 0.000057 1
4 4 0 20 4 0.000017 0
4 4 0 21 2 0.000004 0
4 4 0 22 5 0.000073 2
4 4 0 23 5 0.000067 0
4 4 0 24 5 0.000071 0
4 4 0 25 6 0.000103 0
4 4 0 26 6 0.000106 2
4 4 0 27 4 0.000066 2
4 4 0 28 6 0.000107 2
4 4 0 29 5 0.000080 2
4 4 0 30 5 0.000075 1
4 4 0 31 5 0.000081 0
4 4 0 32 4 0.000069 2
4 4 0 33 5 0.000056 0
4 4 0 34 6 0.000104 2
4 4 0 35 2 0.000025 0
4 4 0 36 6 0.000111 1
4 4 0 37 5 0.000074 0
4 4 0 38 4 0.000048 1
4 4 0 39 2 0.000009 1
4 4 0 40 6 0.000101 2
4 4 0 41 2 0.000006 0
4 4 0 42 4 0.000043 0
4 4 0 43 3 0.000025 0
4 4 0 44 4 0.000060 2
4 4 0 45 5 0.000076 2
4 4 0 46 4 0.000055 0
4 4 0 47 4 0.000017 0
4 4 0 48 4 0.000060 0
4 4 0 49 6 0.000121 0
4 4 0 50 4 0.000018 0
4 4 0 51 3 0.000027 0
4 4 0 52 2 0.000006 0
4 4 0 53 5 0.000075 2
4 4 0 54 2 0.000004 0
4 4 0 55 2 0.000023 2
4 4 0 56 5 0.000073 2
4 4 0 57 4 0.000017 0
4 4 0 58 6 0.000116 1
4 4 0 59 6 0.000087 0
4 4 0 60 4 0.000012 0
4 4 0 61 5 0.000060 0
4 4 0 62 2 0.000006 1
4 4 0 63 4 0.000012 0
4 4 0 64 4 0.000012 0
4 4 0 65 4 0.000021 0
4 4 0 66 6 0.000113 1
4 4 0 67 2 0.000023 0
4 4 0 68 4 0.000017 0
4 4 0 69 6 0.000111 0
4 4 0 70 5 0.000079 2
4 4 0 71 5 0.000067 0
4 4 0 72 2 0.000023 1
4 4 0 73 4 0.000022 1
4 4 0 74 4 0.000043 1
4 4 0 75 4 0.000029 2
4 4 0 76 4 0.000066 1
4 4 0 77 5 0.000066 0
4 4 0 78 4 0.000029 2
4 4 0 79 5 0.000068 0
4 4 0 80 5 0.000079 0
4 4 0 81 5 0.000053 0
4 4 0 82 2 0.000020 0
4 4 0 83 5 0.000062 1
4 4 0 84 2 0.000005 0
4 4 0 85 5 0.000089 0
4 4 0 86 6 0.000149 1
4 4 0 87 6 0.000040 0
4 4 0 88 4 0.000054 0
4 4 0 89 3 0.000025 1
4 4 0 90 6 0.000096 0
4 4 0 91 6 0.000090 1
4 4 0 92 4 0.000044 0
4 4 0 93 6 0.000040 0
4 4 0 94 2 0.000023 2
4 4 0 95 5 0.000069 0
4 4 0 96 6 0.000098 2
4 4 0 97 4 0.000012 0
4 4 0 98 4 0.000017 0
4 4 0 99 5 0.000065 2
8 1 0 0 7 0.000051 1
8 1 0 1 7 0.000060 0
8 1 0 2 8 0.000072 2
8 1 0 3 8 0.000060 0
8 1 0 4 7 0.000037 0
8 1 0 5 4 0.000010 1
8 1 0 6 7 0.000046 0
8 1 0 7 6 0.000033 0
8 1 0 8 5 0.000012 2
8 1 0 9 7 0.000018 0
8 1 0 10 8 0.000063 0
8 1 0 11 7 0.000037 0
8 1 0 12 8 0.000090 1
8 1 0 13 7 0.000080 2
8 1 0 14 8 0.000058 0
8 1 0 15 7 0.000066 0
8 1 0 16 7 0.000057 0
8 1 0 17 8 0.000075 1
8 1 0 18 8 0.000054 0
8 1 0 19 7 0.000056 0
8 1 0 20 8 0.000062 2
8 1 0 21 6 0.000036 0
8 1 0 22 8 0.000059 0
8 1 0 23 7 0.000065 0
8 1 0 24 7 0.000041 2
8 1 0 25 8 0.000071 2
8 1 0 26 8 0.000082 2
8 1 0 27 7 0.000060 0
8 1 0 28 8 0.000065 1
8 1 0 29 8 0.000058 0
8 1 0 30 7 0.000078 1
8 1 0 31 6 0.000062 1
8 1 0 32 7 0.000021 1
8 1 0 33 7 0.000043 0
8 1 0 34 6 0.000038 1
8 1 0 35 6 0.000022 1
8 1 0 36 8 0.000068 0
8 1 0 37 6 0.000027 0
8 1 0 38 7 0.000057 0
8 1 0 39 8 0.000092 2
8 1 0 40 6 0.000024 0
8 1 0 41 7 0.000023 0
8 1 0 42 6 0.000033 0
8 1 0 43 8 0.000095 1
8 1 0 44 6 0.000057 0
8 1 0 45 7 0.000054 0
8 1 0 46 8 0.000100 0
8 1 0 47 8 0.000035 0
8 1 0 48 6 0.000041 1
8 1 0 49 7 0.000058 2
8 1 0 50 8 0.000082 0
8 1 0 51 8 0.000093 2
8 1 0 52 8 0.000104 2
8 1 0 53 8 0.000077 0
8 1 0 54 8 0.000050 2
8 1 0 55 7 0.000041 0
8 1 0 56 7 0.000050 1
8 1 0 57 8 0.000088 1
8 1 0 58 8 0.000087 0
8 1 0 59 8 0.000068 0
8 1 0 60 8 0.000088 0
8 1 0 61 7 0.000064 0
8 1 0 62 6 0.000046 0
8 1 0 63 8 0.000055 2
8 1 0 64 8 0.000102 2
8 1 0 65 7 0.000075 0
8 1 0 66 8 0.000050 1
8 1 0 67 8 0.000093 0
8 1 0 68 8 0.000072 0
8 1 0 69 7 0.000073 0
8 1 0 70 7 0.000054 1
8 1 0 71 7 0.000070 1
8 1 0 72 7 0.000062 0
8 1 0 73 7 0.000081 0
8 1 0 74 7 0.000040 1
8 1 0 75 8 0.000051 0
8 1 0 76 8 0.000078 0
8 1 0 77 8 0.000075 1
8 1 0 78 8 0.000042 0
8 1 0 79 6 0.000023 0
8 1 0 80 8 0.000107 0
8 1 0 81 8 0.000057 2
8 1 0 82 6 0.000043 0
8 1 0 83 6 0.000038 0
8 1 0 84 7 0.000063 0
8 1 0 85 6 0.000058 0
8 1 0 86 8 0.000054 0
8 1 0 87 7 0.000057 0
8 1 0 88 8 0.000087 1
8 1 0 89 8 0.000082 0
8 1 0 90 8 0.000092 2
8 1 0 91 7 0.000042 2
8 1 0 92 7 0.000064 0
8 1 0 93 6 0.000042 0
8 1 0 94 8 0.000071 1
8 1 0 95 8 0.000092 0
8 1 0 96 6 0.000038 1
8 1 0 97 8 0.000059 1
8 1 0 98 8 0.000073 0
8 1 0 99 8 0.000066 0
8 2 0 0 9 0.000122 1
8 2 0 1 7 0.000096 0
8 2 0 2 7 0.000112 2
8 2 0 3 8 0.000110 0
8 2 0 4 4 0.000039 0
8 2 0 5 4 0.000025 1
8 2 0 6 9 0.000147 0
8 2 0 7 6 0.000070 0
8 2 0 8 5 0.000032 2
8 2 0 9 8 0.000072 2
8 2 0 10 8 0.000129 0
8 2 0 11 6 0.000045 0
8 2 0 12 7 0.000116 1
8 2 0 13 9 0.000186 2
8 2 0 14 8 0.000129 0
8 2 0 15 9 0.000161 0
8 2 0 16 8 0.000129 0
8 2 0 17 8 0.000153 1
8 2 0 18 7 0.000097 0
8 2 0 19 6 0.000074 0
8 2 0 20 9 0.000142 2
8 2 0 21 6 0.000053 0
8 2 0 22 9 0.000137 0
8 2 0 23 9 0.000154 0
8 2 0 24 4 0.000045 2
8 2 0 25 6 0.000097 2
8 2 0 26 9 0.000162 2
8 2 0 27 9 0.000133 0
8 2 0 28 10 0.000161 1
8 2 0 29 9 0.000137 2
8 2 0 30 9 0.000172 1
8 2 0 31 8 0.000146 1
8 2 0 32 7 0.000043 1
8 2 0 33 8 0.000112 2
8 2 0 34 8 0.000125 2
8 2 0 35 8 0.000070 1
8 2 0 36 10 0.000170 0
8 2 0 37 8 0.000126 0
8 2 0 38 8 0.000153 0
8 2 0 39 10 0.000207 2
8 2 0 40 7 0.000076 0
8 2 0 41 7 0.000048 0
8 2 0 42 8 0.000108 0
8 2 0 43 9 0.000178 1
8 2 0 44 8 0.000110 0
8 2 0 45 9 0.000119 0
8 2 0 46 10 0.000217 0
8 2 0 47 6 0.000065 0
8 2 0 48 7 0.000090 1
8 2 0 49 6 0.000060 2
8 2 0 50 8 0.000130 0
8 2 0 51 10 0.000188 2
8 2 0 52 10 0.000233 2
8 2 0 53 9 0.000165 0
8 2 0 54 8 0.000118 2
8 2 0 55 8 0.000101 0
8 2 0 56 9 0.000100 2
8 2 0 57 7 0.000126 1
8 2 0 58 10 0.000193 0
8 2 0 59 7 0.000095 0
8 2 0 60 10 0.000201 0
8 2 0 61 10 0.000178 0
8 2 0 62 7 0.000088 0
8 2 0 63 9 0.000132 2
8 2 0 64 10 0.000203 2
8 2 0 65 8 0.000141 0
8 2 0 66 8 0.000107 1
8 2 0 67 10 0.000198 2
8 2 0 68 9 0.000155 0
8 2 0 69 9 0.000160 0
8 2 0 70 8 0.000129 1
8 2 0 71 8 0.000151 2
8 2 0 72 9 0.000151 0
8 2 0 73 8 0.000153 0
8 2 0 74 8 0.000098 1
8 2 0 75 8 0.000130 0
8 2 0 76 8 0.000126 0
8 2 0 77 9 0.000169 1
8 2 0 78 9 0.000096 0
8 2 0 79 6 0.000048 2
8 2 0 80 10 0.000218 0
8 2 0 81 8 0.000120 2
8 2 0 82 6 0.000068 0
8 2 0 83 5 0.000073 0
8 2 0 84 8 0.000123 0
8 2 0 85 7 0.000119 0
8 2 0 86 7 0.000100 0
8 2 0 87 8 0.000115 0
8 2 0 88 5 0.000071 1
8 2 0 89 9 0.000153 0
8 2 0 90 8 0.000144 2
8 2 0 91 7 0.000112 2
8 2 0 92 8 0.000155 0
8 2 0 93 7 0.000083 0
8 2 0 94 10 0.000176 1
8 2 0 95 9 0.000180 0
8 2 0 96 5 0.000055 1
8 2 0 97 9 0.000135 2
8 2 0 98 9 0.000160 0
8 2 0 99 7 0.000095 0
8 4 0 0 8 0.000150 1
8 4 0 1 7 0.000128 0
8 4 0 2 11 0.000262 2
8 4 0 3 11 0.000212 0
8 4 0 4 5 0.000073 0
8 4 0 5 3 0.000024 1
8 4 0 6 11 0.000255 0
8 4 0 7 5 0.000082 0
8 4 0 8 5 0.000052 2
8 4 0 9 8 0.000120 2
8 4 0 10 10 0.000208 0
8 4 0 11 8 0.000101 0
8 4 0 12 10 0.000220 1
8 4 0 13 11 0.000301 2
8 4 0 14 10 0.000207 0
8 4 0 15 9 0.000205 0
8 4 0 16 7 0.000127 0
8 4 0 17 10 0.000235 1
8 4 0 18 10 0.000195 0
8 4 0 19 6 0.000099 0
8 4 0 20 11 0.000253 2
8 4 0 21 8 0.000132 0
8 4 0 22 11 0.000226 0
8 4 0 23 10 0.000232 0
8 4 0 24 6 0.000096 2
8 4 0 25 9 0.000221 2
8 4 0 26 10 0.000228 2
8 4 0 27 11 0.000218 0
8 4 0 28 12 0.000295 1
8 4 0 29 11 0.000246 2
8 4 0 30 9 0.000225 1
8 4 0 31 10 0.000252 1
8 4 0 32 8 0.000099 1
8 4 0 33 9 0.000153 2
8 4 0 34 8 0.000175 2
8 4 0 35 6 0.000069 1
8 4 0 36 12 0.000272 0
8 4 0 37 7 0.000129 0
8 4 0 38 9 0.000206 0
8 4 0 39 13 0.000357 2
8 4 0 40 7 0.000121 0
8 4 0 41 7 0.000066 0
8 4 0 42 6 0.000112 0
8 4 0 43 11 0.000287 1
8 4 0 44 9 0.000174 0
8 4 0 45 8 0.000140 0
8 4 0 46 13 0.000392 0
8 4 0 47 8 0.000108 0
8 4 0 48 10 0.000177 2
8 4 0 49 8 0.000152 2
8 4 0 50 12 0.000305 0
8 4 0 51 12 0.000296 2
8 4 0 52 13 0.000409 2
8 4 0 53 11 0.000285 0
8 4 0 54 10 0.000181 2
8 4 0 55 9 0.000158 0
8 4 0 56 10 0.000170 2
8 4 0 57 11 0.000292 1
8 4 0 58 12 0.000317 0
8 4 0 59 10 0.000230 0
8 4 0 60 12 0.000347 0
8 4 0 61 10 0.000232 0
8 4 0 62 8 0.000145 0
8 4 0 63 11 0.000216 2
8 4 0 64 12 0.000337 2
8 4 0 65 9 0.000197 0
8 4 0 66 10 0.000184 1
8 4 0 67 13 0.000381 2
8 4 0 68 10 0.000240 0
8 4 0 69 8 0.000174 0
8 4 0 70 9 0.000198 1
8 4 0 71 9 0.000210 2
8 4 0 72 10 0.000233 0
8 4 0 73 9 0.000227 0
8 4 0 74 7 0.000120 1
8 4 0 75 10 0.000225 0
8 4 0 76 12 0.000288 0
8 4 0 77 11 0.000262 1
8 4 0 78 11 0.000171 0
8 4 0 79 6 0.000054 2
8 4 0 80 13 0.000402 0
8 4 0 81 10 0.000205 2
8 4 0 82 8 0.000123 0
8 4 0 83 6 0.000114 0
8 4 0 84 7 0.000123 0
8 4 0 85 9 0.000209 0
8 4 0 86 10 0.000186 0
8 4 0 87 8 0.000149 0
8 4 0 88 8 0.000157 1
8 4 0 89 10 0.000218 0
8 4 0 90 12 0.000311 2
8 4 0 91 8 0.000160 2
8 4 0 92 8 0.000172 0
8 4 0 93 6 0.000080 0
8 4 0 94 13 0.000311 1
8 4 0 95 11 0.000297 0
8 4 0 96 6 0.000101 1
8 4 0 97 10 0.000215 2
8 4 0 98 11 0.000272 0
8 4 0 99 9 0.000170 0
8 8 0 0 9 0.000185 1
8 8 0 1 7 0.000144 0
8 8 0 2 10 0.000252 2
8 8 0 3 10 0.000198 0
8 8 0 4 5 0.000079 0
8 8 0 5 4 0.000043 1
8 8 0 6 12 0.000308 0
8 8 0 7 6 0.000111 0
8 8 0 8 6 0.000077 2
8 8 0 9 8 0.000144 2
8 8 0 10 10 0.000221 0
8 8 0 11 7 0.000105 0
8 8 0 12 9 0.000216 1
8 8 0 13 12 0.000361 2
8 8 0 14 10 0.000222 0
8 8 0 15 9 0.000218 0
8 8 0 16 8 0.000169 0
8 8 0 17 10 0.000252 1
8 8 0 18 10 0.000234 0
8 8 0 19 7 0.000126 0
8 8 0 20 11 0.000282 2
8 8 0 21 7 0.000120 0
8 8 0 22 11 0.000298 0
8 8 0 23 10 0.000248 0
8 8 0 24 6 0.000104 2
8 8 0 25 9 0.000232 2
8 8 0 26 10 0.000234 2
8 8 0 27 11 0.000300 0
8 8 0 28 13 0.000352 1
8 8 0 29 12 0.000288 2
8 8 0 30 10 0.000277 1
8 8 0 31 10 0.000284 1
8 8 0 32 9 0.000126 1
8 8 0 33 10 0.000226 2
8 8 0 34 9 0.000216 2
8 8 0 35 7 0.000092 1
8 8 0 36 12 0.000288 0
8 8 0 37 7 0.000139 0
8 8 0 38 10 0.000260 0
8 8 0 39 13 0.000393 2
8 8 0 40 7 0.000134 0
8 8 0 41 7 0.000105 0
8 8 0 42 7 0.000141 0
8 8 0 43 11 0.000303 1
8 8 0 44 9 0.000184 0
8 8 0 45 8 0.000144 0
8 8 0 46 13 0.000425 0
8 8 0 47 8 0.000141 0
8 8 0 48 8 0.000169 2
8 8 0 49 8 0.000174 2
8 8 0 50 12 0.000342 0
8 8 0 51 12 0.000318 2
8 8 0 52 14 0.000502 2
8 8 0 53 11 0.000311 0
8 8 0 54 9 0.000163 2
8 8 0 55 9 0.000170 0
8 8 0 56 11 0.000210 2
8 8 0 57 11 0.000325 1
8 8 0 58 13 0.000370 0
8 8 0 59 10 0.000258 0
8 8 0 60 13 0.000403 0
8 8 0 61 11 0.000283 0
8 8 0 62 7 0.000141 0
8 8 0 63 10 0.000205 2
8 8 0 64 12 0.000356 2
8 8 0 65 9 0.000208 0
8 8 0 66 9 0.000169 1
8 8 0 67 13 0.000410 2
8 8 0 68 11 0.000286 0
8 8 0 69 9 0.000213 0
8 8 0 70 9 0.000205 1
8 8 0 71 9 0.000229 2
8 8 0 72 11 0.000281 0
8 8 0 73 10 0.000280 0
8 8 0 74 8 0.000146 1
8 8 0 75 11 0.000270 0
8 8 0 76 11 0.000282 0
8 8 0 77 11 0.000284 1
8 8 0 78 11 0.000222 0
8 8 0 79 5 0.000067 2
8 8 0 80 13 0.000429 0
8 8 0 81 10 0.000215 2
8 8 0 82 7 0.000125 0
8 8 0 83 7 0.000144 0
8 8 0 84 8 0.000157 0
8 8 0 85 9 0.000227 0
8 8 0 86 9 0.000213 0
8 8 0 87 8 0.000156 0
8 8 0 88 8 0.000180 1
8 8 0 89 10 0.000226 0
8 8 0 90 12 0.000351 2
8 8 0 91 9 0.000196 2
8 8 0 92 9 0.000215 0
8 8 0 93 7 0.000105 0
8 8 0 94 12 0.000298 1
8 8 0 95 12 0.000346 0
8 8 0 96 6 0.000112 1
8 8 0 97 11 0.000256 2
8 8 0 98 12 0.000324 0
8 8 0 99 10 0.000207 0
16 1 0 0 15 0.000159 0
16 1 0 1 13 0.000083 1
16 1 0 2 15 0.000190 2
16 1 0 3 16 0.000255 1
16 1 0 4 15 0.000132 0
16 1 0 5 14 0.000096 0
16 1 0 6 16 0.000159 0
16 1 0 7 16 0.000160 0
16 1 0 8 15 0.000134 1
16 1 0 9 14 0.000108 0
16 1 0 10 15 0.000084 0
16 1 0 11 12 0.000092 1
16 1 0 12 11 0.000068 0
16 1 0 13 15 0.000144 2
16 1 0 14 16 0.000145 1
16 1 0 15 14 0.000109 0
16 1 0 16 15 0.000123 1
16 1 0 17 16 0.000164 0
16 1 0 18 16 0.000117 0
16 1 0 19 14 0.000108 0
16 1 0 20 16 0.000178 0
16 1 0 21 16 0.000179 0
16 1 0 22 14 0.000104 0
16 1 0 23 15 0.000124 0
16 1 0 24 12 0.000100 0
16 1 0 25 13 0.000131 0
16 1 0 26 11 0.000043 1
16 1 0 27 12 0.000111 0
16 1 0 28 15 0.000135 1
16 1 0 29 16 0.000127 0
16 1 0 30 14 0.000111 0
16 1 0 31 15 0.000130 0
16 1 0 32 13 0.000129 1
16 1 0 33 14 0.000096 0
16 1 0 34 15 0.000139 0
16 1 0 35 15 0.000131 2
16 1 0 36 15 0.000086 0
16 1 0 37 12 0.000103 0
16 1 0 38 15 0.000147 0
16 1 0 39 14 0.000102 1
16 1 0 40 12 0.000066 1
16 1 0 41 15 0.000149 1
16 1 0 42 15 0.000091 2
16 1 0 43 16 0.000172 2
16 1 0 44 16 0.000153 2
16 1 0 45 14 0.000091 1
16 1 0 46 15 0.000137 0
16 1 0 47 14 0.000095 2
16 1 0 48 15 0.000121 2
16 1 0 49 13 0.000083 1
16 1 0 50 13 0.000079 1
16 1 0 51 16 0.000167 1
16 1 0 52 15 0.000115 0
16 1 0 53 12 0.000079 0
16 1 0 54 15 0.000124 2
16 1 0 55 16 0.000133 2
16 1 0 56 15 0.000092 0
16 1 0 57 15 0.000117 0
16 1 0 58 15 0.000135 0
16 1 0 59 16 0.000143 1
16 1 0 60 16 0.000146 0
16 1 0 61 16 0.000144 1
16 1 0 62 16 0.000165 0
16 1 0 63 14 0.000115 0
16 1 0 64 14 0.000091 0
16 1 0 65 14 0.000103 0
16 1 0 66 16 0.000135 0
16 1 0 67 16 0.000157 0
16 1 0 68 14 0.000126 0
16 1 0 69 13 0.000067 0
16 1 0 70 14 0.000055 2
16 1 0 71 16 0.000174 0
16 1 0 72 16 0.000181 1
16 1 0 73 15 0.000098 1
16 1 0 74 16 0.000146 2
16 1 0 75 12 0.000057 0
16 1 0 76 15 0.000145 0
16 1 0 77 15 0.000120 0
16 1 0 78 15 0.000128 1
16 1 0 79 16 0.000147 2
16 1 0 80 16 0.000153 2
16 1 0 81 16 0.000160 0
16 1 0 82 16 0.000165 0
16 1 0 83 16 0.000096 1
16 1 0 84 15 0.000125 0
16 1 0 85 16 0.000155 0
16 1 0 86 15 0.000080 0
16 1 0 87 15 0.000105 0
16 1 0 88 16 0.000175 1
16 1 0 89 16 0.000176 0
16 1 0 90 16 0.000150 0
16 1 0 91 15 0.000136 1
16 1 0 92 15 0.000099 1
16 1 0 93 16 0.000161 1
16 1 0 94 16 0.000144 1
16 1 0 95 16 0.000091 0
16 1 0 96 14 0.000120 0
16 1 0 97 14 0.000145 0
16 1 0 98 16 0.000165 2
16 1 0 99 15 0.000188 1
16 2 0 0 16 0.000308 0
16 2 0 1 12 0.000147 1
16 2 0 2 14 0.000264 2
16 2 0 3 15 0.000295 1
16 2 0 4 17 0.000330 0
16 2 0 5 17 0.000236 0
16 2 0 6 15 0.000285 0
16 2 0 7 16 0.000313 0
16 2 0 8 17 0.000285 1
16 2 0 9 14 0.000232 0
16 2 0 10 16 0.000236 0
16 2 0 11 16 0.000210 1
16 2 0 12 15 0.000204 0
16 2 0 13 16 0.000337 2
16 2 0 14 17 0.000313 1
16 2 0 15 17 0.000262 0
16 2 0 16 17 0.000291 1
16 2 0 17 15 0.000276 0
16 2 0 18 16 0.000270 0
16 2 0 19 17 0.000279 0
16 2 0 20 18 0.000361 0
16 2 0 21 17 0.000355 0
16 2 0 22 14 0.000228 0
16 2 0 23 14 0.000253 0
16 2 0 24 13 0.000186 0
16 2 0 25 12 0.000211 0
16 2 0 26 13 0.000118 1
16 2 0 27 14 0.000220 2
16 2 0 28 18 0.000329 1
16 2 0 29 17 0.000293 0
16 2 0 30 13 0.000241 0
16 2 0 31 15 0.000248 0
16 2 0 32 15 0.000292 1
16 2 0 33 11 0.000158 0
16 2 0 34 16 0.000283 0
16 2 0 35 14 0.000265 2
16 2 0 36 14 0.000229 0
16 2 0 37 16 0.000256 0
16 2 0 38 15 0.000286 0
16 2 0 39 13 0.000226 1
16 2 0 40 11 0.000110 1
16 2 0 41 16 0.000320 1
16 2 0 42 15 0.000228 2
16 2 0 43 18 0.000394 2
16 2 0 44 18 0.000377 2
16 2 0 45 16 0.000242 1
16 2 0 46 15 0.000258 0
16 2 0 47 14 0.000188 2
16 2 0 48 15 0.000248 2
16 2 0 49 14 0.000209 1
16 2 0 50 16 0.000210 2
16 2 0 51 16 0.000322 1
16 2 0 52 15 0.000242 0
16 2 0 53 12 0.000154 2
16 2 0 54 17 0.000270 2
16 2 0 55 17 0.000283 2
16 2 0 56 15 0.000228 0
16 2 0 57 13 0.000224 0
16 2 0 58 16 0.000309 0
16 2 0 59 18 0.000346 1
16 2 0 60 17 0.000362 0
16 2 0 61 15 0.000283 1
16 2 0 62 15 0.000313 0
16 2 0 63 13 0.000230 0
16 2 0 64 15 0.000209 0
16 2 0 65 17 0.000282 0
16 2 0 66 16 0.000274 0
16 2 0 67 17 0.000307 0
16 2 0 68 15 0.000265 2
16 2 0 69 14 0.000173 0
16 2 0 70 14 0.000163 2
16 2 0 71 17 0.000374 0
16 2 0 72 17 0.000402 1
16 2 0 73 17 0.000268 1
16 2 0 74 14 0.000261 2
16 2 0 75 13 0.000168 0
16 2 0 76 17 0.000326 2
16 2 0 77 18 0.000314 0
16 2 0 78 16 0.000318 1
16 2 0 79 15 0.000267 2
16 2 0 80 16 0.000332 2
16 2 0 81 16 0.000313 0
16 2 0 82 18 0.000375 0
16 2 0 83 15 0.000222 1
16 2 0 84 17 0.000309 2
16 2 0 85 17 0.000360 0
16 2 0 86 18 0.000211 2
16 2 0 87 16 0.000252 0
16 2 0 88 18 0.000384 2
16 2 0 89 18 0.000378 0
16 2 0 90 15 0.000302 0
16 2 0 91 16 0.000331 1
16 2 0 92 15 0.000231 1
16 2 0 93 17 0.000374 1
16 2 0 94 17 0.000314 1
16 2 0 95 16 0.000330 0
16 2 0 96 15 0.000352 0
16 2 0 97 16 0.000364 0
16 2 0 98 16 0.000346 2
16 2 0 99 17 0.000436 1
16 4 0 0 19 0.000690 0
16 4 0 1 13 0.000260 1
16 4 0 2 16 0.000545 2
16 4 0 3 16 0.000463 1
16 4 0 4 19 0.000609 0
16 4 0 5 17 0.000400 0
16 4 0 6 18 0.000629 0
16 4 0 7 21 0.000709 0
16 4 0 8 20 0.000608 1
16 4 0 9 17 0.000464 0
16 4 0 10 18 0.000448 0
16 4 0 11 14 0.000322 1
16 4 0 12 16 0.000374 0
16 4 0 13 18 0.000619 2
16 4 0 14 19 0.000568 1
16 4 0 15 18 0.000481 0
16 4 0 16 18 0.000515 1
16 4 0 17 17 0.000533 0
16 4 0 18 17 0.000492 0
16 4 0 19 17 0.000466 0
16 4 0 20 20 0.000734 0
16 4 0 21 18 0.000579 0
16 4 0 22 16 0.000422 0
16 4 0 23 17 0.000586 0
16 4 0 24 14 0.000316 0
16 4 0 25 15 0.000471 0
16 4 0 26 10 0.000176 1
16 4 0 27 16 0.000459 2
16 4 0 28 20 0.000576 1
16 4 0 29 19 0.000543 0
16 4 0 30 16 0.000471 0
16 4 0 31 17 0.000505 0
16 4 0 32 17 0.000553 1
16 4 0 33 12 0.000257 0
16 4 0 34 19 0.000637 0
16 4 0 35 16 0.000507 2
16 4 0 36 17 0.000420 0
16 4 0 37 17 0.000479 0
16 4 0 38 19 0.000647 0
16 4 0 39 16 0.000457 1
16 4 0 40 12 0.000172 1
16 4 0 41 15 0.000466 1
16 4 0 42 17 0.000397 2
16 4 0 43 22 0.000877 2
16 4 0 44 19 0.000672 2
16 4 0 45 16 0.000405 1
16 4 0 46 16 0.000447 0
16 4 0 47 16 0.000356 2
16 4 0 48 18 0.000596 2
16 4 0 49 14 0.000357 1
16 4 0 50 15 0.000328 2
16 4 0 51 20 0.000707 1
16 4 0 52 18 0.000442 0
16 4 0 53 14 0.000330 2
16 4 0 54 17 0.000456 2
16 4 0 55 19 0.000592 2
16 4 0 56 18 0.000516 0
16 4 0 57 15 0.000428 0
16 4 0 58 20 0.000725 0
16 4 0 59 19 0.000632 1
16 4 0 60 20 0.000730 0
16 4 0 61 19 0.000605 1
16 4 0 62 20 0.000753 0
16 4 0 63 17 0.000492 0
16 4 0 64 17 0.000434 0
16 4 0 65 18 0.000548 0
16 4 0 66 18 0.000546 0
16 4 0 67 21 0.000729 0
16 4 0 68 16 0.000437 2
16 4 0 69 14 0.000240 0
16 4 0 70 17 0.000342 2
16 4 0 71 20 0.000805 0
16 4 0 72 21 0.000925 1
16 4 0 73 16 0.000379 1
16 4 0 74 17 0.000573 2
16 4 0 75 13 0.000272 0
16 4 0 76 18 0.000568 2
16 4 0 77 18 0.000591 0
16 4 0 78 17 0.000565 1
16 4 0 79 16 0.000410 2
16 4 0 80 20 0.000677 2
16 4 0 81 20 0.000673 0
16 4 0 82 21 0.000759 0
16 4 0 83 19 0.000552 1
16 4 0 84 17 0.000523 2
16 4 0 85 21 0.000782 0
16 4 0 86 20 0.000449 2
16 4 0 87 18 0.000481 0
16 4 0 88 19 0.000685 2
16 4 0 89 21 0.000796 0
16 4 0 90 19 0.000615 0
16 4 0 91 19 0.000644 1
16 4 0 92 17 0.000443 1
16 4 0 93 20 0.000800 1
16 4 0 94 20 0.000607 1
16 4 0 95 18 0.000458 0
16 4 0 96 17 0.000515 0
16 4 0 97 19 0.000724 0
16 4 0 98 19 0.000676 2
16 4 0 99 21 0.000924 1
16 8 0 0 23 0.001357 0
16 8 0 1 15 0.000394 1
16 8 0 2 19 0.000931 2
16 8 0 3 21 0.000999 1
16 8 0 4 23 0.001252 0
16 8 0 5 21 0.000726 0
16 8 0 6 20 0.001075 0
16 8 0 7 24 0.001320 0
16 8 0 8 24 0.001142 1
16 8 0 9 18 0.000659 0
16 8 0 10 21 0.000825 0
16 8 0 11 18 0.000694 1
16 8 0 12 16 0.000541 0
16 8 0 13 24 0.001357 2
16 8 0 14 23 0.001077 1
16 8 0 15 22 0.000981 0
16 8 0 16 23 0.001063 1
16 8 0 17 20 0.000990 0
16 8 0 18 22 0.000949 0
16 8 0 19 20 0.000888 0
16 8 0 20 26 0.001746 0
16 8 0 21 24 0.001493 0
16 8 0 22 18 0.000751 0
16 8 0 23 20 0.000962 0
16 8 0 24 14 0.000442 0
16 8 0 25 17 0.000784 0
16 8 0 26 13 0.000305 1
16 8 0 27 17 0.000668 2
16 8 0 28 24 0.001230 1
16 8 0 29 25 0.001193 0
16 8 0 30 18 0.000764 0
16 8 0 31 21 0.001065 0
16 8 0 32 22 0.001152 1
16 8 0 33 14 0.000421 0
16 8 0 34 20 0.001059 0
16 8 0 35 20 0.000924 2
16 8 0 36 18 0.000631 0
16 8 0 37 18 0.000782 0
16 8 0 38 21 0.001017 0
16 8 0 39 18 0.000681 1
16 8 0 40 13 0.000301 1
16 8 0 41 21 0.001096 1
16 8 0 42 20 0.000664 2
16 8 0 43 28 0.001902 2
16 8 0 44 26 0.001640 2
16 8 0 45 19 0.000747 1
16 8 0 46 18 0.000802 0
16 8 0 47 16 0.000462 2
16 8 0 48 19 0.000890 2
16 8 0 49 17 0.000594 1
16 8 0 50 18 0.000554 2
16 8 0 51 24 0.001379 1
16 8 0 52 22 0.000890 0
16 8 0 53 15 0.000462 2
16 8 0 54 19 0.000837 2
16 8 0 55 24 0.001292 2
16 8 0 56 20 0.000784 0
16 8 0 57 18 0.000687 0
16 8 0 58 25 0.001436 0
16 8 0 59 24 0.001345 1
16 8 0 60 25 0.001523 0
16 8 0 61 23 0.001142 1
16 8 0 62 22 0.001289 0
16 8 0 63 19 0.000767 0
16 8 0 64 20 0.000813 0
16 8 0 65 20 0.000929 0
16 8 0 66 21 0.000986 0
16 8 0 67 25 0.001522 0
16 8 0 68 19 0.000787 2
16 8 0 69 17 0.000455 0
16 8 0 70 18 0.000529 2
16 8 0 71 26 0.001788 0
16 8 0 72 27 0.001968 1
16 8 0 73 19 0.000719 1
16 8 0 74 20 0.000848 2
16 8 0 75 16 0.000492 0
16 8 0 76 24 0.001279 2
16 8 0 77 23 0.001335 0
16 8 0 78 22 0.001122 1
16 8 0 79 21 0.000897 2
16 8 0 80 23 0.001250 2
16 8 0 81 25 0.001387 0
16 8 0 82 26 0.001683 0
16 8 0 83 22 0.001024 1
16 8 0 84 21 0.001080 2
16 8 0 85 26 0.001723 0
16 8 0 86 23 0.001038 2
16 8 0 87 19 0.000712 0
16 8 0 88 26 0.001789 2
16 8 0 89 27 0.001858 0
16 8 0 90 22 0.001163 0
16 8 0 91 23 0.001229 1
16 8 0 92 20 0.000777 1
16 8 0 93 26 0.001834 1
16 8 0 94 24 0.001333 1
16 8 0 95 23 0.000977 0
16 8 0 96 19 0.000887 0
16 8 0 97 21 0.001134 0
16 8 0 98 23 0.001396 2
16 8 0 99 27 0.002068 1
32 1 0 0 31 0.000319 1
32 1 0 1 30 0.000295 0
32 1 0 2 31 0.000315 0
32 1 0 3 31 0.000274 2
32 1 0 4 31 0.000312 0
32 1 0 5 31 0.000239 1
32 1 0 6 31 0.000314 0
32 1 0 7 25 0.000122 2
32 1 0 8 29 0.000270 0
32 1 0 9 31 0.000277 0
32 1 0 10 27 0.000243 0
32 1 0 11 30 0.000327 0
32 1 0 12 27 0.000235 2
32 1 0 13 29 0.000269 1
32 1 0 14 28 0.000272 1
32 1 0 15 30 0.000310 0
32 1 0 16 31 0.000354 1
32 1 0 17 28 0.000300 0
32 1 0 18 30 0.000236 1
32 1 0 19 32 0.000405 0
32 1 0 20 26 0.000264 2
32 1 0 21 31 0.000251 1
32 1 0 22 32 0.000375 0
32 1 0 23 29 0.000274 1
32 1 0 24 29 0.000219 1
32 1 0 25 31 0.000250 1
32 1 0 26 31 0.000314 0
32 1 0 27 27 0.000240 0
32 1 0 28 32 0.000322 0
32 1 0 29 31 0.000339 0
32 1 0 30 30 0.000273 1
32 1 0 31 32 0.000263 1
32 1 0 32 28 0.000212 0
32 1 0 33 29 0.000182 0
32 1 0 34 31 0.000319 0
32 1 0 35 29 0.000265 0
32 1 0 36 32 0.000272 0
32 1 0 37 29 0.000203 0
32 1 0 38 31 0.000305 0
32 1 0 39 23 0.000147 0
32 1 0 40 31 0.000217 0
32 1 0 41 31 0.000275 0
32 1 0 42 31 0.000262 0
32 1 0 43 32 0.000304 1
32 1 0 44 28 0.000247 2
32 1 0 45 31 0.000359 0
32 1 0 46 29 0.000267 1
32 1 0 47 29 0.000287 0
32 1 0 48 26 0.000125 0
32 1 0 49 31 0.000355 0
32 1 0 50 30 0.000264 2
32 1 0 51 29 0.000231 1
32 1 0 52 31 0.000243 0
32 1 0 53 27 0.000265 1
32 1 0 54 29 0.000192 1
32 1 0 55 28 0.000179 1
32 1 0 56 30 0.000325 0
32 1 0 57 30 0.000319 1
32 1 0 58 32 0.000316 1
32 1 0 59 28 0.000187 2
32 1 0 60 31 0.000348 0
32 1 0 61 29 0.000269 1
32 1 0 62 32 0.000305 2
32 1 0 63 29 0.000227 0
32 1 0 64 32 0.000236 0
32 1 0 65 30 0.000293 2
32 1 0 66 28 0.000235 0
32 1 0 67 31 0.000325 0
32 1 0 68 27 0.000196 0
32 1 0 69 29 0.000249 1
32 1 0 70 27 0.000217 2
32 1 0 71 31 0.000267 1
32 1 0 72 31 0.000281 1
32 1 0 73 30 0.000308 0
32 1 0 74 30 0.000263 0
32 1 0 75 31 0.000262 0
32 1 0 76 31 0.000293 0
32 1 0 77 32 0.000285 1
32 1 0 78 30 0.000277 0
32 1 0 79 31 0.000246 0
32 1 0 80 29 0.000243 0
32 1 0 81 32 0.000334 2
32 1 0 82 31 0.000296 1
32 1 0 83 29 0.000232 2
32 1 0 84 31 0.000334 0
32 1 0 85 29 0.000279 1
32 1 0 86 32 0.000271 1
32 1 0 87 28 0.000222 0
32 1 0 88 30 0.000219 2
32 1 0 89 31 0.000279 1
32 1 0 90 31 0.000273 0
32 1 0 91 32 0.000321 1
32 1 0 92 27 0.000222 1
32 1 0 93 28 0.000199 2
32 1 0 94 31 0.000309 1
32 1 0 95 26 0.000173 1
32 1 0 96 30 0.000292 1
32 1 0 97 29 0.000257 1
32 1 0 98 31 0.000385 1
32 1 0 99 31 0.000244 1
32 2 0 0 32 0.000654 2
32 2 0 1 30 0.000578 2
32 2 0 2 30 0.000602 0
32 2 0 3 31 0.000616 2
32 2 0 4 30 0.000597 0
32 2 0 5 33 0.000566 2
32 2 0 6 32 0.000665 0
32 2 0 7 26 0.000296 2
32 2 0 8 30 0.000602 0
32 2 0 9 33 0.000595 0
32 2 0 10 28 0.000556 2
32 2 0 11 30 0.000703 0
32 2 0 12 32 0.000536 2
32 2 0 13 31 0.000613 1
32 2 0 14 28 0.000564 1
32 2 0 15 32 0.000672 0
32 2 0 16 32 0.000721 1
32 2 0 17 30 0.000658 0
32 2 0 18 31 0.000603 1
32 2 0 19 33 0.000831 0
32 2 0 20 29 0.000593 2
32 2 0 21 33 0.000629 1
32 2 0 22 32 0.000769 0
32 2 0 23 32 0.000676 1
32 2 0 24 33 0.000601 1
32 2 0 25 29 0.000554 2
32 2 0 26 33 0.000665 0
32 2 0 27 27 0.000447 0
32 2 0 28 33 0.000694 0
32 2 0 29 33 0.000767 0
32 2 0 30 30 0.000605 1
32 2 0 31 33 0.000634 1
32 2 0 32 26 0.000467 0
32 2 0 33 28 0.000457 0
32 2 0 34 28 0.000622 0
32 2 0 35 31 0.000583 0
32 2 0 36 33 0.000658 0
32 2 0 37 27 0.000482 0
32 2 0 38 30 0.000597 0
32 2 0 39 24 0.000326 0
32 2 0 40 30 0.000477 0
32 2 0 41 28 0.000528 0
32 2 0 42 31 0.000583 0
32 2 0 43 30 0.000605 1
32 2 0 44 29 0.000544 2
32 2 0 45 33 0.000767 0
32 2 0 46 30 0.000646 1
32 2 0 47 32 0.000603 0
32 2 0 48 27 0.000356 0
32 2 0 49 29 0.000640 0
32 2 0 50 33 0.000638 2
32 2 0 51 28 0.000524 1
32 2 0 52 29 0.000478 0
32 2 0 53 29 0.000566 1
32 2 0 54 25 0.000400 1
32 2 0 55 30 0.000444 2
32 2 0 56 28 0.000613 0
32 2 0 57 31 0.000697 1
32 2 0 58 33 0.000811 1
32 2 0 59 28 0.000463 2
32 2 0 60 31 0.000750 0
32 2 0 61 28 0.000576 1
32 2 0 62 32 0.000641 2
32 2 0 63 29 0.000455 0
32 2 0 64 29 0.000526 0
32 2 0 65 32 0.000710 2
32 2 0 66 31 0.000590 0
32 2 0 67 33 0.000684 0
32 2 0 68 26 0.000426 0
32 2 0 69 29 0.000511 1
32 2 0 70 25 0.000428 2
32 2 0 71 30 0.000584 1
32 2 0 72 33 0.000591 1
32 2 0 73 33 0.000615 0
32 2 0 74 29 0.000548 0
32 2 0 75 28 0.000474 0
32 2 0 76 32 0.000650 0
32 2 0 77 32 0.000671 1
32 2 0 78 29 0.000521 0
32 2 0 79 32 0.000581 0
32 2 0 80 28 0.000479 0
32 2 0 81 32 0.000693 2
32 2 0 82 32 0.000660 1
32 2 0 83 31 0.000505 2
32 2 0 84 31 0.000692 0
32 2 0 85 27 0.000544 1
32 2 0 86 31 0.000565 1
32 2 0 87 29 0.000487 0
32 2 0 88 30 0.000491 2
32 2 0 89 30 0.000570 1
32 2 0 90 31 0.000623 0
32 2 0 91 32 0.000693 1
32 2 0 92 29 0.000454 1
32 2 0 93 29 0.000500 2
32 2 0 94 26 0.000536 1
32 2 0 95 26 0.000372 1
32 2 0 96 32 0.000635 1
32 2 0 97 28 0.000523 1
32 2 0 98 32 0.000759 1
32 2 0 99 33 0.000597 1
32 4 0 0 35 0.001278 2
32 4 0 1 32 0.001069 2
32 4 0 2 32 0.001187 0
32 4 0 3 32 0.001126 2
32 4 0 4 33 0.001139 0
32 4 0 5 32 0.000966 2
32 4 0 6 35 0.001342 0
32 4 0 7 21 0.000459 2
32 4 0 8 26 0.000929 0
32 4 0 9 33 0.001104 0
32 4 0 10 30 0.001083 2
32 4 0 11 32 0.001506 0
32 4 0 12 31 0.000994 2
32 4 0 13 36 0.001376 1
32 4 0 14 31 0.001090 1
32 4 0 15 34 0.001324 0
32 4 0 16 35 0.001523 1
32 4 0 17 30 0.001222 0
32 4 0 18 33 0.001165 1
32 4 0 19 36 0.001797 0
32 4 0 20 30 0.001113 2
32 4 0 21 36 0.001263 1
32 4 0 22 34 0.001581 0
32 4 0 23 33 0.001207 1
32 4 0 24 30 0.000964 1
32 4 0 25 31 0.000986 2
32 4 0 26 36 0.001370 0
32 4 0 27 30 0.000874 0
32 4 0 28 35 0.001523 0
32 4 0 29 35 0.001689 0
32 4 0 30 32 0.001195 1
32 4 0 31 34 0.001241 1
32 4 0 32 29 0.000873 0
32 4 0 33 32 0.000920 0
32 4 0 34 32 0.001400 0
32 4 0 35 33 0.001107 0
32 4 0 36 35 0.001309 0
32 4 0 37 29 0.000939 0
32 4 0 38 34 0.001250 0
32 4 0 39 29 0.000759 2
32 4 0 40 33 0.001083 0
32 4 0 41 32 0.001079 0
32 4 0 42 35 0.001217 0
32 4 0 43 33 0.001189 1
32 4 0 44 31 0.001096 2
32 4 0 45 33 0.001597 0
32 4 0 46 34 0.001383 1
32 4 0 47 30 0.001096 0
32 4 0 48 29 0.000633 0
32 4 0 49 34 0.001400 0
32 4 0 50 33 0.001270 2
32 4 0 51 29 0.001007 1
32 4 0 52 32 0.001005 0
32 4 0 53 33 0.001126 1
32 4 0 54 28 0.000860 1
32 4 0 55 31 0.000788 2
32 4 0 56 33 0.001281 0
32 4 0 57 33 0.001398 1
32 4 0 58 37 0.001543 1
32 4 0 59 30 0.000912 2
32 4 0 60 35 0.001653 0
32 4 0 61 34 0.001269 1
32 4 0 62 35 0.001278 2
32 4 0 63 29 0.000877 0
32 4 0 64 33 0.001206 0
32 4 0 65 34 0.001332 2
32 4 0 66 31 0.001133 0
32 4 0 67 32 0.001195 0
32 4 0 68 25 0.000719 0
32 4 0 69 33 0.001031 1
32 4 0 70 27 0.000807 2
32 4 0 71 33 0.001145 1
32 4 0 72 32 0.001057 1
32 4 0 73 34 0.001363 0
32 4 0 74 32 0.001184 0
32 4 0 75 33 0.001041 0
32 4 0 76 32 0.001294 0
32 4 0 77 35 0.001281 1
32 4 0 78 32 0.001008 0
32 4 0 79 34 0.001128 0
32 4 0 80 29 0.000904 0
32 4 0 81 36 0.001450 2
32 4 0 82 35 0.001306 1
32 4 0 83 30 0.000827 2
32 4 0 84 34 0.001524 0
32 4 0 85 32 0.001170 1
32 4 0 86 29 0.000956 1
32 4 0 87 31 0.000875 0
32 4 0 88 34 0.001073 2
32 4 0 89 33 0.001049 1
32 4 0 90 34 0.001265 0
32 4 0 91 36 0.001528 1
32 4 0 92 33 0.000910 1
32 4 0 93 30 0.000931 2
32 4 0 94 30 0.001117 1
32 4 0 95 24 0.000584 1
32 4 0 96 33 0.001200 1
32 4 0 97 32 0.001155 1
32 4 0 98 35 0.001684 1
32 4 0 99 35 0.001310 1
32 8 0 0 37 0.002772 2
32 8 0 1 34 0.002427 2
32 8 0 2 39 0.003164 0
32 8 0 3 39 0.002913 2
32 8 0 4 35 0.002557 0
32 8 0 5 36 0.002232 2
32 8 0 6 38 0.003229 0
32 8 0 7 27 0.001094 2
32 8 0 8 33 0.002391 0
32 8 0 9 37 0.002638 0
32 8 0 10 34 0.002755 2
32 8 0 11 38 0.004230 0
32 8 0 12 33 0.002264 2
32 8 0 13 40 0.003375 1
32 8 0 14 32 0.002377 1
32 8 0 15 39 0.003372 0
32 8 0 16 40 0.003934 1
32 8 0 17 36 0.003345 0
32 8 0 18 39 0.002727 1
32 8 0 19 42 0.005064 0
32 8 0 20 38 0.003044 2
32 8 0 21 39 0.003146 1
32 8 0 22 38 0.004174 0
32 8 0 23 38 0.002972 1
32 8 0 24 36 0.002219 1
32 8 0 25 34 0.002142 2
32 8 0 26 39 0.003144 0
32 8 0 27 31 0.001591 0
32 8 0 28 40 0.003673 0
32 8 0 29 42 0.004719 0
32 8 0 30 36 0.002475 1
32 8 0 31 41 0.002954 1
32 8 0 32 30 0.001611 0
32 8 0 33 34 0.001849 0
32 8 0 34 38 0.003776 0
32 8 0 35 35 0.002306 0
32 8 0 36 42 0.003316 0
32 8 0 37 37 0.002363 0
32 8 0 38 41 0.003272 0
32 8 0 39 27 0.001330 2
32 8 0 40 37 0.002282 0
32 8 0 41 36 0.002583 0
32 8 0 42 37 0.002729 0
32 8 0 43 37 0.002820 1
32 8 0 44 32 0.002396 2
32 8 0 45 39 0.004193 0
32 8 0 46 36 0.003344 1
32 8 0 47 35 0.002629 0
32 8 0 48 28 0.001090 0
32 8 0 49 37 0.003449 0
32 8 0 50 40 0.003250 2
32 8 0 51 31 0.002053 1
32 8 0 52 33 0.002068 0
32 8 0 53 35 0.002423 1
32 8 0 54 33 0.002081 1
32 8 0 55 32 0.001287 2
32 8 0 56 37 0.003272 0
32 8 0 57 39 0.003845 1
32 8 0 58 41 0.003799 1
32 8 0 59 32 0.001940 2
32 8 0 60 40 0.004292 0
32 8 0 61 37 0.002885 1
32 8 0 62 39 0.002936 2
32 8 0 63 32 0.001947 0
32 8 0 64 36 0.002849 0
32 8 0 65 39 0.003011 2
32 8 0 66 34 0.002567 0
32 8 0 67 35 0.002643 0
32 8 0 68 29 0.001544 0
32 8 0 69 32 0.002073 1
32 8 0 70 28 0.001698 2
32 8 0 71 37 0.002754 1
32 8 0 72 35 0.002270 1
32 8 0 73 40 0.003629 0
32 8 0 74 34 0.002434 0
32 8 0 75 33 0.002100 0
32 8 0 76 37 0.003365 0
32 8 0 77 40 0.003085 1
32 8 0 78 37 0.002322 0
32 8 0 79 39 0.002768 0
32 8 0 80 33 0.002152 0
32 8 0 81 38 0.003162 2
32 8 0 82 38 0.002992 1
32 8 0 83 34 0.001877 2
32 8 0 84 39 0.004324 0
32 8 0 85 34 0.002662 1
32 8 0 86 34 0.002254 1
32 8 0 87 35 0.002019 0
32 8 0 88 33 0.002049 2
32 8 0 89 35 0.002325 1
32 8 0 90 38 0.003006 0
32 8 0 91 41 0.003668 1
32 8 0 92 30 0.001647 1
32 8 0 93 34 0.001972 2
32 8 0 94 36 0.002876 1
32 8 0 95 29 0.001327 1
32 8 0 96 38 0.003039 1
32 8 0 97 35 0.002661 1
32 8 0 98 40 0.004330 1
32 8 0 99 38 0.003140 1
