ORIG
all oot

FINE
1000 50 1 21 0.0054014 0 1
1000 100 1 23 0.034455 0 1
1000 200 1 27 10.5794 0 1
oot

1000 50 1 21 0.00609509 0 1
1000 100 1 23 0.0688131 0 1
1000 200 1 27 22.0139 0 1
oot

1000 50 1 21 0.00906771 0 1
1000 100 1 23 0.105848 0 1
1000 200 1 27 33.6659 0 1
oot

FINE RELATIVE
1000 50 1 21 0.00174245 0 1
1000 100 1 23 0.00398641 0 1
1000 200 1 27 0.0232731 0 1
1000 400 1 35 4.65107 0 1

1000 50 1 21 0.0011817 0 1
1000 100 1 23 0.0038369 0 1
1000 200 1 27 0.0488 0 1
1000 400 1 35 9.49392 0 1

1000 50 1 21 0.00184042 0 1
1000 100 1 23 0.00580775 0 1
1000 200 1 27 0.0741596 0 1
1000 400 1 35 14.3127 0 1