16 1 0 0 15 0.432387 1
16 1 0 1 13 0.070705 1
16 1 0 2 15 0.342568 1
16 1 0 3 16 0.267340 1
16 1 0 4 15 0.387116 1
16 1 0 5 14 0.217224 1
16 1 0 6 16 0.375790 1
16 1 0 7 16 0.331602 1
16 1 0 8 15 0.283925 1
16 1 0 9 14 0.186930 1
16 1 0 10 15 0.455587 1
16 1 0 11 12 0.133839 1
16 1 0 12 11 0.159680 1
16 1 0 13 15 0.578455 1
16 1 0 14 16 0.552329 1
16 1 0 15 14 0.290044 1
16 1 0 16 15 0.768036 1
16 1 0 17 16 0.452380 1
16 1 0 18 16 0.534407 1
16 1 0 19 14 0.409237 1
16 1 0 20 16 0.366129 1
16 1 0 21 16 0.530584 1
16 1 0 22 14 0.334232 1
16 1 0 23 15 0.346519 1
16 1 0 24 12 0.150684 1
16 1 0 25 13 0.268066 1
16 1 0 26 11 0.102908 1
16 1 0 27 12 0.386354 1
16 1 0 28 15 0.274660 1
16 1 0 29 16 0.294859 1
16 1 0 30 14 0.189591 1
16 1 0 31 15 0.472570 1
16 1 0 32 13 0.251832 1
16 1 0 33 14 0.171077 1
16 1 0 34 15 0.356996 1
16 1 0 35 15 0.225459 1
16 1 0 36 15 0.175224 1
16 1 0 37 12 0.187052 1
16 1 0 38 15 0.336224 1
16 1 0 39 14 0.257835 1
16 1 0 40 12 0.170572 1
16 1 0 41 15 0.437188 1
16 1 0 42 15 0.160771 1
16 1 0 43 16 0.377338 1
16 1 0 44 16 0.614012 1
16 1 0 45 14 0.216633 1
16 1 0 46 15 0.267139 1
16 1 0 47 14 0.248854 1
16 1 0 48 15 0.425841 1
16 1 0 49 13 0.207738 1
16 1 0 50 13 0.197037 1
16 1 0 51 16 0.434807 1
16 1 0 52 15 0.140095 1
16 1 0 53 12 0.212594 1
16 1 0 54 15 0.419949 1
16 1 0 55 16 0.414792 1
16 1 0 56 15 0.222538 1
16 1 0 57 15 0.304850 1
16 1 0 58 15 0.389085 1
16 1 0 59 16 0.362157 1
16 1 0 60 16 0.491898 1
16 1 0 61 16 0.340396 1
16 1 0 62 16 0.605326 1
16 1 0 63 14 0.383529 1
16 1 0 64 14 0.127114 1
16 1 0 65 14 0.440501 1
16 1 0 66 16 0.469624 1
16 1 0 67 16 0.555170 1
16 1 0 68 14 0.330517 1
16 1 0 69 13 0.073549 1
16 1 0 70 14 0.143804 1
16 1 0 71 16 0.602931 1
16 1 0 72 16 0.446500 1
16 1 0 73 15 0.306964 1
16 1 0 74 16 0.224853 1
16 1 0 75 12 0.087289 1
16 1 0 76 15 0.488156 1
16 1 0 77 15 0.368263 1
16 1 0 78 15 0.338499 1
16 1 0 79 16 0.482217 1
16 1 0 80 16 0.470476 1
16 1 0 81 16 0.358903 1
16 1 0 82 16 0.503922 1
16 1 0 83 16 0.314785 1
16 1 0 84 15 0.439010 1
16 1 0 85 16 0.474651 1
16 1 0 86 15 0.437437 1
16 1 0 87 15 0.294581 1
16 1 0 88 16 0.528301 1
16 1 0 89 16 0.562619 1
16 1 0 90 16 0.308456 1
16 1 0 91 15 0.302084 1
16 1 0 92 15 0.222646 1
16 1 0 93 16 0.503719 1
16 1 0 94 16 0.401848 1
16 1 0 95 16 0.241732 1
16 1 0 96 14 0.311089 1
16 1 0 97 14 0.375455 1
16 1 0 98 16 0.556228 1
16 1 0 99 15 0.695986 1
16 2 0 0 16 1.594917 1
16 2 0 1 12 0.137454 1
16 2 0 2 14 1.165836 1
16 2 0 3 15 1.174464 1
16 2 0 4 17 1.599898 1
16 2 0 5 17 0.766943 1
16 2 0 6 15 1.205675 1
16 2 0 7 16 1.262700 1
16 2 0 8 17 1.029069 1
16 2 0 9 14 0.982751 1
16 2 0 10 16 1.164942 1
16 2 0 11 16 0.512044 1
16 2 0 12 15 0.943932 1
16 2 0 13 16 1.650322 1
16 2 0 14 17 1.408909 1
16 2 0 15 17 1.278245 1
16 2 0 16 17 1.327959 1
16 2 0 17 15 1.151181 1
16 2 0 18 16 1.306073 2
16 2 0 19 17 1.306575 1
16 2 0 20 18 1.687161 1
16 2 0 21 17 1.589840 1
16 2 0 22 14 0.632760 1
16 2 0 23 14 1.103071 1
16 2 0 24 13 0.469028 1
16 2 0 25 12 0.397589 1
16 2 0 26 13 0.402535 1
16 2 0 27 14 0.794546 1
16 2 0 28 18 1.080786 1
16 2 0 29 17 1.338241 1
16 2 0 30 13 0.499965 1
16 2 0 31 15 1.071741 1
16 2 0 32 15 1.285978 1
16 2 0 33 11 0.287662 1
16 2 0 34 16 0.916517 1
16 2 0 35 14 0.635502 1
16 2 0 36 14 0.465874 1
16 2 0 37 16 0.977615 1
16 2 0 38 15 1.241575 1
16 2 0 39 13 0.632648 1
16 2 0 40 11 0.308043 1
16 2 0 41 16 1.341352 1
16 2 0 42 15 0.895588 1
16 2 0 43 18 2.010279 1
16 2 0 44 18 2.054141 1
16 2 0 45 16 0.788886 1
16 2 0 46 15 0.976228 1
16 2 0 47 14 0.506750 1
16 2 0 48 15 0.883891 1
16 2 0 49 14 0.675356 1
16 2 0 50 16 0.575132 1
16 2 0 51 16 1.106491 1
16 2 0 52 15 0.435835 1
16 2 0 53 12 0.420604 1
16 2 0 54 17 1.269925 1
16 2 0 55 17 1.321558 1
16 2 0 56 15 0.512319 1
16 2 0 57 13 0.619423 1
16 2 0 58 16 1.135643 1
16 2 0 59 18 1.287264 1
16 2 0 60 17 1.721806 1
16 2 0 61 15 0.992142 1
16 2 0 62 15 1.431173 1
16 2 0 63 13 0.961973 1
16 2 0 64 15 0.445029 1
16 2 0 65 17 1.494154 1
16 2 0 66 16 1.054115 1
16 2 0 67 17 1.680342 2
16 2 0 68 15 1.208755 1
16 2 0 69 14 0.290449 1
16 2 0 70 14 0.392741 1
16 2 0 71 17 2.252083 1
16 2 0 72 17 1.829855 1
16 2 0 73 17 0.936064 1
16 2 0 74 14 0.820082 1
16 2 0 75 13 0.329532 1
16 2 0 76 17 1.823608 1
16 2 0 77 18 1.813076 1
16 2 0 78 16 1.246716 1
16 2 0 79 15 0.981451 1
16 2 0 80 16 1.431033 1
16 2 0 81 16 1.164692 1
16 2 0 82 18 1.826879 1
16 2 0 83 15 0.780266 1
16 2 0 84 17 1.415872 1
16 2 0 85 17 1.741174 1
16 2 0 86 18 1.417090 1
16 2 0 87 16 0.795854 1
16 2 0 88 18 2.282517 1
16 2 0 89 18 2.119444 1
16 2 0 90 15 1.127183 1
16 2 0 91 16 1.211734 1
16 2 0 92 15 0.507060 1
16 2 0 93 17 1.611778 1
16 2 0 94 17 1.422447 1
16 2 0 95 16 0.917316 1
16 2 0 96 15 0.962607 1
16 2 0 97 16 1.364311 1
16 2 0 98 16 1.918801 1
16 2 0 99 17 2.303511 1
16 4 0 0 19 6.531890 2
16 4 0 1 13 0.606193 1
16 4 0 2 16 3.662225 1
16 4 0 3 16 2.567044 1
16 4 0 4 19 4.722318 2
16 4 0 5 17 2.312590 1
16 4 0 6 18 4.013201 1
16 4 0 7 21 5.595566 1
16 4 0 8 20 4.104011 1
16 4 0 9 17 3.158254 1
16 4 0 10 18 3.736639 2
16 4 0 11 14 1.135132 1
16 4 0 12 16 2.501250 2
16 4 0 13 18 4.904005 1
16 4 0 14 19 4.488465 1
16 4 0 15 18 3.641521 1
16 4 0 16 18 3.814484 1
16 4 0 17 17 3.163431 2
16 4 0 18 17 3.068893 2
16 4 0 19 17 3.431218 2
16 4 0 20 20 5.714912 1
16 4 0 21 18 4.600791 2
16 4 0 22 16 2.598751 1
16 4 0 23 17 3.952476 1
16 4 0 24 14 1.440665 1
16 4 0 25 15 2.034725 1
16 4 0 26 10 0.430224 1
16 4 0 27 16 2.304222 1
16 4 0 28 20 4.182589 1
16 4 0 29 19 4.361690 2
16 4 0 30 16 1.989878 2
16 4 0 31 17 3.580302 2
16 4 0 32 17 3.747184 1
16 4 0 33 12 0.799032 2
16 4 0 34 19 5.201669 2
16 4 0 35 16 2.952876 1
16 4 0 36 17 2.256406 2
16 4 0 37 17 2.562350 2
16 4 0 38 19 5.195492 2
16 4 0 39 16 2.675416 1
16 4 0 40 12 0.641350 1
16 4 0 41 15 2.848787 1
16 4 0 42 17 2.005590 1
16 4 0 43 22 8.688704 1
16 4 0 44 19 5.686217 1
16 4 0 45 16 2.238794 1
16 4 0 46 16 2.889999 2
16 4 0 47 16 1.835457 1
16 4 0 48 18 3.441048 1
16 4 0 49 14 1.616234 1
16 4 0 50 15 1.861615 1
16 4 0 51 20 5.084620 1
16 4 0 52 18 2.141478 2
16 4 0 53 14 1.475134 1
16 4 0 54 17 2.615688 1
16 4 0 55 19 4.727901 1
16 4 0 56 18 2.513013 1
16 4 0 57 15 2.517027 1
16 4 0 58 20 6.278427 2
16 4 0 59 19 4.862914 1
16 4 0 60 20 6.697118 2
16 4 0 61 19 4.650499 1
16 4 0 62 20 6.623399 1
16 4 0 63 17 3.343744 1
16 4 0 64 17 2.212232 1
16 4 0 65 18 4.214315 2
16 4 0 66 18 4.703027 1
16 4 0 67 21 7.335550 2
16 4 0 68 16 2.986731 1
16 4 0 69 14 0.616933 1
16 4 0 70 17 1.326080 1
16 4 0 71 20 7.103136 2
16 4 0 72 21 8.973095 1
16 4 0 73 16 2.000815 1
16 4 0 74 17 2.646152 1
16 4 0 75 13 0.998583 1
16 4 0 76 18 4.326204 1
16 4 0 77 18 4.584280 1
16 4 0 78 17 3.698848 1
16 4 0 79 16 2.498693 1
16 4 0 80 20 5.532908 1
16 4 0 81 20 6.116378 1
16 4 0 82 21 7.083176 2
16 4 0 83 19 2.926867 1
16 4 0 84 17 3.587242 1
16 4 0 85 21 6.821601 1
16 4 0 86 20 4.066865 1
16 4 0 87 18 3.518506 2
16 4 0 88 19 6.703961 1
16 4 0 89 21 7.648206 2
16 4 0 90 19 4.622397 2
16 4 0 91 19 4.378535 1
16 4 0 92 17 2.109295 1
16 4 0 93 20 6.416445 1
16 4 0 94 20 4.336230 1
16 4 0 95 18 3.118351 2
16 4 0 96 17 3.129767 1
16 4 0 97 19 6.990911 2
16 4 0 98 19 6.831793 1
16 4 0 99 21 9.359013 1
16 8 0 0 23 15.341732 2
16 8 0 1 15 1.476426 1
16 8 0 2 19 6.785922 1
16 8 0 3 21 9.296654 1
16 8 0 4 23 15.933260 2
16 8 0 5 21 7.338272 1
16 8 0 6 20 9.621517 1
16 8 0 7 24 14.966258 1
16 8 0 8 24 12.322556 1
16 8 0 9 18 4.193422 1
16 8 0 10 21 8.073934 2
16 8 0 11 18 4.082825 1
16 8 0 12 16 3.260688 2
16 8 0 13 24 15.081553 1
16 8 0 14 23 10.397184 1
16 8 0 15 22 9.378385 1
16 8 0 16 23 10.330326 1
16 8 0 17 20 9.091082 2
16 8 0 18 22 9.364618 2
16 8 0 19 20 7.880219 2
16 8 0 20 26 24.826156 1
16 8 0 21 24 19.154913 2
16 8 0 22 18 6.047791 1
16 8 0 23 20 6.496145 1
16 8 0 24 14 1.651134 2
16 8 0 25 17 3.959813 1
16 8 0 26 13 0.858983 1
16 8 0 27 17 3.241240 1
16 8 0 28 24 10.803867 1
16 8 0 29 25 12.921188 2
16 8 0 30 18 4.209377 2
16 8 0 31 21 9.888573 2
16 8 0 32 22 9.423991 1
16 8 0 33 14 1.451164 2
16 8 0 34 20 10.059919 2
16 8 0 35 20 7.273938 1
16 8 0 36 18 3.513819 2
16 8 0 37 18 6.415033 2
16 8 0 38 21 8.941732 2
16 8 0 39 18 3.574325 1
16 8 0 40 13 0.906821 1
16 8 0 41 21 10.419215 1
16 8 0 42 20 4.129291 1
16 8 0 43 28 29.081528 1
16 8 0 44 26 23.476461 1
16 8 0 45 19 5.336952 1
16 8 0 46 18 5.115015 2
16 8 0 47 16 1.890671 1
16 8 0 48 19 5.074132 1
16 8 0 49 17 3.382987 1
16 8 0 50 18 2.871192 1
16 8 0 51 24 12.411233 1
16 8 0 52 22 6.331575 2
16 8 0 53 15 1.590770 1
16 8 0 54 19 6.495116 1
16 8 0 55 24 12.501132 1
16 8 0 56 20 4.675084 2
16 8 0 57 18 4.164948 1
16 8 0 58 25 15.928024 2
16 8 0 59 24 13.619523 1
16 8 0 60 25 19.670438 2
16 8 0 61 23 11.179720 1
16 8 0 62 22 12.301483 1
16 8 0 63 19 4.680613 1
16 8 0 64 20 5.931908 2
16 8 0 65 20 9.778144 2
16 8 0 66 21 9.246768 1
16 8 0 67 25 19.930239 2
16 8 0 68 19 5.675976 1
16 8 0 69 17 1.792324 2
16 8 0 70 18 2.482666 1
16 8 0 71 26 21.213218 2
16 8 0 72 27 26.586554 1
16 8 0 73 19 4.654239 1
16 8 0 74 20 6.234701 1
16 8 0 75 16 1.387947 1
16 8 0 76 24 11.602141 1
16 8 0 77 23 15.933182 1
16 8 0 78 22 9.678299 1
16 8 0 79 21 7.358650 1
16 8 0 80 23 11.993321 1
16 8 0 81 25 15.692470 2
16 8 0 82 26 22.149424 2
16 8 0 83 22 6.728361 1
16 8 0 84 21 9.482284 1
16 8 0 85 26 17.934236 1
16 8 0 86 23 9.897875 1
16 8 0 87 19 4.118363 2
16 8 0 88 26 22.914538 1
16 8 0 89 27 28.169835 2
16 8 0 90 22 8.838574 2
16 8 0 91 23 10.118476 1
16 8 0 92 20 5.310043 1
16 8 0 93 26 22.202588 1
16 8 0 94 24 14.326906 1
16 8 0 95 23 8.256837 2
16 8 0 96 19 7.513524 1
16 8 0 97 21 10.769283 2
16 8 0 98 23 14.067033 1
16 8 0 99 27 25.465740 1
