4 1 0 0 3 0.001982 1
4 1 0 1 4 0.003095 1
4 1 0 2 4 0.005114 1
4 1 0 3 4 0.010707 1
4 1 0 4 4 0.003508 1
4 1 0 5 4 0.012827 1
4 1 0 6 2 0.001051 1
4 1 0 7 2 0.005888 1
4 1 0 8 4 0.004443 1
4 1 0 9 2 0.003516 1
4 1 0 10 4 0.017461 1
4 1 0 11 3 0.001805 1
4 1 0 12 4 0.023405 1
4 1 0 13 2 0.005567 1
4 1 0 14 4 0.013574 1
4 1 0 15 4 0.016464 1
4 1 0 16 2 0.007612 1
4 1 0 17 3 0.008327 1
4 1 0 18 2 0.001210 1
4 1 0 19 2 0.001071 1
4 1 0 20 2 0.001117 1
4 1 0 21 2 0.003641 1
4 1 0 22 4 0.013724 1
4 1 0 23 4 0.006075 1
4 1 0 24 4 0.008800 1
4 1 0 25 4 0.013624 1
4 1 0 26 4 0.008391 1
4 1 0 27 4 0.027394 1
4 1 0 28 4 0.022011 1
4 1 0 29 4 0.024707 1
4 1 0 30 4 0.013537 1
4 1 0 31 4 0.009493 1
4 1 0 32 2 0.002143 1
4 1 0 33 4 0.005414 1
4 1 0 34 4 0.013822 1
4 1 0 35 2 0.000967 1
4 1 0 36 4 0.024055 1
4 1 0 37 4 0.009641 1
4 1 0 38 2 0.001101 1
4 1 0 39 3 0.003940 1
4 1 0 40 4 0.021136 1
4 1 0 41 2 0.001227 1
4 1 0 42 2 0.001767 1
4 1 0 43 4 0.005393 1
4 1 0 44 2 0.001094 1
4 1 0 45 4 0.019641 1
4 1 0 46 4 0.008861 1
4 1 0 47 4 0.002005 1
4 1 0 48 4 0.015064 1
4 1 0 49 4 0.027136 1
4 1 0 50 4 0.008129 1
4 1 0 51 4 0.008023 1
4 1 0 52 3 0.004100 1
4 1 0 53 4 0.007900 1
4 1 0 54 3 0.002191 1
4 1 0 55 3 0.003012 1
4 1 0 56 4 0.014049 1
4 1 0 57 4 0.002053 1
4 1 0 58 4 0.017955 1
4 1 0 59 4 0.006598 1
4 1 0 60 4 0.009670 1
4 1 0 61 4 0.003320 1
4 1 0 62 2 0.000847 1
4 1 0 63 4 0.010698 1
4 1 0 64 4 0.007697 1
4 1 0 65 4 0.014188 1
4 1 0 66 4 0.030992 1
4 1 0 67 3 0.007052 1
4 1 0 68 4 0.008473 1
4 1 0 69 4 0.023114 1
4 1 0 70 4 0.006917 1
4 1 0 71 4 0.013551 1
4 1 0 72 3 0.001628 1
4 1 0 73 4 0.003607 1
4 1 0 74 4 0.006822 1
4 1 0 75 4 0.004357 1
4 1 0 76 4 0.010176 1
4 1 0 77 4 0.019536 1
4 1 0 78 4 0.007494 1
4 1 0 79 4 0.017470 1
4 1 0 80 4 0.011479 1
4 1 0 81 4 0.005748 1
4 1 0 82 3 0.004850 1
4 1 0 83 4 0.016164 1
4 1 0 84 2 0.000901 1
4 1 0 85 4 0.010295 1
4 1 0 86 4 0.017565 1
4 1 0 87 4 0.019321 1
4 1 0 88 4 0.004639 1
4 1 0 89 4 0.011804 1
4 1 0 90 4 0.018181 1
4 1 0 91 4 0.016610 1
4 1 0 92 4 0.015448 1
4 1 0 93 4 0.007058 1
4 1 0 94 2 0.006014 1
4 1 0 95 4 0.007024 1
4 1 0 96 4 0.020051 1
4 1 0 97 2 0.001111 1
4 1 0 98 4 0.008024 1
4 1 0 99 4 0.005364 1
4 2 0 0 1 0.000379 1
4 2 0 1 4 0.010867 1
4 2 0 2 3 0.008052 1
4 2 0 3 3 0.007672 1
4 2 0 4 3 0.004031 1
4 2 0 5 5 0.043716 1
4 2 0 6 3 0.004409 1
4 2 0 7 4 0.019414 1
4 2 0 8 5 0.010487 1
4 2 0 9 4 0.026691 1
4 2 0 10 5 0.036074 1
4 2 0 11 1 0.003261 1
4 2 0 12 5 0.039885 1
4 2 0 13 4 0.031527 1
4 2 0 14 3 0.008339 1
4 2 0 15 4 0.018447 1
4 2 0 16 4 0.026444 1
4 2 0 17 1 0.000427 1
4 2 0 18 4 0.016816 1
4 2 0 19 4 0.016672 1
4 2 0 20 4 0.012089 1
4 2 0 21 3 0.004851 1
4 2 0 22 5 0.042474 1
4 2 0 23 4 0.006312 1
4 2 0 24 4 0.006879 1
4 2 0 25 5 0.058084 1
4 2 0 26 5 0.034244 1
4 2 0 27 3 0.009800 1
4 2 0 28 5 0.062292 1
4 2 0 29 5 0.020771 1
4 2 0 30 5 0.018465 1
4 2 0 31 4 0.038783 1
4 2 0 32 4 0.012462 1
4 2 0 33 5 0.019128 1
4 2 0 34 5 0.025713 1
4 2 0 35 2 0.001793 1
4 2 0 36 5 0.072391 1
4 2 0 37 4 0.012809 1
4 2 0 38 4 0.015308 1
4 2 0 39 1 0.000371 1
4 2 0 40 5 0.048494 1
4 2 0 41 3 0.002232 1
4 2 0 42 4 0.021310 1
4 2 0 43 3 0.008909 1
4 2 0 44 4 0.030451 1
4 2 0 45 5 0.037456 1
4 2 0 46 3 0.005509 1
4 2 0 47 3 0.003469 1
4 2 0 48 3 0.011604 1
4 2 0 49 5 0.051496 1
4 2 0 50 3 0.003821 1
4 2 0 51 2 0.000913 1
4 2 0 52 1 0.000396 1
4 2 0 53 5 0.039756 1
4 2 0 54 1 0.000499 1
4 2 0 55 1 0.000493 1
4 2 0 56 5 0.031214 1
4 2 0 57 3 0.001499 1
4 2 0 58 5 0.059351 1
4 2 0 59 5 0.024866 1
4 2 0 60 3 0.005674 1
4 2 0 61 5 0.009556 1
4 2 0 62 3 0.008424 1
4 2 0 63 3 0.007128 1
4 2 0 64 3 0.003495 1
4 2 0 65 3 0.010920 1
4 2 0 66 5 0.060197 1
4 2 0 67 1 0.000443 1
4 2 0 68 3 0.001344 1
4 2 0 69 5 0.057764 1
4 2 0 70 5 0.039369 1
4 2 0 71 5 0.061104 1
4 2 0 72 1 0.000520 1
4 2 0 73 3 0.002474 1
4 2 0 74 3 0.005317 1
4 2 0 75 3 0.001657 1
4 2 0 76 3 0.006873 1
4 2 0 77 5 0.036640 1
4 2 0 78 3 0.004041 1
4 2 0 79 5 0.043766 1
4 2 0 80 4 0.028845 1
4 2 0 81 4 0.011630 1
4 2 0 82 1 0.000830 1
4 2 0 83 4 0.010413 1
4 2 0 84 3 0.004983 1
4 2 0 85 4 0.023888 1
4 2 0 86 5 0.031304 1
4 2 0 87 5 0.039615 1
4 2 0 88 3 0.009503 1
4 2 0 89 3 0.003196 1
4 2 0 90 5 0.022814 1
4 2 0 91 5 0.047468 1
4 2 0 92 3 0.007426 1
4 2 0 93 5 0.005139 1
4 2 0 94 3 0.003069 1
4 2 0 95 5 0.016861 1
4 2 0 96 5 0.029490 1
4 2 0 97 4 0.015677 1
4 2 0 98 3 0.008605 1
4 2 0 99 5 0.017144 1
4 4 0 0 2 0.001060 1
4 4 0 1 5 0.027460 1
4 4 0 2 4 0.012421 1
4 4 0 3 4 0.019316 1
4 4 0 4 4 0.002712 1
4 4 0 5 5 0.043056 1
4 4 0 6 2 0.002542 1
4 4 0 7 4 0.011594 1
4 4 0 8 6 0.005210 1
4 4 0 9 4 0.013691 2
4 4 0 10 6 0.108794 1
4 4 0 11 2 0.008405 1
4 4 0 12 6 0.092402 1
4 4 0 13 4 0.043615 1
4 4 0 14 4 0.026886 2
4 4 0 15 5 0.033742 1
4 4 0 16 4 0.034763 1
4 4 0 17 2 0.001688 1
4 4 0 18 3 0.012947 1
4 4 0 19 4 0.023392 1
4 4 0 20 4 0.022675 2
4 4 0 21 2 0.004172 1
4 4 0 22 5 0.057309 1
4 4 0 23 5 0.085644 1
4 4 0 24 5 0.039122 2
4 4 0 25 6 0.086173 1
4 4 0 26 6 0.084620 1
4 4 0 27 4 0.032028 1
4 4 0 28 6 0.074889 1
4 4 0 29 5 0.065092 1
4 4 0 30 5 0.022813 1
4 4 0 31 5 0.088368 2
4 4 0 32 4 0.040682 1
4 4 0 33 5 0.052812 1
4 4 0 34 6 0.108332 1
4 4 0 35 2 0.001155 1
4 4 0 36 6 0.081350 1
4 4 0 37 5 0.060058 2
4 4 0 38 4 0.010123 1
4 4 0 39 2 0.004142 1
4 4 0 40 6 0.142459 1
4 4 0 41 2 0.002575 1
4 4 0 42 4 0.048604 1
4 4 0 43 3 0.011924 1
4 4 0 44 4 0.027376 1
4 4 0 45 5 0.068653 1
4 4 0 46 4 0.019583 2
4 4 0 47 4 0.002795 1
4 4 0 48 4 0.025701 2
4 4 0 49 6 0.097092 2
4 4 0 50 4 0.008398 1
4 4 0 51 3 0.006065 1
4 4 0 52 2 0.007881 1
4 4 0 53 5 0.074022 1
4 4 0 54 2 0.005632 1
4 4 0 55 2 0.006219 1
4 4 0 56 5 0.054992 1
4 4 0 57 4 0.008057 1
4 4 0 58 6 0.121032 1
4 4 0 59 6 0.048892 1
4 4 0 60 4 0.018420 1
4 4 0 61 5 0.051898 1
4 4 0 62 2 0.003900 1
4 4 0 63 4 0.025291 2
4 4 0 64 4 0.015321 1
4 4 0 65 4 0.016715 1
4 4 0 66 6 0.108283 1
4 4 0 67 2 0.004534 1
4 4 0 68 4 0.011835 1
4 4 0 69 6 0.190893 1
4 4 0 70 5 0.051470 1
4 4 0 71 5 0.068732 1
4 4 0 72 2 0.002991 1
4 4 0 73 4 0.007597 1
4 4 0 74 4 0.008998 1
4 4 0 75 4 0.004696 1
4 4 0 76 4 0.016230 1
4 4 0 77 5 0.063368 1
4 4 0 78 4 0.004109 1
4 4 0 79 5 0.068563 2
4 4 0 80 5 0.082443 1
4 4 0 81 5 0.022672 1
4 4 0 82 2 0.003228 1
4 4 0 83 5 0.049784 1
4 4 0 84 2 0.007922 1
4 4 0 85 5 0.071607 1
4 4 0 86 6 0.066192 1
4 4 0 87 6 0.083898 1
4 4 0 88 4 0.021608 2
4 4 0 89 3 0.012308 1
4 4 0 90 6 0.075977 1
4 4 0 91 6 0.075652 1
4 4 0 92 4 0.029240 1
4 4 0 93 6 0.006526 1
4 4 0 94 2 0.011221 1
4 4 0 95 5 0.033612 1
4 4 0 96 6 0.082585 1
4 4 0 97 4 0.015501 1
4 4 0 98 4 0.015160 2
4 4 0 99 5 0.049411 1
8 1 0 0 7 0.052476 1
8 1 0 1 7 0.051635 1
8 1 0 2 8 0.059211 1
8 1 0 3 8 0.037462 1
8 1 0 4 7 0.016802 1
8 1 0 5 4 0.005692 1
8 1 0 6 7 0.028705 1
8 1 0 7 6 0.014551 1
8 1 0 8 5 0.003509 1
8 1 0 9 7 0.052011 1
8 1 0 10 8 0.065747 1
8 1 0 11 7 0.025095 1
8 1 0 12 8 0.053126 1
8 1 0 13 7 0.122021 1
8 1 0 14 8 0.035070 1
8 1 0 15 7 0.062671 1
8 1 0 16 7 0.032406 1
8 1 0 17 8 0.063241 1
8 1 0 18 8 0.053206 1
8 1 0 19 7 0.037878 1
8 1 0 20 8 0.093607 1
8 1 0 21 6 0.013495 1
8 1 0 22 8 0.048695 1
8 1 0 23 7 0.039918 1
8 1 0 24 7 0.029283 1
8 1 0 25 8 0.096795 1
8 1 0 26 8 0.062189 1
8 1 0 27 7 0.065792 1
8 1 0 28 8 0.056933 1
8 1 0 29 8 0.064089 1
8 1 0 30 7 0.047940 1
8 1 0 31 6 0.025586 1
8 1 0 32 7 0.032171 1
8 1 0 33 7 0.067071 1
8 1 0 34 6 0.010779 1
8 1 0 35 6 0.017332 1
8 1 0 36 8 0.047957 1
8 1 0 37 6 0.007757 1
8 1 0 38 7 0.039034 1
8 1 0 39 8 0.068773 1
8 1 0 40 6 0.015633 1
8 1 0 41 7 0.032170 1
8 1 0 42 6 0.012259 1
8 1 0 43 8 0.081959 1
8 1 0 44 6 0.068161 1
8 1 0 45 7 0.042944 1
8 1 0 46 8 0.120636 1
8 1 0 47 8 0.018048 1
8 1 0 48 6 0.035416 1
8 1 0 49 7 0.013113 1
8 1 0 50 8 0.073282 1
8 1 0 51 8 0.068187 1
8 1 0 52 8 0.066606 1
8 1 0 53 8 0.086264 1
8 1 0 54 8 0.014519 1
8 1 0 55 7 0.025481 1
8 1 0 56 7 0.045558 1
8 1 0 57 8 0.073542 1
8 1 0 58 8 0.077742 1
8 1 0 59 8 0.044244 1
8 1 0 60 8 0.086421 1
8 1 0 61 7 0.042234 1
8 1 0 62 6 0.036666 1
8 1 0 63 8 0.026967 1
8 1 0 64 8 0.138703 1
8 1 0 65 7 0.053098 1
8 1 0 66 8 0.036218 1
8 1 0 67 8 0.114482 1
8 1 0 68 8 0.103726 1
8 1 0 69 7 0.042152 1
8 1 0 70 7 0.028359 1
8 1 0 71 7 0.047519 1
8 1 0 72 7 0.058869 1
8 1 0 73 7 0.067548 1
8 1 0 74 7 0.025396 1
8 1 0 75 8 0.011736 1
8 1 0 76 8 0.049095 1
8 1 0 77 8 0.077351 1
8 1 0 78 8 0.027112 1
8 1 0 79 6 0.017248 1
8 1 0 80 8 0.095769 1
8 1 0 81 8 0.059281 1
8 1 0 82 6 0.015339 1
8 1 0 83 6 0.008273 1
8 1 0 84 7 0.048486 1
8 1 0 85 6 0.019761 1
8 1 0 86 8 0.085525 1
8 1 0 87 7 0.032124 1
8 1 0 88 8 0.026628 1
8 1 0 89 8 0.055405 1
8 1 0 90 8 0.061436 1
8 1 0 91 7 0.025715 1
8 1 0 92 7 0.032080 1
8 1 0 93 6 0.014752 1
8 1 0 94 8 0.030172 1
8 1 0 95 8 0.061541 1
8 1 0 96 6 0.031004 1
8 1 0 97 8 0.048193 1
8 1 0 98 8 0.061080 1
8 1 0 99 8 0.054951 1
8 2 0 0 9 0.122960 1
8 2 0 1 7 0.075973 1
8 2 0 2 7 0.156918 1
8 2 0 3 8 0.078352 1
8 2 0 4 4 0.012275 1
8 2 0 5 4 0.013675 1
8 2 0 6 9 0.147187 1
8 2 0 7 6 0.069968 1
8 2 0 8 5 0.051704 1
8 2 0 9 8 0.114190 1
8 2 0 10 8 0.201695 2
8 2 0 11 6 0.023946 1
8 2 0 12 7 0.075114 1
8 2 0 13 9 0.297798 1
8 2 0 14 8 0.148432 1
8 2 0 15 9 0.214787 1
8 2 0 16 8 0.133675 1
8 2 0 17 8 0.185651 1
8 2 0 18 7 0.139698 2
8 2 0 19 6 0.060521 1
8 2 0 20 9 0.202527 1
8 2 0 21 6 0.008164 1
8 2 0 22 9 0.148497 1
8 2 0 23 9 0.215498 1
8 2 0 24 4 0.009868 1
8 2 0 25 6 0.106361 1
8 2 0 26 9 0.212930 1
8 2 0 27 9 0.247252 2
8 2 0 28 10 0.160216 1
8 2 0 29 9 0.162479 1
8 2 0 30 9 0.234166 1
8 2 0 31 8 0.143582 1
8 2 0 32 7 0.048542 1
8 2 0 33 8 0.204281 1
8 2 0 34 8 0.087547 1
8 2 0 35 8 0.076056 1
8 2 0 36 10 0.235682 2
8 2 0 37 8 0.125006 1
8 2 0 38 8 0.137078 1
8 2 0 39 10 0.358101 1
8 2 0 40 7 0.041188 1
8 2 0 41 7 0.039733 1
8 2 0 42 8 0.075636 1
8 2 0 43 9 0.227432 1
8 2 0 44 8 0.127171 1
8 2 0 45 9 0.126575 1
8 2 0 46 10 0.342175 2
8 2 0 47 6 0.021598 1
8 2 0 48 7 0.076121 1
8 2 0 49 6 0.016628 1
8 2 0 50 8 0.223360 2
8 2 0 51 10 0.204615 1
8 2 0 52 10 0.185915 1
8 2 0 53 9 0.273738 2
8 2 0 54 8 0.090919 1
8 2 0 55 8 0.076198 1
8 2 0 56 9 0.094934 1
8 2 0 57 7 0.177895 1
8 2 0 58 10 0.211944 2
8 2 0 59 7 0.046702 1
8 2 0 60 10 0.314278 2
8 2 0 61 10 0.173192 1
8 2 0 62 7 0.056697 1
8 2 0 63 9 0.130249 1
8 2 0 64 10 0.309144 1
8 2 0 65 8 0.153780 1
8 2 0 66 8 0.144490 1
8 2 0 67 10 0.323182 1
8 2 0 68 9 0.186377 2
8 2 0 69 9 0.198806 2
8 2 0 70 8 0.095225 1
8 2 0 71 8 0.183836 1
8 2 0 72 9 0.169464 2
8 2 0 73 8 0.192607 2
8 2 0 74 8 0.092888 1
8 2 0 75 8 0.107891 1
8 2 0 76 8 0.136767 1
8 2 0 77 9 0.278504 1
8 2 0 78 9 0.076729 1
8 2 0 79 6 0.047014 1
8 2 0 80 10 0.412424 1
8 2 0 81 8 0.134864 1
8 2 0 82 6 0.027921 1
8 2 0 83 5 0.055563 1
8 2 0 84 8 0.200703 1
8 2 0 85 7 0.114796 1
8 2 0 86 7 0.138324 2
8 2 0 87 8 0.147191 1
8 2 0 88 5 0.021036 1
8 2 0 89 9 0.210932 2
8 2 0 90 8 0.127761 1
8 2 0 91 7 0.144462 1
8 2 0 92 8 0.207905 1
8 2 0 93 7 0.042439 1
8 2 0 94 10 0.173550 1
8 2 0 95 9 0.211636 1
8 2 0 96 5 0.023576 1
8 2 0 97 9 0.123428 1
8 2 0 98 9 0.231693 1
8 2 0 99 7 0.097263 1
8 4 0 0 8 0.088775 1
8 4 0 1 7 0.078667 2
8 4 0 2 11 0.412630 1
8 4 0 3 11 0.289928 2
8 4 0 4 5 0.048974 1
8 4 0 5 3 0.005151 1
8 4 0 6 11 0.397657 2
8 4 0 7 5 0.042239 1
8 4 0 8 5 0.037999 1
8 4 0 9 8 0.113772 1
8 4 0 10 10 0.387389 2
8 4 0 11 8 0.137573 2
8 4 0 12 10 0.270231 1
8 4 0 13 11 0.459239 1
8 4 0 14 10 0.275900 2
8 4 0 15 9 0.186263 1
8 4 0 16 7 0.074281 2
8 4 0 17 10 0.284765 1
8 4 0 18 10 0.268647 2
8 4 0 19 6 0.029856 1
8 4 0 20 11 0.372844 1
8 4 0 21 8 0.087463 1
8 4 0 22 11 0.258066 1
8 4 0 23 10 0.277737 1
8 4 0 24 6 0.029468 1
8 4 0 25 9 0.278620 1
8 4 0 26 10 0.237863 1
8 4 0 27 11 0.339801 2
8 4 0 28 12 0.265374 1
8 4 0 29 11 0.236449 1
8 4 0 30 9 0.196576 1
8 4 0 31 10 0.356918 1
8 4 0 32 8 0.098893 1
8 4 0 33 9 0.205772 1
8 4 0 34 8 0.168302 1
8 4 0 35 6 0.023311 1
8 4 0 36 12 0.339479 2
8 4 0 37 7 0.033122 2
8 4 0 38 9 0.208757 2
8 4 0 39 13 0.681220 1
8 4 0 40 7 0.066648 2
8 4 0 41 7 0.084572 1
8 4 0 42 6 0.103724 1
8 4 0 43 11 0.437758 1
8 4 0 44 9 0.190686 1
8 4 0 45 8 0.067594 2
8 4 0 46 13 0.745525 2
8 4 0 47 8 0.117576 1
8 4 0 48 10 0.222150 1
8 4 0 49 8 0.111391 1
8 4 0 50 12 0.525814 2
8 4 0 51 12 0.341783 1
8 4 0 52 13 0.605274 1
8 4 0 53 11 0.351259 2
8 4 0 54 10 0.195032 1
8 4 0 55 9 0.159374 2
8 4 0 56 10 0.236887 1
8 4 0 57 11 0.340724 1
8 4 0 58 12 0.416977 2
8 4 0 59 10 0.206241 2
8 4 0 60 12 0.529265 2
8 4 0 61 10 0.270892 1
8 4 0 62 8 0.148637 1
8 4 0 63 11 0.208918 1
8 4 0 64 12 0.570935 1
8 4 0 65 9 0.169795 1
8 4 0 66 10 0.127644 1
8 4 0 67 13 0.667497 1
8 4 0 68 10 0.238234 2
8 4 0 69 8 0.220814 2
8 4 0 70 9 0.183746 1
8 4 0 71 9 0.182914 1
8 4 0 72 10 0.276161 2
8 4 0 73 9 0.224063 2
8 4 0 74 7 0.044642 1
8 4 0 75 10 0.268052 2
8 4 0 76 12 0.361767 1
8 4 0 77 11 0.358537 1
8 4 0 78 11 0.201824 1
8 4 0 79 6 0.013325 1
8 4 0 80 13 0.703253 1
8 4 0 81 10 0.174300 1
8 4 0 82 8 0.046356 1
8 4 0 83 6 0.123239 1
8 4 0 84 7 0.088812 1
8 4 0 85 9 0.366755 2
8 4 0 86 10 0.298404 2
8 4 0 87 8 0.122775 1
8 4 0 88 8 0.138113 1
8 4 0 89 10 0.357335 2
8 4 0 90 12 0.397959 1
8 4 0 91 8 0.127471 1
8 4 0 92 8 0.137755 2
8 4 0 93 6 0.019219 2
8 4 0 94 13 0.468619 1
8 4 0 95 11 0.413757 1
8 4 0 96 6 0.042558 1
8 4 0 97 10 0.281769 1
8 4 0 98 11 0.317884 1
8 4 0 99 9 0.216789 2
8 8 0 0 9 0.121020 1
8 8 0 1 7 0.094739 2
8 8 0 2 10 0.320790 1
8 8 0 3 10 0.157322 2
8 8 0 4 5 0.034202 1
8 8 0 5 4 0.030100 1
8 8 0 6 12 0.400308 2
8 8 0 7 6 0.090286 1
8 8 0 8 6 0.065680 1
8 8 0 9 8 0.168783 1
8 8 0 10 10 0.307251 2
8 8 0 11 7 0.061462 2
8 8 0 12 9 0.214305 1
8 8 0 13 12 0.469944 1
8 8 0 14 10 0.216132 2
8 8 0 15 9 0.244563 1
8 8 0 16 8 0.124129 2
8 8 0 17 10 0.218565 1
8 8 0 18 10 0.262705 2
8 8 0 19 7 0.047314 1
8 8 0 20 11 0.411996 1
8 8 0 21 7 0.022429 2
8 8 0 22 11 0.341248 1
8 8 0 23 10 0.312252 1
8 8 0 24 6 0.021377 1
8 8 0 25 9 0.192524 1
8 8 0 26 10 0.309761 1
8 8 0 27 11 0.286091 2
8 8 0 28 13 0.323645 1
8 8 0 29 12 0.215662 1
8 8 0 30 10 0.332267 1
8 8 0 31 10 0.253548 1
8 8 0 32 9 0.130145 1
8 8 0 33 10 0.216238 1
8 8 0 34 9 0.153199 1
8 8 0 35 7 0.034420 1
8 8 0 36 12 0.359888 2
8 8 0 37 7 0.050016 2
8 8 0 38 10 0.263900 2
8 8 0 39 13 0.530417 1
8 8 0 40 7 0.052929 2
8 8 0 41 7 0.111701 1
8 8 0 42 7 0.173833 1
8 8 0 43 11 0.347134 1
8 8 0 44 9 0.215263 1
8 8 0 45 8 0.114853 2
8 8 0 46 13 0.674983 2
8 8 0 47 8 0.098097 1
8 8 0 48 8 0.145937 1
8 8 0 49 8 0.129528 1
8 8 0 50 12 0.417115 2
8 8 0 51 12 0.322586 1
8 8 0 52 14 0.677477 1
8 8 0 53 11 0.400971 2
8 8 0 54 9 0.170319 1
8 8 0 55 9 0.170319 2
8 8 0 56 11 0.285950 1
8 8 0 57 11 0.313834 1
8 8 0 58 13 0.479748 2
8 8 0 59 10 0.217903 2
8 8 0 60 13 0.540099 2
8 8 0 61 11 0.288814 1
8 8 0 62 7 0.096843 1
8 8 0 63 10 0.161666 1
8 8 0 64 12 0.555679 1
8 8 0 65 9 0.200603 1
8 8 0 66 9 0.195088 1
8 8 0 67 13 0.566495 1
8 8 0 68 11 0.333514 2
8 8 0 69 9 0.251683 2
8 8 0 70 9 0.272649 1
8 8 0 71 9 0.178134 1
8 8 0 72 11 0.281602 2
8 8 0 73 10 0.280769 2
8 8 0 74 8 0.083314 1
8 8 0 75 11 0.321856 2
8 8 0 76 11 0.244960 1
8 8 0 77 11 0.278178 1
8 8 0 78 11 0.217640 1
8 8 0 79 5 0.013256 1
8 8 0 80 13 0.681080 1
8 8 0 81 10 0.182183 1
8 8 0 82 7 0.019174 1
8 8 0 83 7 0.159555 1
8 8 0 84 8 0.147065 1
8 8 0 85 9 0.240833 2
8 8 0 86 9 0.187107 2
8 8 0 87 8 0.143912 1
8 8 0 88 8 0.111842 1
8 8 0 89 10 0.309088 2
8 8 0 90 12 0.293795 1
8 8 0 91 9 0.208183 1
8 8 0 92 9 0.311843 2
8 8 0 93 7 0.041339 2
8 8 0 94 12 0.338466 1
8 8 0 95 12 0.406533 1
8 8 0 96 6 0.054270 1
8 8 0 97 11 0.243974 1
8 8 0 98 12 0.268941 1
8 8 0 99 10 0.170340 2
16 1 0 0 15 0.139158 1
16 1 0 1 13 0.013426 1
16 1 0 2 15 0.120482 1
16 1 0 3 16 0.092744 1
16 1 0 4 15 0.132493 1
16 1 0 5 14 0.076438 1
16 1 0 6 16 0.122774 1
16 1 0 7 16 0.132592 1
16 1 0 8 15 0.115507 1
16 1 0 9 14 0.085038 1
16 1 0 10 15 0.155438 1
16 1 0 11 12 0.056713 1
16 1 0 12 11 0.065186 1
16 1 0 13 15 0.141106 1
16 1 0 14 16 0.184740 1
16 1 0 15 14 0.099737 1
16 1 0 16 15 0.183074 1
16 1 0 17 16 0.168269 1
16 1 0 18 16 0.165593 1
16 1 0 19 14 0.102654 1
16 1 0 20 16 0.129521 1
16 1 0 21 16 0.224625 1
16 1 0 22 14 0.082530 1
16 1 0 23 15 0.140113 1
16 1 0 24 12 0.045664 1
16 1 0 25 13 0.081871 1
16 1 0 26 11 0.048603 1
16 1 0 27 12 0.196775 1
16 1 0 28 15 0.102813 1
16 1 0 29 16 0.151473 1
16 1 0 30 14 0.060015 1
16 1 0 31 15 0.155706 1
16 1 0 32 13 0.115909 1
16 1 0 33 14 0.075899 1
16 1 0 34 15 0.169669 1
16 1 0 35 15 0.120737 1
16 1 0 36 15 0.058569 1
16 1 0 37 12 0.071381 1
16 1 0 38 15 0.161445 1
16 1 0 39 14 0.086720 1
16 1 0 40 12 0.064801 1
16 1 0 41 15 0.135366 1
16 1 0 42 15 0.094544 1
16 1 0 43 16 0.133321 1
16 1 0 44 16 0.204089 1
16 1 0 45 14 0.048578 1
16 1 0 46 15 0.108389 1
16 1 0 47 14 0.091331 1
16 1 0 48 15 0.169291 1
16 1 0 49 13 0.080008 1
16 1 0 50 13 0.061672 1
16 1 0 51 16 0.175478 1
16 1 0 52 15 0.047232 1
16 1 0 53 12 0.060899 1
16 1 0 54 15 0.155081 1
16 1 0 55 16 0.202445 1
16 1 0 56 15 0.089273 1
16 1 0 57 15 0.115619 1
16 1 0 58 15 0.127622 1
16 1 0 59 16 0.152548 1
16 1 0 60 16 0.220390 1
16 1 0 61 16 0.119442 1
16 1 0 62 16 0.232037 1
16 1 0 63 14 0.166696 1
16 1 0 64 14 0.050484 1
16 1 0 65 14 0.162966 1
16 1 0 66 16 0.160302 1
16 1 0 67 16 0.232144 1
16 1 0 68 14 0.121791 1
16 1 0 69 13 0.050691 1
16 1 0 70 14 0.047314 1
16 1 0 71 16 0.283293 1
16 1 0 72 16 0.211645 1
16 1 0 73 15 0.082511 1
16 1 0 74 16 0.094992 1
16 1 0 75 12 0.044822 1
16 1 0 76 15 0.180230 1
16 1 0 77 15 0.148485 1
16 1 0 78 15 0.204881 1
16 1 0 79 16 0.166521 1
16 1 0 80 16 0.218147 1
16 1 0 81 16 0.115590 1
16 1 0 82 16 0.201870 1
16 1 0 83 16 0.153244 1
16 1 0 84 15 0.181731 1
16 1 0 85 16 0.152558 1
16 1 0 86 15 0.115953 1
16 1 0 87 15 0.092762 1
16 1 0 88 16 0.230917 1
16 1 0 89 16 0.159073 1
16 1 0 90 16 0.101002 1
16 1 0 91 15 0.128944 1
16 1 0 92 15 0.084333 1
16 1 0 93 16 0.199028 1
16 1 0 94 16 0.120663 1
16 1 0 95 16 0.063260 1
16 1 0 96 14 0.141567 1
16 1 0 97 14 0.151343 1
16 1 0 98 16 0.188228 1
16 1 0 99 15 0.233803 1
16 2 0 0 16 0.463086 2
16 2 0 1 12 0.038886 1
16 2 0 2 14 0.350485 1
16 2 0 3 15 0.384322 1
16 2 0 4 17 0.395458 1
16 2 0 5 17 0.264925 1
16 2 0 6 15 0.261639 1
16 2 0 7 16 0.377046 1
16 2 0 8 17 0.297922 1
16 2 0 9 14 0.233821 1
16 2 0 10 16 0.258649 1
16 2 0 11 16 0.121733 1
16 2 0 12 15 0.235059 1
16 2 0 13 16 0.403312 1
16 2 0 14 17 0.388286 1
16 2 0 15 17 0.310246 1
16 2 0 16 17 0.379661 1
16 2 0 17 15 0.357262 1
16 2 0 18 16 0.314308 2
16 2 0 19 17 0.333921 2
16 2 0 20 18 0.377369 1
16 2 0 21 17 0.395760 2
16 2 0 22 14 0.263996 1
16 2 0 23 14 0.321791 1
16 2 0 24 13 0.200103 1
16 2 0 25 12 0.198878 1
16 2 0 26 13 0.179269 1
16 2 0 27 14 0.364394 1
16 2 0 28 18 0.252885 1
16 2 0 29 17 0.411259 1
16 2 0 30 13 0.174789 1
16 2 0 31 15 0.281277 2
16 2 0 32 15 0.335210 1
16 2 0 33 11 0.093926 1
16 2 0 34 16 0.432093 2
16 2 0 35 14 0.298628 1
16 2 0 36 14 0.195289 1
16 2 0 37 16 0.281595 2
16 2 0 38 15 0.400975 2
16 2 0 39 13 0.286803 1
16 2 0 40 11 0.120092 1
16 2 0 41 16 0.391175 1
16 2 0 42 15 0.244833 1
16 2 0 43 18 0.433536 1
16 2 0 44 18 0.454313 1
16 2 0 45 16 0.221964 1
16 2 0 46 15 0.268651 1
16 2 0 47 14 0.195989 1
16 2 0 48 15 0.270854 1
16 2 0 49 14 0.200337 1
16 2 0 50 16 0.246656 1
16 2 0 51 16 0.353819 1
16 2 0 52 15 0.198495 2
16 2 0 53 12 0.113284 1
16 2 0 54 17 0.301197 1
16 2 0 55 17 0.363281 1
16 2 0 56 15 0.211454 1
16 2 0 57 13 0.233983 1
16 2 0 58 16 0.295921 2
16 2 0 59 18 0.348298 1
16 2 0 60 17 0.485902 2
16 2 0 61 15 0.270766 1
16 2 0 62 15 0.418471 1
16 2 0 63 13 0.338668 1
16 2 0 64 15 0.203925 1
16 2 0 65 17 0.367943 1
16 2 0 66 16 0.349864 1
16 2 0 67 17 0.396085 2
16 2 0 68 15 0.313604 1
16 2 0 69 14 0.115270 2
16 2 0 70 14 0.179185 1
16 2 0 71 17 0.556518 2
16 2 0 72 17 0.454776 1
16 2 0 73 17 0.286336 1
16 2 0 74 14 0.243981 1
16 2 0 75 13 0.131034 1
16 2 0 76 17 0.416644 1
16 2 0 77 18 0.441308 1
16 2 0 78 16 0.352112 1
16 2 0 79 15 0.320229 1
16 2 0 80 16 0.469786 1
16 2 0 81 16 0.279967 1
16 2 0 82 18 0.502455 2
16 2 0 83 15 0.246341 1
16 2 0 84 17 0.297319 1
16 2 0 85 17 0.406023 1
16 2 0 86 18 0.328998 1
16 2 0 87 16 0.275256 1
16 2 0 88 18 0.494516 1
16 2 0 89 18 0.536354 2
16 2 0 90 15 0.291887 1
16 2 0 91 16 0.330952 1
16 2 0 92 15 0.260997 1
16 2 0 93 17 0.481424 1
16 2 0 94 17 0.342738 1
16 2 0 95 16 0.235727 1
16 2 0 96 15 0.353647 1
16 2 0 97 16 0.466675 1
16 2 0 98 16 0.441292 1
16 2 0 99 17 0.591588 1
16 4 0 0 19 1.288540 2
16 4 0 1 13 0.194983 1
16 4 0 2 16 0.914242 1
16 4 0 3 16 0.592904 1
16 4 0 4 19 0.874542 2
16 4 0 5 17 0.588586 1
16 4 0 6 18 0.976442 1
16 4 0 7 21 1.128503 1
16 4 0 8 20 0.934192 1
16 4 0 9 17 0.624735 1
16 4 0 10 18 0.769724 2
16 4 0 11 14 0.291830 1
16 4 0 12 16 0.562753 2
16 4 0 13 18 0.957143 1
16 4 0 14 19 0.858856 1
16 4 0 15 18 0.867892 1
16 4 0 16 18 0.727006 1
16 4 0 17 17 0.827410 2
16 4 0 18 17 0.688851 2
16 4 0 19 17 0.700486 2
16 4 0 20 20 1.216273 1
16 4 0 21 18 0.952265 2
16 4 0 22 16 0.586587 1
16 4 0 23 17 0.895825 1
16 4 0 24 14 0.508009 2
16 4 0 25 15 0.535814 1
16 4 0 26 10 0.165589 1
16 4 0 27 16 0.671190 1
16 4 0 28 20 0.702325 1
16 4 0 29 19 0.896306 2
16 4 0 30 16 0.553977 2
16 4 0 31 17 0.905957 2
16 4 0 32 17 0.818512 1
16 4 0 33 12 0.300464 2
16 4 0 34 19 1.208993 2
16 4 0 35 16 0.776565 1
16 4 0 36 17 0.572841 2
16 4 0 37 17 0.705174 2
16 4 0 38 19 1.199984 2
16 4 0 39 16 0.567461 1
16 4 0 40 12 0.196301 1
16 4 0 41 15 0.480454 1
16 4 0 42 17 0.496259 1
16 4 0 43 22 1.638900 1
16 4 0 44 19 1.210480 1
16 4 0 45 16 0.472347 1
16 4 0 46 16 0.608524 2
16 4 0 47 16 0.445521 1
16 4 0 48 18 0.929442 1
16 4 0 49 14 0.363521 1
16 4 0 50 15 0.439000 1
16 4 0 51 20 1.160666 1
16 4 0 52 18 0.548046 2
16 4 0 53 14 0.358546 1
16 4 0 54 17 0.696357 1
16 4 0 55 19 0.876049 1
16 4 0 56 18 0.670609 2
16 4 0 57 15 0.644925 1
16 4 0 58 20 1.242209 2
16 4 0 59 19 1.020903 1
16 4 0 60 20 1.589789 2
16 4 0 61 19 1.064723 1
16 4 0 62 20 1.416849 1
16 4 0 63 17 0.803182 1
16 4 0 64 17 0.539337 2
16 4 0 65 18 0.989332 2
16 4 0 66 18 0.949754 1
16 4 0 67 21 1.406297 2
16 4 0 68 16 0.607319 1
16 4 0 69 14 0.200219 2
16 4 0 70 17 0.367943 1
16 4 0 71 20 1.435318 2
16 4 0 72 21 1.743712 1
16 4 0 73 16 0.425557 1
16 4 0 74 17 0.675365 1
16 4 0 75 13 0.223626 1
16 4 0 76 18 0.805011 1
16 4 0 77 18 1.026725 1
16 4 0 78 17 0.882202 1
16 4 0 79 16 0.549058 1
16 4 0 80 20 1.265565 1
16 4 0 81 20 1.154881 1
16 4 0 82 21 2.536817 2
16 4 0 83 19 0.776438 1
16 4 0 84 17 0.957059 1
16 4 0 85 21 1.353408 1
16 4 0 86 20 0.917873 1
16 4 0 87 18 0.761955 2
16 4 0 88 19 1.118396 1
16 4 0 89 21 1.762124 2
16 4 0 90 19 0.862125 2
16 4 0 91 19 1.016929 1
16 4 0 92 17 0.633806 1
16 4 0 93 20 1.463912 1
16 4 0 94 20 0.945889 1
16 4 0 95 18 0.588818 2
16 4 0 96 17 0.821695 1
16 4 0 97 19 1.505596 2
16 4 0 98 19 1.294909 1
16 4 0 99 21 1.662153 1
16 8 0 0 23 2.918218 2
16 8 0 1 15 0.307681 1
16 8 0 2 19 1.498263 1
16 8 0 3 21 1.673782 1
16 8 0 4 23 2.610152 2
16 8 0 5 21 1.447978 1
16 8 0 6 20 1.591982 1
16 8 0 7 24 2.747126 1
16 8 0 8 24 2.426580 1
16 8 0 9 18 0.976903 1
16 8 0 10 21 1.442352 2
16 8 0 11 18 0.877401 1
16 8 0 12 16 0.664455 2
16 8 0 13 24 3.057291 1
16 8 0 14 23 2.203190 1
16 8 0 15 22 2.264834 1
16 8 0 16 23 1.941989 1
16 8 0 17 20 1.673658 2
16 8 0 18 22 1.885314 2
16 8 0 19 20 1.445879 2
16 8 0 20 26 3.903168 1
16 8 0 21 24 3.612250 2
16 8 0 22 18 0.967046 1
16 8 0 23 20 1.155304 1
16 8 0 24 14 0.475483 2
16 8 0 25 17 0.868627 1
16 8 0 26 13 0.268489 1
16 8 0 27 17 0.790651 1
16 8 0 28 24 2.268968 1
16 8 0 29 25 2.633177 2
16 8 0 30 18 0.943648 2
16 8 0 31 21 2.217160 2
16 8 0 32 22 2.277830 1
16 8 0 33 14 0.365876 2
16 8 0 34 20 1.700492 2
16 8 0 35 20 2.046925 1
16 8 0 36 18 0.815010 2
16 8 0 37 18 1.392768 2
16 8 0 38 21 2.031002 2
16 8 0 39 18 0.875621 1
16 8 0 40 13 0.226148 1
16 8 0 41 21 1.605259 1
16 8 0 42 20 0.936803 1
16 8 0 43 28 5.787414 1
16 8 0 44 26 4.197860 1
16 8 0 45 19 0.924581 1
16 8 0 46 18 1.069234 2
16 8 0 47 16 0.402358 1
16 8 0 48 19 1.136569 1
16 8 0 49 17 0.711817 1
16 8 0 50 18 0.720292 1
16 8 0 51 24 2.755744 1
16 8 0 52 22 1.560431 2
16 8 0 53 15 0.397793 1
16 8 0 54 19 1.443205 1
16 8 0 55 24 2.623669 1
16 8 0 56 20 1.434764 2
16 8 0 57 18 0.925179 1
16 8 0 58 25 2.922858 2
16 8 0 59 24 2.484311 1
16 8 0 60 25 4.893935 2
16 8 0 61 23 2.359429 1
16 8 0 62 22 2.440571 1
16 8 0 63 19 1.184784 1
16 8 0 64 20 1.215465 2
16 8 0 65 20 1.739285 2
16 8 0 66 21 2.094368 1
16 8 0 67 25 3.579246 2
16 8 0 68 19 1.220257 1
16 8 0 69 17 0.424213 2
16 8 0 70 18 0.719314 1
16 8 0 71 26 4.520539 2
16 8 0 72 27 6.455063 1
16 8 0 73 19 1.137847 1
16 8 0 74 20 1.406241 1
16 8 0 75 16 0.392571 1
16 8 0 76 24 2.529249 1
16 8 0 77 23 2.715486 1
16 8 0 78 22 2.056934 1
16 8 0 79 21 1.585124 1
16 8 0 80 23 3.034655 1
16 8 0 81 25 3.141203 2
16 8 0 82 26 4.783413 2
16 8 0 83 22 1.298271 1
16 8 0 84 21 1.879464 1
16 8 0 85 26 4.140049 1
16 8 0 86 23 2.092050 1
16 8 0 87 19 1.292641 2
16 8 0 88 26 4.726191 1
16 8 0 89 27 6.122045 2
16 8 0 90 22 1.886685 2
16 8 0 91 23 2.215545 1
16 8 0 92 20 1.111229 1
16 8 0 93 26 4.151243 1
16 8 0 94 24 2.424359 1
16 8 0 95 23 1.663918 2
16 8 0 96 19 1.552796 1
16 8 0 97 21 2.805040 2
16 8 0 98 23 2.797911 1
16 8 0 99 27 5.987514 1
