16 1 0 0 15 0.307935 1
16 1 0 1 13 0.105906 1
16 1 0 2 15 0.355622 1
16 1 0 3 16 0.349628 1
16 1 0 4 15 0.316800 1
16 1 0 5 14 0.155353 1
16 1 0 6 16 0.321285 1
16 1 0 7 16 0.255836 1
16 1 0 8 15 0.215981 1
16 1 0 9 14 0.181724 1
16 1 0 10 15 0.287058 1
16 1 0 11 12 0.105697 1
16 1 0 12 11 0.135205 1
16 1 0 13 15 0.403305 1
16 1 0 14 16 0.385301 1
16 1 0 15 14 0.228581 1
16 1 0 16 15 0.421164 1
16 1 0 17 16 0.349778 1
16 1 0 18 16 0.441725 1
16 1 0 19 14 0.374703 1
16 1 0 20 16 0.311208 1
16 1 0 21 16 0.454577 1
16 1 0 22 14 0.203847 1
16 1 0 23 15 0.307244 1
16 1 0 24 12 0.130168 1
16 1 0 25 13 0.242445 1
16 1 0 26 11 0.071527 1
16 1 0 27 12 0.328456 1
16 1 0 28 15 0.246420 1
16 1 0 29 16 0.347603 1
16 1 0 30 14 0.178474 1
16 1 0 31 15 0.354776 1
16 1 0 32 13 0.225590 1
16 1 0 33 14 0.125004 1
16 1 0 34 15 0.431258 1
16 1 0 35 15 0.226217 1
16 1 0 36 15 0.182391 1
16 1 0 37 12 0.165051 1
16 1 0 38 15 0.291100 1
16 1 0 39 14 0.186800 1
16 1 0 40 12 0.157253 1
16 1 0 41 15 0.364297 1
16 1 0 42 15 0.184068 1
16 1 0 43 16 0.575157 1
16 1 0 44 16 0.480597 1
16 1 0 45 14 0.221713 1
16 1 0 46 15 0.301557 1
16 1 0 47 14 0.210589 1
16 1 0 48 15 0.364237 1
16 1 0 49 13 0.181100 1
16 1 0 50 13 0.161106 1
16 1 0 51 16 0.364036 1
16 1 0 52 15 0.103410 1
16 1 0 53 12 0.219577 1
16 1 0 54 15 0.333520 1
16 1 0 55 16 0.420227 1
16 1 0 56 15 0.225551 1
16 1 0 57 15 0.212551 1
16 1 0 58 15 0.250184 1
16 1 0 59 16 0.300474 1
16 1 0 60 16 0.391240 1
16 1 0 61 16 0.307420 1
16 1 0 62 16 0.463044 1
16 1 0 63 14 0.258331 1
16 1 0 64 14 0.168574 1
16 1 0 65 14 0.424101 1
16 1 0 66 16 0.345983 1
16 1 0 67 16 0.518690 1
16 1 0 68 14 0.328275 1
16 1 0 69 13 0.072775 1
16 1 0 70 14 0.125878 1
16 1 0 71 16 0.591219 1
16 1 0 72 16 0.414236 1
16 1 0 73 15 0.217928 1
16 1 0 74 16 0.213818 1
16 1 0 75 12 0.049639 1
16 1 0 76 15 0.473566 1
16 1 0 77 15 0.358194 1
16 1 0 78 15 0.313964 1
16 1 0 79 16 0.328296 1
16 1 0 80 16 0.448726 1
16 1 0 81 16 0.305803 1
16 1 0 82 16 0.456883 1
16 1 0 83 16 0.298162 1
16 1 0 84 15 0.350779 1
16 1 0 85 16 0.380948 1
16 1 0 86 15 0.348272 1
16 1 0 87 15 0.249239 1
16 1 0 88 16 0.519092 1
16 1 0 89 16 0.540929 1
16 1 0 90 16 0.284035 1
16 1 0 91 15 0.278589 1
16 1 0 92 15 0.250421 1
16 1 0 93 16 0.426507 1
16 1 0 94 16 0.416867 1
16 1 0 95 16 0.231653 1
16 1 0 96 14 0.270983 1
16 1 0 97 14 0.306357 1
16 1 0 98 16 0.511339 1
16 1 0 99 15 0.444951 1
16 2 0 0 16 1.337940 1
16 2 0 1 12 0.130328 1
16 2 0 2 14 0.860873 1
16 2 0 3 15 0.875679 1
16 2 0 4 17 1.356707 1
16 2 0 5 17 0.689214 1
16 2 0 6 15 0.858426 1
16 2 0 7 16 1.142656 1
16 2 0 8 17 0.804664 1
16 2 0 9 14 0.773944 1
16 2 0 10 16 0.908739 1
16 2 0 11 16 0.367689 1
16 2 0 12 15 0.745416 1
16 2 0 13 16 1.439593 1
16 2 0 14 17 1.212826 1
16 2 0 15 17 1.022055 1
16 2 0 16 17 1.134103 1
16 2 0 17 15 0.968419 1
16 2 0 18 16 1.196674 2
16 2 0 19 17 1.236944 1
16 2 0 20 18 1.439117 1
16 2 0 21 17 1.408835 1
16 2 0 22 14 0.608877 1
16 2 0 23 14 0.945615 1
16 2 0 24 13 0.430661 1
16 2 0 25 12 0.381017 1
16 2 0 26 13 0.341763 1
16 2 0 27 14 0.642880 1
16 2 0 28 18 0.974146 1
16 2 0 29 17 1.184639 1
16 2 0 30 13 0.448648 1
16 2 0 31 15 0.917940 1
16 2 0 32 15 0.950632 1
16 2 0 33 11 0.279543 1
16 2 0 34 16 0.808810 1
16 2 0 35 14 0.575499 1
16 2 0 36 14 0.344917 1
16 2 0 37 16 0.848127 1
16 2 0 38 15 0.937543 1
16 2 0 39 13 0.521647 1
16 2 0 40 11 0.302076 1
16 2 0 41 16 1.165212 1
16 2 0 42 15 0.640132 1
16 2 0 43 18 1.667412 1
16 2 0 44 18 1.843751 1
16 2 0 45 16 0.670011 1
16 2 0 46 15 0.871207 1
16 2 0 47 14 0.505878 1
16 2 0 48 15 0.702666 1
16 2 0 49 14 0.587005 1
16 2 0 50 16 0.595213 1
16 2 0 51 16 1.027267 1
16 2 0 52 15 0.516527 1
16 2 0 53 12 0.283437 1
16 2 0 54 17 1.076396 1
16 2 0 55 17 1.172705 1
16 2 0 56 15 0.395111 1
16 2 0 57 13 0.525965 1
16 2 0 58 16 0.934704 1
16 2 0 59 18 1.097091 1
16 2 0 60 17 1.449995 1
16 2 0 61 15 0.878132 1
16 2 0 62 15 1.263832 1
16 2 0 63 13 0.732580 1
16 2 0 64 15 0.381807 1
16 2 0 65 17 1.273678 1
16 2 0 66 16 0.971717 1
16 2 0 67 17 1.448322 2
16 2 0 68 15 0.936226 1
16 2 0 69 14 0.219164 1
16 2 0 70 14 0.312652 1
16 2 0 71 17 1.669552 1
16 2 0 72 17 1.623356 1
16 2 0 73 17 0.828240 1
16 2 0 74 14 0.591529 1
16 2 0 75 13 0.332849 1
16 2 0 76 17 1.562671 1
16 2 0 77 18 1.619016 1
16 2 0 78 16 1.188115 1
16 2 0 79 15 0.847613 1
16 2 0 80 16 1.218369 1
16 2 0 81 16 0.952601 1
16 2 0 82 18 1.634088 1
16 2 0 83 15 0.616816 1
16 2 0 84 17 1.238646 1
16 2 0 85 17 1.317796 1
16 2 0 86 18 1.341333 1
16 2 0 87 16 0.678890 1
16 2 0 88 18 2.046643 1
16 2 0 89 18 1.948122 1
16 2 0 90 15 1.006908 1
16 2 0 91 16 1.036345 1
16 2 0 92 15 0.473673 1
16 2 0 93 17 1.488052 1
16 2 0 94 17 1.072346 1
16 2 0 95 16 0.921871 1
16 2 0 96 15 0.716012 1
16 2 0 97 16 1.220051 1
16 2 0 98 16 1.467726 1
16 2 0 99 17 2.021108 1
16 4 0 0 19 5.778483 2
16 4 0 1 13 0.444394 1
16 4 0 2 16 3.044196 1
16 4 0 3 16 2.003144 1
16 4 0 4 19 4.116607 2
16 4 0 5 17 1.781482 1
16 4 0 6 18 3.567419 1
16 4 0 7 21 5.180611 1
16 4 0 8 20 3.558114 1
16 4 0 9 17 2.913148 1
16 4 0 10 18 3.244883 2
16 4 0 11 14 0.876439 1
16 4 0 12 16 2.504076 2
16 4 0 13 18 3.777523 1
16 4 0 14 19 3.873436 1
16 4 0 15 18 2.838089 1
16 4 0 16 18 3.494847 1
16 4 0 17 17 3.193844 2
16 4 0 18 17 2.736056 2
16 4 0 19 17 3.122333 2
16 4 0 20 20 5.085125 1
16 4 0 21 18 3.843708 2
16 4 0 22 16 2.369655 1
16 4 0 23 17 3.478074 1
16 4 0 24 14 1.030558 1
16 4 0 25 15 1.700095 1
16 4 0 26 10 0.428088 1
16 4 0 27 16 1.888489 1
16 4 0 28 20 3.544326 1
16 4 0 29 19 3.886635 2
16 4 0 30 16 1.682582 2
16 4 0 31 17 3.197247 2
16 4 0 32 17 3.047960 1
16 4 0 33 12 0.683131 2
16 4 0 34 19 4.460306 2
16 4 0 35 16 2.279602 1
16 4 0 36 17 1.913356 2
16 4 0 37 17 2.630996 2
16 4 0 38 19 4.349094 2
16 4 0 39 16 2.124353 1
16 4 0 40 12 0.500368 1
16 4 0 41 15 1.903247 1
16 4 0 42 17 1.797059 1
16 4 0 43 22 7.608380 1
16 4 0 44 19 4.787020 1
16 4 0 45 16 1.884435 1
16 4 0 46 16 2.247382 2
16 4 0 47 16 1.647260 1
16 4 0 48 18 3.440955 1
16 4 0 49 14 1.241793 1
16 4 0 50 15 1.579970 1
16 4 0 51 20 4.332696 1
16 4 0 52 18 2.068432 2
16 4 0 53 14 1.208352 1
16 4 0 54 17 2.352984 1
16 4 0 55 19 4.159050 1
16 4 0 56 18 2.136931 1
16 4 0 57 15 2.188513 1
16 4 0 58 20 5.499771 2
16 4 0 59 19 4.331564 1
16 4 0 60 20 5.985951 2
16 4 0 61 19 4.058081 1
16 4 0 62 20 5.805925 1
16 4 0 63 17 2.967586 1
16 4 0 64 17 1.746064 1
16 4 0 65 18 3.735375 2
16 4 0 66 18 4.230140 1
16 4 0 67 21 6.511116 2
16 4 0 68 16 2.400690 1
16 4 0 69 14 0.515209 1
16 4 0 70 17 1.089433 1
16 4 0 71 20 6.357473 2
16 4 0 72 21 7.803315 1
16 4 0 73 16 1.752236 1
16 4 0 74 17 2.286712 1
16 4 0 75 13 0.830526 1
16 4 0 76 18 3.580655 1
16 4 0 77 18 3.797391 1
16 4 0 78 17 3.058683 1
16 4 0 79 16 1.989056 1
16 4 0 80 20 4.541608 1
16 4 0 81 20 5.372079 1
16 4 0 82 21 6.217584 2
16 4 0 83 19 2.434511 1
16 4 0 84 17 3.237922 1
16 4 0 85 21 6.091843 1
16 4 0 86 20 3.769488 1
16 4 0 87 18 3.150444 2
16 4 0 88 19 5.516248 1
16 4 0 89 21 6.960119 2
16 4 0 90 19 4.042583 2
16 4 0 91 19 3.898189 1
16 4 0 92 17 1.838756 1
16 4 0 93 20 5.688015 1
16 4 0 94 20 3.884630 1
16 4 0 95 18 2.574476 2
16 4 0 96 17 2.709430 1
16 4 0 97 19 5.780774 1
16 4 0 98 19 5.847049 1
16 4 0 99 21 8.026511 1
16 8 0 0 23 13.242229 2
16 8 0 1 15 0.964696 1
16 8 0 2 19 5.597263 1
16 8 0 3 21 7.497793 1
16 8 0 4 23 12.499029 2
16 8 0 5 21 5.374866 1
16 8 0 6 20 7.734819 1
16 8 0 7 24 12.056901 1
16 8 0 8 24 10.167683 1
16 8 0 9 18 3.357644 1
16 8 0 10 21 6.266655 2
16 8 0 11 18 3.141987 1
16 8 0 12 16 2.415990 2
16 8 0 13 24 13.611855 1
16 8 0 14 23 9.154149 1
16 8 0 15 22 8.328287 1
16 8 0 16 23 9.239323 1
16 8 0 17 20 6.655102 2
16 8 0 18 22 8.276072 2
16 8 0 19 20 6.262068 2
16 8 0 20 26 19.715617 1
16 8 0 21 24 15.555883 2
16 8 0 22 18 4.180986 1
16 8 0 23 20 5.828554 1
16 8 0 24 14 1.494303 2
16 8 0 25 17 3.275973 1
16 8 0 26 13 0.716327 1
16 8 0 27 17 2.896478 1
16 8 0 28 24 9.827619 1
16 8 0 29 25 12.683743 2
16 8 0 30 18 3.884220 2
16 8 0 31 21 9.029116 2
16 8 0 32 22 8.978734 1
16 8 0 33 14 1.308533 2
16 8 0 34 20 8.470801 2
16 8 0 35 20 6.778650 1
16 8 0 36 18 3.337760 2
16 8 0 37 18 5.219163 2
16 8 0 38 21 8.301338 2
16 8 0 39 18 3.355741 1
16 8 0 40 13 0.724825 1
16 8 0 41 21 8.942319 1
16 8 0 42 20 3.959138 1
16 8 0 43 28 27.185038 1
16 8 0 44 26 21.254701 1
16 8 0 45 19 4.246693 1
16 8 0 46 18 4.642046 2
16 8 0 47 16 1.667470 1
16 8 0 48 19 4.707675 1
16 8 0 49 17 2.802571 1
16 8 0 50 18 2.648171 1
16 8 0 51 24 11.886716 1
16 8 0 52 22 5.818860 2
16 8 0 53 15 1.376271 1
16 8 0 54 19 5.929161 1
16 8 0 55 24 11.890807 1
16 8 0 56 20 4.518718 1
16 8 0 57 18 3.752872 1
16 8 0 58 25 15.502557 2
16 8 0 59 24 12.635897 1
16 8 0 60 25 18.462117 2
16 8 0 61 23 10.483661 1
16 8 0 62 22 11.898824 1
16 8 0 63 19 4.488615 1
16 8 0 64 20 5.130985 2
16 8 0 65 20 7.144816 2
16 8 0 66 21 8.328298 1
16 8 0 67 25 18.676419 2
16 8 0 68 19 5.187701 1
16 8 0 69 17 1.631397 2
16 8 0 70 18 2.152321 1
16 8 0 71 26 21.488999 2
16 8 0 72 27 26.946686 1
16 8 0 73 19 4.234402 1
16 8 0 74 20 5.618714 1
16 8 0 75 16 1.303817 1
16 8 0 76 24 11.993907 1
16 8 0 77 23 13.810783 1
16 8 0 78 22 8.967476 1
16 8 0 79 21 6.737964 1
16 8 0 80 23 11.312799 1
16 8 0 81 25 15.950951 2
16 8 0 82 26 20.804067 2
16 8 0 83 22 6.418792 1
16 8 0 84 21 8.571807 1
16 8 0 85 26 18.285053 1
16 8 0 86 23 9.118410 1
16 8 0 87 19 4.211530 2
16 8 0 88 26 23.300461 1
16 8 0 89 27 26.772963 2
16 8 0 90 22 8.855218 2
16 8 0 91 23 9.437153 1
16 8 0 92 20 4.540797 1
16 8 0 93 26 20.746228 1
16 8 0 94 24 14.288718 1
16 8 0 95 23 9.764046 2
16 8 0 96 19 6.629589 1
16 8 0 97 21 10.497350 2
16 8 0 98 23 13.826348 1
16 8 0 99 27 25.901983 1
