4 1 0 0 3 0.000421 0
4 1 0 1 4 0.000561 1
4 1 0 2 4 0.000501 1
4 1 0 3 4 0.000503 1
4 1 0 4 4 0.000495 1
4 1 0 5 4 0.000543 1
4 1 0 6 2 0.000269 2
4 1 0 7 2 0.000277 1
4 1 0 8 4 0.000548 1
4 1 0 9 2 0.000240 0
4 1 0 10 4 0.000527 1
4 1 0 11 3 0.000418 0
4 1 0 12 4 0.000524 1
4 1 0 13 2 0.000298 1
4 1 0 14 4 0.000511 1
4 1 0 15 4 0.000503 0
4 1 0 16 2 0.000238 0
4 1 0 17 3 0.000404 1
4 1 0 18 2 0.000538 1
4 1 0 19 2 0.000277 1
4 1 0 20 2 0.000282 0
4 1 0 21 2 0.000302 1
4 1 0 22 4 0.000498 0
4 1 0 23 4 0.000446 0
4 1 0 24 4 0.000440 0
4 1 0 25 4 0.000483 0
4 1 0 26 4 0.000517 1
4 1 0 27 4 0.000487 0
4 1 0 28 4 0.000563 1
4 1 0 29 4 0.000450 0
4 1 0 30 4 0.000525 1
4 1 0 31 4 0.000543 2
4 1 0 32 2 0.000333 0
4 1 0 33 4 0.000544 2
4 1 0 34 4 0.000520 1
4 1 0 35 2 0.000268 1
4 1 0 36 4 0.000621 1
4 1 0 37 4 0.000441 0
4 1 0 38 2 0.000271 0
4 1 0 39 3 0.000395 1
4 1 0 40 4 0.000659 2
4 1 0 41 2 0.000283 0
4 1 0 42 2 0.000290 0
4 1 0 43 4 0.000547 0
4 1 0 44 2 0.000298 2
4 1 0 45 4 0.000552 0
4 1 0 46 4 0.000497 0
4 1 0 47 4 0.000605 1
4 1 0 48 4 0.000572 1
4 1 0 49 4 0.000636 1
4 1 0 50 4 0.000595 1
4 1 0 51 4 0.000546 1
4 1 0 52 3 0.000378 0
4 1 0 53 4 0.000481 0
4 1 0 54 3 0.000414 1
4 1 0 55 3 0.000394 1
4 1 0 56 4 0.000490 0
4 1 0 57 4 0.000561 1
4 1 0 58 4 0.000512 0
4 1 0 59 4 0.000454 0
4 1 0 60 4 0.000499 1
4 1 0 61 4 0.000549 2
4 1 0 62 2 0.000270 1
4 1 0 63 4 0.000615 1
4 1 0 64 4 0.000554 1
4 1 0 65 4 0.000531 0
4 1 0 66 4 0.000538 1
4 1 0 67 3 0.000379 1
4 1 0 68 4 0.000496 1
4 1 0 69 4 0.000568 2
4 1 0 70 4 0.000446 0
4 1 0 71 4 0.000566 1
4 1 0 72 3 0.000413 2
4 1 0 73 4 0.000530 1
4 1 0 74 4 0.000523 1
4 1 0 75 4 0.000454 0
4 1 0 76 4 0.000541 1
4 1 0 77 4 0.000531 1
4 1 0 78 4 0.000466 0
4 1 0 79 4 0.000583 2
4 1 0 80 4 0.000511 1
4 1 0 81 4 0.000593 1
4 1 0 82 3 0.000338 0
4 1 0 83 4 0.000546 1
4 1 0 84 2 0.000270 1
4 1 0 85 4 0.000565 2
4 1 0 86 4 0.000510 0
4 1 0 87 4 0.000547 0
4 1 0 88 4 0.000435 0
4 1 0 89 4 0.000578 2
4 1 0 90 4 0.000464 0
4 1 0 91 4 0.000641 2
4 1 0 92 4 0.000682 2
4 1 0 93 4 0.000559 1
4 1 0 94 2 0.000263 1
4 1 0 95 4 0.000528 1
4 1 0 96 4 0.000583 1
4 1 0 97 2 0.000297 1
4 1 0 98 4 0.000678 0
4 1 0 99 4 0.000655 2
4 2 0 0 1 0.000173 0
4 2 0 1 4 0.000561 1
4 2 0 2 3 0.000430 1
4 2 0 3 3 0.000393 1
4 2 0 4 3 0.000421 1
4 2 0 5 5 0.000724 1
4 2 0 6 3 0.000515 2
4 2 0 7 4 0.000580 1
4 2 0 8 5 0.000660 1
4 2 0 9 4 0.000519 0
4 2 0 10 5 0.000695 1
4 2 0 11 1 0.000174 0
4 2 0 12 5 0.000717 1
4 2 0 13 4 0.000564 1
4 2 0 14 3 0.000402 1
4 2 0 15 4 0.000531 0
4 2 0 16 4 0.000506 0
4 2 0 17 1 0.000158 1
4 2 0 18 4 0.000528 1
4 2 0 19 4 0.000568 1
4 2 0 20 4 0.000623 0
4 2 0 21 3 0.000477 1
4 2 0 22 5 0.000747 0
4 2 0 23 4 0.000716 0
4 2 0 24 4 0.000488 0
4 2 0 25 5 0.000665 0
4 2 0 26 5 0.000659 1
4 2 0 27 3 0.000376 0
4 2 0 28 5 0.000704 1
4 2 0 29 5 0.000676 0
4 2 0 30 5 0.000720 1
4 2 0 31 4 0.000797 2
4 2 0 32 4 0.000520 0
4 2 0 33 5 0.000735 2
4 2 0 34 5 0.000664 1
4 2 0 35 2 0.000290 1
4 2 0 36 5 0.000714 1
4 2 0 37 4 0.000487 0
4 2 0 38 4 0.000516 0
4 2 0 39 1 0.000153 1
4 2 0 40 5 0.000825 2
4 2 0 41 3 0.000475 0
4 2 0 42 4 0.000630 2
4 2 0 43 3 0.000464 0
4 2 0 44 4 0.000701 2
4 2 0 45 5 0.000840 0
4 2 0 46 3 0.000421 0
4 2 0 47 3 0.000454 1
4 2 0 48 3 0.000406 1
4 2 0 49 5 0.000716 1
4 2 0 50 3 0.000386 1
4 2 0 51 2 0.000277 1
4 2 0 52 1 0.000153 0
4 2 0 53 5 0.000691 0
4 2 0 54 1 0.000168 1
4 2 0 55 1 0.000153 1
4 2 0 56 5 0.000644 0
4 2 0 57 3 0.000462 1
4 2 0 58 5 0.000714 0
4 2 0 59 5 0.000734 0
4 2 0 60 3 0.000498 1
4 2 0 61 5 0.000769 2
4 2 0 62 3 0.000394 1
4 2 0 63 3 0.000468 1
4 2 0 64 3 0.000410 1
4 2 0 65 3 0.000395 0
4 2 0 66 5 0.000742 1
4 2 0 67 1 0.000175 1
4 2 0 68 3 0.000390 1
4 2 0 69 5 0.000851 2
4 2 0 70 5 0.000598 0
4 2 0 71 5 0.000767 1
4 2 0 72 1 0.000160 2
4 2 0 73 3 0.000402 1
4 2 0 74 3 0.000417 1
4 2 0 75 3 0.000363 0
4 2 0 76 3 0.000403 1
4 2 0 77 5 0.000710 1
4 2 0 78 3 0.000363 0
4 2 0 79 5 0.000861 2
4 2 0 80 4 0.000848 1
4 2 0 81 4 0.000615 1
4 2 0 82 1 0.000160 0
4 2 0 83 4 0.000530 1
4 2 0 84 3 0.000374 1
4 2 0 85 4 0.000694 2
4 2 0 86 5 0.000739 0
4 2 0 87 5 0.000922 0
4 2 0 88 3 0.000414 0
4 2 0 89 3 0.000504 2
4 2 0 90 5 0.000753 0
4 2 0 91 5 0.000908 2
4 2 0 92 3 0.000510 2
4 2 0 93 5 0.000655 1
4 2 0 94 3 0.000384 1
4 2 0 95 5 0.000722 1
4 2 0 96 5 0.000736 1
4 2 0 97 4 0.000513 1
4 2 0 98 3 0.000431 0
4 2 0 99 5 0.000824 2
4 4 0 0 2 0.000274 0
4 4 0 1 5 0.000720 1
4 4 0 2 4 0.000563 1
4 4 0 3 4 0.000582 1
4 4 0 4 4 0.000517 1
4 4 0 5 5 0.000744 1
4 4 0 6 2 0.000321 2
4 4 0 7 4 0.000572 1
4 4 0 8 6 0.000815 1
4 4 0 9 4 0.000547 0
4 4 0 10 6 0.000870 1
4 4 0 11 2 0.000305 0
4 4 0 12 6 0.000910 1
4 4 0 13 4 0.000592 1
4 4 0 14 4 0.000573 1
4 4 0 15 5 0.000692 0
4 4 0 16 4 0.000579 0
4 4 0 17 2 0.000382 1
4 4 0 18 3 0.000390 1
4 4 0 19 4 0.000619 1
4 4 0 20 4 0.000643 2
4 4 0 21 2 0.000317 1
4 4 0 22 5 0.000831 0
4 4 0 23 5 0.000680 0
4 4 0 24 5 0.000645 0
4 4 0 25 6 0.000894 0
4 4 0 26 6 0.000858 1
4 4 0 27 4 0.000555 0
4 4 0 28 6 0.000817 1
4 4 0 29 5 0.000675 0
4 4 0 30 5 0.000710 1
4 4 0 31 5 0.000820 2
4 4 0 32 4 0.000595 0
4 4 0 33 5 0.000836 2
4 4 0 34 6 0.000851 1
4 4 0 35 2 0.000320 1
4 4 0 36 6 0.000999 1
4 4 0 37 5 0.000790 0
4 4 0 38 4 0.000533 0
4 4 0 39 2 0.000297 1
4 4 0 40 6 0.001064 2
4 4 0 41 2 0.000336 0
4 4 0 42 4 0.000669 2
4 4 0 43 3 0.000444 0
4 4 0 44 4 0.000708 2
4 4 0 45 5 0.000746 0
4 4 0 46 4 0.000592 0
4 4 0 47 4 0.000564 1
4 4 0 48 4 0.000529 1
4 4 0 49 6 0.000890 1
4 4 0 50 4 0.000526 1
4 4 0 51 3 0.000391 1
4 4 0 52 2 0.000296 0
4 4 0 53 5 0.000792 0
4 4 0 54 2 0.000375 1
4 4 0 55 2 0.000332 1
4 4 0 56 5 0.000785 0
4 4 0 57 4 0.000606 1
4 4 0 58 6 0.000983 0
4 4 0 59 6 0.000917 0
4 4 0 60 4 0.000664 1
4 4 0 61 5 0.000885 2
4 4 0 62 2 0.000313 1
4 4 0 63 4 0.000624 1
4 4 0 64 4 0.000547 1
4 4 0 65 4 0.000522 0
4 4 0 66 6 0.000898 1
4 4 0 67 2 0.000275 1
4 4 0 68 4 0.000530 1
4 4 0 69 6 0.001040 2
4 4 0 70 5 0.000726 0
4 4 0 71 5 0.000812 1
4 4 0 72 2 0.000333 2
4 4 0 73 4 0.000542 1
4 4 0 74 4 0.000526 1
4 4 0 75 4 0.000559 0
4 4 0 76 4 0.000563 1
4 4 0 77 5 0.000712 1
4 4 0 78 4 0.000519 0
4 4 0 79 5 0.000807 2
4 4 0 80 5 0.000676 1
4 4 0 81 5 0.000741 1
4 4 0 82 2 0.000275 0
4 4 0 83 5 0.000689 1
4 4 0 84 2 0.000285 1
4 4 0 85 5 0.000861 2
4 4 0 86 6 0.000982 0
4 4 0 87 6 0.001103 0
4 4 0 88 4 0.000563 0
4 4 0 89 3 0.000485 2
4 4 0 90 6 0.000989 0
4 4 0 91 6 0.001005 2
4 4 0 92 4 0.000681 2
4 4 0 93 6 0.000846 1
4 4 0 94 2 0.000332 1
4 4 0 95 5 0.000658 1
4 4 0 96 6 0.000867 1
4 4 0 97 4 0.000524 1
4 4 0 98 4 0.000623 2
4 4 0 99 5 0.000811 2
8 1 0 0 7 0.000907 1
8 1 0 1 7 0.001059 1
8 1 0 2 8 0.000837 0
8 1 0 3 8 0.001073 1
8 1 0 4 7 0.000873 1
8 1 0 5 4 0.000516 1
8 1 0 6 7 0.001015 2
8 1 0 7 6 0.000775 2
8 1 0 8 5 0.000641 1
8 1 0 9 7 0.000951 0
8 1 0 10 8 0.000947 0
8 1 0 11 7 0.000998 1
8 1 0 12 8 0.001175 1
8 1 0 13 7 0.000867 0
8 1 0 14 8 0.001127 1
8 1 0 15 7 0.001056 1
8 1 0 16 7 0.000961 2
8 1 0 17 8 0.001013 1
8 1 0 18 8 0.000846 0
8 1 0 19 7 0.000852 1
8 1 0 20 8 0.000984 1
8 1 0 21 6 0.000779 1
8 1 0 22 8 0.000809 0
8 1 0 23 7 0.000938 1
8 1 0 24 7 0.000887 1
8 1 0 25 8 0.000781 0
8 1 0 26 8 0.000781 0
8 1 0 27 7 0.000945 1
8 1 0 28 8 0.001040 1
8 1 0 29 8 0.001005 1
8 1 0 30 7 0.000761 0
8 1 0 31 6 0.000821 1
8 1 0 32 7 0.000855 1
8 1 0 33 7 0.000854 1
8 1 0 34 6 0.000804 1
8 1 0 35 6 0.000720 1
8 1 0 36 8 0.001094 1
8 1 0 37 6 0.000801 1
8 1 0 38 7 0.000931 1
8 1 0 39 8 0.000887 0
8 1 0 40 6 0.000592 0
8 1 0 41 7 0.000775 0
8 1 0 42 6 0.000577 0
8 1 0 43 8 0.001147 2
8 1 0 44 6 0.000836 1
8 1 0 45 7 0.000929 1
8 1 0 46 8 0.000895 0
8 1 0 47 8 0.001150 2
8 1 0 48 6 0.000809 1
8 1 0 49 7 0.000746 0
8 1 0 50 8 0.001138 1
8 1 0 51 8 0.001027 1
8 1 0 52 8 0.001108 1
8 1 0 53 8 0.000846 0
8 1 0 54 8 0.001057 1
8 1 0 55 7 0.000938 2
8 1 0 56 7 0.000932 1
8 1 0 57 8 0.001064 1
8 1 0 58 8 0.000911 0
8 1 0 59 8 0.001202 1
8 1 0 60 8 0.001290 2
8 1 0 61 7 0.000716 0
8 1 0 62 6 0.000634 0
8 1 0 63 8 0.001029 1
8 1 0 64 8 0.001110 1
8 1 0 65 7 0.000872 1
8 1 0 66 8 0.001109 2
8 1 0 67 8 0.001024 0
8 1 0 68 8 0.001116 1
8 1 0 69 7 0.001113 2
8 1 0 70 7 0.000821 0
8 1 0 71 7 0.000721 0
8 1 0 72 7 0.000899 1
8 1 0 73 7 0.000765 0
8 1 0 74 7 0.000837 0
8 1 0 75 8 0.000847 0
8 1 0 76 8 0.001046 1
8 1 0 77 8 0.001106 1
8 1 0 78 8 0.000883 0
8 1 0 79 6 0.000744 1
8 1 0 80 8 0.001210 2
8 1 0 81 8 0.001021 1
8 1 0 82 6 0.000761 1
8 1 0 83 6 0.000605 0
8 1 0 84 7 0.000867 1
8 1 0 85 6 0.000776 2
8 1 0 86 8 0.000831 0
8 1 0 87 7 0.000653 0
8 1 0 88 8 0.001059 1
8 1 0 89 8 0.001324 2
8 1 0 90 8 0.001058 1
8 1 0 91 7 0.000687 0
8 1 0 92 7 0.000898 2
8 1 0 93 6 0.000839 1
8 1 0 94 8 0.000954 0
8 1 0 95 8 0.001019 1
8 1 0 96 6 0.000752 1
8 1 0 97 8 0.001059 1
8 1 0 98 8 0.001015 1
8 1 0 99 8 0.001054 1
8 2 0 0 9 0.001360 1
8 2 0 1 7 0.001046 1
8 2 0 2 7 0.000880 0
8 2 0 3 8 0.001070 1
8 2 0 4 4 0.000545 1
8 2 0 5 4 0.000565 1
8 2 0 6 9 0.001510 2
8 2 0 7 6 0.001075 2
8 2 0 8 5 0.000782 1
8 2 0 9 8 0.001349 2
8 2 0 10 8 0.001245 0
8 2 0 11 6 0.000883 1
8 2 0 12 7 0.001090 1
8 2 0 13 9 0.001569 0
8 2 0 14 8 0.001271 1
8 2 0 15 9 0.001416 1
8 2 0 16 8 0.001375 2
8 2 0 17 8 0.001258 1
8 2 0 18 7 0.001022 0
8 2 0 19 6 0.000884 1
8 2 0 20 9 0.001330 1
8 2 0 21 6 0.000863 1
8 2 0 22 9 0.001292 0
8 2 0 23 9 0.001465 1
8 2 0 24 4 0.000645 1
8 2 0 25 6 0.000876 0
8 2 0 26 9 0.001023 0
8 2 0 27 9 0.001266 1
8 2 0 28 10 0.001441 1
8 2 0 29 9 0.001364 1
8 2 0 30 9 0.001094 0
8 2 0 31 8 0.001102 1
8 2 0 32 7 0.000983 1
8 2 0 33 8 0.001161 1
8 2 0 34 8 0.001120 1
8 2 0 35 8 0.001294 2
8 2 0 36 10 0.001373 1
8 2 0 37 8 0.001094 1
8 2 0 38 8 0.001193 1
8 2 0 39 10 0.001645 0
8 2 0 40 7 0.000802 0
8 2 0 41 7 0.000875 0
8 2 0 42 8 0.000896 0
8 2 0 43 9 0.001640 2
8 2 0 44 8 0.001165 1
8 2 0 45 9 0.001118 1
8 2 0 46 10 0.001659 0
8 2 0 47 6 0.000941 2
8 2 0 48 7 0.000939 1
8 2 0 49 6 0.000625 0
8 2 0 50 8 0.001533 2
8 2 0 51 10 0.001604 1
8 2 0 52 10 0.001780 1
8 2 0 53 9 0.001350 0
8 2 0 54 8 0.001081 1
8 2 0 55 8 0.001157 2
8 2 0 56 9 0.001305 1
8 2 0 57 7 0.001189 1
8 2 0 58 10 0.001458 0
8 2 0 59 7 0.000931 1
8 2 0 60 10 0.001840 2
8 2 0 61 10 0.001473 0
8 2 0 62 7 0.000908 0
8 2 0 63 9 0.001255 1
8 2 0 64 10 0.001501 1
8 2 0 65 8 0.001139 1
8 2 0 66 8 0.001394 2
8 2 0 67 10 0.001579 0
8 2 0 68 9 0.001423 1
8 2 0 69 9 0.001643 2
8 2 0 70 8 0.001182 0
8 2 0 71 8 0.001261 0
8 2 0 72 9 0.001324 1
8 2 0 73 8 0.001208 0
8 2 0 74 8 0.000998 0
8 2 0 75 8 0.001030 0
8 2 0 76 8 0.001254 1
8 2 0 77 9 0.001353 1
8 2 0 78 9 0.001144 0
8 2 0 79 6 0.000772 1
8 2 0 80 10 0.001836 2
8 2 0 81 8 0.001122 1
8 2 0 82 6 0.000934 1
8 2 0 83 5 0.000572 0
8 2 0 84 8 0.001171 1
8 2 0 85 7 0.001154 2
8 2 0 86 7 0.001002 0
8 2 0 87 8 0.000953 0
8 2 0 88 5 0.000671 1
8 2 0 89 9 0.001658 2
8 2 0 90 8 0.001122 1
8 2 0 91 7 0.001036 0
8 2 0 92 8 0.001738 2
8 2 0 93 7 0.001049 1
8 2 0 94 10 0.001433 0
8 2 0 95 9 0.001318 1
8 2 0 96 5 0.000662 1
8 2 0 97 9 0.001383 1
8 2 0 98 9 0.001521 1
8 2 0 99 7 0.000986 1
8 4 0 0 8 0.001276 1
8 4 0 1 7 0.001003 1
8 4 0 2 11 0.002049 0
8 4 0 3 11 0.001824 1
8 4 0 4 5 0.000693 1
8 4 0 5 3 0.000390 1
8 4 0 6 11 0.002119 2
8 4 0 7 5 0.000894 2
8 4 0 8 5 0.000778 1
8 4 0 9 8 0.001375 2
8 4 0 10 10 0.001578 0
8 4 0 11 8 0.001185 1
8 4 0 12 10 0.001647 1
8 4 0 13 11 0.002054 0
8 4 0 14 10 0.001540 1
8 4 0 15 9 0.001401 1
8 4 0 16 7 0.001140 2
8 4 0 17 10 0.001633 1
8 4 0 18 10 0.001543 0
8 4 0 19 6 0.000857 1
8 4 0 20 11 0.001780 1
8 4 0 21 8 0.001143 1
8 4 0 22 11 0.001748 0
8 4 0 23 10 0.001726 1
8 4 0 24 6 0.000916 1
8 4 0 25 9 0.001547 0
8 4 0 26 10 0.001677 0
8 4 0 27 11 0.001681 1
8 4 0 28 12 0.002021 1
8 4 0 29 11 0.001832 1
8 4 0 30 9 0.001462 0
8 4 0 31 10 0.001720 1
8 4 0 32 8 0.001169 1
8 4 0 33 9 0.001309 1
8 4 0 34 8 0.001262 1
8 4 0 35 6 0.001042 2
8 4 0 36 12 0.002082 1
8 4 0 37 7 0.001041 1
8 4 0 38 9 0.001703 1
8 4 0 39 13 0.002543 0
8 4 0 40 7 0.001014 0
8 4 0 41 7 0.001089 0
8 4 0 42 6 0.001017 0
8 4 0 43 11 0.002384 2
8 4 0 44 9 0.001556 1
8 4 0 45 8 0.001243 1
8 4 0 46 13 0.002489 0
8 4 0 47 8 0.001344 2
8 4 0 48 10 0.001456 1
8 4 0 49 8 0.001018 0
8 4 0 50 12 0.002585 2
8 4 0 51 12 0.002044 1
8 4 0 52 13 0.002755 1
8 4 0 53 11 0.002224 0
8 4 0 54 10 0.001645 1
8 4 0 55 9 0.001542 2
8 4 0 56 10 0.001508 1
8 4 0 57 11 0.001894 1
8 4 0 58 12 0.002128 0
8 4 0 59 10 0.001574 1
8 4 0 60 12 0.002762 2
8 4 0 61 10 0.001616 0
8 4 0 62 8 0.001122 0
8 4 0 63 11 0.001760 1
8 4 0 64 12 0.002240 1
8 4 0 65 9 0.001571 1
8 4 0 66 10 0.001767 2
8 4 0 67 13 0.002478 0
8 4 0 68 10 0.001666 1
8 4 0 69 8 0.001469 2
8 4 0 70 9 0.001446 0
8 4 0 71 9 0.001474 0
8 4 0 72 10 0.001715 1
8 4 0 73 9 0.001629 0
8 4 0 74 7 0.001035 0
8 4 0 75 10 0.001653 0
8 4 0 76 12 0.002143 1
8 4 0 77 11 0.001905 1
8 4 0 78 11 0.001600 0
8 4 0 79 6 0.000799 1
8 4 0 80 13 0.003103 2
8 4 0 81 10 0.001593 1
8 4 0 82 8 0.001192 1
8 4 0 83 6 0.000991 0
8 4 0 84 7 0.001202 1
8 4 0 85 9 0.001817 2
8 4 0 86 10 0.001639 0
8 4 0 87 8 0.001308 0
8 4 0 88 8 0.001418 1
8 4 0 89 10 0.001860 2
8 4 0 90 12 0.002069 1
8 4 0 91 8 0.001139 0
8 4 0 92 8 0.001652 2
8 4 0 93 6 0.000907 1
8 4 0 94 13 0.002195 0
8 4 0 95 11 0.001852 1
8 4 0 96 6 0.000852 1
8 4 0 97 10 0.001699 1
8 4 0 98 11 0.002080 1
8 4 0 99 9 0.001572 1
8 8 0 0 9 0.001627 1
8 8 0 1 7 0.001219 1
8 8 0 2 10 0.001879 0
8 8 0 3 10 0.001831 1
8 8 0 4 5 0.000781 1
8 8 0 5 4 0.000674 1
8 8 0 6 12 0.002654 2
8 8 0 7 6 0.001150 2
8 8 0 8 6 0.000864 1
8 8 0 9 8 0.001534 2
8 8 0 10 10 0.001730 0
8 8 0 11 7 0.001066 1
8 8 0 12 9 0.001442 1
8 8 0 13 12 0.002293 0
8 8 0 14 10 0.001692 1
8 8 0 15 9 0.001633 1
8 8 0 16 8 0.001425 2
8 8 0 17 10 0.001684 1
8 8 0 18 10 0.001702 0
8 8 0 19 7 0.001069 1
8 8 0 20 11 0.002051 1
8 8 0 21 7 0.001038 1
8 8 0 22 11 0.001964 0
8 8 0 23 10 0.001806 1
8 8 0 24 6 0.001017 1
8 8 0 25 9 0.001545 0
8 8 0 26 10 0.001666 0
8 8 0 27 11 0.002011 1
8 8 0 28 13 0.002325 1
8 8 0 29 12 0.002161 1
8 8 0 30 10 0.001953 0
8 8 0 31 10 0.001811 1
8 8 0 32 9 0.001454 1
8 8 0 33 10 0.001678 1
8 8 0 34 9 0.001567 1
8 8 0 35 7 0.001278 2
8 8 0 36 12 0.002116 1
8 8 0 37 7 0.001127 1
8 8 0 38 10 0.001934 1
8 8 0 39 13 0.002473 0
8 8 0 40 7 0.001057 0
8 8 0 41 7 0.000982 0
8 8 0 42 7 0.001044 0
8 8 0 43 11 0.002507 2
8 8 0 44 9 0.001353 1
8 8 0 45 8 0.001207 1
8 8 0 46 13 0.002822 0
8 8 0 47 8 0.001434 2
8 8 0 48 8 0.001203 1
8 8 0 49 8 0.001193 0
8 8 0 50 12 0.002758 2
8 8 0 51 12 0.002076 1
8 8 0 52 14 0.002953 1
8 8 0 53 11 0.002153 0
8 8 0 54 9 0.001467 1
8 8 0 55 9 0.001675 2
8 8 0 56 11 0.001730 1
8 8 0 57 11 0.002057 1
8 8 0 58 13 0.002367 0
8 8 0 59 10 0.001648 1
8 8 0 60 13 0.003055 2
8 8 0 61 11 0.001987 0
8 8 0 62 7 0.001075 0
8 8 0 63 10 0.001594 1
8 8 0 64 12 0.002190 1
8 8 0 65 9 0.001492 1
8 8 0 66 9 0.001593 2
8 8 0 67 13 0.002456 0
8 8 0 68 11 0.002123 1
8 8 0 69 9 0.001769 2
8 8 0 70 9 0.001478 0
8 8 0 71 9 0.001501 0
8 8 0 72 11 0.001930 1
8 8 0 73 10 0.001696 0
8 8 0 74 8 0.001288 0
8 8 0 75 11 0.002038 0
8 8 0 76 11 0.001926 1
8 8 0 77 11 0.001978 1
8 8 0 78 11 0.001847 0
8 8 0 79 5 0.000708 1
8 8 0 80 13 0.003115 2
8 8 0 81 10 0.001791 1
8 8 0 82 7 0.000997 1
8 8 0 83 7 0.001146 0
8 8 0 84 8 0.001196 1
8 8 0 85 9 0.002023 2
8 8 0 86 9 0.001621 0
8 8 0 87 8 0.001274 0
8 8 0 88 8 0.001423 1
8 8 0 89 10 0.001976 2
8 8 0 90 12 0.002592 1
8 8 0 91 9 0.001374 0
8 8 0 92 9 0.001741 2
8 8 0 93 7 0.000978 1
8 8 0 94 12 0.002409 0
8 8 0 95 12 0.002180 1
8 8 0 96 6 0.000876 1
8 8 0 97 11 0.001801 1
8 8 0 98 12 0.002219 1
8 8 0 99 10 0.001589 1
16 1 0 0 15 0.001578 0
16 1 0 1 13 0.001590 1
16 1 0 2 15 0.001549 0
16 1 0 3 16 0.001995 2
16 1 0 4 15 0.001527 0
16 1 0 5 14 0.001853 1
16 1 0 6 16 0.002209 1
16 1 0 7 16 0.001948 1
16 1 0 8 15 0.001895 1
16 1 0 9 14 0.001755 2
16 1 0 10 15 0.001350 0
16 1 0 11 12 0.001647 1
16 1 0 12 11 0.001125 0
16 1 0 13 15 0.002021 1
16 1 0 14 16 0.002100 1
16 1 0 15 14 0.001905 1
16 1 0 16 15 0.001985 1
16 1 0 17 16 0.002137 1
16 1 0 18 16 0.001829 0
16 1 0 19 14 0.001717 0
16 1 0 20 16 0.002035 1
16 1 0 21 16 0.002021 1
16 1 0 22 14 0.001716 1
16 1 0 23 15 0.001950 1
16 1 0 24 12 0.001510 1
16 1 0 25 13 0.001604 1
16 1 0 26 11 0.001474 1
16 1 0 27 12 0.001677 1
16 1 0 28 15 0.002057 1
16 1 0 29 16 0.001728 0
16 1 0 30 14 0.002042 1
16 1 0 31 15 0.001978 1
16 1 0 32 13 0.001634 1
16 1 0 33 14 0.001696 1
16 1 0 34 15 0.001436 0
16 1 0 35 15 0.001981 2
16 1 0 36 15 0.001968 2
16 1 0 37 12 0.001151 0
16 1 0 38 15 0.001974 2
16 1 0 39 14 0.001372 0
16 1 0 40 12 0.001534 2
16 1 0 41 15 0.001554 0
16 1 0 42 15 0.001935 1
16 1 0 43 16 0.001620 0
16 1 0 44 16 0.002143 2
16 1 0 45 14 0.001816 1
16 1 0 46 15 0.001950 1
16 1 0 47 14 0.001882 1
16 1 0 48 15 0.001890 1
16 1 0 49 13 0.001246 0
16 1 0 50 13 0.001237 0
16 1 0 51 16 0.002113 1
16 1 0 52 15 0.001857 1
16 1 0 53 12 0.001418 1
16 1 0 54 15 0.001658 0
16 1 0 55 16 0.002295 1
16 1 0 56 15 0.001454 0
16 1 0 57 15 0.001958 2
16 1 0 58 15 0.001580 0
16 1 0 59 16 0.001675 0
16 1 0 60 16 0.001935 0
16 1 0 61 16 0.002310 1
16 1 0 62 16 0.002194 1
16 1 0 63 14 0.001753 1
16 1 0 64 14 0.001653 1
16 1 0 65 14 0.001533 0
16 1 0 66 16 0.001986 1
16 1 0 67 16 0.002042 2
16 1 0 68 14 0.001745 1
16 1 0 69 13 0.001594 1
16 1 0 70 14 0.001876 1
16 1 0 71 16 0.002148 1
16 1 0 72 16 0.002293 1
16 1 0 73 15 0.001871 1
16 1 0 74 16 0.001522 0
16 1 0 75 12 0.001539 2
16 1 0 76 15 0.001934 1
16 1 0 77 15 0.002031 1
16 1 0 78 15 0.002097 2
16 1 0 79 16 0.002184 2
16 1 0 80 16 0.002257 1
16 1 0 81 16 0.001638 0
16 1 0 82 16 0.001757 0
16 1 0 83 16 0.002178 1
16 1 0 84 15 0.001382 0
16 1 0 85 16 0.002120 1
16 1 0 86 15 0.001908 1
16 1 0 87 15 0.001484 0
16 1 0 88 16 0.002098 1
16 1 0 89 16 0.001889 0
16 1 0 90 16 0.001953 1
16 1 0 91 15 0.001905 1
16 1 0 92 15 0.001467 0
16 1 0 93 16 0.002115 1
16 1 0 94 16 0.002015 1
16 1 0 95 16 0.002196 2
16 1 0 96 14 0.001426 0
16 1 0 97 14 0.001884 1
16 1 0 98 16 0.002077 1
16 1 0 99 15 0.001931 1
16 2 0 0 16 0.003222 2
16 2 0 1 12 0.001754 1
16 2 0 2 14 0.002018 0
16 2 0 3 15 0.003052 2
16 2 0 4 17 0.002493 0
16 2 0 5 17 0.002925 2
16 2 0 6 15 0.002277 1
16 2 0 7 16 0.002407 1
16 2 0 8 17 0.002592 1
16 2 0 9 14 0.002080 2
16 2 0 10 16 0.002201 0
16 2 0 11 16 0.002376 1
16 2 0 12 15 0.002464 2
16 2 0 13 16 0.002683 1
16 2 0 14 17 0.002602 1
16 2 0 15 17 0.002787 2
16 2 0 16 17 0.002626 1
16 2 0 17 15 0.002384 1
16 2 0 18 16 0.002973 2
16 2 0 19 17 0.002289 0
16 2 0 20 18 0.002840 1
16 2 0 21 17 0.003034 1
16 2 0 22 14 0.001966 1
16 2 0 23 14 0.002057 1
16 2 0 24 13 0.001827 1
16 2 0 25 12 0.001984 1
16 2 0 26 13 0.001928 2
16 2 0 27 14 0.002257 1
16 2 0 28 18 0.002652 1
16 2 0 29 17 0.002633 0
16 2 0 30 13 0.002012 1
16 2 0 31 15 0.002748 2
16 2 0 32 15 0.002125 1
16 2 0 33 11 0.001562 1
16 2 0 34 16 0.002028 0
16 2 0 35 14 0.002441 2
16 2 0 36 14 0.001939 2
16 2 0 37 16 0.001988 0
16 2 0 38 15 0.002402 2
16 2 0 39 13 0.001867 0
16 2 0 40 11 0.001741 2
16 2 0 41 16 0.002467 0
16 2 0 42 15 0.002253 1
16 2 0 43 18 0.002357 0
16 2 0 44 18 0.003201 2
16 2 0 45 16 0.002365 1
16 2 0 46 15 0.002333 1
16 2 0 47 14 0.002018 1
16 2 0 48 15 0.002235 1
16 2 0 49 14 0.002046 2
16 2 0 50 16 0.002757 2
16 2 0 51 16 0.002721 1
16 2 0 52 15 0.002203 1
16 2 0 53 12 0.001760 1
16 2 0 54 17 0.002720 2
16 2 0 55 17 0.002439 1
16 2 0 56 15 0.002217 0
16 2 0 57 13 0.001993 2
16 2 0 58 16 0.002526 0
16 2 0 59 18 0.002386 0
16 2 0 60 17 0.002798 2
16 2 0 61 15 0.002955 2
16 2 0 62 15 0.002414 1
16 2 0 63 13 0.001938 1
16 2 0 64 15 0.002402 1
16 2 0 65 17 0.002639 0
16 2 0 66 16 0.002585 1
16 2 0 67 17 0.003357 2
16 2 0 68 15 0.002274 1
16 2 0 69 14 0.001867 1
16 2 0 70 14 0.002024 1
16 2 0 71 17 0.002724 1
16 2 0 72 17 0.002979 1
16 2 0 73 17 0.002600 1
16 2 0 74 14 0.001789 0
16 2 0 75 13 0.002020 2
16 2 0 76 17 0.002702 1
16 2 0 77 18 0.003388 2
16 2 0 78 16 0.002649 2
16 2 0 79 15 0.002484 2
16 2 0 80 16 0.002395 1
16 2 0 81 16 0.002412 0
16 2 0 82 18 0.002406 0
16 2 0 83 15 0.002235 1
16 2 0 84 17 0.002133 0
16 2 0 85 17 0.002571 1
16 2 0 86 18 0.002600 1
16 2 0 87 16 0.002044 0
16 2 0 88 18 0.002781 1
16 2 0 89 18 0.003117 2
16 2 0 90 15 0.002221 1
16 2 0 91 16 0.002346 1
16 2 0 92 15 0.001765 0
16 2 0 93 17 0.002745 1
16 2 0 94 17 0.002837 1
16 2 0 95 16 0.002431 2
16 2 0 96 15 0.002332 2
16 2 0 97 16 0.002463 1
16 2 0 98 16 0.002578 1
16 2 0 99 17 0.002774 1
16 4 0 0 19 0.005358 2
16 4 0 1 13 0.002353 1
16 4 0 2 16 0.003655 0
16 4 0 3 16 0.003689 2
16 4 0 4 19 0.003811 0
16 4 0 5 17 0.003490 2
16 4 0 6 18 0.004259 1
16 4 0 7 21 0.004172 1
16 4 0 8 20 0.004338 1
16 4 0 9 17 0.003493 2
16 4 0 10 18 0.003355 0
16 4 0 11 14 0.002504 1
16 4 0 12 16 0.003219 2
16 4 0 13 18 0.003740 1
16 4 0 14 19 0.003412 1
16 4 0 15 18 0.003974 2
16 4 0 16 18 0.003120 1
16 4 0 17 17 0.003355 1
16 4 0 18 17 0.003877 2
16 4 0 19 17 0.003513 0
16 4 0 20 20 0.004350 1
16 4 0 21 18 0.003558 1
16 4 0 22 16 0.002789 1
16 4 0 23 17 0.003617 1
16 4 0 24 14 0.002448 1
16 4 0 25 15 0.003033 1
16 4 0 26 10 0.001785 2
16 4 0 27 16 0.002973 1
16 4 0 28 20 0.003735 1
16 4 0 29 19 0.003437 0
16 4 0 30 16 0.003041 1
16 4 0 31 17 0.003887 2
16 4 0 32 17 0.003315 1
16 4 0 33 12 0.001899 1
16 4 0 34 19 0.003940 0
16 4 0 35 16 0.003940 2
16 4 0 36 17 0.003779 2
16 4 0 37 17 0.002940 0
16 4 0 38 19 0.004529 2
16 4 0 39 16 0.002902 0
16 4 0 40 12 0.002013 2
16 4 0 41 15 0.002934 0
16 4 0 42 17 0.003091 1
16 4 0 43 22 0.005270 0
16 4 0 44 19 0.004755 2
16 4 0 45 16 0.002723 1
16 4 0 46 16 0.002877 1
16 4 0 47 16 0.002526 1
16 4 0 48 18 0.003667 1
16 4 0 49 14 0.002805 2
16 4 0 50 15 0.002893 2
16 4 0 51 20 0.004583 1
16 4 0 52 18 0.003143 1
16 4 0 53 14 0.002325 1
16 4 0 54 17 0.003863 2
16 4 0 55 19 0.003687 1
16 4 0 56 18 0.003442 0
16 4 0 57 15 0.003287 2
16 4 0 58 20 0.004513 0
16 4 0 59 19 0.004126 0
16 4 0 60 20 0.005324 2
16 4 0 61 19 0.004990 2
16 4 0 62 20 0.004481 1
16 4 0 63 17 0.003209 1
16 4 0 64 17 0.002965 1
16 4 0 65 18 0.003770 0
16 4 0 66 18 0.003564 1
16 4 0 67 21 0.005301 2
16 4 0 68 16 0.003101 1
16 4 0 69 14 0.002100 1
16 4 0 70 17 0.002834 1
16 4 0 71 20 0.005193 1
16 4 0 72 21 0.005553 1
16 4 0 73 16 0.002647 1
16 4 0 74 17 0.003117 0
16 4 0 75 13 0.002231 2
16 4 0 76 18 0.003734 1
16 4 0 77 18 0.004744 2
16 4 0 78 17 0.003990 2
16 4 0 79 16 0.003293 2
16 4 0 80 20 0.004132 1
16 4 0 81 20 0.004158 0
16 4 0 82 21 0.004763 0
16 4 0 83 19 0.004059 1
16 4 0 84 17 0.003448 0
16 4 0 85 21 0.004936 1
16 4 0 86 20 0.003605 1
16 4 0 87 18 0.003403 0
16 4 0 88 19 0.004373 1
16 4 0 89 21 0.005584 2
16 4 0 90 19 0.003776 1
16 4 0 91 19 0.003977 1
16 4 0 92 17 0.002918 0
16 4 0 93 20 0.004727 1
16 4 0 94 20 0.004481 1
16 4 0 95 18 0.003744 2
16 4 0 96 17 0.004266 2
16 4 0 97 19 0.004456 1
16 4 0 98 19 0.003991 1
16 4 0 99 21 0.005123 1
16 8 0 0 23 0.008197 2
16 8 0 1 15 0.002814 1
16 8 0 2 19 0.004899 0
16 8 0 3 21 0.005745 2
16 8 0 4 23 0.006477 0
16 8 0 5 21 0.005197 2
16 8 0 6 20 0.006002 1
16 8 0 7 24 0.007327 1
16 8 0 8 24 0.005939 1
16 8 0 9 18 0.004503 2
16 8 0 10 21 0.004571 0
16 8 0 11 18 0.003977 1
16 8 0 12 16 0.003831 2
16 8 0 13 24 0.006934 1
16 8 0 14 23 0.005617 1
16 8 0 15 22 0.006317 2
16 8 0 16 23 0.005480 1
16 8 0 17 20 0.005098 1
16 8 0 18 22 0.006108 2
16 8 0 19 20 0.005112 0
16 8 0 20 26 0.008435 1
16 8 0 21 24 0.007413 1
16 8 0 22 18 0.004281 1
16 8 0 23 20 0.005173 1
16 8 0 24 14 0.002975 1
16 8 0 25 17 0.004625 1
16 8 0 26 13 0.002788 2
16 8 0 27 17 0.003979 1
16 8 0 28 24 0.006252 1
16 8 0 29 25 0.006229 0
16 8 0 30 18 0.004069 1
16 8 0 31 21 0.006243 2
16 8 0 32 22 0.006085 1
16 8 0 33 14 0.002588 1
16 8 0 34 20 0.005602 0
16 8 0 35 20 0.005927 2
16 8 0 36 18 0.004161 2
16 8 0 37 18 0.004543 0
16 8 0 38 21 0.006358 2
16 8 0 39 18 0.003982 0
16 8 0 40 13 0.002507 2
16 8 0 41 21 0.005535 0
16 8 0 42 20 0.004093 1
16 8 0 43 28 0.009022 0
16 8 0 44 26 0.008825 2
16 8 0 45 19 0.004143 1
16 8 0 46 18 0.004388 1
16 8 0 47 16 0.002820 1
16 8 0 48 19 0.004799 1
16 8 0 49 17 0.004155 2
16 8 0 50 18 0.004028 2
16 8 0 51 24 0.007187 1
16 8 0 52 22 0.005119 1
16 8 0 53 15 0.002717 1
16 8 0 54 19 0.005336 2
16 8 0 55 24 0.006292 1
16 8 0 56 20 0.004893 0
16 8 0 57 18 0.004912 2
16 8 0 58 25 0.007726 0
16 8 0 59 24 0.006991 0
16 8 0 60 25 0.008676 2
16 8 0 61 23 0.007040 2
16 8 0 62 22 0.006374 1
16 8 0 63 19 0.004251 1
16 8 0 64 20 0.004745 1
16 8 0 65 20 0.005328 0
16 8 0 66 21 0.005449 1
16 8 0 67 25 0.008526 2
16 8 0 68 19 0.004530 1
16 8 0 69 17 0.003085 1
16 8 0 70 18 0.003780 1
16 8 0 71 26 0.008824 1
16 8 0 72 27 0.009297 1
16 8 0 73 19 0.004174 1
16 8 0 74 20 0.004768 0
16 8 0 75 16 0.003160 2
16 8 0 76 24 0.006626 1
16 8 0 77 23 0.007614 2
16 8 0 78 22 0.006518 2
16 8 0 79 21 0.005746 2
16 8 0 80 23 0.006494 1
16 8 0 81 25 0.007216 0
16 8 0 82 26 0.008222 0
16 8 0 83 22 0.005390 1
16 8 0 84 21 0.005631 0
16 8 0 85 26 0.008771 1
16 8 0 86 23 0.005696 1
16 8 0 87 19 0.003986 0
16 8 0 88 26 0.008521 1
16 8 0 89 27 0.009917 2
16 8 0 90 22 0.006082 1
16 8 0 91 23 0.006258 1
16 8 0 92 20 0.004409 0
16 8 0 93 26 0.008920 1
16 8 0 94 24 0.006924 1
16 8 0 95 23 0.006299 2
16 8 0 96 19 0.005549 2
16 8 0 97 21 0.005858 1
16 8 0 98 23 0.006879 1
16 8 0 99 27 0.009563 1
32 1 0 0 31 0.003804 1
32 1 0 1 30 0.003770 1
32 1 0 2 31 0.003836 1
32 1 0 3 31 0.004015 2
32 1 0 4 31 0.003054 0
32 1 0 5 31 0.003791 1
32 1 0 6 31 0.003962 1
32 1 0 7 25 0.003057 2
32 1 0 8 29 0.003719 2
32 1 0 9 31 0.004056 1
32 1 0 10 27 0.003319 1
32 1 0 11 30 0.002963 0
32 1 0 12 27 0.003624 1
32 1 0 13 29 0.003976 2
32 1 0 14 28 0.003717 1
32 1 0 15 30 0.003786 1
32 1 0 16 31 0.003021 0
32 1 0 17 28 0.003567 1
32 1 0 18 30 0.004002 2
32 1 0 19 32 0.003962 1
32 1 0 20 26 0.003308 1
32 1 0 21 31 0.003977 1
32 1 0 22 32 0.003134 0
32 1 0 23 29 0.004064 1
32 1 0 24 29 0.004132 1
32 1 0 25 31 0.004355 2
32 1 0 26 31 0.003948 1
32 1 0 27 27 0.003343 1
32 1 0 28 32 0.004285 1
32 1 0 29 31 0.003183 0
32 1 0 30 30 0.003734 1
32 1 0 31 32 0.004340 1
32 1 0 32 28 0.002560 0
32 1 0 33 29 0.003532 1
32 1 0 34 31 0.004014 1
32 1 0 35 29 0.003766 1
32 1 0 36 32 0.004016 2
32 1 0 37 29 0.002662 0
32 1 0 38 31 0.003792 1
32 1 0 39 23 0.002870 2
32 1 0 40 31 0.002870 0
32 1 0 41 31 0.003770 1
32 1 0 42 31 0.004218 1
32 1 0 43 32 0.004229 1
32 1 0 44 28 0.003680 1
32 1 0 45 31 0.002966 0
32 1 0 46 29 0.003651 1
32 1 0 47 29 0.003918 1
32 1 0 48 26 0.002616 0
32 1 0 49 31 0.003102 0
32 1 0 50 30 0.003047 0
32 1 0 51 29 0.003633 2
32 1 0 52 31 0.003927 1
32 1 0 53 27 0.003540 1
32 1 0 54 29 0.002866 0
32 1 0 55 28 0.003566 1
32 1 0 56 30 0.003840 1
32 1 0 57 30 0.003860 1
32 1 0 58 32 0.003231 0
32 1 0 59 28 0.003526 1
32 1 0 60 31 0.004003 2
32 1 0 61 29 0.003656 1
32 1 0 62 32 0.003946 1
32 1 0 63 29 0.003631 1
32 1 0 64 32 0.004116 1
32 1 0 65 30 0.004054 1
32 1 0 66 28 0.003724 1
32 1 0 67 31 0.004052 1
32 1 0 68 27 0.003323 1
32 1 0 69 29 0.003764 2
32 1 0 70 27 0.003494 1
32 1 0 71 31 0.004201 1
32 1 0 72 31 0.003782 1
32 1 0 73 30 0.003750 1
32 1 0 74 30 0.003006 0
32 1 0 75 31 0.003814 1
32 1 0 76 31 0.004181 2
32 1 0 77 32 0.003327 0
32 1 0 78 30 0.003775 1
32 1 0 79 31 0.002994 0
32 1 0 80 29 0.003816 2
32 1 0 81 32 0.004145 1
32 1 0 82 31 0.003049 0
32 1 0 83 29 0.004001 1
32 1 0 84 31 0.003307 0
32 1 0 85 29 0.002863 0
32 1 0 86 32 0.004008 2
32 1 0 87 28 0.003670 1
32 1 0 88 30 0.002892 0
32 1 0 89 31 0.003069 0
32 1 0 90 31 0.003086 0
32 1 0 91 32 0.003317 0
32 1 0 92 27 0.003709 1
32 1 0 93 28 0.003890 2
32 1 0 94 31 0.004175 1
32 1 0 95 26 0.003098 1
32 1 0 96 30 0.003886 2
32 1 0 97 29 0.003756 2
32 1 0 98 31 0.004321 1
32 1 0 99 31 0.004234 1
32 2 0 0 32 0.005198 1
32 2 0 1 30 0.004127 1
32 2 0 2 30 0.004480 1
32 2 0 3 31 0.004886 2
32 2 0 4 30 0.004731 2
32 2 0 5 33 0.004686 1
32 2 0 6 32 0.005148 1
32 2 0 7 26 0.003748 2
32 2 0 8 30 0.005256 2
32 2 0 9 33 0.004934 1
32 2 0 10 28 0.004142 1
32 2 0 11 30 0.003920 0
32 2 0 12 32 0.004588 1
32 2 0 13 31 0.005054 2
32 2 0 14 28 0.004064 2
32 2 0 15 32 0.005014 1
32 2 0 16 32 0.004771 0
32 2 0 17 30 0.004742 1
32 2 0 18 31 0.005178 2
32 2 0 19 33 0.005438 1
32 2 0 20 29 0.004399 1
32 2 0 21 33 0.004932 1
32 2 0 22 32 0.004150 0
32 2 0 23 32 0.004712 1
32 2 0 24 33 0.004914 1
32 2 0 25 29 0.005474 2
32 2 0 26 33 0.004842 1
32 2 0 27 27 0.003704 1
32 2 0 28 33 0.005092 1
32 2 0 29 33 0.004601 0
32 2 0 30 30 0.004585 1
32 2 0 31 33 0.004763 1
32 2 0 32 26 0.003260 0
32 2 0 33 28 0.003915 1
32 2 0 34 28 0.004580 1
32 2 0 35 31 0.004597 1
32 2 0 36 33 0.005506 2
32 2 0 37 27 0.003279 0
32 2 0 38 30 0.004456 1
32 2 0 39 24 0.003944 2
32 2 0 40 30 0.003924 0
32 2 0 41 28 0.004152 1
32 2 0 42 31 0.004779 1
32 2 0 43 30 0.004593 1
32 2 0 44 29 0.004401 1
32 2 0 45 33 0.004760 0
32 2 0 46 30 0.004618 1
32 2 0 47 32 0.004678 1
32 2 0 48 27 0.002704 0
32 2 0 49 29 0.003942 0
32 2 0 50 33 0.004257 0
32 2 0 51 28 0.004054 2
32 2 0 52 29 0.004158 1
32 2 0 53 29 0.004367 1
32 2 0 54 25 0.002748 0
32 2 0 55 30 0.004307 1
32 2 0 56 28 0.004619 1
32 2 0 57 31 0.004967 1
32 2 0 58 33 0.004011 0
32 2 0 59 28 0.003932 1
32 2 0 60 31 0.004948 2
32 2 0 61 28 0.004208 1
32 2 0 62 32 0.004852 1
32 2 0 63 29 0.004264 1
32 2 0 64 29 0.004389 1
32 2 0 65 32 0.004985 1
32 2 0 66 31 0.004422 1
32 2 0 67 33 0.004879 1
32 2 0 68 26 0.003691 1
32 2 0 69 29 0.004452 2
32 2 0 70 25 0.003373 1
32 2 0 71 30 0.004407 1
32 2 0 72 33 0.004844 1
32 2 0 73 33 0.005364 2
32 2 0 74 29 0.004018 0
32 2 0 75 28 0.003949 1
32 2 0 76 32 0.005828 2
32 2 0 77 32 0.005208 2
32 2 0 78 29 0.004097 1
32 2 0 79 32 0.003855 0
32 2 0 80 28 0.004591 2
32 2 0 81 32 0.005054 1
32 2 0 82 32 0.005694 2
32 2 0 83 31 0.004234 1
32 2 0 84 31 0.004688 0
32 2 0 85 27 0.003148 0
32 2 0 86 31 0.004954 2
32 2 0 87 29 0.004151 1
32 2 0 88 30 0.003715 0
32 2 0 89 30 0.004523 0
32 2 0 90 31 0.003816 0
32 2 0 91 32 0.003991 0
32 2 0 92 29 0.003913 1
32 2 0 93 29 0.004602 2
32 2 0 94 26 0.004092 1
32 2 0 95 26 0.003443 1
32 2 0 96 32 0.005893 2
32 2 0 97 28 0.004479 2
32 2 0 98 32 0.005591 1
32 2 0 99 33 0.004929 1
32 4 0 0 35 0.007606 1
32 4 0 1 32 0.006128 1
32 4 0 2 32 0.006853 1
32 4 0 3 32 0.007407 2
32 4 0 4 33 0.007845 2
32 4 0 5 32 0.005887 1
32 4 0 6 35 0.007375 1
32 4 0 7 21 0.003550 2
32 4 0 8 26 0.006567 2
32 4 0 9 33 0.006757 1
32 4 0 10 30 0.006352 1
32 4 0 11 32 0.007976 0
32 4 0 12 31 0.005852 1
32 4 0 13 36 0.009171 2
32 4 0 14 31 0.007847 2
32 4 0 15 34 0.008036 1
32 4 0 16 35 0.008391 0
32 4 0 17 30 0.007171 1
32 4 0 18 33 0.007769 2
32 4 0 19 36 0.009131 1
32 4 0 20 30 0.006413 1
32 4 0 21 36 0.007310 1
32 4 0 22 34 0.008122 0
32 4 0 23 33 0.006789 1
32 4 0 24 30 0.005815 1
32 4 0 25 31 0.006801 2
32 4 0 26 36 0.007460 1
32 4 0 27 30 0.005220 1
32 4 0 28 35 0.008228 1
32 4 0 29 35 0.008667 0
32 4 0 30 32 0.006623 1
32 4 0 31 34 0.007299 1
32 4 0 32 29 0.004810 0
32 4 0 33 32 0.005541 1
32 4 0 34 32 0.007753 1
32 4 0 35 33 0.006328 1
32 4 0 36 35 0.009108 2
32 4 0 37 29 0.005339 0
32 4 0 38 34 0.007261 1
32 4 0 39 29 0.005541 2
32 4 0 40 33 0.006647 0
32 4 0 41 32 0.006388 1
32 4 0 42 35 0.007490 1
32 4 0 43 33 0.006617 1
32 4 0 44 31 0.006180 1
32 4 0 45 33 0.008375 0
32 4 0 46 34 0.007338 1
32 4 0 47 30 0.006042 1
32 4 0 48 29 0.004449 0
32 4 0 49 34 0.007649 0
32 4 0 50 33 0.007079 0
32 4 0 51 29 0.006634 2
32 4 0 52 32 0.005979 1
32 4 0 53 33 0.006560 1
32 4 0 54 28 0.004537 0
32 4 0 55 31 0.004985 1
32 4 0 56 33 0.007113 1
32 4 0 57 33 0.007522 1
32 4 0 58 37 0.008247 0
32 4 0 59 30 0.005443 1
32 4 0 60 35 0.009832 2
32 4 0 61 34 0.007169 1
32 4 0 62 35 0.007000 1
32 4 0 63 29 0.005400 1
32 4 0 64 33 0.007256 1
32 4 0 65 34 0.007952 1
32 4 0 66 31 0.006668 1
32 4 0 67 32 0.006855 1
32 4 0 68 25 0.004352 1
32 4 0 69 33 0.007286 2
32 4 0 70 27 0.004910 1
32 4 0 71 33 0.006649 1
32 4 0 72 32 0.006092 1
32 4 0 73 34 0.009130 2
32 4 0 74 32 0.007154 0
32 4 0 75 33 0.006308 1
32 4 0 76 32 0.008096 2
32 4 0 77 35 0.008472 2
32 4 0 78 32 0.006172 1
32 4 0 79 34 0.006817 0
32 4 0 80 29 0.006912 2
32 4 0 81 36 0.008516 1
32 4 0 82 35 0.008648 2
32 4 0 83 30 0.005109 1
32 4 0 84 34 0.008426 0
32 4 0 85 32 0.006440 0
32 4 0 86 29 0.006501 2
32 4 0 87 31 0.005592 1
32 4 0 88 34 0.006238 0
32 4 0 89 33 0.006161 0
32 4 0 90 34 0.007351 0
32 4 0 91 36 0.008198 0
32 4 0 92 33 0.005602 1
32 4 0 93 30 0.006986 2
32 4 0 94 30 0.006119 1
32 4 0 95 24 0.003888 1
32 4 0 96 33 0.008036 2
32 4 0 97 32 0.007742 2
32 4 0 98 35 0.008895 1
32 4 0 99 35 0.007388 1
32 8 0 0 37 0.012888 1
32 8 0 1 34 0.011710 1
32 8 0 2 39 0.015110 1
32 8 0 3 39 0.015594 2
32 8 0 4 35 0.013427 2
32 8 0 5 36 0.011014 1
32 8 0 6 38 0.014772 1
32 8 0 7 27 0.006751 2
32 8 0 8 33 0.012395 2
32 8 0 9 37 0.012327 1
32 8 0 10 34 0.012836 1
32 8 0 11 38 0.018490 0
32 8 0 12 33 0.010715 1
32 8 0 13 40 0.016614 2
32 8 0 14 32 0.012421 2
32 8 0 15 39 0.015257 1
32 8 0 16 40 0.017354 0
32 8 0 17 36 0.014828 1
32 8 0 18 39 0.013989 2
32 8 0 19 42 0.021959 1
32 8 0 20 38 0.013900 1
32 8 0 21 39 0.014444 1
32 8 0 22 38 0.018170 0
32 8 0 23 38 0.013618 1
32 8 0 24 36 0.010648 1
32 8 0 25 34 0.011722 2
32 8 0 26 39 0.014237 1
32 8 0 27 31 0.008152 1
32 8 0 28 40 0.016542 1
32 8 0 29 42 0.020523 0
32 8 0 30 36 0.011955 1
32 8 0 31 41 0.013692 1
32 8 0 32 30 0.008131 0
32 8 0 33 34 0.009455 1
32 8 0 34 38 0.016743 1
32 8 0 35 35 0.011258 1
32 8 0 36 42 0.016637 2
32 8 0 37 37 0.011297 0
32 8 0 38 41 0.015222 1
32 8 0 39 27 0.007688 2
32 8 0 40 37 0.011158 0
32 8 0 41 36 0.012306 1
32 8 0 42 37 0.013100 1
32 8 0 43 37 0.013102 1
32 8 0 44 32 0.011132 1
32 8 0 45 39 0.018545 0
32 8 0 46 36 0.015198 1
32 8 0 47 35 0.012604 1
32 8 0 48 28 0.006200 0
32 8 0 49 37 0.015476 0
32 8 0 50 40 0.014802 0
32 8 0 51 31 0.010909 2
32 8 0 52 33 0.010388 1
32 8 0 53 35 0.011416 1
32 8 0 54 33 0.010432 0
32 8 0 55 32 0.007134 1
32 8 0 56 37 0.015050 1
32 8 0 57 39 0.017856 1
32 8 0 58 41 0.016953 0
32 8 0 59 32 0.009641 1
32 8 0 60 40 0.020212 2
32 8 0 61 37 0.013520 1
32 8 0 62 39 0.013643 1
32 8 0 63 32 0.009660 1
32 8 0 64 36 0.013083 1
32 8 0 65 39 0.014019 1
32 8 0 66 34 0.012101 1
32 8 0 67 35 0.012213 1
32 8 0 68 29 0.007823 1
32 8 0 69 32 0.011213 2
32 8 0 70 28 0.008707 1
32 8 0 71 37 0.013007 1
32 8 0 72 35 0.010897 1
32 8 0 73 40 0.017675 2
32 8 0 74 34 0.011633 0
32 8 0 75 33 0.010387 1
32 8 0 76 37 0.016875 2
32 8 0 77 40 0.015671 2
32 8 0 78 37 0.011288 1
32 8 0 79 39 0.013149 0
32 8 0 80 33 0.011613 2
32 8 0 81 38 0.014419 1
32 8 0 82 38 0.015177 2
32 8 0 83 34 0.009686 1
32 8 0 84 39 0.018968 0
32 8 0 85 34 0.012249 0
32 8 0 86 34 0.012187 2
32 8 0 87 35 0.009955 1
32 8 0 88 33 0.009815 0
32 8 0 89 35 0.011446 0
32 8 0 90 38 0.013926 0
32 8 0 91 41 0.016599 0
32 8 0 92 30 0.008211 1
32 8 0 93 34 0.011186 2
32 8 0 94 36 0.013078 1
32 8 0 95 29 0.006933 1
32 8 0 96 38 0.015169 2
32 8 0 97 35 0.013645 2
32 8 0 98 40 0.019378 1
32 8 0 99 38 0.014216 1
