4 1 0 0 3 0.001384 1
4 1 0 1 4 0.002045 1
4 1 0 2 4 0.003389 1
4 1 0 3 4 0.003335 1
4 1 0 4 4 0.001596 1
4 1 0 5 4 0.004227 1
4 1 0 6 2 0.000746 1
4 1 0 7 2 0.000921 1
4 1 0 8 4 0.001592 1
4 1 0 9 2 0.000868 1
4 1 0 10 4 0.004203 1
4 1 0 11 3 0.002394 1
4 1 0 12 4 0.005482 1
4 1 0 13 2 0.000927 1
4 1 0 14 4 0.004515 2
4 1 0 15 4 0.003390 1
4 1 0 16 2 0.000836 1
4 1 0 17 3 0.001629 2
4 1 0 18 2 0.000782 1
4 1 0 19 2 0.000724 1
4 1 0 20 2 0.000818 1
4 1 0 21 2 0.000757 1
4 1 0 22 4 0.004295 1
4 1 0 23 4 0.002053 1
4 1 0 24 4 0.002553 1
4 1 0 25 4 0.005724 1
4 1 0 26 4 0.002863 1
4 1 0 27 4 0.004995 1
4 1 0 28 4 0.005644 1
4 1 0 29 4 0.004430 1
4 1 0 30 4 0.003269 1
4 1 0 31 4 0.004048 1
4 1 0 32 2 0.000912 1
4 1 0 33 4 0.002511 1
4 1 0 34 4 0.002750 1
4 1 0 35 2 0.000616 1
4 1 0 36 4 0.005590 1
4 1 0 37 4 0.002502 1
4 1 0 38 2 0.000774 1
4 1 0 39 3 0.001381 1
4 1 0 40 4 0.007076 1
4 1 0 41 2 0.000720 1
4 1 0 42 2 0.000920 1
4 1 0 43 4 0.003556 1
4 1 0 44 2 0.000725 1
4 1 0 45 4 0.004385 1
4 1 0 46 4 0.003008 2
4 1 0 47 4 0.001602 1
4 1 0 48 4 0.004109 1
4 1 0 49 4 0.005892 1
4 1 0 50 4 0.001627 1
4 1 0 51 4 0.002025 1
4 1 0 52 3 0.001734 2
4 1 0 53 4 0.004413 1
4 1 0 54 3 0.002371 1
4 1 0 55 3 0.002035 1
4 1 0 56 4 0.005232 1
4 1 0 57 4 0.001581 1
4 1 0 58 4 0.006020 1
4 1 0 59 4 0.002794 1
4 1 0 60 4 0.003312 1
4 1 0 61 4 0.002466 1
4 1 0 62 2 0.000704 1
4 1 0 63 4 0.003370 1
4 1 0 64 4 0.003196 1
4 1 0 65 4 0.003326 1
4 1 0 66 4 0.005598 1
4 1 0 67 3 0.001856 2
4 1 0 68 4 0.001728 1
4 1 0 69 4 0.006472 1
4 1 0 70 4 0.002975 1
4 1 0 71 4 0.004293 1
4 1 0 72 3 0.002438 1
4 1 0 73 4 0.001773 1
4 1 0 74 4 0.003199 1
4 1 0 75 4 0.001717 1
4 1 0 76 4 0.003527 1
4 1 0 77 4 0.004256 1
4 1 0 78 4 0.001642 1
4 1 0 79 4 0.004008 1
4 1 0 80 4 0.003674 1
4 1 0 81 4 0.001996 1
4 1 0 82 3 0.001976 1
4 1 0 83 4 0.003233 1
4 1 0 84 2 0.000694 2
4 1 0 85 4 0.002851 1
4 1 0 86 4 0.004411 1
4 1 0 87 4 0.004632 1
4 1 0 88 4 0.002812 2
4 1 0 89 4 0.002259 1
4 1 0 90 4 0.004313 1
4 1 0 91 4 0.004520 1
4 1 0 92 4 0.004291 1
4 1 0 93 4 0.001585 1
4 1 0 94 2 0.000760 1
4 1 0 95 4 0.003327 1
4 1 0 96 4 0.004478 1
4 1 0 97 2 0.000798 1
4 1 0 98 4 0.003299 1
4 1 0 99 4 0.002384 1
4 2 0 0 1 0.000466 1
4 2 0 1 4 0.003079 2
4 2 0 2 3 0.002992 1
4 2 0 3 3 0.002996 1
4 2 0 4 3 0.001787 1
4 2 0 5 5 0.009634 1
4 2 0 6 3 0.003866 1
4 2 0 7 4 0.005429 1
4 2 0 8 5 0.002302 1
4 2 0 9 4 0.006558 2
4 2 0 10 5 0.010268 1
4 2 0 11 1 0.001203 1
4 2 0 12 5 0.010000 1
4 2 0 13 4 0.007433 1
4 2 0 14 3 0.003967 2
4 2 0 15 4 0.005881 1
4 2 0 16 4 0.007292 1
4 2 0 17 1 0.000537 1
4 2 0 18 4 0.004926 1
4 2 0 19 4 0.005134 1
4 2 0 20 4 0.004948 2
4 2 0 21 3 0.003961 1
4 2 0 22 5 0.009848 1
4 2 0 23 4 0.002794 2
4 2 0 24 4 0.004596 2
4 2 0 25 5 0.010930 1
4 2 0 26 5 0.006848 1
4 2 0 27 3 0.004389 1
4 2 0 28 5 0.010919 1
4 2 0 29 5 0.008025 1
4 2 0 30 5 0.005054 1
4 2 0 31 4 0.007615 2
4 2 0 32 4 0.007432 1
4 2 0 33 5 0.005430 1
4 2 0 34 5 0.007329 1
4 2 0 35 2 0.001507 1
4 2 0 36 5 0.011746 1
4 2 0 37 4 0.004332 2
4 2 0 38 4 0.005298 1
4 2 0 39 1 0.000475 1
4 2 0 40 5 0.013130 1
4 2 0 41 3 0.003928 1
4 2 0 42 4 0.005574 1
4 2 0 43 3 0.002912 1
4 2 0 44 4 0.005032 1
4 2 0 45 5 0.010585 1
4 2 0 46 3 0.002818 2
4 2 0 47 3 0.001619 1
4 2 0 48 3 0.003717 2
4 2 0 49 5 0.012019 2
4 2 0 50 3 0.001616 1
4 2 0 51 2 0.001502 1
4 2 0 52 1 0.000552 1
4 2 0 53 5 0.010374 1
4 2 0 54 1 0.001220 1
4 2 0 55 1 0.000609 1
4 2 0 56 5 0.010055 1
4 2 0 57 3 0.001610 1
4 2 0 58 5 0.010635 1
4 2 0 59 5 0.005489 1
4 2 0 60 3 0.003166 1
4 2 0 61 5 0.005653 1
4 2 0 62 3 0.001575 1
4 2 0 63 3 0.005969 2
4 2 0 64 3 0.002745 1
4 2 0 65 3 0.003057 1
4 2 0 66 5 0.010994 1
4 2 0 67 1 0.000556 1
4 2 0 68 3 0.001652 1
4 2 0 69 5 0.012267 1
4 2 0 70 5 0.006953 1
4 2 0 71 5 0.010213 1
4 2 0 72 1 0.001256 1
4 2 0 73 3 0.001645 1
4 2 0 74 3 0.003154 1
4 2 0 75 3 0.002069 1
4 2 0 76 3 0.003148 1
4 2 0 77 5 0.010094 1
4 2 0 78 3 0.001545 1
4 2 0 79 5 0.008938 2
4 2 0 80 4 0.007521 1
4 2 0 81 4 0.002907 1
4 2 0 82 1 0.000604 1
4 2 0 83 4 0.005871 1
4 2 0 84 3 0.002473 2
4 2 0 85 4 0.006095 1
4 2 0 86 5 0.008199 1
4 2 0 87 5 0.008734 1
4 2 0 88 3 0.002781 2
4 2 0 89 3 0.003944 1
4 2 0 90 5 0.007930 1
4 2 0 91 5 0.009762 1
4 2 0 92 3 0.006432 1
4 2 0 93 5 0.002247 1
4 2 0 94 3 0.003112 1
4 2 0 95 5 0.005047 1
4 2 0 96 5 0.008311 1
4 2 0 97 4 0.005192 1
4 2 0 98 3 0.006210 2
4 2 0 99 5 0.005264 1
4 4 0 0 2 0.000845 1
4 4 0 1 5 0.005343 2
4 4 0 2 4 0.007603 1
4 4 0 3 4 0.004727 1
4 4 0 4 4 0.001935 1
4 4 0 5 5 0.013360 1
4 4 0 6 2 0.003020 1
4 4 0 7 4 0.007456 1
4 4 0 8 6 0.002802 1
4 4 0 9 4 0.009548 2
4 4 0 10 6 0.016410 1
4 4 0 11 2 0.001715 1
4 4 0 12 6 0.016209 1
4 4 0 13 4 0.011134 1
4 4 0 14 4 0.006011 2
4 4 0 15 5 0.009366 1
4 4 0 16 4 0.010862 1
4 4 0 17 2 0.001473 2
4 4 0 18 3 0.005380 1
4 4 0 19 4 0.007791 1
4 4 0 20 4 0.007779 2
4 4 0 21 2 0.002990 1
4 4 0 22 5 0.012830 1
4 4 0 23 5 0.005155 2
4 4 0 24 5 0.010152 2
4 4 0 25 6 0.017117 1
4 4 0 26 6 0.016956 1
4 4 0 27 4 0.011109 1
4 4 0 28 6 0.016910 1
4 4 0 29 5 0.012259 1
4 4 0 30 5 0.007713 1
4 4 0 31 5 0.014102 2
4 4 0 32 4 0.011200 1
4 4 0 33 5 0.010757 1
4 4 0 34 6 0.016678 1
4 4 0 35 2 0.001867 1
4 4 0 36 6 0.017902 1
4 4 0 37 5 0.009782 2
4 4 0 38 4 0.006863 1
4 4 0 39 2 0.000744 1
4 4 0 40 6 0.020866 1
4 4 0 41 2 0.002945 1
4 4 0 42 4 0.008900 1
4 4 0 43 3 0.003487 1
4 4 0 44 4 0.009097 1
4 4 0 45 5 0.013189 1
4 4 0 46 4 0.004721 2
4 4 0 47 4 0.002046 1
4 4 0 48 4 0.010297 2
4 4 0 49 6 0.019235 2
4 4 0 50 4 0.002019 1
4 4 0 51 3 0.002205 1
4 4 0 52 2 0.001762 2
4 4 0 53 5 0.012899 1
4 4 0 54 2 0.001653 1
4 4 0 55 2 0.001783 1
4 4 0 56 5 0.012880 1
4 4 0 57 4 0.002040 1
4 4 0 58 6 0.017087 1
4 4 0 59 6 0.008841 1
4 4 0 60 4 0.004578 1
4 4 0 61 5 0.011117 1
4 4 0 62 2 0.000929 1
4 4 0 63 4 0.007782 2
4 4 0 64 4 0.007229 1
4 4 0 65 4 0.004432 1
4 4 0 66 6 0.016477 1
4 4 0 67 2 0.001546 2
4 4 0 68 4 0.001844 1
4 4 0 69 6 0.022043 1
4 4 0 70 5 0.011881 1
4 4 0 71 5 0.013072 1
4 4 0 72 2 0.001797 1
4 4 0 73 4 0.001958 1
4 4 0 74 4 0.007313 1
4 4 0 75 4 0.001826 1
4 4 0 76 4 0.004482 1
4 4 0 77 5 0.012972 1
4 4 0 78 4 0.002030 1
4 4 0 79 5 0.012067 2
4 4 0 80 5 0.013425 1
4 4 0 81 5 0.004258 1
4 4 0 82 2 0.001873 1
4 4 0 83 5 0.008997 1
4 4 0 84 2 0.001783 2
4 4 0 85 5 0.010523 1
4 4 0 86 6 0.015158 1
4 4 0 87 6 0.013800 1
4 4 0 88 4 0.004848 2
4 4 0 89 3 0.004350 1
4 4 0 90 6 0.015109 1
4 4 0 91 6 0.014155 1
4 4 0 92 4 0.009528 1
4 4 0 93 6 0.002858 1
4 4 0 94 2 0.002147 1
4 4 0 95 5 0.007842 1
4 4 0 96 6 0.015326 1
4 4 0 97 4 0.007119 1
4 4 0 98 4 0.007824 2
4 4 0 99 5 0.010600 1
8 1 0 0 7 0.006691 1
8 1 0 1 7 0.006741 2
8 1 0 2 8 0.009737 1
8 1 0 3 8 0.006303 1
8 1 0 4 7 0.004050 1
8 1 0 5 4 0.002291 1
8 1 0 6 7 0.006197 1
8 1 0 7 6 0.005796 1
8 1 0 8 5 0.003116 1
8 1 0 9 7 0.008081 1
8 1 0 10 8 0.007693 1
8 1 0 11 7 0.007003 1
8 1 0 12 8 0.007396 1
8 1 0 13 7 0.012748 1
8 1 0 14 8 0.006724 1
8 1 0 15 7 0.006449 1
8 1 0 16 7 0.006213 2
8 1 0 17 8 0.007863 1
8 1 0 18 8 0.010088 2
8 1 0 19 7 0.006105 1
8 1 0 20 8 0.011639 1
8 1 0 21 6 0.002905 1
8 1 0 22 8 0.008756 1
8 1 0 23 7 0.005724 1
8 1 0 24 7 0.004773 1
8 1 0 25 8 0.011710 1
8 1 0 26 8 0.010131 1
8 1 0 27 7 0.008347 1
8 1 0 28 8 0.007827 1
8 1 0 29 8 0.008570 1
8 1 0 30 7 0.007767 1
8 1 0 31 6 0.006211 1
8 1 0 32 7 0.005712 1
8 1 0 33 7 0.009631 1
8 1 0 34 6 0.004103 1
8 1 0 35 6 0.004433 1
8 1 0 36 8 0.009954 1
8 1 0 37 6 0.003869 2
8 1 0 38 7 0.006046 2
8 1 0 39 8 0.010810 1
8 1 0 40 6 0.002956 2
8 1 0 41 7 0.005972 1
8 1 0 42 6 0.004195 1
8 1 0 43 8 0.012679 1
8 1 0 44 6 0.007617 1
8 1 0 45 7 0.005368 1
8 1 0 46 8 0.014179 1
8 1 0 47 8 0.005974 1
8 1 0 48 6 0.006422 1
8 1 0 49 7 0.005012 1
8 1 0 50 8 0.011242 1
8 1 0 51 8 0.009670 1
8 1 0 52 8 0.009830 1
8 1 0 53 8 0.010434 1
8 1 0 54 8 0.005392 1
8 1 0 55 7 0.004780 1
8 1 0 56 7 0.007754 1
8 1 0 57 8 0.012801 1
8 1 0 58 8 0.009545 1
8 1 0 59 8 0.009100 1
8 1 0 60 8 0.013960 1
8 1 0 61 7 0.007866 1
8 1 0 62 6 0.006790 1
8 1 0 63 8 0.005457 1
8 1 0 64 8 0.016095 1
8 1 0 65 7 0.007393 1
8 1 0 66 8 0.006210 1
8 1 0 67 8 0.014506 1
8 1 0 68 8 0.012017 1
8 1 0 69 7 0.008903 1
8 1 0 70 7 0.005747 1
8 1 0 71 7 0.008207 1
8 1 0 72 7 0.009214 1
8 1 0 73 7 0.009490 1
8 1 0 74 7 0.005401 1
8 1 0 75 8 0.004661 1
8 1 0 76 8 0.010139 1
8 1 0 77 8 0.009258 1
8 1 0 78 8 0.005595 1
8 1 0 79 6 0.003912 1
8 1 0 80 8 0.012634 1
8 1 0 81 8 0.007740 1
8 1 0 82 6 0.003680 1
8 1 0 83 6 0.003530 1
8 1 0 84 7 0.008355 1
8 1 0 85 6 0.004461 1
8 1 0 86 8 0.010589 2
8 1 0 87 7 0.005662 1
8 1 0 88 8 0.006228 1
8 1 0 89 8 0.007410 1
8 1 0 90 8 0.008182 1
8 1 0 91 7 0.005497 1
8 1 0 92 7 0.007820 1
8 1 0 93 6 0.003251 1
8 1 0 94 8 0.006180 1
8 1 0 95 8 0.008195 1
8 1 0 96 6 0.006125 1
8 1 0 97 8 0.007908 1
8 1 0 98 8 0.007866 1
8 1 0 99 8 0.008293 1
8 2 0 0 9 0.015212 1
8 2 0 1 7 0.011289 2
8 2 0 2 7 0.019602 1
8 2 0 3 8 0.013509 2
8 2 0 4 4 0.003976 1
8 2 0 5 4 0.002019 1
8 2 0 6 9 0.018975 2
8 2 0 7 6 0.012623 1
8 2 0 8 5 0.006529 1
8 2 0 9 8 0.015865 1
8 2 0 10 8 0.020645 2
8 2 0 11 6 0.007181 2
8 2 0 12 7 0.011093 1
8 2 0 13 9 0.039069 1
8 2 0 14 8 0.016413 1
8 2 0 15 9 0.025198 1
8 2 0 16 8 0.020114 2
8 2 0 17 8 0.021490 1
8 2 0 18 7 0.019653 2
8 2 0 19 6 0.010898 1
8 2 0 20 9 0.028974 1
8 2 0 21 6 0.004879 1
8 2 0 22 9 0.022707 1
8 2 0 23 9 0.021548 1
8 2 0 24 4 0.006672 1
8 2 0 25 6 0.020158 1
8 2 0 26 9 0.029653 1
8 2 0 27 9 0.023906 2
8 2 0 28 10 0.019278 1
8 2 0 29 9 0.022669 1
8 2 0 30 9 0.028337 1
8 2 0 31 8 0.024367 1
8 2 0 32 7 0.011905 1
8 2 0 33 8 0.021910 1
8 2 0 34 8 0.013036 1
8 2 0 35 8 0.011302 1
8 2 0 36 10 0.028326 2
8 2 0 37 8 0.014838 2
8 2 0 38 8 0.017978 2
8 2 0 39 10 0.040181 1
8 2 0 40 7 0.008626 2
8 2 0 41 7 0.011679 1
8 2 0 42 8 0.012881 1
8 2 0 43 9 0.036443 1
8 2 0 44 8 0.017387 1
8 2 0 45 9 0.014139 2
8 2 0 46 10 0.047887 2
8 2 0 47 6 0.010028 1
8 2 0 48 7 0.011953 1
8 2 0 49 6 0.005512 1
8 2 0 50 8 0.026549 2
8 2 0 51 10 0.030544 1
8 2 0 52 10 0.039489 1
8 2 0 53 9 0.033074 2
8 2 0 54 8 0.015771 1
8 2 0 55 8 0.011280 2
8 2 0 56 9 0.016429 1
8 2 0 57 7 0.025160 1
8 2 0 58 10 0.034804 2
8 2 0 59 7 0.015902 2
8 2 0 60 10 0.044451 2
8 2 0 61 10 0.029900 1
8 2 0 62 7 0.015148 1
8 2 0 63 9 0.016706 1
8 2 0 64 10 0.044471 1
8 2 0 65 8 0.022052 1
8 2 0 66 8 0.017393 1
8 2 0 67 10 0.045541 1
8 2 0 68 9 0.030616 2
8 2 0 69 9 0.031650 2
8 2 0 70 8 0.016919 1
8 2 0 71 8 0.023268 1
8 2 0 72 9 0.025907 2
8 2 0 73 8 0.024919 2
8 2 0 74 8 0.013323 1
8 2 0 75 8 0.013380 1
8 2 0 76 8 0.021347 1
8 2 0 77 9 0.028367 1
8 2 0 78 9 0.012965 1
8 2 0 79 6 0.006708 1
8 2 0 80 10 0.047478 1
8 2 0 81 8 0.017835 1
8 2 0 82 6 0.005462 1
8 2 0 83 5 0.009153 1
8 2 0 84 8 0.021347 1
8 2 0 85 7 0.016500 2
8 2 0 86 7 0.021007 2
8 2 0 87 8 0.014991 1
8 2 0 88 5 0.006759 1
8 2 0 89 9 0.027147 2
8 2 0 90 8 0.018103 1
8 2 0 91 7 0.016777 1
8 2 0 92 8 0.025910 2
8 2 0 93 7 0.008284 2
8 2 0 94 10 0.022717 1
8 2 0 95 9 0.026122 1
8 2 0 96 5 0.008652 1
8 2 0 97 9 0.017205 1
8 2 0 98 9 0.025266 1
8 2 0 99 7 0.017961 2
8 4 0 0 8 0.018915 1
8 4 0 1 7 0.020453 2
8 4 0 2 11 0.060505 1
8 4 0 3 11 0.040048 2
8 4 0 4 5 0.010814 1
8 4 0 5 3 0.002812 1
8 4 0 6 11 0.061541 2
8 4 0 7 5 0.013025 1
8 4 0 8 5 0.007261 1
8 4 0 9 8 0.021405 1
8 4 0 10 10 0.051863 2
8 4 0 11 8 0.020786 2
8 4 0 12 10 0.035908 1
8 4 0 13 11 0.088677 1
8 4 0 14 10 0.042420 2
8 4 0 15 9 0.045110 1
8 4 0 16 7 0.024176 2
8 4 0 17 10 0.038768 1
8 4 0 18 10 0.047035 2
8 4 0 19 6 0.015202 1
8 4 0 20 11 0.073110 1
8 4 0 21 8 0.016314 2
8 4 0 22 11 0.048252 1
8 4 0 23 10 0.049706 1
8 4 0 24 6 0.010317 1
8 4 0 25 9 0.051939 1
8 4 0 26 10 0.056663 1
8 4 0 27 11 0.049066 2
8 4 0 28 12 0.054142 1
8 4 0 29 11 0.076230 1
8 4 0 30 9 0.042855 1
8 4 0 31 10 0.049620 1
8 4 0 32 8 0.018214 1
8 4 0 33 9 0.028052 1
8 4 0 34 8 0.017400 1
8 4 0 35 6 0.009292 1
8 4 0 36 12 0.069325 2
8 4 0 37 7 0.012530 2
8 4 0 38 9 0.030374 2
8 4 0 39 13 0.139301 1
8 4 0 40 7 0.016605 2
8 4 0 41 7 0.020409 1
8 4 0 42 6 0.015488 1
8 4 0 43 11 0.091922 1
8 4 0 44 9 0.028070 1
8 4 0 45 8 0.016357 2
8 4 0 46 13 0.169334 2
8 4 0 47 8 0.020609 1
8 4 0 48 10 0.025540 1
8 4 0 49 8 0.021065 1
8 4 0 50 12 0.104760 2
8 4 0 51 12 0.082501 1
8 4 0 52 13 0.140812 1
8 4 0 53 11 0.079717 2
8 4 0 54 10 0.045980 1
8 4 0 55 9 0.031679 2
8 4 0 56 10 0.032462 1
8 4 0 57 11 0.069003 1
8 4 0 58 12 0.090393 2
8 4 0 59 10 0.044760 2
8 4 0 60 12 0.114068 2
8 4 0 61 10 0.049426 1
8 4 0 62 8 0.027670 1
8 4 0 63 11 0.046137 1
8 4 0 64 12 0.111531 1
8 4 0 65 9 0.037375 1
8 4 0 66 10 0.028838 1
8 4 0 67 13 0.162103 1
8 4 0 68 10 0.071268 2
8 4 0 69 8 0.044257 2
8 4 0 70 9 0.044606 1
8 4 0 71 9 0.039300 1
8 4 0 72 10 0.044385 2
8 4 0 73 9 0.050627 2
8 4 0 74 7 0.020496 1
8 4 0 75 10 0.041712 2
8 4 0 76 12 0.079774 1
8 4 0 77 11 0.064064 1
8 4 0 78 11 0.031556 1
8 4 0 79 6 0.005671 1
8 4 0 80 13 0.177440 1
8 4 0 81 10 0.036187 1
8 4 0 82 8 0.014570 1
8 4 0 83 6 0.017597 1
8 4 0 84 7 0.024846 1
8 4 0 85 9 0.038917 2
8 4 0 86 10 0.047729 2
8 4 0 87 8 0.022448 1
8 4 0 88 8 0.026646 1
8 4 0 89 10 0.056046 2
8 4 0 90 12 0.072250 1
8 4 0 91 8 0.031125 1
8 4 0 92 8 0.038576 2
8 4 0 93 6 0.007698 2
8 4 0 94 13 0.089630 1
8 4 0 95 11 0.061632 1
8 4 0 96 6 0.016677 1
8 4 0 97 10 0.038183 1
8 4 0 98 11 0.075740 1
8 4 0 99 9 0.059879 2
8 8 0 0 9 0.024514 1
8 8 0 1 7 0.018985 2
8 8 0 2 10 0.070524 1
8 8 0 3 10 0.047764 2
8 8 0 4 5 0.009917 1
8 8 0 5 4 0.004911 1
8 8 0 6 12 0.140928 2
8 8 0 7 6 0.018335 1
8 8 0 8 6 0.015509 1
8 8 0 9 8 0.027917 1
8 8 0 10 10 0.054872 2
8 8 0 11 7 0.023957 2
8 8 0 12 9 0.038866 1
8 8 0 13 12 0.197129 1
8 8 0 14 10 0.056071 2
8 8 0 15 9 0.061653 1
8 8 0 16 8 0.035460 2
8 8 0 17 10 0.046087 1
8 8 0 18 10 0.072521 2
8 8 0 19 7 0.019321 1
8 8 0 20 11 0.098379 1
8 8 0 21 7 0.019484 2
8 8 0 22 11 0.098363 1
8 8 0 23 10 0.065142 1
8 8 0 24 6 0.010116 1
8 8 0 25 9 0.069306 1
8 8 0 26 10 0.063557 1
8 8 0 27 11 0.087691 2
8 8 0 28 13 0.095418 1
8 8 0 29 12 0.088809 1
8 8 0 30 10 0.084009 1
8 8 0 31 10 0.086087 1
8 8 0 32 9 0.026129 1
8 8 0 33 10 0.045883 1
8 8 0 34 9 0.044811 1
8 8 0 35 7 0.011401 1
8 8 0 36 12 0.085457 2
8 8 0 37 7 0.014381 2
8 8 0 38 10 0.066395 2
8 8 0 39 13 0.194799 1
8 8 0 40 7 0.017714 2
8 8 0 41 7 0.018715 1
8 8 0 42 7 0.027612 1
8 8 0 43 11 0.099477 1
8 8 0 44 9 0.041059 1
8 8 0 45 8 0.020525 2
8 8 0 46 13 0.218886 2
8 8 0 47 8 0.029077 1
8 8 0 48 8 0.029999 1
8 8 0 49 8 0.038924 1
8 8 0 50 12 0.190688 2
8 8 0 51 12 0.099553 1
8 8 0 52 14 0.315655 1
8 8 0 53 11 0.113450 2
8 8 0 54 9 0.031185 1
8 8 0 55 9 0.039591 2
8 8 0 56 11 0.062558 1
8 8 0 57 11 0.097813 1
8 8 0 58 13 0.170149 2
8 8 0 59 10 0.076665 2
8 8 0 60 13 0.206560 2
8 8 0 61 11 0.095005 1
8 8 0 62 7 0.019961 1
8 8 0 63 10 0.041957 1
8 8 0 64 12 0.134290 1
8 8 0 65 9 0.058733 1
8 8 0 66 9 0.031137 1
8 8 0 67 13 0.210250 1
8 8 0 68 11 0.087510 2
8 8 0 69 9 0.054500 2
8 8 0 70 9 0.042292 1
8 8 0 71 9 0.061148 1
8 8 0 72 11 0.083803 2
8 8 0 73 10 0.103223 2
8 8 0 74 8 0.021304 1
8 8 0 75 11 0.082210 2
8 8 0 76 11 0.095203 1
8 8 0 77 11 0.075199 1
8 8 0 78 11 0.062278 1
8 8 0 79 5 0.004942 1
8 8 0 80 13 0.229072 1
8 8 0 81 10 0.046412 1
8 8 0 82 7 0.017702 1
8 8 0 83 7 0.027456 1
8 8 0 84 8 0.032694 1
8 8 0 85 9 0.059680 2
8 8 0 86 9 0.047559 2
8 8 0 87 8 0.030144 1
8 8 0 88 8 0.031048 1
8 8 0 89 10 0.058838 2
8 8 0 90 12 0.151150 1
8 8 0 91 9 0.042043 1
8 8 0 92 9 0.055067 2
8 8 0 93 7 0.013277 2
8 8 0 94 12 0.081570 1
8 8 0 95 12 0.106839 1
8 8 0 96 6 0.011258 1
8 8 0 97 11 0.066855 1
8 8 0 98 12 0.145998 1
8 8 0 99 10 0.074986 2
16 1 0 0 15 0.021679 1
16 1 0 1 13 0.007323 1
16 1 0 2 15 0.019912 1
16 1 0 3 16 0.016710 1
16 1 0 4 15 0.017911 1
16 1 0 5 14 0.013086 1
16 1 0 6 16 0.019426 1
16 1 0 7 16 0.015793 1
16 1 0 8 15 0.014595 1
16 1 0 9 14 0.013006 1
16 1 0 10 15 0.018173 1
16 1 0 11 12 0.010328 1
16 1 0 12 11 0.010642 1
16 1 0 13 15 0.018521 1
16 1 0 14 16 0.018768 1
16 1 0 15 14 0.013829 1
16 1 0 16 15 0.021486 1
16 1 0 17 16 0.018270 1
16 1 0 18 16 0.020192 2
16 1 0 19 14 0.018088 1
16 1 0 20 16 0.018017 1
16 1 0 21 16 0.024658 1
16 1 0 22 14 0.014663 1
16 1 0 23 15 0.019102 1
16 1 0 24 12 0.011053 1
16 1 0 25 13 0.013470 1
16 1 0 26 11 0.009296 1
16 1 0 27 12 0.019996 1
16 1 0 28 15 0.016354 1
16 1 0 29 16 0.015968 1
16 1 0 30 14 0.011882 2
16 1 0 31 15 0.021854 1
16 1 0 32 13 0.013763 1
16 1 0 33 14 0.011814 2
16 1 0 34 15 0.021362 1
16 1 0 35 15 0.016796 1
16 1 0 36 15 0.011756 1
16 1 0 37 12 0.011927 1
16 1 0 38 15 0.016771 1
16 1 0 39 14 0.013405 1
16 1 0 40 12 0.011403 1
16 1 0 41 15 0.018701 1
16 1 0 42 15 0.011134 1
16 1 0 43 16 0.017892 1
16 1 0 44 16 0.023775 1
16 1 0 45 14 0.013043 1
16 1 0 46 15 0.017439 1
16 1 0 47 14 0.012661 1
16 1 0 48 15 0.019632 1
16 1 0 49 13 0.011673 1
16 1 0 50 13 0.011740 1
16 1 0 51 16 0.020752 1
16 1 0 52 15 0.009531 1
16 1 0 53 12 0.011117 1
16 1 0 54 15 0.016924 1
16 1 0 55 16 0.020038 1
16 1 0 56 15 0.012861 1
16 1 0 57 15 0.014788 1
16 1 0 58 15 0.015107 1
16 1 0 59 16 0.016778 1
16 1 0 60 16 0.023597 1
16 1 0 61 16 0.018125 1
16 1 0 62 16 0.024018 1
16 1 0 63 14 0.018463 1
16 1 0 64 14 0.011461 1
16 1 0 65 14 0.018567 1
16 1 0 66 16 0.020820 1
16 1 0 67 16 0.022258 1
16 1 0 68 14 0.015611 1
16 1 0 69 13 0.009876 1
16 1 0 70 14 0.009607 1
16 1 0 71 16 0.026845 1
16 1 0 72 16 0.022701 1
16 1 0 73 15 0.015854 1
16 1 0 74 16 0.012648 1
16 1 0 75 12 0.007887 1
16 1 0 76 15 0.021965 1
16 1 0 77 15 0.019134 1
16 1 0 78 15 0.020957 1
16 1 0 79 16 0.020114 1
16 1 0 80 16 0.024172 1
16 1 0 81 16 0.017482 1
16 1 0 82 16 0.021871 1
16 1 0 83 16 0.016562 1
16 1 0 84 15 0.021903 1
16 1 0 85 16 0.020645 1
16 1 0 86 15 0.019637 1
16 1 0 87 15 0.015300 1
16 1 0 88 16 0.027626 1
16 1 0 89 16 0.025204 1
16 1 0 90 16 0.016018 1
16 1 0 91 15 0.018073 1
16 1 0 92 15 0.015071 1
16 1 0 93 16 0.024528 1
16 1 0 94 16 0.019595 1
16 1 0 95 16 0.013717 1
16 1 0 96 14 0.017062 1
16 1 0 97 14 0.018781 1
16 1 0 98 16 0.022557 1
16 1 0 99 15 0.026571 1
16 2 0 0 16 0.063362 2
16 2 0 1 12 0.011889 1
16 2 0 2 14 0.053671 1
16 2 0 3 15 0.047046 1
16 2 0 4 17 0.056804 2
16 2 0 5 17 0.038725 1
16 2 0 6 15 0.050499 1
16 2 0 7 16 0.053906 1
16 2 0 8 17 0.046435 1
16 2 0 9 14 0.036816 1
16 2 0 10 16 0.045879 2
16 2 0 11 16 0.027444 1
16 2 0 12 15 0.036947 2
16 2 0 13 16 0.062397 1
16 2 0 14 17 0.053177 1
16 2 0 15 17 0.048782 1
16 2 0 16 17 0.055411 1
16 2 0 17 15 0.046267 2
16 2 0 18 16 0.053749 2
16 2 0 19 17 0.052407 2
16 2 0 20 18 0.063948 1
16 2 0 21 17 0.074751 2
16 2 0 22 14 0.037086 1
16 2 0 23 14 0.052023 1
16 2 0 24 13 0.031274 2
16 2 0 25 12 0.028889 1
16 2 0 26 13 0.024392 1
16 2 0 27 14 0.051327 1
16 2 0 28 18 0.046971 1
16 2 0 29 17 0.050554 2
16 2 0 30 13 0.030858 2
16 2 0 31 15 0.054051 2
16 2 0 32 15 0.049813 1
16 2 0 33 11 0.022271 2
16 2 0 34 16 0.060671 2
16 2 0 35 14 0.048078 1
16 2 0 36 14 0.028360 2
16 2 0 37 16 0.051425 2
16 2 0 38 15 0.056578 2
16 2 0 39 13 0.035795 1
16 2 0 40 11 0.021870 1
16 2 0 41 16 0.055465 1
16 2 0 42 15 0.031402 1
16 2 0 43 18 0.071729 1
16 2 0 44 18 0.076096 1
16 2 0 45 16 0.034868 1
16 2 0 46 15 0.045088 2
16 2 0 47 14 0.029758 1
16 2 0 48 15 0.048380 1
16 2 0 49 14 0.033722 1
16 2 0 50 16 0.029977 1
16 2 0 51 16 0.059887 1
16 2 0 52 15 0.026196 2
16 2 0 53 12 0.019863 1
16 2 0 54 17 0.047426 1
16 2 0 55 17 0.059418 1
16 2 0 56 15 0.035197 2
16 2 0 57 13 0.035898 1
16 2 0 58 16 0.049281 2
16 2 0 59 18 0.055947 1
16 2 0 60 17 0.075916 2
16 2 0 61 15 0.050710 1
16 2 0 62 15 0.067716 1
16 2 0 63 13 0.053246 1
16 2 0 64 15 0.030446 2
16 2 0 65 17 0.055906 2
16 2 0 66 16 0.054131 1
16 2 0 67 17 0.065186 2
16 2 0 68 15 0.047384 1
16 2 0 69 14 0.020186 2
16 2 0 70 14 0.020621 1
16 2 0 71 17 0.076814 2
16 2 0 72 17 0.077876 1
16 2 0 73 17 0.041224 1
16 2 0 74 14 0.039155 1
16 2 0 75 13 0.019406 1
16 2 0 76 17 0.064125 1
16 2 0 77 18 0.065404 1
16 2 0 78 16 0.060536 1
16 2 0 79 15 0.049541 1
16 2 0 80 16 0.069731 1
16 2 0 81 16 0.050356 2
16 2 0 82 18 0.076025 2
16 2 0 83 15 0.042079 1
16 2 0 84 17 0.057769 1
16 2 0 85 17 0.064321 1
16 2 0 86 18 0.055062 1
16 2 0 87 16 0.036325 2
16 2 0 88 18 0.084763 1
16 2 0 89 18 0.085683 2
16 2 0 90 15 0.048051 1
16 2 0 91 16 0.053826 1
16 2 0 92 15 0.031461 1
16 2 0 93 17 0.076654 1
16 2 0 94 17 0.051189 1
16 2 0 95 16 0.034414 2
16 2 0 96 15 0.049659 1
16 2 0 97 16 0.062731 2
16 2 0 98 16 0.065410 1
16 2 0 99 17 0.086148 1
16 4 0 0 19 0.198669 2
16 4 0 1 13 0.034601 1
16 4 0 2 16 0.154597 1
16 4 0 3 16 0.111202 1
16 4 0 4 19 0.154391 2
16 4 0 5 17 0.111753 1
16 4 0 6 18 0.162977 1
16 4 0 7 21 0.189330 1
16 4 0 8 20 0.145309 1
16 4 0 9 17 0.106630 1
16 4 0 10 18 0.118377 2
16 4 0 11 14 0.057679 1
16 4 0 12 16 0.095409 2
16 4 0 13 18 0.167147 1
16 4 0 14 19 0.141155 1
16 4 0 15 18 0.132632 1
16 4 0 16 18 0.130110 1
16 4 0 17 17 0.135003 2
16 4 0 18 17 0.128442 2
16 4 0 19 17 0.123920 2
16 4 0 20 20 0.202714 1
16 4 0 21 18 0.194593 2
16 4 0 22 16 0.086903 1
16 4 0 23 17 0.152215 1
16 4 0 24 14 0.085847 2
16 4 0 25 15 0.100629 1
16 4 0 26 10 0.035521 1
16 4 0 27 16 0.130893 1
16 4 0 28 20 0.145296 1
16 4 0 29 19 0.143340 2
16 4 0 30 16 0.109159 2
16 4 0 31 17 0.143678 2
16 4 0 32 17 0.144269 1
16 4 0 33 12 0.047941 2
16 4 0 34 19 0.198420 2
16 4 0 35 16 0.137728 1
16 4 0 36 17 0.092387 2
16 4 0 37 17 0.144329 2
16 4 0 38 19 0.194633 2
16 4 0 39 16 0.103273 1
16 4 0 40 12 0.036106 1
16 4 0 41 15 0.114334 1
16 4 0 42 17 0.082053 1
16 4 0 43 22 0.299059 1
16 4 0 44 19 0.236599 1
16 4 0 45 16 0.087721 1
16 4 0 46 16 0.107215 2
16 4 0 47 16 0.075217 1
16 4 0 48 18 0.149331 1
16 4 0 49 14 0.077485 1
16 4 0 50 15 0.071475 1
16 4 0 51 20 0.198311 1
16 4 0 52 18 0.092386 2
16 4 0 53 14 0.065454 1
16 4 0 54 17 0.136119 1
16 4 0 55 19 0.173357 1
16 4 0 56 18 0.115858 2
16 4 0 57 15 0.106124 1
16 4 0 58 20 0.195113 2
16 4 0 59 19 0.169170 1
16 4 0 60 20 0.282178 2
16 4 0 61 19 0.176983 1
16 4 0 62 20 0.237924 1
16 4 0 63 17 0.134912 1
16 4 0 64 17 0.096779 2
16 4 0 65 18 0.156607 2
16 4 0 66 18 0.157592 1
16 4 0 67 21 0.221423 2
16 4 0 68 16 0.110525 1
16 4 0 69 14 0.032168 2
16 4 0 70 17 0.061190 1
16 4 0 71 20 0.235919 2
16 4 0 72 21 0.295142 1
16 4 0 73 16 0.082186 1
16 4 0 74 17 0.113966 1
16 4 0 75 13 0.048027 1
16 4 0 76 18 0.137027 1
16 4 0 77 18 0.166403 1
16 4 0 78 17 0.144819 1
16 4 0 79 16 0.111803 1
16 4 0 80 20 0.211505 1
16 4 0 81 20 0.180948 2
16 4 0 82 21 0.286738 2
16 4 0 83 19 0.119155 1
16 4 0 84 17 0.137674 1
16 4 0 85 21 0.233452 1
16 4 0 86 20 0.152151 1
16 4 0 87 18 0.115874 2
16 4 0 88 19 0.248101 1
16 4 0 89 21 0.312440 2
16 4 0 90 19 0.148335 2
16 4 0 91 19 0.161788 1
16 4 0 92 17 0.096081 1
16 4 0 93 20 0.243288 1
16 4 0 94 20 0.149049 1
16 4 0 95 18 0.100712 2
16 4 0 96 17 0.137702 1
16 4 0 97 19 0.245018 2
16 4 0 98 19 0.200103 1
16 4 0 99 21 0.291282 1
16 8 0 0 23 0.517411 2
16 8 0 1 15 0.069230 1
16 8 0 2 19 0.381626 1
16 8 0 3 21 0.316426 1
16 8 0 4 23 0.440648 2
16 8 0 5 21 0.261375 1
16 8 0 6 20 0.518307 1
16 8 0 7 24 0.751279 1
16 8 0 8 24 0.549304 1
16 8 0 9 18 0.160716 1
16 8 0 10 21 0.324155 2
16 8 0 11 18 0.154289 1
16 8 0 12 16 0.111287 2
16 8 0 13 24 0.596172 1
16 8 0 14 23 0.429157 1
16 8 0 15 22 0.458985 1
16 8 0 16 23 0.381294 1
16 8 0 17 20 0.367102 2
16 8 0 18 22 0.347526 2
16 8 0 19 20 0.276213 2
16 8 0 20 26 0.797132 1
16 8 0 21 24 0.714737 2
16 8 0 22 18 0.228105 1
16 8 0 23 20 0.291577 1
16 8 0 24 14 0.200968 2
16 8 0 25 17 0.207076 1
16 8 0 26 13 0.048455 1
16 8 0 27 17 0.344252 1
16 8 0 28 24 0.380593 1
16 8 0 29 25 0.523661 2
16 8 0 30 18 0.334733 2
16 8 0 31 21 0.510547 2
16 8 0 32 22 0.404782 1
16 8 0 33 14 0.112020 2
16 8 0 34 20 0.564761 2
16 8 0 35 20 0.479479 1
16 8 0 36 18 0.318033 2
16 8 0 37 18 0.274122 2
16 8 0 38 21 0.524293 2
16 8 0 39 18 0.193487 1
16 8 0 40 13 0.057384 1
16 8 0 41 21 0.452952 1
16 8 0 42 20 0.189126 1
16 8 0 43 28 1.314150 1
16 8 0 44 26 1.180792 1
16 8 0 45 19 0.196941 1
16 8 0 46 18 0.303762 2
16 8 0 47 16 0.128099 1
16 8 0 48 19 0.272724 1
16 8 0 49 17 0.154207 1
16 8 0 50 18 0.139543 1
16 8 0 51 24 0.725522 1
16 8 0 52 22 0.289096 2
16 8 0 53 15 0.085493 1
16 8 0 54 19 0.302990 1
16 8 0 55 24 0.683020 1
16 8 0 56 20 0.359512 2
16 8 0 57 18 0.200285 1
16 8 0 58 25 0.761649 2
16 8 0 59 24 0.537297 1
16 8 0 60 25 1.182229 2
16 8 0 61 23 0.622652 1
16 8 0 62 22 0.852756 1
16 8 0 63 19 0.280355 1
16 8 0 64 20 0.279421 2
16 8 0 65 20 0.285346 2
16 8 0 66 21 0.523162 1
16 8 0 67 25 0.868322 2
16 8 0 68 19 0.227960 1
16 8 0 69 17 0.103505 2
16 8 0 70 18 0.131601 1
16 8 0 71 26 0.944074 2
16 8 0 72 27 1.639941 1
16 8 0 73 19 0.197832 1
16 8 0 74 20 0.324255 1
16 8 0 75 16 0.077213 1
16 8 0 76 24 0.498604 1
16 8 0 77 23 0.616121 1
16 8 0 78 22 0.359659 1
16 8 0 79 21 0.306072 1
16 8 0 80 23 0.813377 1
16 8 0 81 25 0.578255 2
16 8 0 82 26 0.949900 2
16 8 0 83 22 0.409942 1
16 8 0 84 21 0.326478 1
16 8 0 85 26 0.888799 1
16 8 0 86 23 0.365052 1
16 8 0 87 19 0.287404 2
16 8 0 88 26 0.926666 1
16 8 0 89 27 1.349073 2
16 8 0 90 22 0.341923 2
16 8 0 91 23 0.562236 1
16 8 0 92 20 0.309151 1
16 8 0 93 26 1.186906 1
16 8 0 94 24 0.458818 1
16 8 0 95 23 0.328119 2
16 8 0 96 19 0.431513 1
16 8 0 97 21 0.768878 2
16 8 0 98 23 0.500685 1
16 8 0 99 27 1.121340 1
32 1 0 0 31 0.029928 1
32 1 0 1 30 0.033004 1
32 1 0 2 31 0.041019 1
32 1 0 3 31 0.036557 1
32 1 0 4 31 0.029597 1
32 1 0 5 31 0.034191 1
32 1 0 6 31 0.038187 1
32 1 0 7 25 0.015441 1
32 1 0 8 29 0.035940 1
32 1 0 9 31 0.037690 1
32 1 0 10 27 0.028547 1
32 1 0 11 30 0.049701 2
32 1 0 12 27 0.037126 1
32 1 0 13 29 0.040128 1
32 1 0 14 28 0.032969 1
32 1 0 15 30 0.041002 1
32 1 0 16 31 0.043360 1
32 1 0 17 28 0.035905 2
32 1 0 18 30 0.031096 1
32 1 0 19 32 0.056323 1
32 1 0 20 26 0.029007 1
32 1 0 21 31 0.029579 1
32 1 0 22 32 0.050162 1
32 1 0 23 29 0.029967 1
32 1 0 24 29 0.028411 1
32 1 0 25 31 0.028229 1
32 1 0 26 31 0.035531 1
32 1 0 27 27 0.025092 1
32 1 0 28 32 0.045910 1
32 1 0 29 31 0.055412 1
32 1 0 30 30 0.044511 1
32 1 0 31 32 0.033606 1
32 1 0 32 28 0.026730 1
32 1 0 33 29 0.022875 1
32 1 0 34 31 0.038102 1
32 1 0 35 29 0.031422 1
32 1 0 36 32 0.037415 1
32 1 0 37 29 0.033428 1
32 1 0 38 31 0.028234 1
32 1 0 39 23 0.024721 1
32 1 0 40 31 0.033034 1
32 1 0 41 31 0.034216 1
32 1 0 42 31 0.037466 1
32 1 0 43 32 0.029654 1
32 1 0 44 28 0.033387 1
32 1 0 45 31 0.051976 2
32 1 0 46 29 0.039033 1
32 1 0 47 29 0.044356 2
32 1 0 48 26 0.020801 1
32 1 0 49 31 0.037351 1
32 1 0 50 30 0.036516 1
32 1 0 51 29 0.029489 1
32 1 0 52 31 0.037827 2
32 1 0 53 27 0.030771 1
32 1 0 54 29 0.028638 1
32 1 0 55 28 0.025772 1
32 1 0 56 30 0.033315 1
32 1 0 57 30 0.038264 1
32 1 0 58 32 0.036201 1
32 1 0 59 28 0.032419 1
32 1 0 60 31 0.043938 1
32 1 0 61 29 0.038616 1
32 1 0 62 32 0.029648 1
32 1 0 63 29 0.030103 1
32 1 0 64 32 0.030559 1
32 1 0 65 30 0.042357 1
32 1 0 66 28 0.024235 1
32 1 0 67 31 0.029152 1
32 1 0 68 27 0.021716 2
32 1 0 69 29 0.026283 1
32 1 0 70 27 0.022410 1
32 1 0 71 31 0.032996 1
32 1 0 72 31 0.037036 1
32 1 0 73 30 0.037485 1
32 1 0 74 30 0.035980 1
32 1 0 75 31 0.026762 1
32 1 0 76 31 0.030760 1
32 1 0 77 32 0.032558 1
32 1 0 78 30 0.031425 2
32 1 0 79 31 0.031558 1
32 1 0 80 29 0.032191 1
32 1 0 81 32 0.040798 1
32 1 0 82 31 0.044705 1
32 1 0 83 29 0.027605 1
32 1 0 84 31 0.045116 1
32 1 0 85 29 0.031219 1
32 1 0 86 32 0.033341 1
32 1 0 87 28 0.023955 1
32 1 0 88 30 0.032225 1
32 1 0 89 31 0.034242 1
32 1 0 90 31 0.031385 1
32 1 0 91 32 0.033129 1
32 1 0 92 27 0.023562 1
32 1 0 93 28 0.030470 1
32 1 0 94 31 0.035127 1
32 1 0 95 26 0.019939 1
32 1 0 96 30 0.043673 1
32 1 0 97 29 0.030745 1
32 1 0 98 31 0.053485 1
32 1 0 99 31 0.036932 1
32 2 0 0 32 0.100114 1
32 2 0 1 30 0.089218 1
32 2 0 2 30 0.112979 2
32 2 0 3 31 0.103200 1
32 2 0 4 30 0.097262 1
32 2 0 5 33 0.092126 1
32 2 0 6 32 0.127628 1
32 2 0 7 26 0.031661 1
32 2 0 8 30 0.110322 1
32 2 0 9 33 0.101219 2
32 2 0 10 28 0.090101 1
32 2 0 11 30 0.143422 2
32 2 0 12 32 0.098332 1
32 2 0 13 31 0.119792 1
32 2 0 14 28 0.099107 1
32 2 0 15 32 0.131219 1
32 2 0 16 32 0.141264 1
32 2 0 17 30 0.114583 2
32 2 0 18 31 0.100523 1
32 2 0 19 33 0.180724 2
32 2 0 20 29 0.100727 1
32 2 0 21 33 0.092282 1
32 2 0 22 32 0.150482 2
32 2 0 23 32 0.108787 1
32 2 0 24 33 0.077809 1
32 2 0 25 29 0.081340 1
32 2 0 26 33 0.106818 1
32 2 0 27 27 0.067990 1
32 2 0 28 33 0.128095 2
32 2 0 29 33 0.170361 2
32 2 0 30 30 0.114713 1
32 2 0 31 33 0.107741 1
32 2 0 32 26 0.075270 2
32 2 0 33 28 0.055235 2
32 2 0 34 28 0.109919 1
32 2 0 35 31 0.104801 2
32 2 0 36 33 0.116342 1
32 2 0 37 27 0.081990 1
32 2 0 38 30 0.089341 1
32 2 0 39 24 0.051603 1
32 2 0 40 30 0.083554 1
32 2 0 41 28 0.091799 2
32 2 0 42 31 0.104649 1
32 2 0 43 30 0.079387 1
32 2 0 44 29 0.091180 1
32 2 0 45 33 0.160936 2
32 2 0 46 30 0.108913 1
32 2 0 47 32 0.116113 2
32 2 0 48 27 0.045873 2
32 2 0 49 29 0.115135 2
32 2 0 50 33 0.113934 1
32 2 0 51 28 0.073679 1
32 2 0 52 29 0.088880 2
32 2 0 53 29 0.098453 1
32 2 0 54 25 0.060714 1
32 2 0 55 30 0.062494 1
32 2 0 56 28 0.102596 1
32 2 0 57 31 0.126047 1
32 2 0 58 33 0.118056 1
32 2 0 59 28 0.088268 1
32 2 0 60 31 0.143734 1
32 2 0 61 28 0.102413 1
32 2 0 62 32 0.097710 1
32 2 0 63 29 0.074622 1
32 2 0 64 29 0.077574 1
32 2 0 65 32 0.126983 1
32 2 0 66 31 0.084875 1
32 2 0 67 33 0.097763 2
32 2 0 68 26 0.062094 2
32 2 0 69 29 0.078012 1
32 2 0 70 25 0.054936 1
32 2 0 71 30 0.095740 1
32 2 0 72 33 0.102432 1
32 2 0 73 33 0.125574 2
32 2 0 74 29 0.107231 1
32 2 0 75 28 0.074252 1
32 2 0 76 32 0.105794 1
32 2 0 77 32 0.096374 1
32 2 0 78 29 0.086438 2
32 2 0 79 32 0.097362 1
32 2 0 80 28 0.075141 1
32 2 0 81 32 0.128989 1
32 2 0 82 32 0.125383 1
32 2 0 83 31 0.077523 1
32 2 0 84 31 0.140446 1
32 2 0 85 27 0.084487 1
32 2 0 86 31 0.084488 1
32 2 0 87 29 0.059608 1
32 2 0 88 30 0.083051 1
32 2 0 89 30 0.095798 1
32 2 0 90 31 0.096863 2
32 2 0 91 32 0.107001 1
32 2 0 92 29 0.069095 1
32 2 0 93 29 0.086171 1
32 2 0 94 26 0.093395 1
32 2 0 95 26 0.055273 1
32 2 0 96 32 0.117053 1
32 2 0 97 28 0.089849 1
32 2 0 98 32 0.168146 1
32 2 0 99 33 0.108787 1
32 4 0 0 35 0.327341 1
32 4 0 1 32 0.269058 1
32 4 0 2 32 0.336828 2
32 4 0 3 32 0.296405 1
32 4 0 4 33 0.349554 1
32 4 0 5 32 0.248323 1
32 4 0 6 35 0.436874 1
32 4 0 7 21 0.059297 1
32 4 0 8 26 0.242523 1
32 4 0 9 33 0.269230 2
32 4 0 10 30 0.275322 1
32 4 0 11 32 0.452138 2
32 4 0 12 31 0.252801 1
32 4 0 13 36 0.409464 1
32 4 0 14 31 0.294582 1
32 4 0 15 34 0.398163 1
32 4 0 16 35 0.454847 1
32 4 0 17 30 0.340151 2
32 4 0 18 33 0.295733 1
32 4 0 19 36 0.575186 2
32 4 0 20 30 0.280118 1
32 4 0 21 36 0.311744 1
32 4 0 22 34 0.477833 2
32 4 0 23 33 0.325014 1
32 4 0 24 30 0.241479 1
32 4 0 25 31 0.237046 1
32 4 0 26 36 0.348540 1
32 4 0 27 30 0.191511 2
32 4 0 28 35 0.418702 2
32 4 0 29 35 0.551471 2
32 4 0 30 32 0.313328 1
32 4 0 31 34 0.314119 1
32 4 0 32 29 0.212848 2
32 4 0 33 32 0.183667 2
32 4 0 34 32 0.379037 1
32 4 0 35 33 0.321509 2
32 4 0 36 35 0.353187 1
32 4 0 37 29 0.234246 2
32 4 0 38 34 0.315422 1
32 4 0 39 29 0.168102 1
32 4 0 40 33 0.262731 1
32 4 0 41 32 0.292789 2
32 4 0 42 35 0.338991 1
32 4 0 43 33 0.262806 1
32 4 0 44 31 0.300707 1
32 4 0 45 33 0.494500 2
32 4 0 46 34 0.367270 1
32 4 0 47 30 0.294348 2
32 4 0 48 29 0.111616 2
32 4 0 49 34 0.394416 2
32 4 0 50 33 0.355163 1
32 4 0 51 29 0.226069 1
32 4 0 52 32 0.267672 2
32 4 0 53 33 0.287026 1
32 4 0 54 28 0.183671 1
32 4 0 55 31 0.188983 1
32 4 0 56 33 0.344548 1
32 4 0 57 33 0.429240 1
32 4 0 58 37 0.439624 1
32 4 0 59 30 0.241968 1
32 4 0 60 35 0.489799 2
32 4 0 61 34 0.316590 1
32 4 0 62 35 0.326189 1
32 4 0 63 29 0.204973 1
32 4 0 64 33 0.266898 2
32 4 0 65 34 0.364950 1
32 4 0 66 31 0.281943 1
32 4 0 67 32 0.296696 2
32 4 0 68 25 0.160842 2
32 4 0 69 33 0.225204 1
32 4 0 70 27 0.200080 1
32 4 0 71 33 0.281196 1
32 4 0 72 32 0.266876 1
32 4 0 73 34 0.393523 2
32 4 0 74 32 0.338151 1
32 4 0 75 33 0.247982 1
32 4 0 76 32 0.347091 1
32 4 0 77 35 0.352149 1
32 4 0 78 32 0.241769 2
32 4 0 79 34 0.286833 1
32 4 0 80 29 0.226588 1
32 4 0 81 36 0.424024 1
32 4 0 82 35 0.363794 1
32 4 0 83 30 0.198018 1
32 4 0 84 34 0.470874 2
32 4 0 85 32 0.284888 1
32 4 0 86 29 0.221567 1
32 4 0 87 31 0.189923 1
32 4 0 88 34 0.242570 1
32 4 0 89 33 0.264311 1
32 4 0 90 34 0.330623 2
32 4 0 91 36 0.408222 1
32 4 0 92 33 0.198561 1
32 4 0 93 30 0.213466 1
32 4 0 94 30 0.295648 1
32 4 0 95 24 0.092100 1
32 4 0 96 33 0.324859 1
32 4 0 97 32 0.288427 1
32 4 0 98 35 0.532221 1
32 4 0 99 35 0.328043 1
32 8 0 0 37 0.985117 1
32 8 0 1 34 0.887672 1
32 8 0 2 39 1.303403 2
32 8 0 3 39 1.176551 1
32 8 0 4 35 1.037509 1
32 8 0 5 36 0.796426 1
32 8 0 6 38 1.543390 1
32 8 0 7 27 0.253887 1
32 8 0 8 33 0.823623 1
32 8 0 9 37 0.914236 2
32 8 0 10 34 0.987463 1
32 8 0 11 38 1.618264 2
32 8 0 12 33 0.749634 1
32 8 0 13 40 1.976822 1
32 8 0 14 32 0.903690 1
32 8 0 15 39 1.227115 1
32 8 0 16 40 1.516028 1
32 8 0 17 36 1.136761 2
32 8 0 18 39 0.923468 1
32 8 0 19 42 2.295432 2
32 8 0 20 38 1.030140 1
32 8 0 21 39 1.045807 1
32 8 0 22 38 1.661397 2
32 8 0 23 38 1.111134 1
32 8 0 24 36 0.738865 1
32 8 0 25 34 0.708538 1
32 8 0 26 39 1.075803 1
32 8 0 27 31 0.494131 2
32 8 0 28 40 1.574212 2
32 8 0 29 42 2.506528 2
32 8 0 30 36 0.934778 1
32 8 0 31 41 1.134692 1
32 8 0 32 30 0.546853 2
32 8 0 33 34 0.548552 2
32 8 0 34 38 1.330493 1
32 8 0 35 35 0.912745 2
32 8 0 36 42 1.365537 1
32 8 0 37 37 0.779790 2
32 8 0 38 41 1.185167 1
32 8 0 39 27 0.317855 1
32 8 0 40 37 0.861799 1
32 8 0 41 36 0.954796 2
32 8 0 42 37 1.321836 1
32 8 0 43 37 1.096217 1
32 8 0 44 32 0.790245 1
32 8 0 45 39 1.635198 2
32 8 0 46 36 1.121567 1
32 8 0 47 35 0.912707 2
32 8 0 48 28 0.302770 2
32 8 0 49 37 1.216471 2
32 8 0 50 40 1.506344 1
32 8 0 51 31 0.698072 1
32 8 0 52 33 0.680096 2
32 8 0 53 35 0.801131 1
32 8 0 54 33 0.634638 1
32 8 0 55 32 0.416546 1
32 8 0 56 37 1.148602 1
32 8 0 57 39 1.963858 1
32 8 0 58 41 1.439855 1
32 8 0 59 32 0.674458 1
32 8 0 60 40 1.670236 2
32 8 0 61 37 1.136934 1
32 8 0 62 39 1.114971 1
32 8 0 63 32 0.599729 1
32 8 0 64 36 0.775978 2
32 8 0 65 39 1.502579 1
32 8 0 66 34 0.871456 1
32 8 0 67 35 0.997118 2
32 8 0 68 29 0.434282 2
32 8 0 69 32 0.608256 1
32 8 0 70 28 0.594994 1
32 8 0 71 37 0.868225 1
32 8 0 72 35 0.789344 1
32 8 0 73 40 1.531153 2
32 8 0 74 34 1.015823 1
32 8 0 75 33 1.025367 1
32 8 0 76 37 1.168689 1
32 8 0 77 40 1.297781 1
32 8 0 78 37 0.759217 2
32 8 0 79 39 0.985510 1
32 8 0 80 33 0.688800 1
32 8 0 81 38 1.278268 1
32 8 0 82 38 1.159053 1
32 8 0 83 34 0.575785 1
32 8 0 84 39 1.579012 2
32 8 0 85 34 0.910135 1
32 8 0 86 34 0.714907 1
32 8 0 87 35 0.609536 1
32 8 0 88 33 0.649655 1
32 8 0 89 35 0.759675 1
32 8 0 90 38 1.037069 2
32 8 0 91 41 1.637517 1
32 8 0 92 30 0.460368 1
32 8 0 93 34 0.705329 1
32 8 0 94 36 0.967528 1
32 8 0 95 29 0.298043 1
32 8 0 96 38 1.056975 1
32 8 0 97 35 1.155674 1
32 8 0 98 40 2.164603 1
32 8 0 99 38 1.058853 1
