4 1 0 0 3 0.000364 1
4 1 0 1 4 0.000398 1
4 1 0 2 4 0.000367 1
4 1 0 3 4 0.000437 1
4 1 0 4 4 0.000523 1
4 1 0 5 4 0.000479 2
4 1 0 6 2 0.000195 1
4 1 0 7 2 0.000232 1
4 1 0 8 4 0.000403 1
4 1 0 9 2 0.000229 2
4 1 0 10 4 0.000486 2
4 1 0 11 3 0.000366 0
4 1 0 12 4 0.000461 1
4 1 0 13 2 0.000291 2
4 1 0 14 4 0.000498 2
4 1 0 15 4 0.000468 1
4 1 0 16 2 0.000235 2
4 1 0 17 3 0.000364 0
4 1 0 18 2 0.000230 0
4 1 0 19 2 0.000245 1
4 1 0 20 2 0.000233 0
4 1 0 21 2 0.000249 0
4 1 0 22 4 0.000527 2
4 1 0 23 4 0.000440 1
4 1 0 24 4 0.000493 2
4 1 0 25 4 0.000497 2
4 1 0 26 4 0.000521 1
4 1 0 27 4 0.000527 2
4 1 0 28 4 0.000484 2
4 1 0 29 4 0.000563 2
4 1 0 30 4 0.000387 1
4 1 0 31 4 0.000507 2
4 1 0 32 2 0.000254 2
4 1 0 33 4 0.000442 1
4 1 0 34 4 0.000473 1
4 1 0 35 2 0.000208 1
4 1 0 36 4 0.000504 1
4 1 0 37 4 0.000522 2
4 1 0 38 2 0.000245 1
4 1 0 39 3 0.000281 1
4 1 0 40 4 0.000521 2
4 1 0 41 2 0.000260 0
4 1 0 42 2 0.000233 2
4 1 0 43 4 0.000489 2
4 1 0 44 2 0.000203 1
4 1 0 45 4 0.000558 2
4 1 0 46 4 0.000504 2
4 1 0 47 4 0.000463 1
4 1 0 48 4 0.000471 2
4 1 0 49 4 0.000400 1
4 1 0 50 4 0.000422 1
4 1 0 51 4 0.000358 1
4 1 0 52 3 0.000336 0
4 1 0 53 4 0.000523 2
4 1 0 54 3 0.000335 0
4 1 0 55 3 0.000338 2
4 1 0 56 4 0.000515 2
4 1 0 57 4 0.000434 1
4 1 0 58 4 0.000565 1
4 1 0 59 4 0.000523 1
4 1 0 60 4 0.000486 0
4 1 0 61 4 0.000502 1
4 1 0 62 2 0.000211 1
4 1 0 63 4 0.000483 0
4 1 0 64 4 0.000484 0
4 1 0 65 4 0.000460 0
4 1 0 66 4 0.000566 1
4 1 0 67 3 0.000299 1
4 1 0 68 4 0.000407 1
4 1 0 69 4 0.000557 2
4 1 0 70 4 0.000487 2
4 1 0 71 4 0.000516 2
4 1 0 72 3 0.000303 1
4 1 0 73 4 0.000384 1
4 1 0 74 4 0.000472 1
4 1 0 75 4 0.000490 1
4 1 0 76 4 0.000380 1
4 1 0 77 4 0.000507 2
4 1 0 78 4 0.000445 1
4 1 0 79 4 0.000530 2
4 1 0 80 4 0.000490 2
4 1 0 81 4 0.000404 1
4 1 0 82 3 0.000361 2
4 1 0 83 4 0.000630 1
4 1 0 84 2 0.000227 0
4 1 0 85 4 0.000462 2
4 1 0 86 4 0.000491 1
4 1 0 87 4 0.000472 0
4 1 0 88 4 0.000497 2
4 1 0 89 4 0.000445 1
4 1 0 90 4 0.000554 2
4 1 0 91 4 0.000684 1
4 1 0 92 4 0.000492 2
4 1 0 93 4 0.000403 1
4 1 0 94 2 0.000235 2
4 1 0 95 4 0.000369 1
4 1 0 96 4 0.000532 2
4 1 0 97 2 0.000247 0
4 1 0 98 4 0.000495 0
4 1 0 99 4 0.000433 1
4 2 0 0 1 0.000117 1
4 2 0 1 4 0.000485 2
4 2 0 2 3 0.000291 1
4 2 0 3 3 0.000380 1
4 2 0 4 3 0.000331 1
4 2 0 5 5 0.000641 2
4 2 0 6 3 0.000340 1
4 2 0 7 4 0.000489 1
4 2 0 8 5 0.000673 1
4 2 0 9 4 0.000484 2
4 2 0 10 5 0.000686 2
4 2 0 11 1 0.000119 0
4 2 0 12 5 0.000504 1
4 2 0 13 4 0.000492 2
4 2 0 14 3 0.000368 2
4 2 0 15 4 0.000492 1
4 2 0 16 4 0.000495 2
4 2 0 17 1 0.000156 0
4 2 0 18 4 0.000474 2
4 2 0 19 4 0.000482 1
4 2 0 20 4 0.000462 0
4 2 0 21 3 0.000339 0
4 2 0 22 5 0.000624 2
4 2 0 23 4 0.000498 2
4 2 0 24 4 0.000494 2
4 2 0 25 5 0.000683 2
4 2 0 26 5 0.000656 2
4 2 0 27 3 0.000383 2
4 2 0 28 5 0.000734 2
4 2 0 29 5 0.000705 2
4 2 0 30 5 0.000582 1
4 2 0 31 4 0.000574 2
4 2 0 32 4 0.000588 2
4 2 0 33 5 0.000672 2
4 2 0 34 5 0.000757 2
4 2 0 35 2 0.000204 1
4 2 0 36 5 0.000736 1
4 2 0 37 4 0.000498 2
4 2 0 38 4 0.000477 1
4 2 0 39 1 0.000142 1
4 2 0 40 5 0.000648 2
4 2 0 41 3 0.000350 0
4 2 0 42 4 0.000576 2
4 2 0 43 3 0.000349 2
4 2 0 44 4 0.000506 2
4 2 0 45 5 0.000641 2
4 2 0 46 3 0.000424 2
4 2 0 47 3 0.000329 1
4 2 0 48 3 0.000364 2
4 2 0 49 5 0.000542 1
4 2 0 50 3 0.000337 1
4 2 0 51 2 0.000201 1
4 2 0 52 1 0.000120 0
4 2 0 53 5 0.000813 2
4 2 0 54 1 0.000119 0
4 2 0 55 1 0.000131 2
4 2 0 56 5 0.000612 2
4 2 0 57 3 0.000355 1
4 2 0 58 5 0.000645 1
4 2 0 59 5 0.000669 2
4 2 0 60 3 0.000368 0
4 2 0 61 5 0.000605 2
4 2 0 62 3 0.000302 1
4 2 0 63 3 0.000354 0
4 2 0 64 3 0.000356 0
4 2 0 65 3 0.000368 0
4 2 0 66 5 0.000659 1
4 2 0 67 1 0.000120 1
4 2 0 68 3 0.000437 1
4 2 0 69 5 0.000686 2
4 2 0 70 5 0.000623 2
4 2 0 71 5 0.000702 2
4 2 0 72 1 0.000121 1
4 2 0 73 3 0.000285 1
4 2 0 74 3 0.000373 1
4 2 0 75 3 0.000335 1
4 2 0 76 3 0.000304 1
4 2 0 77 5 0.000690 2
4 2 0 78 3 0.000320 1
4 2 0 79 5 0.000618 2
4 2 0 80 4 0.000501 2
4 2 0 81 4 0.000380 1
4 2 0 82 1 0.000120 2
4 2 0 83 4 0.000495 1
4 2 0 84 3 0.000358 0
4 2 0 85 4 0.000491 2
4 2 0 86 5 0.000700 1
4 2 0 87 5 0.000629 0
4 2 0 88 3 0.000360 2
4 2 0 89 3 0.000376 1
4 2 0 90 5 0.000640 2
4 2 0 91 5 0.000679 1
4 2 0 92 3 0.000358 2
4 2 0 93 5 0.000495 1
4 2 0 94 3 0.000392 2
4 2 0 95 5 0.000458 1
4 2 0 96 5 0.000678 2
4 2 0 97 4 0.000540 0
4 2 0 98 3 0.000359 0
4 2 0 99 5 0.000633 2
4 4 0 0 2 0.000232 1
4 4 0 1 5 0.000670 2
4 4 0 2 4 0.000436 1
4 4 0 3 4 0.000543 1
4 4 0 4 4 0.000580 2
4 4 0 5 5 0.000638 2
4 4 0 6 2 0.000236 1
4 4 0 7 4 0.000563 1
4 4 0 8 6 0.000771 1
4 4 0 9 4 0.000545 2
4 4 0 10 6 0.000776 2
4 4 0 11 2 0.000256 0
4 4 0 12 6 0.000653 1
4 4 0 13 4 0.000554 2
4 4 0 14 4 0.000492 2
4 4 0 15 5 0.000627 1
4 4 0 16 4 0.000511 2
4 4 0 17 2 0.000228 0
4 4 0 18 3 0.000347 2
4 4 0 19 4 0.000618 1
4 4 0 20 4 0.000483 0
4 4 0 21 2 0.000231 0
4 4 0 22 5 0.000700 2
4 4 0 23 5 0.000682 2
4 4 0 24 5 0.000642 2
4 4 0 25 6 0.000777 2
4 4 0 26 6 0.000820 2
4 4 0 27 4 0.000515 2
4 4 0 28 6 0.000783 2
4 4 0 29 5 0.000637 2
4 4 0 30 5 0.000523 1
4 4 0 31 5 0.000666 2
4 4 0 32 4 0.000541 2
4 4 0 33 5 0.000618 2
4 4 0 34 6 0.000827 2
4 4 0 35 2 0.000210 1
4 4 0 36 6 0.000848 1
4 4 0 37 5 0.000604 2
4 4 0 38 4 0.000618 1
4 4 0 39 2 0.000201 1
4 4 0 40 6 0.000832 2
4 4 0 41 2 0.000230 0
4 4 0 42 4 0.000515 2
4 4 0 43 3 0.000361 2
4 4 0 44 4 0.000493 2
4 4 0 45 5 0.000693 2
4 4 0 46 4 0.000585 2
4 4 0 47 4 0.000539 2
4 4 0 48 4 0.000497 2
4 4 0 49 6 0.000719 1
4 4 0 50 4 0.000482 2
4 4 0 51 3 0.000279 1
4 4 0 52 2 0.000230 0
4 4 0 53 5 0.000662 2
4 4 0 54 2 0.000230 0
4 4 0 55 2 0.000275 2
4 4 0 56 5 0.000629 2
4 4 0 57 4 0.000550 2
4 4 0 58 6 0.000833 1
4 4 0 59 6 0.000773 2
4 4 0 60 4 0.000495 0
4 4 0 61 5 0.000604 2
4 4 0 62 2 0.000330 1
4 4 0 63 4 0.000568 0
4 4 0 64 4 0.000484 0
4 4 0 65 4 0.000548 0
4 4 0 66 6 0.000958 1
4 4 0 67 2 0.000205 1
4 4 0 68 4 0.000475 2
4 4 0 69 6 0.000831 2
4 4 0 70 5 0.000683 2
4 4 0 71 5 0.000769 2
4 4 0 72 2 0.000251 1
4 4 0 73 4 0.000412 1
4 4 0 74 4 0.000497 1
4 4 0 75 4 0.000567 2
4 4 0 76 4 0.000456 1
4 4 0 77 5 0.000690 2
4 4 0 78 4 0.000664 2
4 4 0 79 5 0.000726 2
4 4 0 80 5 0.000660 2
4 4 0 81 5 0.000511 1
4 4 0 82 2 0.000257 2
4 4 0 83 5 0.000636 1
4 4 0 84 2 0.000233 0
4 4 0 85 5 0.000643 2
4 4 0 86 6 0.000841 1
4 4 0 87 6 0.000843 0
4 4 0 88 4 0.000501 2
4 4 0 89 3 0.000394 1
4 4 0 90 6 0.000850 2
4 4 0 91 6 0.000822 1
4 4 0 92 4 0.000499 2
4 4 0 93 6 0.000587 1
4 4 0 94 2 0.000308 2
4 4 0 95 5 0.000494 1
4 4 0 96 6 0.000823 2
4 4 0 97 4 0.000502 0
4 4 0 98 4 0.000525 0
4 4 0 99 5 0.000624 2
8 1 0 0 7 0.000608 1
8 1 0 1 7 0.000605 1
8 1 0 2 8 0.001033 2
8 1 0 3 8 0.000738 1
8 1 0 4 7 0.000952 2
8 1 0 5 4 0.000453 1
8 1 0 6 7 0.000827 1
8 1 0 7 6 0.000664 1
8 1 0 8 5 0.000623 2
8 1 0 9 7 0.000858 0
8 1 0 10 8 0.000938 2
8 1 0 11 7 0.000809 2
8 1 0 12 8 0.000714 1
8 1 0 13 7 0.000881 2
8 1 0 14 8 0.000870 1
8 1 0 15 7 0.000767 1
8 1 0 16 7 0.000825 2
8 1 0 17 8 0.000695 1
8 1 0 18 8 0.000936 2
8 1 0 19 7 0.000607 1
8 1 0 20 8 0.001066 2
8 1 0 21 6 0.000636 1
8 1 0 22 8 0.000951 1
8 1 0 23 7 0.000666 1
8 1 0 24 7 0.000591 1
8 1 0 25 8 0.001057 2
8 1 0 26 8 0.000973 2
8 1 0 27 7 0.000652 1
8 1 0 28 8 0.000738 1
8 1 0 29 8 0.000736 1
8 1 0 30 7 0.000892 1
8 1 0 31 6 0.000814 1
8 1 0 32 7 0.000893 1
8 1 0 33 7 0.000926 2
8 1 0 34 6 0.000580 1
8 1 0 35 6 0.000678 1
8 1 0 36 8 0.000745 1
8 1 0 37 6 0.000573 1
8 1 0 38 7 0.000656 1
8 1 0 39 8 0.000974 1
8 1 0 40 6 0.000654 1
8 1 0 41 7 0.000847 2
8 1 0 42 6 0.000596 1
8 1 0 43 8 0.001027 1
8 1 0 44 6 0.000525 1
8 1 0 45 7 0.000602 1
8 1 0 46 8 0.001073 2
8 1 0 47 8 0.000878 1
8 1 0 48 6 0.000765 1
8 1 0 49 7 0.000759 1
8 1 0 50 8 0.001002 1
8 1 0 51 8 0.000766 1
8 1 0 52 8 0.000819 1
8 1 0 53 8 0.001010 2
8 1 0 54 8 0.000806 1
8 1 0 55 7 0.000688 1
8 1 0 56 7 0.000871 1
8 1 0 57 8 0.000968 1
8 1 0 58 8 0.001020 2
8 1 0 59 8 0.000739 1
8 1 0 60 8 0.001011 2
8 1 0 61 7 0.000886 2
8 1 0 62 6 0.000638 1
8 1 0 63 8 0.000746 1
8 1 0 64 8 0.001027 2
8 1 0 65 7 0.000861 2
8 1 0 66 8 0.000914 1
8 1 0 67 8 0.000995 2
8 1 0 68 8 0.000741 1
8 1 0 69 7 0.000894 2
8 1 0 70 7 0.000690 1
8 1 0 71 7 0.000793 1
8 1 0 72 7 0.000677 1
8 1 0 73 7 0.000815 1
8 1 0 74 7 0.000778 1
8 1 0 75 8 0.000792 1
8 1 0 76 8 0.000800 1
8 1 0 77 8 0.001050 1
8 1 0 78 8 0.000954 1
8 1 0 79 6 0.000540 1
8 1 0 80 8 0.001047 2
8 1 0 81 8 0.000714 1
8 1 0 82 6 0.000548 1
8 1 0 83 6 0.000748 2
8 1 0 84 7 0.000823 2
8 1 0 85 6 0.000591 1
8 1 0 86 8 0.001029 2
8 1 0 87 7 0.000615 1
8 1 0 88 8 0.000826 1
8 1 0 89 8 0.000766 1
8 1 0 90 8 0.000763 1
8 1 0 91 7 0.000838 2
8 1 0 92 7 0.000677 1
8 1 0 93 6 0.000536 1
8 1 0 94 8 0.000833 1
8 1 0 95 8 0.000831 1
8 1 0 96 6 0.000778 1
8 1 0 97 8 0.000697 1
8 1 0 98 8 0.000718 1
8 1 0 99 8 0.000976 2
8 2 0 0 9 0.000941 1
8 2 0 1 7 0.000671 1
8 2 0 2 7 0.000991 2
8 2 0 3 8 0.001024 2
8 2 0 4 4 0.000478 2
8 2 0 5 4 0.000430 1
8 2 0 6 9 0.001309 2
8 2 0 7 6 0.000814 2
8 2 0 8 5 0.000614 2
8 2 0 9 8 0.001073 2
8 2 0 10 8 0.001176 2
8 2 0 11 6 0.000749 2
8 2 0 12 7 0.000700 1
8 2 0 13 9 0.001389 2
8 2 0 14 8 0.001115 2
8 2 0 15 9 0.001331 2
8 2 0 16 8 0.001084 2
8 2 0 17 8 0.000837 1
8 2 0 18 7 0.001035 2
8 2 0 19 6 0.000615 1
8 2 0 20 9 0.001210 2
8 2 0 21 6 0.000691 1
8 2 0 22 9 0.001316 2
8 2 0 23 9 0.001362 2
8 2 0 24 4 0.000429 1
8 2 0 25 6 0.000860 2
8 2 0 26 9 0.001271 2
8 2 0 27 9 0.001106 1
8 2 0 28 10 0.001130 1
8 2 0 29 9 0.000981 1
8 2 0 30 9 0.001233 1
8 2 0 31 8 0.001146 1
8 2 0 32 7 0.000903 1
8 2 0 33 8 0.001109 2
8 2 0 34 8 0.000786 1
8 2 0 35 8 0.000950 1
8 2 0 36 10 0.001196 1
8 2 0 37 8 0.000899 1
8 2 0 38 8 0.000894 1
8 2 0 39 10 0.001473 2
8 2 0 40 7 0.000885 2
8 2 0 41 7 0.000938 2
8 2 0 42 8 0.001055 2
8 2 0 43 9 0.001327 1
8 2 0 44 8 0.000819 1
8 2 0 45 9 0.000894 1
8 2 0 46 10 0.001517 2
8 2 0 47 6 0.000775 2
8 2 0 48 7 0.001006 1
8 2 0 49 6 0.000645 1
8 2 0 50 8 0.001232 2
8 2 0 51 10 0.001053 1
8 2 0 52 10 0.001239 1
8 2 0 53 9 0.001465 2
8 2 0 54 8 0.001066 2
8 2 0 55 8 0.001080 2
8 2 0 56 9 0.001181 2
8 2 0 57 7 0.001025 1
8 2 0 58 10 0.001433 2
8 2 0 59 7 0.000709 1
8 2 0 60 10 0.001457 2
8 2 0 61 10 0.001382 2
8 2 0 62 7 0.000984 2
8 2 0 63 9 0.000940 1
8 2 0 64 10 0.001490 2
8 2 0 65 8 0.001205 2
8 2 0 66 8 0.001033 1
8 2 0 67 10 0.001559 2
8 2 0 68 9 0.001019 1
8 2 0 69 9 0.001302 2
8 2 0 70 8 0.001093 1
8 2 0 71 8 0.001169 2
8 2 0 72 9 0.000982 1
8 2 0 73 8 0.001187 2
8 2 0 74 8 0.001092 1
8 2 0 75 8 0.001090 2
8 2 0 76 8 0.000833 1
8 2 0 77 9 0.001419 1
8 2 0 78 9 0.001148 2
8 2 0 79 6 0.000543 1
8 2 0 80 10 0.001533 2
8 2 0 81 8 0.000844 1
8 2 0 82 6 0.000588 1
8 2 0 83 5 0.000712 2
8 2 0 84 8 0.001172 2
8 2 0 85 7 0.000928 2
8 2 0 86 7 0.001034 2
8 2 0 87 8 0.001146 2
8 2 0 88 5 0.000681 1
8 2 0 89 9 0.001189 2
8 2 0 90 8 0.000815 1
8 2 0 91 7 0.000943 2
8 2 0 92 8 0.001218 2
8 2 0 93 7 0.000699 1
8 2 0 94 10 0.001397 1
8 2 0 95 9 0.001013 1
8 2 0 96 5 0.000577 1
8 2 0 97 9 0.000938 1
8 2 0 98 9 0.001045 1
8 2 0 99 7 0.001012 2
8 4 0 0 8 0.000908 1
8 4 0 1 7 0.000791 1
8 4 0 2 11 0.001836 2
8 4 0 3 11 0.001852 2
8 4 0 4 5 0.000712 2
8 4 0 5 3 0.000373 1
8 4 0 6 11 0.001774 2
8 4 0 7 5 0.000689 2
8 4 0 8 5 0.000650 2
8 4 0 9 8 0.001084 2
8 4 0 10 10 0.001619 2
8 4 0 11 8 0.001148 2
8 4 0 12 10 0.001212 1
8 4 0 13 11 0.001968 2
8 4 0 14 10 0.001555 2
8 4 0 15 9 0.001486 2
8 4 0 16 7 0.000991 2
8 4 0 17 10 0.001202 1
8 4 0 18 10 0.001505 2
8 4 0 19 6 0.000658 1
8 4 0 20 11 0.001711 2
8 4 0 21 8 0.001023 2
8 4 0 22 11 0.001731 2
8 4 0 23 10 0.001643 2
8 4 0 24 6 0.000605 1
8 4 0 25 9 0.001504 2
8 4 0 26 10 0.001624 2
8 4 0 27 11 0.001389 1
8 4 0 28 12 0.001526 1
8 4 0 29 11 0.001369 1
8 4 0 30 9 0.001511 1
8 4 0 31 10 0.001714 1
8 4 0 32 8 0.001130 1
8 4 0 33 9 0.001449 2
8 4 0 34 8 0.000957 1
8 4 0 35 6 0.000900 1
8 4 0 36 12 0.001604 1
8 4 0 37 7 0.000730 1
8 4 0 38 9 0.001124 1
8 4 0 39 13 0.002206 2
8 4 0 40 7 0.000946 2
8 4 0 41 7 0.000888 2
8 4 0 42 6 0.000841 2
8 4 0 43 11 0.002030 1
8 4 0 44 9 0.001046 1
8 4 0 45 8 0.000839 1
8 4 0 46 13 0.002420 2
8 4 0 47 8 0.001164 2
8 4 0 48 10 0.001440 2
8 4 0 49 8 0.001172 2
8 4 0 50 12 0.002117 2
8 4 0 51 12 0.001559 1
8 4 0 52 13 0.001995 1
8 4 0 53 11 0.001920 2
8 4 0 54 10 0.001369 2
8 4 0 55 9 0.001267 2
8 4 0 56 10 0.001480 2
8 4 0 57 11 0.001850 1
8 4 0 58 12 0.002053 2
8 4 0 59 10 0.001169 1
8 4 0 60 12 0.002168 2
8 4 0 61 10 0.001739 2
8 4 0 62 8 0.001138 2
8 4 0 63 11 0.001256 1
8 4 0 64 12 0.002146 2
8 4 0 65 9 0.001373 2
8 4 0 66 10 0.001485 1
8 4 0 67 13 0.002383 2
8 4 0 68 10 0.001323 1
8 4 0 69 8 0.001347 2
8 4 0 70 9 0.001376 1
8 4 0 71 9 0.001497 2
8 4 0 72 10 0.001262 1
8 4 0 73 9 0.001570 2
8 4 0 74 7 0.001082 1
8 4 0 75 10 0.001579 2
8 4 0 76 12 0.001589 1
8 4 0 77 11 0.001826 1
8 4 0 78 11 0.001674 2
8 4 0 79 6 0.000610 1
8 4 0 80 13 0.002565 2
8 4 0 81 10 0.001360 1
8 4 0 82 8 0.000873 1
8 4 0 83 6 0.000892 2
8 4 0 84 7 0.000965 2
8 4 0 85 9 0.001378 2
8 4 0 86 10 0.001531 2
8 4 0 87 8 0.001174 2
8 4 0 88 8 0.001189 1
8 4 0 89 10 0.001588 2
8 4 0 90 12 0.001612 1
8 4 0 91 8 0.001136 2
8 4 0 92 8 0.001254 2
8 4 0 93 6 0.000613 1
8 4 0 94 13 0.002165 1
8 4 0 95 11 0.001469 1
8 4 0 96 6 0.001029 1
8 4 0 97 10 0.001247 1
8 4 0 98 11 0.001546 1
8 4 0 99 9 0.001464 2
8 8 0 0 9 0.001082 1
8 8 0 1 7 0.000884 1
8 8 0 2 10 0.001709 2
8 8 0 3 10 0.001583 2
8 8 0 4 5 0.000672 2
8 8 0 5 4 0.000511 1
8 8 0 6 12 0.002115 2
8 8 0 7 6 0.000913 2
8 8 0 8 6 0.000856 2
8 8 0 9 8 0.001166 2
8 8 0 10 10 0.001605 2
8 8 0 11 7 0.000981 2
8 8 0 12 9 0.001261 1
8 8 0 13 12 0.002271 2
8 8 0 14 10 0.001789 2
8 8 0 15 9 0.001474 2
8 8 0 16 8 0.001222 2
8 8 0 17 10 0.001361 1
8 8 0 18 10 0.001573 2
8 8 0 19 7 0.000859 1
8 8 0 20 11 0.001853 2
8 8 0 21 7 0.001083 2
8 8 0 22 11 0.001875 2
8 8 0 23 10 0.001693 2
8 8 0 24 6 0.000677 1
8 8 0 25 9 0.001466 2
8 8 0 26 10 0.001580 2
8 8 0 27 11 0.001519 1
8 8 0 28 13 0.001843 1
8 8 0 29 12 0.001635 1
8 8 0 30 10 0.001851 1
8 8 0 31 10 0.001973 1
8 8 0 32 9 0.001345 1
8 8 0 33 10 0.001689 2
8 8 0 34 9 0.001211 1
8 8 0 35 7 0.001070 1
8 8 0 36 12 0.001787 1
8 8 0 37 7 0.000806 1
8 8 0 38 10 0.001328 1
8 8 0 39 13 0.002417 2
8 8 0 40 7 0.000976 2
8 8 0 41 7 0.000923 2
8 8 0 42 7 0.001054 2
8 8 0 43 11 0.001994 1
8 8 0 44 9 0.001117 1
8 8 0 45 8 0.000929 1
8 8 0 46 13 0.002540 2
8 8 0 47 8 0.001172 2
8 8 0 48 8 0.001204 2
8 8 0 49 8 0.001201 2
8 8 0 50 12 0.002249 2
8 8 0 51 12 0.001629 1
8 8 0 52 14 0.002486 1
8 8 0 53 11 0.002000 2
8 8 0 54 9 0.001368 2
8 8 0 55 9 0.001254 2
8 8 0 56 11 0.001666 2
8 8 0 57 11 0.002033 1
8 8 0 58 13 0.002226 2
8 8 0 59 10 0.001414 1
8 8 0 60 13 0.002638 2
8 8 0 61 11 0.002027 2
8 8 0 62 7 0.001086 2
8 8 0 63 10 0.001270 1
8 8 0 64 12 0.002293 2
8 8 0 65 9 0.001451 2
8 8 0 66 9 0.001332 1
8 8 0 67 13 0.002491 2
8 8 0 68 11 0.001602 1
8 8 0 69 9 0.001392 2
8 8 0 70 9 0.001499 1
8 8 0 71 9 0.001470 2
8 8 0 72 11 0.001518 1
8 8 0 73 10 0.001688 2
8 8 0 74 8 0.001151 1
8 8 0 75 11 0.001768 2
8 8 0 76 11 0.001538 1
8 8 0 77 11 0.001973 1
8 8 0 78 11 0.001702 2
8 8 0 79 5 0.000575 1
8 8 0 80 13 0.002571 2
8 8 0 81 10 0.001192 1
8 8 0 82 7 0.000777 1
8 8 0 83 7 0.001053 2
8 8 0 84 8 0.001219 2
8 8 0 85 9 0.001515 2
8 8 0 86 9 0.001516 2
8 8 0 87 8 0.001243 2
8 8 0 88 8 0.001243 1
8 8 0 89 10 0.001640 2
8 8 0 90 12 0.001746 1
8 8 0 91 9 0.001484 2
8 8 0 92 9 0.001389 2
8 8 0 93 7 0.000697 1
8 8 0 94 12 0.002137 1
8 8 0 95 12 0.001761 1
8 8 0 96 6 0.000825 1
8 8 0 97 11 0.001399 1
8 8 0 98 12 0.001835 1
8 8 0 99 10 0.001582 2
16 1 0 0 15 0.001709 1
16 1 0 1 13 0.001354 1
16 1 0 2 15 0.001650 1
16 1 0 3 16 0.002082 1
16 1 0 4 15 0.001588 1
16 1 0 5 14 0.001562 1
16 1 0 6 16 0.001488 1
16 1 0 7 16 0.001491 1
16 1 0 8 15 0.001365 1
16 1 0 9 14 0.001862 2
16 1 0 10 15 0.001890 2
16 1 0 11 12 0.001176 1
16 1 0 12 11 0.001282 1
16 1 0 13 15 0.001538 1
16 1 0 14 16 0.001955 1
16 1 0 15 14 0.001363 1
16 1 0 16 15 0.001892 1
16 1 0 17 16 0.001445 1
16 1 0 18 16 0.002076 2
16 1 0 19 14 0.001586 1
16 1 0 20 16 0.001522 1
16 1 0 21 16 0.002071 2
16 1 0 22 14 0.001372 1
16 1 0 23 15 0.001395 1
16 1 0 24 12 0.001476 2
16 1 0 25 13 0.001235 1
16 1 0 26 11 0.001251 1
16 1 0 27 12 0.001109 1
16 1 0 28 15 0.001383 1
16 1 0 29 16 0.001534 1
16 1 0 30 14 0.001234 1
16 1 0 31 15 0.001724 1
16 1 0 32 13 0.001320 1
16 1 0 33 14 0.001671 2
16 1 0 34 15 0.001469 1
16 1 0 35 15 0.001587 1
16 1 0 36 15 0.001367 1
16 1 0 37 12 0.001468 2
16 1 0 38 15 0.001823 2
16 1 0 39 14 0.001403 1
16 1 0 40 12 0.001419 1
16 1 0 41 15 0.001880 1
16 1 0 42 15 0.001403 1
16 1 0 43 16 0.001634 1
16 1 0 44 16 0.001716 1
16 1 0 45 14 0.001366 1
16 1 0 46 15 0.001453 1
16 1 0 47 14 0.001749 2
16 1 0 48 15 0.001415 1
16 1 0 49 13 0.001342 1
16 1 0 50 13 0.001493 1
16 1 0 51 16 0.001607 1
16 1 0 52 15 0.001400 1
16 1 0 53 12 0.001084 1
16 1 0 54 15 0.001829 1
16 1 0 55 16 0.002334 2
16 1 0 56 15 0.001782 1
16 1 0 57 15 0.001934 1
16 1 0 58 15 0.001858 1
16 1 0 59 16 0.001641 1
16 1 0 60 16 0.001981 1
16 1 0 61 16 0.001676 1
16 1 0 62 16 0.001966 2
16 1 0 63 14 0.001289 1
16 1 0 64 14 0.001235 1
16 1 0 65 14 0.001762 1
16 1 0 66 16 0.001710 1
16 1 0 67 16 0.002159 2
16 1 0 68 14 0.001523 1
16 1 0 69 13 0.001237 1
16 1 0 70 14 0.001237 1
16 1 0 71 16 0.001465 1
16 1 0 72 16 0.001899 1
16 1 0 73 15 0.001512 1
16 1 0 74 16 0.002028 2
16 1 0 75 12 0.001238 1
16 1 0 76 15 0.001364 1
16 1 0 77 15 0.001765 1
16 1 0 78 15 0.001467 1
16 1 0 79 16 0.001545 1
16 1 0 80 16 0.001618 1
16 1 0 81 16 0.001779 1
16 1 0 82 16 0.001719 1
16 1 0 83 16 0.001458 1
16 1 0 84 15 0.001927 1
16 1 0 85 16 0.001463 1
16 1 0 86 15 0.001827 2
16 1 0 87 15 0.001607 1
16 1 0 88 16 0.002049 1
16 1 0 89 16 0.002064 2
16 1 0 90 16 0.001518 1
16 1 0 91 15 0.001449 1
16 1 0 92 15 0.001471 1
16 1 0 93 16 0.001523 1
16 1 0 94 16 0.001693 1
16 1 0 95 16 0.001586 1
16 1 0 96 14 0.001409 1
16 1 0 97 14 0.001724 1
16 1 0 98 16 0.002126 2
16 1 0 99 15 0.001498 1
16 2 0 0 16 0.002504 2
16 2 0 1 12 0.001756 1
16 2 0 2 14 0.002061 2
16 2 0 3 15 0.002217 1
16 2 0 4 17 0.002620 2
16 2 0 5 17 0.002319 2
16 2 0 6 15 0.001721 1
16 2 0 7 16 0.001725 1
16 2 0 8 17 0.002425 1
16 2 0 9 14 0.001884 2
16 2 0 10 16 0.002110 2
16 2 0 11 16 0.002105 1
16 2 0 12 15 0.002140 2
16 2 0 13 16 0.002496 2
16 2 0 14 17 0.002487 1
16 2 0 15 17 0.002332 2
16 2 0 16 17 0.002517 1
16 2 0 17 15 0.001651 1
16 2 0 18 16 0.002250 2
16 2 0 19 17 0.002361 2
16 2 0 20 18 0.002236 1
16 2 0 21 17 0.002737 2
16 2 0 22 14 0.001884 2
16 2 0 23 14 0.001592 1
16 2 0 24 13 0.001785 2
16 2 0 25 12 0.001276 1
16 2 0 26 13 0.001610 1
16 2 0 27 14 0.001585 1
16 2 0 28 18 0.001894 1
16 2 0 29 17 0.002459 2
16 2 0 30 13 0.001443 1
16 2 0 31 15 0.002282 2
16 2 0 32 15 0.002235 1
16 2 0 33 11 0.001528 2
16 2 0 34 16 0.002436 2
16 2 0 35 14 0.001982 2
16 2 0 36 14 0.001882 2
16 2 0 37 16 0.002271 2
16 2 0 38 15 0.002258 2
16 2 0 39 13 0.001971 1
16 2 0 40 11 0.001410 1
16 2 0 41 16 0.002362 1
16 2 0 42 15 0.001923 2
16 2 0 43 18 0.002726 2
16 2 0 44 18 0.002973 2
16 2 0 45 16 0.002039 1
16 2 0 46 15 0.002142 2
16 2 0 47 14 0.001886 2
16 2 0 48 15 0.001714 1
16 2 0 49 14 0.001870 1
16 2 0 50 16 0.002210 2
16 2 0 51 16 0.002047 1
16 2 0 52 15 0.001562 1
16 2 0 53 12 0.001229 1
16 2 0 54 17 0.002561 2
16 2 0 55 17 0.002687 2
16 2 0 56 15 0.002316 2
16 2 0 57 13 0.001871 2
16 2 0 58 16 0.002347 2
16 2 0 59 18 0.002622 1
16 2 0 60 17 0.002837 2
16 2 0 61 15 0.002415 1
16 2 0 62 15 0.002182 2
16 2 0 63 13 0.002123 2
16 2 0 64 15 0.001576 1
16 2 0 65 17 0.002459 2
16 2 0 66 16 0.002471 2
16 2 0 67 17 0.002684 2
16 2 0 68 15 0.002277 2
16 2 0 69 14 0.001372 1
16 2 0 70 14 0.001391 1
16 2 0 71 17 0.002233 1
16 2 0 72 17 0.002838 1
16 2 0 73 17 0.002364 1
16 2 0 74 14 0.001945 2
16 2 0 75 13 0.001666 2
16 2 0 76 17 0.001930 1
16 2 0 77 18 0.002709 2
16 2 0 78 16 0.002367 1
16 2 0 79 15 0.002107 2
16 2 0 80 16 0.001867 1
16 2 0 81 16 0.002376 2
16 2 0 82 18 0.002657 2
16 2 0 83 15 0.001763 1
16 2 0 84 17 0.002556 2
16 2 0 85 17 0.002155 1
16 2 0 86 18 0.002841 2
16 2 0 87 16 0.002356 2
16 2 0 88 18 0.002956 2
16 2 0 89 18 0.002961 2
16 2 0 90 15 0.001804 1
16 2 0 91 16 0.001871 1
16 2 0 92 15 0.002047 1
16 2 0 93 17 0.002084 1
16 2 0 94 17 0.002404 1
16 2 0 95 16 0.002378 2
16 2 0 96 15 0.002289 2
16 2 0 97 16 0.002724 2
16 2 0 98 16 0.002655 2
16 2 0 99 17 0.002413 1
16 4 0 0 19 0.004170 2
16 4 0 1 13 0.001928 1
16 4 0 2 16 0.003397 2
16 4 0 3 16 0.002842 1
16 4 0 4 19 0.004009 2
16 4 0 5 17 0.002811 2
16 4 0 6 18 0.003065 1
16 4 0 7 21 0.003570 1
16 4 0 8 20 0.004079 1
16 4 0 9 17 0.002916 2
16 4 0 10 18 0.003132 2
16 4 0 11 14 0.002217 1
16 4 0 12 16 0.002804 2
16 4 0 13 18 0.003790 2
16 4 0 14 19 0.003745 1
16 4 0 15 18 0.003332 2
16 4 0 16 18 0.003285 1
16 4 0 17 17 0.002640 1
16 4 0 18 17 0.003011 2
16 4 0 19 17 0.003179 2
16 4 0 20 20 0.003657 1
16 4 0 21 18 0.003619 2
16 4 0 22 16 0.002735 2
16 4 0 23 17 0.003088 1
16 4 0 24 14 0.002273 2
16 4 0 25 15 0.002385 1
16 4 0 26 10 0.001411 1
16 4 0 27 16 0.002430 1
16 4 0 28 20 0.003183 1
16 4 0 29 19 0.003751 2
16 4 0 30 16 0.002485 1
16 4 0 31 17 0.003288 2
16 4 0 32 17 0.003323 1
16 4 0 33 12 0.001807 2
16 4 0 34 19 0.003960 2
16 4 0 35 16 0.002983 2
16 4 0 36 17 0.002801 2
16 4 0 37 17 0.003128 2
16 4 0 38 19 0.003973 2
16 4 0 39 16 0.003074 1
16 4 0 40 12 0.001593 1
16 4 0 41 15 0.002838 1
16 4 0 42 17 0.002982 2
16 4 0 43 22 0.004862 2
16 4 0 44 19 0.004180 2
16 4 0 45 16 0.002545 1
16 4 0 46 16 0.003016 2
16 4 0 47 16 0.002507 2
16 4 0 48 18 0.003198 1
16 4 0 49 14 0.002476 1
16 4 0 50 15 0.002484 2
16 4 0 51 20 0.003772 1
16 4 0 52 18 0.002607 1
16 4 0 53 14 0.002079 1
16 4 0 54 17 0.003508 2
16 4 0 55 19 0.004048 2
16 4 0 56 18 0.003850 2
16 4 0 57 15 0.002986 2
16 4 0 58 20 0.004308 2
16 4 0 59 19 0.003811 1
16 4 0 60 20 0.004433 2
16 4 0 61 19 0.004017 1
16 4 0 62 20 0.004404 2
16 4 0 63 17 0.003391 2
16 4 0 64 17 0.002234 1
16 4 0 65 18 0.003442 2
16 4 0 66 18 0.003558 2
16 4 0 67 21 0.004434 2
16 4 0 68 16 0.002957 2
16 4 0 69 14 0.001590 1
16 4 0 70 17 0.002135 1
16 4 0 71 20 0.004043 1
16 4 0 72 21 0.004983 1
16 4 0 73 16 0.002712 1
16 4 0 74 17 0.003073 2
16 4 0 75 13 0.001947 2
16 4 0 76 18 0.002913 1
16 4 0 77 18 0.003750 2
16 4 0 78 17 0.003399 1
16 4 0 79 16 0.002756 2
16 4 0 80 20 0.003465 1
16 4 0 81 20 0.004244 2
16 4 0 82 21 0.004839 2
16 4 0 83 19 0.003182 1
16 4 0 84 17 0.003141 2
16 4 0 85 21 0.004164 1
16 4 0 86 20 0.003856 2
16 4 0 87 18 0.003395 2
16 4 0 88 19 0.004128 2
16 4 0 89 21 0.004589 2
16 4 0 90 19 0.003175 1
16 4 0 91 19 0.003194 1
16 4 0 92 17 0.003104 1
16 4 0 93 20 0.003897 1
16 4 0 94 20 0.004208 1
16 4 0 95 18 0.002982 2
16 4 0 96 17 0.003548 2
16 4 0 97 19 0.004395 2
16 4 0 98 19 0.003851 2
16 4 0 99 21 0.004368 1
16 8 0 0 23 0.007145 2
16 8 0 1 15 0.002570 1
16 8 0 2 19 0.005186 2
16 8 0 3 21 0.005378 1
16 8 0 4 23 0.006473 2
16 8 0 5 21 0.004417 2
16 8 0 6 20 0.004863 1
16 8 0 7 24 0.005866 1
16 8 0 8 24 0.006224 1
16 8 0 9 18 0.003858 2
16 8 0 10 21 0.004856 2
16 8 0 11 18 0.004017 1
16 8 0 12 16 0.003174 2
16 8 0 13 24 0.006740 2
16 8 0 14 23 0.005756 1
16 8 0 15 22 0.005524 2
16 8 0 16 23 0.005462 1
16 8 0 17 20 0.004557 1
16 8 0 18 22 0.005530 2
16 8 0 19 20 0.005225 2
16 8 0 20 26 0.007412 1
16 8 0 21 24 0.007281 2
16 8 0 22 18 0.003955 2
16 8 0 23 20 0.004270 1
16 8 0 24 14 0.002905 2
16 8 0 25 17 0.003669 1
16 8 0 26 13 0.002269 1
16 8 0 27 17 0.003394 1
16 8 0 28 24 0.005454 1
16 8 0 29 25 0.006298 2
16 8 0 30 18 0.003351 1
16 8 0 31 21 0.005842 2
16 8 0 32 22 0.005773 1
16 8 0 33 14 0.002558 2
16 8 0 34 20 0.005484 2
16 8 0 35 20 0.005077 2
16 8 0 36 18 0.003880 2
16 8 0 37 18 0.004501 2
16 8 0 38 21 0.005706 2
16 8 0 39 18 0.004026 1
16 8 0 40 13 0.002059 1
16 8 0 41 21 0.006240 1
16 8 0 42 20 0.003998 2
16 8 0 43 28 0.009075 2
16 8 0 44 26 0.007952 2
16 8 0 45 19 0.004216 1
16 8 0 46 18 0.004456 2
16 8 0 47 16 0.002968 2
16 8 0 48 19 0.004363 1
16 8 0 49 17 0.003600 1
16 8 0 50 18 0.003453 2
16 8 0 51 24 0.005924 1
16 8 0 52 22 0.004393 1
16 8 0 53 15 0.002385 1
16 8 0 54 19 0.004814 2
16 8 0 55 24 0.006568 2
16 8 0 56 20 0.004421 2
16 8 0 57 18 0.004064 2
16 8 0 58 25 0.007081 2
16 8 0 59 24 0.006888 1
16 8 0 60 25 0.007862 2
16 8 0 61 23 0.006269 1
16 8 0 62 22 0.006322 2
16 8 0 63 19 0.004410 2
16 8 0 64 20 0.003983 1
16 8 0 65 20 0.005125 2
16 8 0 66 21 0.005329 2
16 8 0 67 25 0.007532 2
16 8 0 68 19 0.004434 2
16 8 0 69 17 0.002323 1
16 8 0 70 18 0.002750 1
16 8 0 71 26 0.007835 1
16 8 0 72 27 0.009395 1
16 8 0 73 19 0.004189 1
16 8 0 74 20 0.004798 2
16 8 0 75 16 0.002664 2
16 8 0 76 24 0.005411 1
16 8 0 77 23 0.006938 2
16 8 0 78 22 0.005721 1
16 8 0 79 21 0.005065 2
16 8 0 80 23 0.005514 1
16 8 0 81 25 0.007040 2
16 8 0 82 26 0.008642 2
16 8 0 83 22 0.004768 1
16 8 0 84 21 0.005712 2
16 8 0 85 26 0.007588 1
16 8 0 86 23 0.005753 2
16 8 0 87 19 0.004062 2
16 8 0 88 26 0.008629 2
16 8 0 89 27 0.009032 2
16 8 0 90 22 0.005255 1
16 8 0 91 23 0.005215 1
16 8 0 92 20 0.004827 1
16 8 0 93 26 0.008123 1
16 8 0 94 24 0.006911 1
16 8 0 95 23 0.005544 2
16 8 0 96 19 0.005096 2
16 8 0 97 21 0.006119 2
16 8 0 98 23 0.006752 2
16 8 0 99 27 0.008643 1
32 1 0 0 31 0.002870 1
32 1 0 1 30 0.003110 1
32 1 0 2 31 0.003115 1
32 1 0 3 31 0.002879 1
32 1 0 4 31 0.003875 1
32 1 0 5 31 0.003911 1
32 1 0 6 31 0.002966 1
32 1 0 7 25 0.002294 1
32 1 0 8 29 0.003070 1
32 1 0 9 31 0.002795 1
32 1 0 10 27 0.002925 1
32 1 0 11 30 0.003851 1
32 1 0 12 27 0.002690 1
32 1 0 13 29 0.002717 1
32 1 0 14 28 0.002952 1
32 1 0 15 30 0.003704 1
32 1 0 16 31 0.003931 1
32 1 0 17 28 0.002852 1
32 1 0 18 30 0.002817 1
32 1 0 19 32 0.003859 1
32 1 0 20 26 0.002298 1
32 1 0 21 31 0.002766 1
32 1 0 22 32 0.003249 1
32 1 0 23 29 0.002704 1
32 1 0 24 29 0.002734 1
32 1 0 25 31 0.002747 1
32 1 0 26 31 0.002904 1
32 1 0 27 27 0.002426 1
32 1 0 28 32 0.002944 1
32 1 0 29 31 0.002882 1
32 1 0 30 30 0.003150 1
32 1 0 31 32 0.003082 1
32 1 0 32 28 0.002592 1
32 1 0 33 29 0.002594 1
32 1 0 34 31 0.002861 1
32 1 0 35 29 0.003716 1
32 1 0 36 32 0.002989 1
32 1 0 37 29 0.002794 1
32 1 0 38 31 0.002893 1
32 1 0 39 23 0.002483 1
32 1 0 40 31 0.003641 1
32 1 0 41 31 0.003047 1
32 1 0 42 31 0.002805 1
32 1 0 43 32 0.002832 1
32 1 0 44 28 0.002574 1
32 1 0 45 31 0.003282 1
32 1 0 46 29 0.002500 1
32 1 0 47 29 0.003530 1
32 1 0 48 26 0.002190 1
32 1 0 49 31 0.002940 1
32 1 0 50 30 0.002925 1
32 1 0 51 29 0.002840 1
32 1 0 52 31 0.004016 2
32 1 0 53 27 0.002646 1
32 1 0 54 29 0.002706 1
32 1 0 55 28 0.003088 1
32 1 0 56 30 0.003714 1
32 1 0 57 30 0.002847 1
32 1 0 58 32 0.003200 1
32 1 0 59 28 0.002437 1
32 1 0 60 31 0.003500 1
32 1 0 61 29 0.002621 1
32 1 0 62 32 0.003592 1
32 1 0 63 29 0.002534 1
32 1 0 64 32 0.003433 1
32 1 0 65 30 0.003244 1
32 1 0 66 28 0.002533 1
32 1 0 67 31 0.003308 1
32 1 0 68 27 0.002425 1
32 1 0 69 29 0.003045 1
32 1 0 70 27 0.002395 1
32 1 0 71 31 0.003003 1
32 1 0 72 31 0.002889 1
32 1 0 73 30 0.003068 1
32 1 0 74 30 0.003604 1
32 1 0 75 31 0.003070 1
32 1 0 76 31 0.003087 1
32 1 0 77 32 0.003099 1
32 1 0 78 30 0.002575 1
32 1 0 79 31 0.003270 1
32 1 0 80 29 0.003500 1
32 1 0 81 32 0.003173 1
32 1 0 82 31 0.003316 1
32 1 0 83 29 0.002907 1
32 1 0 84 31 0.003742 1
32 1 0 85 29 0.003252 1
32 1 0 86 32 0.003365 1
32 1 0 87 28 0.002859 1
32 1 0 88 30 0.002924 1
32 1 0 89 31 0.003072 1
32 1 0 90 31 0.002837 1
32 1 0 91 32 0.003070 1
32 1 0 92 27 0.002579 1
32 1 0 93 28 0.003061 1
32 1 0 94 31 0.003504 1
32 1 0 95 26 0.002382 1
32 1 0 96 30 0.003391 1
32 1 0 97 29 0.002900 1
32 1 0 98 31 0.003972 1
32 1 0 99 31 0.002990 1
32 2 0 0 32 0.004745 2
32 2 0 1 30 0.003655 1
32 2 0 2 30 0.004337 2
32 2 0 3 31 0.004380 2
32 2 0 4 30 0.004275 2
32 2 0 5 33 0.004488 2
32 2 0 6 32 0.003711 1
32 2 0 7 26 0.003339 2
32 2 0 8 30 0.004750 2
32 2 0 9 33 0.003413 1
32 2 0 10 28 0.004004 2
32 2 0 11 30 0.004725 2
32 2 0 12 32 0.004752 2
32 2 0 13 31 0.004009 1
32 2 0 14 28 0.004082 1
32 2 0 15 32 0.004816 2
32 2 0 16 32 0.005059 1
32 2 0 17 30 0.003653 1
32 2 0 18 31 0.004368 1
32 2 0 19 33 0.005369 2
32 2 0 20 29 0.003237 1
32 2 0 21 33 0.003783 1
32 2 0 22 32 0.004956 2
32 2 0 23 32 0.004598 1
32 2 0 24 33 0.004643 1
32 2 0 25 29 0.004098 2
32 2 0 26 33 0.003769 1
32 2 0 27 27 0.003725 2
32 2 0 28 33 0.004098 1
32 2 0 29 33 0.005410 2
32 2 0 30 30 0.004389 1
32 2 0 31 33 0.004846 1
32 2 0 32 26 0.003810 2
32 2 0 33 28 0.002877 1
32 2 0 34 28 0.003382 1
32 2 0 35 31 0.004548 2
32 2 0 36 33 0.005041 2
32 2 0 37 27 0.003727 1
32 2 0 38 30 0.003483 1
32 2 0 39 24 0.003080 1
32 2 0 40 30 0.004571 2
32 2 0 41 28 0.004077 2
32 2 0 42 31 0.003644 1
32 2 0 43 30 0.003697 1
32 2 0 44 29 0.003619 1
32 2 0 45 33 0.005237 2
32 2 0 46 30 0.003460 1
32 2 0 47 32 0.004512 1
32 2 0 48 27 0.002583 1
32 2 0 49 29 0.004488 2
32 2 0 50 33 0.004261 1
32 2 0 51 28 0.003920 1
32 2 0 52 29 0.003985 2
32 2 0 53 29 0.004093 1
32 2 0 54 25 0.003468 1
32 2 0 55 30 0.004056 2
32 2 0 56 28 0.004432 2
32 2 0 57 31 0.003799 1
32 2 0 58 33 0.005203 1
32 2 0 59 28 0.002919 1
32 2 0 60 31 0.005143 2
32 2 0 61 28 0.003139 1
32 2 0 62 32 0.004775 2
32 2 0 63 29 0.003109 1
32 2 0 64 29 0.004364 2
32 2 0 65 32 0.004908 2
32 2 0 66 31 0.004600 2
32 2 0 67 33 0.004684 2
32 2 0 68 26 0.002564 1
32 2 0 69 29 0.003951 1
32 2 0 70 25 0.002598 1
32 2 0 71 30 0.004325 1
32 2 0 72 33 0.004807 1
32 2 0 73 33 0.005404 2
32 2 0 74 29 0.004364 2
32 2 0 75 28 0.002947 1
32 2 0 76 32 0.004797 2
32 2 0 77 32 0.004803 1
32 2 0 78 29 0.002972 1
32 2 0 79 32 0.004725 2
32 2 0 80 28 0.003784 2
32 2 0 81 32 0.005106 2
32 2 0 82 32 0.004791 1
32 2 0 83 31 0.003961 1
32 2 0 84 31 0.004922 2
32 2 0 85 27 0.004127 1
32 2 0 86 31 0.004336 1
32 2 0 87 29 0.003968 2
32 2 0 88 30 0.003559 1
32 2 0 89 30 0.004441 1
32 2 0 90 31 0.004746 2
32 2 0 91 32 0.004758 1
32 2 0 92 29 0.003583 1
32 2 0 93 29 0.004382 2
32 2 0 94 26 0.003831 1
32 2 0 95 26 0.002592 1
32 2 0 96 32 0.004327 1
32 2 0 97 28 0.003762 1
32 2 0 98 32 0.005379 1
32 2 0 99 33 0.003638 1
32 4 0 0 35 0.007076 2
32 4 0 1 32 0.006268 2
32 4 0 2 32 0.006624 2
32 4 0 3 32 0.006431 2
32 4 0 4 33 0.006489 2
32 4 0 5 32 0.005983 2
32 4 0 6 35 0.006227 1
32 4 0 7 21 0.003226 2
32 4 0 8 26 0.005431 2
32 4 0 9 33 0.005280 1
32 4 0 10 30 0.006164 2
32 4 0 11 32 0.007721 2
32 4 0 12 31 0.006185 2
32 4 0 13 36 0.007501 1
32 4 0 14 31 0.006255 1
32 4 0 15 34 0.007406 2
32 4 0 16 35 0.008398 1
32 4 0 17 30 0.005761 1
32 4 0 18 33 0.006588 1
32 4 0 19 36 0.009428 2
32 4 0 20 30 0.005626 1
32 4 0 21 36 0.006266 1
32 4 0 22 34 0.008149 2
32 4 0 23 33 0.006740 1
32 4 0 24 30 0.005566 1
32 4 0 25 31 0.005844 2
32 4 0 26 36 0.006346 1
32 4 0 27 30 0.005129 2
32 4 0 28 35 0.007589 1
32 4 0 29 35 0.008764 2
32 4 0 30 32 0.006584 1
32 4 0 31 34 0.007061 1
32 4 0 32 29 0.005619 2
32 4 0 33 32 0.004727 1
32 4 0 34 32 0.006768 1
32 4 0 35 33 0.006352 2
32 4 0 36 35 0.007306 2
32 4 0 37 29 0.005410 2
32 4 0 38 34 0.005804 1
32 4 0 39 29 0.004960 2
32 4 0 40 33 0.006487 2
32 4 0 41 32 0.006072 2
32 4 0 42 35 0.006224 1
32 4 0 43 33 0.005496 1
32 4 0 44 31 0.005401 1
32 4 0 45 33 0.008207 2
32 4 0 46 34 0.006203 1
32 4 0 47 30 0.006172 2
32 4 0 48 29 0.004507 2
32 4 0 49 34 0.007876 2
32 4 0 50 33 0.007012 2
32 4 0 51 29 0.005868 1
32 4 0 52 32 0.006269 2
32 4 0 53 33 0.006994 1
32 4 0 54 28 0.005556 1
32 4 0 55 31 0.005381 2
32 4 0 56 33 0.006943 2
32 4 0 57 33 0.006435 1
32 4 0 58 37 0.008392 1
32 4 0 59 30 0.004436 1
32 4 0 60 35 0.008811 2
32 4 0 61 34 0.006101 1
32 4 0 62 35 0.007047 2
32 4 0 63 29 0.004596 1
32 4 0 64 33 0.006992 2
32 4 0 65 34 0.007223 2
32 4 0 66 31 0.006646 2
32 4 0 67 32 0.006679 2
32 4 0 68 25 0.003639 1
32 4 0 69 33 0.006209 1
32 4 0 70 27 0.004865 2
32 4 0 71 33 0.006739 1
32 4 0 72 32 0.006167 1
32 4 0 73 34 0.007802 2
32 4 0 74 32 0.006617 2
32 4 0 75 33 0.006250 2
32 4 0 76 32 0.006926 2
32 4 0 77 35 0.007460 1
32 4 0 78 32 0.005005 1
32 4 0 79 34 0.006510 2
32 4 0 80 29 0.005427 2
32 4 0 81 36 0.008074 2
32 4 0 82 35 0.007261 1
32 4 0 83 30 0.005206 2
32 4 0 84 34 0.008212 2
32 4 0 85 32 0.006626 1
32 4 0 86 29 0.005551 1
32 4 0 87 31 0.005397 2
32 4 0 88 34 0.006255 2
32 4 0 89 33 0.006240 1
32 4 0 90 34 0.007152 2
32 4 0 91 36 0.008103 1
32 4 0 92 33 0.005735 1
32 4 0 93 30 0.005688 2
32 4 0 94 30 0.006321 1
32 4 0 95 24 0.003055 1
32 4 0 96 33 0.007275 1
32 4 0 97 32 0.007182 1
32 4 0 98 35 0.008786 1
32 4 0 99 35 0.006243 1
32 8 0 0 37 0.013144 2
32 8 0 1 34 0.011244 2
32 8 0 2 39 0.014997 2
32 8 0 3 39 0.013710 2
32 8 0 4 35 0.012094 2
32 8 0 5 36 0.011129 2
32 8 0 6 38 0.013890 1
32 8 0 7 27 0.006275 2
32 8 0 8 33 0.011536 2
32 8 0 9 37 0.011502 1
32 8 0 10 34 0.012558 2
32 8 0 11 38 0.018784 2
32 8 0 12 33 0.011185 2
32 8 0 13 40 0.015632 1
32 8 0 14 32 0.011465 1
32 8 0 15 39 0.015668 2
32 8 0 16 40 0.017498 1
32 8 0 17 36 0.014054 1
32 8 0 18 39 0.012876 1
32 8 0 19 42 0.022197 2
32 8 0 20 38 0.012723 1
32 8 0 21 39 0.013871 1
32 8 0 22 38 0.018198 2
32 8 0 23 38 0.013667 1
32 8 0 24 36 0.010876 1
32 8 0 25 34 0.010286 2
32 8 0 26 39 0.012994 1
32 8 0 27 31 0.008159 2
32 8 0 28 40 0.015500 1
32 8 0 29 42 0.020646 2
32 8 0 30 36 0.011593 1
32 8 0 31 41 0.014154 1
32 8 0 32 30 0.008219 2
32 8 0 33 34 0.008147 1
32 8 0 34 38 0.015327 1
32 8 0 35 35 0.011344 2
32 8 0 36 42 0.015149 2
32 8 0 37 37 0.011367 2
32 8 0 38 41 0.013348 1
32 8 0 39 27 0.006879 2
32 8 0 40 37 0.011118 2
32 8 0 41 36 0.012243 2
32 8 0 42 37 0.011688 1
32 8 0 43 37 0.011701 1
32 8 0 44 32 0.009980 1
32 8 0 45 39 0.018659 2
32 8 0 46 36 0.014068 1
32 8 0 47 35 0.012274 2
32 8 0 48 28 0.006202 2
32 8 0 49 37 0.015251 2
32 8 0 50 40 0.015031 2
32 8 0 51 31 0.009955 1
32 8 0 52 33 0.010343 2
32 8 0 53 35 0.011679 1
32 8 0 54 33 0.010123 1
32 8 0 55 32 0.007171 2
32 8 0 56 37 0.014994 2
32 8 0 57 39 0.015961 1
32 8 0 58 41 0.016739 1
32 8 0 59 32 0.008331 1
32 8 0 60 40 0.018508 2
32 8 0 61 37 0.012497 1
32 8 0 62 39 0.013796 2
32 8 0 63 32 0.008462 1
32 8 0 64 36 0.013391 2
32 8 0 65 39 0.013897 2
32 8 0 66 34 0.012060 2
32 8 0 67 35 0.012850 2
32 8 0 68 29 0.007099 1
32 8 0 69 32 0.010203 1
32 8 0 70 28 0.008794 2
32 8 0 71 37 0.012895 1
32 8 0 72 35 0.011154 1
32 8 0 73 40 0.016405 2
32 8 0 74 34 0.011850 2
32 8 0 75 33 0.010267 2
32 8 0 76 37 0.015133 2
32 8 0 77 40 0.014688 1
32 8 0 78 37 0.010127 1
32 8 0 79 39 0.013289 2
32 8 0 80 33 0.010615 2
32 8 0 81 38 0.014611 2
32 8 0 82 38 0.013971 1
32 8 0 83 34 0.009445 2
32 8 0 84 39 0.019174 2
32 8 0 85 34 0.012740 1
32 8 0 86 34 0.011011 1
32 8 0 87 35 0.009717 2
32 8 0 88 33 0.009889 2
32 8 0 89 35 0.011366 1
32 8 0 90 38 0.013855 2
32 8 0 91 41 0.017162 1
32 8 0 92 30 0.008253 1
32 8 0 93 34 0.009430 2
32 8 0 94 36 0.013779 1
32 8 0 95 29 0.005933 1
32 8 0 96 38 0.013915 1
32 8 0 97 35 0.012295 1
32 8 0 98 40 0.018897 1
32 8 0 99 38 0.013215 1
