4 1 0 0 3 0.000436 1
4 1 0 1 4 0.000549 0
4 1 0 2 4 0.000542 2
4 1 0 3 4 0.000550 2
4 1 0 4 4 0.000529 1
4 1 0 5 4 0.000607 2
4 1 0 6 2 0.000229 0
4 1 0 7 2 0.000233 0
4 1 0 8 4 0.000551 1
4 1 0 9 2 0.000281 0
4 1 0 10 4 0.000595 2
4 1 0 11 3 0.000354 0
4 1 0 12 4 0.000606 2
4 1 0 13 2 0.000321 2
4 1 0 14 4 0.000563 0
4 1 0 15 4 0.000556 0
4 1 0 16 2 0.000350 2
4 1 0 17 3 0.000397 0
4 1 0 18 2 0.000242 0
4 1 0 19 2 0.000290 2
4 1 0 20 2 0.000253 0
4 1 0 21 2 0.000241 0
4 1 0 22 4 0.000609 2
4 1 0 23 4 0.000639 0
4 1 0 24 4 0.000622 0
4 1 0 25 4 0.000557 0
4 1 0 26 4 0.000599 2
4 1 0 27 4 0.000633 2
4 1 0 28 4 0.000641 0
4 1 0 29 4 0.000607 2
4 1 0 30 4 0.000677 2
4 1 0 31 4 0.000474 0
4 1 0 32 2 0.000298 2
4 1 0 33 4 0.000465 0
4 1 0 34 4 0.000638 2
4 1 0 35 2 0.000304 0
4 1 0 36 4 0.000612 2
4 1 0 37 4 0.000614 0
4 1 0 38 2 0.000256 0
4 1 0 39 3 0.000457 1
4 1 0 40 4 0.000532 0
4 1 0 41 2 0.000278 0
4 1 0 42 2 0.000286 0
4 1 0 43 4 0.000655 2
4 1 0 44 2 0.000313 0
4 1 0 45 4 0.000703 2
4 1 0 46 4 0.000628 0
4 1 0 47 4 0.000617 1
4 1 0 48 4 0.000630 0
4 1 0 49 4 0.000665 0
4 1 0 50 4 0.000653 1
4 1 0 51 4 0.000577 0
4 1 0 52 3 0.000438 0
4 1 0 53 4 0.000669 2
4 1 0 54 3 0.000374 0
4 1 0 55 3 0.000452 2
4 1 0 56 4 0.000630 2
4 1 0 57 4 0.000627 1
4 1 0 58 4 0.000651 2
4 1 0 59 4 0.000703 2
4 1 0 60 4 0.000578 0
4 1 0 61 4 0.000482 0
4 1 0 62 2 0.000373 1
4 1 0 63 4 0.000448 0
4 1 0 64 4 0.000541 0
4 1 0 65 4 0.000505 0
4 1 0 66 4 0.000650 2
4 1 0 67 3 0.000426 0
4 1 0 68 4 0.000645 1
4 1 0 69 4 0.000598 0
4 1 0 70 4 0.000702 2
4 1 0 71 4 0.000709 2
4 1 0 72 3 0.000372 0
4 1 0 73 4 0.000646 1
4 1 0 74 4 0.000662 2
4 1 0 75 4 0.000641 1
4 1 0 76 4 0.000603 2
4 1 0 77 4 0.000665 2
4 1 0 78 4 0.000569 1
4 1 0 79 4 0.000447 0
4 1 0 80 4 0.000588 2
4 1 0 81 4 0.000565 2
4 1 0 82 3 0.000443 2
4 1 0 83 4 0.000468 0
4 1 0 84 2 0.000229 0
4 1 0 85 4 0.000425 0
4 1 0 86 4 0.000698 2
4 1 0 87 4 0.000592 0
4 1 0 88 4 0.000707 0
4 1 0 89 4 0.000548 0
4 1 0 90 4 0.000697 2
4 1 0 91 4 0.000541 0
4 1 0 92 4 0.000580 0
4 1 0 93 4 0.000655 1
4 1 0 94 2 0.000338 2
4 1 0 95 4 0.000657 0
4 1 0 96 4 0.000678 2
4 1 0 97 2 0.000265 0
4 1 0 98 4 0.000522 0
4 1 0 99 4 0.000490 0
4 2 0 0 1 0.000156 1
4 2 0 1 4 0.000628 0
4 2 0 2 3 0.000523 2
4 2 0 3 3 0.000473 2
4 2 0 4 3 0.000486 1
4 2 0 5 5 0.000832 2
4 2 0 6 3 0.000355 0
4 2 0 7 4 0.000673 2
4 2 0 8 5 0.000800 1
4 2 0 9 4 0.000626 0
4 2 0 10 5 0.000833 2
4 2 0 11 1 0.000154 0
4 2 0 12 5 0.000871 2
4 2 0 13 4 0.000643 2
4 2 0 14 3 0.000452 0
4 2 0 15 4 0.000676 2
4 2 0 16 4 0.000665 2
4 2 0 17 1 0.000188 0
4 2 0 18 4 0.000627 2
4 2 0 19 4 0.000613 2
4 2 0 20 4 0.000457 0
4 2 0 21 3 0.000368 0
4 2 0 22 5 0.000811 2
4 2 0 23 4 0.000601 0
4 2 0 24 4 0.000667 0
4 2 0 25 5 0.000803 2
4 2 0 26 5 0.000861 2
4 2 0 27 3 0.000469 2
4 2 0 28 5 0.000843 2
4 2 0 29 5 0.000773 2
4 2 0 30 5 0.000836 2
4 2 0 31 4 0.000496 0
4 2 0 32 4 0.000594 2
4 2 0 33 5 0.000574 0
4 2 0 34 5 0.000816 2
4 2 0 35 2 0.000290 0
4 2 0 36 5 0.000868 2
4 2 0 37 4 0.000589 0
4 2 0 38 4 0.000620 2
4 2 0 39 1 0.000178 1
4 2 0 40 5 0.000700 0
4 2 0 41 3 0.000343 0
4 2 0 42 4 0.000486 0
4 2 0 43 3 0.000467 2
4 2 0 44 4 0.000537 0
4 2 0 45 5 0.000971 2
4 2 0 46 3 0.000576 0
4 2 0 47 3 0.000530 1
4 2 0 48 3 0.000537 0
4 2 0 49 5 0.001011 0
4 2 0 50 3 0.000547 1
4 2 0 51 2 0.000344 0
4 2 0 52 1 0.000167 0
4 2 0 53 5 0.000970 2
4 2 0 54 1 0.000162 0
4 2 0 55 1 0.000180 2
4 2 0 56 5 0.000805 2
4 2 0 57 3 0.000441 1
4 2 0 58 5 0.000781 2
4 2 0 59 5 0.000825 2
4 2 0 60 3 0.000392 0
4 2 0 61 5 0.000598 0
4 2 0 62 3 0.000464 1
4 2 0 63 3 0.000393 0
4 2 0 64 3 0.000482 0
4 2 0 65 3 0.000462 0
4 2 0 66 5 0.000935 2
4 2 0 67 1 0.000161 0
4 2 0 68 3 0.000475 1
4 2 0 69 5 0.000723 0
4 2 0 70 5 0.000861 2
4 2 0 71 5 0.000816 2
4 2 0 72 1 0.000156 0
4 2 0 73 3 0.000461 1
4 2 0 74 3 0.000441 2
4 2 0 75 3 0.000479 1
4 2 0 76 3 0.000466 2
4 2 0 77 5 0.000825 2
4 2 0 78 3 0.000438 1
4 2 0 79 5 0.000578 0
4 2 0 80 4 0.000691 2
4 2 0 81 4 0.000661 2
4 2 0 82 1 0.000152 2
4 2 0 83 4 0.000684 2
4 2 0 84 3 0.000402 0
4 2 0 85 4 0.000481 0
4 2 0 86 5 0.000828 2
4 2 0 87 5 0.000633 0
4 2 0 88 3 0.000502 0
4 2 0 89 3 0.000495 0
4 2 0 90 5 0.000923 2
4 2 0 91 5 0.000711 0
4 2 0 92 3 0.000407 0
4 2 0 93 5 0.000807 1
4 2 0 94 3 0.000481 2
4 2 0 95 5 0.000774 2
4 2 0 96 5 0.000879 2
4 2 0 97 4 0.000612 0
4 2 0 98 3 0.000388 0
4 2 0 99 5 0.000571 0
4 4 0 0 2 0.000294 1
4 4 0 1 5 0.000862 0
4 4 0 2 4 0.000696 2
4 4 0 3 4 0.000663 2
4 4 0 4 4 0.000678 1
4 4 0 5 5 0.000855 2
4 4 0 6 2 0.000287 0
4 4 0 7 4 0.000718 2
4 4 0 8 6 0.001093 1
4 4 0 9 4 0.000661 0
4 4 0 10 6 0.001101 2
4 4 0 11 2 0.000307 0
4 4 0 12 6 0.001227 2
4 4 0 13 4 0.000758 2
4 4 0 14 4 0.000662 0
4 4 0 15 5 0.000805 2
4 4 0 16 4 0.000641 2
4 4 0 17 2 0.000284 0
4 4 0 18 3 0.000445 2
4 4 0 19 4 0.000637 2
4 4 0 20 4 0.000464 0
4 4 0 21 2 0.000271 0
4 4 0 22 5 0.000834 2
4 4 0 23 5 0.000910 0
4 4 0 24 5 0.000802 0
4 4 0 25 6 0.001026 2
4 4 0 26 6 0.000975 2
4 4 0 27 4 0.000696 2
4 4 0 28 6 0.001020 2
4 4 0 29 5 0.000800 2
4 4 0 30 5 0.000851 2
4 4 0 31 5 0.000758 0
4 4 0 32 4 0.000622 2
4 4 0 33 5 0.000579 0
4 4 0 34 6 0.000970 2
4 4 0 35 2 0.000330 0
4 4 0 36 6 0.001152 2
4 4 0 37 5 0.000840 0
4 4 0 38 4 0.000718 2
4 4 0 39 2 0.000319 1
4 4 0 40 6 0.000828 0
4 4 0 41 2 0.000259 0
4 4 0 42 4 0.000480 0
4 4 0 43 3 0.000435 2
4 4 0 44 4 0.000506 0
4 4 0 45 5 0.000766 2
4 4 0 46 4 0.000650 0
4 4 0 47 4 0.000708 1
4 4 0 48 4 0.000669 0
4 4 0 49 6 0.001125 0
4 4 0 50 4 0.000598 1
4 4 0 51 3 0.000447 0
4 4 0 52 2 0.000284 0
4 4 0 53 5 0.000792 2
4 4 0 54 2 0.000294 0
4 4 0 55 2 0.000305 2
4 4 0 56 5 0.000889 2
4 4 0 57 4 0.000601 1
4 4 0 58 6 0.001119 2
4 4 0 59 6 0.001016 2
4 4 0 60 4 0.000607 2
4 4 0 61 5 0.000585 0
4 4 0 62 2 0.000290 1
4 4 0 63 4 0.000485 0
4 4 0 64 4 0.000616 2
4 4 0 65 4 0.000628 2
4 4 0 66 6 0.001025 2
4 4 0 67 2 0.000323 0
4 4 0 68 4 0.000589 1
4 4 0 69 6 0.000826 0
4 4 0 70 5 0.000839 2
4 4 0 71 5 0.000912 2
4 4 0 72 2 0.000272 0
4 4 0 73 4 0.000662 1
4 4 0 74 4 0.000654 2
4 4 0 75 4 0.000643 1
4 4 0 76 4 0.000641 2
4 4 0 77 5 0.000819 2
4 4 0 78 4 0.000575 1
4 4 0 79 5 0.000575 0
4 4 0 80 5 0.000874 2
4 4 0 81 5 0.000928 2
4 4 0 82 2 0.000347 2
4 4 0 83 5 0.000869 2
4 4 0 84 2 0.000295 0
4 4 0 85 5 0.000665 0
4 4 0 86 6 0.001039 2
4 4 0 87 6 0.000765 0
4 4 0 88 4 0.000642 0
4 4 0 89 3 0.000361 0
4 4 0 90 6 0.001104 2
4 4 0 91 6 0.000785 0
4 4 0 92 4 0.000515 0
4 4 0 93 6 0.000954 1
4 4 0 94 2 0.000308 2
4 4 0 95 5 0.000786 2
4 4 0 96 6 0.001012 2
4 4 0 97 4 0.000647 2
4 4 0 98 4 0.000478 0
4 4 0 99 5 0.000683 0
8 1 0 0 7 0.001049 0
8 1 0 1 7 0.001131 0
8 1 0 2 8 0.001210 0
8 1 0 3 8 0.001106 0
8 1 0 4 7 0.001089 2
8 1 0 5 4 0.000513 0
8 1 0 6 7 0.000863 0
8 1 0 7 6 0.000668 0
8 1 0 8 5 0.000613 0
8 1 0 9 7 0.000765 0
8 1 0 10 8 0.001280 0
8 1 0 11 7 0.000820 0
8 1 0 12 8 0.001321 2
8 1 0 13 7 0.001166 2
8 1 0 14 8 0.001328 0
8 1 0 15 7 0.001178 2
8 1 0 16 7 0.000859 0
8 1 0 17 8 0.001097 0
8 1 0 18 8 0.001048 0
8 1 0 19 7 0.001004 2
8 1 0 20 8 0.001012 0
8 1 0 21 6 0.000974 0
8 1 0 22 8 0.001403 2
8 1 0 23 7 0.001313 2
8 1 0 24 7 0.001105 2
8 1 0 25 8 0.001369 2
8 1 0 26 8 0.001402 2
8 1 0 27 7 0.001138 0
8 1 0 28 8 0.001400 2
8 1 0 29 8 0.001332 0
8 1 0 30 7 0.001299 2
8 1 0 31 6 0.001260 2
8 1 0 32 7 0.001021 0
8 1 0 33 7 0.000991 0
8 1 0 34 6 0.000802 0
8 1 0 35 6 0.000731 0
8 1 0 36 8 0.001312 0
8 1 0 37 6 0.000660 0
8 1 0 38 7 0.001028 0
8 1 0 39 8 0.001224 2
8 1 0 40 6 0.000871 0
8 1 0 41 7 0.001061 0
8 1 0 42 6 0.000980 2
8 1 0 43 8 0.001045 0
8 1 0 44 6 0.000980 2
8 1 0 45 7 0.001086 0
8 1 0 46 8 0.001269 0
8 1 0 47 8 0.000924 0
8 1 0 48 6 0.000847 0
8 1 0 49 7 0.001128 2
8 1 0 50 8 0.001042 0
8 1 0 51 8 0.001353 2
8 1 0 52 8 0.001288 2
8 1 0 53 8 0.001149 0
8 1 0 54 8 0.001077 0
8 1 0 55 7 0.000748 0
8 1 0 56 7 0.000851 0
8 1 0 57 8 0.001250 2
8 1 0 58 8 0.001280 0
8 1 0 59 8 0.001209 0
8 1 0 60 8 0.000929 0
8 1 0 61 7 0.001058 2
8 1 0 62 6 0.000888 2
8 1 0 63 8 0.001074 0
8 1 0 64 8 0.001178 2
8 1 0 65 7 0.001158 2
8 1 0 66 8 0.000851 0
8 1 0 67 8 0.001356 0
8 1 0 68 8 0.001480 0
8 1 0 69 7 0.000905 0
8 1 0 70 7 0.001168 2
8 1 0 71 7 0.001199 2
8 1 0 72 7 0.001331 0
8 1 0 73 7 0.001243 0
8 1 0 74 7 0.001127 2
8 1 0 75 8 0.001355 0
8 1 0 76 8 0.001138 0
8 1 0 77 8 0.001264 2
8 1 0 78 8 0.000973 0
8 1 0 79 6 0.000810 0
8 1 0 80 8 0.000914 0
8 1 0 81 8 0.001223 2
8 1 0 82 6 0.000933 2
8 1 0 83 6 0.000914 2
8 1 0 84 7 0.001143 2
8 1 0 85 6 0.000681 0
8 1 0 86 8 0.001087 0
8 1 0 87 7 0.001138 2
8 1 0 88 8 0.001352 2
8 1 0 89 8 0.000993 0
8 1 0 90 8 0.001394 2
8 1 0 91 7 0.001017 0
8 1 0 92 7 0.000974 0
8 1 0 93 6 0.001001 0
8 1 0 94 8 0.001265 2
8 1 0 95 8 0.001233 2
8 1 0 96 6 0.000720 0
8 1 0 97 8 0.001137 2
8 1 0 98 8 0.001292 2
8 1 0 99 8 0.001034 0
8 2 0 0 9 0.001568 2
8 2 0 1 7 0.001082 0
8 2 0 2 7 0.001383 2
8 2 0 3 8 0.001526 0
8 2 0 4 4 0.000622 2
8 2 0 5 4 0.000624 2
8 2 0 6 9 0.001219 0
8 2 0 7 6 0.000753 0
8 2 0 8 5 0.000632 0
8 2 0 9 8 0.000960 0
8 2 0 10 8 0.001255 0
8 2 0 11 6 0.000668 0
8 2 0 12 7 0.001143 2
8 2 0 13 9 0.001660 2
8 2 0 14 8 0.001340 0
8 2 0 15 9 0.001727 2
8 2 0 16 8 0.001148 0
8 2 0 17 8 0.001464 2
8 2 0 18 7 0.001179 0
8 2 0 19 6 0.001001 2
8 2 0 20 9 0.001619 2
8 2 0 21 6 0.000893 0
8 2 0 22 9 0.001548 2
8 2 0 23 9 0.001712 2
8 2 0 24 4 0.000722 2
8 2 0 25 6 0.001064 2
8 2 0 26 9 0.001516 2
8 2 0 27 9 0.001613 0
8 2 0 28 10 0.001927 2
8 2 0 29 9 0.001833 2
8 2 0 30 9 0.001888 2
8 2 0 31 8 0.001497 2
8 2 0 32 7 0.001103 2
8 2 0 33 8 0.001340 2
8 2 0 34 8 0.001287 2
8 2 0 35 8 0.000959 0
8 2 0 36 10 0.001675 0
8 2 0 37 8 0.001428 0
8 2 0 38 8 0.001461 0
8 2 0 39 10 0.001697 2
8 2 0 40 7 0.001095 0
8 2 0 41 7 0.001046 2
8 2 0 42 8 0.001242 2
8 2 0 43 9 0.001341 0
8 2 0 44 8 0.001349 2
8 2 0 45 9 0.001386 0
8 2 0 46 10 0.001995 0
8 2 0 47 6 0.000841 0
8 2 0 48 7 0.001294 2
8 2 0 49 6 0.001084 2
8 2 0 50 8 0.001323 0
8 2 0 51 10 0.002004 2
8 2 0 52 10 0.002116 2
8 2 0 53 9 0.001859 0
8 2 0 54 8 0.001475 2
8 2 0 55 8 0.000991 0
8 2 0 56 9 0.001433 2
8 2 0 57 7 0.001216 2
8 2 0 58 10 0.001837 0
8 2 0 59 7 0.001269 0
8 2 0 60 10 0.001678 0
8 2 0 61 10 0.001819 2
8 2 0 62 7 0.001136 2
8 2 0 63 9 0.001476 2
8 2 0 64 10 0.001741 2
8 2 0 65 8 0.001392 2
8 2 0 66 8 0.000971 0
8 2 0 67 10 0.001833 2
8 2 0 68 9 0.001492 0
8 2 0 69 9 0.001328 0
8 2 0 70 8 0.001556 2
8 2 0 71 8 0.001698 2
8 2 0 72 9 0.001658 0
8 2 0 73 8 0.001412 0
8 2 0 74 8 0.001334 2
8 2 0 75 8 0.001302 0
8 2 0 76 8 0.001300 2
8 2 0 77 9 0.001917 2
8 2 0 78 9 0.001797 2
8 2 0 79 6 0.001069 2
8 2 0 80 10 0.001522 0
8 2 0 81 8 0.001387 2
8 2 0 82 6 0.000955 2
8 2 0 83 5 0.000851 2
8 2 0 84 8 0.001368 2
8 2 0 85 7 0.000959 0
8 2 0 86 7 0.001241 0
8 2 0 87 8 0.001312 2
8 2 0 88 5 0.000743 2
8 2 0 89 9 0.001110 0
8 2 0 90 8 0.001410 2
8 2 0 91 7 0.001240 2
8 2 0 92 8 0.001068 0
8 2 0 93 7 0.001220 0
8 2 0 94 10 0.001809 2
8 2 0 95 9 0.001592 2
8 2 0 96 5 0.000772 2
8 2 0 97 9 0.001438 2
8 2 0 98 9 0.001640 2
8 2 0 99 7 0.001249 0
8 4 0 0 8 0.001425 2
8 4 0 1 7 0.001126 0
8 4 0 2 11 0.002142 2
8 4 0 3 11 0.001972 0
8 4 0 4 5 0.000751 2
8 4 0 5 3 0.000433 2
8 4 0 6 11 0.001762 0
8 4 0 7 5 0.000707 0
8 4 0 8 5 0.000887 2
8 4 0 9 8 0.000999 0
8 4 0 10 10 0.001948 0
8 4 0 11 8 0.001386 0
8 4 0 12 10 0.001816 2
8 4 0 13 11 0.002583 2
8 4 0 14 10 0.001980 0
8 4 0 15 9 0.001928 2
8 4 0 16 7 0.000977 0
8 4 0 17 10 0.001936 2
8 4 0 18 10 0.001840 0
8 4 0 19 6 0.001330 2
8 4 0 20 11 0.002455 2
8 4 0 21 8 0.001563 0
8 4 0 22 11 0.002437 2
8 4 0 23 10 0.002164 2
8 4 0 24 6 0.001105 2
8 4 0 25 9 0.001925 2
8 4 0 26 10 0.001941 2
8 4 0 27 11 0.002154 0
8 4 0 28 12 0.002438 2
8 4 0 29 11 0.002095 2
8 4 0 30 9 0.001873 2
8 4 0 31 10 0.002165 2
8 4 0 32 8 0.001375 2
8 4 0 33 9 0.001818 2
8 4 0 34 8 0.001706 2
8 4 0 35 6 0.000826 0
8 4 0 36 12 0.002396 0
8 4 0 37 7 0.001144 0
8 4 0 38 9 0.001841 0
8 4 0 39 13 0.002943 2
8 4 0 40 7 0.001420 0
8 4 0 41 7 0.001205 2
8 4 0 42 6 0.001058 2
8 4 0 43 11 0.001968 0
8 4 0 44 9 0.001722 2
8 4 0 45 8 0.001369 0
8 4 0 46 13 0.003226 0
8 4 0 47 8 0.001151 0
8 4 0 48 10 0.001860 2
8 4 0 49 8 0.001381 2
8 4 0 50 12 0.002189 0
8 4 0 51 12 0.002517 2
8 4 0 52 13 0.002977 2
8 4 0 53 11 0.002262 0
8 4 0 54 10 0.001981 2
8 4 0 55 9 0.001429 0
8 4 0 56 10 0.002116 2
8 4 0 57 11 0.002598 2
8 4 0 58 12 0.002610 0
8 4 0 59 10 0.002073 0
8 4 0 60 12 0.002229 0
8 4 0 61 10 0.001863 2
8 4 0 62 8 0.001474 2
8 4 0 63 11 0.002150 2
8 4 0 64 12 0.002456 2
8 4 0 65 9 0.001844 2
8 4 0 66 10 0.001613 0
8 4 0 67 13 0.003168 2
8 4 0 68 10 0.002074 0
8 4 0 69 8 0.001153 0
8 4 0 70 9 0.001612 2
8 4 0 71 9 0.001770 2
8 4 0 72 10 0.002144 0
8 4 0 73 9 0.001900 0
8 4 0 74 7 0.001202 2
8 4 0 75 10 0.001978 0
8 4 0 76 12 0.002402 2
8 4 0 77 11 0.002162 2
8 4 0 78 11 0.002064 2
8 4 0 79 6 0.000922 2
8 4 0 80 13 0.002477 0
8 4 0 81 10 0.002002 2
8 4 0 82 8 0.001356 2
8 4 0 83 6 0.001072 2
8 4 0 84 7 0.001269 2
8 4 0 85 9 0.001385 0
8 4 0 86 10 0.001829 0
8 4 0 87 8 0.001515 2
8 4 0 88 8 0.001602 2
8 4 0 89 10 0.001589 0
8 4 0 90 12 0.002459 2
8 4 0 91 8 0.001520 2
8 4 0 92 8 0.001225 0
8 4 0 93 6 0.000997 0
8 4 0 94 13 0.002662 2
8 4 0 95 11 0.002300 2
8 4 0 96 6 0.000958 2
8 4 0 97 10 0.001970 2
8 4 0 98 11 0.002464 2
8 4 0 99 9 0.001972 0
8 8 0 0 9 0.001872 2
8 8 0 1 7 0.001363 0
8 8 0 2 10 0.002206 2
8 8 0 3 10 0.002027 0
8 8 0 4 5 0.000999 2
8 8 0 5 4 0.000663 2
8 8 0 6 12 0.002058 0
8 8 0 7 6 0.000829 0
8 8 0 8 6 0.001004 2
8 8 0 9 8 0.001110 0
8 8 0 10 10 0.001877 0
8 8 0 11 7 0.001224 0
8 8 0 12 9 0.001793 2
8 8 0 13 12 0.002724 2
8 8 0 14 10 0.001969 0
8 8 0 15 9 0.001769 2
8 8 0 16 8 0.001237 0
8 8 0 17 10 0.002350 2
8 8 0 18 10 0.002019 0
8 8 0 19 7 0.001144 2
8 8 0 20 11 0.002324 2
8 8 0 21 7 0.001532 0
8 8 0 22 11 0.002961 2
8 8 0 23 10 0.002154 2
8 8 0 24 6 0.000984 2
8 8 0 25 9 0.001902 2
8 8 0 26 10 0.001948 2
8 8 0 27 11 0.002323 0
8 8 0 28 13 0.002791 2
8 8 0 29 12 0.002466 2
8 8 0 30 10 0.002241 2
8 8 0 31 10 0.002408 2
8 8 0 32 9 0.001816 2
8 8 0 33 10 0.002222 2
8 8 0 34 9 0.002100 2
8 8 0 35 7 0.000992 0
8 8 0 36 12 0.002782 0
8 8 0 37 7 0.001263 0
8 8 0 38 10 0.002032 0
8 8 0 39 13 0.002974 2
8 8 0 40 7 0.001268 0
8 8 0 41 7 0.001248 2
8 8 0 42 7 0.001477 2
8 8 0 43 11 0.002335 0
8 8 0 44 9 0.001973 2
8 8 0 45 8 0.001436 0
8 8 0 46 13 0.003389 0
8 8 0 47 8 0.001164 0
8 8 0 48 8 0.001660 2
8 8 0 49 8 0.001594 2
8 8 0 50 12 0.002410 0
8 8 0 51 12 0.002503 2
8 8 0 52 14 0.003625 2
8 8 0 53 11 0.002418 0
8 8 0 54 9 0.001883 2
8 8 0 55 9 0.001413 0
8 8 0 56 11 0.002404 2
8 8 0 57 11 0.002722 2
8 8 0 58 13 0.003005 0
8 8 0 59 10 0.002256 0
8 8 0 60 13 0.003006 0
8 8 0 61 11 0.002493 2
8 8 0 62 7 0.001411 2
8 8 0 63 10 0.002162 2
8 8 0 64 12 0.003038 2
8 8 0 65 9 0.001780 2
8 8 0 66 9 0.001231 0
8 8 0 67 13 0.003010 2
8 8 0 68 11 0.002401 0
8 8 0 69 9 0.001610 0
8 8 0 70 9 0.001754 2
8 8 0 71 9 0.001753 2
8 8 0 72 11 0.002535 0
8 8 0 73 10 0.002276 0
8 8 0 74 8 0.001528 2
8 8 0 75 11 0.002190 0
8 8 0 76 11 0.002377 2
8 8 0 77 11 0.002603 2
8 8 0 78 11 0.002389 2
8 8 0 79 5 0.000882 2
8 8 0 80 13 0.002993 0
8 8 0 81 10 0.002173 2
8 8 0 82 7 0.001370 2
8 8 0 83 7 0.001504 2
8 8 0 84 8 0.001534 2
8 8 0 85 9 0.001465 0
8 8 0 86 9 0.001764 0
8 8 0 87 8 0.001636 2
8 8 0 88 8 0.001718 2
8 8 0 89 10 0.001629 0
8 8 0 90 12 0.002674 2
8 8 0 91 9 0.001587 2
8 8 0 92 9 0.001470 0
8 8 0 93 7 0.001279 0
8 8 0 94 12 0.002881 2
8 8 0 95 12 0.002944 2
8 8 0 96 6 0.001109 2
8 8 0 97 11 0.002216 2
8 8 0 98 12 0.002618 2
8 8 0 99 10 0.001943 0
