4 1 0 0 3 0.000179 1
4 1 0 1 4 0.000233 0
4 1 0 2 4 0.000405 2
4 1 0 3 4 0.000299 1
4 1 0 4 4 0.000080 0
4 1 0 5 4 0.000329 0
4 1 0 6 2 0.000092 1
4 1 0 7 2 0.000095 1
4 1 0 8 4 0.000131 1
4 1 0 9 2 0.000093 0
4 1 0 10 4 0.000461 2
4 1 0 11 3 0.000058 0
4 1 0 12 4 0.000627 2
4 1 0 13 2 0.000267 0
4 1 0 14 4 0.000376 0
4 1 0 15 4 0.000229 1
4 1 0 16 2 0.000177 2
4 1 0 17 3 0.000027 0
4 1 0 18 2 0.000021 0
4 1 0 19 2 0.000150 1
4 1 0 20 2 0.000022 0
4 1 0 21 2 0.000026 0
4 1 0 22 4 0.000442 2
4 1 0 23 4 0.000273 0
4 1 0 24 4 0.000415 0
4 1 0 25 4 0.000319 0
4 1 0 26 4 0.000422 1
4 1 0 27 4 0.000617 2
4 1 0 28 4 0.000469 0
4 1 0 29 4 0.000606 2
4 1 0 30 4 0.000507 1
4 1 0 31 4 0.000567 0
4 1 0 32 2 0.000171 2
4 1 0 33 4 0.000161 0
4 1 0 34 4 0.000452 1
4 1 0 35 2 0.000133 0
4 1 0 36 4 0.000591 1
4 1 0 37 4 0.000400 0
4 1 0 38 2 0.000095 1
4 1 0 39 3 0.000096 1
4 1 0 40 4 0.000593 2
4 1 0 41 2 0.000056 0
4 1 0 42 2 0.000094 0
4 1 0 43 4 0.000143 0
4 1 0 44 2 0.000098 1
4 1 0 45 4 0.000472 2
4 1 0 46 4 0.000448 0
4 1 0 47 4 0.000082 0
4 1 0 48 4 0.000421 0
4 1 0 49 4 0.000738 0
4 1 0 50 4 0.000089 0
4 1 0 51 4 0.000215 0
4 1 0 52 3 0.000061 0
4 1 0 53 4 0.000416 2
4 1 0 54 3 0.000026 0
4 1 0 55 3 0.000169 2
4 1 0 56 4 0.000455 2
4 1 0 57 4 0.000085 0
4 1 0 58 4 0.000618 1
4 1 0 59 4 0.000385 0
4 1 0 60 4 0.000048 0
4 1 0 61 4 0.000184 0
4 1 0 62 2 0.000023 1
4 1 0 63 4 0.000049 0
4 1 0 64 4 0.000055 0
4 1 0 65 4 0.000152 0
4 1 0 66 4 0.000719 1
4 1 0 67 3 0.000137 0
4 1 0 68 4 0.000084 0
4 1 0 69 4 0.000502 0
4 1 0 70 4 0.000659 2
4 1 0 71 4 0.000413 0
4 1 0 72 3 0.000141 1
4 1 0 73 4 0.000132 1
4 1 0 74 4 0.000295 1
4 1 0 75 4 0.000205 1
4 1 0 76 4 0.000585 1
4 1 0 77 4 0.000318 0
4 1 0 78 4 0.000193 1
4 1 0 79 4 0.000604 0
4 1 0 80 4 0.000567 0
4 1 0 81 4 0.000200 0
4 1 0 82 3 0.000138 0
4 1 0 83 4 0.000158 1
4 1 0 84 2 0.000018 0
4 1 0 85 4 0.000330 0
4 1 0 86 4 0.000647 1
4 1 0 87 4 0.000134 0
4 1 0 88 4 0.000520 0
4 1 0 89 4 0.000186 1
4 1 0 90 4 0.000456 0
4 1 0 91 4 0.000393 1
4 1 0 92 4 0.000322 0
4 1 0 93 4 0.000133 0
4 1 0 94 2 0.000167 2
4 1 0 95 4 0.000252 0
4 1 0 96 4 0.000536 2
4 1 0 97 2 0.000024 0
4 1 0 98 4 0.000086 0
4 1 0 99 4 0.000243 1
4 2 0 0 1 0.000064 1
4 2 0 1 4 0.000506 0
4 2 0 2 3 0.000685 2
4 2 0 3 3 0.000336 1
4 2 0 4 3 0.000079 0
4 2 0 5 5 0.000744 0
4 2 0 6 3 0.000310 1
4 2 0 7 4 0.000333 1
4 2 0 8 5 0.000247 1
4 2 0 9 4 0.000532 0
4 2 0 10 5 0.000890 2
4 2 0 11 1 0.000015 0
4 2 0 12 5 0.001085 2
4 2 0 13 4 0.000722 0
4 2 0 14 3 0.000373 0
4 2 0 15 4 0.000503 1
4 2 0 16 4 0.000781 2
4 2 0 17 1 0.000014 0
4 2 0 18 4 0.000190 2
4 2 0 19 4 0.000786 1
4 2 0 20 4 0.000124 0
4 2 0 21 3 0.000030 0
4 2 0 22 5 0.000875 2
4 2 0 23 4 0.000572 0
4 2 0 24 4 0.000675 0
4 2 0 25 5 0.000668 0
4 2 0 26 5 0.000766 2
4 2 0 27 3 0.000598 2
4 2 0 28 5 0.000835 2
4 2 0 29 5 0.001090 2
4 2 0 30 5 0.000906 1
4 2 0 31 4 0.000793 0
4 2 0 32 4 0.000749 2
4 2 0 33 5 0.000356 0
4 2 0 34 5 0.000757 2
4 2 0 35 2 0.000126 0
4 2 0 36 5 0.001085 1
4 2 0 37 4 0.000726 0
4 2 0 38 4 0.000439 1
4 2 0 39 1 0.000057 1
4 2 0 40 5 0.000920 2
4 2 0 41 3 0.000101 0
4 2 0 42 4 0.000376 0
4 2 0 43 3 0.000143 0
4 2 0 44 4 0.000701 2
4 2 0 45 5 0.000890 2
4 2 0 46 3 0.000440 0
4 2 0 47 3 0.000078 0
4 2 0 48 3 0.000563 0
4 2 0 49 5 0.001237 0
4 2 0 50 3 0.000092 0
4 2 0 51 2 0.000179 0
4 2 0 52 1 0.000019 0
4 2 0 53 5 0.000900 2
4 2 0 54 1 0.000014 0
4 2 0 55 1 0.000091 2
4 2 0 56 5 0.000857 2
4 2 0 57 3 0.000080 0
4 2 0 58 5 0.001177 1
4 2 0 59 5 0.000814 0
4 2 0 60 3 0.000043 0
4 2 0 61 5 0.000397 0
4 2 0 62 3 0.000069 1
4 2 0 63 3 0.000052 0
4 2 0 64 3 0.000042 0
4 2 0 65 3 0.000115 0
4 2 0 66 5 0.001035 1
4 2 0 67 1 0.000090 0
4 2 0 68 3 0.000078 0
4 2 0 69 5 0.000972 0
4 2 0 70 5 0.000974 2
4 2 0 71 5 0.000828 0
4 2 0 72 1 0.000086 1
4 2 0 73 3 0.000114 1
4 2 0 74 3 0.000366 1
4 2 0 75 3 0.000166 1
4 2 0 76 3 0.000521 1
4 2 0 77 5 0.000792 0
4 2 0 78 3 0.000147 1
4 2 0 79 5 0.000800 0
4 2 0 80 4 0.000749 0
4 2 0 81 4 0.000415 0
4 2 0 82 1 0.000093 0
4 2 0 83 4 0.000366 1
4 2 0 84 3 0.000035 0
4 2 0 85 4 0.000575 0
4 2 0 86 5 0.001117 1
4 2 0 87 5 0.000271 0
4 2 0 88 3 0.000510 0
4 2 0 89 3 0.000187 1
4 2 0 90 5 0.000919 0
4 2 0 91 5 0.000816 1
4 2 0 92 3 0.000304 0
4 2 0 93 5 0.000286 0
4 2 0 94 3 0.000387 2
4 2 0 95 5 0.000570 0
4 2 0 96 5 0.000987 2
4 2 0 97 4 0.000061 0
4 2 0 98 3 0.000078 0
4 2 0 99 5 0.000536 2
4 4 0 0 2 0.000097 1
4 4 0 1 5 0.000703 0
4 4 0 2 4 0.000823 2
4 4 0 3 4 0.000569 1
4 4 0 4 4 0.000137 0
4 4 0 5 5 0.000814 0
4 4 0 6 2 0.000277 1
4 4 0 7 4 0.000601 1
4 4 0 8 6 0.000316 1
4 4 0 9 4 0.000782 0
4 4 0 10 6 0.001053 2
4 4 0 11 2 0.000059 0
4 4 0 12 6 0.001485 2
4 4 0 13 4 0.000795 0
4 4 0 14 4 0.000796 0
4 4 0 15 5 0.000664 1
4 4 0 16 4 0.000831 2
4 4 0 17 2 0.000025 0
4 4 0 18 3 0.000320 2
4 4 0 19 4 0.000819 1
4 4 0 20 4 0.000133 0
4 4 0 21 2 0.000025 0
4 4 0 22 5 0.000960 2
4 4 0 23 5 0.000796 0
4 4 0 24 5 0.000961 0
4 4 0 25 6 0.001393 0
4 4 0 26 6 0.001332 2
4 4 0 27 4 0.000905 2
4 4 0 28 6 0.001279 2
4 4 0 29 5 0.001037 2
4 4 0 30 5 0.001047 1
4 4 0 31 5 0.001110 0
4 4 0 32 4 0.000873 2
4 4 0 33 5 0.000720 0
4 4 0 34 6 0.001276 2
4 4 0 35 2 0.000311 0
4 4 0 36 6 0.001329 1
4 4 0 37 5 0.000976 0
4 4 0 38 4 0.000635 1
4 4 0 39 2 0.000106 1
4 4 0 40 6 0.001193 2
4 4 0 41 2 0.000060 0
4 4 0 42 4 0.000585 0
4 4 0 43 3 0.000330 0
4 4 0 44 4 0.000784 2
4 4 0 45 5 0.000954 2
4 4 0 46 4 0.000753 0
4 4 0 47 4 0.000135 0
4 4 0 48 4 0.000805 0
4 4 0 49 6 0.001418 0
4 4 0 50 4 0.000137 0
4 4 0 51 3 0.000370 0
4 4 0 52 2 0.000061 0
4 4 0 53 5 0.000900 2
4 4 0 54 2 0.000023 0
4 4 0 55 2 0.000359 2
4 4 0 56 5 0.000901 2
4 4 0 57 4 0.000230 0
4 4 0 58 6 0.001599 1
4 4 0 59 6 0.001101 0
4 4 0 60 4 0.000063 0
4 4 0 61 5 0.000719 0
4 4 0 62 2 0.000059 1
4 4 0 63 4 0.000062 0
4 4 0 64 4 0.000064 0
4 4 0 65 4 0.000203 0
4 4 0 66 6 0.001269 1
4 4 0 67 2 0.000356 0
4 4 0 68 4 0.000136 0
4 4 0 69 6 0.001294 0
4 4 0 70 5 0.001057 2
4 4 0 71 5 0.000763 0
4 4 0 72 2 0.000282 1
4 4 0 73 4 0.000201 1
4 4 0 74 4 0.000545 1
4 4 0 75 4 0.000310 2
4 4 0 76 4 0.000950 1
4 4 0 77 5 0.000871 0
4 4 0 78 4 0.000317 2
4 4 0 79 5 0.000861 0
4 4 0 80 5 0.001002 0
4 4 0 81 5 0.000613 0
4 4 0 82 2 0.000277 0
4 4 0 83 5 0.000592 1
4 4 0 84 2 0.000024 0
4 4 0 85 5 0.000753 0
4 4 0 86 6 0.001292 1
4 4 0 87 6 0.000322 0
4 4 0 88 4 0.000755 0
4 4 0 89 3 0.000327 1
4 4 0 90 6 0.001229 0
4 4 0 91 6 0.001055 1
4 4 0 92 4 0.000570 0
4 4 0 93 6 0.000312 0
4 4 0 94 2 0.000332 2
4 4 0 95 5 0.000891 0
4 4 0 96 6 0.001198 2
4 4 0 97 4 0.000063 0
4 4 0 98 4 0.000133 0
4 4 0 99 5 0.000859 2
8 1 0 0 7 0.000603 1
8 1 0 1 7 0.000793 0
8 1 0 2 8 0.000902 2
8 1 0 3 8 0.000830 0
8 1 0 4 7 0.000453 0
8 1 0 5 4 0.000105 1
8 1 0 6 7 0.000517 0
8 1 0 7 6 0.000426 0
8 1 0 8 5 0.000134 2
8 1 0 9 7 0.000116 0
8 1 0 10 8 0.000825 0
8 1 0 11 7 0.000452 0
8 1 0 12 8 0.001252 1
8 1 0 13 7 0.001158 2
8 1 0 14 8 0.000800 0
8 1 0 15 7 0.000848 0
8 1 0 16 7 0.000689 0
8 1 0 17 8 0.000947 1
8 1 0 18 8 0.000658 0
8 1 0 19 7 0.000707 0
8 1 0 20 8 0.000757 2
8 1 0 21 6 0.000436 0
8 1 0 22 8 0.000654 0
8 1 0 23 7 0.000780 0
8 1 0 24 7 0.000523 2
8 1 0 25 8 0.000918 2
8 1 0 26 8 0.001125 2
8 1 0 27 7 0.000796 0
8 1 0 28 8 0.000807 1
8 1 0 29 8 0.000721 0
8 1 0 30 7 0.001119 1
8 1 0 31 6 0.000856 1
8 1 0 32 7 0.000231 1
8 1 0 33 7 0.000554 0
8 1 0 34 6 0.000482 1
8 1 0 35 6 0.000312 1
8 1 0 36 8 0.000963 0
8 1 0 37 6 0.000359 0
8 1 0 38 7 0.000760 0
8 1 0 39 8 0.001373 2
8 1 0 40 6 0.000301 0
8 1 0 41 7 0.000215 0
8 1 0 42 6 0.000385 0
8 1 0 43 8 0.001240 1
8 1 0 44 6 0.000893 0
8 1 0 45 7 0.000716 0
8 1 0 46 8 0.001293 0
8 1 0 47 8 0.000399 0
8 1 0 48 6 0.000490 1
8 1 0 49 7 0.000829 2
8 1 0 50 8 0.001054 0
8 1 0 51 8 0.001352 2
8 1 0 52 8 0.001361 2
8 1 0 53 8 0.000978 0
8 1 0 54 8 0.000599 2
8 1 0 55 7 0.000479 0
8 1 0 56 7 0.000423 1
8 1 0 57 8 0.001239 1
8 1 0 58 8 0.001197 0
8 1 0 59 8 0.000832 0
8 1 0 60 8 0.001289 0
8 1 0 61 7 0.000969 0
8 1 0 62 6 0.000632 0
8 1 0 63 8 0.000626 2
8 1 0 64 8 0.001384 2
8 1 0 65 7 0.000973 0
8 1 0 66 8 0.000673 1
8 1 0 67 8 0.001165 0
8 1 0 68 8 0.000862 0
8 1 0 69 7 0.001002 0
8 1 0 70 7 0.000727 1
8 1 0 71 7 0.001019 1
8 1 0 72 7 0.000863 0
8 1 0 73 7 0.001085 0
8 1 0 74 7 0.000441 1
8 1 0 75 8 0.000615 0
8 1 0 76 8 0.000956 0
8 1 0 77 8 0.000970 1
8 1 0 78 8 0.000485 0
8 1 0 79 6 0.000251 0
8 1 0 80 8 0.001351 0
8 1 0 81 8 0.000670 2
8 1 0 82 6 0.000496 0
8 1 0 83 6 0.000477 0
8 1 0 84 7 0.000861 0
8 1 0 85 6 0.000734 0
8 1 0 86 8 0.000673 0
8 1 0 87 7 0.000724 0
8 1 0 88 8 0.000997 1
8 1 0 89 8 0.001115 0
8 1 0 90 8 0.001159 2
8 1 0 91 7 0.000504 2
8 1 0 92 7 0.000886 0
8 1 0 93 6 0.000556 0
8 1 0 94 8 0.000996 1
8 1 0 95 8 0.001290 0
8 1 0 96 6 0.000486 1
8 1 0 97 8 0.000756 1
8 1 0 98 8 0.000933 0
8 1 0 99 8 0.000825 0
8 2 0 0 9 0.001499 1
8 2 0 1 7 0.001317 0
8 2 0 2 7 0.001443 2
8 2 0 3 8 0.001496 0
8 2 0 4 4 0.000612 0
8 2 0 5 4 0.000352 1
8 2 0 6 9 0.001876 0
8 2 0 7 6 0.000867 0
8 2 0 8 5 0.000394 2
8 2 0 9 8 0.000920 2
8 2 0 10 8 0.001770 0
8 2 0 11 6 0.000543 0
8 2 0 12 7 0.001450 1
8 2 0 13 9 0.002212 2
8 2 0 14 8 0.001607 0
8 2 0 15 9 0.001974 0
8 2 0 16 8 0.001621 0
8 2 0 17 8 0.001832 1
8 2 0 18 7 0.001101 0
8 2 0 19 6 0.000916 0
8 2 0 20 9 0.001741 2
8 2 0 21 6 0.000655 0
8 2 0 22 9 0.001470 0
8 2 0 23 9 0.001798 0
8 2 0 24 4 0.000630 2
8 2 0 25 6 0.001176 2
8 2 0 26 9 0.002076 2
8 2 0 27 9 0.001558 0
8 2 0 28 10 0.001883 1
8 2 0 29 9 0.001414 2
8 2 0 30 9 0.002028 1
8 2 0 31 8 0.001859 1
8 2 0 32 7 0.000381 1
8 2 0 33 8 0.001240 2
8 2 0 34 8 0.001659 2
8 2 0 35 8 0.000950 1
8 2 0 36 10 0.002080 0
8 2 0 37 8 0.001763 0
8 2 0 38 8 0.001791 0
8 2 0 39 10 0.002517 2
8 2 0 40 7 0.001029 0
8 2 0 41 7 0.000589 0
8 2 0 42 8 0.001558 0
8 2 0 43 9 0.001973 1
8 2 0 44 8 0.001419 0
8 2 0 45 9 0.001484 0
8 2 0 46 10 0.002318 0
8 2 0 47 6 0.000737 0
8 2 0 48 7 0.001166 1
8 2 0 49 6 0.000741 2
8 2 0 50 8 0.001355 0
8 2 0 51 10 0.002232 2
8 2 0 52 10 0.002538 2
8 2 0 53 9 0.001777 0
8 2 0 54 8 0.001516 2
8 2 0 55 8 0.001369 0
8 2 0 56 9 0.001076 2
8 2 0 57 7 0.001542 1
8 2 0 58 10 0.002423 0
8 2 0 59 7 0.001195 0
8 2 0 60 10 0.002380 0
8 2 0 61 10 0.002209 0
8 2 0 62 7 0.001028 0
8 2 0 63 9 0.001652 2
8 2 0 64 10 0.002538 2
8 2 0 65 8 0.001657 0
8 2 0 66 8 0.001368 1
8 2 0 67 10 0.002174 2
8 2 0 68 9 0.001714 0
8 2 0 69 9 0.001985 0
8 2 0 70 8 0.001559 1
8 2 0 71 8 0.001841 2
8 2 0 72 9 0.001763 0
8 2 0 73 8 0.002045 0
8 2 0 74 8 0.001122 1
8 2 0 75 8 0.001713 0
8 2 0 76 8 0.001524 0
8 2 0 77 9 0.001967 1
8 2 0 78 9 0.001153 0
8 2 0 79 6 0.000625 2
8 2 0 80 10 0.002587 0
8 2 0 81 8 0.001461 2
8 2 0 82 6 0.000830 0
8 2 0 83 5 0.001124 0
8 2 0 84 8 0.001487 0
8 2 0 85 7 0.001560 0
8 2 0 86 7 0.001094 0
8 2 0 87 8 0.001428 0
8 2 0 88 5 0.000987 1
8 2 0 89 9 0.002003 0
8 2 0 90 8 0.001880 2
8 2 0 91 7 0.001409 2
8 2 0 92 8 0.001928 0
8 2 0 93 7 0.001046 0
8 2 0 94 10 0.002078 1
8 2 0 95 9 0.002331 0
8 2 0 96 5 0.000922 1
8 2 0 97 9 0.001979 2
8 2 0 98 9 0.001950 0
8 2 0 99 7 0.001138 0
8 4 0 0 8 0.001722 1
8 4 0 1 7 0.001624 0
8 4 0 2 11 0.002929 2
8 4 0 3 11 0.002348 0
8 4 0 4 5 0.000988 0
8 4 0 5 3 0.000297 1
8 4 0 6 11 0.002628 0
8 4 0 7 5 0.001194 0
8 4 0 8 5 0.000656 2
8 4 0 9 8 0.001418 2
8 4 0 10 10 0.002247 0
8 4 0 11 8 0.001210 0
8 4 0 12 10 0.002382 1
8 4 0 13 11 0.002877 2
8 4 0 14 10 0.002337 0
8 4 0 15 9 0.002160 0
8 4 0 16 7 0.001561 0
8 4 0 17 10 0.002596 1
8 4 0 18 10 0.002045 0
8 4 0 19 6 0.001286 0
8 4 0 20 11 0.002756 2
8 4 0 21 8 0.001638 0
8 4 0 22 11 0.002328 0
8 4 0 23 10 0.002557 0
8 4 0 24 6 0.001184 2
8 4 0 25 9 0.002286 2
8 4 0 26 10 0.002517 2
8 4 0 27 11 0.002111 0
8 4 0 28 12 0.003196 1
8 4 0 29 11 0.002719 2
8 4 0 30 9 0.002569 1
8 4 0 31 10 0.002478 1
8 4 0 32 8 0.000964 1
8 4 0 33 9 0.001612 2
8 4 0 34 8 0.002050 2
8 4 0 35 6 0.000797 1
8 4 0 36 12 0.002911 0
8 4 0 37 7 0.001580 0
8 4 0 38 9 0.002326 0
8 4 0 39 13 0.003889 2
8 4 0 40 7 0.001577 0
8 4 0 41 7 0.000714 0
8 4 0 42 6 0.001352 0
8 4 0 43 11 0.002714 1
8 4 0 44 9 0.002024 0
8 4 0 45 8 0.001645 0
8 4 0 46 13 0.003716 0
8 4 0 47 8 0.001174 0
8 4 0 48 10 0.002089 2
8 4 0 49 8 0.001902 2
8 4 0 50 12 0.003073 0
8 4 0 51 12 0.003062 2
8 4 0 52 13 0.003813 2
8 4 0 53 11 0.003080 0
8 4 0 54 10 0.002166 2
8 4 0 55 9 0.001828 0
8 4 0 56 10 0.001833 2
8 4 0 57 11 0.002903 1
8 4 0 58 12 0.003231 0
8 4 0 59 10 0.002491 0
8 4 0 60 12 0.003283 0
8 4 0 61 10 0.002431 0
8 4 0 62 8 0.001733 0
8 4 0 63 11 0.002469 2
8 4 0 64 12 0.003312 2
8 4 0 65 9 0.002170 0
8 4 0 66 10 0.002122 1
8 4 0 67 13 0.003614 2
8 4 0 68 10 0.002434 0
8 4 0 69 8 0.002119 0
8 4 0 70 9 0.002122 1
8 4 0 71 9 0.002297 2
8 4 0 72 10 0.002343 0
8 4 0 73 9 0.002503 0
8 4 0 74 7 0.001488 1
8 4 0 75 10 0.002605 0
8 4 0 76 12 0.002817 0
8 4 0 77 11 0.002648 1
8 4 0 78 11 0.001841 0
8 4 0 79 6 0.000719 2
8 4 0 80 13 0.003857 0
8 4 0 81 10 0.002201 2
8 4 0 82 8 0.001554 0
8 4 0 83 6 0.001319 0
8 4 0 84 7 0.001465 0
8 4 0 85 9 0.002286 0
8 4 0 86 10 0.001935 0
8 4 0 87 8 0.001835 0
8 4 0 88 8 0.001902 1
8 4 0 89 10 0.002402 0
8 4 0 90 12 0.003584 2
8 4 0 91 8 0.002113 2
8 4 0 92 8 0.002176 0
8 4 0 93 6 0.001124 0
8 4 0 94 13 0.003332 1
8 4 0 95 11 0.002936 0
8 4 0 96 6 0.001279 1
8 4 0 97 10 0.002497 2
8 4 0 98 11 0.002571 0
8 4 0 99 9 0.001821 0
8 8 0 0 9 0.002152 1
8 8 0 1 7 0.001798 0
8 8 0 2 10 0.002677 2
8 8 0 3 10 0.002342 0
8 8 0 4 5 0.000998 0
8 8 0 5 4 0.000606 1
8 8 0 6 12 0.003212 0
8 8 0 7 6 0.001439 0
8 8 0 8 6 0.000906 2
8 8 0 9 8 0.001580 2
8 8 0 10 10 0.002311 0
8 8 0 11 7 0.001099 0
8 8 0 12 9 0.002476 1
8 8 0 13 12 0.003335 2
8 8 0 14 10 0.002467 0
8 8 0 15 9 0.002251 0
8 8 0 16 8 0.001965 0
8 8 0 17 10 0.002791 1
8 8 0 18 10 0.002536 0
8 8 0 19 7 0.001521 0
8 8 0 20 11 0.002933 2
8 8 0 21 7 0.001448 0
8 8 0 22 11 0.002932 0
8 8 0 23 10 0.002475 0
8 8 0 24 6 0.001258 2
8 8 0 25 9 0.002380 2
8 8 0 26 10 0.002511 2
8 8 0 27 11 0.002917 0
8 8 0 28 13 0.003623 1
8 8 0 29 12 0.002995 2
8 8 0 30 10 0.002820 1
8 8 0 31 10 0.002697 1
8 8 0 32 9 0.001243 1
8 8 0 33 10 0.002669 2
8 8 0 34 9 0.002323 2
8 8 0 35 7 0.001102 1
8 8 0 36 12 0.003092 0
8 8 0 37 7 0.001783 0
8 8 0 38 10 0.002703 0
8 8 0 39 13 0.003800 2
8 8 0 40 7 0.001771 0
8 8 0 41 7 0.001351 0
8 8 0 42 7 0.001580 0
8 8 0 43 11 0.002820 1
8 8 0 44 9 0.001912 0
8 8 0 45 8 0.001700 0
8 8 0 46 13 0.003737 0
8 8 0 47 8 0.001731 0
8 8 0 48 8 0.002090 2
8 8 0 49 8 0.002093 2
8 8 0 50 12 0.002895 0
8 8 0 51 12 0.003215 2
8 8 0 52 14 0.004745 2
8 8 0 53 11 0.003061 0
8 8 0 54 9 0.001909 2
8 8 0 55 9 0.001876 0
8 8 0 56 11 0.002055 2
8 8 0 57 11 0.003134 1
8 8 0 58 13 0.003669 0
8 8 0 59 10 0.002621 0
8 8 0 60 13 0.003708 0
8 8 0 61 11 0.003204 0
8 8 0 62 7 0.001549 0
8 8 0 63 10 0.002027 2
8 8 0 64 12 0.003339 2
8 8 0 65 9 0.002132 0
8 8 0 66 9 0.001977 1
8 8 0 67 13 0.003805 2
8 8 0 68 11 0.002874 0
8 8 0 69 9 0.002357 0
8 8 0 70 9 0.002292 1
8 8 0 71 9 0.002309 2
8 8 0 72 11 0.002917 0
8 8 0 73 10 0.002725 0
8 8 0 74 8 0.001694 1
8 8 0 75 11 0.003041 0
8 8 0 76 11 0.002781 0
8 8 0 77 11 0.003346 1
8 8 0 78 11 0.002535 0
8 8 0 79 5 0.000936 2
8 8 0 80 13 0.004145 0
8 8 0 81 10 0.002359 2
8 8 0 82 7 0.001560 0
8 8 0 83 7 0.001561 0
8 8 0 84 8 0.001839 0
8 8 0 85 9 0.002405 0
8 8 0 86 9 0.002288 0
8 8 0 87 8 0.001887 0
8 8 0 88 8 0.002199 1
8 8 0 89 10 0.002345 0
8 8 0 90 12 0.003676 2
8 8 0 91 9 0.002358 2
8 8 0 92 9 0.002475 0
8 8 0 93 7 0.001322 0
8 8 0 94 12 0.003078 1
8 8 0 95 12 0.003557 0
8 8 0 96 6 0.001322 1
8 8 0 97 11 0.002644 2
8 8 0 98 12 0.002938 0
8 8 0 99 10 0.002033 0
16 1 0 0 15 0.002164 0
16 1 0 1 13 0.001065 1
16 1 0 2 15 0.001989 2
16 1 0 3 16 0.002485 1
16 1 0 4 15 0.001685 0
16 1 0 5 14 0.001283 0
16 1 0 6 16 0.002005 0
16 1 0 7 16 0.002125 0
16 1 0 8 15 0.001827 1
16 1 0 9 14 0.001338 0
16 1 0 10 15 0.001022 0
16 1 0 11 12 0.001183 1
16 1 0 12 11 0.000845 0
16 1 0 13 15 0.001843 2
16 1 0 14 16 0.001988 1
16 1 0 15 14 0.001447 0
16 1 0 16 15 0.001480 1
16 1 0 17 16 0.002155 0
16 1 0 18 16 0.001434 0
16 1 0 19 14 0.001389 0
16 1 0 20 16 0.002496 0
16 1 0 21 16 0.002613 0
16 1 0 22 14 0.001261 0
16 1 0 23 15 0.001543 0
16 1 0 24 12 0.001371 0
16 1 0 25 13 0.001717 0
16 1 0 26 11 0.000478 1
16 1 0 27 12 0.001241 0
16 1 0 28 15 0.001734 1
16 1 0 29 16 0.001559 0
16 1 0 30 14 0.001392 0
16 1 0 31 15 0.001573 0
16 1 0 32 13 0.001555 1
16 1 0 33 14 0.001298 0
16 1 0 34 15 0.001832 0
16 1 0 35 15 0.001593 2
16 1 0 36 15 0.001123 0
16 1 0 37 12 0.001432 0
16 1 0 38 15 0.001937 0
16 1 0 39 14 0.001297 1
16 1 0 40 12 0.000811 1
16 1 0 41 15 0.001979 1
16 1 0 42 15 0.001161 2
16 1 0 43 16 0.002247 2
16 1 0 44 16 0.001825 2
16 1 0 45 14 0.001171 1
16 1 0 46 15 0.001926 0
16 1 0 47 14 0.001382 2
16 1 0 48 15 0.001458 2
16 1 0 49 13 0.001064 1
16 1 0 50 13 0.001116 1
16 1 0 51 16 0.002152 1
16 1 0 52 15 0.001455 0
16 1 0 53 12 0.001052 0
16 1 0 54 15 0.001578 2
16 1 0 55 16 0.001618 2
16 1 0 56 15 0.001048 0
16 1 0 57 15 0.001502 0
16 1 0 58 15 0.001703 0
16 1 0 59 16 0.001879 1
16 1 0 60 16 0.001776 0
16 1 0 61 16 0.001973 1
16 1 0 62 16 0.002176 0
16 1 0 63 14 0.001408 0
16 1 0 64 14 0.001117 0
16 1 0 65 14 0.001287 0
16 1 0 66 16 0.001755 0
16 1 0 67 16 0.002044 0
16 1 0 68 14 0.001760 0
16 1 0 69 13 0.000809 0
16 1 0 70 14 0.000525 2
16 1 0 71 16 0.002562 0
16 1 0 72 16 0.002228 1
16 1 0 73 15 0.001216 1
16 1 0 74 16 0.001763 2
16 1 0 75 12 0.000695 0
16 1 0 76 15 0.001769 0
16 1 0 77 15 0.001424 0
16 1 0 78 15 0.001647 1
16 1 0 79 16 0.001846 2
16 1 0 80 16 0.001919 2
16 1 0 81 16 0.002451 0
16 1 0 82 16 0.002172 0
16 1 0 83 16 0.001020 1
16 1 0 84 15 0.001610 0
16 1 0 85 16 0.002137 0
16 1 0 86 15 0.000791 0
16 1 0 87 15 0.001218 0
16 1 0 88 16 0.002165 1
16 1 0 89 16 0.002252 0
16 1 0 90 16 0.001949 0
16 1 0 91 15 0.001882 1
16 1 0 92 15 0.001277 1
16 1 0 93 16 0.002055 1
16 1 0 94 16 0.001839 1
16 1 0 95 16 0.000997 0
16 1 0 96 14 0.001504 0
16 1 0 97 14 0.001880 0
16 1 0 98 16 0.002136 2
16 1 0 99 15 0.002477 1
16 2 0 0 16 0.003464 0
16 2 0 1 12 0.002172 1
16 2 0 2 14 0.003361 2
16 2 0 3 15 0.003980 1
16 2 0 4 17 0.003994 0
16 2 0 5 17 0.002773 0
16 2 0 6 15 0.003314 0
16 2 0 7 16 0.003951 0
16 2 0 8 17 0.003288 1
16 2 0 9 14 0.003118 0
16 2 0 10 16 0.002794 0
16 2 0 11 16 0.002346 1
16 2 0 12 15 0.002374 0
16 2 0 13 16 0.003859 2
16 2 0 14 17 0.004005 1
16 2 0 15 17 0.003250 0
16 2 0 16 17 0.003509 1
16 2 0 17 15 0.003365 0
16 2 0 18 16 0.003231 0
16 2 0 19 17 0.003143 0
16 2 0 20 18 0.003976 0
16 2 0 21 17 0.004157 0
16 2 0 22 14 0.003094 0
16 2 0 23 14 0.002844 0
16 2 0 24 13 0.002334 0
16 2 0 25 12 0.002391 0
16 2 0 26 13 0.001532 1
16 2 0 27 14 0.002469 2
16 2 0 28 18 0.004008 1
16 2 0 29 17 0.003489 0
16 2 0 30 13 0.002882 0
16 2 0 31 15 0.002868 0
16 2 0 32 15 0.004002 1
16 2 0 33 11 0.002351 0
16 2 0 34 16 0.003536 0
16 2 0 35 14 0.003484 2
16 2 0 36 14 0.003131 0
16 2 0 37 16 0.003190 0
16 2 0 38 15 0.003364 0
16 2 0 39 13 0.002766 1
16 2 0 40 11 0.001307 1
16 2 0 41 16 0.004098 1
16 2 0 42 15 0.002943 2
16 2 0 43 18 0.004583 2
16 2 0 44 18 0.004241 2
16 2 0 45 16 0.003284 1
16 2 0 46 15 0.003405 0
16 2 0 47 14 0.002628 2
16 2 0 48 15 0.002675 2
16 2 0 49 14 0.002534 1
16 2 0 50 16 0.002691 2
16 2 0 51 16 0.003654 1
16 2 0 52 15 0.003232 0
16 2 0 53 12 0.002062 2
16 2 0 54 17 0.003276 2
16 2 0 55 17 0.003120 2
16 2 0 56 15 0.002372 0
16 2 0 57 13 0.002739 0
16 2 0 58 16 0.003510 0
16 2 0 59 18 0.004087 1
16 2 0 60 17 0.003950 0
16 2 0 61 15 0.003261 1
16 2 0 62 15 0.003376 0
16 2 0 63 13 0.002390 0
16 2 0 64 15 0.002406 0
16 2 0 65 17 0.003206 0
16 2 0 66 16 0.003566 0
16 2 0 67 17 0.003652 0
16 2 0 68 15 0.003304 2
16 2 0 69 14 0.002475 0
16 2 0 70 14 0.002151 2
16 2 0 71 17 0.004219 0
16 2 0 72 17 0.004402 1
16 2 0 73 17 0.003280 1
16 2 0 74 14 0.003576 2
16 2 0 75 13 0.002176 0
16 2 0 76 17 0.003942 2
16 2 0 77 18 0.003635 0
16 2 0 78 16 0.003779 1
16 2 0 79 15 0.003178 2
16 2 0 80 16 0.003996 2
16 2 0 81 16 0.003672 0
16 2 0 82 18 0.004489 0
16 2 0 83 15 0.002448 1
16 2 0 84 17 0.003699 2
16 2 0 85 17 0.004030 0
16 2 0 86 18 0.001866 2
16 2 0 87 16 0.003051 0
16 2 0 88 18 0.004263 2
16 2 0 89 18 0.004190 0
16 2 0 90 15 0.003582 0
16 2 0 91 16 0.003935 1
16 2 0 92 15 0.002930 1
16 2 0 93 17 0.004334 1
16 2 0 94 17 0.003810 1
16 2 0 95 16 0.003079 0
16 2 0 96 15 0.003078 0
16 2 0 97 16 0.003746 0
16 2 0 98 16 0.003866 2
16 2 0 99 17 0.004887 1
16 4 0 0 19 0.005822 0
16 4 0 1 13 0.002984 1
16 4 0 2 16 0.004658 2
16 4 0 3 16 0.004432 1
16 4 0 4 19 0.005817 0
16 4 0 5 17 0.003836 0
16 4 0 6 18 0.005883 0
16 4 0 7 21 0.006569 0
16 4 0 8 20 0.005242 1
16 4 0 9 17 0.004761 0
16 4 0 10 18 0.004496 0
16 4 0 11 14 0.003338 1
16 4 0 12 16 0.003741 0
16 4 0 13 18 0.005284 2
16 4 0 14 19 0.005276 1
16 4 0 15 18 0.004539 0
16 4 0 16 18 0.005317 1
16 4 0 17 17 0.005367 0
16 4 0 18 17 0.004748 0
16 4 0 19 17 0.004294 0
16 4 0 20 20 0.006412 0
16 4 0 21 18 0.005050 0
16 4 0 22 16 0.004353 0
16 4 0 23 17 0.005074 0
16 4 0 24 14 0.002942 0
16 4 0 25 15 0.004424 0
16 4 0 26 10 0.002307 1
16 4 0 27 16 0.004287 2
16 4 0 28 20 0.005834 1
16 4 0 29 19 0.005529 0
16 4 0 30 16 0.004418 0
16 4 0 31 17 0.004358 0
16 4 0 32 17 0.005233 1
16 4 0 33 12 0.002914 0
16 4 0 34 19 0.005647 0
16 4 0 35 16 0.004651 2
16 4 0 36 17 0.004402 0
16 4 0 37 17 0.004862 0
16 4 0 38 19 0.005487 0
16 4 0 39 16 0.004350 1
16 4 0 40 12 0.002360 1
16 4 0 41 15 0.004641 1
16 4 0 42 17 0.004176 2
16 4 0 43 22 0.007114 2
16 4 0 44 19 0.005665 2
16 4 0 45 16 0.004006 1
16 4 0 46 16 0.004420 0
16 4 0 47 16 0.003858 2
16 4 0 48 18 0.004941 2
16 4 0 49 14 0.003877 1
16 4 0 50 15 0.003457 2
16 4 0 51 20 0.005898 1
16 4 0 52 18 0.004566 0
16 4 0 53 14 0.003686 2
16 4 0 54 17 0.004366 2
16 4 0 55 19 0.005324 2
16 4 0 56 18 0.004544 0
16 4 0 57 15 0.004237 0
16 4 0 58 20 0.006824 0
16 4 0 59 19 0.005739 1
16 4 0 60 20 0.006127 0
16 4 0 61 19 0.005569 1
16 4 0 62 20 0.006330 0
16 4 0 63 17 0.004181 0
16 4 0 64 17 0.004341 0
16 4 0 65 18 0.005271 0
16 4 0 66 18 0.005338 0
16 4 0 67 21 0.006562 0
16 4 0 68 16 0.004366 2
16 4 0 69 14 0.003054 0
16 4 0 70 17 0.003625 2
16 4 0 71 20 0.006423 0
16 4 0 72 21 0.007422 1
16 4 0 73 16 0.003809 1
16 4 0 74 17 0.004684 2
16 4 0 75 13 0.002781 0
16 4 0 76 18 0.005264 2
16 4 0 77 18 0.004859 0
16 4 0 78 17 0.005115 1
16 4 0 79 16 0.004529 2
16 4 0 80 20 0.006024 2
16 4 0 81 20 0.006107 0
16 4 0 82 21 0.006691 0
16 4 0 83 19 0.005079 1
16 4 0 84 17 0.004928 2
16 4 0 85 21 0.006985 0
16 4 0 86 20 0.003444 2
16 4 0 87 18 0.004694 0
16 4 0 88 19 0.005973 2
16 4 0 89 21 0.006528 0
16 4 0 90 19 0.005598 0
16 4 0 91 19 0.005629 1
16 4 0 92 17 0.004249 1
16 4 0 93 20 0.006600 1
16 4 0 94 20 0.005637 1
16 4 0 95 18 0.004727 0
16 4 0 96 17 0.004796 0
16 4 0 97 19 0.005992 0
16 4 0 98 19 0.005891 2
16 4 0 99 21 0.007375 1
16 8 0 0 23 0.008976 0
16 8 0 1 15 0.003794 1
16 8 0 2 19 0.006793 2
16 8 0 3 21 0.007377 1
16 8 0 4 23 0.008749 0
16 8 0 5 21 0.006142 0
16 8 0 6 20 0.007817 0
16 8 0 7 24 0.008781 0
16 8 0 8 24 0.008141 1
16 8 0 9 18 0.005684 0
16 8 0 10 21 0.006706 0
16 8 0 11 18 0.005482 1
16 8 0 12 16 0.004741 0
16 8 0 13 24 0.009188 2
16 8 0 14 23 0.007544 1
16 8 0 15 22 0.006824 0
16 8 0 16 23 0.007640 1
16 8 0 17 20 0.007097 0
16 8 0 18 22 0.006824 0
16 8 0 19 20 0.006342 0
16 8 0 20 26 0.010812 0
16 8 0 21 24 0.009151 0
16 8 0 22 18 0.005804 0
16 8 0 23 20 0.006859 0
16 8 0 24 14 0.003446 0
16 8 0 25 17 0.005730 0
16 8 0 26 13 0.002776 1
16 8 0 27 17 0.005289 2
16 8 0 28 24 0.008698 1
16 8 0 29 25 0.008220 0
16 8 0 30 18 0.005791 0
16 8 0 31 21 0.007199 0
16 8 0 32 22 0.008074 1
16 8 0 33 14 0.003884 0
16 8 0 34 20 0.007676 0
16 8 0 35 20 0.007156 2
16 8 0 36 18 0.005366 0
16 8 0 37 18 0.006033 0
16 8 0 38 21 0.007239 0
16 8 0 39 18 0.005524 1
16 8 0 40 13 0.003162 1
16 8 0 41 21 0.008305 1
16 8 0 42 20 0.005723 2
16 8 0 43 28 0.012465 2
16 8 0 44 26 0.011063 2
16 8 0 45 19 0.005920 1
16 8 0 46 18 0.005924 0
16 8 0 47 16 0.004205 2
16 8 0 48 19 0.006273 2
16 8 0 49 17 0.004994 1
16 8 0 50 18 0.004814 2
16 8 0 51 24 0.009012 1
16 8 0 52 22 0.006963 0
16 8 0 53 15 0.004216 2
16 8 0 54 19 0.006054 2
16 8 0 55 24 0.008564 2
16 8 0 56 20 0.005828 0
16 8 0 57 18 0.005614 0
16 8 0 58 25 0.009455 0
16 8 0 59 24 0.008834 1
16 8 0 60 25 0.009757 0
16 8 0 61 23 0.007791 1
16 8 0 62 22 0.008408 0
16 8 0 63 19 0.005889 0
16 8 0 64 20 0.006274 0
16 8 0 65 20 0.006828 0
16 8 0 66 21 0.007104 0
16 8 0 67 25 0.010004 0
16 8 0 68 19 0.006494 2
16 8 0 69 17 0.004415 0
16 8 0 70 18 0.004691 2
16 8 0 71 26 0.011913 0
16 8 0 72 27 0.012536 1
16 8 0 73 19 0.005523 1
16 8 0 74 20 0.006804 2
16 8 0 75 16 0.004338 0
16 8 0 76 24 0.008802 2
16 8 0 77 23 0.008692 0
16 8 0 78 22 0.007852 1
16 8 0 79 21 0.006739 2
16 8 0 80 23 0.008346 2
16 8 0 81 25 0.009328 0
16 8 0 82 26 0.010641 0
16 8 0 83 22 0.007049 1
16 8 0 84 21 0.007516 2
16 8 0 85 26 0.010575 0
16 8 0 86 23 0.006668 2
16 8 0 87 19 0.006084 0
16 8 0 88 26 0.011292 2
16 8 0 89 27 0.011094 0
16 8 0 90 22 0.008081 0
16 8 0 91 23 0.008605 1
16 8 0 92 20 0.006292 1
16 8 0 93 26 0.011186 1
16 8 0 94 24 0.009403 1
16 8 0 95 23 0.007642 0
16 8 0 96 19 0.006471 0
16 8 0 97 21 0.008086 0
16 8 0 98 23 0.009085 2
16 8 0 99 27 0.012541 1
32 1 0 0 31 0.003597 1
32 1 0 1 30 0.003684 0
32 1 0 2 31 0.003868 0
32 1 0 3 31 0.003126 2
32 1 0 4 31 0.004167 0
32 1 0 5 31 0.003038 1
32 1 0 6 31 0.003784 0
32 1 0 7 25 0.001383 2
32 1 0 8 29 0.003294 0
32 1 0 9 31 0.003471 0
32 1 0 10 27 0.003400 0
32 1 0 11 30 0.004004 0
32 1 0 12 27 0.002882 2
32 1 0 13 29 0.003274 1
32 1 0 14 28 0.003815 1
32 1 0 15 30 0.003949 0
32 1 0 16 31 0.004533 1
32 1 0 17 28 0.003878 0
32 1 0 18 30 0.002798 1
32 1 0 19 32 0.005115 0
32 1 0 20 26 0.003179 2
32 1 0 21 31 0.002990 1
32 1 0 22 32 0.005076 0
32 1 0 23 29 0.003337 1
32 1 0 24 29 0.002799 1
32 1 0 25 31 0.003513 1
32 1 0 26 31 0.004305 0
32 1 0 27 27 0.003571 0
32 1 0 28 32 0.004123 0
32 1 0 29 31 0.004427 0
32 1 0 30 30 0.003270 1
32 1 0 31 32 0.003158 1
32 1 0 32 28 0.002654 0
32 1 0 33 29 0.002205 0
32 1 0 34 31 0.003983 0
32 1 0 35 29 0.003290 0
32 1 0 36 32 0.003235 0
32 1 0 37 29 0.002400 0
32 1 0 38 31 0.003911 0
32 1 0 39 23 0.001678 0
32 1 0 40 31 0.002422 0
32 1 0 41 31 0.003409 0
32 1 0 42 31 0.003345 0
32 1 0 43 32 0.003910 1
32 1 0 44 28 0.003203 2
32 1 0 45 31 0.004799 0
32 1 0 46 29 0.003098 1
32 1 0 47 29 0.003662 0
32 1 0 48 26 0.001343 0
32 1 0 49 31 0.004506 0
32 1 0 50 30 0.003257 2
32 1 0 51 29 0.002897 1
32 1 0 52 31 0.003055 0
32 1 0 53 27 0.003542 1
32 1 0 54 29 0.002509 1
32 1 0 55 28 0.002259 1
32 1 0 56 30 0.004112 0
32 1 0 57 30 0.004040 1
32 1 0 58 32 0.003811 1
32 1 0 59 28 0.002264 2
32 1 0 60 31 0.004419 0
32 1 0 61 29 0.003411 1
32 1 0 62 32 0.003978 2
32 1 0 63 29 0.002708 0
32 1 0 64 32 0.002732 0
32 1 0 65 30 0.003581 2
32 1 0 66 28 0.002800 0
32 1 0 67 31 0.004187 0
32 1 0 68 27 0.002374 0
32 1 0 69 29 0.003067 1
32 1 0 70 27 0.002643 2
32 1 0 71 31 0.003192 1
32 1 0 72 31 0.003470 1
32 1 0 73 30 0.003558 0
32 1 0 74 30 0.003162 0
32 1 0 75 31 0.003286 0
32 1 0 76 31 0.003619 0
32 1 0 77 32 0.003345 1
32 1 0 78 30 0.003644 0
32 1 0 79 31 0.002936 0
32 1 0 80 29 0.003006 0
32 1 0 81 32 0.004148 2
32 1 0 82 31 0.003755 1
32 1 0 83 29 0.002807 2
32 1 0 84 31 0.004126 0
32 1 0 85 29 0.003637 1
32 1 0 86 32 0.003293 1
32 1 0 87 28 0.002933 0
32 1 0 88 30 0.002474 2
32 1 0 89 31 0.003547 1
32 1 0 90 31 0.003259 0
32 1 0 91 32 0.004185 1
32 1 0 92 27 0.002822 1
32 1 0 93 28 0.002372 2
32 1 0 94 31 0.004042 1
32 1 0 95 26 0.002159 1
32 1 0 96 30 0.003743 1
32 1 0 97 29 0.003038 1
32 1 0 98 31 0.004945 1
32 1 0 99 31 0.002792 1
32 2 0 0 32 0.007574 2
32 2 0 1 30 0.006676 2
32 2 0 2 30 0.006718 0
32 2 0 3 31 0.007199 2
32 2 0 4 30 0.006832 0
32 2 0 5 33 0.006193 2
32 2 0 6 32 0.006952 0
32 2 0 7 26 0.003345 2
32 2 0 8 30 0.006530 0
32 2 0 9 33 0.006637 0
32 2 0 10 28 0.006155 2
32 2 0 11 30 0.007863 0
32 2 0 12 32 0.006398 2
32 2 0 13 31 0.006283 1
32 2 0 14 28 0.006060 1
32 2 0 15 32 0.007275 0
32 2 0 16 32 0.007456 1
32 2 0 17 30 0.007188 0
32 2 0 18 31 0.007134 1
32 2 0 19 33 0.008753 0
32 2 0 20 29 0.006339 2
32 2 0 21 33 0.006594 1
32 2 0 22 32 0.008124 0
32 2 0 23 32 0.007492 1
32 2 0 24 33 0.006570 1
32 2 0 25 29 0.006289 2
32 2 0 26 33 0.007139 0
32 2 0 27 27 0.005111 0
32 2 0 28 33 0.006918 0
32 2 0 29 33 0.007613 0
32 2 0 30 30 0.006625 1
32 2 0 31 33 0.007047 1
32 2 0 32 26 0.005719 0
32 2 0 33 28 0.005343 0
32 2 0 34 28 0.006461 0
32 2 0 35 31 0.006495 0
32 2 0 36 33 0.007011 0
32 2 0 37 27 0.005264 0
32 2 0 38 30 0.006539 0
32 2 0 39 24 0.003629 0
32 2 0 40 30 0.005058 0
32 2 0 41 28 0.006590 0
32 2 0 42 31 0.006259 0
32 2 0 43 30 0.006512 1
32 2 0 44 29 0.005933 2
32 2 0 45 33 0.007646 0
32 2 0 46 30 0.007012 1
32 2 0 47 32 0.006852 0
32 2 0 48 27 0.004079 0
32 2 0 49 29 0.007223 0
32 2 0 50 33 0.006925 2
32 2 0 51 28 0.006189 1
32 2 0 52 29 0.005484 0
32 2 0 53 29 0.006686 1
32 2 0 54 25 0.004239 1
32 2 0 55 30 0.005040 2
32 2 0 56 28 0.006615 0
32 2 0 57 31 0.007259 1
32 2 0 58 33 0.007364 1
32 2 0 59 28 0.005155 2
32 2 0 60 31 0.007678 0
32 2 0 61 28 0.006260 1
32 2 0 62 32 0.007327 2
32 2 0 63 29 0.004903 0
32 2 0 64 29 0.005753 0
32 2 0 65 32 0.008388 2
32 2 0 66 31 0.006580 0
32 2 0 67 33 0.007733 0
32 2 0 68 26 0.005056 0
32 2 0 69 29 0.005391 1
32 2 0 70 25 0.004953 2
32 2 0 71 30 0.006314 1
32 2 0 72 33 0.006804 1
32 2 0 73 33 0.006044 0
32 2 0 74 29 0.005699 0
32 2 0 75 28 0.005341 0
32 2 0 76 32 0.006940 0
32 2 0 77 32 0.007160 1
32 2 0 78 29 0.006371 0
32 2 0 79 32 0.006644 0
32 2 0 80 28 0.005456 0
32 2 0 81 32 0.007300 2
32 2 0 82 32 0.007395 1
32 2 0 83 31 0.005854 2
32 2 0 84 31 0.007042 0
32 2 0 85 27 0.006093 1
32 2 0 86 31 0.006299 1
32 2 0 87 29 0.005763 0
32 2 0 88 30 0.005260 2
32 2 0 89 30 0.006297 1
32 2 0 90 31 0.006749 0
32 2 0 91 32 0.007337 1
32 2 0 92 29 0.005299 1
32 2 0 93 29 0.005657 2
32 2 0 94 26 0.006134 1
32 2 0 95 26 0.004320 1
32 2 0 96 32 0.007360 1
32 2 0 97 28 0.005313 1
32 2 0 98 32 0.007850 1
32 2 0 99 33 0.006244 1
32 4 0 0 35 0.011044 2
32 4 0 1 32 0.009431 2
32 4 0 2 32 0.009684 0
32 4 0 3 32 0.009535 2
32 4 0 4 33 0.009931 0
32 4 0 5 32 0.008901 2
32 4 0 6 35 0.010707 0
32 4 0 7 21 0.004878 2
32 4 0 8 26 0.007851 0
32 4 0 9 33 0.009421 0
32 4 0 10 30 0.008801 2
32 4 0 11 32 0.011246 0
32 4 0 12 31 0.008746 2
32 4 0 13 36 0.010488 1
32 4 0 14 31 0.008975 1
32 4 0 15 34 0.010381 0
32 4 0 16 35 0.011370 1
32 4 0 17 30 0.009348 0
32 4 0 18 33 0.009519 1
32 4 0 19 36 0.012835 0
32 4 0 20 30 0.008968 2
32 4 0 21 36 0.010232 1
32 4 0 22 34 0.011566 0
32 4 0 23 33 0.009878 1
32 4 0 24 30 0.008385 1
32 4 0 25 31 0.008503 2
32 4 0 26 36 0.011302 0
32 4 0 27 30 0.008410 0
32 4 0 28 35 0.010847 0
32 4 0 29 35 0.012016 0
32 4 0 30 32 0.009552 1
32 4 0 31 34 0.010004 1
32 4 0 32 29 0.007869 0
32 4 0 33 32 0.008548 0
32 4 0 34 32 0.010291 0
32 4 0 35 33 0.009609 0
32 4 0 36 35 0.010654 0
32 4 0 37 29 0.008543 0
32 4 0 38 34 0.010112 0
32 4 0 39 29 0.007064 2
32 4 0 40 33 0.009083 0
32 4 0 41 32 0.009542 0
32 4 0 42 35 0.010238 0
32 4 0 43 33 0.009911 1
32 4 0 44 31 0.009053 2
32 4 0 45 33 0.011266 0
32 4 0 46 34 0.010859 1
32 4 0 47 30 0.008819 0
32 4 0 48 29 0.006553 0
32 4 0 49 34 0.010939 0
32 4 0 50 33 0.009938 2
32 4 0 51 29 0.008558 1
32 4 0 52 32 0.008967 0
32 4 0 53 33 0.009768 1
32 4 0 54 28 0.007815 1
32 4 0 55 31 0.008574 2
32 4 0 56 33 0.010352 0
32 4 0 57 33 0.010799 1
32 4 0 58 37 0.012619 1
32 4 0 59 30 0.008593 2
32 4 0 60 35 0.012524 0
32 4 0 61 34 0.010238 1
32 4 0 62 35 0.010483 2
32 4 0 63 29 0.007657 0
32 4 0 64 33 0.010236 0
32 4 0 65 34 0.010946 2
32 4 0 66 31 0.009234 0
32 4 0 67 32 0.009766 0
32 4 0 68 25 0.006874 0
32 4 0 69 33 0.008810 1
32 4 0 70 27 0.007105 2
32 4 0 71 33 0.009440 1
32 4 0 72 32 0.008937 1
32 4 0 73 34 0.009794 0
32 4 0 74 32 0.009417 0
32 4 0 75 33 0.008676 0
32 4 0 76 32 0.010084 0
32 4 0 77 35 0.010528 1
32 4 0 78 32 0.008970 0
32 4 0 79 34 0.009649 0
32 4 0 80 29 0.008049 0
32 4 0 81 36 0.011196 2
32 4 0 82 35 0.010348 1
32 4 0 83 30 0.007807 2
32 4 0 84 34 0.010936 0
32 4 0 85 32 0.009772 1
32 4 0 86 29 0.008248 1
32 4 0 87 31 0.007714 0
32 4 0 88 34 0.009983 2
32 4 0 89 33 0.009512 1
32 4 0 90 34 0.010274 0
32 4 0 91 36 0.011699 1
32 4 0 92 33 0.008400 1
32 4 0 93 30 0.008342 2
32 4 0 94 30 0.009276 1
32 4 0 95 24 0.006119 1
32 4 0 96 33 0.009804 1
32 4 0 97 32 0.008719 1
32 4 0 98 35 0.011964 1
32 4 0 99 35 0.010020 1
32 8 0 0 37 0.016674 2
32 8 0 1 34 0.014928 2
32 8 0 2 39 0.018563 0
32 8 0 3 39 0.017343 2
32 8 0 4 35 0.015321 0
32 8 0 5 36 0.013643 2
32 8 0 6 38 0.018159 0
32 8 0 7 27 0.008673 2
32 8 0 8 33 0.014428 0
32 8 0 9 37 0.015770 0
32 8 0 10 34 0.015714 2
32 8 0 11 38 0.022044 0
32 8 0 12 33 0.013589 2
32 8 0 13 40 0.019622 1
32 8 0 14 32 0.015022 1
32 8 0 15 39 0.018875 0
32 8 0 16 40 0.021158 1
32 8 0 17 36 0.018208 0
32 8 0 18 39 0.016491 1
32 8 0 19 42 0.026276 0
32 8 0 20 38 0.017372 2
32 8 0 21 39 0.018217 1
32 8 0 22 38 0.021923 0
32 8 0 23 38 0.017726 1
32 8 0 24 36 0.014222 1
32 8 0 25 34 0.013378 2
32 8 0 26 39 0.018681 0
32 8 0 27 31 0.010999 0
32 8 0 28 40 0.020013 0
32 8 0 29 42 0.024891 0
32 8 0 30 36 0.015350 1
32 8 0 31 41 0.017592 1
32 8 0 32 30 0.010989 0
32 8 0 33 34 0.012571 0
32 8 0 34 38 0.019948 0
32 8 0 35 35 0.014348 0
32 8 0 36 42 0.019837 0
32 8 0 37 37 0.015671 0
32 8 0 38 41 0.018385 0
32 8 0 39 27 0.009260 2
32 8 0 40 37 0.014407 0
32 8 0 41 36 0.015600 0
32 8 0 42 37 0.016659 0
32 8 0 43 37 0.016867 1
32 8 0 44 32 0.013826 2
32 8 0 45 39 0.022222 0
32 8 0 46 36 0.019768 1
32 8 0 47 35 0.015460 0
32 8 0 48 28 0.008685 0
32 8 0 49 37 0.018823 0
32 8 0 50 40 0.018408 2
32 8 0 51 31 0.012705 1
32 8 0 52 33 0.012999 0
32 8 0 53 35 0.014520 1
32 8 0 54 33 0.013062 1
32 8 0 55 32 0.009980 2
32 8 0 56 37 0.018213 0
32 8 0 57 39 0.020470 1
32 8 0 58 41 0.020827 1
32 8 0 59 32 0.012493 2
32 8 0 60 40 0.022811 0
32 8 0 61 37 0.017230 1
32 8 0 62 39 0.018302 2
32 8 0 63 32 0.012484 0
32 8 0 64 36 0.016556 0
32 8 0 65 39 0.017719 2
32 8 0 66 34 0.015058 0
32 8 0 67 35 0.016188 0
32 8 0 68 29 0.010463 0
32 8 0 69 32 0.012952 1
32 8 0 70 28 0.010592 2
32 8 0 71 37 0.015916 1
32 8 0 72 35 0.013882 1
32 8 0 73 40 0.019889 0
32 8 0 74 34 0.014646 0
32 8 0 75 33 0.013461 0
32 8 0 76 37 0.018806 0
32 8 0 77 40 0.017728 1
32 8 0 78 37 0.014710 0
32 8 0 79 39 0.016650 0
32 8 0 80 33 0.013741 0
32 8 0 81 38 0.017855 2
32 8 0 82 38 0.017494 1
32 8 0 83 34 0.012820 2
32 8 0 84 39 0.022467 0
32 8 0 85 34 0.015999 1
32 8 0 86 34 0.014423 1
32 8 0 87 35 0.013248 0
32 8 0 88 33 0.013139 2
32 8 0 89 35 0.014295 1
32 8 0 90 38 0.017437 0
32 8 0 91 41 0.020763 1
32 8 0 92 30 0.010959 1
32 8 0 93 34 0.013372 2
32 8 0 94 36 0.016715 1
32 8 0 95 29 0.009632 1
32 8 0 96 38 0.017809 1
32 8 0 97 35 0.015636 1
32 8 0 98 40 0.022534 1
32 8 0 99 38 0.018688 1
