4 1 0 0 3 0.001858 2
4 1 0 1 4 0.002331 1
4 1 0 2 4 0.002553 2
4 1 0 3 4 0.003838 2
4 1 0 4 4 0.001970 1
4 1 0 5 4 0.004045 2
4 1 0 6 2 0.000937 2
4 1 0 7 2 0.001034 2
4 1 0 8 4 0.001829 1
4 1 0 9 2 0.000887 1
4 1 0 10 4 0.005088 2
4 1 0 11 3 0.001778 0
4 1 0 12 4 0.005335 2
4 1 0 13 2 0.001117 2
4 1 0 14 4 0.002543 2
4 1 0 15 4 0.002891 0
4 1 0 16 2 0.000879 2
4 1 0 17 3 0.001860 1
4 1 0 18 2 0.000841 2
4 1 0 19 2 0.000927 2
4 1 0 20 2 0.000829 0
4 1 0 21 2 0.000826 1
4 1 0 22 4 0.003657 2
4 1 0 23 4 0.003674 2
4 1 0 24 4 0.003168 2
4 1 0 25 4 0.005239 1
4 1 0 26 4 0.005010 2
4 1 0 27 4 0.003688 2
4 1 0 28 4 0.002628 2
4 1 0 29 4 0.003920 2
4 1 0 30 4 0.004086 2
4 1 0 31 4 0.003778 2
4 1 0 32 2 0.000951 2
4 1 0 33 4 0.003022 2
4 1 0 34 4 0.005233 2
4 1 0 35 2 0.000833 1
4 1 0 36 4 0.003984 2
4 1 0 37 4 0.003372 2
4 1 0 38 2 0.000892 2
4 1 0 39 3 0.002051 2
4 1 0 40 4 0.004111 2
4 1 0 41 2 0.000761 0
4 1 0 42 2 0.000945 0
4 1 0 43 4 0.002754 1
4 1 0 44 2 0.000883 2
4 1 0 45 4 0.003807 2
4 1 0 46 4 0.004071 2
4 1 0 47 4 0.001823 1
4 1 0 48 4 0.002649 2
4 1 0 49 4 0.005303 2
4 1 0 50 4 0.001943 1
4 1 0 51 4 0.002753 2
4 1 0 52 3 0.001741 1
4 1 0 53 4 0.003814 2
4 1 0 54 3 0.001796 1
4 1 0 55 3 0.002015 2
4 1 0 56 4 0.003977 2
4 1 0 57 4 0.002002 1
4 1 0 58 4 0.005090 2
4 1 0 59 4 0.005361 2
4 1 0 60 4 0.003971 1
4 1 0 61 4 0.002669 2
4 1 0 62 2 0.000814 1
4 1 0 63 4 0.003726 1
4 1 0 64 4 0.003735 1
4 1 0 65 4 0.002174 0
4 1 0 66 4 0.003757 2
4 1 0 67 3 0.002241 1
4 1 0 68 4 0.001898 1
4 1 0 69 4 0.005505 2
4 1 0 70 4 0.003663 2
4 1 0 71 4 0.003645 2
4 1 0 72 3 0.001933 2
4 1 0 73 4 0.002004 1
4 1 0 74 4 0.003710 2
4 1 0 75 4 0.003879 2
4 1 0 76 4 0.003830 2
4 1 0 77 4 0.003660 2
4 1 0 78 4 0.003867 0
4 1 0 79 4 0.003745 0
4 1 0 80 4 0.003982 2
4 1 0 81 4 0.003627 2
4 1 0 82 3 0.001941 1
4 1 0 83 4 0.003939 2
4 1 0 84 2 0.000920 1
4 1 0 85 4 0.002747 0
4 1 0 86 4 0.005359 2
4 1 0 87 4 0.002046 0
4 1 0 88 4 0.003653 2
4 1 0 89 4 0.002644 0
4 1 0 90 4 0.005048 2
4 1 0 91 4 0.002793 2
4 1 0 92 4 0.002680 2
4 1 0 93 4 0.001875 1
4 1 0 94 2 0.000893 2
4 1 0 95 4 0.004247 1
4 1 0 96 4 0.002769 2
4 1 0 97 2 0.000962 1
4 1 0 98 4 0.002031 0
4 1 0 99 4 0.004052 0
4 2 0 0 1 0.000673 1
4 2 0 1 4 0.002958 2
4 2 0 2 3 0.002918 2
4 2 0 3 3 0.003461 2
4 2 0 4 3 0.001728 1
4 2 0 5 5 0.006493 2
4 2 0 6 3 0.002786 2
4 2 0 7 4 0.004937 2
4 2 0 8 5 0.002801 1
4 2 0 9 4 0.005664 2
4 2 0 10 5 0.008288 2
4 2 0 11 1 0.000554 1
4 2 0 12 5 0.008454 2
4 2 0 13 4 0.004959 2
4 2 0 14 3 0.003019 2
4 2 0 15 4 0.004110 2
4 2 0 16 4 0.005737 2
4 2 0 17 1 0.000736 1
4 2 0 18 4 0.004216 2
4 2 0 19 4 0.004860 2
4 2 0 20 4 0.002292 0
4 2 0 21 3 0.002557 1
4 2 0 22 5 0.006914 2
4 2 0 23 4 0.006608 2
4 2 0 24 4 0.005303 2
4 2 0 25 5 0.009700 2
4 2 0 26 5 0.007912 2
4 2 0 27 3 0.003547 2
4 2 0 28 5 0.004236 2
4 2 0 29 5 0.007957 2
4 2 0 30 5 0.005810 2
4 2 0 31 4 0.006348 2
4 2 0 32 4 0.005321 2
4 2 0 33 5 0.004911 2
4 2 0 34 5 0.008474 2
4 2 0 35 2 0.001821 1
4 2 0 36 5 0.006589 2
4 2 0 37 4 0.005447 2
4 2 0 38 4 0.003933 2
4 2 0 39 1 0.000695 1
4 2 0 40 5 0.007893 2
4 2 0 41 3 0.002043 0
4 2 0 42 4 0.003810 2
4 2 0 43 3 0.002347 1
4 2 0 44 4 0.005280 2
4 2 0 45 5 0.006974 2
4 2 0 46 3 0.003584 2
4 2 0 47 3 0.001814 1
4 2 0 48 3 0.003057 2
4 2 0 49 5 0.008393 2
4 2 0 50 3 0.001793 1
4 2 0 51 2 0.002218 1
4 2 0 52 1 0.000575 1
4 2 0 53 5 0.007281 2
4 2 0 54 1 0.000711 1
4 2 0 55 1 0.000648 1
4 2 0 56 5 0.006873 2
4 2 0 57 3 0.001976 1
4 2 0 58 5 0.009593 2
4 2 0 59 5 0.009070 2
4 2 0 60 3 0.003337 1
4 2 0 61 5 0.004917 2
4 2 0 62 3 0.001933 1
4 2 0 63 3 0.003857 1
4 2 0 64 3 0.003622 1
4 2 0 65 3 0.002000 0
4 2 0 66 5 0.006610 2
4 2 0 67 1 0.000721 1
4 2 0 68 3 0.001924 1
4 2 0 69 5 0.009701 2
4 2 0 70 5 0.006650 2
4 2 0 71 5 0.006479 2
4 2 0 72 1 0.000653 1
4 2 0 73 3 0.001786 1
4 2 0 74 3 0.003258 2
4 2 0 75 3 0.003505 2
4 2 0 76 3 0.003506 2
4 2 0 77 5 0.006754 2
4 2 0 78 3 0.003777 2
4 2 0 79 5 0.007761 2
4 2 0 80 4 0.005315 2
4 2 0 81 4 0.005400 2
4 2 0 82 1 0.000710 1
4 2 0 83 4 0.005779 2
4 2 0 84 3 0.002799 1
4 2 0 85 4 0.004331 2
4 2 0 86 5 0.009323 2
4 2 0 87 5 0.002755 0
4 2 0 88 3 0.003717 2
4 2 0 89 3 0.002325 2
4 2 0 90 5 0.009406 2
4 2 0 91 5 0.005670 2
4 2 0 92 3 0.002291 2
4 2 0 93 5 0.002718 1
4 2 0 94 3 0.002703 2
4 2 0 95 5 0.005739 1
4 2 0 96 5 0.004723 2
4 2 0 97 4 0.005065 1
4 2 0 98 3 0.001862 2
4 2 0 99 5 0.007056 2
4 4 0 0 2 0.001839 2
4 4 0 1 5 0.004258 2
4 4 0 2 4 0.004248 2
4 4 0 3 4 0.005648 2
4 4 0 4 4 0.002376 1
4 4 0 5 5 0.010661 2
4 4 0 6 2 0.001993 2
4 4 0 7 4 0.004937 2
4 4 0 8 6 0.003233 1
4 4 0 9 4 0.008432 2
4 4 0 10 6 0.014952 2
4 4 0 11 2 0.001009 0
4 4 0 12 6 0.014488 2
4 4 0 13 4 0.005003 2
4 4 0 14 4 0.004102 2
4 4 0 15 5 0.007058 2
4 4 0 16 4 0.008516 2
4 4 0 17 2 0.001223 1
4 4 0 18 3 0.003258 2
4 4 0 19 4 0.005156 2
4 4 0 20 4 0.002423 2
4 4 0 21 2 0.002054 1
4 4 0 22 5 0.009226 2
4 4 0 23 5 0.011490 2
4 4 0 24 5 0.010812 2
4 4 0 25 6 0.014511 2
4 4 0 26 6 0.014595 2
4 4 0 27 4 0.008121 2
4 4 0 28 6 0.008746 2
4 4 0 29 5 0.011356 2
4 4 0 30 5 0.006434 2
4 4 0 31 5 0.010769 2
4 4 0 32 4 0.008025 2
4 4 0 33 5 0.008553 2
4 4 0 34 6 0.014819 2
4 4 0 35 2 0.002129 1
4 4 0 36 6 0.012381 2
4 4 0 37 5 0.010006 2
4 4 0 38 4 0.006089 2
4 4 0 39 2 0.001281 2
4 4 0 40 6 0.011200 2
4 4 0 41 2 0.001194 0
4 4 0 42 4 0.006341 2
4 4 0 43 3 0.003042 2
4 4 0 44 4 0.008377 2
4 4 0 45 5 0.008784 2
4 4 0 46 4 0.005341 2
4 4 0 47 4 0.002280 1
4 4 0 48 4 0.004407 2
4 4 0 49 6 0.015072 2
4 4 0 50 4 0.002058 1
4 4 0 51 3 0.003553 2
4 4 0 52 2 0.001151 2
4 4 0 53 5 0.009777 2
4 4 0 54 2 0.001775 1
4 4 0 55 2 0.001248 2
4 4 0 56 5 0.009451 2
4 4 0 57 4 0.002145 1
4 4 0 58 6 0.014601 2
4 4 0 59 6 0.014861 2
4 4 0 60 4 0.005108 1
4 4 0 61 5 0.008445 2
4 4 0 62 2 0.001093 1
4 4 0 63 4 0.008581 1
4 4 0 64 4 0.005436 1
4 4 0 65 4 0.002234 0
4 4 0 66 6 0.012316 2
4 4 0 67 2 0.001237 2
4 4 0 68 4 0.002108 1
4 4 0 69 6 0.014439 2
4 4 0 70 5 0.010326 2
4 4 0 71 5 0.010146 2
4 4 0 72 2 0.001796 2
4 4 0 73 4 0.002094 1
4 4 0 74 4 0.005684 2
4 4 0 75 4 0.005491 2
4 4 0 76 4 0.005783 2
4 4 0 77 5 0.011268 2
4 4 0 78 4 0.008092 2
4 4 0 79 5 0.009433 2
4 4 0 80 5 0.010922 2
4 4 0 81 5 0.010083 2
4 4 0 82 2 0.001831 2
4 4 0 83 5 0.010450 2
4 4 0 84 2 0.001396 1
4 4 0 85 5 0.007975 2
4 4 0 86 6 0.015133 2
4 4 0 87 6 0.003503 0
4 4 0 88 4 0.005672 2
4 4 0 89 3 0.002877 2
4 4 0 90 6 0.015071 2
4 4 0 91 6 0.008937 2
4 4 0 92 4 0.006371 2
4 4 0 93 6 0.003558 1
4 4 0 94 2 0.001595 2
4 4 0 95 5 0.006713 2
4 4 0 96 6 0.006894 2
4 4 0 97 4 0.005006 1
4 4 0 98 4 0.002553 2
4 4 0 99 5 0.009477 2
8 1 0 0 7 0.007272 2
8 1 0 1 7 0.006532 2
8 1 0 2 8 0.007632 2
8 1 0 3 8 0.006463 0
8 1 0 4 7 0.004748 0
8 1 0 5 4 0.002454 2
8 1 0 6 7 0.004887 2
8 1 0 7 6 0.005826 2
8 1 0 8 5 0.003515 2
8 1 0 9 7 0.005916 2
8 1 0 10 8 0.008231 2
8 1 0 11 7 0.006530 2
8 1 0 12 8 0.008304 0
8 1 0 13 7 0.007197 2
8 1 0 14 8 0.006275 2
8 1 0 15 7 0.006078 2
8 1 0 16 7 0.005168 2
8 1 0 17 8 0.008002 0
8 1 0 18 8 0.006477 2
8 1 0 19 7 0.004724 2
8 1 0 20 8 0.009506 2
8 1 0 21 6 0.004853 2
8 1 0 22 8 0.007247 2
8 1 0 23 7 0.008177 2
8 1 0 24 7 0.005970 2
8 1 0 25 8 0.008195 2
8 1 0 26 8 0.007113 2
8 1 0 27 7 0.008170 2
8 1 0 28 8 0.011128 2
8 1 0 29 8 0.004661 0
8 1 0 30 7 0.008364 2
8 1 0 31 6 0.004878 2
8 1 0 32 7 0.006803 2
8 1 0 33 7 0.004770 0
8 1 0 34 6 0.004268 2
8 1 0 35 6 0.004804 2
8 1 0 36 8 0.006640 2
8 1 0 37 6 0.004647 2
8 1 0 38 7 0.006118 2
8 1 0 39 8 0.011345 2
8 1 0 40 6 0.003607 2
8 1 0 41 7 0.006068 0
8 1 0 42 6 0.005018 2
8 1 0 43 8 0.009972 2
8 1 0 44 6 0.006066 2
8 1 0 45 7 0.004816 2
8 1 0 46 8 0.011930 2
8 1 0 47 8 0.004672 2
8 1 0 48 6 0.004947 0
8 1 0 49 7 0.005289 2
8 1 0 50 8 0.010808 2
8 1 0 51 8 0.009059 2
8 1 0 52 8 0.013617 2
8 1 0 53 8 0.009183 2
8 1 0 54 8 0.006482 2
8 1 0 55 7 0.006359 2
8 1 0 56 7 0.008673 2
8 1 0 57 8 0.008482 2
8 1 0 58 8 0.010438 2
8 1 0 59 8 0.009194 2
8 1 0 60 8 0.007849 2
8 1 0 61 7 0.007538 2
8 1 0 62 6 0.006265 2
8 1 0 63 8 0.006429 2
8 1 0 64 8 0.009163 2
8 1 0 65 7 0.008116 2
8 1 0 66 8 0.006112 0
8 1 0 67 8 0.008525 2
8 1 0 68 8 0.007607 2
8 1 0 69 7 0.008075 2
8 1 0 70 7 0.005702 2
8 1 0 71 7 0.006905 2
8 1 0 72 7 0.007634 2
8 1 0 73 7 0.006746 2
8 1 0 74 7 0.004265 0
8 1 0 75 8 0.005525 2
8 1 0 76 8 0.008176 2
8 1 0 77 8 0.007442 2
8 1 0 78 8 0.005036 0
8 1 0 79 6 0.002967 0
8 1 0 80 8 0.009829 2
8 1 0 81 8 0.007508 2
8 1 0 82 6 0.004815 2
8 1 0 83 6 0.004446 2
8 1 0 84 7 0.005223 2
8 1 0 85 6 0.004899 2
8 1 0 86 8 0.008174 2
8 1 0 87 7 0.004930 2
8 1 0 88 8 0.007669 2
8 1 0 89 8 0.007242 0
8 1 0 90 8 0.006275 2
8 1 0 91 7 0.006858 2
8 1 0 92 7 0.007057 2
8 1 0 93 6 0.003519 2
8 1 0 94 8 0.009110 2
8 1 0 95 8 0.007662 2
8 1 0 96 6 0.005216 2
8 1 0 97 8 0.010292 0
8 1 0 98 8 0.010726 2
8 1 0 99 8 0.009238 2
8 2 0 0 9 0.017723 2
8 2 0 1 7 0.009942 2
8 2 0 2 7 0.013546 2
8 2 0 3 8 0.010835 2
8 2 0 4 4 0.004369 2
8 2 0 5 4 0.002495 2
8 2 0 6 9 0.008737 2
8 2 0 7 6 0.010292 2
8 2 0 8 5 0.006497 2
8 2 0 9 8 0.009983 2
8 2 0 10 8 0.014812 2
8 2 0 11 6 0.006642 2
8 2 0 12 7 0.011975 2
8 2 0 13 9 0.016400 2
8 2 0 14 8 0.011063 2
8 2 0 15 9 0.016767 2
8 2 0 16 8 0.009942 2
8 2 0 17 8 0.015797 2
8 2 0 18 7 0.009201 2
8 2 0 19 6 0.007190 2
8 2 0 20 9 0.022299 2
8 2 0 21 6 0.007407 2
8 2 0 22 9 0.014372 2
8 2 0 23 9 0.018230 2
8 2 0 24 4 0.006074 2
8 2 0 25 6 0.012544 2
8 2 0 26 9 0.016188 2
8 2 0 27 9 0.020406 2
8 2 0 28 10 0.026982 2
8 2 0 29 9 0.007730 0
8 2 0 30 9 0.021889 2
8 2 0 31 8 0.014131 2
8 2 0 32 7 0.014511 2
8 2 0 33 8 0.007546 0
8 2 0 34 8 0.011048 2
8 2 0 35 8 0.013618 2
8 2 0 36 10 0.015851 2
8 2 0 37 8 0.013674 2
8 2 0 38 8 0.011616 2
8 2 0 39 10 0.027181 2
8 2 0 40 7 0.007284 2
8 2 0 41 7 0.012171 2
8 2 0 42 8 0.009368 2
8 2 0 43 9 0.019802 2
8 2 0 44 8 0.014307 2
8 2 0 45 9 0.012935 2
8 2 0 46 10 0.029163 2
8 2 0 47 6 0.004867 2
8 2 0 48 7 0.009514 2
8 2 0 49 6 0.004914 2
8 2 0 50 8 0.019729 2
8 2 0 51 10 0.022641 2
8 2 0 52 10 0.033341 2
8 2 0 53 9 0.019549 2
8 2 0 54 8 0.012836 2
8 2 0 55 8 0.015373 2
8 2 0 56 9 0.020281 2
8 2 0 57 7 0.013115 2
8 2 0 58 10 0.027302 2
8 2 0 59 7 0.012650 2
8 2 0 60 10 0.018850 2
8 2 0 61 10 0.023324 2
8 2 0 62 7 0.010598 2
8 2 0 63 9 0.013378 2
8 2 0 64 10 0.022700 2
8 2 0 65 8 0.016239 2
8 2 0 66 8 0.013640 2
8 2 0 67 10 0.020570 2
8 2 0 68 9 0.014632 2
8 2 0 69 9 0.018829 2
8 2 0 70 8 0.011936 2
8 2 0 71 8 0.015308 2
8 2 0 72 9 0.020722 2
8 2 0 73 8 0.013557 2
8 2 0 74 8 0.007014 2
8 2 0 75 8 0.008374 2
8 2 0 76 8 0.013606 2
8 2 0 77 9 0.016713 2
8 2 0 78 9 0.007604 2
8 2 0 79 6 0.005383 0
8 2 0 80 10 0.024400 2
8 2 0 81 8 0.013699 2
8 2 0 82 6 0.007192 2
8 2 0 83 5 0.007649 2
8 2 0 84 8 0.010349 2
8 2 0 85 7 0.013600 2
8 2 0 86 7 0.014274 2
8 2 0 87 8 0.012111 2
8 2 0 88 5 0.008152 2
8 2 0 89 9 0.016921 2
8 2 0 90 8 0.009755 2
8 2 0 91 7 0.013968 2
8 2 0 92 8 0.016100 2
8 2 0 93 7 0.005588 2
8 2 0 94 10 0.022524 2
8 2 0 95 9 0.017931 2
8 2 0 96 5 0.006611 2
8 2 0 97 9 0.020742 2
8 2 0 98 9 0.025206 2
8 2 0 99 7 0.016331 2
8 4 0 0 8 0.021800 2
8 4 0 1 7 0.016282 2
8 4 0 2 11 0.031155 2
8 4 0 3 11 0.021398 2
8 4 0 4 5 0.009377 2
8 4 0 5 3 0.002091 2
8 4 0 6 11 0.020305 2
8 4 0 7 5 0.010120 2
8 4 0 8 5 0.006477 2
8 4 0 9 8 0.012462 2
8 4 0 10 10 0.030154 2
8 4 0 11 8 0.017130 2
8 4 0 12 10 0.027336 2
8 4 0 13 11 0.030745 2
8 4 0 14 10 0.019777 2
8 4 0 15 9 0.021392 2
8 4 0 16 7 0.012546 2
8 4 0 17 10 0.026606 2
8 4 0 18 10 0.017158 2
8 4 0 19 6 0.007690 2
8 4 0 20 11 0.045558 2
8 4 0 21 8 0.012805 2
8 4 0 22 11 0.022383 2
8 4 0 23 10 0.026439 2
8 4 0 24 6 0.010243 2
8 4 0 25 9 0.025903 2
8 4 0 26 10 0.028442 2
8 4 0 27 11 0.038019 2
8 4 0 28 12 0.056116 2
8 4 0 29 11 0.020648 2
8 4 0 30 9 0.027783 2
8 4 0 31 10 0.025251 2
8 4 0 32 8 0.020627 2
8 4 0 33 9 0.009501 0
8 4 0 34 8 0.012137 2
8 4 0 35 6 0.009625 2
8 4 0 36 12 0.028038 2
8 4 0 37 7 0.010697 2
8 4 0 38 9 0.017787 2
8 4 0 39 13 0.075530 2
8 4 0 40 7 0.011085 2
8 4 0 41 7 0.016452 2
8 4 0 42 6 0.009859 2
8 4 0 43 11 0.043865 2
8 4 0 44 9 0.018251 2
8 4 0 45 8 0.013270 2
8 4 0 46 13 0.082043 2
8 4 0 47 8 0.011086 2
8 4 0 48 10 0.017719 2
8 4 0 49 8 0.010741 2
8 4 0 50 12 0.056249 2
8 4 0 51 12 0.044470 2
8 4 0 52 13 0.092466 2
8 4 0 53 11 0.035045 2
8 4 0 54 10 0.027873 2
8 4 0 55 9 0.025345 2
8 4 0 56 10 0.030064 2
8 4 0 57 11 0.031374 2
8 4 0 58 12 0.056515 2
8 4 0 59 10 0.033849 2
8 4 0 60 12 0.037677 2
8 4 0 61 10 0.029122 2
8 4 0 62 8 0.019164 2
8 4 0 63 11 0.027125 2
8 4 0 64 12 0.047097 2
8 4 0 65 9 0.020493 2
8 4 0 66 10 0.021420 2
8 4 0 67 13 0.049171 2
8 4 0 68 10 0.029997 2
8 4 0 69 8 0.022833 2
8 4 0 70 9 0.026782 2
8 4 0 71 9 0.022531 2
8 4 0 72 10 0.032381 2
8 4 0 73 9 0.022188 2
8 4 0 74 7 0.011472 2
8 4 0 75 10 0.016403 2
8 4 0 76 12 0.039599 2
8 4 0 77 11 0.031917 2
8 4 0 78 11 0.012655 2
8 4 0 79 6 0.008254 2
8 4 0 80 13 0.065586 2
8 4 0 81 10 0.021260 2
8 4 0 82 8 0.009867 2
8 4 0 83 6 0.012591 2
8 4 0 84 7 0.010293 2
8 4 0 85 9 0.021679 2
8 4 0 86 10 0.026584 2
8 4 0 87 8 0.014114 2
8 4 0 88 8 0.022691 2
8 4 0 89 10 0.028554 2
8 4 0 90 12 0.026555 2
8 4 0 91 8 0.023492 2
8 4 0 92 8 0.022071 2
8 4 0 93 6 0.004981 2
8 4 0 94 13 0.053771 2
8 4 0 95 11 0.030359 2
8 4 0 96 6 0.012041 2
8 4 0 97 10 0.033942 2
8 4 0 98 11 0.052601 2
8 4 0 99 9 0.038719 2
8 8 0 0 9 0.026887 2
8 8 0 1 7 0.016307 2
8 8 0 2 10 0.032941 2
8 8 0 3 10 0.022043 2
8 8 0 4 5 0.007039 2
8 8 0 5 4 0.004085 2
8 8 0 6 12 0.033654 2
8 8 0 7 6 0.013242 2
8 8 0 8 6 0.013140 2
8 8 0 9 8 0.014535 2
8 8 0 10 10 0.031174 2
8 8 0 11 7 0.017944 2
8 8 0 12 9 0.028369 2
8 8 0 13 12 0.061601 2
8 8 0 14 10 0.024048 2
8 8 0 15 9 0.027752 2
8 8 0 16 8 0.016304 2
8 8 0 17 10 0.031791 2
8 8 0 18 10 0.023284 2
8 8 0 19 7 0.012216 2
8 8 0 20 11 0.049208 2
8 8 0 21 7 0.014986 2
8 8 0 22 11 0.039830 2
8 8 0 23 10 0.031158 2
8 8 0 24 6 0.009435 2
8 8 0 25 9 0.032532 2
8 8 0 26 10 0.029213 2
8 8 0 27 11 0.050287 2
8 8 0 28 13 0.089938 2
8 8 0 29 12 0.022178 2
8 8 0 30 10 0.047960 2
8 8 0 31 10 0.042165 2
8 8 0 32 9 0.028519 2
8 8 0 33 10 0.016068 2
8 8 0 34 9 0.024102 2
8 8 0 35 7 0.011898 2
8 8 0 36 12 0.034475 2
8 8 0 37 7 0.011441 2
8 8 0 38 10 0.029519 2
8 8 0 39 13 0.088630 2
8 8 0 40 7 0.010418 2
8 8 0 41 7 0.015029 2
8 8 0 42 7 0.015167 2
8 8 0 43 11 0.050544 2
8 8 0 44 9 0.027278 2
8 8 0 45 8 0.017812 2
8 8 0 46 13 0.087379 2
8 8 0 47 8 0.011223 2
8 8 0 48 8 0.015918 2
8 8 0 49 8 0.016459 2
8 8 0 50 12 0.088280 2
8 8 0 51 12 0.056726 2
8 8 0 52 14 0.153723 2
8 8 0 53 11 0.048423 2
8 8 0 54 9 0.017780 2
8 8 0 55 9 0.025858 2
8 8 0 56 11 0.052012 2
8 8 0 57 11 0.046915 2
8 8 0 58 13 0.090803 2
8 8 0 59 10 0.048225 2
8 8 0 60 13 0.063179 2
8 8 0 61 11 0.049662 2
8 8 0 62 7 0.014969 2
8 8 0 63 10 0.021207 2
8 8 0 64 12 0.053872 2
8 8 0 65 9 0.025521 2
8 8 0 66 9 0.021219 2
8 8 0 67 13 0.069788 2
8 8 0 68 11 0.037699 2
8 8 0 69 9 0.027932 2
8 8 0 70 9 0.026273 2
8 8 0 71 9 0.029784 2
8 8 0 72 11 0.052292 2
8 8 0 73 10 0.040805 2
8 8 0 74 8 0.011380 2
8 8 0 75 11 0.026075 2
8 8 0 76 11 0.039846 2
8 8 0 77 11 0.038810 2
8 8 0 78 11 0.019202 2
8 8 0 79 5 0.005290 2
8 8 0 80 13 0.082921 2
8 8 0 81 10 0.023752 2
8 8 0 82 7 0.012603 2
8 8 0 83 7 0.016868 2
8 8 0 84 8 0.012555 2
8 8 0 85 9 0.029883 2
8 8 0 86 9 0.024948 2
8 8 0 87 8 0.018742 2
8 8 0 88 8 0.022933 2
8 8 0 89 10 0.029525 2
8 8 0 90 12 0.050525 2
8 8 0 91 9 0.029039 2
8 8 0 92 9 0.027633 2
8 8 0 93 7 0.006490 2
8 8 0 94 12 0.056121 2
8 8 0 95 12 0.046883 2
8 8 0 96 6 0.008884 2
8 8 0 97 11 0.051975 2
8 8 0 98 12 0.085922 2
8 8 0 99 10 0.048316 2
16 1 0 0 15 0.017039 2
16 1 0 1 13 0.010965 0
16 1 0 2 15 0.013589 0
16 1 0 3 16 0.014575 0
16 1 0 4 15 0.019028 2
16 1 0 5 14 0.012501 0
16 1 0 6 16 0.016406 2
16 1 0 7 16 0.015158 2
16 1 0 8 15 0.013038 2
16 1 0 9 14 0.011685 0
16 1 0 10 15 0.010043 0
16 1 0 11 12 0.008783 2
16 1 0 12 11 0.007643 0
16 1 0 13 15 0.018047 2
16 1 0 14 16 0.013814 0
16 1 0 15 14 0.014551 2
16 1 0 16 15 0.013162 2
16 1 0 17 16 0.014033 0
16 1 0 18 16 0.013661 0
16 1 0 19 14 0.012681 0
16 1 0 20 16 0.022151 2
16 1 0 21 16 0.020525 0
16 1 0 22 14 0.011454 0
16 1 0 23 15 0.013576 0
16 1 0 24 12 0.012553 2
16 1 0 25 13 0.013090 2
16 1 0 26 11 0.009812 0
16 1 0 27 12 0.013491 0
16 1 0 28 15 0.013759 2
16 1 0 29 16 0.015454 0
16 1 0 30 14 0.016724 2
16 1 0 31 15 0.017474 2
16 1 0 32 13 0.012301 0
16 1 0 33 14 0.011813 2
16 1 0 34 15 0.015836 2
16 1 0 35 15 0.013218 0
16 1 0 36 15 0.015515 2
16 1 0 37 12 0.012283 2
16 1 0 38 15 0.015455 2
16 1 0 39 14 0.015484 2
16 1 0 40 12 0.010136 0
16 1 0 41 15 0.016549 0
16 1 0 42 15 0.011084 0
16 1 0 43 16 0.015069 2
16 1 0 44 16 0.019731 0
16 1 0 45 14 0.013559 2
16 1 0 46 15 0.016733 2
16 1 0 47 14 0.013290 2
16 1 0 48 15 0.018518 2
16 1 0 49 13 0.013121 0
16 1 0 50 13 0.011932 0
16 1 0 51 16 0.018339 2
16 1 0 52 15 0.013963 2
16 1 0 53 12 0.009333 0
16 1 0 54 15 0.013631 2
16 1 0 55 16 0.020078 0
16 1 0 56 15 0.017975 0
16 1 0 57 15 0.012400 0
16 1 0 58 15 0.021502 2
16 1 0 59 16 0.014315 2
16 1 0 60 16 0.014580 0
16 1 0 61 16 0.015015 2
16 1 0 62 16 0.016728 2
16 1 0 63 14 0.016575 2
16 1 0 64 14 0.013816 2
16 1 0 65 14 0.015128 2
16 1 0 66 16 0.015936 2
16 1 0 67 16 0.016893 0
16 1 0 68 14 0.015217 0
16 1 0 69 13 0.010115 2
16 1 0 70 14 0.011718 0
16 1 0 71 16 0.018004 2
16 1 0 72 16 0.020311 2
16 1 0 73 15 0.016774 0
16 1 0 74 16 0.015534 0
16 1 0 75 12 0.008377 0
16 1 0 76 15 0.016161 0
16 1 0 77 15 0.019926 2
16 1 0 78 15 0.014676 0
16 1 0 79 16 0.013771 0
16 1 0 80 16 0.019056 2
16 1 0 81 16 0.019019 2
16 1 0 82 16 0.023541 2
16 1 0 83 16 0.019287 2
16 1 0 84 15 0.013928 2
16 1 0 85 16 0.023274 2
16 1 0 86 15 0.017724 0
16 1 0 87 15 0.013127 0
16 1 0 88 16 0.021254 2
16 1 0 89 16 0.015719 2
16 1 0 90 16 0.014238 2
16 1 0 91 15 0.012865 0
16 1 0 92 15 0.017147 0
16 1 0 93 16 0.019613 2
16 1 0 94 16 0.018680 2
16 1 0 95 16 0.016033 2
16 1 0 96 14 0.012698 0
16 1 0 97 14 0.017233 2
16 1 0 98 16 0.017717 2
16 1 0 99 15 0.017743 2
16 2 0 0 16 0.034565 2
16 2 0 1 12 0.022863 2
16 2 0 2 14 0.026314 2
16 2 0 3 15 0.029079 2
16 2 0 4 17 0.043565 2
16 2 0 5 17 0.030217 0
16 2 0 6 15 0.027670 2
16 2 0 7 16 0.033092 2
16 2 0 8 17 0.028713 2
16 2 0 9 14 0.021647 2
16 2 0 10 16 0.020456 2
16 2 0 11 16 0.018341 2
16 2 0 12 15 0.024400 2
16 2 0 13 16 0.038577 2
16 2 0 14 17 0.026901 2
16 2 0 15 17 0.035677 2
16 2 0 16 17 0.027856 2
16 2 0 17 15 0.025508 2
16 2 0 18 16 0.027064 2
16 2 0 19 17 0.026549 2
16 2 0 20 18 0.054521 2
16 2 0 21 17 0.049797 2
16 2 0 22 14 0.022777 2
16 2 0 23 14 0.025785 2
16 2 0 24 13 0.025081 2
16 2 0 25 12 0.019889 2
16 2 0 26 13 0.019109 0
16 2 0 27 14 0.029125 2
16 2 0 28 18 0.028307 2
16 2 0 29 17 0.035359 2
16 2 0 30 13 0.034310 2
16 2 0 31 15 0.038476 2
16 2 0 32 15 0.031574 2
16 2 0 33 11 0.017051 2
16 2 0 34 16 0.034742 2
16 2 0 35 14 0.024215 2
16 2 0 36 14 0.030654 2
16 2 0 37 16 0.033745 2
16 2 0 38 15 0.032901 2
16 2 0 39 13 0.031354 2
16 2 0 40 11 0.016289 2
16 2 0 41 16 0.036629 2
16 2 0 42 15 0.019886 2
16 2 0 43 18 0.035312 2
16 2 0 44 18 0.048114 2
16 2 0 45 16 0.030396 2
16 2 0 46 15 0.033717 2
16 2 0 47 14 0.022830 2
16 2 0 48 15 0.039891 2
16 2 0 49 14 0.029633 2
16 2 0 50 16 0.025782 2
16 2 0 51 16 0.041541 2
16 2 0 52 15 0.023600 2
16 2 0 53 12 0.016118 2
16 2 0 54 17 0.026805 2
16 2 0 55 17 0.049360 2
16 2 0 56 15 0.040581 0
16 2 0 57 13 0.022087 2
16 2 0 58 16 0.051469 2
16 2 0 59 18 0.030701 2
16 2 0 60 17 0.029147 2
16 2 0 61 15 0.028708 2
16 2 0 62 15 0.033696 2
16 2 0 63 13 0.034505 2
16 2 0 64 15 0.028978 2
16 2 0 65 17 0.035023 2
16 2 0 66 16 0.032967 2
16 2 0 67 17 0.035415 2
16 2 0 68 15 0.031817 0
16 2 0 69 14 0.018887 2
16 2 0 70 14 0.018450 2
16 2 0 71 17 0.040931 2
16 2 0 72 17 0.046670 2
16 2 0 73 17 0.035987 2
16 2 0 74 14 0.030616 2
16 2 0 75 13 0.013750 2
16 2 0 76 17 0.032056 0
16 2 0 77 18 0.049316 2
16 2 0 78 16 0.030139 2
16 2 0 79 15 0.024980 2
16 2 0 80 16 0.040273 2
16 2 0 81 16 0.041585 2
16 2 0 82 18 0.057578 2
16 2 0 83 15 0.040739 2
16 2 0 84 17 0.027396 2
16 2 0 85 17 0.052298 2
16 2 0 86 18 0.042574 0
16 2 0 87 16 0.023212 2
16 2 0 88 18 0.051628 2
16 2 0 89 18 0.037670 2
16 2 0 90 15 0.031905 2
16 2 0 91 16 0.025428 2
16 2 0 92 15 0.032018 2
16 2 0 93 17 0.043321 2
16 2 0 94 17 0.040754 2
16 2 0 95 16 0.029705 2
16 2 0 96 15 0.031876 2
16 2 0 97 16 0.041512 2
16 2 0 98 16 0.038692 2
16 2 0 99 17 0.042294 2
16 4 0 0 19 0.079204 2
16 4 0 1 13 0.033506 2
16 4 0 2 16 0.049749 2
16 4 0 3 16 0.054826 2
16 4 0 4 19 0.090996 2
16 4 0 5 17 0.058972 2
16 4 0 6 18 0.067699 2
16 4 0 7 21 0.085336 2
16 4 0 8 20 0.060486 2
16 4 0 9 17 0.041182 2
16 4 0 10 18 0.035660 2
16 4 0 11 14 0.026412 2
16 4 0 12 16 0.042956 2
16 4 0 13 18 0.080570 2
16 4 0 14 19 0.053195 2
16 4 0 15 18 0.073518 2
16 4 0 16 18 0.053138 2
16 4 0 17 17 0.051630 2
16 4 0 18 17 0.050239 2
16 4 0 19 17 0.045651 2
16 4 0 20 20 0.130015 2
16 4 0 21 18 0.100106 2
16 4 0 22 16 0.038847 2
16 4 0 23 17 0.052055 2
16 4 0 24 14 0.053531 2
16 4 0 25 15 0.046202 2
16 4 0 26 10 0.023557 2
16 4 0 27 16 0.063648 2
16 4 0 28 20 0.059480 2
16 4 0 29 19 0.074154 2
16 4 0 30 16 0.080290 2
16 4 0 31 17 0.078381 2
16 4 0 32 17 0.063728 2
16 4 0 33 12 0.024734 2
16 4 0 34 19 0.087543 2
16 4 0 35 16 0.050168 2
16 4 0 36 17 0.067874 2
16 4 0 37 17 0.075270 2
16 4 0 38 19 0.086716 2
16 4 0 39 16 0.065271 2
16 4 0 40 12 0.027671 2
16 4 0 41 15 0.061665 2
16 4 0 42 17 0.037467 2
16 4 0 43 22 0.097239 2
16 4 0 44 19 0.117977 2
16 4 0 45 16 0.056420 2
16 4 0 46 16 0.064091 2
16 4 0 47 16 0.041781 2
16 4 0 48 18 0.093498 2
16 4 0 49 14 0.050033 2
16 4 0 50 15 0.044649 2
16 4 0 51 20 0.106178 2
16 4 0 52 18 0.055304 2
16 4 0 53 14 0.039610 2
16 4 0 54 17 0.056061 2
16 4 0 55 19 0.114671 2
16 4 0 56 18 0.087556 2
16 4 0 57 15 0.042441 2
16 4 0 58 20 0.139571 2
16 4 0 59 19 0.064124 2
16 4 0 60 20 0.077014 2
16 4 0 61 19 0.069857 2
16 4 0 62 20 0.086215 2
16 4 0 63 17 0.071874 2
16 4 0 64 17 0.057079 2
16 4 0 65 18 0.076396 2
16 4 0 66 18 0.069060 2
16 4 0 67 21 0.080163 2
16 4 0 68 16 0.056336 2
16 4 0 69 14 0.024687 2
16 4 0 70 17 0.038652 2
16 4 0 71 20 0.092529 2
16 4 0 72 21 0.137543 2
16 4 0 73 16 0.055771 2
16 4 0 74 17 0.070699 2
16 4 0 75 13 0.024341 2
16 4 0 76 18 0.058225 2
16 4 0 77 18 0.096132 2
16 4 0 78 17 0.056731 2
16 4 0 79 16 0.046432 2
16 4 0 80 20 0.097912 2
16 4 0 81 20 0.100935 2
16 4 0 82 21 0.154954 2
16 4 0 83 19 0.103025 2
16 4 0 84 17 0.045845 2
16 4 0 85 21 0.138274 2
16 4 0 86 20 0.088772 2
16 4 0 87 18 0.051527 2
16 4 0 88 19 0.124036 2
16 4 0 89 21 0.096976 2
16 4 0 90 19 0.066908 2
16 4 0 91 19 0.058752 2
16 4 0 92 17 0.074603 2
16 4 0 93 20 0.101145 2
16 4 0 94 20 0.099920 2
16 4 0 95 18 0.063529 2
16 4 0 96 17 0.061091 2
16 4 0 97 19 0.123167 2
16 4 0 98 19 0.085053 2
16 4 0 99 21 0.105147 2
16 8 0 0 23 0.165979 2
16 8 0 1 15 0.058445 2
16 8 0 2 19 0.110535 2
16 8 0 3 21 0.117161 2
16 8 0 4 23 0.205616 2
16 8 0 5 21 0.117846 2
16 8 0 6 20 0.166900 2
16 8 0 7 24 0.266052 2
16 8 0 8 24 0.178513 2
16 8 0 9 18 0.056302 2
16 8 0 10 21 0.073315 2
16 8 0 11 18 0.048865 2
16 8 0 12 16 0.050498 2
16 8 0 13 24 0.210298 2
16 8 0 14 23 0.144279 2
16 8 0 15 22 0.195551 2
16 8 0 16 23 0.124587 2
16 8 0 17 20 0.121836 2
16 8 0 18 22 0.116692 2
16 8 0 19 20 0.089608 2
16 8 0 20 26 0.435857 2
16 8 0 21 24 0.297374 2
16 8 0 22 18 0.083432 2
16 8 0 23 20 0.091438 2
16 8 0 24 14 0.098709 2
16 8 0 25 17 0.076853 2
16 8 0 26 13 0.036262 2
16 8 0 27 17 0.138358 2
16 8 0 28 24 0.120173 2
16 8 0 29 25 0.220673 2
16 8 0 30 18 0.199350 2
16 8 0 31 21 0.240323 2
16 8 0 32 22 0.162507 2
16 8 0 33 14 0.047682 2
16 8 0 34 20 0.198646 2
16 8 0 35 20 0.141288 2
16 8 0 36 18 0.174579 2
16 8 0 37 18 0.119570 2
16 8 0 38 21 0.178771 2
16 8 0 39 18 0.108023 2
16 8 0 40 13 0.041306 2
16 8 0 41 21 0.201768 2
16 8 0 42 20 0.068346 2
16 8 0 43 28 0.321941 2
16 8 0 44 26 0.464914 2
16 8 0 45 19 0.112780 2
16 8 0 46 18 0.146629 2
16 8 0 47 16 0.065616 2
16 8 0 48 19 0.152484 2
16 8 0 49 17 0.100154 2
16 8 0 50 18 0.074197 2
16 8 0 51 24 0.308658 2
16 8 0 52 22 0.132060 2
16 8 0 53 15 0.043720 2
16 8 0 54 19 0.100385 2
16 8 0 55 24 0.374330 2
16 8 0 56 20 0.180633 2
16 8 0 57 18 0.067912 2
16 8 0 58 25 0.524995 2
16 8 0 59 24 0.174761 2
16 8 0 60 25 0.244701 2
16 8 0 61 23 0.202669 2
16 8 0 62 22 0.254762 2
16 8 0 63 19 0.143367 2
16 8 0 64 20 0.125985 2
16 8 0 65 20 0.135783 2
16 8 0 66 21 0.207000 2
16 8 0 67 25 0.289701 2
16 8 0 68 19 0.107787 2
16 8 0 69 17 0.059991 2
16 8 0 70 18 0.057985 2
16 8 0 71 26 0.343075 2
16 8 0 72 27 0.712272 2
16 8 0 73 19 0.123096 2
16 8 0 74 20 0.161026 2
16 8 0 75 16 0.032425 2
16 8 0 76 24 0.146269 2
16 8 0 77 23 0.320549 2
16 8 0 78 22 0.157303 2
16 8 0 79 21 0.105642 2
16 8 0 80 23 0.363397 2
16 8 0 81 25 0.295255 2
16 8 0 82 26 0.457932 2
16 8 0 83 22 0.330390 2
16 8 0 84 21 0.093854 2
16 8 0 85 26 0.440121 2
16 8 0 86 23 0.209359 2
16 8 0 87 19 0.102267 2
16 8 0 88 26 0.406157 2
16 8 0 89 27 0.371364 2
16 8 0 90 22 0.130547 2
16 8 0 91 23 0.184068 2
16 8 0 92 20 0.207676 2
16 8 0 93 26 0.453000 2
16 8 0 94 24 0.284211 2
16 8 0 95 23 0.169133 2
16 8 0 96 19 0.150904 2
16 8 0 97 21 0.296885 2
16 8 0 98 23 0.186507 2
16 8 0 99 27 0.353951 2
32 1 0 0 31 0.030945 0
32 1 0 1 30 0.029644 0
32 1 0 2 31 0.033133 0
32 1 0 3 31 0.035224 2
32 1 0 4 31 0.031960 0
32 1 0 5 31 0.034689 0
32 1 0 6 31 0.030912 0
32 1 0 7 25 0.021305 2
32 1 0 8 29 0.030992 0
32 1 0 9 31 0.031184 2
32 1 0 10 27 0.023669 0
32 1 0 11 30 0.031527 0
32 1 0 12 27 0.025803 0
32 1 0 13 29 0.028811 0
32 1 0 14 28 0.026271 2
32 1 0 15 30 0.030295 0
32 1 0 16 31 0.035136 0
32 1 0 17 28 0.035869 2
32 1 0 18 30 0.028577 0
32 1 0 19 32 0.039902 2
32 1 0 20 26 0.027292 0
32 1 0 21 31 0.029576 2
32 1 0 22 32 0.036053 2
32 1 0 23 29 0.032638 2
32 1 0 24 29 0.030327 0
32 1 0 25 31 0.028088 0
32 1 0 26 31 0.036781 2
32 1 0 27 27 0.023835 0
32 1 0 28 32 0.036671 2
32 1 0 29 31 0.037314 0
32 1 0 30 30 0.033692 0
32 1 0 31 32 0.036645 0
32 1 0 32 28 0.024130 0
32 1 0 33 29 0.027784 2
32 1 0 34 31 0.037196 0
32 1 0 35 29 0.032480 0
32 1 0 36 32 0.040672 2
32 1 0 37 29 0.025017 0
32 1 0 38 31 0.030927 0
32 1 0 39 23 0.017043 0
32 1 0 40 31 0.033768 0
32 1 0 41 31 0.032564 2
32 1 0 42 31 0.030062 0
32 1 0 43 32 0.035352 0
32 1 0 44 28 0.026611 0
32 1 0 45 31 0.036923 2
32 1 0 46 29 0.037213 2
32 1 0 47 29 0.032292 0
32 1 0 48 26 0.018695 0
32 1 0 49 31 0.033541 0
32 1 0 50 30 0.031135 0
32 1 0 51 29 0.033027 0
32 1 0 52 31 0.031476 2
32 1 0 53 27 0.026760 0
32 1 0 54 29 0.025771 2
32 1 0 55 28 0.024953 0
32 1 0 56 30 0.032783 0
32 1 0 57 30 0.036468 2
32 1 0 58 32 0.035740 2
32 1 0 59 28 0.026335 2
32 1 0 60 31 0.037032 2
32 1 0 61 29 0.029246 2
32 1 0 62 32 0.030591 0
32 1 0 63 29 0.029533 0
32 1 0 64 32 0.020499 0
32 1 0 65 30 0.033629 2
32 1 0 66 28 0.023471 0
32 1 0 67 31 0.030072 2
32 1 0 68 27 0.023077 0
32 1 0 69 29 0.029673 0
32 1 0 70 27 0.023175 0
32 1 0 71 31 0.034490 0
32 1 0 72 31 0.029456 0
32 1 0 73 30 0.035170 0
32 1 0 74 30 0.027003 0
32 1 0 75 31 0.026230 0
32 1 0 76 31 0.035813 0
32 1 0 77 32 0.037920 0
32 1 0 78 30 0.030638 0
32 1 0 79 31 0.026140 0
32 1 0 80 29 0.026520 2
32 1 0 81 32 0.033992 2
32 1 0 82 31 0.032305 2
32 1 0 83 29 0.027526 2
32 1 0 84 31 0.034097 0
32 1 0 85 29 0.027474 0
32 1 0 86 32 0.035170 2
32 1 0 87 28 0.022515 0
32 1 0 88 30 0.032245 2
32 1 0 89 31 0.027411 0
32 1 0 90 31 0.024118 0
32 1 0 91 32 0.027710 2
32 1 0 92 27 0.024761 2
32 1 0 93 28 0.029260 2
32 1 0 94 31 0.030858 2
32 1 0 95 26 0.021085 2
32 1 0 96 30 0.029799 2
32 1 0 97 29 0.031079 2
32 1 0 98 31 0.037488 0
32 1 0 99 31 0.032283 2
32 2 0 0 32 0.064900 2
32 2 0 1 30 0.062688 2
32 2 0 2 30 0.070452 2
32 2 0 3 31 0.074393 2
32 2 0 4 30 0.072081 2
32 2 0 5 33 0.074435 2
32 2 0 6 32 0.068591 2
32 2 0 7 26 0.044484 2
32 2 0 8 30 0.070392 2
32 2 0 9 33 0.072525 2
32 2 0 10 28 0.055001 2
32 2 0 11 30 0.068602 2
32 2 0 12 32 0.059282 2
32 2 0 13 31 0.065257 2
32 2 0 14 28 0.057466 2
32 2 0 15 32 0.070486 2
32 2 0 16 32 0.085747 2
32 2 0 17 30 0.089881 2
32 2 0 18 31 0.066038 2
32 2 0 19 33 0.092967 2
32 2 0 20 29 0.068311 2
32 2 0 21 33 0.061748 2
32 2 0 22 32 0.077563 2
32 2 0 23 32 0.081716 2
32 2 0 24 33 0.071820 2
32 2 0 25 29 0.061750 2
32 2 0 26 33 0.087230 2
32 2 0 27 27 0.045488 2
32 2 0 28 33 0.078787 2
32 2 0 29 33 0.082288 0
32 2 0 30 30 0.071851 2
32 2 0 31 33 0.081933 2
32 2 0 32 26 0.049158 2
32 2 0 33 28 0.055276 2
32 2 0 34 28 0.080664 2
32 2 0 35 31 0.074465 2
32 2 0 36 33 0.095163 2
32 2 0 37 27 0.048928 2
32 2 0 38 30 0.061017 2
32 2 0 39 24 0.029079 0
32 2 0 40 30 0.071458 0
32 2 0 41 28 0.063135 2
32 2 0 42 31 0.071906 2
32 2 0 43 30 0.072931 2
32 2 0 44 29 0.057233 2
32 2 0 45 33 0.084116 2
32 2 0 46 30 0.082787 2
32 2 0 47 32 0.068837 2
32 2 0 48 27 0.041125 2
32 2 0 49 29 0.073836 2
32 2 0 50 33 0.068592 2
32 2 0 51 28 0.062843 2
32 2 0 52 29 0.060262 2
32 2 0 53 29 0.064822 2
32 2 0 54 25 0.046384 2
32 2 0 55 30 0.050055 0
32 2 0 56 28 0.071700 2
32 2 0 57 31 0.085389 2
32 2 0 58 33 0.083873 2
32 2 0 59 28 0.062915 2
32 2 0 60 31 0.087552 2
32 2 0 61 28 0.062527 2
32 2 0 62 32 0.065143 2
32 2 0 63 29 0.056701 2
32 2 0 64 29 0.033617 2
32 2 0 65 32 0.078454 2
32 2 0 66 31 0.050838 2
32 2 0 67 33 0.065057 2
32 2 0 68 26 0.051416 2
32 2 0 69 29 0.071115 2
32 2 0 70 25 0.041323 2
32 2 0 71 30 0.075978 2
32 2 0 72 33 0.062313 0
32 2 0 73 33 0.089417 2
32 2 0 74 29 0.058018 0
32 2 0 75 28 0.047667 2
32 2 0 76 32 0.084161 2
32 2 0 77 32 0.086707 2
32 2 0 78 29 0.068110 2
32 2 0 79 32 0.059029 2
32 2 0 80 28 0.050791 2
32 2 0 81 32 0.076766 2
32 2 0 82 32 0.067085 2
32 2 0 83 31 0.066606 2
32 2 0 84 31 0.075670 2
32 2 0 85 27 0.056740 2
32 2 0 86 31 0.075529 2
32 2 0 87 29 0.041012 0
32 2 0 88 30 0.065716 2
32 2 0 89 30 0.062393 2
32 2 0 90 31 0.052728 2
32 2 0 91 32 0.055347 2
32 2 0 92 29 0.053077 2
32 2 0 93 29 0.065876 2
32 2 0 94 26 0.058751 2
32 2 0 95 26 0.042776 2
32 2 0 96 32 0.061155 2
32 2 0 97 28 0.065702 2
32 2 0 98 32 0.090215 2
32 2 0 99 33 0.066682 2
32 4 0 0 35 0.144266 2
32 4 0 1 32 0.136108 2
32 4 0 2 32 0.158328 2
32 4 0 3 32 0.170795 2
32 4 0 4 33 0.178340 2
32 4 0 5 32 0.149643 2
32 4 0 6 35 0.172286 2
32 4 0 7 21 0.065050 2
32 4 0 8 26 0.114821 2
32 4 0 9 33 0.144054 2
32 4 0 10 30 0.112876 2
32 4 0 11 32 0.150143 2
32 4 0 12 31 0.119191 2
32 4 0 13 36 0.166014 2
32 4 0 14 31 0.134533 2
32 4 0 15 34 0.168775 2
32 4 0 16 35 0.206645 2
32 4 0 17 30 0.192636 2
32 4 0 18 33 0.150260 2
32 4 0 19 36 0.233749 2
32 4 0 20 30 0.144543 2
32 4 0 21 36 0.137083 2
32 4 0 22 34 0.187446 2
32 4 0 23 33 0.177457 2
32 4 0 24 30 0.142839 2
32 4 0 25 31 0.124304 2
32 4 0 26 36 0.217731 2
32 4 0 27 30 0.091322 2
32 4 0 28 35 0.167956 2
32 4 0 29 35 0.200406 2
32 4 0 30 32 0.153675 2
32 4 0 31 34 0.178346 2
32 4 0 32 29 0.097515 2
32 4 0 33 32 0.129043 2
32 4 0 34 32 0.203169 2
32 4 0 35 33 0.184352 2
32 4 0 36 35 0.215909 2
32 4 0 37 29 0.099644 2
32 4 0 38 34 0.137663 2
32 4 0 39 29 0.067478 2
32 4 0 40 33 0.164942 2
32 4 0 41 32 0.155794 2
32 4 0 42 35 0.161535 2
32 4 0 43 33 0.170733 2
32 4 0 44 31 0.121385 2
32 4 0 45 33 0.181338 2
32 4 0 46 34 0.206149 2
32 4 0 47 30 0.133231 2
32 4 0 48 29 0.076702 2
32 4 0 49 34 0.175806 2
32 4 0 50 33 0.141534 2
32 4 0 51 29 0.148387 2
32 4 0 52 32 0.144492 2
32 4 0 53 33 0.135786 2
32 4 0 54 28 0.087549 2
32 4 0 55 31 0.117446 2
32 4 0 56 33 0.164940 2
32 4 0 57 33 0.211008 2
32 4 0 58 37 0.211178 2
32 4 0 59 30 0.120398 2
32 4 0 60 35 0.215387 2
32 4 0 61 34 0.149443 2
32 4 0 62 35 0.146195 2
32 4 0 63 29 0.108520 2
32 4 0 64 33 0.064488 2
32 4 0 65 34 0.163266 2
32 4 0 66 31 0.103564 2
32 4 0 67 32 0.128306 2
32 4 0 68 25 0.091848 2
32 4 0 69 33 0.152916 2
32 4 0 70 27 0.096493 2
32 4 0 71 33 0.165682 2
32 4 0 72 32 0.124698 2
32 4 0 73 34 0.206799 2
32 4 0 74 32 0.128079 2
32 4 0 75 33 0.118442 2
32 4 0 76 32 0.193672 2
32 4 0 77 35 0.206459 2
32 4 0 78 32 0.162098 2
32 4 0 79 34 0.119447 2
32 4 0 80 29 0.110518 2
32 4 0 81 36 0.181876 2
32 4 0 82 35 0.155112 2
32 4 0 83 30 0.119807 2
32 4 0 84 34 0.183450 2
32 4 0 85 32 0.133986 2
32 4 0 86 29 0.149044 2
32 4 0 87 31 0.093136 2
32 4 0 88 34 0.149698 2
32 4 0 89 33 0.117751 2
32 4 0 90 34 0.103175 2
32 4 0 91 36 0.134065 2
32 4 0 92 33 0.111359 2
32 4 0 93 30 0.133432 2
32 4 0 94 30 0.150705 2
32 4 0 95 24 0.062708 2
32 4 0 96 33 0.128626 2
32 4 0 97 32 0.149682 2
32 4 0 98 35 0.224528 2
32 4 0 99 35 0.140279 2
32 8 0 0 37 0.339290 2
32 8 0 1 34 0.347474 2
32 8 0 2 39 0.482336 2
32 8 0 3 39 0.534247 2
32 8 0 4 35 0.450967 2
32 8 0 5 36 0.377762 2
32 8 0 6 38 0.506703 2
32 8 0 7 27 0.168717 2
32 8 0 8 33 0.298551 2
32 8 0 9 37 0.381915 2
32 8 0 10 34 0.302364 2
32 8 0 11 38 0.438240 2
32 8 0 12 33 0.279953 2
32 8 0 13 40 0.577345 2
32 8 0 14 32 0.327848 2
32 8 0 15 39 0.388759 2
32 8 0 16 40 0.565972 2
32 8 0 17 36 0.532290 2
32 8 0 18 39 0.351146 2
32 8 0 19 42 0.732139 2
32 8 0 20 38 0.404639 2
32 8 0 21 39 0.339349 2
32 8 0 22 38 0.493167 2
32 8 0 23 38 0.480599 2
32 8 0 24 36 0.363397 2
32 8 0 25 34 0.273074 2
32 8 0 26 39 0.533011 2
32 8 0 27 31 0.170240 2
32 8 0 28 40 0.462332 2
32 8 0 29 42 0.781621 2
32 8 0 30 36 0.384556 2
32 8 0 31 41 0.571064 2
32 8 0 32 30 0.183003 2
32 8 0 33 34 0.287620 2
32 8 0 34 38 0.588026 2
32 8 0 35 35 0.407103 2
32 8 0 36 42 0.716047 2
32 8 0 37 37 0.243875 2
32 8 0 38 41 0.400688 2
32 8 0 39 27 0.093984 2
32 8 0 40 37 0.433992 2
32 8 0 41 36 0.408338 2
32 8 0 42 37 0.461134 2
32 8 0 43 37 0.514226 2
32 8 0 44 32 0.233681 2
32 8 0 45 39 0.495846 2
32 8 0 46 36 0.540568 2
32 8 0 47 35 0.325199 2
32 8 0 48 28 0.154088 2
32 8 0 49 37 0.427504 2
32 8 0 50 40 0.451575 2
32 8 0 51 31 0.399477 2
32 8 0 52 33 0.303967 2
32 8 0 53 35 0.337738 2
32 8 0 54 33 0.233222 2
32 8 0 55 32 0.188120 2
32 8 0 56 37 0.440690 2
32 8 0 57 39 0.756066 2
32 8 0 58 41 0.580351 2
32 8 0 59 32 0.295654 2
32 8 0 60 40 0.586429 2
32 8 0 61 37 0.419595 2
32 8 0 62 39 0.364348 2
32 8 0 63 32 0.261488 2
32 8 0 64 36 0.129187 2
32 8 0 65 39 0.497314 2
32 8 0 66 34 0.229858 2
32 8 0 67 35 0.317050 2
32 8 0 68 29 0.208728 2
32 8 0 69 32 0.325927 2
32 8 0 70 28 0.226802 2
32 8 0 71 37 0.396549 2
32 8 0 72 35 0.294893 2
32 8 0 73 40 0.686802 2
32 8 0 74 34 0.317974 2
32 8 0 75 33 0.336207 2
32 8 0 76 37 0.515764 2
32 8 0 77 40 0.605695 2
32 8 0 78 37 0.388303 2
32 8 0 79 39 0.308123 2
32 8 0 80 33 0.245760 2
32 8 0 81 38 0.411424 2
32 8 0 82 38 0.383321 2
32 8 0 83 34 0.297415 2
32 8 0 84 39 0.494888 2
32 8 0 85 34 0.336503 2
32 8 0 86 34 0.406390 2
32 8 0 87 35 0.202273 2
32 8 0 88 33 0.307363 2
32 8 0 89 35 0.262281 2
32 8 0 90 38 0.261098 2
32 8 0 91 41 0.354201 2
32 8 0 92 30 0.204272 2
32 8 0 93 34 0.361974 2
32 8 0 94 36 0.400097 2
32 8 0 95 29 0.139220 2
32 8 0 96 38 0.329580 2
32 8 0 97 35 0.415467 2
32 8 0 98 40 0.789890 2
32 8 0 99 38 0.359766 2
