16 1 0 0 15 0.459488 1
16 1 0 1 13 0.036241 1
16 1 0 2 15 0.435274 1
16 1 0 3 16 0.283816 1
16 1 0 4 15 0.353220 1
16 1 0 5 14 0.174527 1
16 1 0 6 16 0.367292 1
16 1 0 7 16 0.292792 1
16 1 0 8 15 0.300205 1
16 1 0 9 14 0.263296 1
16 1 0 10 15 0.368920 1
16 1 0 11 12 0.147304 1
16 1 0 12 11 0.171967 1
16 1 0 13 15 0.479328 1
16 1 0 14 16 0.423397 1
16 1 0 15 14 0.244282 1
16 1 0 16 15 0.418458 1
16 1 0 17 16 0.405689 1
16 1 0 18 16 0.486008 1
16 1 0 19 14 0.404779 1
16 1 0 20 16 0.287187 1
16 1 0 21 16 0.528316 1
16 1 0 22 14 0.264325 1
16 1 0 23 15 0.420447 1
16 1 0 24 12 0.148194 1
16 1 0 25 13 0.274162 1
16 1 0 26 11 0.082972 1
16 1 0 27 12 0.552173 1
16 1 0 28 15 0.358554 1
16 1 0 29 16 0.332719 1
16 1 0 30 14 0.214818 1
16 1 0 31 15 0.574727 1
16 1 0 32 13 0.295083 1
16 1 0 33 14 0.143818 1
16 1 0 34 15 0.390617 1
16 1 0 35 15 0.260014 1
16 1 0 36 15 0.155166 1
16 1 0 37 12 0.193867 1
16 1 0 38 15 0.335731 1
16 1 0 39 14 0.200671 1
16 1 0 40 12 0.112163 1
16 1 0 41 15 0.433272 1
16 1 0 42 15 0.154853 1
16 1 0 43 16 0.358793 1
16 1 0 44 16 0.585216 1
16 1 0 45 14 0.216778 1
16 1 0 46 15 0.448776 1
16 1 0 47 14 0.425084 1
16 1 0 48 15 0.346259 1
16 1 0 49 13 0.195184 1
16 1 0 50 13 0.230150 1
16 1 0 51 16 0.390247 1
16 1 0 52 15 0.142478 1
16 1 0 53 12 0.239512 1
16 1 0 54 15 0.420001 1
16 1 0 55 16 0.434551 1
16 1 0 56 15 0.216567 1
16 1 0 57 15 0.287541 1
16 1 0 58 15 0.300666 1
16 1 0 59 16 0.362103 1
16 1 0 60 16 0.522672 1
16 1 0 61 16 0.308522 1
16 1 0 62 16 0.487937 1
16 1 0 63 14 0.283604 1
16 1 0 64 14 0.115339 1
16 1 0 65 14 0.382064 1
16 1 0 66 16 0.531316 1
16 1 0 67 16 0.565619 1
16 1 0 68 14 0.447995 1
16 1 0 69 13 0.062221 1
16 1 0 70 14 0.167685 1
16 1 0 71 16 0.662635 1
16 1 0 72 16 0.477874 1
16 1 0 73 15 0.309753 1
16 1 0 74 16 0.297590 1
16 1 0 75 12 0.099193 1
16 1 0 76 15 0.535655 1
16 1 0 77 15 0.464723 1
16 1 0 78 15 0.399946 1
16 1 0 79 16 0.392569 1
16 1 0 80 16 0.525603 1
16 1 0 81 16 0.482644 1
16 1 0 82 16 0.585717 1
16 1 0 83 16 0.415891 1
16 1 0 84 15 0.455815 1
16 1 0 85 16 0.519551 1
16 1 0 86 15 0.507013 1
16 1 0 87 15 0.375106 1
16 1 0 88 16 0.566698 1
16 1 0 89 16 0.599651 1
16 1 0 90 16 0.322692 1
16 1 0 91 15 0.356483 1
16 1 0 92 15 0.267336 1
16 1 0 93 16 0.515838 1
16 1 0 94 16 0.409384 1
16 1 0 95 16 0.231067 1
16 1 0 96 14 0.354610 1
16 1 0 97 14 0.354537 1
16 1 0 98 16 0.443333 1
16 1 0 99 15 0.663907 1
16 2 0 0 16 1.686570 1
16 2 0 1 12 0.153884 1
16 2 0 2 14 1.155502 1
16 2 0 3 15 1.095123 1
16 2 0 4 17 1.477727 1
16 2 0 5 17 0.784769 1
16 2 0 6 15 1.205735 1
16 2 0 7 16 1.273407 1
16 2 0 8 17 0.942190 1
16 2 0 9 14 0.862071 1
16 2 0 10 16 1.127637 1
16 2 0 11 16 0.464655 1
16 2 0 12 15 0.956354 1
16 2 0 13 16 1.989729 1
16 2 0 14 17 1.319333 1
16 2 0 15 17 1.367332 1
16 2 0 16 17 1.298757 1
16 2 0 17 15 1.040127 1
16 2 0 18 16 1.333504 2
16 2 0 19 17 1.322760 1
16 2 0 20 18 1.510434 1
16 2 0 21 17 1.443884 1
16 2 0 22 14 0.766045 1
16 2 0 23 14 1.080030 1
16 2 0 24 13 0.497063 1
16 2 0 25 12 0.400566 1
16 2 0 26 13 0.412479 1
16 2 0 27 14 0.688920 1
16 2 0 28 18 0.998214 1
16 2 0 29 17 1.236723 1
16 2 0 30 13 0.522066 1
16 2 0 31 15 0.995764 1
16 2 0 32 15 1.177672 1
16 2 0 33 11 0.373128 1
16 2 0 34 16 0.796249 1
16 2 0 35 14 0.714995 1
16 2 0 36 14 0.432792 1
16 2 0 37 16 0.957190 1
16 2 0 38 15 1.179104 1
16 2 0 39 13 0.655128 1
16 2 0 40 11 0.279875 1
16 2 0 41 16 1.249280 1
16 2 0 42 15 0.794894 1
16 2 0 43 18 1.726644 1
16 2 0 44 18 1.850655 1
16 2 0 45 16 0.764697 1
16 2 0 46 15 1.063420 1
16 2 0 47 14 0.576190 1
16 2 0 48 15 0.957790 1
16 2 0 49 14 0.756226 1
16 2 0 50 16 0.681838 1
16 2 0 51 16 1.191835 1
16 2 0 52 15 0.552004 1
16 2 0 53 12 0.418959 1
16 2 0 54 17 1.282173 1
16 2 0 55 17 1.274500 1
16 2 0 56 15 0.707075 1
16 2 0 57 13 0.588793 1
16 2 0 58 16 1.192886 1
16 2 0 59 18 1.181305 1
16 2 0 60 17 1.630307 1
16 2 0 61 15 0.974147 1
16 2 0 62 15 1.408477 1
16 2 0 63 13 0.975703 1
16 2 0 64 15 0.405832 1
16 2 0 65 17 1.390609 1
16 2 0 66 16 0.990684 1
16 2 0 67 17 1.713738 2
16 2 0 68 15 1.165199 1
16 2 0 69 14 0.249728 1
16 2 0 70 14 0.258573 1
16 2 0 71 17 2.107826 1
16 2 0 72 17 1.829596 1
16 2 0 73 17 0.932425 1
16 2 0 74 14 0.801152 1
16 2 0 75 13 0.330907 1
16 2 0 76 17 1.813325 1
16 2 0 77 18 1.723828 1
16 2 0 78 16 1.275633 1
16 2 0 79 15 1.072962 1
16 2 0 80 16 1.501099 1
16 2 0 81 16 1.189347 1
16 2 0 82 18 1.806313 1
16 2 0 83 15 0.684911 1
16 2 0 84 17 1.451410 1
16 2 0 85 17 1.624739 1
16 2 0 86 18 1.346636 1
16 2 0 87 16 0.836934 1
16 2 0 88 18 2.260846 1
16 2 0 89 18 2.111074 1
16 2 0 90 15 1.080914 1
16 2 0 91 16 1.202318 1
16 2 0 92 15 0.459531 1
16 2 0 93 17 1.615687 1
16 2 0 94 17 1.343091 1
16 2 0 95 16 0.806011 1
16 2 0 96 15 0.956293 1
16 2 0 97 16 1.438827 1
16 2 0 98 16 1.786914 1
16 2 0 99 17 2.235314 1
16 4 0 0 19 6.144113 2
16 4 0 1 13 0.461232 1
16 4 0 2 16 3.701573 1
16 4 0 3 16 2.479905 1
16 4 0 4 19 4.362689 2
16 4 0 5 17 1.987318 1
16 4 0 6 18 3.897454 1
16 4 0 7 21 4.947921 1
16 4 0 8 20 3.914327 1
16 4 0 9 17 2.900092 1
16 4 0 10 18 3.112235 2
16 4 0 11 14 1.101016 1
16 4 0 12 16 2.530322 2
16 4 0 13 18 4.287091 1
16 4 0 14 19 4.082041 1
16 4 0 15 18 3.355446 1
16 4 0 16 18 3.554647 1
16 4 0 17 17 3.346053 2
16 4 0 18 17 3.138735 2
16 4 0 19 17 3.165174 2
16 4 0 20 20 5.112479 1
16 4 0 21 18 4.080491 2
16 4 0 22 16 2.498528 1
16 4 0 23 17 3.708388 1
16 4 0 24 14 1.325131 2
16 4 0 25 15 1.932515 1
16 4 0 26 10 0.525924 1
16 4 0 27 16 2.208893 1
16 4 0 28 20 3.448178 1
16 4 0 29 19 4.012787 2
16 4 0 30 16 2.014131 2
16 4 0 31 17 3.726251 2
16 4 0 32 17 3.447564 1
16 4 0 33 12 0.783430 2
16 4 0 34 19 5.783299 2
16 4 0 35 16 2.950382 1
16 4 0 36 17 2.091835 2
16 4 0 37 17 2.698491 2
16 4 0 38 19 4.855846 2
16 4 0 39 16 2.377990 1
16 4 0 40 12 0.610795 1
16 4 0 41 15 2.304448 1
16 4 0 42 17 2.223900 1
16 4 0 43 22 7.841206 1
16 4 0 44 19 5.447156 1
16 4 0 45 16 1.955610 1
16 4 0 46 16 2.478468 2
16 4 0 47 16 1.538799 1
16 4 0 48 18 4.055484 1
16 4 0 49 14 1.568863 1
16 4 0 50 15 1.774263 1
16 4 0 51 20 4.822021 1
16 4 0 52 18 2.066993 2
16 4 0 53 14 1.390878 1
16 4 0 54 17 2.474787 1
16 4 0 55 19 4.268640 1
16 4 0 56 18 2.287901 1
16 4 0 57 15 2.491664 1
16 4 0 58 20 5.770280 2
16 4 0 59 19 4.063050 1
16 4 0 60 20 6.093305 2
16 4 0 61 19 4.209390 1
16 4 0 62 20 6.087988 1
16 4 0 63 17 3.161197 1
16 4 0 64 17 1.862029 1
16 4 0 65 18 3.956201 2
16 4 0 66 18 4.035573 1
16 4 0 67 21 6.558353 2
16 4 0 68 16 2.682809 1
16 4 0 69 14 0.514509 1
16 4 0 70 17 1.380746 1
16 4 0 71 20 6.779536 2
16 4 0 72 21 8.257255 1
16 4 0 73 16 2.014748 1
16 4 0 74 17 2.512501 1
16 4 0 75 13 0.866464 1
16 4 0 76 18 3.875036 1
16 4 0 77 18 4.068986 1
16 4 0 78 17 3.569282 1
16 4 0 79 16 2.330962 1
16 4 0 80 20 5.106773 1
16 4 0 81 20 5.477826 1
16 4 0 82 21 6.065567 2
16 4 0 83 19 2.832517 1
16 4 0 84 17 3.521558 1
16 4 0 85 21 6.317012 1
16 4 0 86 20 3.635257 1
16 4 0 87 18 3.311940 2
16 4 0 88 19 5.846999 1
16 4 0 89 21 7.051446 2
16 4 0 90 19 4.273228 2
16 4 0 91 19 4.222713 1
16 4 0 92 17 2.126078 1
16 4 0 93 20 6.160341 1
16 4 0 94 20 4.007893 1
16 4 0 95 18 2.813317 2
16 4 0 96 17 2.949967 1
16 4 0 97 19 6.343563 2
16 4 0 98 19 6.050838 1
16 4 0 99 21 8.180346 1
16 8 0 0 23 13.452218 2
16 8 0 1 15 0.996637 1
16 8 0 2 19 5.604044 1
16 8 0 3 21 8.135847 1
16 8 0 4 23 13.354596 2
16 8 0 5 21 6.320215 1
16 8 0 6 20 8.855889 1
16 8 0 7 24 12.461111 1
16 8 0 8 24 10.236554 1
16 8 0 9 18 3.784140 1
16 8 0 10 21 6.517912 2
16 8 0 11 18 3.553505 1
16 8 0 12 16 2.933321 2
16 8 0 13 24 12.912956 1
16 8 0 14 23 9.864654 1
16 8 0 15 22 8.885059 1
16 8 0 16 23 9.389092 1
16 8 0 17 20 6.923621 2
16 8 0 18 22 8.728772 2
16 8 0 19 20 6.451852 2
16 8 0 20 26 20.526466 1
16 8 0 21 24 16.723294 2
16 8 0 22 18 5.212332 1
16 8 0 23 20 6.308468 1
16 8 0 24 14 1.722739 2
16 8 0 25 17 3.454387 1
16 8 0 26 13 0.927447 1
16 8 0 27 17 3.831177 1
16 8 0 28 24 11.449344 1
16 8 0 29 25 13.003398 2
16 8 0 30 18 5.013304 2
16 8 0 31 21 10.050411 2
16 8 0 32 22 8.868616 1
16 8 0 33 14 1.644348 2
16 8 0 34 20 9.785164 2
16 8 0 35 20 8.218926 1
16 8 0 36 18 3.782134 2
16 8 0 37 18 6.239149 2
16 8 0 38 21 11.665178 2
16 8 0 39 18 3.679218 1
16 8 0 40 13 0.738292 1
16 8 0 41 21 9.778010 1
16 8 0 42 20 4.198947 1
16 8 0 43 28 26.763846 1
16 8 0 44 26 22.774008 1
16 8 0 45 19 5.106787 1
16 8 0 46 18 4.985089 2
16 8 0 47 16 2.344788 1
16 8 0 48 19 5.398248 1
16 8 0 49 17 3.182368 1
16 8 0 50 18 3.034203 1
16 8 0 51 24 12.204446 1
16 8 0 52 22 6.809018 2
16 8 0 53 15 1.512290 1
16 8 0 54 19 7.645716 1
16 8 0 55 24 12.089204 1
16 8 0 56 20 4.843553 2
16 8 0 57 18 4.202322 1
16 8 0 58 25 14.578317 2
16 8 0 59 24 12.896212 1
16 8 0 60 25 19.292855 2
16 8 0 61 23 11.897742 1
16 8 0 62 22 12.276795 1
16 8 0 63 19 4.252602 1
16 8 0 64 20 6.099347 2
16 8 0 65 20 8.564936 2
16 8 0 66 21 9.310558 1
16 8 0 67 25 19.039005 2
16 8 0 68 19 6.034249 1
16 8 0 69 17 1.922939 2
16 8 0 70 18 2.392457 1
16 8 0 71 26 20.248292 2
16 8 0 72 27 26.962000 1
16 8 0 73 19 5.103015 1
16 8 0 74 20 6.221039 1
16 8 0 75 16 1.457919 1
16 8 0 76 24 11.452989 1
16 8 0 77 23 15.722752 1
16 8 0 78 22 9.278672 1
16 8 0 79 21 7.126348 1
16 8 0 80 23 11.741087 1
16 8 0 81 25 15.569919 2
16 8 0 82 26 22.322684 2
16 8 0 83 22 6.830379 1
16 8 0 84 21 9.052168 1
16 8 0 85 26 17.788702 1
16 8 0 86 23 10.350546 1
16 8 0 87 19 4.313966 2
16 8 0 88 26 23.566100 1
16 8 0 89 27 27.125434 2
16 8 0 90 22 8.344401 2
16 8 0 91 23 9.394425 1
16 8 0 92 20 5.334900 1
16 8 0 93 26 21.237478 1
16 8 0 94 24 12.572704 1
16 8 0 95 23 7.323938 2
16 8 0 96 19 6.936395 1
16 8 0 97 21 10.759166 2
16 8 0 98 23 12.923142 1
16 8 0 99 27 23.292867 1
