16 1 0 0 15 0.294338 1
16 1 0 1 13 0.055776 1
16 1 0 2 15 0.350269 1
16 1 0 3 16 0.312567 1
16 1 0 4 15 0.291682 1
16 1 0 5 14 0.157156 1
16 1 0 6 16 0.270093 1
16 1 0 7 16 0.239376 1
16 1 0 8 15 0.184586 1
16 1 0 9 14 0.137034 1
16 1 0 10 15 0.245029 1
16 1 0 11 12 0.074330 1
16 1 0 12 11 0.139317 1
16 1 0 13 15 0.317675 1
16 1 0 14 16 0.405836 1
16 1 0 15 14 0.175155 1
16 1 0 16 15 0.461501 1
16 1 0 17 16 0.332690 1
16 1 0 18 16 0.525339 1
16 1 0 19 14 0.304961 1
16 1 0 20 16 0.277426 1
16 1 0 21 16 0.343799 1
16 1 0 22 14 0.156999 1
16 1 0 23 15 0.413698 1
16 1 0 24 12 0.125032 1
16 1 0 25 13 0.232820 1
16 1 0 26 11 0.119190 1
16 1 0 27 12 0.315906 1
16 1 0 28 15 0.177089 1
16 1 0 29 16 0.269509 1
16 1 0 30 14 0.138369 1
16 1 0 31 15 0.428993 1
16 1 0 32 13 0.260805 1
16 1 0 33 14 0.104978 1
16 1 0 34 15 0.281528 1
16 1 0 35 15 0.188889 1
16 1 0 36 15 0.151102 1
16 1 0 37 12 0.143407 1
16 1 0 38 15 0.335000 1
16 1 0 39 14 0.225555 1
16 1 0 40 12 0.115620 1
16 1 0 41 15 0.316844 1
16 1 0 42 15 0.143179 1
16 1 0 43 16 0.306145 1
16 1 0 44 16 0.470199 1
16 1 0 45 14 0.167702 1
16 1 0 46 15 0.271683 1
16 1 0 47 14 0.174399 1
16 1 0 48 15 0.445870 1
16 1 0 49 13 0.171580 1
16 1 0 50 13 0.184639 1
16 1 0 51 16 0.357373 1
16 1 0 52 15 0.107195 1
16 1 0 53 12 0.228060 1
16 1 0 54 15 0.311314 1
16 1 0 55 16 0.401000 1
16 1 0 56 15 0.161550 1
16 1 0 57 15 0.245708 1
16 1 0 58 15 0.271688 1
16 1 0 59 16 0.285029 1
16 1 0 60 16 0.308075 1
16 1 0 61 16 0.299856 1
16 1 0 62 16 0.411457 1
16 1 0 63 14 0.384128 1
16 1 0 64 14 0.108473 1
16 1 0 65 14 0.460551 1
16 1 0 66 16 0.244446 1
16 1 0 67 16 0.411939 1
16 1 0 68 14 0.256199 1
16 1 0 69 13 0.050051 1
16 1 0 70 14 0.093045 1
16 1 0 71 16 0.554830 1
16 1 0 72 16 0.330647 1
16 1 0 73 15 0.195828 1
16 1 0 74 16 0.208897 1
16 1 0 75 12 0.073147 1
16 1 0 76 15 0.401578 1
16 1 0 77 15 0.264216 1
16 1 0 78 15 0.254933 1
16 1 0 79 16 0.298675 1
16 1 0 80 16 0.459449 1
16 1 0 81 16 0.200883 1
16 1 0 82 16 0.339438 1
16 1 0 83 16 0.253634 1
16 1 0 84 15 0.262752 1
16 1 0 85 16 0.338164 1
16 1 0 86 15 0.278228 1
16 1 0 87 15 0.264110 1
16 1 0 88 16 0.566682 1
16 1 0 89 16 0.405007 1
16 1 0 90 16 0.271823 1
16 1 0 91 15 0.313600 1
16 1 0 92 15 0.200298 1
16 1 0 93 16 0.370127 1
16 1 0 94 16 0.414140 1
16 1 0 95 16 0.221406 1
16 1 0 96 14 0.322376 1
16 1 0 97 14 0.244897 1
16 1 0 98 16 0.339287 1
16 1 0 99 15 0.491331 1
16 2 0 0 16 1.232079 1
16 2 0 1 12 0.156732 1
16 2 0 2 14 1.054541 1
16 2 0 3 15 0.780434 1
16 2 0 4 17 1.093317 1
16 2 0 5 17 0.539944 1
16 2 0 6 15 0.772827 1
16 2 0 7 16 0.964158 1
16 2 0 8 17 0.758184 1
16 2 0 9 14 0.629065 1
16 2 0 10 16 0.674092 1
16 2 0 11 16 0.406068 1
16 2 0 12 15 0.726406 1
16 2 0 13 16 1.234445 1
16 2 0 14 17 0.943550 1
16 2 0 15 17 0.987170 1
16 2 0 16 17 0.933793 1
16 2 0 17 15 0.687271 1
16 2 0 18 16 1.096201 2
16 2 0 19 17 1.005741 1
16 2 0 20 18 1.060059 1
16 2 0 21 17 1.051857 1
16 2 0 22 14 0.589224 1
16 2 0 23 14 0.777083 1
16 2 0 24 13 0.401081 1
16 2 0 25 12 0.425287 1
16 2 0 26 13 0.351564 1
16 2 0 27 14 0.602817 1
16 2 0 28 18 0.728059 1
16 2 0 29 17 0.869771 1
16 2 0 30 13 0.493816 1
16 2 0 31 15 0.680699 1
16 2 0 32 15 0.857304 1
16 2 0 33 11 0.320985 1
16 2 0 34 16 0.691116 2
16 2 0 35 14 0.507752 1
16 2 0 36 14 0.375897 1
16 2 0 37 16 0.624525 2
16 2 0 38 15 0.857128 1
16 2 0 39 13 0.456969 1
16 2 0 40 11 0.242235 1
16 2 0 41 16 1.150327 1
16 2 0 42 15 0.669347 1
16 2 0 43 18 1.234050 1
16 2 0 44 18 1.360231 1
16 2 0 45 16 0.578054 1
16 2 0 46 15 0.792468 1
16 2 0 47 14 0.444680 1
16 2 0 48 15 0.872162 1
16 2 0 49 14 0.513486 1
16 2 0 50 16 0.481550 1
16 2 0 51 16 0.869402 1
16 2 0 52 15 0.350318 1
16 2 0 53 12 0.343609 1
16 2 0 54 17 0.784829 1
16 2 0 55 17 0.986961 1
16 2 0 56 15 0.511421 1
16 2 0 57 13 0.565403 1
16 2 0 58 16 0.852122 1
16 2 0 59 18 0.957482 1
16 2 0 60 17 1.292408 1
16 2 0 61 15 0.859518 1
16 2 0 62 15 1.130033 1
16 2 0 63 13 0.873171 1
16 2 0 64 15 0.293883 1
16 2 0 65 17 1.118363 1
16 2 0 66 16 0.802430 1
16 2 0 67 17 1.102953 2
16 2 0 68 15 0.872367 1
16 2 0 69 14 0.190568 1
16 2 0 70 14 0.397800 1
16 2 0 71 17 1.565036 2
16 2 0 72 17 1.333673 1
16 2 0 73 17 0.700491 1
16 2 0 74 14 0.671876 1
16 2 0 75 13 0.370415 1
16 2 0 76 17 1.206071 1
16 2 0 77 18 1.193255 1
16 2 0 78 16 1.076108 1
16 2 0 79 15 0.820866 1
16 2 0 80 16 1.082823 1
16 2 0 81 16 0.871730 1
16 2 0 82 18 1.319311 1
16 2 0 83 15 0.616798 1
16 2 0 84 17 0.949386 1
16 2 0 85 17 1.164033 1
16 2 0 86 18 0.992855 1
16 2 0 87 16 0.586012 1
16 2 0 88 18 1.477208 1
16 2 0 89 18 1.528918 1
16 2 0 90 15 0.834894 1
16 2 0 91 16 0.952322 1
16 2 0 92 15 0.356516 1
16 2 0 93 17 1.180490 1
16 2 0 94 17 0.988195 1
16 2 0 95 16 0.551544 1
16 2 0 96 15 0.769685 1
16 2 0 97 16 1.073802 1
16 2 0 98 16 1.217682 1
16 2 0 99 17 1.591159 1
16 4 0 0 19 4.113469 2
16 4 0 1 13 0.430722 1
16 4 0 2 16 2.729145 1
16 4 0 3 16 1.760629 1
16 4 0 4 19 2.944783 2
16 4 0 5 17 1.420660 1
16 4 0 6 18 2.826432 1
16 4 0 7 21 3.590215 1
16 4 0 8 20 2.651226 1
16 4 0 9 17 2.134433 1
16 4 0 10 18 2.321863 2
16 4 0 11 14 0.704824 1
16 4 0 12 16 1.670680 2
16 4 0 13 18 3.096094 1
16 4 0 14 19 3.012853 1
16 4 0 15 18 2.379831 1
16 4 0 16 18 2.349897 1
16 4 0 17 17 2.558387 2
16 4 0 18 17 2.323318 2
16 4 0 19 17 2.399433 2
16 4 0 20 20 3.649992 1
16 4 0 21 18 3.003063 2
16 4 0 22 16 1.595653 1
16 4 0 23 17 2.774070 1
16 4 0 24 14 1.068977 2
16 4 0 25 15 1.534387 1
16 4 0 26 10 0.366099 1
16 4 0 27 16 1.948968 1
16 4 0 28 20 2.243134 1
16 4 0 29 19 2.776773 2
16 4 0 30 16 1.448903 2
16 4 0 31 17 2.441947 2
16 4 0 32 17 2.526655 1
16 4 0 33 12 0.546162 2
16 4 0 34 19 3.478395 2
16 4 0 35 16 2.110044 1
16 4 0 36 17 1.470170 2
16 4 0 37 17 1.854223 2
16 4 0 38 19 3.658976 2
16 4 0 39 16 1.831016 1
16 4 0 40 12 0.409420 1
16 4 0 41 15 1.819212 1
16 4 0 42 17 1.421050 1
16 4 0 43 22 5.150743 1
16 4 0 44 19 3.860998 1
16 4 0 45 16 1.611354 1
16 4 0 46 16 1.766269 2
16 4 0 47 16 1.341650 1
16 4 0 48 18 2.895718 1
16 4 0 49 14 1.249970 1
16 4 0 50 15 1.134881 1
16 4 0 51 20 3.557452 1
16 4 0 52 18 1.547205 2
16 4 0 53 14 1.016533 1
16 4 0 54 17 2.055651 1
16 4 0 55 19 3.010194 1
16 4 0 56 18 1.920264 2
16 4 0 57 15 1.779141 1
16 4 0 58 20 4.041823 2
16 4 0 59 19 3.327179 1
16 4 0 60 20 4.590075 2
16 4 0 61 19 3.160835 1
16 4 0 62 20 4.536151 1
16 4 0 63 17 2.395457 1
16 4 0 64 17 1.279380 1
16 4 0 65 18 2.860265 2
16 4 0 66 18 3.216037 1
16 4 0 67 21 4.442352 2
16 4 0 68 16 1.967017 1
16 4 0 69 14 0.354289 1
16 4 0 70 17 1.005675 1
16 4 0 71 20 4.679772 2
16 4 0 72 21 5.838526 1
16 4 0 73 16 1.267081 1
16 4 0 74 17 1.841361 1
16 4 0 75 13 0.722692 1
16 4 0 76 18 2.456112 1
16 4 0 77 18 3.168117 1
16 4 0 78 17 2.683752 1
16 4 0 79 16 1.823160 1
16 4 0 80 20 3.870262 1
16 4 0 81 20 3.826381 1
16 4 0 82 21 4.592054 2
16 4 0 83 19 2.208767 1
16 4 0 84 17 2.471110 1
16 4 0 85 21 4.542125 1
16 4 0 86 20 2.279243 1
16 4 0 87 18 2.354516 2
16 4 0 88 19 3.989616 1
16 4 0 89 21 5.212799 2
16 4 0 90 19 2.858566 2
16 4 0 91 19 3.064976 1
16 4 0 92 17 1.732879 1
16 4 0 93 20 4.532513 1
16 4 0 94 20 2.702107 1
16 4 0 95 18 1.952074 2
16 4 0 96 17 2.114178 1
16 4 0 97 19 4.828616 2
16 4 0 98 19 4.374764 1
16 4 0 99 21 5.889244 1
16 8 0 0 23 8.906225 2
16 8 0 1 15 0.765976 1
16 8 0 2 19 4.411169 1
16 8 0 3 21 5.512938 1
16 8 0 4 23 8.487872 2
16 8 0 5 21 4.228654 1
16 8 0 6 20 5.720194 1
16 8 0 7 24 9.080688 1
16 8 0 8 24 6.744743 1
16 8 0 9 18 2.496462 1
16 8 0 10 21 4.407225 2
16 8 0 11 18 2.721308 1
16 8 0 12 16 2.049841 2
16 8 0 13 24 9.147374 1
16 8 0 14 23 6.330453 1
16 8 0 15 22 6.165124 1
16 8 0 16 23 6.346923 1
16 8 0 17 20 5.188740 2
16 8 0 18 22 5.701191 2
16 8 0 19 20 4.864244 2
16 8 0 20 26 13.528302 1
16 8 0 21 24 12.057345 2
16 8 0 22 18 3.662005 1
16 8 0 23 20 3.875999 1
16 8 0 24 14 1.314913 2
16 8 0 25 17 2.618997 1
16 8 0 26 13 0.651244 1
16 8 0 27 17 2.436997 1
16 8 0 28 24 7.262579 1
16 8 0 29 25 8.404169 2
16 8 0 30 18 2.744467 2
16 8 0 31 21 6.365855 2
16 8 0 32 22 6.033455 1
16 8 0 33 14 0.959865 2
16 8 0 34 20 7.108893 2
16 8 0 35 20 5.028460 1
16 8 0 36 18 2.654216 2
16 8 0 37 18 4.591917 2
16 8 0 38 21 6.162446 2
16 8 0 39 18 2.414681 1
16 8 0 40 13 0.680974 1
16 8 0 41 21 6.619440 1
16 8 0 42 20 2.879137 1
16 8 0 43 28 17.382044 1
16 8 0 44 26 14.716470 1
16 8 0 45 19 3.242090 1
16 8 0 46 18 3.915579 2
16 8 0 47 16 1.197284 1
16 8 0 48 19 3.465348 1
16 8 0 49 17 2.359067 1
16 8 0 50 18 2.140706 1
16 8 0 51 24 8.030751 1
16 8 0 52 22 4.276141 2
16 8 0 53 15 1.198847 1
16 8 0 54 19 4.919536 1
16 8 0 55 24 8.256806 1
16 8 0 56 20 3.519023 2
16 8 0 57 18 2.803755 1
16 8 0 58 25 9.896838 2
16 8 0 59 24 8.821634 1
16 8 0 60 25 12.782549 2
16 8 0 61 23 7.596071 1
16 8 0 62 22 8.336478 1
16 8 0 63 19 3.663934 1
16 8 0 64 20 4.259661 2
16 8 0 65 20 5.533145 2
16 8 0 66 21 6.394046 1
16 8 0 67 25 12.565945 2
16 8 0 68 19 3.816680 1
16 8 0 69 17 1.371034 2
16 8 0 70 18 1.720948 1
16 8 0 71 26 14.364912 2
16 8 0 72 27 17.017198 1
16 8 0 73 19 3.472927 1
16 8 0 74 20 4.525318 1
16 8 0 75 16 1.006304 1
16 8 0 76 24 8.155671 1
16 8 0 77 23 10.330608 1
16 8 0 78 22 5.985780 1
16 8 0 79 21 5.059075 1
16 8 0 80 23 8.281436 1
16 8 0 81 25 10.308360 2
16 8 0 82 26 14.752234 2
16 8 0 83 22 4.422066 1
16 8 0 84 21 5.894751 1
16 8 0 85 26 12.584615 1
16 8 0 86 23 6.774458 1
16 8 0 87 19 3.755060 2
16 8 0 88 26 15.262535 1
16 8 0 89 27 18.793696 2
16 8 0 90 22 5.927812 2
16 8 0 91 23 6.535894 1
16 8 0 92 20 2.911360 1
16 8 0 93 26 12.832970 1
16 8 0 94 24 8.078670 1
16 8 0 95 23 5.104545 2
16 8 0 96 19 4.614902 1
16 8 0 97 21 6.676608 2
16 8 0 98 23 8.631592 1
16 8 0 99 27 13.902480 1
