4 1 0 0 3 0.001065 1
4 1 0 1 4 0.001392 1
4 1 0 2 4 0.001822 1
4 1 0 3 4 0.002169 1
4 1 0 4 4 0.001425 1
4 1 0 5 4 0.002513 1
4 1 0 6 2 0.001853 1
4 1 0 7 2 0.001547 1
4 1 0 8 4 0.001367 1
4 1 0 9 2 0.001555 1
4 1 0 10 4 0.002809 1
4 1 0 11 3 0.001873 1
4 1 0 12 4 0.002685 1
4 1 0 13 2 0.001757 1
4 1 0 14 4 0.002434 1
4 1 0 15 4 0.002094 1
4 1 0 16 2 0.001700 1
4 1 0 17 3 0.001265 2
4 1 0 18 2 0.001594 1
4 1 0 19 2 0.001427 1
4 1 0 20 2 0.001891 1
4 1 0 21 2 0.001742 1
4 1 0 22 4 0.002729 1
4 1 0 23 4 0.001490 1
4 1 0 24 4 0.001601 1
4 1 0 25 4 0.002801 1
4 1 0 26 4 0.001958 1
4 1 0 27 4 0.002452 1
4 1 0 28 4 0.002848 1
4 1 0 29 4 0.002228 1
4 1 0 30 4 0.001751 1
4 1 0 31 4 0.002246 1
4 1 0 32 2 0.001632 1
4 1 0 33 4 0.001756 1
4 1 0 34 4 0.002021 1
4 1 0 35 2 0.001256 1
4 1 0 36 4 0.003127 1
4 1 0 37 4 0.001695 1
4 1 0 38 2 0.001602 1
4 1 0 39 3 0.001085 1
4 1 0 40 4 0.003192 1
4 1 0 41 2 0.001706 1
4 1 0 42 2 0.001887 1
4 1 0 43 4 0.002282 1
4 1 0 44 2 0.001917 1
4 1 0 45 4 0.002590 1
4 1 0 46 4 0.002026 1
4 1 0 47 4 0.001341 1
4 1 0 48 4 0.002140 1
4 1 0 49 4 0.003035 1
4 1 0 50 4 0.001342 1
4 1 0 51 4 0.001342 1
4 1 0 52 3 0.001393 2
4 1 0 53 4 0.002554 1
4 1 0 54 3 0.001858 1
4 1 0 55 3 0.001428 1
4 1 0 56 4 0.002680 1
4 1 0 57 4 0.001309 1
4 1 0 58 4 0.002792 1
4 1 0 59 4 0.001465 1
4 1 0 60 4 0.002084 1
4 1 0 61 4 0.001859 1
4 1 0 62 2 0.001201 1
4 1 0 63 4 0.001994 1
4 1 0 64 4 0.001787 1
4 1 0 65 4 0.002047 1
4 1 0 66 4 0.002757 1
4 1 0 67 3 0.001273 2
4 1 0 68 4 0.001329 1
4 1 0 69 4 0.003073 1
4 1 0 70 4 0.001639 1
4 1 0 71 4 0.002477 1
4 1 0 72 3 0.001776 1
4 1 0 73 4 0.001282 1
4 1 0 74 4 0.001788 1
4 1 0 75 4 0.001313 1
4 1 0 76 4 0.002163 1
4 1 0 77 4 0.002484 1
4 1 0 78 4 0.001282 1
4 1 0 79 4 0.002235 1
4 1 0 80 4 0.002178 1
4 1 0 81 4 0.001525 1
4 1 0 82 3 0.001359 1
4 1 0 83 4 0.002132 1
4 1 0 84 2 0.001569 1
4 1 0 85 4 0.002144 1
4 1 0 86 4 0.002217 1
4 1 0 87 4 0.002672 1
4 1 0 88 4 0.001876 1
4 1 0 89 4 0.001880 1
4 1 0 90 4 0.002212 1
4 1 0 91 4 0.002713 1
4 1 0 92 4 0.002327 1
4 1 0 93 4 0.001289 1
4 1 0 94 2 0.001570 1
4 1 0 95 4 0.001765 1
4 1 0 96 4 0.002219 1
4 1 0 97 2 0.001680 1
4 1 0 98 4 0.002020 1
4 1 0 99 4 0.001865 1
4 2 0 0 1 0.000761 1
4 2 0 1 4 0.001971 2
4 2 0 2 3 0.001908 2
4 2 0 3 3 0.001922 2
4 2 0 4 3 0.001262 1
4 2 0 5 5 0.003601 2
4 2 0 6 3 0.004719 1
4 2 0 7 4 0.002477 2
4 2 0 8 5 0.001776 1
4 2 0 9 4 0.003050 2
4 2 0 10 5 0.003474 2
4 2 0 11 1 0.002498 2
4 2 0 12 5 0.003476 2
4 2 0 13 4 0.003257 2
4 2 0 14 3 0.002219 2
4 2 0 15 4 0.002663 2
4 2 0 16 4 0.003280 2
4 2 0 17 1 0.000847 1
4 2 0 18 4 0.002373 2
4 2 0 19 4 0.002768 1
4 2 0 20 4 0.003530 2
4 2 0 21 3 0.004467 1
4 2 0 22 5 0.003565 2
4 2 0 23 4 0.001929 2
4 2 0 24 4 0.002591 2
4 2 0 25 5 0.004161 2
4 2 0 26 5 0.003606 1
4 2 0 27 3 0.002450 2
4 2 0 28 5 0.004038 2
4 2 0 29 5 0.003347 2
4 2 0 30 5 0.002537 2
4 2 0 31 4 0.004712 2
4 2 0 32 4 0.003308 2
4 2 0 33 5 0.004011 1
4 2 0 34 5 0.003448 1
4 2 0 35 2 0.001155 1
4 2 0 36 5 0.004411 2
4 2 0 37 4 0.002517 2
4 2 0 38 4 0.002426 2
4 2 0 39 1 0.000776 1
4 2 0 40 5 0.005339 2
4 2 0 41 3 0.004597 1
4 2 0 42 4 0.003769 2
4 2 0 43 3 0.001917 2
4 2 0 44 4 0.003680 1
4 2 0 45 5 0.003534 2
4 2 0 46 3 0.001687 2
4 2 0 47 3 0.001240 1
4 2 0 48 3 0.002308 2
4 2 0 49 5 0.003841 2
4 2 0 50 3 0.001277 1
4 2 0 51 2 0.001142 1
4 2 0 52 1 0.000861 1
4 2 0 53 5 0.003693 2
4 2 0 54 1 0.002608 2
4 2 0 55 1 0.000926 1
4 2 0 56 5 0.003463 2
4 2 0 57 3 0.001265 1
4 2 0 58 5 0.004009 2
4 2 0 59 5 0.002449 2
4 2 0 60 3 0.001834 2
4 2 0 61 5 0.004106 1
4 2 0 62 3 0.001256 1
4 2 0 63 3 0.004835 2
4 2 0 64 3 0.001936 2
4 2 0 65 3 0.001886 2
4 2 0 66 5 0.004274 2
4 2 0 67 1 0.000875 1
4 2 0 68 3 0.001402 1
4 2 0 69 5 0.005870 2
4 2 0 70 5 0.003156 2
4 2 0 71 5 0.003430 2
4 2 0 72 1 0.002531 2
4 2 0 73 3 0.001296 1
4 2 0 74 3 0.001910 2
4 2 0 75 3 0.001243 1
4 2 0 76 3 0.001965 2
4 2 0 77 5 0.003465 2
4 2 0 78 3 0.001445 1
4 2 0 79 5 0.004502 2
4 2 0 80 4 0.003403 2
4 2 0 81 4 0.001808 2
4 2 0 82 1 0.000910 1
4 2 0 83 4 0.002618 2
4 2 0 84 3 0.001635 2
4 2 0 85 4 0.003723 2
4 2 0 86 5 0.003535 2
4 2 0 87 5 0.004464 2
4 2 0 88 3 0.001734 2
4 2 0 89 3 0.004547 1
4 2 0 90 5 0.003351 2
4 2 0 91 5 0.004709 2
4 2 0 92 3 0.005027 2
4 2 0 93 5 0.001696 1
4 2 0 94 3 0.002071 1
4 2 0 95 5 0.002531 2
4 2 0 96 5 0.003322 2
4 2 0 97 4 0.002413 2
4 2 0 98 3 0.004800 2
4 2 0 99 5 0.004104 1
4 4 0 0 2 0.001286 1
4 4 0 1 5 0.003139 2
4 4 0 2 4 0.002818 2
4 4 0 3 4 0.005900 2
4 4 0 4 4 0.001778 1
4 4 0 5 5 0.007729 2
4 4 0 6 2 0.006315 2
4 4 0 7 4 0.003007 2
4 4 0 8 6 0.002198 1
4 4 0 9 4 0.003885 2
4 4 0 10 6 0.008186 2
4 4 0 11 2 0.004862 2
4 4 0 12 6 0.008304 2
4 4 0 13 4 0.004538 2
4 4 0 14 4 0.006554 2
4 4 0 15 5 0.006686 2
4 4 0 16 4 0.004670 2
4 4 0 17 2 0.001806 1
4 4 0 18 3 0.002692 1
4 4 0 19 4 0.003381 2
4 4 0 20 4 0.006471 2
4 4 0 21 2 0.006168 2
4 4 0 22 5 0.007793 2
4 4 0 23 5 0.003154 2
4 4 0 24 5 0.003985 2
4 4 0 25 6 0.008662 2
4 4 0 26 6 0.008243 2
4 4 0 27 4 0.004078 2
4 4 0 28 6 0.008671 2
4 4 0 29 5 0.004911 2
4 4 0 30 5 0.003344 2
4 4 0 31 5 0.008305 2
4 4 0 32 4 0.004523 2
4 4 0 33 5 0.006977 2
4 4 0 34 6 0.008255 2
4 4 0 35 2 0.001412 1
4 4 0 36 6 0.009244 2
4 4 0 37 5 0.003890 2
4 4 0 38 4 0.003080 2
4 4 0 39 2 0.001275 1
4 4 0 40 6 0.009505 2
4 4 0 41 2 0.006162 2
4 4 0 42 4 0.006917 2
4 4 0 43 3 0.005619 2
4 4 0 44 4 0.007217 2
4 4 0 45 5 0.008046 2
4 4 0 46 4 0.003483 2
4 4 0 47 4 0.001717 1
4 4 0 48 4 0.003718 2
4 4 0 49 6 0.009646 2
4 4 0 50 4 0.001783 1
4 4 0 51 3 0.001670 1
4 4 0 52 2 0.001812 1
4 4 0 53 5 0.007876 2
4 4 0 54 2 0.004850 2
4 4 0 55 2 0.002269 1
4 4 0 56 5 0.007741 2
4 4 0 57 4 0.001593 1
4 4 0 58 6 0.008680 2
4 4 0 59 6 0.003974 2
4 4 0 60 4 0.005948 2
4 4 0 61 5 0.007464 2
4 4 0 62 2 0.001568 1
4 4 0 63 4 0.006337 2
4 4 0 64 4 0.002816 2
4 4 0 65 4 0.005888 2
4 4 0 66 6 0.008949 2
4 4 0 67 2 0.001910 1
4 4 0 68 4 0.001837 1
4 4 0 69 6 0.010339 2
4 4 0 70 5 0.004535 2
4 4 0 71 5 0.007729 2
4 4 0 72 2 0.004857 2
4 4 0 73 4 0.001806 1
4 4 0 74 4 0.003252 2
4 4 0 75 4 0.001869 1
4 4 0 76 4 0.006069 2
4 4 0 77 5 0.007786 2
4 4 0 78 4 0.001729 1
4 4 0 79 5 0.007849 2
4 4 0 80 5 0.007973 2
4 4 0 81 5 0.002748 2
4 4 0 82 2 0.002284 1
4 4 0 83 5 0.006524 2
4 4 0 84 2 0.001969 1
4 4 0 85 5 0.006971 2
4 4 0 86 6 0.005111 2
4 4 0 87 6 0.007638 2
4 4 0 88 4 0.003403 2
4 4 0 89 3 0.006111 2
4 4 0 90 6 0.005360 2
4 4 0 91 6 0.008253 2
4 4 0 92 4 0.006373 2
4 4 0 93 6 0.002176 1
4 4 0 94 2 0.002422 1
4 4 0 95 5 0.003120 2
4 4 0 96 6 0.005115 2
4 4 0 97 4 0.003073 2
4 4 0 98 4 0.005761 2
4 4 0 99 5 0.007417 2
8 1 0 0 7 0.004254 1
8 1 0 1 7 0.004008 1
8 1 0 2 8 0.005457 1
8 1 0 3 8 0.003807 1
8 1 0 4 7 0.002858 1
8 1 0 5 4 0.002725 1
8 1 0 6 7 0.004257 1
8 1 0 7 6 0.004047 1
8 1 0 8 5 0.003113 1
8 1 0 9 7 0.004899 1
8 1 0 10 8 0.004452 1
8 1 0 11 7 0.004174 1
8 1 0 12 8 0.004556 1
8 1 0 13 7 0.006485 1
8 1 0 14 8 0.003900 1
8 1 0 15 7 0.004263 1
8 1 0 16 7 0.004038 1
8 1 0 17 8 0.004757 1
8 1 0 18 8 0.005515 1
8 1 0 19 7 0.003707 1
8 1 0 20 8 0.005876 1
8 1 0 21 6 0.002669 1
8 1 0 22 8 0.004971 1
8 1 0 23 7 0.003917 1
8 1 0 24 7 0.003395 1
8 1 0 25 8 0.006094 1
8 1 0 26 8 0.004935 1
8 1 0 27 7 0.004820 1
8 1 0 28 8 0.004625 1
8 1 0 29 8 0.004608 1
8 1 0 30 7 0.004481 1
8 1 0 31 6 0.004769 1
8 1 0 32 7 0.003880 1
8 1 0 33 7 0.005025 1
8 1 0 34 6 0.003586 1
8 1 0 35 6 0.003970 1
8 1 0 36 8 0.004913 1
8 1 0 37 6 0.003095 2
8 1 0 38 7 0.003915 2
8 1 0 39 8 0.005457 1
8 1 0 40 6 0.002993 1
8 1 0 41 7 0.003876 1
8 1 0 42 6 0.003201 1
8 1 0 43 8 0.006353 1
8 1 0 44 6 0.004810 1
8 1 0 45 7 0.003659 1
8 1 0 46 8 0.006488 1
8 1 0 47 8 0.004022 1
8 1 0 48 6 0.004162 1
8 1 0 49 7 0.003333 1
8 1 0 50 8 0.005859 1
8 1 0 51 8 0.005032 1
8 1 0 52 8 0.005623 1
8 1 0 53 8 0.005579 1
8 1 0 54 8 0.003697 1
8 1 0 55 7 0.003206 1
8 1 0 56 7 0.004463 1
8 1 0 57 8 0.006575 1
8 1 0 58 8 0.004963 1
8 1 0 59 8 0.005015 1
8 1 0 60 8 0.006766 1
8 1 0 61 7 0.004861 1
8 1 0 62 6 0.004426 1
8 1 0 63 8 0.003766 1
8 1 0 64 8 0.007481 1
8 1 0 65 7 0.004339 1
8 1 0 66 8 0.004205 1
8 1 0 67 8 0.006806 1
8 1 0 68 8 0.005865 1
8 1 0 69 7 0.005037 1
8 1 0 70 7 0.003735 1
8 1 0 71 7 0.004488 1
8 1 0 72 7 0.004794 1
8 1 0 73 7 0.005267 1
8 1 0 74 7 0.003788 1
8 1 0 75 8 0.003380 1
8 1 0 76 8 0.005299 1
8 1 0 77 8 0.005106 1
8 1 0 78 8 0.003549 1
8 1 0 79 6 0.003210 1
8 1 0 80 8 0.006413 1
8 1 0 81 8 0.004488 1
8 1 0 82 6 0.003060 1
8 1 0 83 6 0.003158 1
8 1 0 84 7 0.004840 1
8 1 0 85 6 0.004036 1
8 1 0 86 8 0.006414 1
8 1 0 87 7 0.003726 1
8 1 0 88 8 0.004255 1
8 1 0 89 8 0.004330 1
8 1 0 90 8 0.004780 1
8 1 0 91 7 0.003787 1
8 1 0 92 7 0.004791 1
8 1 0 93 6 0.002752 1
8 1 0 94 8 0.003712 1
8 1 0 95 8 0.005046 1
8 1 0 96 6 0.004803 1
8 1 0 97 8 0.004567 1
8 1 0 98 8 0.004412 1
8 1 0 99 8 0.004837 1
8 2 0 0 9 0.008195 1
8 2 0 1 7 0.006548 2
8 2 0 2 7 0.009275 2
8 2 0 3 8 0.006993 2
8 2 0 4 4 0.003002 1
8 2 0 5 4 0.004537 1
8 2 0 6 9 0.009742 1
8 2 0 7 6 0.007812 1
8 2 0 8 5 0.005021 1
8 2 0 9 8 0.009008 2
8 2 0 10 8 0.009927 2
8 2 0 11 6 0.004633 2
8 2 0 12 7 0.005342 2
8 2 0 13 9 0.015107 2
8 2 0 14 8 0.008065 1
8 2 0 15 9 0.012747 2
8 2 0 16 8 0.009054 2
8 2 0 17 8 0.010574 2
8 2 0 18 7 0.009329 2
8 2 0 19 6 0.006405 2
8 2 0 20 9 0.012896 2
8 2 0 21 6 0.003436 1
8 2 0 22 9 0.010549 1
8 2 0 23 9 0.009878 1
8 2 0 24 4 0.003973 1
8 2 0 25 6 0.009261 1
8 2 0 26 9 0.012296 2
8 2 0 27 9 0.010982 2
8 2 0 28 10 0.009580 1
8 2 0 29 9 0.010074 2
8 2 0 30 9 0.012755 2
8 2 0 31 8 0.011086 2
8 2 0 32 7 0.007782 2
8 2 0 33 8 0.011403 2
8 2 0 34 8 0.007728 1
8 2 0 35 8 0.006699 1
8 2 0 36 10 0.011920 2
8 2 0 37 8 0.007096 1
8 2 0 38 8 0.008654 1
8 2 0 39 10 0.015313 2
8 2 0 40 7 0.004544 2
8 2 0 41 7 0.007796 2
8 2 0 42 8 0.007284 2
8 2 0 43 9 0.015997 2
8 2 0 44 8 0.007700 2
8 2 0 45 9 0.007912 1
8 2 0 46 10 0.018685 2
8 2 0 47 6 0.006643 1
8 2 0 48 7 0.006452 1
8 2 0 49 6 0.003885 2
8 2 0 50 8 0.012101 2
8 2 0 51 10 0.013413 2
8 2 0 52 10 0.015363 2
8 2 0 53 9 0.014452 2
8 2 0 54 8 0.007094 2
8 2 0 55 8 0.007908 1
8 2 0 56 9 0.008630 1
8 2 0 57 7 0.011407 2
8 2 0 58 10 0.014461 2
8 2 0 59 7 0.005820 2
8 2 0 60 10 0.017975 2
8 2 0 61 10 0.013304 2
8 2 0 62 7 0.007172 1
8 2 0 63 9 0.009532 2
8 2 0 64 10 0.017719 2
8 2 0 65 8 0.009941 1
8 2 0 66 8 0.009732 2
8 2 0 67 10 0.018925 2
8 2 0 68 9 0.013061 2
8 2 0 69 9 0.012747 2
8 2 0 70 8 0.008958 1
8 2 0 71 8 0.010610 1
8 2 0 72 9 0.010977 2
8 2 0 73 8 0.011044 2
8 2 0 74 8 0.006617 1
8 2 0 75 8 0.007211 1
8 2 0 76 8 0.008783 2
8 2 0 77 9 0.011789 2
8 2 0 78 9 0.007388 1
8 2 0 79 6 0.003556 2
8 2 0 80 10 0.018179 2
8 2 0 81 8 0.009438 2
8 2 0 82 6 0.003895 1
8 2 0 83 5 0.006617 1
8 2 0 84 8 0.010144 1
8 2 0 85 7 0.009472 2
8 2 0 86 7 0.010088 2
8 2 0 87 8 0.008396 2
8 2 0 88 5 0.004120 2
8 2 0 89 9 0.012488 2
8 2 0 90 8 0.007622 2
8 2 0 91 7 0.007927 2
8 2 0 92 8 0.011074 2
8 2 0 93 7 0.004453 2
8 2 0 94 10 0.010043 2
8 2 0 95 9 0.011298 1
8 2 0 96 5 0.004378 1
8 2 0 97 9 0.009126 1
8 2 0 98 9 0.012867 2
8 2 0 99 7 0.009045 1
8 4 0 0 8 0.012280 2
8 4 0 1 7 0.013415 2
8 4 0 2 11 0.023415 2
8 4 0 3 11 0.016994 2
8 4 0 4 5 0.008646 1
8 4 0 5 3 0.003851 2
8 4 0 6 11 0.026291 2
8 4 0 7 5 0.011032 2
8 4 0 8 5 0.010488 2
8 4 0 9 8 0.015210 2
8 4 0 10 10 0.023355 2
8 4 0 11 8 0.014000 2
8 4 0 12 10 0.018599 2
8 4 0 13 11 0.033472 2
8 4 0 14 10 0.017521 2
8 4 0 15 9 0.016629 2
8 4 0 16 7 0.011332 1
8 4 0 17 10 0.017883 2
8 4 0 18 10 0.020358 2
8 4 0 19 6 0.004806 2
8 4 0 20 11 0.028546 2
8 4 0 21 8 0.008878 2
8 4 0 22 11 0.025262 1
8 4 0 23 10 0.017759 2
8 4 0 24 6 0.008453 2
8 4 0 25 9 0.021455 2
8 4 0 26 10 0.025223 2
8 4 0 27 11 0.021467 2
8 4 0 28 12 0.021788 2
8 4 0 29 11 0.024466 2
8 4 0 30 9 0.018760 2
8 4 0 31 10 0.020301 2
8 4 0 32 8 0.012796 2
8 4 0 33 9 0.016952 2
8 4 0 34 8 0.014053 2
8 4 0 35 6 0.011475 2
8 4 0 36 12 0.023018 2
8 4 0 37 7 0.010985 2
8 4 0 38 9 0.017806 2
8 4 0 39 13 0.039787 2
8 4 0 40 7 0.011365 2
8 4 0 41 7 0.008402 2
8 4 0 42 6 0.013032 2
8 4 0 43 11 0.036400 2
8 4 0 44 9 0.011736 2
8 4 0 45 8 0.009720 2
8 4 0 46 13 0.046709 2
8 4 0 47 8 0.012612 1
8 4 0 48 10 0.016004 1
8 4 0 49 8 0.012985 2
8 4 0 50 12 0.035649 2
8 4 0 51 12 0.028866 2
8 4 0 52 13 0.040596 2
8 4 0 53 11 0.028824 2
8 4 0 54 10 0.017525 2
8 4 0 55 9 0.017693 2
8 4 0 56 10 0.016891 2
8 4 0 57 11 0.026396 2
8 4 0 58 12 0.029904 2
8 4 0 59 10 0.021170 2
8 4 0 60 12 0.038076 2
8 4 0 61 10 0.018137 2
8 4 0 62 8 0.013828 1
8 4 0 63 11 0.016078 2
8 4 0 64 12 0.037987 2
8 4 0 65 9 0.018390 2
8 4 0 66 10 0.015298 2
8 4 0 67 13 0.043907 2
8 4 0 68 10 0.024716 2
8 4 0 69 8 0.012641 2
8 4 0 70 9 0.021441 2
8 4 0 71 9 0.021084 2
8 4 0 72 10 0.016112 2
8 4 0 73 9 0.026393 2
8 4 0 74 7 0.008577 2
8 4 0 75 10 0.018419 2
8 4 0 76 12 0.026429 2
8 4 0 77 11 0.025270 2
8 4 0 78 11 0.018441 1
8 4 0 79 6 0.002871 2
8 4 0 80 13 0.046331 2
8 4 0 81 10 0.015719 2
8 4 0 82 8 0.008522 1
8 4 0 83 6 0.014667 2
8 4 0 84 7 0.009543 2
8 4 0 85 9 0.018556 2
8 4 0 86 10 0.021054 2
8 4 0 87 8 0.012036 2
8 4 0 88 8 0.015394 2
8 4 0 89 10 0.025703 2
8 4 0 90 12 0.027390 2
8 4 0 91 8 0.018538 2
8 4 0 92 8 0.022563 2
8 4 0 93 6 0.003402 2
8 4 0 94 13 0.028108 2
8 4 0 95 11 0.024031 2
8 4 0 96 6 0.010803 2
8 4 0 97 10 0.016054 2
8 4 0 98 11 0.026142 2
8 4 0 99 9 0.020657 2
8 8 0 0 9 0.012633 2
8 8 0 1 7 0.013327 2
8 8 0 2 10 0.020880 2
8 8 0 3 10 0.014784 2
8 8 0 4 5 0.008613 2
8 8 0 5 4 0.006534 2
8 8 0 6 12 0.020674 2
8 8 0 7 6 0.013481 2
8 8 0 8 6 0.008843 2
8 8 0 9 8 0.014541 2
8 8 0 10 10 0.017776 2
8 8 0 11 7 0.010937 2
8 8 0 12 9 0.014245 2
8 8 0 13 12 0.025807 2
8 8 0 14 10 0.017857 2
8 8 0 15 9 0.019124 2
8 8 0 16 8 0.014917 2
8 8 0 17 10 0.017260 2
8 8 0 18 10 0.018187 2
8 8 0 19 7 0.009370 2
8 8 0 20 11 0.019932 2
8 8 0 21 7 0.009654 2
8 8 0 22 11 0.022110 2
8 8 0 23 10 0.019799 2
8 8 0 24 6 0.008594 2
8 8 0 25 9 0.020163 2
8 8 0 26 10 0.018787 2
8 8 0 27 11 0.019372 2
8 8 0 28 13 0.018964 2
8 8 0 29 12 0.015263 2
8 8 0 30 10 0.019457 2
8 8 0 31 10 0.021778 2
8 8 0 32 9 0.013369 2
8 8 0 33 10 0.017224 2
8 8 0 34 9 0.015058 2
8 8 0 35 7 0.011830 2
8 8 0 36 12 0.017354 2
8 8 0 37 7 0.011250 2
8 8 0 38 10 0.017331 2
8 8 0 39 13 0.027622 2
8 8 0 40 7 0.013083 2
8 8 0 41 7 0.009822 2
8 8 0 42 7 0.012947 2
8 8 0 43 11 0.023616 2
8 8 0 44 9 0.012589 2
8 8 0 45 8 0.010757 2
8 8 0 46 13 0.029740 2
8 8 0 47 8 0.013736 2
8 8 0 48 8 0.015677 2
8 8 0 49 8 0.012495 2
8 8 0 50 12 0.024241 2
8 8 0 51 12 0.019601 2
8 8 0 52 14 0.027160 2
8 8 0 53 11 0.022735 2
8 8 0 54 9 0.013274 2
8 8 0 55 9 0.014757 2
8 8 0 56 11 0.016288 2
8 8 0 57 11 0.023860 2
8 8 0 58 13 0.024101 2
8 8 0 59 10 0.015309 2
8 8 0 60 13 0.028330 2
8 8 0 61 11 0.020311 2
8 8 0 62 7 0.015548 2
8 8 0 63 10 0.012806 2
8 8 0 64 12 0.027366 2
8 8 0 65 9 0.016794 2
8 8 0 66 9 0.015337 2
8 8 0 67 13 0.029010 2
8 8 0 68 11 0.018021 2
8 8 0 69 9 0.016725 2
8 8 0 70 9 0.014617 2
8 8 0 71 9 0.020038 2
8 8 0 72 11 0.017199 2
8 8 0 73 10 0.021988 2
8 8 0 74 8 0.011787 2
8 8 0 75 11 0.019052 2
8 8 0 76 11 0.017626 2
8 8 0 77 11 0.020585 2
8 8 0 78 11 0.015959 2
8 8 0 79 5 0.006284 2
8 8 0 80 13 0.030409 2
8 8 0 81 10 0.014822 2
8 8 0 82 7 0.009092 2
8 8 0 83 7 0.013465 2
8 8 0 84 8 0.011894 2
8 8 0 85 9 0.020663 2
8 8 0 86 9 0.018197 2
8 8 0 87 8 0.013668 2
8 8 0 88 8 0.014006 2
8 8 0 89 10 0.019982 2
8 8 0 90 12 0.020257 2
8 8 0 91 9 0.014825 2
8 8 0 92 9 0.017858 2
8 8 0 93 7 0.004665 2
8 8 0 94 12 0.018446 2
8 8 0 95 12 0.022121 2
8 8 0 96 6 0.012198 2
8 8 0 97 11 0.015128 2
8 8 0 98 12 0.018464 2
8 8 0 99 10 0.015288 2
16 1 0 0 15 0.011828 1
16 1 0 1 13 0.005884 1
16 1 0 2 15 0.011413 1
16 1 0 3 16 0.009789 1
16 1 0 4 15 0.010112 1
16 1 0 5 14 0.008865 1
16 1 0 6 16 0.011027 1
16 1 0 7 16 0.009456 1
16 1 0 8 15 0.008911 1
16 1 0 9 14 0.008172 1
16 1 0 10 15 0.010824 1
16 1 0 11 12 0.007401 1
16 1 0 12 11 0.007955 1
16 1 0 13 15 0.010275 1
16 1 0 14 16 0.010079 1
16 1 0 15 14 0.008802 1
16 1 0 16 15 0.011125 1
16 1 0 17 16 0.010068 1
16 1 0 18 16 0.011053 1
16 1 0 19 14 0.010574 1
16 1 0 20 16 0.010146 1
16 1 0 21 16 0.012694 1
16 1 0 22 14 0.009153 1
16 1 0 23 15 0.011082 2
16 1 0 24 12 0.007279 1
16 1 0 25 13 0.008984 1
16 1 0 26 11 0.007138 1
16 1 0 27 12 0.010789 1
16 1 0 28 15 0.009178 1
16 1 0 29 16 0.009404 1
16 1 0 30 14 0.007991 1
16 1 0 31 15 0.011435 1
16 1 0 32 13 0.009236 1
16 1 0 33 14 0.007903 1
16 1 0 34 15 0.011238 1
16 1 0 35 15 0.009949 1
16 1 0 36 15 0.007635 1
16 1 0 37 12 0.008132 1
16 1 0 38 15 0.009753 1
16 1 0 39 14 0.008522 1
16 1 0 40 12 0.007438 1
16 1 0 41 15 0.010701 1
16 1 0 42 15 0.007547 1
16 1 0 43 16 0.009860 1
16 1 0 44 16 0.012684 1
16 1 0 45 14 0.008018 1
16 1 0 46 15 0.009642 1
16 1 0 47 14 0.008316 1
16 1 0 48 15 0.010524 1
16 1 0 49 13 0.008367 1
16 1 0 50 13 0.008067 1
16 1 0 51 16 0.011424 1
16 1 0 52 15 0.006798 1
16 1 0 53 12 0.008356 1
16 1 0 54 15 0.009646 1
16 1 0 55 16 0.010578 1
16 1 0 56 15 0.008001 1
16 1 0 57 15 0.009426 1
16 1 0 58 15 0.009217 1
16 1 0 59 16 0.009734 1
16 1 0 60 16 0.012588 1
16 1 0 61 16 0.010291 1
16 1 0 62 16 0.012354 1
16 1 0 63 14 0.010280 1
16 1 0 64 14 0.007391 1
16 1 0 65 14 0.010399 1
16 1 0 66 16 0.011215 1
16 1 0 67 16 0.011952 1
16 1 0 68 14 0.009607 1
16 1 0 69 13 0.006706 1
16 1 0 70 14 0.007088 1
16 1 0 71 16 0.013344 1
16 1 0 72 16 0.011288 1
16 1 0 73 15 0.009660 1
16 1 0 74 16 0.008240 1
16 1 0 75 12 0.006779 1
16 1 0 76 15 0.011157 1
16 1 0 77 15 0.010618 1
16 1 0 78 15 0.011503 1
16 1 0 79 16 0.011151 1
16 1 0 80 16 0.012504 1
16 1 0 81 16 0.009670 1
16 1 0 82 16 0.011366 1
16 1 0 83 16 0.009653 1
16 1 0 84 15 0.011672 1
16 1 0 85 16 0.011303 1
16 1 0 86 15 0.010477 1
16 1 0 87 15 0.009560 1
16 1 0 88 16 0.013677 1
16 1 0 89 16 0.012581 1
16 1 0 90 16 0.009450 1
16 1 0 91 15 0.009934 1
16 1 0 92 15 0.008584 1
16 1 0 93 16 0.012640 1
16 1 0 94 16 0.010564 1
16 1 0 95 16 0.008814 1
16 1 0 96 14 0.010484 1
16 1 0 97 14 0.010081 1
16 1 0 98 16 0.011377 1
16 1 0 99 15 0.013181 1
16 2 0 0 16 0.025656 2
16 2 0 1 12 0.007974 1
16 2 0 2 14 0.022041 2
16 2 0 3 15 0.021547 2
16 2 0 4 17 0.023793 1
16 2 0 5 17 0.018641 2
16 2 0 6 15 0.021507 2
16 2 0 7 16 0.023360 2
16 2 0 8 17 0.020143 1
16 2 0 9 14 0.017756 1
16 2 0 10 16 0.021062 2
16 2 0 11 16 0.014857 1
16 2 0 12 15 0.018799 2
16 2 0 13 16 0.025575 1
16 2 0 14 17 0.022733 2
16 2 0 15 17 0.020770 2
16 2 0 16 17 0.024651 1
16 2 0 17 15 0.021252 1
16 2 0 18 16 0.022980 2
16 2 0 19 17 0.022604 2
16 2 0 20 18 0.026819 2
16 2 0 21 17 0.029325 2
16 2 0 22 14 0.018627 1
16 2 0 23 14 0.023438 2
16 2 0 24 13 0.013763 2
16 2 0 25 12 0.015204 1
16 2 0 26 13 0.013638 1
16 2 0 27 14 0.020759 2
16 2 0 28 18 0.020942 2
16 2 0 29 17 0.022648 1
16 2 0 30 13 0.014242 2
16 2 0 31 15 0.024529 2
16 2 0 32 15 0.023455 2
16 2 0 33 11 0.013451 2
16 2 0 34 16 0.025119 2
16 2 0 35 14 0.020909 2
16 2 0 36 14 0.016539 2
16 2 0 37 16 0.022253 2
16 2 0 38 15 0.023440 2
16 2 0 39 13 0.017421 1
16 2 0 40 11 0.013761 2
16 2 0 41 16 0.024300 2
16 2 0 42 15 0.015714 1
16 2 0 43 18 0.030559 2
16 2 0 44 18 0.031354 2
16 2 0 45 16 0.017163 1
16 2 0 46 15 0.018782 2
16 2 0 47 14 0.015728 1
16 2 0 48 15 0.021226 1
16 2 0 49 14 0.017361 1
16 2 0 50 16 0.015438 1
16 2 0 51 16 0.023696 2
16 2 0 52 15 0.014282 2
16 2 0 53 12 0.013965 2
16 2 0 54 17 0.021843 1
16 2 0 55 17 0.024696 2
16 2 0 56 15 0.017131 2
16 2 0 57 13 0.016731 1
16 2 0 58 16 0.021053 2
16 2 0 59 18 0.023980 1
16 2 0 60 17 0.029297 2
16 2 0 61 15 0.022172 2
16 2 0 62 15 0.026646 2
16 2 0 63 13 0.023263 2
16 2 0 64 15 0.015159 2
16 2 0 65 17 0.023486 1
16 2 0 66 16 0.022747 2
16 2 0 67 17 0.027866 2
16 2 0 68 15 0.021310 1
16 2 0 69 14 0.011228 2
16 2 0 70 14 0.012442 1
16 2 0 71 17 0.029752 2
16 2 0 72 17 0.029650 2
16 2 0 73 17 0.019494 1
16 2 0 74 14 0.017014 1
16 2 0 75 13 0.011994 1
16 2 0 76 17 0.027689 2
16 2 0 77 18 0.026656 2
16 2 0 78 16 0.024465 1
16 2 0 79 15 0.022029 2
16 2 0 80 16 0.026931 2
16 2 0 81 16 0.021459 2
16 2 0 82 18 0.030074 2
16 2 0 83 15 0.018210 1
16 2 0 84 17 0.023760 2
16 2 0 85 17 0.026688 2
16 2 0 86 18 0.023876 2
16 2 0 87 16 0.015964 2
16 2 0 88 18 0.034033 1
16 2 0 89 18 0.033103 2
16 2 0 90 15 0.020557 1
16 2 0 91 16 0.023178 2
16 2 0 92 15 0.015121 2
16 2 0 93 17 0.029526 2
16 2 0 94 17 0.022072 1
16 2 0 95 16 0.017327 2
16 2 0 96 15 0.022631 2
16 2 0 97 16 0.025259 2
16 2 0 98 16 0.027155 2
16 2 0 99 17 0.033168 2
16 4 0 0 19 0.065190 2
16 4 0 1 13 0.019035 1
16 4 0 2 16 0.055106 2
16 4 0 3 16 0.044915 2
16 4 0 4 19 0.055466 2
16 4 0 5 17 0.042366 2
16 4 0 6 18 0.057220 2
16 4 0 7 21 0.063583 2
16 4 0 8 20 0.053317 1
16 4 0 9 17 0.040336 2
16 4 0 10 18 0.046743 2
16 4 0 11 14 0.024540 2
16 4 0 12 16 0.039415 2
16 4 0 13 18 0.059660 2
16 4 0 14 19 0.047233 2
16 4 0 15 18 0.046454 2
16 4 0 16 18 0.044604 2
16 4 0 17 17 0.047832 2
16 4 0 18 17 0.047070 2
16 4 0 19 17 0.050707 2
16 4 0 20 20 0.068943 2
16 4 0 21 18 0.071956 2
16 4 0 22 16 0.042160 2
16 4 0 23 17 0.051888 2
16 4 0 24 14 0.035881 2
16 4 0 25 15 0.039425 1
16 4 0 26 10 0.024336 2
16 4 0 27 16 0.048395 2
16 4 0 28 20 0.050620 2
16 4 0 29 19 0.050793 2
16 4 0 30 16 0.040264 2
16 4 0 31 17 0.051442 2
16 4 0 32 17 0.053077 2
16 4 0 33 12 0.028013 2
16 4 0 34 19 0.071088 2
16 4 0 35 16 0.043829 2
16 4 0 36 17 0.038476 2
16 4 0 37 17 0.053436 2
16 4 0 38 19 0.064749 2
16 4 0 39 16 0.040875 2
16 4 0 40 12 0.019803 2
16 4 0 41 15 0.050231 2
16 4 0 42 17 0.034875 2
16 4 0 43 22 0.085389 2
16 4 0 44 19 0.074619 2
16 4 0 45 16 0.038709 2
16 4 0 46 16 0.046560 2
16 4 0 47 16 0.031148 2
16 4 0 48 18 0.051389 2
16 4 0 49 14 0.033890 2
16 4 0 50 15 0.031808 2
16 4 0 51 20 0.063914 2
16 4 0 52 18 0.032054 2
16 4 0 53 14 0.028364 2
16 4 0 54 17 0.050459 2
16 4 0 55 19 0.057178 2
16 4 0 56 18 0.040335 2
16 4 0 57 15 0.040798 2
16 4 0 58 20 0.064785 2
16 4 0 59 19 0.060462 2
16 4 0 60 20 0.078641 2
16 4 0 61 19 0.058694 2
16 4 0 62 20 0.075668 2
16 4 0 63 17 0.049261 2
16 4 0 64 17 0.041443 2
16 4 0 65 18 0.054592 2
16 4 0 66 18 0.052366 2
16 4 0 67 21 0.072768 2
16 4 0 68 16 0.043409 2
16 4 0 69 14 0.017647 2
16 4 0 70 17 0.027440 2
16 4 0 71 20 0.076454 2
16 4 0 72 21 0.090800 2
16 4 0 73 16 0.037339 2
16 4 0 74 17 0.043289 2
16 4 0 75 13 0.026388 1
16 4 0 76 18 0.049935 2
16 4 0 77 18 0.061258 2
16 4 0 78 17 0.053206 2
16 4 0 79 16 0.048898 2
16 4 0 80 20 0.067237 2
16 4 0 81 20 0.061413 2
16 4 0 82 21 0.080834 2
16 4 0 83 19 0.043994 2
16 4 0 84 17 0.052188 2
16 4 0 85 21 0.073909 2
16 4 0 86 20 0.051550 2
16 4 0 87 18 0.043334 2
16 4 0 88 19 0.077334 2
16 4 0 89 21 0.088454 2
16 4 0 90 19 0.052388 2
16 4 0 91 19 0.054811 2
16 4 0 92 17 0.038651 2
16 4 0 93 20 0.079047 2
16 4 0 94 20 0.053362 1
16 4 0 95 18 0.042559 2
16 4 0 96 17 0.051386 2
16 4 0 97 19 0.071014 2
16 4 0 98 19 0.066253 2
16 4 0 99 21 0.089501 2
16 8 0 0 23 0.157390 2
16 8 0 1 15 0.035614 2
16 8 0 2 19 0.113722 2
16 8 0 3 21 0.108988 2
16 8 0 4 23 0.140000 2
16 8 0 5 21 0.095014 2
16 8 0 6 20 0.134392 2
16 8 0 7 24 0.152191 2
16 8 0 8 24 0.124739 2
16 8 0 9 18 0.068874 2
16 8 0 10 21 0.074547 2
16 8 0 11 18 0.070514 2
16 8 0 12 16 0.066607 2
16 8 0 13 24 0.157084 2
16 8 0 14 23 0.116426 2
16 8 0 15 22 0.120875 2
16 8 0 16 23 0.110624 2
16 8 0 17 20 0.117070 2
16 8 0 18 22 0.103828 2
16 8 0 19 20 0.091172 2
16 8 0 20 26 0.189847 2
16 8 0 21 24 0.191589 2
16 8 0 22 18 0.089337 2
16 8 0 23 20 0.098287 2
16 8 0 24 14 0.034670 2
16 8 0 25 17 0.082913 2
16 8 0 26 13 0.033606 2
16 8 0 27 17 0.084875 2
16 8 0 28 24 0.116096 2
16 8 0 29 25 0.134861 2
16 8 0 30 18 0.055122 2
16 8 0 31 21 0.134508 2
16 8 0 32 22 0.129897 2
16 8 0 33 14 0.043817 2
16 8 0 34 20 0.158450 2
16 8 0 35 20 0.077169 2
16 8 0 36 18 0.083728 2
16 8 0 37 18 0.076921 2
16 8 0 38 21 0.141064 2
16 8 0 39 18 0.074137 2
16 8 0 40 13 0.035961 2
16 8 0 41 21 0.129296 2
16 8 0 42 20 0.075739 2
16 8 0 43 28 0.237165 2
16 8 0 44 26 0.219333 2
16 8 0 45 19 0.084008 2
16 8 0 46 18 0.099434 2
16 8 0 47 16 0.051924 2
16 8 0 48 19 0.093769 2
16 8 0 49 17 0.071416 2
16 8 0 50 18 0.062549 2
16 8 0 51 24 0.155333 2
16 8 0 52 22 0.069754 2
16 8 0 53 15 0.044675 2
16 8 0 54 19 0.086269 2
16 8 0 55 24 0.144722 2
16 8 0 56 20 0.089565 2
16 8 0 57 18 0.071236 2
16 8 0 58 25 0.169112 2
16 8 0 59 24 0.112614 2
16 8 0 60 25 0.212091 2
16 8 0 61 23 0.143447 2
16 8 0 62 22 0.174782 2
16 8 0 63 19 0.094542 2
16 8 0 64 20 0.093097 2
16 8 0 65 20 0.114849 2
16 8 0 66 21 0.093706 2
16 8 0 67 25 0.186335 2
16 8 0 68 19 0.087827 2
16 8 0 69 17 0.041914 2
16 8 0 70 18 0.045221 2
16 8 0 71 26 0.208257 2
16 8 0 72 27 0.247000 2
16 8 0 73 19 0.074396 2
16 8 0 74 20 0.097832 2
16 8 0 75 16 0.041124 2
16 8 0 76 24 0.137536 2
16 8 0 77 23 0.170651 2
16 8 0 78 22 0.099629 2
16 8 0 79 21 0.107927 2
16 8 0 80 23 0.163803 2
16 8 0 81 25 0.157301 2
16 8 0 82 26 0.213103 2
16 8 0 83 22 0.103924 2
16 8 0 84 21 0.104621 2
16 8 0 85 26 0.192560 2
16 8 0 86 23 0.118330 2
16 8 0 87 19 0.086597 2
16 8 0 88 26 0.213192 2
16 8 0 89 27 0.253171 2
16 8 0 90 22 0.113091 2
16 8 0 91 23 0.132964 2
16 8 0 92 20 0.089214 2
16 8 0 93 26 0.220785 2
16 8 0 94 24 0.142403 2
16 8 0 95 23 0.101943 2
16 8 0 96 19 0.131099 2
16 8 0 97 21 0.160166 2
16 8 0 98 23 0.154902 2
16 8 0 99 27 0.244263 2
32 1 0 0 31 0.018083 1
32 1 0 1 30 0.018859 1
32 1 0 2 31 0.022200 1
32 1 0 3 31 0.020128 1
32 1 0 4 31 0.017805 1
32 1 0 5 31 0.019846 1
32 1 0 6 31 0.021357 1
32 1 0 7 25 0.013006 1
32 1 0 8 29 0.020971 1
32 1 0 9 31 0.020729 1
32 1 0 10 27 0.018775 1
32 1 0 11 30 0.024732 2
32 1 0 12 27 0.019702 1
32 1 0 13 29 0.022115 1
32 1 0 14 28 0.020411 1
32 1 0 15 30 0.022298 1
32 1 0 16 31 0.023245 1
32 1 0 17 28 0.019353 1
32 1 0 18 30 0.018442 1
32 1 0 19 32 0.030008 1
32 1 0 20 26 0.018318 1
32 1 0 21 31 0.018825 1
32 1 0 22 32 0.025814 1
32 1 0 23 29 0.019753 1
32 1 0 24 29 0.018318 1
32 1 0 25 31 0.017609 1
32 1 0 26 31 0.019729 1
32 1 0 27 27 0.016549 1
32 1 0 28 32 0.022965 1
32 1 0 29 31 0.028109 1
32 1 0 30 30 0.023231 1
32 1 0 31 32 0.019925 1
32 1 0 32 28 0.018471 1
32 1 0 33 29 0.015039 1
32 1 0 34 31 0.020960 1
32 1 0 35 29 0.019330 1
32 1 0 36 32 0.021368 1
32 1 0 37 29 0.021882 1
32 1 0 38 31 0.017524 1
32 1 0 39 23 0.016611 1
32 1 0 40 31 0.019242 1
32 1 0 41 31 0.020384 1
32 1 0 42 31 0.020316 1
32 1 0 43 32 0.018639 1
32 1 0 44 28 0.019349 1
32 1 0 45 31 0.025679 1
32 1 0 46 29 0.020959 1
32 1 0 47 29 0.022994 1
32 1 0 48 26 0.015007 1
32 1 0 49 31 0.020771 1
32 1 0 50 30 0.020915 1
32 1 0 51 29 0.018278 1
32 1 0 52 31 0.021948 1
32 1 0 53 27 0.018860 1
32 1 0 54 29 0.016956 1
32 1 0 55 28 0.015715 1
32 1 0 56 30 0.019900 1
32 1 0 57 30 0.021073 1
32 1 0 58 32 0.020462 1
32 1 0 59 28 0.019331 1
32 1 0 60 31 0.023183 1
32 1 0 61 29 0.020774 1
32 1 0 62 32 0.017887 1
32 1 0 63 29 0.017826 1
32 1 0 64 32 0.019299 1
32 1 0 65 30 0.022157 1
32 1 0 66 28 0.015890 1
32 1 0 67 31 0.017873 1
32 1 0 68 27 0.015469 1
32 1 0 69 29 0.017573 1
32 1 0 70 27 0.014826 1
32 1 0 71 31 0.020517 1
32 1 0 72 31 0.020774 1
32 1 0 73 30 0.021291 1
32 1 0 74 30 0.020384 1
32 1 0 75 31 0.017029 1
32 1 0 76 31 0.018356 1
32 1 0 77 32 0.019589 1
32 1 0 78 30 0.019345 1
32 1 0 79 31 0.018659 1
32 1 0 80 29 0.019035 1
32 1 0 81 32 0.022205 1
32 1 0 82 31 0.025078 1
32 1 0 83 29 0.016464 1
32 1 0 84 31 0.023492 1
32 1 0 85 29 0.020654 1
32 1 0 86 32 0.020298 1
32 1 0 87 28 0.016144 1
32 1 0 88 30 0.018215 1
32 1 0 89 31 0.019919 1
32 1 0 90 31 0.018508 1
32 1 0 91 32 0.019317 1
32 1 0 92 27 0.015844 1
32 1 0 93 28 0.017676 1
32 1 0 94 31 0.019701 1
32 1 0 95 26 0.015513 1
32 1 0 96 30 0.022647 1
32 1 0 97 29 0.018645 1
32 1 0 98 31 0.026461 1
32 1 0 99 31 0.020343 1
32 2 0 0 32 0.043617 1
32 2 0 1 30 0.040184 2
32 2 0 2 30 0.047794 2
32 2 0 3 31 0.043610 2
32 2 0 4 30 0.043097 2
32 2 0 5 33 0.042766 1
32 2 0 6 32 0.053094 2
32 2 0 7 26 0.021492 2
32 2 0 8 30 0.047425 2
32 2 0 9 33 0.042765 2
32 2 0 10 28 0.040395 2
32 2 0 11 30 0.057281 1
32 2 0 12 32 0.042607 2
32 2 0 13 31 0.051111 2
32 2 0 14 28 0.042979 2
32 2 0 15 32 0.053950 1
32 2 0 16 32 0.057356 1
32 2 0 17 30 0.048415 2
32 2 0 18 31 0.045177 2
32 2 0 19 33 0.069963 2
32 2 0 20 29 0.045665 2
32 2 0 21 33 0.041514 1
32 2 0 22 32 0.059420 2
32 2 0 23 32 0.046820 2
32 2 0 24 33 0.037771 1
32 2 0 25 29 0.037673 1
32 2 0 26 33 0.045644 2
32 2 0 27 27 0.035073 1
32 2 0 28 33 0.051162 2
32 2 0 29 33 0.064618 2
32 2 0 30 30 0.047774 1
32 2 0 31 33 0.046075 2
32 2 0 32 26 0.033461 2
32 2 0 33 28 0.028467 2
32 2 0 34 28 0.044664 2
32 2 0 35 31 0.045192 2
32 2 0 36 33 0.050835 1
32 2 0 37 27 0.039812 1
32 2 0 38 30 0.040732 1
32 2 0 39 24 0.029725 2
32 2 0 40 30 0.037017 2
32 2 0 41 28 0.041334 2
32 2 0 42 31 0.047440 2
32 2 0 43 30 0.035796 2
32 2 0 44 29 0.041197 2
32 2 0 45 33 0.063676 2
32 2 0 46 30 0.046278 2
32 2 0 47 32 0.048763 2
32 2 0 48 27 0.026872 2
32 2 0 49 29 0.048830 2
32 2 0 50 33 0.047412 2
32 2 0 51 28 0.037542 2
32 2 0 52 29 0.040691 1
32 2 0 53 29 0.044822 2
32 2 0 54 25 0.029480 1
32 2 0 55 30 0.031799 1
32 2 0 56 28 0.043659 1
32 2 0 57 31 0.051053 2
32 2 0 58 33 0.052432 1
32 2 0 59 28 0.041179 2
32 2 0 60 31 0.056991 1
32 2 0 61 28 0.046599 1
32 2 0 62 32 0.043678 2
32 2 0 63 29 0.035749 1
32 2 0 64 29 0.038147 1
32 2 0 65 32 0.051014 2
32 2 0 66 31 0.038094 1
32 2 0 67 33 0.045103 2
32 2 0 68 26 0.032056 2
32 2 0 69 29 0.035590 1
32 2 0 70 25 0.026493 1
32 2 0 71 30 0.044114 2
32 2 0 72 33 0.044928 1
32 2 0 73 33 0.053919 2
32 2 0 74 29 0.047809 2
32 2 0 75 28 0.032724 2
32 2 0 76 32 0.045754 2
32 2 0 77 32 0.044492 2
32 2 0 78 29 0.039389 2
32 2 0 79 32 0.043368 1
32 2 0 80 28 0.038965 1
32 2 0 81 32 0.057368 2
32 2 0 82 32 0.054443 1
32 2 0 83 31 0.036825 2
32 2 0 84 31 0.057902 1
32 2 0 85 27 0.037818 1
32 2 0 86 31 0.039058 2
32 2 0 87 29 0.030687 1
32 2 0 88 30 0.036785 2
32 2 0 89 30 0.041920 2
32 2 0 90 31 0.044559 1
32 2 0 91 32 0.045407 1
32 2 0 92 29 0.033252 2
32 2 0 93 29 0.040018 2
32 2 0 94 26 0.041101 2
32 2 0 95 26 0.030314 1
32 2 0 96 32 0.049421 2
32 2 0 97 28 0.040738 1
32 2 0 98 32 0.064102 2
32 2 0 99 33 0.045548 1
32 4 0 0 35 0.112898 2
32 4 0 1 32 0.098676 2
32 4 0 2 32 0.117515 2
32 4 0 3 32 0.100664 2
32 4 0 4 33 0.111927 2
32 4 0 5 32 0.090216 2
32 4 0 6 35 0.135971 2
32 4 0 7 21 0.042193 2
32 4 0 8 26 0.095845 2
32 4 0 9 33 0.102533 2
32 4 0 10 30 0.099378 2
32 4 0 11 32 0.145220 2
32 4 0 12 31 0.098256 2
32 4 0 13 36 0.131850 2
32 4 0 14 31 0.104403 2
32 4 0 15 34 0.133212 2
32 4 0 16 35 0.146736 2
32 4 0 17 30 0.115228 2
32 4 0 18 33 0.104826 2
32 4 0 19 36 0.177673 2
32 4 0 20 30 0.108170 2
32 4 0 21 36 0.112663 1
32 4 0 22 34 0.158613 2
32 4 0 23 33 0.112570 2
32 4 0 24 30 0.093323 2
32 4 0 25 31 0.088890 1
32 4 0 26 36 0.118453 2
32 4 0 27 30 0.077466 2
32 4 0 28 35 0.135456 2
32 4 0 29 35 0.171143 2
32 4 0 30 32 0.111531 2
32 4 0 31 34 0.108006 2
32 4 0 32 29 0.084900 2
32 4 0 33 32 0.074826 2
32 4 0 34 32 0.129355 2
32 4 0 35 33 0.107181 2
32 4 0 36 35 0.120215 2
32 4 0 37 29 0.087858 2
32 4 0 38 34 0.110669 2
32 4 0 39 29 0.069492 2
32 4 0 40 33 0.093582 2
32 4 0 41 32 0.104320 2
32 4 0 42 35 0.112523 2
32 4 0 43 33 0.095371 2
32 4 0 44 31 0.095663 2
32 4 0 45 33 0.161417 2
32 4 0 46 34 0.121299 2
32 4 0 47 30 0.106823 2
32 4 0 48 29 0.047370 2
32 4 0 49 34 0.133231 2
32 4 0 50 33 0.120059 2
32 4 0 51 29 0.088111 2
32 4 0 52 32 0.097320 2
32 4 0 53 33 0.101185 2
32 4 0 54 28 0.075326 2
32 4 0 55 31 0.068431 2
32 4 0 56 33 0.117160 2
32 4 0 57 33 0.137627 2
32 4 0 58 37 0.143895 2
32 4 0 59 30 0.088140 2
32 4 0 60 35 0.158515 2
32 4 0 61 34 0.111720 2
32 4 0 62 35 0.111128 2
32 4 0 63 29 0.077381 2
32 4 0 64 33 0.096889 2
32 4 0 65 34 0.127491 2
32 4 0 66 31 0.099880 2
32 4 0 67 32 0.109687 2
32 4 0 68 25 0.069092 2
32 4 0 69 33 0.084813 2
32 4 0 70 27 0.073194 2
32 4 0 71 33 0.101437 2
32 4 0 72 32 0.101601 2
32 4 0 73 34 0.134504 2
32 4 0 74 32 0.113794 2
32 4 0 75 33 0.089177 2
32 4 0 76 32 0.120246 2
32 4 0 77 35 0.124662 2
32 4 0 78 32 0.089952 2
32 4 0 79 34 0.102044 2
32 4 0 80 29 0.087654 2
32 4 0 81 36 0.138763 2
32 4 0 82 35 0.126929 2
32 4 0 83 30 0.079793 2
32 4 0 84 34 0.151727 2
32 4 0 85 32 0.102500 2
32 4 0 86 29 0.092602 2
32 4 0 87 31 0.076438 1
32 4 0 88 34 0.086589 2
32 4 0 89 33 0.097094 2
32 4 0 90 34 0.114175 2
32 4 0 91 36 0.132753 2
32 4 0 92 33 0.083393 2
32 4 0 93 30 0.076841 2
32 4 0 94 30 0.109000 2
32 4 0 95 24 0.055936 1
32 4 0 96 33 0.119646 2
32 4 0 97 32 0.106352 1
32 4 0 98 35 0.174881 2
32 4 0 99 35 0.114906 1
32 8 0 0 37 0.293429 2
32 8 0 1 34 0.245358 2
32 8 0 2 39 0.358438 2
32 8 0 3 39 0.273861 2
32 8 0 4 35 0.288795 2
32 8 0 5 36 0.245978 2
32 8 0 6 38 0.374438 2
32 8 0 7 27 0.110421 2
32 8 0 8 33 0.259621 2
32 8 0 9 37 0.268275 2
32 8 0 10 34 0.289096 2
32 8 0 11 38 0.450117 2
32 8 0 12 33 0.234236 2
32 8 0 13 40 0.401871 2
32 8 0 14 32 0.272000 2
32 8 0 15 39 0.360488 2
32 8 0 16 40 0.420876 2
32 8 0 17 36 0.332289 2
32 8 0 18 39 0.284750 2
32 8 0 19 42 0.575728 2
32 8 0 20 38 0.293210 2
32 8 0 21 39 0.308286 2
32 8 0 22 38 0.460899 2
32 8 0 23 38 0.319744 2
32 8 0 24 36 0.197195 2
32 8 0 25 34 0.226645 2
32 8 0 26 39 0.324667 2
32 8 0 27 31 0.178466 2
32 8 0 28 40 0.391944 2
32 8 0 29 42 0.556468 2
32 8 0 30 36 0.278504 2
32 8 0 31 41 0.305162 2
32 8 0 32 30 0.191881 2
32 8 0 33 34 0.183084 2
32 8 0 34 38 0.381326 2
32 8 0 35 35 0.267690 2
32 8 0 36 42 0.356127 2
32 8 0 37 37 0.240874 2
32 8 0 38 41 0.327571 2
32 8 0 39 27 0.142979 2
32 8 0 40 37 0.217530 2
32 8 0 41 36 0.261746 2
32 8 0 42 37 0.320218 2
32 8 0 43 37 0.289011 2
32 8 0 44 32 0.257621 2
32 8 0 45 39 0.455053 2
32 8 0 46 36 0.338849 2
32 8 0 47 35 0.286338 2
32 8 0 48 28 0.121316 2
32 8 0 49 37 0.369940 2
32 8 0 50 40 0.369595 2
32 8 0 51 31 0.213096 2
32 8 0 52 33 0.216867 2
32 8 0 53 35 0.239896 2
32 8 0 54 33 0.206704 2
32 8 0 55 32 0.142021 2
32 8 0 56 37 0.340308 2
32 8 0 57 39 0.436694 2
32 8 0 58 41 0.364680 2
32 8 0 59 32 0.218720 2
32 8 0 60 40 0.466112 2
32 8 0 61 37 0.305391 2
32 8 0 62 39 0.316256 2
32 8 0 63 32 0.185642 2
32 8 0 64 36 0.239518 2
32 8 0 65 39 0.352859 2
32 8 0 66 34 0.272277 2
32 8 0 67 35 0.287740 2
32 8 0 68 29 0.162952 2
32 8 0 69 32 0.208057 2
32 8 0 70 28 0.183056 2
32 8 0 71 37 0.272212 2
32 8 0 72 35 0.238462 2
32 8 0 73 40 0.398504 2
32 8 0 74 34 0.291836 2
32 8 0 75 33 0.240720 2
32 8 0 76 37 0.346957 2
32 8 0 77 40 0.289965 2
32 8 0 78 37 0.217868 2
32 8 0 79 39 0.291834 2
32 8 0 80 33 0.226051 2
32 8 0 81 38 0.357317 2
32 8 0 82 38 0.298955 2
32 8 0 83 34 0.183851 2
32 8 0 84 39 0.453111 2
32 8 0 85 34 0.263276 2
32 8 0 86 34 0.205512 2
32 8 0 87 35 0.198259 2
32 8 0 88 33 0.211066 2
32 8 0 89 35 0.229882 2
32 8 0 90 38 0.283877 2
32 8 0 91 41 0.379999 2
32 8 0 92 30 0.181539 2
32 8 0 93 34 0.177128 2
32 8 0 94 36 0.296366 2
32 8 0 95 29 0.127597 2
32 8 0 96 38 0.314783 2
32 8 0 97 35 0.293018 2
32 8 0 98 40 0.499004 2
32 8 0 99 38 0.312369 2
