4 1 0 0 3 0.000065 0
4 1 0 1 4 0.000101 0
4 1 0 2 4 0.000125 0
4 1 0 3 4 0.000107 0
4 1 0 4 4 0.000108 0
4 1 0 5 4 0.000044 0
4 1 0 6 2 0.000017 0
4 1 0 7 2 0.000020 0
4 1 0 8 4 0.000042 0
4 1 0 9 2 0.000016 0
4 1 0 10 4 0.000044 0
4 1 0 11 3 0.000025 0
4 1 0 12 4 0.000045 0
4 1 0 13 2 0.000024 0
4 1 0 14 4 0.000034 0
4 1 0 15 4 0.000039 0
4 1 0 16 2 0.000023 0
4 1 0 17 3 0.000021 0
4 1 0 18 2 0.000016 0
4 1 0 19 2 0.000016 0
4 1 0 20 2 0.000017 0
4 1 0 21 2 0.000016 0
4 1 0 22 4 0.000040 0
4 1 0 23 4 0.000042 0
4 1 0 24 4 0.000033 0
4 1 0 25 4 0.000035 0
4 1 0 26 4 0.000036 0
4 1 0 27 4 0.000047 0
4 1 0 28 4 0.000036 0
4 1 0 29 4 0.000037 0
4 1 0 30 4 0.000036 0
4 1 0 31 4 0.000038 0
4 1 0 32 2 0.000028 0
4 1 0 33 4 0.000049 0
4 1 0 34 4 0.000036 0
4 1 0 35 2 0.000018 0
4 1 0 36 4 0.000055 0
4 1 0 37 4 0.000044 0
4 1 0 38 2 0.000017 0
4 1 0 39 3 0.000025 0
4 1 0 40 4 0.000044 0
4 1 0 41 2 0.000023 0
4 1 0 42 2 0.000020 0
4 1 0 43 4 0.000031 0
4 1 0 44 2 0.000016 0
4 1 0 45 4 0.000035 0
4 1 0 46 4 0.000034 0
4 1 0 47 4 0.000040 0
4 1 0 48 4 0.000041 0
4 1 0 49 4 0.000044 0
4 1 0 50 4 0.000031 0
4 1 0 51 4 0.000044 0
4 1 0 52 3 0.000028 0
4 1 0 53 4 0.000037 0
4 1 0 54 3 0.000021 0
4 1 0 55 3 0.000022 0
4 1 0 56 4 0.000037 0
4 1 0 57 4 0.000046 0
4 1 0 58 4 0.000039 0
4 1 0 59 4 0.000035 0
4 1 0 60 4 0.000035 0
4 1 0 61 4 0.000044 0
4 1 0 62 2 0.000017 0
4 1 0 63 4 0.000032 0
4 1 0 64 4 0.000032 0
4 1 0 65 4 0.000032 0
4 1 0 66 4 0.000052 0
4 1 0 67 3 0.000025 0
4 1 0 68 4 0.000031 0
4 1 0 69 4 0.000039 0
4 1 0 70 4 0.000045 0
4 1 0 71 4 0.000041 0
4 1 0 72 3 0.000023 0
4 1 0 73 4 0.000034 0
4 1 0 74 4 0.000033 0
4 1 0 75 4 0.000044 0
4 1 0 76 4 0.000043 0
4 1 0 77 4 0.000037 0
4 1 0 78 4 0.000031 0
4 1 0 79 4 0.000048 0
4 1 0 80 4 0.000036 0
4 1 0 81 4 0.000036 0
4 1 0 82 3 0.000022 0
4 1 0 83 4 0.000036 0
4 1 0 84 2 0.000023 0
4 1 0 85 4 0.000037 0
4 1 0 86 4 0.000039 0
4 1 0 87 4 0.000035 0
4 1 0 88 4 0.000038 0
4 1 0 89 4 0.000040 0
4 1 0 90 4 0.000037 0
4 1 0 91 4 0.000035 0
4 1 0 92 4 0.000034 0
4 1 0 93 4 0.000049 0
4 1 0 94 2 0.000017 0
4 1 0 95 4 0.000036 0
4 1 0 96 4 0.000037 0
4 1 0 97 2 0.000022 0
4 1 0 98 4 0.000041 0
4 1 0 99 4 0.000035 0
4 2 0 0 1 0.000010 0
4 2 0 1 4 0.000037 0
4 2 0 2 2 0.000022 0
4 2 0 3 3 0.000034 0
4 2 0 4 3 0.000035 0
4 2 0 5 4 0.000043 0
4 2 0 6 3 0.000024 0
4 2 0 7 4 0.000036 0
4 2 0 8 4 0.000054 0
4 2 0 9 4 0.000037 0
4 2 0 10 4 0.000044 0
4 2 0 11 1 0.000009 0
4 2 0 12 4 0.000056 0
4 2 0 13 4 0.000048 0
4 2 0 14 3 0.000029 0
4 2 0 15 4 0.000038 0
4 2 0 16 4 0.000043 0
4 2 0 17 1 0.000014 0
4 2 0 18 4 0.000037 0
4 2 0 19 4 0.000037 0
4 2 0 20 4 0.000032 0
4 2 0 21 3 0.000023 0
4 2 0 22 4 0.000056 0
4 2 0 23 4 0.000039 0
4 2 0 24 4 0.000037 0
4 2 0 25 4 0.000050 0
4 2 0 26 4 0.000049 0
4 2 0 27 2 0.000021 0
4 2 0 28 4 0.000042 0
4 2 0 29 4 0.000049 0
4 2 0 30 4 0.000050 0
4 2 0 31 4 0.000041 0
4 2 0 32 4 0.000038 0
4 2 0 33 4 0.000043 0
4 2 0 34 4 0.000050 0
4 2 0 35 2 0.000019 0
4 2 0 36 4 0.000048 0
4 2 0 37 4 0.000039 0
4 2 0 38 4 0.000044 0
4 2 0 39 1 0.000010 0
4 2 0 40 4 0.000047 0
4 2 0 41 3 0.000022 0
4 2 0 42 4 0.000035 0
4 2 0 43 3 0.000036 0
4 2 0 44 4 0.000038 0
4 2 0 45 4 0.000041 0
4 2 0 46 3 0.000027 0
4 2 0 47 2 0.000019 0
4 2 0 48 2 0.000028 0
4 2 0 49 4 0.000063 0
4 2 0 50 3 0.000033 0
4 2 0 51 2 0.000025 0
4 2 0 52 1 0.000012 0
4 2 0 53 4 0.000054 0
4 2 0 54 1 0.000014 0
4 2 0 55 1 0.000013 0
4 2 0 56 4 0.000052 0
4 2 0 57 2 0.000024 0
4 2 0 58 4 0.000061 0
4 2 0 59 4 0.000057 0
4 2 0 60 3 0.000035 0
4 2 0 61 4 0.000048 0
4 2 0 62 3 0.000033 0
4 2 0 63 2 0.000025 0
4 2 0 64 2 0.000023 0
4 2 0 65 3 0.000030 0
4 2 0 66 4 0.000057 0
4 2 0 67 1 0.000011 0
4 2 0 68 3 0.000026 0
4 2 0 69 4 0.000048 0
4 2 0 70 4 0.000047 0
4 2 0 71 4 0.000048 0
4 2 0 72 1 0.000011 0
4 2 0 73 3 0.000028 0
4 2 0 74 2 0.000018 0
4 2 0 75 3 0.000026 0
4 2 0 76 3 0.000038 0
4 2 0 77 4 0.000051 0
4 2 0 78 2 0.000018 0
4 2 0 79 4 0.000038 0
4 2 0 80 4 0.000044 0
4 2 0 81 4 0.000056 0
4 2 0 82 1 0.000010 0
4 2 0 83 4 0.000036 0
4 2 0 84 3 0.000023 0
4 2 0 85 4 0.000035 0
4 2 0 86 4 0.000059 0
4 2 0 87 4 0.000039 0
4 2 0 88 3 0.000028 0
4 2 0 89 3 0.000029 0
4 2 0 90 4 0.000052 0
4 2 0 91 4 0.000042 0
4 2 0 92 2 0.000018 0
4 2 0 93 4 0.000051 0
4 2 0 94 3 0.000034 0
4 2 0 95 4 0.000044 0
4 2 0 96 4 0.000042 0
4 2 0 97 4 0.000035 0
4 2 0 98 2 0.000026 0
4 2 0 99 4 0.000039 0
4 4 0 0 2 0.000017 0
4 4 0 1 4 0.000037 0
4 4 0 2 3 0.000032 0
4 4 0 3 3 0.000039 0
4 4 0 4 3 0.000031 0
4 4 0 5 4 0.000044 0
4 4 0 6 2 0.000018 0
4 4 0 7 3 0.000028 0
4 4 0 8 4 0.000054 0
4 4 0 9 3 0.000031 0
4 4 0 10 4 0.000045 0
4 4 0 11 2 0.000016 0
4 4 0 12 4 0.000060 0
4 4 0 13 3 0.000037 0
4 4 0 14 3 0.000031 0
4 4 0 15 4 0.000037 0
4 4 0 16 3 0.000037 0
4 4 0 17 2 0.000024 0
4 4 0 18 3 0.000028 0
4 4 0 19 3 0.000032 0
4 4 0 20 3 0.000028 0
4 4 0 21 2 0.000017 0
4 4 0 22 4 0.000052 0
4 4 0 23 4 0.000043 0
4 4 0 24 4 0.000037 0
4 4 0 25 4 0.000044 0
4 4 0 26 4 0.000048 0
4 4 0 27 3 0.000042 0
4 4 0 28 4 0.000046 0
4 4 0 29 4 0.000042 0
4 4 0 30 4 0.000058 0
4 4 0 31 4 0.000046 0
4 4 0 32 3 0.000033 0
4 4 0 33 4 0.000037 0
4 4 0 34 4 0.000058 0
4 4 0 35 2 0.000022 0
4 4 0 36 4 0.000051 0
4 4 0 37 4 0.000036 0
4 4 0 38 3 0.000041 0
4 4 0 39 2 0.000021 0
4 4 0 40 4 0.000047 0
4 4 0 41 2 0.000016 0
4 4 0 42 3 0.000028 0
4 4 0 43 3 0.000033 0
4 4 0 44 3 0.000037 0
4 4 0 45 4 0.000042 0
4 4 0 46 3 0.000029 0
4 4 0 47 3 0.000027 0
4 4 0 48 3 0.000040 0
4 4 0 49 4 0.000061 0
4 4 0 50 3 0.000027 0
4 4 0 51 3 0.000030 0
4 4 0 52 2 0.000024 0
4 4 0 53 4 0.000061 0
4 4 0 54 2 0.000016 0
4 4 0 55 2 0.000018 0
4 4 0 56 4 0.000041 0
4 4 0 57 3 0.000027 0
4 4 0 58 4 0.000047 0
4 4 0 59 4 0.000042 0
4 4 0 60 3 0.000027 0
4 4 0 61 4 0.000038 0
4 4 0 62 2 0.000016 0
4 4 0 63 3 0.000027 0
4 4 0 64 3 0.000027 0
4 4 0 65 3 0.000027 0
4 4 0 66 4 0.000048 0
4 4 0 67 2 0.000020 0
4 4 0 68 3 0.000027 0
4 4 0 69 4 0.000049 0
4 4 0 70 4 0.000040 0
4 4 0 71 4 0.000042 0
4 4 0 72 2 0.000018 0
4 4 0 73 3 0.000029 0
4 4 0 74 3 0.000028 0
4 4 0 75 3 0.000027 0
4 4 0 76 3 0.000035 0
4 4 0 77 4 0.000043 0
4 4 0 78 3 0.000027 0
4 4 0 79 4 0.000040 0
4 4 0 80 4 0.000043 0
4 4 0 81 4 0.000042 0
4 4 0 82 2 0.000018 0
4 4 0 83 4 0.000038 0
4 4 0 84 2 0.000017 0
4 4 0 85 4 0.000036 0
4 4 0 86 4 0.000048 0
4 4 0 87 4 0.000040 0
4 4 0 88 3 0.000028 0
4 4 0 89 3 0.000025 0
4 4 0 90 4 0.000044 0
4 4 0 91 4 0.000045 0
4 4 0 92 3 0.000028 0
4 4 0 93 4 0.000042 0
4 4 0 94 2 0.000018 0
4 4 0 95 4 0.000042 0
4 4 0 96 4 0.000044 0
4 4 0 97 3 0.000027 0
4 4 0 98 3 0.000027 0
4 4 0 99 4 0.000036 0
8 1 0 0 7 0.000058 0
8 1 0 1 7 0.000059 0
8 1 0 2 8 0.000067 0
8 1 0 3 8 0.000064 0
8 1 0 4 7 0.000049 0
8 1 0 5 4 0.000029 0
8 1 0 6 7 0.000062 0
8 1 0 7 6 0.000046 0
8 1 0 8 5 0.000035 0
8 1 0 9 7 0.000055 0
8 1 0 10 8 0.000063 0
8 1 0 11 7 0.000055 0
8 1 0 12 8 0.000071 0
8 1 0 13 7 0.000064 0
8 1 0 14 8 0.000077 0
8 1 0 15 7 0.000072 0
8 1 0 16 7 0.000057 0
8 1 0 17 8 0.000073 0
8 1 0 18 8 0.000076 0
8 1 0 19 7 0.000058 0
8 1 0 20 8 0.000083 0
8 1 0 21 6 0.000046 0
8 1 0 22 8 0.000076 0
8 1 0 23 7 0.000068 0
8 1 0 24 7 0.000056 0
8 1 0 25 8 0.000085 0
8 1 0 26 8 0.000066 0
8 1 0 27 7 0.000077 0
8 1 0 28 8 0.000072 0
8 1 0 29 8 0.000085 0
8 1 0 30 7 0.000064 0
8 1 0 31 6 0.000053 0
8 1 0 32 7 0.000067 0
8 1 0 33 7 0.000056 0
8 1 0 34 6 0.000050 0
8 1 0 35 6 0.000058 0
8 1 0 36 8 0.000071 0
8 1 0 37 6 0.000049 0
8 1 0 38 7 0.000073 0
8 1 0 39 8 0.000072 0
8 1 0 40 6 0.000058 0
8 1 0 41 7 0.000054 0
8 1 0 42 6 0.000047 0
8 1 0 43 8 0.000088 0
8 1 0 44 6 0.000048 0
8 1 0 45 7 0.000063 0
8 1 0 46 8 0.000084 0
8 1 0 47 8 0.000062 0
8 1 0 48 6 0.000062 0
8 1 0 49 7 0.000056 0
8 1 0 50 8 0.000087 0
8 1 0 51 8 0.000072 0
8 1 0 52 8 0.000094 0
8 1 0 53 8 0.000072 0
8 1 0 54 8 0.000078 0
8 1 0 55 7 0.000055 0
8 1 0 56 7 0.000059 0
8 1 0 57 8 0.000082 0
8 1 0 58 8 0.000070 0
8 1 0 59 8 0.000085 0
8 1 0 60 8 0.000073 0
8 1 0 61 7 0.000072 0
8 1 0 62 6 0.000049 0
8 1 0 63 8 0.000075 0
8 1 0 64 8 0.000081 0
8 1 0 65 7 0.000060 0
8 1 0 66 8 0.000076 0
8 1 0 67 8 0.000074 0
8 1 0 68 8 0.000087 0
8 1 0 69 7 0.000063 0
8 1 0 70 7 0.000061 0
8 1 0 71 7 0.000075 0
8 1 0 72 7 0.000063 0
8 1 0 73 7 0.000062 0
8 1 0 74 7 0.000056 0
8 1 0 75 8 0.000065 0
8 1 0 76 8 0.000073 0
8 1 0 77 8 0.000071 0
8 1 0 78 8 0.000063 0
8 1 0 79 6 0.000046 0
8 1 0 80 8 0.000082 0
8 1 0 81 8 0.000076 0
8 1 0 82 6 0.000050 0
8 1 0 83 6 0.000045 0
8 1 0 84 7 0.000058 0
8 1 0 85 6 0.000048 0
8 1 0 86 8 0.000067 0
8 1 0 87 7 0.000054 0
8 1 0 88 8 0.000065 0
8 1 0 89 8 0.000066 0
8 1 0 90 8 0.000071 0
8 1 0 91 7 0.000054 0
8 1 0 92 7 0.000059 0
8 1 0 93 6 0.000050 0
8 1 0 94 8 0.000087 0
8 1 0 95 8 0.000073 0
8 1 0 96 6 0.000050 0
8 1 0 97 8 0.000080 0
8 1 0 98 8 0.000073 0
8 1 0 99 8 0.000085 0
8 2 0 0 9 0.000119 0
8 2 0 1 7 0.000076 0
8 2 0 2 7 0.000092 0
8 2 0 3 7 0.000073 0
8 2 0 4 4 0.000034 0
8 2 0 5 4 0.000040 0
8 2 0 6 9 0.000124 0
8 2 0 7 6 0.000076 0
8 2 0 8 5 0.000043 0
8 2 0 9 8 0.000080 0
8 2 0 10 8 0.000098 0
8 2 0 11 5 0.000041 0
8 2 0 12 6 0.000080 0
8 2 0 13 9 0.000133 0
8 2 0 14 8 0.000089 0
8 2 0 15 8 0.000095 0
8 2 0 16 8 0.000093 0
8 2 0 17 8 0.000113 0
8 2 0 18 7 0.000082 0
8 2 0 19 6 0.000067 0
8 2 0 20 8 0.000096 0
8 2 0 21 6 0.000051 0
8 2 0 22 8 0.000104 0
8 2 0 23 9 0.000114 0
8 2 0 24 4 0.000040 0
8 2 0 25 6 0.000073 0
8 2 0 26 8 0.000097 0
8 2 0 27 9 0.000127 0
8 2 0 28 9 0.000120 0
8 2 0 29 8 0.000121 0
8 2 0 30 8 0.000105 0
8 2 0 31 7 0.000087 0
8 2 0 32 7 0.000067 0
8 2 0 33 8 0.000095 0
8 2 0 34 8 0.000101 0
8 2 0 35 8 0.000069 0
8 2 0 36 9 0.000122 0
8 2 0 37 8 0.000085 0
8 2 0 38 8 0.000123 0
8 2 0 39 9 0.000126 0
8 2 0 40 7 0.000061 0
8 2 0 41 6 0.000053 0
8 2 0 42 7 0.000067 0
8 2 0 43 8 0.000116 0
8 2 0 44 8 0.000090 0
8 2 0 45 8 0.000080 0
8 2 0 46 9 0.000147 0
8 2 0 47 6 0.000064 0
8 2 0 48 7 0.000067 0
8 2 0 49 5 0.000042 0
8 2 0 50 7 0.000096 0
8 2 0 51 9 0.000131 0
8 2 0 52 9 0.000194 0
8 2 0 53 8 0.000119 0
8 2 0 54 8 0.000099 0
8 2 0 55 7 0.000067 0
8 2 0 56 9 0.000109 0
8 2 0 57 7 0.000101 0
8 2 0 58 9 0.000130 0
8 2 0 59 6 0.000072 0
8 2 0 60 9 0.000152 0
8 2 0 61 9 0.000120 0
8 2 0 62 7 0.000073 0
8 2 0 63 8 0.000116 0
8 2 0 64 9 0.000138 0
8 2 0 65 8 0.000102 0
8 2 0 66 8 0.000093 0
8 2 0 67 9 0.000155 0
8 2 0 68 8 0.000126 0
8 2 0 69 8 0.000116 0
8 2 0 70 7 0.000108 0
8 2 0 71 8 0.000114 0
8 2 0 72 9 0.000144 0
8 2 0 73 8 0.000112 0
8 2 0 74 8 0.000103 0
8 2 0 75 8 0.000095 0
8 2 0 76 7 0.000110 0
8 2 0 77 9 0.000142 0
8 2 0 78 8 0.000084 0
8 2 0 79 6 0.000072 0
8 2 0 80 9 0.000161 0
8 2 0 81 8 0.000107 0
8 2 0 82 6 0.000081 0
8 2 0 83 5 0.000052 0
8 2 0 84 8 0.000114 0
8 2 0 85 7 0.000080 0
8 2 0 86 7 0.000092 0
8 2 0 87 8 0.000085 0
8 2 0 88 5 0.000059 0
8 2 0 89 8 0.000098 0
8 2 0 90 7 0.000102 0
8 2 0 91 7 0.000077 0
8 2 0 92 7 0.000104 0
8 2 0 93 7 0.000095 0
8 2 0 94 9 0.000125 0
8 2 0 95 9 0.000150 0
8 2 0 96 5 0.000057 0
8 2 0 97 8 0.000103 0
8 2 0 98 8 0.000144 0
8 2 0 99 6 0.000084 0
8 4 0 0 7 0.000107 0
8 4 0 1 6 0.000100 0
8 4 0 2 10 0.000190 0
8 4 0 3 10 0.000154 0
8 4 0 4 5 0.000048 0
8 4 0 5 3 0.000028 0
8 4 0 6 9 0.000193 0
8 4 0 7 4 0.000048 0
8 4 0 8 4 0.000041 0
8 4 0 9 7 0.000094 0
8 4 0 10 8 0.000131 0
8 4 0 11 7 0.000088 0
8 4 0 12 8 0.000148 0
8 4 0 13 9 0.000213 0
8 4 0 14 9 0.000142 0
8 4 0 15 7 0.000133 0
8 4 0 16 6 0.000078 0
8 4 0 17 9 0.000179 0
8 4 0 18 9 0.000152 0
8 4 0 19 5 0.000080 0
8 4 0 20 8 0.000143 0
8 4 0 21 8 0.000092 0
8 4 0 22 9 0.000176 0
8 4 0 23 8 0.000159 0
8 4 0 24 6 0.000093 0
8 4 0 25 9 0.000161 0
8 4 0 26 8 0.000130 0
8 4 0 27 9 0.000183 0
8 4 0 28 10 0.000218 0
8 4 0 29 8 0.000154 0
8 4 0 30 6 0.000123 0
8 4 0 31 8 0.000169 0
8 4 0 32 7 0.000092 0
8 4 0 33 8 0.000131 0
8 4 0 34 7 0.000131 0
8 4 0 35 6 0.000062 0
8 4 0 36 10 0.000198 0
8 4 0 37 6 0.000099 0
8 4 0 38 8 0.000167 0
8 4 0 39 10 0.000227 0
8 4 0 40 7 0.000085 0
8 4 0 41 5 0.000050 0
8 4 0 42 5 0.000078 0
8 4 0 43 8 0.000183 0
8 4 0 44 7 0.000115 0
8 4 0 45 7 0.000106 0
8 4 0 46 10 0.000284 0
8 4 0 47 7 0.000084 0
8 4 0 48 9 0.000132 0
8 4 0 49 7 0.000101 0
8 4 0 50 10 0.000233 0
8 4 0 51 10 0.000211 0
8 4 0 52 10 0.000301 0
8 4 0 53 9 0.000195 0
8 4 0 54 8 0.000119 0
8 4 0 55 7 0.000101 0
8 4 0 56 9 0.000145 0
8 4 0 57 10 0.000220 0
8 4 0 58 10 0.000217 0
8 4 0 59 8 0.000142 0
8 4 0 60 10 0.000264 0
8 4 0 61 8 0.000150 0
8 4 0 62 8 0.000106 0
8 4 0 63 9 0.000165 0
8 4 0 64 10 0.000242 0
8 4 0 65 8 0.000140 0
8 4 0 66 9 0.000126 0
8 4 0 67 10 0.000266 0
8 4 0 68 8 0.000169 0
8 4 0 69 6 0.000094 0
8 4 0 70 6 0.000105 0
8 4 0 71 8 0.000141 0
8 4 0 72 8 0.000153 0
8 4 0 73 7 0.000134 0
8 4 0 74 5 0.000061 0
8 4 0 75 9 0.000145 0
8 4 0 76 10 0.000205 0
8 4 0 77 9 0.000173 0
8 4 0 78 9 0.000131 0
8 4 0 79 5 0.000050 0
8 4 0 80 10 0.000253 0
8 4 0 81 9 0.000160 0
8 4 0 82 8 0.000106 0
8 4 0 83 5 0.000069 0
8 4 0 84 6 0.000080 0
8 4 0 85 8 0.000139 0
8 4 0 86 9 0.000137 0
8 4 0 87 7 0.000093 0
8 4 0 88 7 0.000097 0
8 4 0 89 8 0.000131 0
8 4 0 90 10 0.000215 0
8 4 0 91 6 0.000081 0
8 4 0 92 6 0.000092 0
8 4 0 93 4 0.000042 0
8 4 0 94 10 0.000190 0
8 4 0 95 10 0.000214 0
8 4 0 96 6 0.000065 0
8 4 0 97 9 0.000162 0
8 4 0 98 9 0.000199 0
8 4 0 99 7 0.000109 0
8 8 0 0 6 0.000088 0
8 8 0 1 5 0.000067 0
8 8 0 2 7 0.000124 0
8 8 0 3 7 0.000096 0
8 8 0 4 4 0.000043 0
8 8 0 5 3 0.000029 0
8 8 0 6 7 0.000123 0
8 8 0 7 4 0.000050 0
8 8 0 8 4 0.000042 0
8 8 0 9 6 0.000069 0
8 8 0 10 7 0.000103 0
8 8 0 11 5 0.000060 0
8 8 0 12 6 0.000097 0
8 8 0 13 7 0.000144 0
8 8 0 14 7 0.000108 0
8 8 0 15 6 0.000104 0
8 8 0 16 5 0.000072 0
8 8 0 17 7 0.000131 0
8 8 0 18 6 0.000097 0
8 8 0 19 5 0.000065 0
8 8 0 20 7 0.000123 0
8 8 0 21 5 0.000057 0
8 8 0 22 7 0.000128 0
8 8 0 23 7 0.000124 0
8 8 0 24 4 0.000049 0
8 8 0 25 6 0.000111 0
8 8 0 26 7 0.000109 0
8 8 0 27 7 0.000129 0
8 8 0 28 8 0.000147 0
8 8 0 29 7 0.000123 0
8 8 0 30 6 0.000114 0
8 8 0 31 6 0.000122 0
8 8 0 32 6 0.000078 0
8 8 0 33 6 0.000089 0
8 8 0 34 6 0.000100 0
8 8 0 35 5 0.000053 0
8 8 0 36 8 0.000135 0
8 8 0 37 5 0.000067 0
8 8 0 38 6 0.000106 0
8 8 0 39 8 0.000159 0
8 8 0 40 5 0.000062 0
8 8 0 41 5 0.000051 0
8 8 0 42 5 0.000070 0
8 8 0 43 7 0.000136 0
8 8 0 44 6 0.000086 0
8 8 0 45 6 0.000076 0
8 8 0 46 8 0.000184 0
8 8 0 47 5 0.000063 0
8 8 0 48 6 0.000083 0
8 8 0 49 5 0.000067 0
8 8 0 50 7 0.000139 0
8 8 0 51 8 0.000146 0
8 8 0 52 8 0.000200 0
8 8 0 53 7 0.000139 0
8 8 0 54 7 0.000090 0
8 8 0 55 6 0.000074 0
8 8 0 56 7 0.000099 0
8 8 0 57 7 0.000146 0
8 8 0 58 8 0.000154 0
8 8 0 59 6 0.000101 0
8 8 0 60 8 0.000176 0
8 8 0 61 7 0.000118 0
8 8 0 62 5 0.000069 0
8 8 0 63 7 0.000106 0
8 8 0 64 8 0.000163 0
8 8 0 65 6 0.000098 0
8 8 0 66 7 0.000088 0
8 8 0 67 8 0.000171 0
8 8 0 68 7 0.000127 0
8 8 0 69 6 0.000096 0
8 8 0 70 6 0.000093 0
8 8 0 71 6 0.000105 0
8 8 0 72 7 0.000124 0
8 8 0 73 6 0.000112 0
8 8 0 74 5 0.000063 0
8 8 0 75 7 0.000114 0
8 8 0 76 7 0.000124 0
8 8 0 77 7 0.000122 0
8 8 0 78 7 0.000097 0
8 8 0 79 4 0.000041 0
8 8 0 80 8 0.000185 0
8 8 0 81 7 0.000108 0
8 8 0 82 5 0.000062 0
8 8 0 83 5 0.000072 0
8 8 0 84 5 0.000066 0
8 8 0 85 6 0.000110 0
8 8 0 86 6 0.000096 0
8 8 0 87 6 0.000079 0
8 8 0 88 5 0.000073 0
8 8 0 89 7 0.000108 0
8 8 0 90 7 0.000137 0
8 8 0 91 6 0.000084 0
8 8 0 92 6 0.000095 0
8 8 0 93 5 0.000055 0
8 8 0 94 8 0.000135 0
8 8 0 95 8 0.000162 0
8 8 0 96 4 0.000048 0
8 8 0 97 7 0.000113 0
8 8 0 98 7 0.000138 0
8 8 0 99 6 0.000090 0
16 1 0 0 15 0.000130 0
16 1 0 1 13 0.000096 0
16 1 0 2 15 0.000129 0
16 1 0 3 16 0.000132 0
16 1 0 4 15 0.000125 0
16 1 0 5 14 0.000110 0
16 1 0 6 16 0.000141 0
16 1 0 7 16 0.000136 0
16 1 0 8 15 0.000122 0
16 1 0 9 14 0.000109 0
16 1 0 10 15 0.000118 0
16 1 0 11 12 0.000100 0
16 1 0 12 11 0.000082 0
16 1 0 13 15 0.000132 0
16 1 0 14 16 0.000130 0
16 1 0 15 14 0.000116 0
16 1 0 16 15 0.000125 0
16 1 0 17 16 0.000137 0
16 1 0 18 16 0.000130 0
16 1 0 19 14 0.000116 0
16 1 0 20 16 0.000145 0
16 1 0 21 16 0.000141 0
16 1 0 22 14 0.000111 0
16 1 0 23 15 0.000127 0
16 1 0 24 12 0.000096 0
16 1 0 25 13 0.000115 0
16 1 0 26 11 0.000078 0
16 1 0 27 12 0.000102 0
16 1 0 28 15 0.000129 0
16 1 0 29 16 0.000130 0
16 1 0 30 14 0.000121 0
16 1 0 31 15 0.000127 0
16 1 0 32 13 0.000107 0
16 1 0 33 14 0.000105 0
16 1 0 34 15 0.000130 0
16 1 0 35 15 0.000126 0
16 1 0 36 15 0.000115 0
16 1 0 37 12 0.000099 0
16 1 0 38 15 0.000126 0
16 1 0 39 14 0.000111 0
16 1 0 40 12 0.000088 0
16 1 0 41 15 0.000124 0
16 1 0 42 15 0.000115 0
16 1 0 43 16 0.000146 0
16 1 0 44 16 0.000142 0
16 1 0 45 14 0.000109 0
16 1 0 46 15 0.000122 0
16 1 0 47 14 0.000105 0
16 1 0 48 15 0.000131 0
16 1 0 49 13 0.000099 0
16 1 0 50 13 0.000100 0
16 1 0 51 16 0.000142 0
16 1 0 52 15 0.000119 0
16 1 0 53 12 0.000091 0
16 1 0 54 15 0.000126 0
16 1 0 55 16 0.000133 0
16 1 0 56 15 0.000125 0
16 1 0 57 15 0.000118 0
16 1 0 58 15 0.000129 0
16 1 0 59 16 0.000137 0
16 1 0 60 16 0.000140 0
16 1 0 61 16 0.000135 0
16 1 0 62 16 0.000139 0
16 1 0 63 14 0.000117 0
16 1 0 64 14 0.000115 0
16 1 0 65 14 0.000118 0
16 1 0 66 16 0.000136 0
16 1 0 67 16 0.000141 0
16 1 0 68 14 0.000114 0
16 1 0 69 13 0.000102 0
16 1 0 70 14 0.000108 0
16 1 0 71 16 0.000148 0
16 1 0 72 16 0.000153 0
16 1 0 73 15 0.000120 0
16 1 0 74 16 0.000127 0
16 1 0 75 12 0.000088 0
16 1 0 76 15 0.000132 0
16 1 0 77 15 0.000127 0
16 1 0 78 15 0.000127 0
16 1 0 79 16 0.000142 0
16 1 0 80 16 0.000143 0
16 1 0 81 16 0.000136 0
16 1 0 82 16 0.000141 0
16 1 0 83 16 0.000136 0
16 1 0 84 15 0.000127 0
16 1 0 85 16 0.000145 0
16 1 0 86 15 0.000126 0
16 1 0 87 15 0.000120 0
16 1 0 88 16 0.000149 0
16 1 0 89 16 0.000145 0
16 1 0 90 16 0.000136 0
16 1 0 91 15 0.000128 0
16 1 0 92 15 0.000119 0
16 1 0 93 16 0.000151 0
16 1 0 94 16 0.000138 0
16 1 0 95 16 0.000130 0
16 1 0 96 14 0.000118 0
16 1 0 97 14 0.000127 0
16 1 0 98 16 0.000138 0
16 1 0 99 15 0.000143 0
16 2 0 0 16 0.000231 0
16 2 0 1 12 0.000116 0
16 2 0 2 14 0.000198 0
16 2 0 3 15 0.000200 0
16 2 0 4 17 0.000228 0
16 2 0 5 17 0.000195 0
16 2 0 6 15 0.000215 0
16 2 0 7 15 0.000214 0
16 2 0 8 17 0.000219 0
16 2 0 9 14 0.000160 0
16 2 0 10 15 0.000163 0
16 2 0 11 15 0.000175 0
16 2 0 12 15 0.000158 0
16 2 0 13 16 0.000237 0
16 2 0 14 16 0.000203 0
16 2 0 15 16 0.000192 0
16 2 0 16 16 0.000209 0
16 2 0 17 14 0.000180 0
16 2 0 18 16 0.000208 0
16 2 0 19 17 0.000224 0
16 2 0 20 17 0.000292 0
16 2 0 21 16 0.000242 0
16 2 0 22 14 0.000153 0
16 2 0 23 14 0.000200 0
16 2 0 24 12 0.000136 0
16 2 0 25 12 0.000178 0
16 2 0 26 13 0.000113 0
16 2 0 27 14 0.000184 0
16 2 0 28 17 0.000252 0
16 2 0 29 17 0.000206 0
16 2 0 30 13 0.000170 0
16 2 0 31 14 0.000191 0
16 2 0 32 15 0.000192 0
16 2 0 33 11 0.000103 0
16 2 0 34 15 0.000204 0
16 2 0 35 14 0.000185 0
16 2 0 36 13 0.000145 0
16 2 0 37 15 0.000184 0
16 2 0 38 15 0.000216 0
16 2 0 39 13 0.000164 0
16 2 0 40 11 0.000099 0
16 2 0 41 16 0.000210 0
16 2 0 42 15 0.000161 0
16 2 0 43 17 0.000267 0
16 2 0 44 17 0.000261 0
16 2 0 45 15 0.000161 0
16 2 0 46 14 0.000171 0
16 2 0 47 14 0.000139 0
16 2 0 48 15 0.000225 0
16 2 0 49 14 0.000151 0
16 2 0 50 16 0.000159 0
16 2 0 51 16 0.000281 2
16 2 0 52 15 0.000190 0
16 2 0 53 12 0.000130 0
16 2 0 54 16 0.000207 0
16 2 0 55 16 0.000218 0
16 2 0 56 14 0.000197 0
16 2 0 57 13 0.000153 0
16 2 0 58 16 0.000239 0
16 2 0 59 17 0.000236 0
16 2 0 60 16 0.000256 0
16 2 0 61 15 0.000213 0
16 2 0 62 15 0.000241 0
16 2 0 63 13 0.000188 0
16 2 0 64 14 0.000189 0
16 2 0 65 17 0.000214 0
16 2 0 66 15 0.000199 0
16 2 0 67 16 0.000239 0
16 2 0 68 15 0.000190 0
16 2 0 69 13 0.000144 0
16 2 0 70 14 0.000150 0
16 2 0 71 16 0.000294 0
16 2 0 72 16 0.000294 0
16 2 0 73 17 0.000204 0
16 2 0 74 14 0.000176 0
16 2 0 75 13 0.000118 0
16 2 0 76 16 0.000239 0
16 2 0 77 17 0.000236 0
16 2 0 78 16 0.000225 0
16 2 0 79 15 0.000187 0
16 2 0 80 15 0.000226 0
16 2 0 81 16 0.000226 0
16 2 0 82 17 0.000261 0
16 2 0 83 15 0.000203 0
16 2 0 84 17 0.000223 0
16 2 0 85 16 0.000252 0
16 2 0 86 17 0.000224 0
16 2 0 87 15 0.000175 0
16 2 0 88 17 0.000283 0
16 2 0 89 17 0.000278 0
16 2 0 90 15 0.000233 0
16 2 0 91 15 0.000220 0
16 2 0 92 14 0.000156 0
16 2 0 93 17 0.000295 0
16 2 0 94 16 0.000226 0
16 2 0 95 15 0.000179 0
16 2 0 96 15 0.000197 0
16 2 0 97 15 0.000243 0
16 2 0 98 16 0.000252 0
16 2 0 99 17 0.000332 2
16 4 0 0 18 0.000556 0
16 4 0 1 13 0.000177 0
16 4 0 2 15 0.000433 0
16 4 0 3 15 0.000336 0
16 4 0 4 18 0.000457 0
16 4 0 5 15 0.000271 0
16 4 0 6 17 0.000509 0
16 4 0 7 19 0.000557 0
16 4 0 8 18 0.000467 0
16 4 0 9 17 0.000338 0
16 4 0 10 16 0.000343 0
16 4 0 11 12 0.000210 0
16 4 0 12 15 0.000289 0
16 4 0 13 17 0.000482 0
16 4 0 14 17 0.000405 0
16 4 0 15 16 0.000370 0
16 4 0 16 15 0.000346 0
16 4 0 17 16 0.000444 0
16 4 0 18 16 0.000380 0
16 4 0 19 15 0.000359 0
16 4 0 20 18 0.000608 0
16 4 0 21 15 0.000421 0
16 4 0 22 15 0.000298 0
16 4 0 23 17 0.000505 0
16 4 0 24 12 0.000229 0
16 4 0 25 15 0.000405 0
16 4 0 26 10 0.000129 0
16 4 0 27 14 0.000361 0
16 4 0 28 17 0.000424 0
16 4 0 29 18 0.000414 0
16 4 0 30 14 0.000348 0
16 4 0 31 15 0.000403 0
16 4 0 32 16 0.000425 0
16 4 0 33 11 0.000163 0
16 4 0 34 16 0.000436 0
16 4 0 35 14 0.000366 0
16 4 0 36 15 0.000288 0
16 4 0 37 15 0.000321 0
16 4 0 38 17 0.000511 0
16 4 0 39 15 0.000347 0
16 4 0 40 11 0.000116 0
16 4 0 41 13 0.000328 0
16 4 0 42 17 0.000303 0
16 4 0 43 19 0.000635 0
16 4 0 44 16 0.000512 0
16 4 0 45 15 0.000298 0
16 4 0 46 14 0.000307 0
16 4 0 47 16 0.000253 0
16 4 0 48 17 0.000517 0
16 4 0 49 14 0.000273 0
16 4 0 50 14 0.000236 0
16 4 0 51 18 0.000609 0
16 4 0 52 16 0.000335 0
16 4 0 53 13 0.000257 0
16 4 0 54 15 0.000354 0
16 4 0 55 17 0.000452 0
16 4 0 56 17 0.000445 0
16 4 0 57 15 0.000339 0
16 4 0 58 18 0.000586 0
16 4 0 59 17 0.000500 0
16 4 0 60 17 0.000569 0
16 4 0 61 17 0.000485 0
16 4 0 62 18 0.000587 0
16 4 0 63 17 0.000421 0
16 4 0 64 14 0.000323 0
16 4 0 65 17 0.000437 0
16 4 0 66 15 0.000398 0
16 4 0 67 19 0.000584 0
16 4 0 68 16 0.000355 0
16 4 0 69 13 0.000179 0
16 4 0 70 16 0.000273 0
16 4 0 71 19 0.000716 0
16 4 0 72 18 0.000737 0
16 4 0 73 15 0.000287 0
16 4 0 74 16 0.000371 0
16 4 0 75 13 0.000185 0
16 4 0 76 16 0.000444 0
16 4 0 77 17 0.000504 0
16 4 0 78 17 0.000449 0
16 4 0 79 14 0.000281 0
16 4 0 80 18 0.000555 0
16 4 0 81 19 0.000536 0
16 4 0 82 18 0.000573 0
16 4 0 83 18 0.000487 0
16 4 0 84 16 0.000411 0
16 4 0 85 19 0.000659 0
16 4 0 86 17 0.000418 0
16 4 0 87 16 0.000346 0
16 4 0 88 16 0.000512 0
16 4 0 89 18 0.000618 0
16 4 0 90 18 0.000517 0
16 4 0 91 17 0.000514 0
16 4 0 92 15 0.000322 0
16 4 0 93 18 0.000686 0
16 4 0 94 18 0.000499 0
16 4 0 95 16 0.000318 0
16 4 0 96 16 0.000412 0
16 4 0 97 16 0.000566 0
16 4 0 98 18 0.000537 0
16 4 0 99 19 0.000782 0
16 8 0 0 20 0.001102 0
16 8 0 1 14 0.000283 0
16 8 0 2 16 0.000737 0
16 8 0 3 18 0.000780 0
16 8 0 4 19 0.000945 0
16 8 0 5 17 0.000501 0
16 8 0 6 16 0.000845 0
16 8 0 7 19 0.001003 0
16 8 0 8 19 0.000788 0
16 8 0 9 16 0.000511 0
16 8 0 10 16 0.000576 0
16 8 0 11 15 0.000533 0
16 8 0 12 14 0.000406 0
16 8 0 13 20 0.001031 0
16 8 0 14 19 0.000781 0
16 8 0 15 18 0.000732 0
16 8 0 16 19 0.000768 0
16 8 0 17 16 0.000736 0
16 8 0 18 19 0.000739 0
16 8 0 19 17 0.000733 0
16 8 0 20 20 0.001300 0
16 8 0 21 19 0.001096 0
16 8 0 22 15 0.000543 0
16 8 0 23 17 0.000765 0
16 8 0 24 10 0.000248 0
16 8 0 25 14 0.000591 0
16 8 0 26 12 0.000212 0
16 8 0 27 13 0.000433 0
16 8 0 28 19 0.000901 0
16 8 0 29 21 0.000872 0
16 8 0 30 13 0.000498 0
16 8 0 31 17 0.000818 0
16 8 0 32 18 0.000828 0
16 8 0 33 12 0.000289 0
16 8 0 34 15 0.000722 0
16 8 0 35 15 0.000613 0
16 8 0 36 14 0.000412 0
16 8 0 37 13 0.000500 0
16 8 0 38 17 0.000756 0
16 8 0 39 15 0.000492 0
16 8 0 40 12 0.000211 0
16 8 0 41 17 0.000831 0
16 8 0 42 17 0.000484 0
16 8 0 43 22 0.001447 0
16 8 0 44 20 0.001188 0
16 8 0 45 16 0.000550 0
16 8 0 46 15 0.000603 0
16 8 0 47 14 0.000320 0
16 8 0 48 17 0.000759 0
16 8 0 49 14 0.000430 0
16 8 0 50 16 0.000408 0
16 8 0 51 19 0.001028 0
16 8 0 52 18 0.000628 0
16 8 0 53 13 0.000336 0
16 8 0 54 15 0.000615 0
16 8 0 55 19 0.000920 0
16 8 0 56 16 0.000589 0
16 8 0 57 15 0.000512 0
16 8 0 58 19 0.001075 0
16 8 0 59 19 0.001016 0
16 8 0 60 18 0.001044 0
16 8 0 61 18 0.000820 0
16 8 0 62 17 0.000925 0
16 8 0 63 16 0.000610 0
16 8 0 64 16 0.000593 0
16 8 0 65 17 0.000726 0
16 8 0 66 16 0.000692 0
16 8 0 67 20 0.001142 0
16 8 0 68 17 0.000634 0
16 8 0 69 15 0.000338 0
16 8 0 70 15 0.000412 0
16 8 0 71 21 0.001430 0
16 8 0 72 20 0.001426 0
16 8 0 73 16 0.000560 0
16 8 0 74 17 0.000645 0
16 8 0 75 15 0.000298 0
16 8 0 76 20 0.001017 0
16 8 0 77 18 0.001008 0
16 8 0 78 18 0.000822 0
16 8 0 79 18 0.000692 0
16 8 0 80 18 0.000896 0
16 8 0 81 21 0.001087 0
16 8 0 82 20 0.001218 0
16 8 0 83 17 0.000741 0
16 8 0 84 18 0.000859 0
16 8 0 85 21 0.001327 0
16 8 0 86 19 0.000821 0
16 8 0 87 16 0.000504 0
16 8 0 88 21 0.001398 0
16 8 0 89 20 0.001318 0
16 8 0 90 20 0.000951 0
16 8 0 91 18 0.000861 0
16 8 0 92 15 0.000513 0
16 8 0 93 20 0.001341 0
16 8 0 94 19 0.000977 0
16 8 0 95 20 0.000711 0
16 8 0 96 15 0.000647 0
16 8 0 97 16 0.000825 0
16 8 0 98 20 0.001110 0
16 8 0 99 21 0.001600 0
32 1 0 0 31 0.000263 0
32 1 0 1 30 0.000250 0
32 1 0 2 31 0.000267 0
32 1 0 3 31 0.000261 0
32 1 0 4 31 0.000257 0
32 1 0 5 31 0.000254 0
32 1 0 6 31 0.000275 0
32 1 0 7 25 0.000187 0
32 1 0 8 29 0.000250 0
32 1 0 9 31 0.000263 0
32 1 0 10 27 0.000232 0
32 1 0 11 30 0.000286 0
32 1 0 12 27 0.000226 0
32 1 0 13 29 0.000253 0
32 1 0 14 28 0.000234 0
32 1 0 15 30 0.000257 0
32 1 0 16 31 0.000276 0
32 1 0 17 28 0.000253 0
32 1 0 18 30 0.000246 0
32 1 0 19 32 0.000302 0
32 1 0 20 26 0.000224 0
32 1 0 21 31 0.000270 0
32 1 0 22 32 0.000292 0
32 1 0 23 29 0.000251 0
32 1 0 24 29 0.000239 0
32 1 0 25 31 0.000249 0
32 1 0 26 31 0.000269 0
32 1 0 27 27 0.000215 0
32 1 0 28 32 0.000289 0
32 1 0 29 31 0.000286 0
32 1 0 30 30 0.000257 0
32 1 0 31 32 0.000271 0
32 1 0 32 28 0.000226 0
32 1 0 33 29 0.000232 0
32 1 0 34 31 0.000282 0
32 1 0 35 29 0.000239 0
32 1 0 36 32 0.000275 0
32 1 0 37 29 0.000237 0
32 1 0 38 31 0.000264 0
32 1 0 39 23 0.000183 0
32 1 0 40 31 0.000259 0
32 1 0 41 31 0.000257 0
32 1 0 42 31 0.000263 0
32 1 0 43 32 0.000278 0
32 1 0 44 28 0.000243 0
32 1 0 45 31 0.000289 0
32 1 0 46 29 0.000256 0
32 1 0 47 29 0.000252 0
32 1 0 48 26 0.000192 0
32 1 0 49 31 0.000271 0
32 1 0 50 30 0.000262 0
32 1 0 51 29 0.000236 0
32 1 0 52 31 0.000252 0
32 1 0 53 27 0.000227 0
32 1 0 54 29 0.000233 0
32 1 0 55 28 0.000222 0
32 1 0 56 30 0.000254 0
32 1 0 57 30 0.000273 0
32 1 0 58 32 0.000288 0
32 1 0 59 28 0.000226 0
32 1 0 60 31 0.000286 0
32 1 0 61 29 0.000247 0
32 1 0 62 32 0.000269 0
32 1 0 63 29 0.000240 0
32 1 0 64 32 0.000267 0
32 1 0 65 30 0.000261 0
32 1 0 66 28 0.000231 0
32 1 0 67 31 0.000336 0
32 1 0 68 27 0.000262 0
32 1 0 69 29 0.000242 0
32 1 0 70 27 0.000219 0
32 1 0 71 31 0.000264 0
32 1 0 72 31 0.000256 0
32 1 0 73 30 0.000264 0
32 1 0 74 30 0.000258 0
32 1 0 75 31 0.000255 0
32 1 0 76 31 0.000264 0
32 1 0 77 32 0.000279 0
32 1 0 78 30 0.000244 0
32 1 0 79 31 0.000257 0
32 1 0 80 29 0.000238 0
32 1 0 81 32 0.000281 0
32 1 0 82 31 0.000269 0
32 1 0 83 29 0.000229 0
32 1 0 84 31 0.000280 0
32 1 0 85 29 0.000245 0
32 1 0 86 32 0.000265 0
32 1 0 87 28 0.000229 0
32 1 0 88 30 0.000251 0
32 1 0 89 31 0.000256 0
32 1 0 90 31 0.000260 0
32 1 0 91 32 0.000281 0
32 1 0 92 27 0.000220 0
32 1 0 93 28 0.000228 0
32 1 0 94 31 0.000257 0
32 1 0 95 26 0.000205 0
32 1 0 96 30 0.000254 0
32 1 0 97 29 0.000253 0
32 1 0 98 31 0.000286 0
32 1 0 99 31 0.000274 0
32 2 0 0 32 0.000450 0
32 2 0 1 30 0.000395 0
32 2 0 2 29 0.000411 0
32 2 0 3 30 0.000410 0
32 2 0 4 29 0.000399 0
32 2 0 5 32 0.000409 0
32 2 0 6 31 0.000478 0
32 2 0 7 26 0.000256 0
32 2 0 8 30 0.000441 0
32 2 0 9 32 0.000444 0
32 2 0 10 28 0.000397 0
32 2 0 11 30 0.000500 0
32 2 0 12 31 0.000401 0
32 2 0 13 30 0.000458 0
32 2 0 14 27 0.000390 0
32 2 0 15 32 0.000483 0
32 2 0 16 32 0.000523 0
32 2 0 17 30 0.000512 0
32 2 0 18 31 0.000427 0
32 2 0 19 32 0.000575 0
32 2 0 20 29 0.000426 0
32 2 0 21 32 0.000469 0
32 2 0 22 31 0.000520 0
32 2 0 23 31 0.000447 0
32 2 0 24 32 0.000426 0
32 2 0 25 29 0.000373 0
32 2 0 26 33 0.000486 0
32 2 0 27 27 0.000323 0
32 2 0 28 33 0.000568 0
32 2 0 29 32 0.000556 0
32 2 0 30 30 0.000433 0
32 2 0 31 32 0.000457 0
32 2 0 32 26 0.000334 0
32 2 0 33 28 0.000359 0
32 2 0 34 27 0.000455 0
32 2 0 35 30 0.000398 0
32 2 0 36 32 0.000462 0
32 2 0 37 27 0.000355 0
32 2 0 38 30 0.000422 0
32 2 0 39 24 0.000265 0
32 2 0 40 29 0.000387 0
32 2 0 41 27 0.000357 0
32 2 0 42 30 0.000419 0
32 2 0 43 29 0.000418 0
32 2 0 44 28 0.000409 0
32 2 0 45 33 0.000580 0
32 2 0 46 30 0.000453 0
32 2 0 47 32 0.000450 0
32 2 0 48 26 0.000265 0
32 2 0 49 29 0.000447 0
32 2 0 50 32 0.000482 0
32 2 0 51 28 0.000359 0
32 2 0 52 29 0.000351 0
32 2 0 53 29 0.000407 0
32 2 0 54 25 0.000319 0
32 2 0 55 29 0.000334 0
32 2 0 56 28 0.000418 0
32 2 0 57 30 0.000507 0
32 2 0 58 32 0.000512 0
32 2 0 59 27 0.000333 0
32 2 0 60 31 0.000533 0
32 2 0 61 28 0.000408 0
32 2 0 62 31 0.000429 0
32 2 0 63 29 0.000376 0
32 2 0 64 29 0.000413 0
32 2 0 65 32 0.000485 0
32 2 0 66 31 0.000419 0
32 2 0 67 32 0.000448 0
32 2 0 68 26 0.000298 0
32 2 0 69 28 0.000391 0
32 2 0 70 25 0.000300 0
32 2 0 71 30 0.000425 0
32 2 0 72 33 0.000425 0
32 2 0 73 32 0.000495 0
32 2 0 74 28 0.000415 0
32 2 0 75 27 0.000352 0
32 2 0 76 31 0.000464 0
32 2 0 77 31 0.000469 0
32 2 0 78 29 0.000386 0
32 2 0 79 31 0.000408 0
32 2 0 80 28 0.000341 0
32 2 0 81 31 0.000486 0
32 2 0 82 32 0.000471 0
32 2 0 83 30 0.000361 0
32 2 0 84 31 0.000520 0
32 2 0 85 27 0.000375 0
32 2 0 86 30 0.000388 0
32 2 0 87 28 0.000345 0
32 2 0 88 29 0.000378 0
32 2 0 89 30 0.000409 0
32 2 0 90 31 0.000443 0
32 2 0 91 31 0.000490 0
32 2 0 92 28 0.000332 0
32 2 0 93 28 0.000368 0
32 2 0 94 25 0.000361 0
32 2 0 95 26 0.000298 0
32 2 0 96 32 0.000449 0
32 2 0 97 27 0.000413 0
32 2 0 98 32 0.000567 0
32 2 0 99 33 0.000506 0
32 4 0 0 34 0.001009 0
32 4 0 1 30 0.000818 0
32 4 0 2 31 0.000957 0
32 4 0 3 30 0.000886 0
32 4 0 4 30 0.000858 0
32 4 0 5 30 0.000756 0
32 4 0 6 32 0.001084 0
32 4 0 7 20 0.000328 0
32 4 0 8 25 0.000726 0
32 4 0 9 31 0.000914 0
32 4 0 10 29 0.000878 0
32 4 0 11 31 0.001263 0
32 4 0 12 29 0.000768 0
32 4 0 13 33 0.001091 0
32 4 0 14 30 0.000879 0
32 4 0 15 32 0.001058 0
32 4 0 16 34 0.001266 0
32 4 0 17 30 0.001107 0
32 4 0 18 32 0.000909 0
32 4 0 19 34 0.001483 0
32 4 0 20 29 0.000952 0
32 4 0 21 33 0.001063 0
32 4 0 22 32 0.001296 0
32 4 0 23 31 0.000916 0
32 4 0 24 27 0.000683 0
32 4 0 25 31 0.000763 0
32 4 0 26 35 0.001147 0
32 4 0 27 30 0.000644 0
32 4 0 28 34 0.001369 0
32 4 0 29 33 0.001412 0
32 4 0 30 31 0.000930 0
32 4 0 31 31 0.000946 0
32 4 0 32 27 0.000630 0
32 4 0 33 31 0.000754 0
32 4 0 34 31 0.001252 0
32 4 0 35 30 0.000818 0
32 4 0 36 33 0.001009 0
32 4 0 37 29 0.000719 0
32 4 0 38 33 0.001065 0
32 4 0 39 28 0.000568 0
32 4 0 40 32 0.000852 0
32 4 0 41 30 0.000814 0
32 4 0 42 33 0.000998 0
32 4 0 43 30 0.000942 0
32 4 0 44 28 0.000896 0
32 4 0 45 32 0.001361 0
32 4 0 46 32 0.001162 0
32 4 0 47 29 0.000865 0
32 4 0 48 27 0.000445 0
32 4 0 49 33 0.001160 0
32 4 0 50 31 0.001028 0
32 4 0 51 27 0.000752 0
32 4 0 52 31 0.000777 0
32 4 0 53 31 0.000864 0
32 4 0 54 28 0.000675 0
32 4 0 55 28 0.000524 0
32 4 0 56 33 0.001062 0
32 4 0 57 30 0.001149 0
32 4 0 58 34 0.001204 0
32 4 0 59 28 0.000677 0
32 4 0 60 34 0.001387 0
32 4 0 61 33 0.001069 0
32 4 0 62 33 0.000985 0
32 4 0 63 28 0.000752 0
32 4 0 64 32 0.000980 0
32 4 0 65 32 0.001062 0
32 4 0 66 30 0.000910 0
32 4 0 67 30 0.000938 0
32 4 0 68 25 0.000608 0
32 4 0 69 31 0.000829 0
32 4 0 70 25 0.000622 0
32 4 0 71 33 0.000941 0
32 4 0 72 31 0.000833 0
32 4 0 73 32 0.001190 0
32 4 0 74 30 0.000987 0
32 4 0 75 31 0.000822 0
32 4 0 76 31 0.001064 0
32 4 0 77 32 0.001011 0
32 4 0 78 31 0.000853 0
32 4 0 79 33 0.000916 0
32 4 0 80 29 0.000722 0
32 4 0 81 34 0.001191 0
32 4 0 82 33 0.001070 0
32 4 0 83 28 0.000614 0
32 4 0 84 33 0.001353 0
32 4 0 85 31 0.000935 0
32 4 0 86 27 0.000717 0
32 4 0 87 28 0.000655 0
32 4 0 88 32 0.000812 0
32 4 0 89 31 0.000811 0
32 4 0 90 32 0.001026 0
32 4 0 91 33 0.001230 0
32 4 0 92 31 0.000670 0
32 4 0 93 27 0.000666 0
32 4 0 94 29 0.000895 0
32 4 0 95 23 0.000473 0
32 4 0 96 32 0.000961 0
32 4 0 97 30 0.000994 0
32 4 0 98 33 0.001435 0
32 4 0 99 34 0.001161 0
32 8 0 0 34 0.002485 0
32 8 0 1 30 0.002109 0
32 8 0 2 35 0.002805 0
32 8 0 3 34 0.002495 0
32 8 0 4 31 0.002227 0
32 8 0 5 33 0.001990 0
32 8 0 6 33 0.002886 0
32 8 0 7 25 0.000886 0
32 8 0 8 31 0.002181 0
32 8 0 9 34 0.002428 0
32 8 0 10 31 0.002486 0
32 8 0 11 35 0.003954 0
32 8 0 12 30 0.002039 0
32 8 0 13 33 0.002813 0
32 8 0 14 28 0.002077 0
32 8 0 15 36 0.003085 0
32 8 0 16 36 0.003609 0
32 8 0 17 33 0.003109 0
32 8 0 18 36 0.002386 0
32 8 0 19 37 0.004614 0
32 8 0 20 34 0.002752 0
32 8 0 21 35 0.002841 0
32 8 0 22 34 0.003861 0
32 8 0 23 34 0.002572 0
32 8 0 24 31 0.001813 0
32 8 0 25 32 0.001877 0
32 8 0 26 35 0.002784 0
32 8 0 27 28 0.001311 0
32 8 0 28 35 0.003320 0
32 8 0 29 36 0.004183 0
32 8 0 30 31 0.002066 0
32 8 0 31 36 0.002556 0
32 8 0 32 26 0.001284 0
32 8 0 33 32 0.001639 0
32 8 0 34 35 0.003525 0
32 8 0 35 30 0.001921 0
32 8 0 36 37 0.002871 0
32 8 0 37 35 0.002062 0
32 8 0 38 37 0.002838 0
32 8 0 39 25 0.001109 0
32 8 0 40 32 0.001898 0
32 8 0 41 31 0.002192 0
32 8 0 42 32 0.002348 0
32 8 0 43 32 0.002406 0
32 8 0 44 29 0.002165 0
32 8 0 45 35 0.003841 0
32 8 0 46 33 0.003069 0
32 8 0 47 33 0.002383 0
32 8 0 48 25 0.000852 0
32 8 0 49 34 0.003158 0
32 8 0 50 35 0.002783 0
32 8 0 51 27 0.001731 0
32 8 0 52 31 0.001824 0
32 8 0 53 31 0.002085 0
32 8 0 54 30 0.001799 0
32 8 0 55 28 0.000955 0
32 8 0 56 35 0.002972 0
32 8 0 57 33 0.003366 0
32 8 0 58 36 0.003347 0
32 8 0 59 28 0.001657 0
32 8 0 60 36 0.003931 0
32 8 0 61 32 0.002506 0
32 8 0 62 35 0.002580 0
32 8 0 63 28 0.001708 0
32 8 0 64 33 0.002545 0
32 8 0 65 33 0.002518 0
32 8 0 66 30 0.002224 0
32 8 0 67 31 0.002297 0
32 8 0 68 27 0.001341 0
32 8 0 69 28 0.001773 0
32 8 0 70 25 0.001450 0
32 8 0 71 33 0.002415 0
32 8 0 72 32 0.001964 0
32 8 0 73 35 0.003278 0
32 8 0 74 29 0.002077 0
32 8 0 75 28 0.001727 0
32 8 0 76 35 0.003098 0
32 8 0 77 34 0.002620 0
32 8 0 78 33 0.002043 0
32 8 0 79 36 0.002457 0
32 8 0 80 32 0.001920 0
32 8 0 81 34 0.002811 0
32 8 0 82 33 0.002609 0
32 8 0 83 30 0.001556 0
32 8 0 84 37 0.004061 0
32 8 0 85 30 0.002336 0
32 8 0 86 30 0.001914 0
32 8 0 87 31 0.001685 0
32 8 0 88 31 0.001768 0
32 8 0 89 31 0.001985 0
32 8 0 90 33 0.002621 0
32 8 0 91 34 0.003126 0
32 8 0 92 27 0.001375 0
32 8 0 93 29 0.001588 0
32 8 0 94 34 0.002590 0
32 8 0 95 27 0.001123 0
32 8 0 96 35 0.002722 0
32 8 0 97 29 0.002251 0
32 8 0 98 34 0.003806 0
32 8 0 99 35 0.002856 0
