8 1 0 0 7 0.018230 1
8 1 0 1 7 0.022584 1
8 1 0 2 8 0.058908 1
8 1 0 3 8 0.051372 1
8 1 0 4 7 0.011606 1
8 1 0 5 4 0.005574 1
8 1 0 6 7 0.030120 1
8 1 0 7 6 0.023721 1
8 1 0 8 5 0.010337 1
8 1 0 9 7 0.065424 1
8 1 0 10 8 0.055527 1
8 1 0 11 7 0.043833 1
8 1 0 12 8 0.065145 1
8 1 0 13 7 0.137637 1
8 1 0 14 8 0.050453 1
8 1 0 15 7 0.056802 1
8 1 0 16 7 0.023589 1
8 1 0 17 8 0.044879 1
8 1 0 18 8 0.101147 1
8 1 0 19 7 0.039783 1
8 1 0 20 8 0.111575 1
8 1 0 21 6 0.026971 1
8 1 0 22 8 0.063209 1
8 1 0 23 7 0.036009 1
8 1 0 24 7 0.034564 1
8 1 0 25 8 0.104542 1
8 1 0 26 8 0.072779 1
8 1 0 27 7 0.106277 1
8 1 0 28 8 0.077774 1
8 1 0 29 8 0.074339 1
8 1 0 30 7 0.053463 1
8 1 0 31 6 0.037433 1
8 1 0 32 7 0.051721 1
8 1 0 33 7 0.065139 1
8 1 0 34 6 0.031333 1
8 1 0 35 6 0.025900 1
8 1 0 36 8 0.084436 1
8 1 0 37 6 0.016410 1
8 1 0 38 7 0.048253 1
8 1 0 39 8 0.116301 1
8 1 0 40 6 0.018082 1
8 1 0 41 7 0.046503 1
8 1 0 42 6 0.024782 1
8 1 0 43 8 0.143535 1
8 1 0 44 6 0.062645 1
8 1 0 45 7 0.054215 1
8 1 0 46 8 0.176716 1
8 1 0 47 8 0.039638 1
8 1 0 48 6 0.039525 1
8 1 0 49 7 0.047423 1
8 1 0 50 8 0.092275 1
8 1 0 51 8 0.112316 1
8 1 0 52 8 0.098676 1
8 1 0 53 8 0.092598 1
8 1 0 54 8 0.025785 1
8 1 0 55 7 0.029399 1
8 1 0 56 7 0.054967 1
8 1 0 57 8 0.101311 1
8 1 0 58 8 0.102162 1
8 1 0 59 8 0.107011 1
8 1 0 60 8 0.140711 1
8 1 0 61 7 0.080178 1
8 1 0 62 6 0.072691 1
8 1 0 63 8 0.047168 1
8 1 0 64 8 0.204129 1
8 1 0 65 7 0.094461 1
8 1 0 66 8 0.040779 1
8 1 0 67 8 0.133205 1
8 1 0 68 8 0.116747 1
8 1 0 69 7 0.069195 1
8 1 0 70 7 0.046513 1
8 1 0 71 7 0.068079 1
8 1 0 72 7 0.088247 1
8 1 0 73 7 0.121487 1
8 1 0 74 7 0.028027 1
8 1 0 75 8 0.050479 1
8 1 0 76 8 0.093232 1
8 1 0 77 8 0.085091 1
8 1 0 78 8 0.040165 1
8 1 0 79 6 0.026051 1
8 1 0 80 8 0.139377 1
8 1 0 81 8 0.087442 1
8 1 0 82 6 0.022405 1
8 1 0 83 6 0.020906 1
8 1 0 84 7 0.067847 1
8 1 0 85 6 0.039230 1
8 1 0 86 8 0.117992 1
8 1 0 87 7 0.059131 1
8 1 0 88 8 0.040713 1
8 1 0 89 8 0.072057 1
8 1 0 90 8 0.082898 1
8 1 0 91 7 0.028671 1
8 1 0 92 7 0.044320 1
8 1 0 93 6 0.023255 1
8 1 0 94 8 0.029944 1
8 1 0 95 8 0.081228 1
8 1 0 96 6 0.031658 1
8 1 0 97 8 0.052981 1
8 1 0 98 8 0.096673 1
8 1 0 99 8 0.069280 1
8 2 0 0 9 0.150559 1
8 2 0 1 7 0.098614 1
8 2 0 2 7 0.181661 1
8 2 0 3 8 0.105033 1
8 2 0 4 4 0.007627 1
8 2 0 5 4 0.011720 1
8 2 0 6 9 0.255446 1
8 2 0 7 6 0.062758 1
8 2 0 8 5 0.047523 1
8 2 0 9 8 0.134515 1
8 2 0 10 8 0.210331 2
8 2 0 11 6 0.067170 1
8 2 0 12 7 0.080757 1
8 2 0 13 9 0.500405 1
8 2 0 14 8 0.260761 1
8 2 0 15 9 0.379581 1
8 2 0 16 8 0.249604 1
8 2 0 17 8 0.221888 1
8 2 0 18 7 0.148207 2
8 2 0 19 6 0.070934 1
8 2 0 20 9 0.275076 1
8 2 0 21 6 0.012014 1
8 2 0 22 9 0.248750 1
8 2 0 23 9 0.208204 1
8 2 0 24 4 0.022421 1
8 2 0 25 6 0.200559 1
8 2 0 26 9 0.284620 1
8 2 0 27 9 0.196471 2
8 2 0 28 10 0.190127 1
8 2 0 29 9 0.169381 1
8 2 0 30 9 0.214532 1
8 2 0 31 8 0.284705 1
8 2 0 32 7 0.096085 1
8 2 0 33 8 0.264459 1
8 2 0 34 8 0.067381 1
8 2 0 35 8 0.134776 1
8 2 0 36 10 0.256383 1
8 2 0 37 8 0.096984 1
8 2 0 38 8 0.242185 1
8 2 0 39 10 0.329907 1
8 2 0 40 7 0.038153 1
8 2 0 41 7 0.112183 1
8 2 0 42 8 0.119531 1
8 2 0 43 9 0.423809 1
8 2 0 44 8 0.097002 1
8 2 0 45 9 0.140547 1
8 2 0 46 10 0.411318 2
8 2 0 47 6 0.045153 1
8 2 0 48 7 0.047109 1
8 2 0 49 6 0.026044 1
8 2 0 50 8 0.268076 2
8 2 0 51 10 0.333316 1
8 2 0 52 10 0.283834 1
8 2 0 53 9 0.339308 2
8 2 0 54 8 0.116980 1
8 2 0 55 8 0.111964 1
8 2 0 56 9 0.218750 1
8 2 0 57 7 0.271370 1
8 2 0 58 10 0.265476 2
8 2 0 59 7 0.057713 1
8 2 0 60 10 0.386968 2
8 2 0 61 10 0.312040 1
8 2 0 62 7 0.085197 1
8 2 0 63 9 0.158392 1
8 2 0 64 10 0.480736 1
8 2 0 65 8 0.145026 1
8 2 0 66 8 0.138931 1
8 2 0 67 10 0.346103 1
8 2 0 68 9 0.295132 1
8 2 0 69 9 0.256941 2
8 2 0 70 8 0.073656 1
8 2 0 71 8 0.213168 1
8 2 0 72 9 0.139722 1
8 2 0 73 8 0.162280 2
8 2 0 74 8 0.095233 1
8 2 0 75 8 0.147929 1
8 2 0 76 8 0.156366 1
8 2 0 77 9 0.304751 1
8 2 0 78 9 0.097068 1
8 2 0 79 6 0.031553 1
8 2 0 80 10 0.519856 1
8 2 0 81 8 0.159425 1
8 2 0 82 6 0.030045 1
8 2 0 83 5 0.064412 1
8 2 0 84 8 0.177465 1
8 2 0 85 7 0.122004 1
8 2 0 86 7 0.189595 2
8 2 0 87 8 0.121821 1
8 2 0 88 5 0.037348 1
8 2 0 89 9 0.278837 1
8 2 0 90 8 0.150148 1
8 2 0 91 7 0.148623 1
8 2 0 92 8 0.220288 1
8 2 0 93 7 0.051857 1
8 2 0 94 10 0.237245 1
8 2 0 95 9 0.255262 1
8 2 0 96 5 0.019334 1
8 2 0 97 9 0.172189 1
8 2 0 98 9 0.273398 1
8 2 0 99 7 0.159166 1
8 4 0 0 8 0.197890 1
8 4 0 1 7 0.118373 2
8 4 0 2 11 0.561092 1
8 4 0 3 11 0.332037 2
8 4 0 4 5 0.058999 1
8 4 0 5 3 0.010122 1
8 4 0 6 11 0.510464 2
8 4 0 7 5 0.042045 1
8 4 0 8 5 0.060107 1
8 4 0 9 8 0.231390 1
8 4 0 10 10 0.398492 2
8 4 0 11 8 0.192895 2
8 4 0 12 10 0.346264 1
8 4 0 13 11 0.615037 1
8 4 0 14 10 0.318474 2
8 4 0 15 9 0.368424 1
8 4 0 16 7 0.072007 1
8 4 0 17 10 0.326427 1
8 4 0 18 10 0.319828 2
8 4 0 19 6 0.034023 1
8 4 0 20 11 0.693114 1
8 4 0 21 8 0.082507 1
8 4 0 22 11 0.465067 1
8 4 0 23 10 0.417835 1
8 4 0 24 6 0.052490 1
8 4 0 25 9 0.390447 1
8 4 0 26 10 0.448854 1
8 4 0 27 11 0.401346 2
8 4 0 28 12 0.440416 1
8 4 0 29 11 0.489804 1
8 4 0 30 9 0.354293 1
8 4 0 31 10 0.468780 1
8 4 0 32 8 0.162646 1
8 4 0 33 9 0.212358 1
8 4 0 34 8 0.241638 1
8 4 0 35 6 0.042816 1
8 4 0 36 12 0.565286 2
8 4 0 37 7 0.087643 2
8 4 0 38 9 0.283682 2
8 4 0 39 13 0.981727 1
8 4 0 40 7 0.110075 1
8 4 0 41 7 0.120131 1
8 4 0 42 6 0.126436 1
8 4 0 43 11 0.733209 1
8 4 0 44 9 0.240770 1
8 4 0 45 8 0.127383 2
8 4 0 46 13 1.095739 2
8 4 0 47 8 0.133662 1
8 4 0 48 10 0.267256 1
8 4 0 49 8 0.126759 1
8 4 0 50 12 0.679611 2
8 4 0 51 12 0.511223 1
8 4 0 52 13 0.894699 1
8 4 0 53 11 0.550990 2
8 4 0 54 10 0.216260 1
8 4 0 55 9 0.221523 2
8 4 0 56 10 0.243153 1
8 4 0 57 11 0.591059 1
8 4 0 58 12 0.670138 2
8 4 0 59 10 0.274177 2
8 4 0 60 12 0.830005 2
8 4 0 61 10 0.418525 1
8 4 0 62 8 0.157239 1
8 4 0 63 11 0.251068 1
8 4 0 64 12 0.871532 1
8 4 0 65 9 0.279461 1
8 4 0 66 10 0.309615 1
8 4 0 67 13 1.034177 1
8 4 0 68 10 0.393539 2
8 4 0 69 8 0.215314 2
8 4 0 70 9 0.270504 1
8 4 0 71 9 0.224153 1
8 4 0 72 10 0.411161 2
8 4 0 73 9 0.373740 2
8 4 0 74 7 0.069706 1
8 4 0 75 10 0.379053 2
8 4 0 76 12 0.534850 1
8 4 0 77 11 0.356071 1
8 4 0 78 11 0.230036 1
8 4 0 79 6 0.009909 1
8 4 0 80 13 1.289613 1
8 4 0 81 10 0.262703 1
8 4 0 82 8 0.050055 1
8 4 0 83 6 0.156641 1
8 4 0 84 7 0.099829 1
8 4 0 85 9 0.449326 2
8 4 0 86 10 0.338787 2
8 4 0 87 8 0.248655 1
8 4 0 88 8 0.175746 1
8 4 0 89 10 0.432811 2
8 4 0 90 12 0.523710 1
8 4 0 91 8 0.228983 1
8 4 0 92 8 0.290341 2
8 4 0 93 6 0.024487 1
8 4 0 94 13 0.623680 1
8 4 0 95 11 0.457404 1
8 4 0 96 6 0.064052 1
8 4 0 97 10 0.328692 1
8 4 0 98 11 0.452275 1
8 4 0 99 9 0.244810 2
8 8 0 0 9 0.128871 1
8 8 0 1 7 0.114919 2
8 8 0 2 10 0.464218 1
8 8 0 3 10 0.305418 2
8 8 0 4 5 0.033977 1
8 8 0 5 4 0.033045 1
8 8 0 6 12 0.571152 2
8 8 0 7 6 0.081085 1
8 8 0 8 6 0.074758 1
8 8 0 9 8 0.210088 1
8 8 0 10 10 0.360880 2
8 8 0 11 7 0.117754 2
8 8 0 12 9 0.172932 1
8 8 0 13 12 0.689507 1
8 8 0 14 10 0.326973 2
8 8 0 15 9 0.307541 1
8 8 0 16 8 0.161919 2
8 8 0 17 10 0.316580 1
8 8 0 18 10 0.253426 2
8 8 0 19 7 0.113753 1
8 8 0 20 11 0.488182 1
8 8 0 21 7 0.067708 2
8 8 0 22 11 0.483132 1
8 8 0 23 10 0.328910 1
8 8 0 24 6 0.030156 1
8 8 0 25 9 0.337298 1
8 8 0 26 10 0.380672 1
8 8 0 27 11 0.408058 2
8 8 0 28 13 0.475078 1
8 8 0 29 12 0.287939 1
8 8 0 30 10 0.375119 1
8 8 0 31 10 0.315268 1
8 8 0 32 9 0.156305 1
8 8 0 33 10 0.252422 1
8 8 0 34 9 0.220365 1
8 8 0 35 7 0.075867 1
8 8 0 36 12 0.471665 2
8 8 0 37 7 0.077149 2
8 8 0 38 10 0.348515 2
8 8 0 39 13 0.708868 1
8 8 0 40 7 0.146627 2
8 8 0 41 7 0.123119 1
8 8 0 42 7 0.159009 1
8 8 0 43 11 0.522856 1
8 8 0 44 9 0.185836 1
8 8 0 45 8 0.140803 2
8 8 0 46 13 0.903021 2
8 8 0 47 8 0.206557 1
8 8 0 48 8 0.166885 1
8 8 0 49 8 0.146884 1
8 8 0 50 12 0.622910 2
8 8 0 51 12 0.471487 1
8 8 0 52 14 0.893271 1
8 8 0 53 11 0.473600 2
8 8 0 54 9 0.238341 1
8 8 0 55 9 0.160287 2
8 8 0 56 11 0.360813 1
8 8 0 57 11 0.525556 1
8 8 0 58 13 0.689488 2
8 8 0 59 10 0.244468 2
8 8 0 60 13 0.845107 2
8 8 0 61 11 0.408542 1
8 8 0 62 7 0.122104 1
8 8 0 63 10 0.153317 1
8 8 0 64 12 0.717379 1
8 8 0 65 9 0.215722 1
8 8 0 66 9 0.273030 1
8 8 0 67 13 0.786158 1
8 8 0 68 11 0.388186 2
8 8 0 69 9 0.267660 2
8 8 0 70 9 0.259923 1
8 8 0 71 9 0.256976 1
8 8 0 72 11 0.300850 2
8 8 0 73 10 0.350621 2
8 8 0 74 8 0.129181 1
8 8 0 75 11 0.461228 2
8 8 0 76 11 0.425664 1
8 8 0 77 11 0.371524 1
8 8 0 78 11 0.279721 1
8 8 0 79 5 0.012527 1
8 8 0 80 13 0.996408 1
8 8 0 81 10 0.292457 1
8 8 0 82 7 0.043435 1
8 8 0 83 7 0.213767 1
8 8 0 84 8 0.199218 1
8 8 0 85 9 0.288545 2
8 8 0 86 9 0.296350 2
8 8 0 87 8 0.190938 1
8 8 0 88 8 0.126917 1
8 8 0 89 10 0.380311 2
8 8 0 90 12 0.506523 1
8 8 0 91 9 0.226330 1
8 8 0 92 9 0.311221 2
8 8 0 93 7 0.049038 2
8 8 0 94 12 0.449932 1
8 8 0 95 12 0.602404 1
8 8 0 96 6 0.063334 1
8 8 0 97 11 0.359465 1
8 8 0 98 12 0.396372 1
8 8 0 99 10 0.373233 2
16 1 0 0 15 0.219114 1
16 1 0 1 13 0.028288 1
16 1 0 2 15 0.234600 1
16 1 0 3 16 0.157769 1
16 1 0 4 15 0.157629 1
16 1 0 5 14 0.092826 1
16 1 0 6 16 0.220270 1
16 1 0 7 16 0.181615 1
16 1 0 8 15 0.149227 1
16 1 0 9 14 0.120100 1
16 1 0 10 15 0.241237 1
16 1 0 11 12 0.041841 1
16 1 0 12 11 0.111781 1
16 1 0 13 15 0.251967 1
16 1 0 14 16 0.311071 1
16 1 0 15 14 0.140803 1
16 1 0 16 15 0.232207 1
16 1 0 17 16 0.217326 1
16 1 0 18 16 0.207346 1
16 1 0 19 14 0.145734 1
16 1 0 20 16 0.187498 1
16 1 0 21 16 0.223269 1
16 1 0 22 14 0.106348 1
16 1 0 23 15 0.251737 1
16 1 0 24 12 0.069574 1
16 1 0 25 13 0.128680 1
16 1 0 26 11 0.059402 1
16 1 0 27 12 0.280663 1
16 1 0 28 15 0.144630 1
16 1 0 29 16 0.156194 1
16 1 0 30 14 0.066939 1
16 1 0 31 15 0.262480 1
16 1 0 32 13 0.132875 1
16 1 0 33 14 0.053820 1
16 1 0 34 15 0.278925 1
16 1 0 35 15 0.134447 1
16 1 0 36 15 0.095835 1
16 1 0 37 12 0.123040 1
16 1 0 38 15 0.227220 1
16 1 0 39 14 0.105225 1
16 1 0 40 12 0.109094 1
16 1 0 41 15 0.208957 1
16 1 0 42 15 0.096528 1
16 1 0 43 16 0.238375 1
16 1 0 44 16 0.226977 1
16 1 0 45 14 0.094703 1
16 1 0 46 15 0.198626 1
16 1 0 47 14 0.134363 1
16 1 0 48 15 0.249123 1
16 1 0 49 13 0.113803 1
16 1 0 50 13 0.093714 1
16 1 0 51 16 0.245954 1
16 1 0 52 15 0.069493 1
16 1 0 53 12 0.142991 1
16 1 0 54 15 0.213051 1
16 1 0 55 16 0.175703 1
16 1 0 56 15 0.113862 1
16 1 0 57 15 0.139377 1
16 1 0 58 15 0.163801 1
16 1 0 59 16 0.175767 1
16 1 0 60 16 0.225137 1
16 1 0 61 16 0.170328 1
16 1 0 62 16 0.221205 1
16 1 0 63 14 0.210827 1
16 1 0 64 14 0.059708 1
16 1 0 65 14 0.197363 1
16 1 0 66 16 0.219005 1
16 1 0 67 16 0.261570 1
16 1 0 68 14 0.134522 1
16 1 0 69 13 0.037860 1
16 1 0 70 14 0.051345 1
16 1 0 71 16 0.370758 1
16 1 0 72 16 0.207784 1
16 1 0 73 15 0.110999 1
16 1 0 74 16 0.124634 1
16 1 0 75 12 0.048478 1
16 1 0 76 15 0.264864 1
16 1 0 77 15 0.159369 1
16 1 0 78 15 0.212080 1
16 1 0 79 16 0.159853 1
16 1 0 80 16 0.236022 1
16 1 0 81 16 0.182688 1
16 1 0 82 16 0.205377 1
16 1 0 83 16 0.194926 1
16 1 0 84 15 0.153377 1
16 1 0 85 16 0.210606 1
16 1 0 86 15 0.182575 1
16 1 0 87 15 0.122889 1
16 1 0 88 16 0.227066 1
16 1 0 89 16 0.269479 1
16 1 0 90 16 0.183575 1
16 1 0 91 15 0.173877 1
16 1 0 92 15 0.116574 1
16 1 0 93 16 0.200251 1
16 1 0 94 16 0.247344 1
16 1 0 95 16 0.108866 1
16 1 0 96 14 0.177174 1
16 1 0 97 14 0.139561 1
16 1 0 98 16 0.186002 1
16 1 0 99 15 0.209231 1
16 2 0 0 16 0.716231 1
16 2 0 1 12 0.067037 1
16 2 0 2 14 0.579044 1
16 2 0 3 15 0.457977 1
16 2 0 4 17 0.619045 1
16 2 0 5 17 0.272147 1
16 2 0 6 15 0.478336 1
16 2 0 7 16 0.588542 1
16 2 0 8 17 0.515839 1
16 2 0 9 14 0.363373 1
16 2 0 10 16 0.480523 1
16 2 0 11 16 0.201017 1
16 2 0 12 15 0.376143 1
16 2 0 13 16 0.616212 1
16 2 0 14 17 0.561482 1
16 2 0 15 17 0.541722 1
16 2 0 16 17 0.509502 1
16 2 0 17 15 0.423557 1
16 2 0 18 16 0.572116 2
16 2 0 19 17 0.503419 1
16 2 0 20 18 0.683219 1
16 2 0 21 17 0.598013 2
16 2 0 22 14 0.329888 1
16 2 0 23 14 0.538813 1
16 2 0 24 13 0.272701 1
16 2 0 25 12 0.307323 1
16 2 0 26 13 0.225566 1
16 2 0 27 14 0.499319 1
16 2 0 28 18 0.375764 1
16 2 0 29 17 0.549782 1
16 2 0 30 13 0.370000 1
16 2 0 31 15 0.410881 1
16 2 0 32 15 0.511735 1
16 2 0 33 11 0.183770 1
16 2 0 34 16 0.584123 2
16 2 0 35 14 0.362968 1
16 2 0 36 14 0.261809 1
16 2 0 37 16 0.391096 2
16 2 0 38 15 0.577935 2
16 2 0 39 13 0.339663 1
16 2 0 40 11 0.148506 1
16 2 0 41 16 0.703233 1
16 2 0 42 15 0.450374 1
16 2 0 43 18 0.750866 1
16 2 0 44 18 0.747297 1
16 2 0 45 16 0.335917 1
16 2 0 46 15 0.503673 1
16 2 0 47 14 0.321970 1
16 2 0 48 15 0.511367 1
16 2 0 49 14 0.351286 1
16 2 0 50 16 0.243071 1
16 2 0 51 16 0.653123 1
16 2 0 52 15 0.219954 1
16 2 0 53 12 0.217986 1
16 2 0 54 17 0.592837 1
16 2 0 55 17 0.535253 1
16 2 0 56 15 0.394646 1
16 2 0 57 13 0.309001 1
16 2 0 58 16 0.457545 1
16 2 0 59 18 0.510864 1
16 2 0 60 17 0.701194 1
16 2 0 61 15 0.397107 1
16 2 0 62 15 0.674787 1
16 2 0 63 13 0.541257 1
16 2 0 64 15 0.196883 1
16 2 0 65 17 0.589560 1
16 2 0 66 16 0.463451 1
16 2 0 67 17 0.673237 2
16 2 0 68 15 0.449904 1
16 2 0 69 14 0.112860 1
16 2 0 70 14 0.269478 1
16 2 0 71 17 0.882704 2
16 2 0 72 17 0.825288 1
16 2 0 73 17 0.359183 1
16 2 0 74 14 0.435142 1
16 2 0 75 13 0.235885 1
16 2 0 76 17 0.687663 1
16 2 0 77 18 0.733454 1
16 2 0 78 16 0.599903 1
16 2 0 79 15 0.440581 1
16 2 0 80 16 0.701773 1
16 2 0 81 16 0.488785 1
16 2 0 82 18 0.804791 2
16 2 0 83 15 0.438154 1
16 2 0 84 17 0.493457 1
16 2 0 85 17 0.789860 1
16 2 0 86 18 0.574922 1
16 2 0 87 16 0.297592 1
16 2 0 88 18 0.896330 1
16 2 0 89 18 0.829808 2
16 2 0 90 15 0.485742 1
16 2 0 91 16 0.607165 1
16 2 0 92 15 0.260238 1
16 2 0 93 17 0.797808 1
16 2 0 94 17 0.528445 1
16 2 0 95 16 0.318210 1
16 2 0 96 15 0.500394 1
16 2 0 97 16 0.645289 1
16 2 0 98 16 0.648512 1
16 2 0 99 17 0.887954 1
16 4 0 0 19 2.262465 2
16 4 0 1 13 0.322490 1
16 4 0 2 16 1.346093 1
16 4 0 3 16 0.822921 1
16 4 0 4 19 1.551220 2
16 4 0 5 17 0.911735 1
16 4 0 6 18 1.447607 1
16 4 0 7 21 2.022704 1
16 4 0 8 20 1.646423 1
16 4 0 9 17 1.184555 1
16 4 0 10 18 1.288820 2
16 4 0 11 14 0.450654 1
16 4 0 12 16 0.970875 2
16 4 0 13 18 1.733113 1
16 4 0 14 19 1.580205 1
16 4 0 15 18 1.458566 1
16 4 0 16 18 1.389086 1
16 4 0 17 17 1.401791 2
16 4 0 18 17 1.216499 2
16 4 0 19 17 1.200123 2
16 4 0 20 20 2.100435 1
16 4 0 21 18 1.671830 2
16 4 0 22 16 0.933458 1
16 4 0 23 17 1.664396 1
16 4 0 24 14 0.667802 2
16 4 0 25 15 0.903423 1
16 4 0 26 10 0.277637 1
16 4 0 27 16 1.210522 1
16 4 0 28 20 1.290872 1
16 4 0 29 19 1.494811 2
16 4 0 30 16 0.902341 2
16 4 0 31 17 1.583107 2
16 4 0 32 17 1.507678 1
16 4 0 33 12 0.371765 2
16 4 0 34 19 2.124274 2
16 4 0 35 16 1.365548 1
16 4 0 36 17 0.842522 2
16 4 0 37 17 1.153099 2
16 4 0 38 19 2.138115 2
16 4 0 39 16 1.055025 1
16 4 0 40 12 0.235433 1
16 4 0 41 15 1.067274 1
16 4 0 42 17 0.761383 1
16 4 0 43 22 2.998165 1
16 4 0 44 19 2.087506 1
16 4 0 45 16 0.858175 1
16 4 0 46 16 1.064354 2
16 4 0 47 16 0.787816 1
16 4 0 48 18 1.676585 1
16 4 0 49 14 0.863306 1
16 4 0 50 15 0.764696 1
16 4 0 51 20 2.283759 1
16 4 0 52 18 0.825619 2
16 4 0 53 14 0.580635 1
16 4 0 54 17 1.162843 1
16 4 0 55 19 1.951408 1
16 4 0 56 18 1.322527 2
16 4 0 57 15 1.229313 1
16 4 0 58 20 2.284626 2
16 4 0 59 19 1.834012 1
16 4 0 60 20 2.978002 2
16 4 0 61 19 1.911268 1
16 4 0 62 20 2.559879 1
16 4 0 63 17 1.348215 1
16 4 0 64 17 0.862674 2
16 4 0 65 18 1.657960 2
16 4 0 66 18 1.732208 1
16 4 0 67 21 2.553374 2
16 4 0 68 16 1.153627 1
16 4 0 69 14 0.318875 2
16 4 0 70 17 0.543353 1
16 4 0 71 20 2.624141 2
16 4 0 72 21 3.172807 1
16 4 0 73 16 0.708387 1
16 4 0 74 17 1.126788 1
16 4 0 75 13 0.424555 1
16 4 0 76 18 1.502458 1
16 4 0 77 18 1.736063 1
16 4 0 78 17 1.491224 1
16 4 0 79 16 0.840965 1
16 4 0 80 20 2.212225 1
16 4 0 81 20 2.091509 1
16 4 0 82 21 2.612807 2
16 4 0 83 19 1.299810 1
16 4 0 84 17 1.372320 1
16 4 0 85 21 2.502647 1
16 4 0 86 20 1.418723 1
16 4 0 87 18 1.362888 2
16 4 0 88 19 2.211008 1
16 4 0 89 21 2.840498 2
16 4 0 90 19 1.611259 2
16 4 0 91 19 1.756565 1
16 4 0 92 17 1.020348 1
16 4 0 93 20 2.733274 1
16 4 0 94 20 1.469197 1
16 4 0 95 18 1.098335 2
16 4 0 96 17 1.339114 1
16 4 0 97 19 2.600938 2
16 4 0 98 19 2.229128 1
16 4 0 99 21 3.303161 1
16 8 0 0 23 5.493997 2
16 8 0 1 15 0.449819 1
16 8 0 2 19 2.574154 1
16 8 0 3 21 2.897484 1
16 8 0 4 23 4.293893 2
16 8 0 5 21 2.206133 1
16 8 0 6 20 3.299906 1
16 8 0 7 24 5.021628 1
16 8 0 8 24 4.015918 1
16 8 0 9 18 1.476226 1
16 8 0 10 21 2.562955 2
16 8 0 11 18 1.333174 1
16 8 0 12 16 1.033268 2
16 8 0 13 24 5.662904 1
16 8 0 14 23 3.364627 1
16 8 0 15 22 3.555719 1
16 8 0 16 23 3.123399 1
16 8 0 17 20 2.875912 2
16 8 0 18 22 3.229596 2
16 8 0 19 20 2.994953 2
16 8 0 20 26 7.253808 1
16 8 0 21 24 6.641508 2
16 8 0 22 18 1.817027 1
16 8 0 23 20 2.590492 1
16 8 0 24 14 0.734666 2
16 8 0 25 17 1.540115 1
16 8 0 26 13 0.422321 1
16 8 0 27 17 1.568770 1
16 8 0 28 24 3.661620 1
16 8 0 29 25 4.795847 2
16 8 0 30 18 1.846261 2
16 8 0 31 21 3.389996 2
16 8 0 32 22 3.651173 1
16 8 0 33 14 0.707942 2
16 8 0 34 20 3.944558 2
16 8 0 35 20 2.707793 1
16 8 0 36 18 1.619508 2
16 8 0 37 18 2.237780 2
16 8 0 38 21 3.478667 2
16 8 0 39 18 1.460401 1
16 8 0 40 13 0.436486 1
16 8 0 41 21 3.854685 1
16 8 0 42 20 1.684828 1
16 8 0 43 28 10.253157 1
16 8 0 44 26 8.457011 1
16 8 0 45 19 1.954728 1
16 8 0 46 18 2.196862 2
16 8 0 47 16 0.873980 1
16 8 0 48 19 2.180965 1
16 8 0 49 17 1.305451 1
16 8 0 50 18 1.176702 1
16 8 0 51 24 5.149421 1
16 8 0 52 22 2.980874 2
16 8 0 53 15 0.700922 1
16 8 0 54 19 2.835581 1
16 8 0 55 24 4.876645 1
16 8 0 56 20 2.136467 2
16 8 0 57 18 1.623661 1
16 8 0 58 25 6.046578 2
16 8 0 59 24 5.355908 1
16 8 0 60 25 7.374273 2
16 8 0 61 23 4.171715 1
16 8 0 62 22 4.913461 1
16 8 0 63 19 1.957809 1
16 8 0 64 20 2.292001 2
16 8 0 65 20 2.717703 2
16 8 0 66 21 3.745269 1
16 8 0 67 25 6.900692 2
16 8 0 68 19 2.042858 1
16 8 0 69 17 0.932900 2
16 8 0 70 18 0.982971 1
16 8 0 71 26 8.322302 2
16 8 0 72 27 9.821709 1
16 8 0 73 19 1.677891 1
16 8 0 74 20 2.565111 1
16 8 0 75 16 0.625975 1
16 8 0 76 24 4.825220 1
16 8 0 77 23 5.424591 1
16 8 0 78 22 3.487497 1
16 8 0 79 21 2.801932 1
16 8 0 80 23 4.742792 1
16 8 0 81 25 5.821696 2
16 8 0 82 26 8.361007 2
16 8 0 83 22 2.791313 1
16 8 0 84 21 3.481351 1
16 8 0 85 26 8.218465 1
16 8 0 86 23 4.169400 1
16 8 0 87 19 1.721797 2
16 8 0 88 26 7.976886 1
16 8 0 89 27 10.136026 2
16 8 0 90 22 3.199798 2
16 8 0 91 23 3.519064 1
16 8 0 92 20 1.948489 1
16 8 0 93 26 7.946427 1
16 8 0 94 24 4.570420 1
16 8 0 95 23 3.295367 2
16 8 0 96 19 2.660330 1
16 8 0 97 21 3.814866 2
16 8 0 98 23 4.767510 1
16 8 0 99 27 9.445635 1
