4 1 0 0 3 0.000434 0
4 1 0 1 4 0.000193 2
4 1 0 2 4 0.000214 0
4 1 0 3 4 0.000283 0
4 1 0 4 4 0.000144 1
4 1 0 5 4 0.000276 2
4 1 0 6 2 0.000059 0
4 1 0 7 2 0.000066 0
4 1 0 8 4 0.000148 1
4 1 0 9 2 0.000066 2
4 1 0 10 4 0.000362 0
4 1 0 11 3 0.000126 0
4 1 0 12 4 0.000440 0
4 1 0 13 2 0.000065 0
4 1 0 14 4 0.000196 2
4 1 0 15 4 0.000187 0
4 1 0 16 2 0.000067 2
4 1 0 17 3 0.000165 1
4 1 0 18 2 0.000062 0
4 1 0 19 2 0.000065 0
4 1 0 20 2 0.000072 0
4 1 0 21 2 0.000060 1
4 1 0 22 4 0.000262 0
4 1 0 23 4 0.000261 0
4 1 0 24 4 0.000230 0
4 1 0 25 4 0.000356 2
4 1 0 26 4 0.000363 0
4 1 0 27 4 0.000258 0
4 1 0 28 4 0.000196 0
4 1 0 29 4 0.000265 0
4 1 0 30 4 0.000270 0
4 1 0 31 4 0.000269 0
4 1 0 32 2 0.000070 2
4 1 0 33 4 0.000212 2
4 1 0 34 4 0.000365 0
4 1 0 35 2 0.000067 2
4 1 0 36 4 0.000283 0
4 1 0 37 4 0.000235 0
4 1 0 38 2 0.000068 0
4 1 0 39 3 0.000165 0
4 1 0 40 4 0.000276 0
4 1 0 41 2 0.000058 0
4 1 0 42 2 0.000063 0
4 1 0 43 4 0.000196 2
4 1 0 44 2 0.000066 0
4 1 0 45 4 0.000267 0
4 1 0 46 4 0.000270 0
4 1 0 47 4 0.000146 1
4 1 0 48 4 0.000205 2
4 1 0 49 4 0.000370 2
4 1 0 50 4 0.000145 1
4 1 0 51 4 0.000200 2
4 1 0 52 3 0.000125 0
4 1 0 53 4 0.000271 0
4 1 0 54 3 0.000150 1
4 1 0 55 3 0.000164 0
4 1 0 56 4 0.000268 0
4 1 0 57 4 0.000145 1
4 1 0 58 4 0.000366 0
4 1 0 59 4 0.000354 0
4 1 0 60 4 0.000272 1
4 1 0 61 4 0.000191 2
4 1 0 62 2 0.000060 1
4 1 0 63 4 0.000263 1
4 1 0 64 4 0.000268 1
4 1 0 65 4 0.000145 0
4 1 0 66 4 0.000248 0
4 1 0 67 3 0.000166 2
4 1 0 68 4 0.000145 1
4 1 0 69 4 0.000361 2
4 1 0 70 4 0.000235 0
4 1 0 71 4 0.000276 2
4 1 0 72 3 0.000146 0
4 1 0 73 4 0.000146 1
4 1 0 74 4 0.000268 0
4 1 0 75 4 0.000263 0
4 1 0 76 4 0.000281 0
4 1 0 77 4 0.000280 2
4 1 0 78 4 0.000257 0
4 1 0 79 4 0.000264 0
4 1 0 80 4 0.000272 0
4 1 0 81 4 0.000271 0
4 1 0 82 3 0.000144 0
4 1 0 83 4 0.000275 0
4 1 0 84 2 0.000061 1
4 1 0 85 4 0.000191 0
4 1 0 86 4 0.000355 0
4 1 0 87 4 0.000150 0
4 1 0 88 4 0.000264 0
4 1 0 89 4 0.000189 0
4 1 0 90 4 0.000353 0
4 1 0 91 4 0.000199 0
4 1 0 92 4 0.000186 0
4 1 0 93 4 0.000148 1
4 1 0 94 2 0.000060 0
4 1 0 95 4 0.000270 2
4 1 0 96 4 0.000206 0
4 1 0 97 2 0.000067 1
4 1 0 98 4 0.000148 0
4 1 0 99 4 0.000263 0
4 2 0 0 1 0.000078 0
4 2 0 1 4 0.000247 2
4 2 0 2 3 0.000359 0
4 2 0 3 3 0.000403 2
4 2 0 4 3 0.000148 1
4 2 0 5 5 0.000537 2
4 2 0 6 3 0.000259 2
4 2 0 7 4 0.000373 2
4 2 0 8 5 0.000212 1
4 2 0 9 4 0.000375 2
4 2 0 10 5 0.000640 0
4 2 0 11 1 0.000050 0
4 2 0 12 5 0.000643 0
4 2 0 13 4 0.000373 2
4 2 0 14 3 0.000277 2
4 2 0 15 4 0.000216 2
4 2 0 16 4 0.000384 0
4 2 0 17 1 0.000083 1
4 2 0 18 4 0.000312 0
4 2 0 19 4 0.000378 0
4 2 0 20 4 0.000166 0
4 2 0 21 3 0.000254 1
4 2 0 22 5 0.000418 0
4 2 0 23 4 0.000409 0
4 2 0 24 4 0.000367 0
4 2 0 25 5 0.000611 2
4 2 0 26 5 0.000626 0
4 2 0 27 3 0.000342 0
4 2 0 28 5 0.000362 0
4 2 0 29 5 0.000500 0
4 2 0 30 5 0.000462 2
4 2 0 31 4 0.000418 2
4 2 0 32 4 0.000378 0
4 2 0 33 5 0.000362 2
4 2 0 34 5 0.000625 0
4 2 0 35 2 0.000189 2
4 2 0 36 5 0.000541 2
4 2 0 37 4 0.000367 0
4 2 0 38 4 0.000208 2
4 2 0 39 1 0.000080 0
4 2 0 40 5 0.000422 0
4 2 0 41 3 0.000144 0
4 2 0 42 4 0.000205 0
4 2 0 43 3 0.000218 2
4 2 0 44 4 0.000374 0
4 2 0 45 5 0.000417 0
4 2 0 46 3 0.000342 0
4 2 0 47 3 0.000142 1
4 2 0 48 3 0.000358 2
4 2 0 49 5 0.000644 2
4 2 0 50 3 0.000147 1
4 2 0 51 2 0.000244 2
4 2 0 52 1 0.000049 2
4 2 0 53 5 0.000427 0
4 2 0 54 1 0.000076 1
4 2 0 55 1 0.000080 0
4 2 0 56 5 0.000418 0
4 2 0 57 3 0.000144 1
4 2 0 58 5 0.000621 2
4 2 0 59 5 0.000604 0
4 2 0 60 3 0.000400 1
4 2 0 61 5 0.000379 2
4 2 0 62 3 0.000143 1
4 2 0 63 3 0.000335 1
4 2 0 64 3 0.000389 1
4 2 0 65 3 0.000148 0
4 2 0 66 5 0.000473 2
4 2 0 67 1 0.000080 2
4 2 0 68 3 0.000146 1
4 2 0 69 5 0.000633 2
4 2 0 70 5 0.000467 0
4 2 0 71 5 0.000540 2
4 2 0 72 1 0.000076 2
4 2 0 73 3 0.000148 1
4 2 0 74 3 0.000398 2
4 2 0 75 3 0.000344 0
4 2 0 76 3 0.000407 2
4 2 0 77 5 0.000543 2
4 2 0 78 3 0.000331 0
4 2 0 79 5 0.000414 2
4 2 0 80 4 0.000442 2
4 2 0 81 4 0.000436 2
4 2 0 82 1 0.000076 2
4 2 0 83 4 0.000437 2
4 2 0 84 3 0.000271 1
4 2 0 85 4 0.000256 2
4 2 0 86 5 0.000605 0
4 2 0 87 5 0.000212 0
4 2 0 88 3 0.000340 0
4 2 0 89 3 0.000217 2
4 2 0 90 5 0.000603 0
4 2 0 91 5 0.000345 2
4 2 0 92 3 0.000215 2
4 2 0 93 5 0.000210 1
4 2 0 94 3 0.000273 0
4 2 0 95 5 0.000460 2
4 2 0 96 5 0.000384 0
4 2 0 97 4 0.000370 1
4 2 0 98 3 0.000146 2
4 2 0 99 5 0.000407 0
4 4 0 0 2 0.000115 0
4 4 0 1 5 0.000439 2
4 4 0 2 4 0.000467 0
4 4 0 3 4 0.000431 2
4 4 0 4 4 0.000175 1
4 4 0 5 5 0.000727 2
4 4 0 6 2 0.000157 2
4 4 0 7 4 0.000521 2
4 4 0 8 6 0.000269 1
4 4 0 9 4 0.000492 2
4 4 0 10 6 0.001002 0
4 4 0 11 2 0.000078 0
4 4 0 12 6 0.001008 0
4 4 0 13 4 0.000523 2
4 4 0 14 4 0.000375 2
4 4 0 15 5 0.000350 2
4 4 0 16 4 0.000526 0
4 4 0 17 2 0.000134 1
4 4 0 18 3 0.000336 0
4 4 0 19 4 0.000538 2
4 4 0 20 4 0.000177 2
4 4 0 21 2 0.000156 1
4 4 0 22 5 0.000573 0
4 4 0 23 5 0.000699 0
4 4 0 24 5 0.000654 0
4 4 0 25 6 0.001002 2
4 4 0 26 6 0.000999 0
4 4 0 27 4 0.000522 0
4 4 0 28 6 0.000689 0
4 4 0 29 5 0.000702 0
4 4 0 30 5 0.000604 2
4 4 0 31 5 0.000718 2
4 4 0 32 4 0.000501 0
4 4 0 33 5 0.000528 2
4 4 0 34 6 0.001005 0
4 4 0 35 2 0.000239 2
4 4 0 36 6 0.000876 2
4 4 0 37 5 0.000656 0
4 4 0 38 4 0.000295 2
4 4 0 39 2 0.000127 0
4 4 0 40 6 0.000716 0
4 4 0 41 2 0.000098 0
4 4 0 42 4 0.000294 2
4 4 0 43 3 0.000198 2
4 4 0 44 4 0.000494 0
4 4 0 45 5 0.000570 0
4 4 0 46 4 0.000382 0
4 4 0 47 4 0.000184 1
4 4 0 48 4 0.000469 2
4 4 0 49 6 0.001008 2
4 4 0 50 4 0.000174 1
4 4 0 51 3 0.000342 2
4 4 0 52 2 0.000079 2
4 4 0 53 5 0.000562 0
4 4 0 54 2 0.000117 1
4 4 0 55 2 0.000128 0
4 4 0 56 5 0.000560 0
4 4 0 57 4 0.000182 1
4 4 0 58 6 0.000992 2
4 4 0 59 6 0.000971 0
4 4 0 60 4 0.000425 1
4 4 0 61 5 0.000521 2
4 4 0 62 2 0.000094 1
4 4 0 63 4 0.000509 1
4 4 0 64 4 0.000542 1
4 4 0 65 4 0.000177 0
4 4 0 66 6 0.000815 2
4 4 0 67 2 0.000128 2
4 4 0 68 4 0.000174 1
4 4 0 69 6 0.000994 2
4 4 0 70 5 0.000652 0
4 4 0 71 5 0.000736 2
4 4 0 72 2 0.000118 2
4 4 0 73 4 0.000179 1
4 4 0 74 4 0.000551 2
4 4 0 75 4 0.000379 0
4 4 0 76 4 0.000438 2
4 4 0 77 5 0.000739 2
4 4 0 78 4 0.000507 0
4 4 0 79 5 0.000567 2
4 4 0 80 5 0.000726 2
4 4 0 81 5 0.000719 2
4 4 0 82 2 0.000119 2
4 4 0 83 5 0.000720 2
4 4 0 84 2 0.000191 1
4 4 0 85 5 0.000441 2
4 4 0 86 6 0.000991 0
4 4 0 87 6 0.000272 0
4 4 0 88 4 0.000381 0
4 4 0 89 3 0.000198 2
4 4 0 90 6 0.000984 0
4 4 0 91 6 0.000537 2
4 4 0 92 4 0.000309 2
4 4 0 93 6 0.000270 1
4 4 0 94 2 0.000193 0
4 4 0 95 5 0.000595 2
4 4 0 96 6 0.000608 0
4 4 0 97 4 0.000530 1
4 4 0 98 4 0.000184 2
4 4 0 99 5 0.000560 0
8 1 0 0 7 0.000467 0
8 1 0 1 7 0.000487 2
8 1 0 2 8 0.000552 0
8 1 0 3 8 0.000475 0
8 1 0 4 7 0.000351 0
8 1 0 5 4 0.000203 0
8 1 0 6 7 0.000385 2
8 1 0 7 6 0.000408 0
8 1 0 8 5 0.000274 2
8 1 0 9 7 0.000423 0
8 1 0 10 8 0.000531 0
8 1 0 11 7 0.000458 2
8 1 0 12 8 0.000553 0
8 1 0 13 7 0.000513 0
8 1 0 14 8 0.000472 0
8 1 0 15 7 0.000422 0
8 1 0 16 7 0.000406 0
8 1 0 17 8 0.000531 0
8 1 0 18 8 0.000421 0
8 1 0 19 7 0.000340 0
8 1 0 20 8 0.000666 0
8 1 0 21 6 0.000375 0
8 1 0 22 8 0.000527 2
8 1 0 23 7 0.000584 0
8 1 0 24 7 0.000455 0
8 1 0 25 8 0.000587 0
8 1 0 26 8 0.000517 0
8 1 0 27 7 0.000607 2
8 1 0 28 8 0.000753 0
8 1 0 29 8 0.000360 0
8 1 0 30 7 0.000581 0
8 1 0 31 6 0.000336 0
8 1 0 32 7 0.000496 0
8 1 0 33 7 0.000332 0
8 1 0 34 6 0.000331 0
8 1 0 35 6 0.000305 0
8 1 0 36 8 0.000479 2
8 1 0 37 6 0.000321 0
8 1 0 38 7 0.000452 2
8 1 0 39 8 0.000750 0
8 1 0 40 6 0.000258 2
8 1 0 41 7 0.000411 0
8 1 0 42 6 0.000354 2
8 1 0 43 8 0.000634 0
8 1 0 44 6 0.000398 0
8 1 0 45 7 0.000338 0
8 1 0 46 8 0.000816 0
8 1 0 47 8 0.000335 0
8 1 0 48 6 0.000303 0
8 1 0 49 7 0.000362 0
8 1 0 50 8 0.000748 0
8 1 0 51 8 0.000630 0
8 1 0 52 8 0.000916 0
8 1 0 53 8 0.000617 0
8 1 0 54 8 0.000484 0
8 1 0 55 7 0.000464 0
8 1 0 56 7 0.000614 0
8 1 0 57 8 0.000579 0
8 1 0 58 8 0.000743 0
8 1 0 59 8 0.000657 2
8 1 0 60 8 0.000551 2
8 1 0 61 7 0.000533 0
8 1 0 62 6 0.000465 0
8 1 0 63 8 0.000486 0
8 1 0 64 8 0.000630 0
8 1 0 65 7 0.000540 0
8 1 0 66 8 0.000457 0
8 1 0 67 8 0.000583 0
8 1 0 68 8 0.000544 2
8 1 0 69 7 0.000521 0
8 1 0 70 7 0.000423 0
8 1 0 71 7 0.000513 0
8 1 0 72 7 0.000530 0
8 1 0 73 7 0.000499 0
8 1 0 74 7 0.000292 0
8 1 0 75 8 0.000407 2
8 1 0 76 8 0.000593 2
8 1 0 77 8 0.000574 0
8 1 0 78 8 0.000343 0
8 1 0 79 6 0.000204 0
8 1 0 80 8 0.000668 0
8 1 0 81 8 0.000502 0
8 1 0 82 6 0.000377 0
8 1 0 83 6 0.000287 0
8 1 0 84 7 0.000411 2
8 1 0 85 6 0.000329 0
8 1 0 86 8 0.000560 2
8 1 0 87 7 0.000337 0
8 1 0 88 8 0.000557 0
8 1 0 89 8 0.000531 0
8 1 0 90 8 0.000458 0
8 1 0 91 7 0.000471 0
8 1 0 92 7 0.000473 0
8 1 0 93 6 0.000298 2
8 1 0 94 8 0.000645 0
8 1 0 95 8 0.000547 0
8 1 0 96 6 0.000302 0
8 1 0 97 8 0.000642 0
8 1 0 98 8 0.000747 0
8 1 0 99 8 0.000652 0
8 2 0 0 9 0.001249 2
8 2 0 1 7 0.000812 2
8 2 0 2 7 0.000944 0
8 2 0 3 8 0.000761 2
8 2 0 4 4 0.000418 0
8 2 0 5 4 0.000171 0
8 2 0 6 9 0.000667 2
8 2 0 7 6 0.000699 2
8 2 0 8 5 0.000466 0
8 2 0 9 8 0.000687 0
8 2 0 10 8 0.001038 2
8 2 0 11 6 0.000789 2
8 2 0 12 7 0.000864 0
8 2 0 13 9 0.001364 0
8 2 0 14 8 0.000813 2
8 2 0 15 9 0.001159 2
8 2 0 16 8 0.000709 2
8 2 0 17 8 0.001089 0
8 2 0 18 7 0.000569 2
8 2 0 19 6 0.000533 2
8 2 0 20 9 0.001531 0
8 2 0 21 6 0.000672 2
8 2 0 22 9 0.001021 2
8 2 0 23 9 0.001278 2
8 2 0 24 4 0.000646 0
8 2 0 25 6 0.000933 0
8 2 0 26 9 0.001145 0
8 2 0 27 9 0.001372 2
8 2 0 28 10 0.001846 2
8 2 0 29 9 0.000569 0
8 2 0 30 9 0.001518 2
8 2 0 31 8 0.001030 2
8 2 0 32 7 0.001062 2
8 2 0 33 8 0.000530 0
8 2 0 34 8 0.000837 0
8 2 0 35 8 0.000913 0
8 2 0 36 10 0.001033 2
8 2 0 37 8 0.000932 2
8 2 0 38 8 0.000890 2
8 2 0 39 10 0.001877 0
8 2 0 40 7 0.000590 2
8 2 0 41 7 0.000769 0
8 2 0 42 8 0.000761 2
8 2 0 43 9 0.001394 2
8 2 0 44 8 0.000957 2
8 2 0 45 9 0.000966 2
8 2 0 46 10 0.002002 2
8 2 0 47 6 0.000385 2
8 2 0 48 7 0.000657 0
8 2 0 49 6 0.000557 0
8 2 0 50 8 0.001335 2
8 2 0 51 10 0.001565 0
8 2 0 52 10 0.002303 0
8 2 0 53 9 0.001323 0
8 2 0 54 8 0.000850 0
8 2 0 55 8 0.001064 2
8 2 0 56 9 0.001425 0
8 2 0 57 7 0.000961 2
8 2 0 58 10 0.001833 0
8 2 0 59 7 0.001077 2
8 2 0 60 10 0.001322 2
8 2 0 61 10 0.001578 2
8 2 0 62 7 0.000760 2
8 2 0 63 9 0.000958 0
8 2 0 64 10 0.001554 0
8 2 0 65 8 0.001137 2
8 2 0 66 8 0.000974 2
8 2 0 67 10 0.001331 0
8 2 0 68 9 0.001041 2
8 2 0 69 9 0.001314 2
8 2 0 70 8 0.000861 0
8 2 0 71 8 0.001118 0
8 2 0 72 9 0.001472 2
8 2 0 73 8 0.000962 2
8 2 0 74 8 0.000484 0
8 2 0 75 8 0.000674 2
8 2 0 76 8 0.001011 2
8 2 0 77 9 0.001199 2
8 2 0 78 9 0.000584 2
8 2 0 79 6 0.000442 0
8 2 0 80 10 0.001812 2
8 2 0 81 8 0.000943 0
8 2 0 82 6 0.000582 2
8 2 0 83 5 0.000549 2
8 2 0 84 8 0.000736 2
8 2 0 85 7 0.000937 2
8 2 0 86 7 0.000889 2
8 2 0 87 8 0.000825 0
8 2 0 88 5 0.000808 2
8 2 0 89 9 0.001184 2
8 2 0 90 8 0.000777 0
8 2 0 91 7 0.000956 0
8 2 0 92 8 0.001105 2
8 2 0 93 7 0.000425 2
8 2 0 94 10 0.001500 0
8 2 0 95 9 0.001217 2
8 2 0 96 5 0.000498 2
8 2 0 97 9 0.001374 0
8 2 0 98 9 0.001752 2
8 2 0 99 7 0.001176 2
8 4 0 0 8 0.001476 2
8 4 0 1 7 0.001198 2
8 4 0 2 11 0.002120 0
8 4 0 3 11 0.001511 2
8 4 0 4 5 0.000688 2
8 4 0 5 3 0.000215 0
8 4 0 6 11 0.001329 2
8 4 0 7 5 0.000672 2
8 4 0 8 5 0.000499 0
8 4 0 9 8 0.000815 0
8 4 0 10 10 0.002082 2
8 4 0 11 8 0.001192 2
8 4 0 12 10 0.001954 2
8 4 0 13 11 0.002164 0
8 4 0 14 10 0.001468 2
8 4 0 15 9 0.001536 2
8 4 0 16 7 0.000886 2
8 4 0 17 10 0.001865 2
8 4 0 18 10 0.001222 2
8 4 0 19 6 0.000765 2
8 4 0 20 11 0.003211 0
8 4 0 21 8 0.001067 2
8 4 0 22 11 0.001651 2
8 4 0 23 10 0.001848 2
8 4 0 24 6 0.000764 0
8 4 0 25 9 0.001781 0
8 4 0 26 10 0.001933 0
8 4 0 27 11 0.002626 2
8 4 0 28 12 0.003808 2
8 4 0 29 11 0.001586 0
8 4 0 30 9 0.001961 2
8 4 0 31 10 0.001801 2
8 4 0 32 8 0.001496 2
8 4 0 33 9 0.000728 0
8 4 0 34 8 0.000873 0
8 4 0 35 6 0.000641 2
8 4 0 36 12 0.001987 2
8 4 0 37 7 0.000755 2
8 4 0 38 9 0.001228 2
8 4 0 39 13 0.005107 0
8 4 0 40 7 0.000774 2
8 4 0 41 7 0.001106 2
8 4 0 42 6 0.000719 2
8 4 0 43 11 0.003069 2
8 4 0 44 9 0.001302 2
8 4 0 45 8 0.001021 2
8 4 0 46 13 0.005603 2
8 4 0 47 8 0.000731 2
8 4 0 48 10 0.001250 0
8 4 0 49 8 0.000869 0
8 4 0 50 12 0.003841 2
8 4 0 51 12 0.003103 0
8 4 0 52 13 0.006225 0
8 4 0 53 11 0.002372 0
8 4 0 54 10 0.001925 0
8 4 0 55 9 0.001684 2
8 4 0 56 10 0.002062 0
8 4 0 57 11 0.002256 2
8 4 0 58 12 0.003802 0
8 4 0 59 10 0.002392 2
8 4 0 60 12 0.002680 2
8 4 0 61 10 0.001997 2
8 4 0 62 8 0.001344 2
8 4 0 63 11 0.001993 0
8 4 0 64 12 0.003285 0
8 4 0 65 9 0.001600 2
8 4 0 66 10 0.001488 2
8 4 0 67 13 0.003397 0
8 4 0 68 10 0.002080 2
8 4 0 69 8 0.001574 2
8 4 0 70 9 0.001839 0
8 4 0 71 9 0.001590 0
8 4 0 72 10 0.002211 2
8 4 0 73 9 0.001586 2
8 4 0 74 7 0.000725 2
8 4 0 75 10 0.001229 2
8 4 0 76 12 0.002655 2
8 4 0 77 11 0.002280 2
8 4 0 78 11 0.000889 2
8 4 0 79 6 0.000538 0
8 4 0 80 13 0.004445 2
8 4 0 81 10 0.001563 0
8 4 0 82 8 0.000883 2
8 4 0 83 6 0.000884 2
8 4 0 84 7 0.000886 2
8 4 0 85 9 0.001510 2
8 4 0 86 10 0.001834 2
8 4 0 87 8 0.000970 0
8 4 0 88 8 0.001615 2
8 4 0 89 10 0.001991 2
8 4 0 90 12 0.001923 0
8 4 0 91 8 0.001604 0
8 4 0 92 8 0.001529 2
8 4 0 93 6 0.000529 2
8 4 0 94 13 0.003656 0
8 4 0 95 11 0.002167 2
8 4 0 96 6 0.000868 2
8 4 0 97 10 0.002256 0
8 4 0 98 11 0.003568 2
8 4 0 99 9 0.002673 2
8 8 0 0 9 0.001821 2
8 8 0 1 7 0.001141 2
8 8 0 2 10 0.002260 0
8 8 0 3 10 0.001623 2
8 8 0 4 5 0.000618 2
8 8 0 5 4 0.000365 2
8 8 0 6 12 0.002334 2
8 8 0 7 6 0.000881 2
8 8 0 8 6 0.000990 0
8 8 0 9 8 0.000960 0
8 8 0 10 10 0.002082 2
8 8 0 11 7 0.001381 2
8 8 0 12 9 0.002047 2
8 8 0 13 12 0.004239 0
8 8 0 14 10 0.001762 2
8 8 0 15 9 0.001927 2
8 8 0 16 8 0.001155 2
8 8 0 17 10 0.002229 2
8 8 0 18 10 0.001566 2
8 8 0 19 7 0.000913 2
8 8 0 20 11 0.003417 0
8 8 0 21 7 0.001190 2
8 8 0 22 11 0.002786 2
8 8 0 23 10 0.002190 2
8 8 0 24 6 0.000819 0
8 8 0 25 9 0.002228 0
8 8 0 26 10 0.002046 0
8 8 0 27 11 0.003450 2
8 8 0 28 13 0.006070 2
8 8 0 29 12 0.001722 0
8 8 0 30 10 0.003328 2
8 8 0 31 10 0.002905 2
8 8 0 32 9 0.001982 2
8 8 0 33 10 0.001184 0
8 8 0 34 9 0.001691 0
8 8 0 35 7 0.000798 2
8 8 0 36 12 0.002352 2
8 8 0 37 7 0.000826 2
8 8 0 38 10 0.002039 2
8 8 0 39 13 0.006002 0
8 8 0 40 7 0.000722 2
8 8 0 41 7 0.001048 2
8 8 0 42 7 0.001087 2
8 8 0 43 11 0.003483 2
8 8 0 44 9 0.001878 2
8 8 0 45 8 0.001297 2
8 8 0 46 13 0.005932 2
8 8 0 47 8 0.000758 2
8 8 0 48 8 0.001197 0
8 8 0 49 8 0.001233 0
8 8 0 50 12 0.005824 2
8 8 0 51 12 0.003877 0
8 8 0 52 14 0.010317 0
8 8 0 53 11 0.003305 0
8 8 0 54 9 0.001281 0
8 8 0 55 9 0.001808 2
8 8 0 56 11 0.003505 0
8 8 0 57 11 0.003296 2
8 8 0 58 13 0.006075 0
8 8 0 59 10 0.003427 2
8 8 0 60 13 0.004377 2
8 8 0 61 11 0.003413 2
8 8 0 62 7 0.000972 2
8 8 0 63 10 0.001564 0
8 8 0 64 12 0.003709 0
8 8 0 65 9 0.001971 2
8 8 0 66 9 0.001435 2
8 8 0 67 13 0.004800 0
8 8 0 68 11 0.002594 2
8 8 0 69 9 0.001945 2
8 8 0 70 9 0.001837 0
8 8 0 71 9 0.002061 0
8 8 0 72 11 0.003590 2
8 8 0 73 10 0.002843 2
8 8 0 74 8 0.000742 2
8 8 0 75 11 0.001870 2
8 8 0 76 11 0.002813 2
8 8 0 77 11 0.002744 2
8 8 0 78 11 0.001261 2
8 8 0 79 5 0.000452 0
8 8 0 80 13 0.005725 2
8 8 0 81 10 0.001755 0
8 8 0 82 7 0.001074 2
8 8 0 83 7 0.001179 2
8 8 0 84 8 0.001120 2
8 8 0 85 9 0.002049 2
8 8 0 86 9 0.001734 2
8 8 0 87 8 0.001308 0
8 8 0 88 8 0.001707 2
8 8 0 89 10 0.002031 2
8 8 0 90 12 0.003609 0
8 8 0 91 9 0.002018 0
8 8 0 92 9 0.001945 2
8 8 0 93 7 0.000668 2
8 8 0 94 12 0.003763 0
8 8 0 95 12 0.003292 2
8 8 0 96 6 0.000815 2
8 8 0 97 11 0.003527 0
8 8 0 98 12 0.005865 2
8 8 0 99 10 0.003267 2
16 1 0 0 15 0.001175 0
16 1 0 1 13 0.000792 0
16 1 0 2 15 0.000988 0
16 1 0 3 16 0.001007 0
16 1 0 4 15 0.001326 0
16 1 0 5 14 0.000917 0
16 1 0 6 16 0.001179 0
16 1 0 7 16 0.001095 0
16 1 0 8 15 0.000947 0
16 1 0 9 14 0.000818 0
16 1 0 10 15 0.000735 0
16 1 0 11 12 0.000653 0
16 1 0 12 11 0.000576 0
16 1 0 13 15 0.001332 0
16 1 0 14 16 0.000930 0
16 1 0 15 14 0.001082 0
16 1 0 16 15 0.000932 0
16 1 0 17 16 0.001024 0
16 1 0 18 16 0.000960 0
16 1 0 19 14 0.000921 0
16 1 0 20 16 0.001543 0
16 1 0 21 16 0.001440 0
16 1 0 22 14 0.000825 0
16 1 0 23 15 0.000941 0
16 1 0 24 12 0.000918 0
16 1 0 25 13 0.000971 0
16 1 0 26 11 0.000634 0
16 1 0 27 12 0.000927 0
16 1 0 28 15 0.001024 0
16 1 0 29 16 0.001117 0
16 1 0 30 14 0.001195 0
16 1 0 31 15 0.001245 0
16 1 0 32 13 0.000877 0
16 1 0 33 14 0.000994 0
16 1 0 34 15 0.001233 2
16 1 0 35 15 0.000950 0
16 1 0 36 15 0.001083 0
16 1 0 37 12 0.000873 0
16 1 0 38 15 0.001150 0
16 1 0 39 14 0.001132 0
16 1 0 40 12 0.000745 0
16 1 0 41 15 0.001183 0
16 1 0 42 15 0.000875 0
16 1 0 43 16 0.001164 0
16 1 0 44 16 0.001418 0
16 1 0 45 14 0.001001 0
16 1 0 46 15 0.001180 0
16 1 0 47 14 0.000867 0
16 1 0 48 15 0.001306 0
16 1 0 49 13 0.000863 0
16 1 0 50 13 0.000852 0
16 1 0 51 16 0.001309 0
16 1 0 52 15 0.001013 0
16 1 0 53 12 0.000688 0
16 1 0 54 15 0.001000 0
16 1 0 55 16 0.001426 0
16 1 0 56 15 0.001215 0
16 1 0 57 15 0.000863 0
16 1 0 58 15 0.001529 0
16 1 0 59 16 0.001033 0
16 1 0 60 16 0.001004 0
16 1 0 61 16 0.001058 0
16 1 0 62 16 0.001169 2
16 1 0 63 14 0.001143 0
16 1 0 64 14 0.000978 0
16 1 0 65 14 0.001108 2
16 1 0 66 16 0.001163 0
16 1 0 67 16 0.001133 0
16 1 0 68 14 0.001056 0
16 1 0 69 13 0.000736 0
16 1 0 70 14 0.000864 0
16 1 0 71 16 0.001336 2
16 1 0 72 16 0.001471 0
16 1 0 73 15 0.001167 0
16 1 0 74 16 0.001108 0
16 1 0 75 12 0.000576 0
16 1 0 76 15 0.001081 0
16 1 0 77 15 0.001379 0
16 1 0 78 15 0.001046 0
16 1 0 79 16 0.000985 0
16 1 0 80 16 0.001290 0
16 1 0 81 16 0.001285 0
16 1 0 82 16 0.001644 0
16 1 0 83 16 0.001381 0
16 1 0 84 15 0.000970 0
16 1 0 85 16 0.001610 0
16 1 0 86 15 0.001282 0
16 1 0 87 15 0.000932 0
16 1 0 88 16 0.001501 0
16 1 0 89 16 0.001157 2
16 1 0 90 16 0.001048 0
16 1 0 91 15 0.000906 0
16 1 0 92 15 0.001227 0
16 1 0 93 16 0.001425 0
16 1 0 94 16 0.001329 0
16 1 0 95 16 0.001169 0
16 1 0 96 14 0.000991 0
16 1 0 97 14 0.001262 0
16 1 0 98 16 0.001269 0
16 1 0 99 15 0.001311 0
16 2 0 0 16 0.002460 2
16 2 0 1 12 0.001664 0
16 2 0 2 14 0.001731 0
16 2 0 3 15 0.001949 0
16 2 0 4 17 0.003104 2
16 2 0 5 17 0.002127 0
16 2 0 6 15 0.002186 2
16 2 0 7 16 0.002433 2
16 2 0 8 17 0.002156 2
16 2 0 9 14 0.001570 0
16 2 0 10 16 0.001431 2
16 2 0 11 16 0.001470 2
16 2 0 12 15 0.001680 0
16 2 0 13 16 0.002793 0
16 2 0 14 17 0.001948 2
16 2 0 15 17 0.002580 2
16 2 0 16 17 0.002059 2
16 2 0 17 15 0.001888 0
16 2 0 18 16 0.001908 2
16 2 0 19 17 0.001897 2
16 2 0 20 18 0.003843 2
16 2 0 21 17 0.003359 0
16 2 0 22 14 0.001609 2
16 2 0 23 14 0.001831 2
16 2 0 24 13 0.001809 2
16 2 0 25 12 0.001605 2
16 2 0 26 13 0.001328 0
16 2 0 27 14 0.002049 0
16 2 0 28 18 0.002083 0
16 2 0 29 17 0.002490 2
16 2 0 30 13 0.002603 2
16 2 0 31 15 0.002703 2
16 2 0 32 15 0.002130 2
16 2 0 33 11 0.001182 2
16 2 0 34 16 0.002480 2
16 2 0 35 14 0.001751 0
16 2 0 36 14 0.002245 2
16 2 0 37 16 0.002377 2
16 2 0 38 15 0.002363 2
16 2 0 39 13 0.002186 2
16 2 0 40 11 0.001129 0
16 2 0 41 16 0.002600 2
16 2 0 42 15 0.001541 0
16 2 0 43 18 0.002568 0
16 2 0 44 18 0.003298 0
16 2 0 45 16 0.002235 2
16 2 0 46 15 0.002423 2
16 2 0 47 14 0.001623 0
16 2 0 48 15 0.002822 0
16 2 0 49 14 0.002031 0
16 2 0 50 16 0.001740 0
16 2 0 51 16 0.002946 2
16 2 0 52 15 0.001821 2
16 2 0 53 12 0.001255 0
16 2 0 54 17 0.001992 0
16 2 0 55 17 0.003408 0
16 2 0 56 15 0.002708 0
16 2 0 57 13 0.001681 0
16 2 0 58 16 0.003551 0
16 2 0 59 18 0.002219 0
16 2 0 60 17 0.002120 2
16 2 0 61 15 0.002069 2
16 2 0 62 15 0.002467 2
16 2 0 63 13 0.002441 2
16 2 0 64 15 0.002157 2
16 2 0 65 17 0.002489 2
16 2 0 66 16 0.002462 2
16 2 0 67 17 0.002418 2
16 2 0 68 15 0.002285 0
16 2 0 69 14 0.001341 2
16 2 0 70 14 0.001308 0
16 2 0 71 17 0.002923 2
16 2 0 72 17 0.003358 2
16 2 0 73 17 0.002486 0
16 2 0 74 14 0.002181 0
16 2 0 75 13 0.001020 2
16 2 0 76 17 0.002259 0
16 2 0 77 18 0.003436 2
16 2 0 78 16 0.002121 0
16 2 0 79 15 0.001668 0
16 2 0 80 16 0.002843 0
16 2 0 81 16 0.002919 2
16 2 0 82 18 0.003976 2
16 2 0 83 15 0.002994 2
16 2 0 84 17 0.001963 0
16 2 0 85 17 0.003677 2
16 2 0 86 18 0.002999 0
16 2 0 87 16 0.001677 0
16 2 0 88 18 0.003618 0
16 2 0 89 18 0.002652 2
16 2 0 90 15 0.002176 2
16 2 0 91 16 0.001831 2
16 2 0 92 15 0.002266 0
16 2 0 93 17 0.003109 2
16 2 0 94 17 0.002865 2
16 2 0 95 16 0.002190 2
16 2 0 96 15 0.002099 0
16 2 0 97 16 0.002959 2
16 2 0 98 16 0.002770 0
16 2 0 99 17 0.003040 2
16 4 0 0 19 0.005605 2
16 4 0 1 13 0.002461 2
16 4 0 2 16 0.003562 0
16 4 0 3 16 0.003798 2
16 4 0 4 19 0.006307 2
16 4 0 5 17 0.004117 2
16 4 0 6 18 0.004865 2
16 4 0 7 21 0.006014 2
16 4 0 8 20 0.004412 2
16 4 0 9 17 0.002983 2
16 4 0 10 18 0.002597 2
16 4 0 11 14 0.002058 2
16 4 0 12 16 0.003037 2
16 4 0 13 18 0.005565 0
16 4 0 14 19 0.003826 2
16 4 0 15 18 0.005129 2
16 4 0 16 18 0.003831 2
16 4 0 17 17 0.003779 2
16 4 0 18 17 0.003581 2
16 4 0 19 17 0.003248 2
16 4 0 20 20 0.008931 2
16 4 0 21 18 0.006992 2
16 4 0 22 16 0.002814 2
16 4 0 23 17 0.003768 2
16 4 0 24 14 0.003766 2
16 4 0 25 15 0.003401 2
16 4 0 26 10 0.001639 0
16 4 0 27 16 0.004527 0
16 4 0 28 20 0.004310 2
16 4 0 29 19 0.005040 2
16 4 0 30 16 0.005725 2
16 4 0 31 17 0.005459 2
16 4 0 32 17 0.004543 2
16 4 0 33 12 0.001986 2
16 4 0 34 19 0.006109 2
16 4 0 35 16 0.003575 0
16 4 0 36 17 0.004706 2
16 4 0 37 17 0.005181 2
16 4 0 38 19 0.005967 2
16 4 0 39 16 0.004519 2
16 4 0 40 12 0.001942 2
16 4 0 41 15 0.004456 2
16 4 0 42 17 0.002737 0
16 4 0 43 22 0.007026 0
16 4 0 44 19 0.008061 0
16 4 0 45 16 0.003882 2
16 4 0 46 16 0.004457 2
16 4 0 47 16 0.002980 0
16 4 0 48 18 0.006587 0
16 4 0 49 14 0.003447 2
16 4 0 50 15 0.003130 0
16 4 0 51 20 0.007474 2
16 4 0 52 18 0.003970 2
16 4 0 53 14 0.002890 0
16 4 0 54 17 0.003827 0
16 4 0 55 19 0.007933 0
16 4 0 56 18 0.006017 0
16 4 0 57 15 0.003043 2
16 4 0 58 20 0.009499 0
16 4 0 59 19 0.004570 0
16 4 0 60 20 0.005501 2
16 4 0 61 19 0.004984 2
16 4 0 62 20 0.006205 2
16 4 0 63 17 0.005073 2
16 4 0 64 17 0.004141 2
16 4 0 65 18 0.005222 2
16 4 0 66 18 0.004930 2
16 4 0 67 21 0.005748 2
16 4 0 68 16 0.004010 0
16 4 0 69 14 0.001907 2
16 4 0 70 17 0.002789 0
16 4 0 71 20 0.006656 2
16 4 0 72 21 0.009708 2
16 4 0 73 16 0.003954 2
16 4 0 74 17 0.004822 0
16 4 0 75 13 0.001769 2
16 4 0 76 18 0.004203 0
16 4 0 77 18 0.006636 2
16 4 0 78 17 0.004081 2
16 4 0 79 16 0.003457 0
16 4 0 80 20 0.006838 0
16 4 0 81 20 0.007005 2
16 4 0 82 21 0.010607 2
16 4 0 83 19 0.007173 2
16 4 0 84 17 0.003341 0
16 4 0 85 21 0.009531 2
16 4 0 86 20 0.006063 0
16 4 0 87 18 0.003658 2
16 4 0 88 19 0.008577 0
16 4 0 89 21 0.006846 2
16 4 0 90 19 0.004706 2
16 4 0 91 19 0.004224 2
16 4 0 92 17 0.005108 0
16 4 0 93 20 0.007159 2
16 4 0 94 20 0.006969 2
16 4 0 95 18 0.004388 2
16 4 0 96 17 0.004284 2
16 4 0 97 19 0.008391 2
16 4 0 98 19 0.006004 0
16 4 0 99 21 0.007546 2
16 8 0 0 23 0.011807 2
16 8 0 1 15 0.004247 2
16 8 0 2 19 0.007861 0
16 8 0 3 21 0.008434 2
16 8 0 4 23 0.014311 2
16 8 0 5 21 0.008176 2
16 8 0 6 20 0.011909 2
16 8 0 7 24 0.018434 2
16 8 0 8 24 0.012512 2
16 8 0 9 18 0.004125 2
16 8 0 10 21 0.005362 2
16 8 0 11 18 0.003746 2
16 8 0 12 16 0.003648 2
16 8 0 13 24 0.014680 0
16 8 0 14 23 0.010199 2
16 8 0 15 22 0.013531 2
16 8 0 16 23 0.008962 2
16 8 0 17 20 0.008733 2
16 8 0 18 22 0.008184 2
16 8 0 19 20 0.006318 2
16 8 0 20 26 0.029447 2
16 8 0 21 24 0.020260 2
16 8 0 22 18 0.005868 2
16 8 0 23 20 0.006654 2
16 8 0 24 14 0.006615 2
16 8 0 25 17 0.005542 2
16 8 0 26 13 0.002533 2
16 8 0 27 17 0.009547 0
16 8 0 28 24 0.008771 2
16 8 0 29 25 0.015464 2
16 8 0 30 18 0.013843 2
16 8 0 31 21 0.016500 2
16 8 0 32 22 0.011481 2
16 8 0 33 14 0.003572 2
16 8 0 34 20 0.013818 2
16 8 0 35 20 0.009652 0
16 8 0 36 18 0.011814 2
16 8 0 37 18 0.008347 2
16 8 0 38 21 0.012430 2
16 8 0 39 18 0.007626 2
16 8 0 40 13 0.002945 2
16 8 0 41 21 0.014057 2
16 8 0 42 20 0.004944 0
16 8 0 43 28 0.021938 0
16 8 0 44 26 0.031464 0
16 8 0 45 19 0.007905 2
16 8 0 46 18 0.010138 2
16 8 0 47 16 0.004684 0
16 8 0 48 19 0.010574 0
16 8 0 49 17 0.006777 2
16 8 0 50 18 0.005188 0
16 8 0 51 24 0.021120 2
16 8 0 52 22 0.009234 2
16 8 0 53 15 0.003157 0
16 8 0 54 19 0.006950 0
16 8 0 55 24 0.025097 0
16 8 0 56 20 0.012204 0
16 8 0 57 18 0.004858 2
16 8 0 58 25 0.034897 0
16 8 0 59 24 0.012344 0
16 8 0 60 25 0.017043 2
16 8 0 61 23 0.014073 2
16 8 0 62 22 0.017671 2
16 8 0 63 19 0.009488 2
16 8 0 64 20 0.008408 2
16 8 0 65 20 0.008813 2
16 8 0 66 21 0.013612 2
16 8 0 67 25 0.018839 2
16 8 0 68 19 0.007212 0
16 8 0 69 17 0.004265 2
16 8 0 70 18 0.004124 0
16 8 0 71 26 0.023046 2
16 8 0 72 27 0.044680 2
16 8 0 73 19 0.008355 2
16 8 0 74 20 0.010762 0
16 8 0 75 16 0.002250 2
16 8 0 76 24 0.010256 0
16 8 0 77 23 0.020072 2
16 8 0 78 22 0.009720 2
16 8 0 79 21 0.006912 0
16 8 0 80 23 0.021967 0
16 8 0 81 25 0.018670 2
16 8 0 82 26 0.029166 2
16 8 0 83 22 0.021703 2
16 8 0 84 21 0.006652 0
16 8 0 85 26 0.029134 2
16 8 0 86 23 0.013926 0
16 8 0 87 19 0.007074 2
16 8 0 88 26 0.026758 0
16 8 0 89 27 0.024745 2
16 8 0 90 22 0.009132 2
16 8 0 91 23 0.012524 2
16 8 0 92 20 0.013669 0
16 8 0 93 26 0.029577 2
16 8 0 94 24 0.018015 2
16 8 0 95 23 0.011512 2
16 8 0 96 19 0.010304 2
16 8 0 97 21 0.019963 2
16 8 0 98 23 0.013091 0
16 8 0 99 27 0.024392 2
32 1 0 0 31 0.002247 0
32 1 0 1 30 0.002179 0
32 1 0 2 31 0.002433 0
32 1 0 3 31 0.002492 0
32 1 0 4 31 0.002385 0
32 1 0 5 31 0.002471 0
32 1 0 6 31 0.002253 0
32 1 0 7 25 0.001610 0
32 1 0 8 29 0.002267 0
32 1 0 9 31 0.002300 0
32 1 0 10 27 0.001721 0
32 1 0 11 30 0.002298 0
32 1 0 12 27 0.001881 0
32 1 0 13 29 0.002105 0
32 1 0 14 28 0.001906 0
32 1 0 15 30 0.002242 0
32 1 0 16 31 0.002570 0
32 1 0 17 28 0.002599 0
32 1 0 18 30 0.002151 0
32 1 0 19 32 0.002859 0
32 1 0 20 26 0.001930 0
32 1 0 21 31 0.002131 0
32 1 0 22 32 0.002569 0
32 1 0 23 29 0.002338 0
32 1 0 24 29 0.002168 0
32 1 0 25 31 0.002072 0
32 1 0 26 31 0.002635 0
32 1 0 27 27 0.001731 0
32 1 0 28 32 0.002463 0
32 1 0 29 31 0.002611 0
32 1 0 30 30 0.002383 0
32 1 0 31 32 0.002610 0
32 1 0 32 28 0.001824 0
32 1 0 33 29 0.002008 0
32 1 0 34 31 0.002746 0
32 1 0 35 29 0.002192 0
32 1 0 36 32 0.002818 0
32 1 0 37 29 0.001810 0
32 1 0 38 31 0.002156 0
32 1 0 39 23 0.001313 0
32 1 0 40 31 0.002445 0
32 1 0 41 31 0.002326 0
32 1 0 42 31 0.002255 0
32 1 0 43 32 0.002583 0
32 1 0 44 28 0.001973 0
32 1 0 45 31 0.002687 0
32 1 0 46 29 0.002656 0
32 1 0 47 29 0.002317 0
32 1 0 48 26 0.001322 0
32 1 0 49 31 0.002417 0
32 1 0 50 30 0.002189 0
32 1 0 51 29 0.002234 0
32 1 0 52 31 0.002232 0
32 1 0 53 27 0.002019 0
32 1 0 54 29 0.001886 0
32 1 0 55 28 0.001823 0
32 1 0 56 30 0.002306 0
32 1 0 57 30 0.002639 0
32 1 0 58 32 0.002643 0
32 1 0 59 28 0.001883 0
32 1 0 60 31 0.002741 0
32 1 0 61 29 0.002153 0
32 1 0 62 32 0.002226 0
32 1 0 63 29 0.002115 0
32 1 0 64 32 0.001606 0
32 1 0 65 30 0.002462 0
32 1 0 66 28 0.001758 0
32 1 0 67 31 0.002163 0
32 1 0 68 27 0.001700 0
32 1 0 69 29 0.002151 0
32 1 0 70 27 0.001769 0
32 1 0 71 31 0.002478 0
32 1 0 72 31 0.002131 0
32 1 0 73 30 0.002590 0
32 1 0 74 30 0.002025 0
32 1 0 75 31 0.001979 0
32 1 0 76 31 0.002594 0
32 1 0 77 32 0.002707 0
32 1 0 78 30 0.002257 0
32 1 0 79 31 0.001953 0
32 1 0 80 29 0.001966 0
32 1 0 81 32 0.002601 0
32 1 0 82 31 0.002269 0
32 1 0 83 29 0.002009 0
32 1 0 84 31 0.002450 0
32 1 0 85 29 0.002057 0
32 1 0 86 32 0.002475 0
32 1 0 87 28 0.001679 0
32 1 0 88 30 0.002373 0
32 1 0 89 31 0.001963 0
32 1 0 90 31 0.001842 0
32 1 0 91 32 0.002041 0
32 1 0 92 27 0.001823 0
32 1 0 93 28 0.002017 0
32 1 0 94 31 0.002219 0
32 1 0 95 26 0.001480 0
32 1 0 96 30 0.002124 0
32 1 0 97 29 0.002216 0
32 1 0 98 31 0.002701 0
32 1 0 99 31 0.002304 2
32 2 0 0 32 0.004658 0
32 2 0 1 30 0.004369 0
32 2 0 2 30 0.005035 0
32 2 0 3 31 0.005300 0
32 2 0 4 30 0.005113 0
32 2 0 5 33 0.005155 0
32 2 0 6 32 0.004942 2
32 2 0 7 26 0.003280 0
32 2 0 8 30 0.004819 2
32 2 0 9 33 0.004937 2
32 2 0 10 28 0.003882 0
32 2 0 11 30 0.004820 2
32 2 0 12 32 0.004240 0
32 2 0 13 31 0.004525 0
32 2 0 14 28 0.004232 0
32 2 0 15 32 0.005008 2
32 2 0 16 32 0.005885 2
32 2 0 17 30 0.006098 2
32 2 0 18 31 0.004681 0
32 2 0 19 33 0.006563 2
32 2 0 20 29 0.004802 0
32 2 0 21 33 0.004389 2
32 2 0 22 32 0.005461 2
32 2 0 23 32 0.005696 2
32 2 0 24 33 0.005080 2
32 2 0 25 29 0.004184 0
32 2 0 26 33 0.006089 2
32 2 0 27 27 0.003255 0
32 2 0 28 33 0.005524 2
32 2 0 29 33 0.005735 0
32 2 0 30 30 0.005001 0
32 2 0 31 33 0.005772 2
32 2 0 32 26 0.003496 2
32 2 0 33 28 0.004142 2
32 2 0 34 28 0.005891 2
32 2 0 35 31 0.005148 2
32 2 0 36 33 0.006552 2
32 2 0 37 27 0.003343 0
32 2 0 38 30 0.004416 2
32 2 0 39 24 0.002143 0
32 2 0 40 30 0.005111 0
32 2 0 41 28 0.004721 2
32 2 0 42 31 0.005071 2
32 2 0 43 30 0.005337 0
32 2 0 44 29 0.004067 0
32 2 0 45 33 0.006033 2
32 2 0 46 30 0.006014 0
32 2 0 47 32 0.004927 2
32 2 0 48 27 0.002722 0
32 2 0 49 29 0.004987 0
32 2 0 50 33 0.004867 0
32 2 0 51 28 0.004368 0
32 2 0 52 29 0.004373 2
32 2 0 53 29 0.004561 0
32 2 0 54 25 0.003426 2
32 2 0 55 30 0.003489 0
32 2 0 56 28 0.004960 0
32 2 0 57 31 0.006049 2
32 2 0 58 33 0.005965 2
32 2 0 59 28 0.004155 0
32 2 0 60 31 0.006197 2
32 2 0 61 28 0.004483 2
32 2 0 62 32 0.004679 0
32 2 0 63 29 0.003996 0
32 2 0 64 29 0.002503 2
32 2 0 65 32 0.005452 0
32 2 0 66 31 0.003767 2
32 2 0 67 33 0.004725 2
32 2 0 68 26 0.003683 2
32 2 0 69 29 0.004960 0
32 2 0 70 25 0.003084 0
32 2 0 71 30 0.005593 0
32 2 0 72 33 0.004447 0
32 2 0 73 33 0.006376 2
32 2 0 74 29 0.004060 0
32 2 0 75 28 0.003668 2
32 2 0 76 32 0.005943 2
32 2 0 77 32 0.005998 0
32 2 0 78 29 0.004734 0
32 2 0 79 32 0.004176 2
32 2 0 80 28 0.003747 2
32 2 0 81 32 0.005551 0
32 2 0 82 32 0.004788 2
32 2 0 83 31 0.004675 0
32 2 0 84 31 0.005347 0
32 2 0 85 27 0.004115 0
32 2 0 86 31 0.005369 2
32 2 0 87 29 0.003034 0
32 2 0 88 30 0.004963 0
32 2 0 89 30 0.004171 0
32 2 0 90 31 0.003832 0
32 2 0 91 32 0.004076 2
32 2 0 92 29 0.003978 2
32 2 0 93 29 0.004532 0
32 2 0 94 26 0.004495 2
32 2 0 95 26 0.003174 2
32 2 0 96 32 0.004433 2
32 2 0 97 28 0.004639 2
32 2 0 98 32 0.006414 2
32 2 0 99 33 0.004820 2
32 4 0 0 35 0.010201 0
32 4 0 1 32 0.009734 0
32 4 0 2 32 0.011220 2
32 4 0 3 32 0.012050 0
32 4 0 4 33 0.012329 2
32 4 0 5 32 0.010417 0
32 4 0 6 35 0.012085 2
32 4 0 7 21 0.004780 0
32 4 0 8 26 0.008095 2
32 4 0 9 33 0.010159 2
32 4 0 10 30 0.008044 0
32 4 0 11 32 0.010803 2
32 4 0 12 31 0.008343 0
32 4 0 13 36 0.011241 2
32 4 0 14 31 0.009112 2
32 4 0 15 34 0.011567 2
32 4 0 16 35 0.013779 2
32 4 0 17 30 0.013011 2
32 4 0 18 33 0.010155 2
32 4 0 19 36 0.015792 2
32 4 0 20 30 0.010035 0
32 4 0 21 36 0.009731 2
32 4 0 22 34 0.012884 2
32 4 0 23 33 0.012071 2
32 4 0 24 30 0.009796 2
32 4 0 25 31 0.008375 0
32 4 0 26 36 0.014311 2
32 4 0 27 30 0.006275 2
32 4 0 28 35 0.011916 2
32 4 0 29 35 0.013855 0
32 4 0 30 32 0.010732 2
32 4 0 31 34 0.012376 2
32 4 0 32 29 0.006772 2
32 4 0 33 32 0.009011 2
32 4 0 34 32 0.014129 2
32 4 0 35 33 0.012597 2
32 4 0 36 35 0.014930 2
32 4 0 37 29 0.007004 0
32 4 0 38 34 0.009854 2
32 4 0 39 29 0.004822 0
32 4 0 40 33 0.011372 0
32 4 0 41 32 0.010802 2
32 4 0 42 35 0.011117 2
32 4 0 43 33 0.011772 2
32 4 0 44 31 0.008659 0
32 4 0 45 33 0.012887 2
32 4 0 46 34 0.014370 2
32 4 0 47 30 0.009411 2
32 4 0 48 29 0.005324 0
32 4 0 49 34 0.012245 0
32 4 0 50 33 0.009949 0
32 4 0 51 29 0.010284 2
32 4 0 52 32 0.010293 2
32 4 0 53 33 0.009710 2
32 4 0 54 28 0.006287 2
32 4 0 55 31 0.008115 0
32 4 0 56 33 0.011637 2
32 4 0 57 33 0.014770 2
32 4 0 58 37 0.014765 2
32 4 0 59 30 0.008452 0
32 4 0 60 35 0.015328 2
32 4 0 61 34 0.010680 2
32 4 0 62 35 0.010400 0
32 4 0 63 29 0.007819 2
32 4 0 64 33 0.005058 2
32 4 0 65 34 0.011555 0
32 4 0 66 31 0.007636 2
32 4 0 67 32 0.009372 2
32 4 0 68 25 0.006601 2
32 4 0 69 33 0.010781 2
32 4 0 70 27 0.006888 0
32 4 0 71 33 0.011625 2
32 4 0 72 32 0.009067 2
32 4 0 73 34 0.014486 2
32 4 0 74 32 0.009165 2
32 4 0 75 33 0.008303 2
32 4 0 76 32 0.013363 2
32 4 0 77 35 0.013609 2
32 4 0 78 32 0.010665 2
32 4 0 79 34 0.008158 2
32 4 0 80 29 0.007485 2
32 4 0 81 36 0.012619 0
32 4 0 82 35 0.010598 2
32 4 0 83 30 0.008083 0
32 4 0 84 34 0.012870 0
32 4 0 85 32 0.009432 2
32 4 0 86 29 0.010284 2
32 4 0 87 31 0.006659 2
32 4 0 88 34 0.010583 0
32 4 0 89 33 0.008261 2
32 4 0 90 34 0.007504 0
32 4 0 91 36 0.009690 2
32 4 0 92 33 0.007858 2
32 4 0 93 30 0.009283 0
32 4 0 94 30 0.010511 2
32 4 0 95 24 0.004453 2
32 4 0 96 33 0.009242 2
32 4 0 97 32 0.010600 2
32 4 0 98 35 0.015778 2
32 4 0 99 35 0.010105 2
32 8 0 0 37 0.024306 0
32 8 0 1 34 0.024202 0
32 8 0 2 39 0.033879 2
32 8 0 3 39 0.036402 0
32 8 0 4 35 0.030051 2
32 8 0 5 36 0.025718 0
32 8 0 6 38 0.034229 2
32 8 0 7 27 0.011877 0
32 8 0 8 33 0.020482 2
32 8 0 9 37 0.026018 2
32 8 0 10 34 0.020986 0
32 8 0 11 38 0.030764 2
32 8 0 12 33 0.018913 0
32 8 0 13 40 0.039378 2
32 8 0 14 32 0.022851 2
32 8 0 15 39 0.027774 2
32 8 0 16 40 0.039496 2
32 8 0 17 36 0.036987 2
32 8 0 18 39 0.024836 2
32 8 0 19 42 0.051305 2
32 8 0 20 38 0.028321 0
32 8 0 21 39 0.024300 2
32 8 0 22 38 0.034866 2
32 8 0 23 38 0.032970 2
32 8 0 24 36 0.025092 2
32 8 0 25 34 0.019117 0
32 8 0 26 39 0.036657 2
32 8 0 27 31 0.012318 2
32 8 0 28 40 0.032886 2
32 8 0 29 42 0.054150 0
32 8 0 30 36 0.026772 2
32 8 0 31 41 0.039169 2
32 8 0 32 30 0.012993 2
32 8 0 33 34 0.019974 2
32 8 0 34 38 0.040966 2
32 8 0 35 35 0.027899 2
32 8 0 36 42 0.048652 2
32 8 0 37 37 0.017313 0
32 8 0 38 41 0.028685 2
32 8 0 39 27 0.007059 0
32 8 0 40 37 0.029812 0
32 8 0 41 36 0.028491 2
32 8 0 42 37 0.032211 2
32 8 0 43 37 0.035961 2
32 8 0 44 32 0.017192 0
32 8 0 45 39 0.035864 2
32 8 0 46 36 0.037979 2
32 8 0 47 35 0.023495 2
32 8 0 48 28 0.010703 0
32 8 0 49 37 0.030459 0
32 8 0 50 40 0.032091 0
32 8 0 51 31 0.027864 2
32 8 0 52 33 0.021323 2
32 8 0 53 35 0.023847 2
32 8 0 54 33 0.016873 2
32 8 0 55 32 0.013262 0
32 8 0 56 37 0.031351 2
32 8 0 57 39 0.052193 2
32 8 0 58 41 0.040541 2
32 8 0 59 32 0.020716 0
32 8 0 60 40 0.041400 2
32 8 0 61 37 0.029632 2
32 8 0 62 39 0.026036 0
32 8 0 63 32 0.018514 2
32 8 0 64 36 0.010566 2
32 8 0 65 39 0.034881 0
32 8 0 66 34 0.016870 2
32 8 0 67 35 0.022851 2
32 8 0 68 29 0.014816 2
32 8 0 69 32 0.022858 2
32 8 0 70 28 0.016078 0
32 8 0 71 37 0.028200 2
32 8 0 72 35 0.021173 2
32 8 0 73 40 0.047310 2
32 8 0 74 34 0.022554 2
32 8 0 75 33 0.023640 2
32 8 0 76 37 0.036553 2
32 8 0 77 40 0.041629 2
32 8 0 78 37 0.026930 2
32 8 0 79 39 0.022000 2
32 8 0 80 33 0.017449 2
32 8 0 81 38 0.028906 0
32 8 0 82 38 0.027296 2
32 8 0 83 34 0.020805 0
32 8 0 84 39 0.035253 0
32 8 0 85 34 0.023809 2
32 8 0 86 34 0.028283 2
32 8 0 87 35 0.014548 2
32 8 0 88 33 0.021495 0
32 8 0 89 35 0.019056 2
32 8 0 90 38 0.019060 0
32 8 0 91 41 0.025786 2
32 8 0 92 30 0.014356 2
32 8 0 93 34 0.024289 0
32 8 0 94 36 0.027251 2
32 8 0 95 29 0.009930 2
32 8 0 96 38 0.023808 2
32 8 0 97 35 0.028986 2
32 8 0 98 40 0.054449 2
32 8 0 99 38 0.025728 2
