4 1 0 0 3 0.001427 1
4 1 0 1 4 0.003161 1
4 1 0 2 4 0.005613 1
4 1 0 3 4 0.005407 1
4 1 0 4 4 0.002139 1
4 1 0 5 4 0.007357 1
4 1 0 6 2 0.001066 1
4 1 0 7 2 0.001039 1
4 1 0 8 4 0.002149 1
4 1 0 9 2 0.001293 1
4 1 0 10 4 0.007117 1
4 1 0 11 3 0.001672 1
4 1 0 12 4 0.009729 1
4 1 0 13 2 0.001426 1
4 1 0 14 4 0.006991 1
4 1 0 15 4 0.005357 1
4 1 0 16 2 0.001623 1
4 1 0 17 3 0.001601 1
4 1 0 18 2 0.001100 1
4 1 0 19 2 0.001133 1
4 1 0 20 2 0.001212 1
4 1 0 21 2 0.001102 1
4 1 0 22 4 0.007230 1
4 1 0 23 4 0.003131 1
4 1 0 24 4 0.004435 1
4 1 0 25 4 0.010272 1
4 1 0 26 4 0.004280 1
4 1 0 27 4 0.008077 1
4 1 0 28 4 0.010116 1
4 1 0 29 4 0.007210 1
4 1 0 30 4 0.005406 1
4 1 0 31 4 0.007482 1
4 1 0 32 2 0.001427 1
4 1 0 33 4 0.003660 1
4 1 0 34 4 0.004513 1
4 1 0 35 2 0.000919 1
4 1 0 36 4 0.008651 1
4 1 0 37 4 0.004500 1
4 1 0 38 2 0.001165 1
4 1 0 39 3 0.001507 1
4 1 0 40 4 0.011726 1
4 1 0 41 2 0.001122 1
4 1 0 42 2 0.001457 1
4 1 0 43 4 0.005583 1
4 1 0 44 2 0.001040 1
4 1 0 45 4 0.007369 1
4 1 0 46 4 0.004620 1
4 1 0 47 4 0.002392 1
4 1 0 48 4 0.006830 1
4 1 0 49 4 0.010475 1
4 1 0 50 4 0.002048 1
4 1 0 51 4 0.003208 1
4 1 0 52 3 0.001718 1
4 1 0 53 4 0.007218 1
4 1 0 54 3 0.001723 1
4 1 0 55 3 0.002001 1
4 1 0 56 4 0.010290 1
4 1 0 57 4 0.002251 1
4 1 0 58 4 0.011424 1
4 1 0 59 4 0.003827 1
4 1 0 60 4 0.004892 1
4 1 0 61 4 0.003311 1
4 1 0 62 2 0.000858 1
4 1 0 63 4 0.005453 1
4 1 0 64 4 0.004911 1
4 1 0 65 4 0.004990 1
4 1 0 66 4 0.011002 1
4 1 0 67 3 0.001582 1
4 1 0 68 4 0.002204 1
4 1 0 69 4 0.010791 1
4 1 0 70 4 0.005305 1
4 1 0 71 4 0.006982 1
4 1 0 72 3 0.001784 1
4 1 0 73 4 0.002301 1
4 1 0 74 4 0.005296 1
4 1 0 75 4 0.002120 1
4 1 0 76 4 0.005346 1
4 1 0 77 4 0.007331 1
4 1 0 78 4 0.002166 1
4 1 0 79 4 0.006834 1
4 1 0 80 4 0.006078 1
4 1 0 81 4 0.002871 1
4 1 0 82 3 0.001932 1
4 1 0 83 4 0.004896 1
4 1 0 84 2 0.000968 1
4 1 0 85 4 0.004743 1
4 1 0 86 4 0.007534 1
4 1 0 87 4 0.008272 1
4 1 0 88 4 0.004466 1
4 1 0 89 4 0.003518 1
4 1 0 90 4 0.007676 1
4 1 0 91 4 0.006941 1
4 1 0 92 4 0.006607 1
4 1 0 93 4 0.002307 1
4 1 0 94 2 0.001171 1
4 1 0 95 4 0.004965 1
4 1 0 96 4 0.007373 1
4 1 0 97 2 0.001146 1
4 1 0 98 4 0.005336 1
4 1 0 99 4 0.003587 1
4 2 0 0 1 0.000361 1
4 2 0 1 4 0.004306 1
4 2 0 2 3 0.003592 1
4 2 0 3 3 0.003773 1
4 2 0 4 3 0.001452 1
4 2 0 5 5 0.019913 1
4 2 0 6 3 0.002553 1
4 2 0 7 4 0.007146 1
4 2 0 8 5 0.002869 1
4 2 0 9 4 0.010153 1
4 2 0 10 5 0.019192 1
4 2 0 11 1 0.000564 1
4 2 0 12 5 0.020054 1
4 2 0 13 4 0.011467 1
4 2 0 14 3 0.004587 1
4 2 0 15 4 0.008255 1
4 2 0 16 4 0.011081 1
4 2 0 17 1 0.000413 1
4 2 0 18 4 0.007444 1
4 2 0 19 4 0.006430 1
4 2 0 20 4 0.007377 1
4 2 0 21 3 0.002561 1
4 2 0 22 5 0.019526 1
4 2 0 23 4 0.004425 1
4 2 0 24 4 0.007201 1
4 2 0 25 5 0.022145 1
4 2 0 26 5 0.011378 1
4 2 0 27 3 0.005223 1
4 2 0 28 5 0.021809 1
4 2 0 29 5 0.015519 1
4 2 0 30 5 0.009599 1
4 2 0 31 4 0.012156 1
4 2 0 32 4 0.011290 1
4 2 0 33 5 0.008696 1
4 2 0 34 5 0.011274 1
4 2 0 35 2 0.001014 1
4 2 0 36 5 0.023518 1
4 2 0 37 4 0.006691 1
4 2 0 38 4 0.007099 1
4 2 0 39 1 0.000370 1
4 2 0 40 5 0.026383 1
4 2 0 41 3 0.002471 1
4 2 0 42 4 0.008740 1
4 2 0 43 3 0.003781 1
4 2 0 44 4 0.006937 1
4 2 0 45 5 0.019089 1
4 2 0 46 3 0.003089 1
4 2 0 47 3 0.001477 1
4 2 0 48 3 0.004443 1
4 2 0 49 5 0.021466 1
4 2 0 50 3 0.001489 1
4 2 0 51 2 0.001000 1
4 2 0 52 1 0.000449 1
4 2 0 53 5 0.019844 1
4 2 0 54 1 0.000565 1
4 2 0 55 1 0.000485 1
4 2 0 56 5 0.019613 1
4 2 0 57 3 0.001393 1
4 2 0 58 5 0.021553 1
4 2 0 59 5 0.009460 1
4 2 0 60 3 0.003517 1
4 2 0 61 5 0.008189 1
4 2 0 62 3 0.001496 1
4 2 0 63 3 0.003426 1
4 2 0 64 3 0.003076 1
4 2 0 65 3 0.003611 1
4 2 0 66 5 0.021564 1
4 2 0 67 1 0.000435 1
4 2 0 68 3 0.001439 1
4 2 0 69 5 0.023957 1
4 2 0 70 5 0.013051 1
4 2 0 71 5 0.019239 1
4 2 0 72 1 0.000740 1
4 2 0 73 3 0.001524 1
4 2 0 74 3 0.003446 1
4 2 0 75 3 0.001520 1
4 2 0 76 3 0.003834 1
4 2 0 77 5 0.019489 1
4 2 0 78 3 0.001387 1
4 2 0 79 5 0.017440 1
4 2 0 80 4 0.011273 1
4 2 0 81 4 0.003908 1
4 2 0 82 1 0.000528 1
4 2 0 83 4 0.008236 1
4 2 0 84 3 0.002280 1
4 2 0 85 4 0.008479 1
4 2 0 86 5 0.015164 1
4 2 0 87 5 0.015188 1
4 2 0 88 3 0.002926 1
4 2 0 89 3 0.002588 1
4 2 0 90 5 0.015895 1
4 2 0 91 5 0.018435 1
4 2 0 92 3 0.004212 1
4 2 0 93 5 0.003163 1
4 2 0 94 3 0.003020 1
4 2 0 95 5 0.009660 1
4 2 0 96 5 0.015683 1
4 2 0 97 4 0.007235 1
4 2 0 98 3 0.003342 1
4 2 0 99 5 0.008579 1
4 4 0 0 2 0.000960 1
4 4 0 1 5 0.009354 1
4 4 0 2 4 0.007538 1
4 4 0 3 4 0.007158 1
4 4 0 4 4 0.002361 1
4 4 0 5 5 0.020526 1
4 4 0 6 2 0.001615 1
4 4 0 7 4 0.007143 1
4 4 0 8 6 0.004066 1
4 4 0 9 4 0.010621 1
4 4 0 10 6 0.037663 1
4 4 0 11 2 0.001772 1
4 4 0 12 6 0.037669 1
4 4 0 13 4 0.013375 1
4 4 0 14 4 0.011226 1
4 4 0 15 5 0.013394 1
4 4 0 16 4 0.013376 1
4 4 0 17 2 0.001518 1
4 4 0 18 3 0.004153 1
4 4 0 19 4 0.007841 1
4 4 0 20 4 0.007670 2
4 4 0 21 2 0.001674 1
4 4 0 22 5 0.019435 1
4 4 0 23 5 0.009369 1
4 4 0 24 5 0.013601 1
4 4 0 25 6 0.041944 1
4 4 0 26 6 0.039849 1
4 4 0 27 4 0.013294 1
4 4 0 28 6 0.041840 1
4 4 0 29 5 0.018979 1
4 4 0 30 5 0.009234 1
4 4 0 31 5 0.024128 2
4 4 0 32 4 0.013486 1
4 4 0 33 5 0.016479 1
4 4 0 34 6 0.040099 1
4 4 0 35 2 0.001269 1
4 4 0 36 6 0.042324 1
4 4 0 37 5 0.013776 1
4 4 0 38 4 0.007263 1
4 4 0 39 2 0.000837 1
4 4 0 40 6 0.052426 1
4 4 0 41 2 0.001611 1
4 4 0 42 4 0.010584 1
4 4 0 43 3 0.003952 1
4 4 0 44 4 0.011016 1
4 4 0 45 5 0.020492 1
4 4 0 46 4 0.007395 1
4 4 0 47 4 0.002163 1
4 4 0 48 4 0.011212 1
4 4 0 49 6 0.046379 1
4 4 0 50 4 0.002196 1
4 4 0 51 3 0.002327 1
4 4 0 52 2 0.001483 1
4 4 0 53 5 0.020376 1
4 4 0 54 2 0.001633 1
4 4 0 55 2 0.001853 1
4 4 0 56 5 0.020122 1
4 4 0 57 4 0.002198 1
4 4 0 58 6 0.040524 1
4 4 0 59 6 0.020437 1
4 4 0 60 4 0.007167 1
4 4 0 61 5 0.016829 1
4 4 0 62 2 0.000885 1
4 4 0 63 4 0.007717 2
4 4 0 64 4 0.006864 1
4 4 0 65 4 0.006994 1
4 4 0 66 6 0.041448 1
4 4 0 67 2 0.001352 1
4 4 0 68 4 0.002173 1
4 4 0 69 6 0.055278 1
4 4 0 70 5 0.016838 1
4 4 0 71 5 0.019739 1
4 4 0 72 2 0.001540 1
4 4 0 73 4 0.002169 1
4 4 0 74 4 0.007605 1
4 4 0 75 4 0.002181 1
4 4 0 76 4 0.007286 1
4 4 0 77 5 0.019537 1
4 4 0 78 4 0.002186 1
4 4 0 79 5 0.019007 2
4 4 0 80 5 0.021477 1
4 4 0 81 5 0.007048 1
4 4 0 82 2 0.001781 1
4 4 0 83 5 0.013216 1
4 4 0 84 2 0.001325 1
4 4 0 85 5 0.016509 1
4 4 0 86 6 0.031089 1
4 4 0 87 6 0.029255 1
4 4 0 88 4 0.007209 1
4 4 0 89 3 0.003560 1
4 4 0 90 6 0.031374 1
4 4 0 91 6 0.034295 1
4 4 0 92 4 0.010333 1
4 4 0 93 6 0.003978 1
4 4 0 94 2 0.001878 1
4 4 0 95 5 0.009405 1
4 4 0 96 6 0.031378 1
4 4 0 97 4 0.007157 1
4 4 0 98 4 0.007907 2
4 4 0 99 5 0.016961 1
8 1 0 0 7 0.020148 1
8 1 0 1 7 0.019122 1
8 1 0 2 8 0.045503 1
8 1 0 3 8 0.021012 1
8 1 0 4 7 0.007839 1
8 1 0 5 4 0.002414 1
8 1 0 6 7 0.014814 1
8 1 0 7 6 0.009873 1
8 1 0 8 5 0.004243 1
8 1 0 9 7 0.023111 1
8 1 0 10 8 0.036962 1
8 1 0 11 7 0.023163 1
8 1 0 12 8 0.029925 1
8 1 0 13 7 0.050206 1
8 1 0 14 8 0.023261 1
8 1 0 15 7 0.024911 1
8 1 0 16 7 0.017677 1
8 1 0 17 8 0.032664 1
8 1 0 18 8 0.042659 1
8 1 0 19 7 0.018997 1
8 1 0 20 8 0.052154 1
8 1 0 21 6 0.005474 1
8 1 0 22 8 0.031555 1
8 1 0 23 7 0.018090 1
8 1 0 24 7 0.011754 1
8 1 0 25 8 0.056795 1
8 1 0 26 8 0.038148 1
8 1 0 27 7 0.029201 1
8 1 0 28 8 0.028752 1
8 1 0 29 8 0.031617 1
8 1 0 30 7 0.025703 1
8 1 0 31 6 0.017028 1
8 1 0 32 7 0.016061 1
8 1 0 33 7 0.028314 1
8 1 0 34 6 0.008271 1
8 1 0 35 6 0.009688 1
8 1 0 36 8 0.031836 1
8 1 0 37 6 0.006438 1
8 1 0 38 7 0.016101 1
8 1 0 39 8 0.050273 1
8 1 0 40 6 0.006657 1
8 1 0 41 7 0.021741 1
8 1 0 42 6 0.009936 1
8 1 0 43 8 0.061724 1
8 1 0 44 6 0.018771 1
8 1 0 45 7 0.019325 1
8 1 0 46 8 0.074544 1
8 1 0 47 8 0.016952 1
8 1 0 48 6 0.016353 1
8 1 0 49 7 0.013768 1
8 1 0 50 8 0.052870 1
8 1 0 51 8 0.044551 1
8 1 0 52 8 0.042923 1
8 1 0 53 8 0.050829 1
8 1 0 54 8 0.016207 1
8 1 0 55 7 0.011780 1
8 1 0 56 7 0.023956 1
8 1 0 57 8 0.061496 1
8 1 0 58 8 0.043293 1
8 1 0 59 8 0.038741 1
8 1 0 60 8 0.069696 1
8 1 0 61 7 0.030624 1
8 1 0 62 6 0.018079 1
8 1 0 63 8 0.015238 1
8 1 0 64 8 0.088640 1
8 1 0 65 7 0.021472 1
8 1 0 66 8 0.021944 1
8 1 0 67 8 0.059426 1
8 1 0 68 8 0.051137 1
8 1 0 69 7 0.029955 1
8 1 0 70 7 0.014835 1
8 1 0 71 7 0.025169 1
8 1 0 72 7 0.034372 1
8 1 0 73 7 0.037297 1
8 1 0 74 7 0.014776 1
8 1 0 75 8 0.013721 1
8 1 0 76 8 0.036972 1
8 1 0 77 8 0.038469 1
8 1 0 78 8 0.016657 1
8 1 0 79 6 0.008572 1
8 1 0 80 8 0.053385 1
8 1 0 81 8 0.033981 1
8 1 0 82 6 0.007658 1
8 1 0 83 6 0.007774 1
8 1 0 84 7 0.023917 1
8 1 0 85 6 0.011943 1
8 1 0 86 8 0.049017 1
8 1 0 87 7 0.018522 1
8 1 0 88 8 0.022134 1
8 1 0 89 8 0.029118 1
8 1 0 90 8 0.032405 1
8 1 0 91 7 0.015727 1
8 1 0 92 7 0.019711 1
8 1 0 93 6 0.007298 1
8 1 0 94 8 0.019262 1
8 1 0 95 8 0.034546 1
8 1 0 96 6 0.011980 1
8 1 0 97 8 0.025308 1
8 1 0 98 8 0.033488 1
8 1 0 99 8 0.033838 1
8 2 0 0 9 0.066995 1
8 2 0 1 7 0.039821 1
8 2 0 2 7 0.069643 1
8 2 0 3 8 0.043622 1
8 2 0 4 4 0.005603 1
8 2 0 5 4 0.005697 1
8 2 0 6 9 0.110786 1
8 2 0 7 6 0.031784 1
8 2 0 8 5 0.014838 1
8 2 0 9 8 0.067886 1
8 2 0 10 8 0.101334 2
8 2 0 11 6 0.021801 1
8 2 0 12 7 0.034807 1
8 2 0 13 9 0.236839 1
8 2 0 14 8 0.101972 1
8 2 0 15 9 0.168080 1
8 2 0 16 8 0.094807 1
8 2 0 17 8 0.124247 1
8 2 0 18 7 0.066069 2
8 2 0 19 6 0.020508 1
8 2 0 20 9 0.150324 1
8 2 0 21 6 0.010073 1
8 2 0 22 9 0.114743 1
8 2 0 23 9 0.111671 1
8 2 0 24 4 0.007767 1
8 2 0 25 6 0.079391 1
8 2 0 26 9 0.132637 1
8 2 0 27 9 0.137550 2
8 2 0 28 10 0.109425 1
8 2 0 29 9 0.105354 1
8 2 0 30 9 0.145775 1
8 2 0 31 8 0.100732 1
8 2 0 32 7 0.055906 1
8 2 0 33 8 0.144193 1
8 2 0 34 8 0.051461 1
8 2 0 35 8 0.052524 1
8 2 0 36 10 0.138022 1
8 2 0 37 8 0.082504 1
8 2 0 38 8 0.116021 1
8 2 0 39 10 0.255995 1
8 2 0 40 7 0.026238 1
8 2 0 41 7 0.030646 1
8 2 0 42 8 0.058732 1
8 2 0 43 9 0.187455 1
8 2 0 44 8 0.057289 1
8 2 0 45 9 0.072581 1
8 2 0 46 10 0.324111 2
8 2 0 47 6 0.023071 1
8 2 0 48 7 0.034388 1
8 2 0 49 6 0.011175 1
8 2 0 50 8 0.103830 2
8 2 0 51 10 0.180162 1
8 2 0 52 10 0.249204 1
8 2 0 53 9 0.210564 1
8 2 0 54 8 0.062952 1
8 2 0 55 8 0.050707 1
8 2 0 56 9 0.085378 1
8 2 0 57 7 0.097378 1
8 2 0 58 10 0.216246 1
8 2 0 59 7 0.045233 1
8 2 0 60 10 0.292047 2
8 2 0 61 10 0.188302 1
8 2 0 62 7 0.046335 1
8 2 0 63 9 0.075868 1
8 2 0 64 10 0.293534 1
8 2 0 65 8 0.127436 1
8 2 0 66 8 0.102306 1
8 2 0 67 10 0.275005 1
8 2 0 68 9 0.158400 1
8 2 0 69 9 0.142300 2
8 2 0 70 8 0.063360 1
8 2 0 71 8 0.120507 1
8 2 0 72 9 0.115691 1
8 2 0 73 8 0.128009 2
8 2 0 74 8 0.044880 1
8 2 0 75 8 0.078159 1
8 2 0 76 8 0.068671 1
8 2 0 77 9 0.171133 1
8 2 0 78 9 0.062770 1
8 2 0 79 6 0.012210 1
8 2 0 80 10 0.305553 1
8 2 0 81 8 0.086500 1
8 2 0 82 6 0.012790 1
8 2 0 83 5 0.024056 1
8 2 0 84 8 0.090486 1
8 2 0 85 7 0.055257 1
8 2 0 86 7 0.079585 2
8 2 0 87 8 0.073966 1
8 2 0 88 5 0.014390 1
8 2 0 89 9 0.124742 1
8 2 0 90 8 0.074183 1
8 2 0 91 7 0.069396 1
8 2 0 92 8 0.107996 1
8 2 0 93 7 0.020881 1
8 2 0 94 10 0.100787 1
8 2 0 95 9 0.156726 1
8 2 0 96 5 0.012906 1
8 2 0 97 9 0.087713 1
8 2 0 98 9 0.134460 1
8 2 0 99 7 0.062100 1
8 4 0 0 8 0.066138 1
8 4 0 1 7 0.043579 2
8 4 0 2 11 0.419750 1
8 4 0 3 11 0.235781 2
8 4 0 4 5 0.016594 1
8 4 0 5 3 0.002655 1
8 4 0 6 11 0.352800 2
8 4 0 7 5 0.019376 1
8 4 0 8 5 0.015398 1
8 4 0 9 8 0.082133 1
8 4 0 10 10 0.260358 2
8 4 0 11 8 0.073551 2
8 4 0 12 10 0.170141 1
8 4 0 13 11 0.514821 1
8 4 0 14 10 0.216335 2
8 4 0 15 9 0.223574 1
8 4 0 16 7 0.054565 1
8 4 0 17 10 0.195673 1
8 4 0 18 10 0.242942 2
8 4 0 19 6 0.025830 1
8 4 0 20 11 0.408941 1
8 4 0 21 8 0.055139 1
8 4 0 22 11 0.255316 1
8 4 0 23 10 0.299466 1
8 4 0 24 6 0.023807 1
8 4 0 25 9 0.273186 1
8 4 0 26 10 0.279472 1
8 4 0 27 11 0.304241 2
8 4 0 28 12 0.351429 1
8 4 0 29 11 0.245260 1
8 4 0 30 9 0.259307 1
8 4 0 31 10 0.329712 1
8 4 0 32 8 0.068449 1
8 4 0 33 9 0.132146 1
8 4 0 34 8 0.093320 1
8 4 0 35 6 0.025252 1
8 4 0 36 12 0.375373 2
8 4 0 37 7 0.042620 2
8 4 0 38 9 0.137659 2
8 4 0 39 13 0.817394 1
8 4 0 40 7 0.053517 1
8 4 0 41 7 0.046209 1
8 4 0 42 6 0.045635 1
8 4 0 43 11 0.495057 1
8 4 0 44 9 0.126450 1
8 4 0 45 8 0.060360 2
8 4 0 46 13 1.038634 2
8 4 0 47 8 0.060867 1
8 4 0 48 10 0.151859 1
8 4 0 49 8 0.075744 1
8 4 0 50 12 0.610140 2
8 4 0 51 12 0.458032 1
8 4 0 52 13 0.836662 1
8 4 0 53 11 0.449840 2
8 4 0 54 10 0.153781 1
8 4 0 55 9 0.124445 2
8 4 0 56 10 0.181628 1
8 4 0 57 11 0.494963 1
8 4 0 58 12 0.570766 2
8 4 0 59 10 0.202622 2
8 4 0 60 12 0.755041 2
8 4 0 61 10 0.309328 1
8 4 0 62 8 0.088738 1
8 4 0 63 11 0.176148 1
8 4 0 64 12 0.731458 1
8 4 0 65 9 0.164733 1
8 4 0 66 10 0.152078 1
8 4 0 67 13 0.962966 1
8 4 0 68 10 0.285162 2
8 4 0 69 8 0.145783 2
8 4 0 70 9 0.158120 1
8 4 0 71 9 0.181354 1
8 4 0 72 10 0.255012 2
8 4 0 73 9 0.259545 2
8 4 0 74 7 0.049417 1
8 4 0 75 10 0.226331 2
8 4 0 76 12 0.417460 1
8 4 0 77 11 0.342904 1
8 4 0 78 11 0.148189 1
8 4 0 79 6 0.009910 1
8 4 0 80 13 1.028945 1
8 4 0 81 10 0.169629 1
8 4 0 82 8 0.042204 1
8 4 0 83 6 0.049825 1
8 4 0 84 7 0.054589 1
8 4 0 85 9 0.232409 2
8 4 0 86 10 0.265646 2
8 4 0 87 8 0.094749 1
8 4 0 88 8 0.084998 1
8 4 0 89 10 0.287594 2
8 4 0 90 12 0.450267 1
8 4 0 91 8 0.116478 1
8 4 0 92 8 0.145750 2
8 4 0 93 6 0.015389 1
8 4 0 94 13 0.448295 1
8 4 0 95 11 0.389428 1
8 4 0 96 6 0.032551 1
8 4 0 97 10 0.176249 1
8 4 0 98 11 0.350789 1
8 4 0 99 9 0.169725 2
8 8 0 0 9 0.101179 1
8 8 0 1 7 0.063351 2
8 8 0 2 10 0.398009 1
8 8 0 3 10 0.224028 2
8 8 0 4 5 0.027494 1
8 8 0 5 4 0.007194 1
8 8 0 6 12 0.478246 2
8 8 0 7 6 0.054602 1
8 8 0 8 6 0.032061 1
8 8 0 9 8 0.134001 1
8 8 0 10 10 0.298038 2
8 8 0 11 7 0.075248 2
8 8 0 12 9 0.151624 1
8 8 0 13 12 0.660468 1
8 8 0 14 10 0.292147 2
8 8 0 15 9 0.257903 1
8 8 0 16 8 0.119500 2
8 8 0 17 10 0.246942 1
8 8 0 18 10 0.261315 2
8 8 0 19 7 0.051395 1
8 8 0 20 11 0.417590 1
8 8 0 21 7 0.057849 2
8 8 0 22 11 0.429307 1
8 8 0 23 10 0.347039 1
8 8 0 24 6 0.029561 1
8 8 0 25 9 0.289462 1
8 8 0 26 10 0.322745 1
8 8 0 27 11 0.365150 2
8 8 0 28 13 0.420340 1
8 8 0 29 12 0.278793 1
8 8 0 30 10 0.305534 1
8 8 0 31 10 0.336564 1
8 8 0 32 9 0.105392 1
8 8 0 33 10 0.202679 1
8 8 0 34 9 0.161929 1
8 8 0 35 7 0.056696 1
8 8 0 36 12 0.374469 2
8 8 0 37 7 0.063567 2
8 8 0 38 10 0.232296 2
8 8 0 39 13 0.810950 1
8 8 0 40 7 0.078454 2
8 8 0 41 7 0.054013 1
8 8 0 42 7 0.095000 1
8 8 0 43 11 0.487414 1
8 8 0 44 9 0.132475 1
8 8 0 45 8 0.082412 2
8 8 0 46 13 0.974699 2
8 8 0 47 8 0.100578 1
8 8 0 48 8 0.150077 1
8 8 0 49 8 0.110338 1
8 8 0 50 12 0.632065 2
8 8 0 51 12 0.469909 1
8 8 0 52 14 0.973107 1
8 8 0 53 11 0.496891 2
8 8 0 54 9 0.168193 1
8 8 0 55 9 0.155539 2
8 8 0 56 11 0.253205 1
8 8 0 57 11 0.501982 1
8 8 0 58 13 0.712590 2
8 8 0 59 10 0.227323 2
8 8 0 60 13 0.914238 2
8 8 0 61 11 0.406938 1
8 8 0 62 7 0.094969 1
8 8 0 63 10 0.154682 1
8 8 0 64 12 0.777789 1
8 8 0 65 9 0.221548 1
8 8 0 66 9 0.210187 1
8 8 0 67 13 0.883259 1
8 8 0 68 11 0.345729 2
8 8 0 69 9 0.236710 2
8 8 0 70 9 0.170482 1
8 8 0 71 9 0.243396 1
8 8 0 72 11 0.320462 2
8 8 0 73 10 0.359147 2
8 8 0 74 8 0.068030 1
8 8 0 75 11 0.345027 2
8 8 0 76 11 0.327966 1
8 8 0 77 11 0.376482 1
8 8 0 78 11 0.238203 1
8 8 0 79 5 0.011197 1
8 8 0 80 13 1.019499 1
8 8 0 81 10 0.202838 1
8 8 0 82 7 0.045814 1
8 8 0 83 7 0.097854 1
8 8 0 84 8 0.099803 1
8 8 0 85 9 0.284831 2
8 8 0 86 9 0.241384 2
8 8 0 87 8 0.139334 1
8 8 0 88 8 0.112509 1
8 8 0 89 10 0.335370 2
8 8 0 90 12 0.450541 1
8 8 0 91 9 0.168122 1
8 8 0 92 9 0.240707 2
8 8 0 93 7 0.030068 2
8 8 0 94 12 0.393144 1
8 8 0 95 12 0.534772 1
8 8 0 96 6 0.035394 1
8 8 0 97 11 0.244477 1
8 8 0 98 12 0.419349 1
8 8 0 99 10 0.228078 2
16 1 0 0 15 0.177970 1
16 1 0 1 13 0.020602 1
16 1 0 2 15 0.133184 1
16 1 0 3 16 0.104836 1
16 1 0 4 15 0.121372 1
16 1 0 5 14 0.060757 1
16 1 0 6 16 0.126208 1
16 1 0 7 16 0.109837 1
16 1 0 8 15 0.096804 1
16 1 0 9 14 0.072941 1
16 1 0 10 15 0.130238 1
16 1 0 11 12 0.034834 1
16 1 0 12 11 0.051284 1
16 1 0 13 15 0.127131 1
16 1 0 14 16 0.150815 1
16 1 0 15 14 0.086118 1
16 1 0 16 15 0.157666 1
16 1 0 17 16 0.144949 1
16 1 0 18 16 0.174280 1
16 1 0 19 14 0.112653 1
16 1 0 20 16 0.101703 1
16 1 0 21 16 0.166864 1
16 1 0 22 14 0.072571 1
16 1 0 23 15 0.143485 1
16 1 0 24 12 0.053686 1
16 1 0 25 13 0.083124 1
16 1 0 26 11 0.038366 1
16 1 0 27 12 0.132257 1
16 1 0 28 15 0.076289 1
16 1 0 29 16 0.112826 1
16 1 0 30 14 0.046670 1
16 1 0 31 15 0.136392 1
16 1 0 32 13 0.103076 1
16 1 0 33 14 0.037819 1
16 1 0 34 15 0.123988 1
16 1 0 35 15 0.093077 1
16 1 0 36 15 0.052625 1
16 1 0 37 12 0.053703 1
16 1 0 38 15 0.118429 1
16 1 0 39 14 0.071603 1
16 1 0 40 12 0.052128 1
16 1 0 41 15 0.114256 1
16 1 0 42 15 0.055751 1
16 1 0 43 16 0.120562 1
16 1 0 44 16 0.174223 1
16 1 0 45 14 0.059372 1
16 1 0 46 15 0.104366 1
16 1 0 47 14 0.077385 1
16 1 0 48 15 0.143008 1
16 1 0 49 13 0.066285 1
16 1 0 50 13 0.053283 1
16 1 0 51 16 0.158496 1
16 1 0 52 15 0.039184 1
16 1 0 53 12 0.074226 1
16 1 0 54 15 0.101499 1
16 1 0 55 16 0.148188 1
16 1 0 56 15 0.070278 1
16 1 0 57 15 0.086187 1
16 1 0 58 15 0.096074 1
16 1 0 59 16 0.103981 1
16 1 0 60 16 0.147590 1
16 1 0 61 16 0.104393 1
16 1 0 62 16 0.192421 1
16 1 0 63 14 0.128968 1
16 1 0 64 14 0.038862 1
16 1 0 65 14 0.142890 1
16 1 0 66 16 0.128951 1
16 1 0 67 16 0.198268 1
16 1 0 68 14 0.104761 1
16 1 0 69 13 0.025555 1
16 1 0 70 14 0.037596 1
16 1 0 71 16 0.225887 1
16 1 0 72 16 0.163665 1
16 1 0 73 15 0.071115 1
16 1 0 74 16 0.071950 1
16 1 0 75 12 0.027407 1
16 1 0 76 15 0.148012 1
16 1 0 77 15 0.118786 1
16 1 0 78 15 0.143247 1
16 1 0 79 16 0.121231 1
16 1 0 80 16 0.206300 1
16 1 0 81 16 0.123072 1
16 1 0 82 16 0.147410 1
16 1 0 83 16 0.112976 1
16 1 0 84 15 0.130510 1
16 1 0 85 16 0.159515 1
16 1 0 86 15 0.119943 1
16 1 0 87 15 0.094366 1
16 1 0 88 16 0.209158 1
16 1 0 89 16 0.210686 1
16 1 0 90 16 0.097964 1
16 1 0 91 15 0.136772 1
16 1 0 92 15 0.086855 1
16 1 0 93 16 0.176149 1
16 1 0 94 16 0.141762 1
16 1 0 95 16 0.069589 1
16 1 0 96 14 0.128642 1
16 1 0 97 14 0.119190 1
16 1 0 98 16 0.170529 1
16 1 0 99 15 0.225408 1
16 2 0 0 16 0.685569 1
16 2 0 1 12 0.057322 1
16 2 0 2 14 0.541842 1
16 2 0 3 15 0.441110 1
16 2 0 4 17 0.581505 1
16 2 0 5 17 0.266613 1
16 2 0 6 15 0.464582 1
16 2 0 7 16 0.566571 1
16 2 0 8 17 0.432134 1
16 2 0 9 14 0.364543 1
16 2 0 10 16 0.422489 1
16 2 0 11 16 0.158305 1
16 2 0 12 15 0.382864 1
16 2 0 13 16 0.666480 1
16 2 0 14 17 0.552991 1
16 2 0 15 17 0.522436 1
16 2 0 16 17 0.532037 1
16 2 0 17 15 0.453495 1
16 2 0 18 16 0.569439 2
16 2 0 19 17 0.506398 1
16 2 0 20 18 0.571552 1
16 2 0 21 17 0.593564 1
16 2 0 22 14 0.289517 1
16 2 0 23 14 0.525134 1
16 2 0 24 13 0.251598 1
16 2 0 25 12 0.162659 1
16 2 0 26 13 0.177582 1
16 2 0 27 14 0.407854 1
16 2 0 28 18 0.375827 1
16 2 0 29 17 0.532590 1
16 2 0 30 13 0.224411 1
16 2 0 31 15 0.403890 1
16 2 0 32 15 0.523301 1
16 2 0 33 11 0.126134 1
16 2 0 34 16 0.416927 2
16 2 0 35 14 0.312507 1
16 2 0 36 14 0.207429 1
16 2 0 37 16 0.382789 2
16 2 0 38 15 0.522225 1
16 2 0 39 13 0.317513 1
16 2 0 40 11 0.092012 1
16 2 0 41 16 0.523071 1
16 2 0 42 15 0.309483 1
16 2 0 43 18 0.706382 1
16 2 0 44 18 0.787026 1
16 2 0 45 16 0.315863 1
16 2 0 46 15 0.448266 1
16 2 0 47 14 0.265096 1
16 2 0 48 15 0.469006 1
16 2 0 49 14 0.265060 1
16 2 0 50 16 0.233523 1
16 2 0 51 16 0.584964 1
16 2 0 52 15 0.177977 1
16 2 0 53 12 0.143330 1
16 2 0 54 17 0.462452 1
16 2 0 55 17 0.543046 1
16 2 0 56 15 0.296507 1
16 2 0 57 13 0.317501 1
16 2 0 58 16 0.446250 1
16 2 0 59 18 0.538449 1
16 2 0 60 17 0.699891 1
16 2 0 61 15 0.436294 1
16 2 0 62 15 0.659408 1
16 2 0 63 13 0.528278 1
16 2 0 64 15 0.142072 1
16 2 0 65 17 0.611921 1
16 2 0 66 16 0.437281 1
16 2 0 67 17 0.643899 2
16 2 0 68 15 0.467724 1
16 2 0 69 14 0.082767 1
16 2 0 70 14 0.153209 1
16 2 0 71 17 0.894256 2
16 2 0 72 17 0.814240 1
16 2 0 73 17 0.330350 1
16 2 0 74 14 0.368861 1
16 2 0 75 13 0.154869 1
16 2 0 76 17 0.674038 1
16 2 0 77 18 0.713501 1
16 2 0 78 16 0.579880 1
16 2 0 79 15 0.416360 1
16 2 0 80 16 0.705618 1
16 2 0 81 16 0.476016 1
16 2 0 82 18 0.726347 2
16 2 0 83 15 0.378495 1
16 2 0 84 17 0.496593 1
16 2 0 85 17 0.706865 1
16 2 0 86 18 0.551226 1
16 2 0 87 16 0.314886 1
16 2 0 88 18 0.917347 1
16 2 0 89 18 0.880077 2
16 2 0 90 15 0.477395 1
16 2 0 91 16 0.556295 1
16 2 0 92 15 0.223727 1
16 2 0 93 17 0.742211 1
16 2 0 94 17 0.536860 1
16 2 0 95 16 0.316715 1
16 2 0 96 15 0.469365 1
16 2 0 97 16 0.649204 1
16 2 0 98 16 0.731567 1
16 2 0 99 17 0.954942 1
16 4 0 0 19 2.534941 2
16 4 0 1 13 0.181055 1
16 4 0 2 16 1.423399 1
16 4 0 3 16 0.789998 1
16 4 0 4 19 1.693755 2
16 4 0 5 17 0.814784 1
16 4 0 6 18 1.695533 1
16 4 0 7 21 2.241732 1
16 4 0 8 20 1.715316 1
16 4 0 9 17 1.172704 1
16 4 0 10 18 1.418279 2
16 4 0 11 14 0.343213 1
16 4 0 12 16 1.083495 2
16 4 0 13 18 1.653963 1
16 4 0 14 19 1.736530 1
16 4 0 15 18 1.296774 1
16 4 0 16 18 1.314197 1
16 4 0 17 17 1.524251 2
16 4 0 18 17 1.198595 2
16 4 0 19 17 1.219997 2
16 4 0 20 20 2.241753 1
16 4 0 21 18 1.614562 2
16 4 0 22 16 0.910111 1
16 4 0 23 17 1.783775 1
16 4 0 24 14 0.608416 2
16 4 0 25 15 0.842285 1
16 4 0 26 10 0.171521 1
16 4 0 27 16 1.152308 1
16 4 0 28 20 1.425340 1
16 4 0 29 19 1.686922 2
16 4 0 30 16 0.853074 2
16 4 0 31 17 1.476678 2
16 4 0 32 17 1.354360 1
16 4 0 33 12 0.279690 2
16 4 0 34 19 2.220598 2
16 4 0 35 16 1.179352 1
16 4 0 36 17 0.839307 2
16 4 0 37 17 1.221168 2
16 4 0 38 19 2.292271 2
16 4 0 39 16 0.968638 1
16 4 0 40 12 0.162902 1
16 4 0 41 15 0.835798 1
16 4 0 42 17 0.765113 1
16 4 0 43 22 3.250708 1
16 4 0 44 19 2.139225 1
16 4 0 45 16 0.799928 1
16 4 0 46 16 0.944423 2
16 4 0 47 16 0.687926 1
16 4 0 48 18 1.782523 1
16 4 0 49 14 0.537333 1
16 4 0 50 15 0.660465 1
16 4 0 51 20 2.276563 1
16 4 0 52 18 0.814762 2
16 4 0 53 14 0.547667 1
16 4 0 54 17 1.117420 1
16 4 0 55 19 1.803732 1
16 4 0 56 18 1.268988 2
16 4 0 57 15 1.000923 1
16 4 0 58 20 2.438566 2
16 4 0 59 19 2.023311 1
16 4 0 60 20 2.949207 2
16 4 0 61 19 1.998835 1
16 4 0 62 20 2.827148 1
16 4 0 63 17 1.501129 1
16 4 0 64 17 0.776295 2
16 4 0 65 18 1.833709 2
16 4 0 66 18 1.893166 1
16 4 0 67 21 2.748740 2
16 4 0 68 16 0.991351 1
16 4 0 69 14 0.196312 2
16 4 0 70 17 0.499715 1
16 4 0 71 20 2.903163 2
16 4 0 72 21 3.582792 1
16 4 0 73 16 0.703457 1
16 4 0 74 17 1.054220 1
16 4 0 75 13 0.302759 1
16 4 0 76 18 1.395738 1
16 4 0 77 18 1.872446 1
16 4 0 78 17 1.389319 1
16 4 0 79 16 0.733985 1
16 4 0 80 20 2.419965 1
16 4 0 81 20 2.285470 1
16 4 0 82 21 2.861670 2
16 4 0 83 19 1.358437 1
16 4 0 84 17 1.293791 1
16 4 0 85 21 2.728966 1
16 4 0 86 20 1.540308 1
16 4 0 87 18 1.436856 2
16 4 0 88 19 2.146268 1
16 4 0 89 21 3.307891 2
16 4 0 90 19 1.754469 2
16 4 0 91 19 1.895154 1
16 4 0 92 17 1.041706 1
16 4 0 93 20 2.856686 1
16 4 0 94 20 1.653575 1
16 4 0 95 18 0.961053 2
16 4 0 96 17 1.410156 1
16 4 0 97 19 2.911271 2
16 4 0 98 19 2.454452 1
16 4 0 99 21 3.535999 1
16 8 0 0 23 5.599313 2
16 8 0 1 15 0.468915 1
16 8 0 2 19 2.602307 1
16 8 0 3 21 2.900917 1
16 8 0 4 23 5.087424 2
16 8 0 5 21 2.486996 1
16 8 0 6 20 3.265781 1
16 8 0 7 24 5.301337 1
16 8 0 8 24 4.077089 1
16 8 0 9 18 1.725144 1
16 8 0 10 21 2.759778 2
16 8 0 11 18 1.443685 1
16 8 0 12 16 1.162816 2
16 8 0 13 24 5.742260 1
16 8 0 14 23 3.616408 1
16 8 0 15 22 3.393040 1
16 8 0 16 23 3.533284 1
16 8 0 17 20 3.239185 2
16 8 0 18 22 3.323904 2
16 8 0 19 20 2.793706 2
16 8 0 20 26 7.763296 1
16 8 0 21 24 7.103906 2
16 8 0 22 18 1.932421 1
16 8 0 23 20 2.729616 1
16 8 0 24 14 0.633769 2
16 8 0 25 17 1.680610 1
16 8 0 26 13 0.315885 1
16 8 0 27 17 1.497887 1
16 8 0 28 24 4.138134 1
16 8 0 29 25 5.036376 2
16 8 0 30 18 1.862945 2
16 8 0 31 21 3.816413 2
16 8 0 32 22 3.774320 1
16 8 0 33 14 0.727347 2
16 8 0 34 20 4.169541 2
16 8 0 35 20 2.723849 1
16 8 0 36 18 1.434025 2
16 8 0 37 18 2.605134 2
16 8 0 38 21 3.646110 2
16 8 0 39 18 1.440888 1
16 8 0 40 13 0.386495 1
16 8 0 41 21 3.471942 1
16 8 0 42 20 1.639056 1
16 8 0 43 28 10.318260 1
16 8 0 44 26 8.442980 1
16 8 0 45 19 1.831897 1
16 8 0 46 18 1.831422 2
16 8 0 47 16 0.826033 1
16 8 0 48 19 2.285351 1
16 8 0 49 17 1.265282 1
16 8 0 50 18 1.197846 1
16 8 0 51 24 5.035496 1
16 8 0 52 22 2.530674 2
16 8 0 53 15 0.738744 1
16 8 0 54 19 2.725614 1
16 8 0 55 24 4.962405 1
16 8 0 56 20 1.966825 2
16 8 0 57 18 1.569733 1
16 8 0 58 25 5.926478 2
16 8 0 59 24 5.385836 1
16 8 0 60 25 7.521299 2
16 8 0 61 23 4.189108 1
16 8 0 62 22 5.145090 1
16 8 0 63 19 2.046160 1
16 8 0 64 20 2.313342 2
16 8 0 65 20 3.270393 2
16 8 0 66 21 3.818340 1
16 8 0 67 25 7.110282 2
16 8 0 68 19 2.450941 1
16 8 0 69 17 0.948211 2
16 8 0 70 18 1.017208 1
16 8 0 71 26 8.505605 2
16 8 0 72 27 9.882949 1
16 8 0 73 19 1.826962 1
16 8 0 74 20 2.227487 1
16 8 0 75 16 0.606498 1
16 8 0 76 24 4.881560 1
16 8 0 77 23 5.877200 1
16 8 0 78 22 3.404728 1
16 8 0 79 21 2.726155 1
16 8 0 80 23 4.696730 1
16 8 0 81 25 6.062745 2
16 8 0 82 26 8.946621 2
16 8 0 83 22 2.767681 1
16 8 0 84 21 3.462754 1
16 8 0 85 26 7.800450 1
16 8 0 86 23 4.074758 1
16 8 0 87 19 1.912566 2
16 8 0 88 26 9.255667 1
16 8 0 89 27 11.389208 2
16 8 0 90 22 3.825090 2
16 8 0 91 23 3.748335 1
16 8 0 92 20 2.166045 1
16 8 0 93 26 8.711590 1
16 8 0 94 24 5.380482 1
16 8 0 95 23 3.478691 2
16 8 0 96 19 2.748296 1
16 8 0 97 21 4.175956 2
16 8 0 98 23 5.800300 1
16 8 0 99 27 10.189153 1
