4 1 0 0 3 0.000029 1
4 1 0 1 4 0.000107 0
4 1 0 2 4 0.000117 2
4 1 0 3 4 0.000122 2
4 1 0 4 4 0.000119 1
4 1 0 5 4 0.000052 2
4 1 0 6 2 0.000016 0
4 1 0 7 2 0.000016 0
4 1 0 8 4 0.000041 1
4 1 0 9 2 0.000019 0
4 1 0 10 4 0.000042 2
4 1 0 11 3 0.000021 0
4 1 0 12 4 0.000044 2
4 1 0 13 2 0.000019 2
4 1 0 14 4 0.000037 0
4 1 0 15 4 0.000035 0
4 1 0 16 2 0.000019 2
4 1 0 17 3 0.000024 0
4 1 0 18 2 0.000016 0
4 1 0 19 2 0.000018 2
4 1 0 20 2 0.000016 0
4 1 0 21 2 0.000015 0
4 1 0 22 4 0.000043 2
4 1 0 23 4 0.000039 0
4 1 0 24 4 0.000038 0
4 1 0 25 4 0.000039 0
4 1 0 26 4 0.000043 2
4 1 0 27 4 0.000042 2
4 1 0 28 4 0.000040 0
4 1 0 29 4 0.000042 2
4 1 0 30 4 0.000042 2
4 1 0 31 4 0.000035 0
4 1 0 32 2 0.000019 2
4 1 0 33 4 0.000032 0
4 1 0 34 4 0.000043 2
4 1 0 35 2 0.000019 0
4 1 0 36 4 0.000044 2
4 1 0 37 4 0.000042 0
4 1 0 38 2 0.000019 0
4 1 0 39 3 0.000030 1
4 1 0 40 4 0.000042 0
4 1 0 41 2 0.000016 0
4 1 0 42 2 0.000017 0
4 1 0 43 4 0.000036 2
4 1 0 44 2 0.000017 0
4 1 0 45 4 0.000044 2
4 1 0 46 4 0.000040 0
4 1 0 47 4 0.000038 1
4 1 0 48 4 0.000039 0
4 1 0 49 4 0.000049 0
4 1 0 50 4 0.000038 1
4 1 0 51 4 0.000036 0
4 1 0 52 3 0.000024 0
4 1 0 53 4 0.000042 2
4 1 0 54 3 0.000022 0
4 1 0 55 3 0.000028 2
4 1 0 56 4 0.000041 2
4 1 0 57 4 0.000038 1
4 1 0 58 4 0.000043 2
4 1 0 59 4 0.000044 2
4 1 0 60 4 0.000033 0
4 1 0 61 4 0.000032 0
4 1 0 62 2 0.000018 1
4 1 0 63 4 0.000031 0
4 1 0 64 4 0.000037 0
4 1 0 65 4 0.000033 0
4 1 0 66 4 0.000043 2
4 1 0 67 3 0.000024 0
4 1 0 68 4 0.000039 1
4 1 0 69 4 0.000040 0
4 1 0 70 4 0.000041 2
4 1 0 71 4 0.000042 2
4 1 0 72 3 0.000022 0
4 1 0 73 4 0.000039 1
4 1 0 74 4 0.000041 2
4 1 0 75 4 0.000038 1
4 1 0 76 4 0.000042 2
4 1 0 77 4 0.000043 2
4 1 0 78 4 0.000038 1
4 1 0 79 4 0.000034 0
4 1 0 80 4 0.000041 2
4 1 0 81 4 0.000040 2
4 1 0 82 3 0.000028 2
4 1 0 83 4 0.000035 0
4 1 0 84 2 0.000015 0
4 1 0 85 4 0.000031 0
4 1 0 86 4 0.000045 2
4 1 0 87 4 0.000035 0
4 1 0 88 4 0.000037 0
4 1 0 89 4 0.000030 0
4 1 0 90 4 0.000042 2
4 1 0 91 4 0.000036 0
4 1 0 92 4 0.000033 0
4 1 0 93 4 0.000040 1
4 1 0 94 2 0.000018 2
4 1 0 95 4 0.000037 0
4 1 0 96 4 0.000045 2
4 1 0 97 2 0.000016 0
4 1 0 98 4 0.000031 0
4 1 0 99 4 0.000032 0
4 2 0 0 1 0.000009 1
4 2 0 1 4 0.000044 0
4 2 0 2 2 0.000023 2
4 2 0 3 3 0.000031 2
4 2 0 4 3 0.000029 1
4 2 0 5 4 0.000047 2
4 2 0 6 3 0.000024 0
4 2 0 7 4 0.000041 2
4 2 0 8 4 0.000045 1
4 2 0 9 4 0.000041 0
4 2 0 10 4 0.000048 2
4 2 0 11 1 0.000010 0
4 2 0 12 4 0.000051 2
4 2 0 13 4 0.000044 2
4 2 0 14 3 0.000031 0
4 2 0 15 4 0.000045 2
4 2 0 16 4 0.000043 2
4 2 0 17 1 0.000009 0
4 2 0 18 4 0.000037 2
4 2 0 19 4 0.000041 2
4 2 0 20 4 0.000033 0
4 2 0 21 3 0.000023 0
4 2 0 22 4 0.000047 2
4 2 0 23 4 0.000043 0
4 2 0 24 4 0.000044 0
4 2 0 25 4 0.000048 2
4 2 0 26 4 0.000048 2
4 2 0 27 2 0.000022 2
4 2 0 28 4 0.000050 2
4 2 0 29 4 0.000047 2
4 2 0 30 4 0.000045 2
4 2 0 31 4 0.000040 0
4 2 0 32 4 0.000048 2
4 2 0 33 4 0.000035 0
4 2 0 34 4 0.000048 2
4 2 0 35 2 0.000018 0
4 2 0 36 4 0.000057 2
4 2 0 37 4 0.000041 0
4 2 0 38 4 0.000040 2
4 2 0 39 1 0.000009 1
4 2 0 40 4 0.000047 0
4 2 0 41 3 0.000022 0
4 2 0 42 4 0.000033 0
4 2 0 43 3 0.000028 2
4 2 0 44 4 0.000034 0
4 2 0 45 4 0.000051 2
4 2 0 46 3 0.000033 0
4 2 0 47 2 0.000020 1
4 2 0 48 2 0.000021 0
4 2 0 49 4 0.000057 0
4 2 0 50 3 0.000031 1
4 2 0 51 2 0.000020 0
4 2 0 52 1 0.000009 0
4 2 0 53 4 0.000048 2
4 2 0 54 1 0.000009 0
4 2 0 55 1 0.000010 2
4 2 0 56 4 0.000045 2
4 2 0 57 2 0.000020 1
4 2 0 58 4 0.000052 2
4 2 0 59 4 0.000047 2
4 2 0 60 3 0.000027 0
4 2 0 61 4 0.000036 0
4 2 0 62 3 0.000028 1
4 2 0 63 2 0.000017 0
4 2 0 64 2 0.000020 0
4 2 0 65 3 0.000027 0
4 2 0 66 4 0.000051 2
4 2 0 67 1 0.000010 0
4 2 0 68 3 0.000031 1
4 2 0 69 4 0.000047 0
4 2 0 70 4 0.000044 2
4 2 0 71 4 0.000048 2
4 2 0 72 1 0.000011 0
4 2 0 73 3 0.000030 1
4 2 0 74 2 0.000020 2
4 2 0 75 3 0.000029 1
4 2 0 76 3 0.000034 2
4 2 0 77 4 0.000049 2
4 2 0 78 2 0.000021 1
4 2 0 79 4 0.000038 0
4 2 0 80 4 0.000047 2
4 2 0 81 4 0.000044 2
4 2 0 82 1 0.000011 2
4 2 0 83 4 0.000044 2
4 2 0 84 3 0.000025 0
4 2 0 85 4 0.000034 0
4 2 0 86 4 0.000053 2
4 2 0 87 4 0.000039 0
4 2 0 88 3 0.000032 0
4 2 0 89 3 0.000024 0
4 2 0 90 4 0.000049 2
4 2 0 91 4 0.000043 0
4 2 0 92 2 0.000019 0
4 2 0 93 4 0.000046 1
4 2 0 94 3 0.000029 2
4 2 0 95 4 0.000043 2
4 2 0 96 4 0.000050 2
4 2 0 97 4 0.000037 0
4 2 0 98 2 0.000018 0
4 2 0 99 4 0.000036 0
4 4 0 0 2 0.000020 1
4 4 0 1 4 0.000045 0
4 4 0 2 3 0.000035 2
4 4 0 3 3 0.000033 2
4 4 0 4 3 0.000032 1
4 4 0 5 4 0.000051 2
4 4 0 6 2 0.000019 0
4 4 0 7 3 0.000033 2
4 4 0 8 4 0.000047 1
4 4 0 9 3 0.000034 0
4 4 0 10 4 0.000053 2
4 4 0 11 2 0.000016 0
4 4 0 12 4 0.000054 2
4 4 0 13 3 0.000037 2
4 4 0 14 3 0.000035 0
4 4 0 15 4 0.000040 0
4 4 0 16 3 0.000038 2
4 4 0 17 2 0.000019 0
4 4 0 18 3 0.000029 2
4 4 0 19 3 0.000035 2
4 4 0 20 3 0.000027 0
4 4 0 21 2 0.000016 0
4 4 0 22 4 0.000048 2
4 4 0 23 4 0.000044 0
4 4 0 24 4 0.000044 0
4 4 0 25 4 0.000050 2
4 4 0 26 4 0.000050 2
4 4 0 27 3 0.000037 2
4 4 0 28 4 0.000050 2
4 4 0 29 4 0.000048 2
4 4 0 30 4 0.000046 2
4 4 0 31 4 0.000044 0
4 4 0 32 3 0.000036 2
4 4 0 33 4 0.000036 0
4 4 0 34 4 0.000051 2
4 4 0 35 2 0.000020 0
4 4 0 36 4 0.000056 2
4 4 0 37 4 0.000043 0
4 4 0 38 3 0.000033 2
4 4 0 39 2 0.000019 1
4 4 0 40 4 0.000046 0
4 4 0 41 2 0.000016 0
4 4 0 42 3 0.000028 0
4 4 0 43 3 0.000029 2
4 4 0 44 3 0.000029 0
4 4 0 45 4 0.000049 2
4 4 0 46 3 0.000033 0
4 4 0 47 3 0.000031 1
4 4 0 48 3 0.000033 0
4 4 0 49 4 0.000060 0
4 4 0 50 3 0.000031 1
4 4 0 51 3 0.000029 0
4 4 0 52 2 0.000018 0
4 4 0 53 4 0.000048 2
4 4 0 54 2 0.000016 0
4 4 0 55 2 0.000021 2
4 4 0 56 4 0.000046 2
4 4 0 57 3 0.000031 1
4 4 0 58 4 0.000053 2
4 4 0 59 4 0.000049 2
4 4 0 60 3 0.000029 0
4 4 0 61 4 0.000036 0
4 4 0 62 2 0.000018 1
4 4 0 63 3 0.000027 0
4 4 0 64 3 0.000029 0
4 4 0 65 3 0.000029 0
4 4 0 66 4 0.000053 2
4 4 0 67 2 0.000020 0
4 4 0 68 3 0.000031 1
4 4 0 69 4 0.000050 0
4 4 0 70 4 0.000046 2
4 4 0 71 4 0.000048 2
4 4 0 72 2 0.000018 0
4 4 0 73 3 0.000031 1
4 4 0 74 3 0.000033 2
4 4 0 75 3 0.000031 1
4 4 0 76 3 0.000037 2
4 4 0 77 4 0.000049 2
4 4 0 78 3 0.000031 1
4 4 0 79 4 0.000039 0
4 4 0 80 4 0.000049 2
4 4 0 81 4 0.000045 2
4 4 0 82 2 0.000021 2
4 4 0 83 4 0.000041 0
4 4 0 84 2 0.000019 0
4 4 0 85 4 0.000037 0
4 4 0 86 4 0.000053 2
4 4 0 87 4 0.000041 0
4 4 0 88 3 0.000033 0
4 4 0 89 3 0.000025 0
4 4 0 90 4 0.000050 2
4 4 0 91 4 0.000043 0
4 4 0 92 3 0.000029 0
4 4 0 93 4 0.000047 1
4 4 0 94 2 0.000021 2
4 4 0 95 4 0.000044 2
4 4 0 96 4 0.000050 2
4 4 0 97 3 0.000029 0
4 4 0 98 3 0.000028 0
4 4 0 99 4 0.000036 0
8 1 0 0 7 0.000064 0
8 1 0 1 7 0.000069 0
8 1 0 2 8 0.000075 0
8 1 0 3 8 0.000071 0
8 1 0 4 7 0.000064 2
8 1 0 5 4 0.000031 0
8 1 0 6 7 0.000059 0
8 1 0 7 6 0.000045 0
8 1 0 8 5 0.000038 0
8 1 0 9 7 0.000053 0
8 1 0 10 8 0.000079 0
8 1 0 11 7 0.000058 0
8 1 0 12 8 0.000083 2
8 1 0 13 7 0.000078 2
8 1 0 14 8 0.000079 0
8 1 0 15 7 0.000071 2
8 1 0 16 7 0.000057 0
8 1 0 17 8 0.000074 0
8 1 0 18 8 0.000073 0
8 1 0 19 7 0.000067 2
8 1 0 20 8 0.000072 0
8 1 0 21 6 0.000057 0
8 1 0 22 8 0.000083 2
8 1 0 23 7 0.000074 2
8 1 0 24 7 0.000065 2
8 1 0 25 8 0.000083 2
8 1 0 26 8 0.000081 2
8 1 0 27 7 0.000070 0
8 1 0 28 8 0.000083 2
8 1 0 29 8 0.000082 0
8 1 0 30 7 0.000075 2
8 1 0 31 6 0.000065 2
8 1 0 32 7 0.000054 0
8 1 0 33 7 0.000061 0
8 1 0 34 6 0.000049 0
8 1 0 35 6 0.000043 0
8 1 0 36 8 0.000078 0
8 1 0 37 6 0.000045 0
8 1 0 38 7 0.000071 0
8 1 0 39 8 0.000088 2
8 1 0 40 6 0.000052 0
8 1 0 41 7 0.000064 0
8 1 0 42 6 0.000058 2
8 1 0 43 8 0.000073 0
8 1 0 44 6 0.000068 2
8 1 0 45 7 0.000068 0
8 1 0 46 8 0.000091 0
8 1 0 47 8 0.000061 0
8 1 0 48 6 0.000053 0
8 1 0 49 7 0.000070 2
8 1 0 50 8 0.000073 0
8 1 0 51 8 0.000084 2
8 1 0 52 8 0.000094 2
8 1 0 53 8 0.000081 0
8 1 0 54 8 0.000071 0
8 1 0 55 7 0.000053 0
8 1 0 56 7 0.000058 0
8 1 0 57 8 0.000085 2
8 1 0 58 8 0.000086 0
8 1 0 59 8 0.000083 0
8 1 0 60 8 0.000073 0
8 1 0 61 7 0.000071 2
8 1 0 62 6 0.000061 2
8 1 0 63 8 0.000074 0
8 1 0 64 8 0.000086 2
8 1 0 65 7 0.000074 2
8 1 0 66 8 0.000059 0
8 1 0 67 8 0.000088 0
8 1 0 68 8 0.000088 0
8 1 0 69 7 0.000062 0
8 1 0 70 7 0.000072 2
8 1 0 71 7 0.000074 2
8 1 0 72 7 0.000073 0
8 1 0 73 7 0.000074 0
8 1 0 74 7 0.000070 2
8 1 0 75 8 0.000081 0
8 1 0 76 8 0.000082 0
8 1 0 77 8 0.000088 2
8 1 0 78 8 0.000065 0
8 1 0 79 6 0.000050 0
8 1 0 80 8 0.000075 0
8 1 0 81 8 0.000080 2
8 1 0 82 6 0.000059 2
8 1 0 83 6 0.000056 2
8 1 0 84 7 0.000071 2
8 1 0 85 6 0.000048 0
8 1 0 86 8 0.000073 0
8 1 0 87 7 0.000067 2
8 1 0 88 8 0.000082 2
8 1 0 89 8 0.000065 0
8 1 0 90 8 0.000085 2
8 1 0 91 7 0.000060 0
8 1 0 92 7 0.000058 0
8 1 0 93 6 0.000057 0
8 1 0 94 8 0.000086 2
8 1 0 95 8 0.000085 2
8 1 0 96 6 0.000050 0
8 1 0 97 8 0.000080 2
8 1 0 98 8 0.000086 2
8 1 0 99 8 0.000069 0
8 2 0 0 9 0.000112 2
8 2 0 1 7 0.000080 0
8 2 0 2 7 0.000092 2
8 2 0 3 7 0.000082 0
8 2 0 4 4 0.000041 2
8 2 0 5 4 0.000039 2
8 2 0 6 9 0.000114 0
8 2 0 7 6 0.000061 0
8 2 0 8 5 0.000045 0
8 2 0 9 8 0.000072 0
8 2 0 10 8 0.000105 0
8 2 0 11 5 0.000043 0
8 2 0 12 6 0.000073 2
8 2 0 13 9 0.000151 2
8 2 0 14 8 0.000105 0
8 2 0 15 8 0.000110 2
8 2 0 16 8 0.000093 0
8 2 0 17 8 0.000114 2
8 2 0 18 7 0.000093 0
8 2 0 19 6 0.000070 2
8 2 0 20 8 0.000111 2
8 2 0 21 6 0.000062 0
8 2 0 22 8 0.000119 2
8 2 0 23 9 0.000131 2
8 2 0 24 4 0.000046 2
8 2 0 25 6 0.000083 2
8 2 0 26 8 0.000112 2
8 2 0 27 9 0.000132 0
8 2 0 28 9 0.000129 2
8 2 0 29 8 0.000123 2
8 2 0 30 8 0.000120 2
8 2 0 31 7 0.000099 2
8 2 0 32 7 0.000080 2
8 2 0 33 8 0.000110 2
8 2 0 34 8 0.000100 2
8 2 0 35 8 0.000068 0
8 2 0 36 9 0.000128 0
8 2 0 37 8 0.000094 0
8 2 0 38 8 0.000122 0
8 2 0 39 9 0.000142 2
8 2 0 40 7 0.000075 0
8 2 0 41 6 0.000067 0
8 2 0 42 7 0.000080 2
8 2 0 43 8 0.000116 0
8 2 0 44 8 0.000097 2
8 2 0 45 8 0.000089 0
8 2 0 46 9 0.000164 0
8 2 0 47 6 0.000063 0
8 2 0 48 7 0.000082 2
8 2 0 49 5 0.000051 2
8 2 0 50 7 0.000095 0
8 2 0 51 9 0.000133 2
8 2 0 52 9 0.000165 2
8 2 0 53 8 0.000134 0
8 2 0 54 8 0.000102 2
8 2 0 55 7 0.000066 0
8 2 0 56 9 0.000114 2
8 2 0 57 7 0.000100 2
8 2 0 58 9 0.000138 0
8 2 0 59 6 0.000076 0
8 2 0 60 9 0.000137 0
8 2 0 61 9 0.000123 2
8 2 0 62 7 0.000086 2
8 2 0 63 8 0.000105 2
8 2 0 64 9 0.000143 2
8 2 0 65 8 0.000116 2
8 2 0 66 8 0.000078 0
8 2 0 67 9 0.000160 2
8 2 0 68 8 0.000125 0
8 2 0 69 8 0.000104 0
8 2 0 70 7 0.000107 2
8 2 0 71 8 0.000130 2
8 2 0 72 9 0.000131 0
8 2 0 73 8 0.000116 0
8 2 0 74 8 0.000103 2
8 2 0 75 8 0.000111 0
8 2 0 76 7 0.000099 2
8 2 0 77 9 0.000144 2
8 2 0 78 8 0.000099 2
8 2 0 79 6 0.000061 2
8 2 0 80 9 0.000148 0
8 2 0 81 8 0.000110 2
8 2 0 82 6 0.000066 2
8 2 0 83 5 0.000062 2
8 2 0 84 8 0.000111 2
8 2 0 85 7 0.000078 0
8 2 0 86 7 0.000090 0
8 2 0 87 8 0.000096 2
8 2 0 88 5 0.000057 2
8 2 0 89 8 0.000095 0
8 2 0 90 7 0.000098 2
8 2 0 91 7 0.000089 2
8 2 0 92 7 0.000090 0
8 2 0 93 7 0.000080 0
8 2 0 94 9 0.000141 2
8 2 0 95 9 0.000138 2
8 2 0 96 5 0.000052 2
8 2 0 97 8 0.000107 2
8 2 0 98 8 0.000129 2
8 2 0 99 6 0.000080 0
8 4 0 0 7 0.000112 2
8 4 0 1 6 0.000084 0
8 4 0 2 10 0.000194 2
8 4 0 3 10 0.000159 0
8 4 0 4 5 0.000058 2
8 4 0 5 3 0.000031 2
8 4 0 6 9 0.000165 0
8 4 0 7 4 0.000046 0
8 4 0 8 4 0.000048 2
8 4 0 9 7 0.000079 0
8 4 0 10 8 0.000137 0
8 4 0 11 7 0.000093 0
8 4 0 12 8 0.000137 2
8 4 0 13 9 0.000216 2
8 4 0 14 9 0.000153 0
8 4 0 15 7 0.000136 2
8 4 0 16 6 0.000077 0
8 4 0 17 9 0.000169 2
8 4 0 18 9 0.000162 0
8 4 0 19 5 0.000068 2
8 4 0 20 8 0.000148 2
8 4 0 21 8 0.000102 0
8 4 0 22 9 0.000179 2
8 4 0 23 8 0.000161 2
8 4 0 24 6 0.000078 2
8 4 0 25 9 0.000177 2
8 4 0 26 8 0.000145 2
8 4 0 27 9 0.000176 0
8 4 0 28 10 0.000206 2
8 4 0 29 8 0.000155 2
8 4 0 30 6 0.000120 2
8 4 0 31 8 0.000170 2
8 4 0 32 7 0.000096 0
8 4 0 33 8 0.000129 2
8 4 0 34 7 0.000123 2
8 4 0 35 6 0.000061 0
8 4 0 36 10 0.000193 0
8 4 0 37 6 0.000084 0
8 4 0 38 8 0.000150 0
8 4 0 39 10 0.000231 2
8 4 0 40 7 0.000092 0
8 4 0 41 5 0.000059 0
8 4 0 42 5 0.000074 2
8 4 0 43 8 0.000167 0
8 4 0 44 7 0.000111 2
8 4 0 45 7 0.000098 0
8 4 0 46 10 0.000276 0
8 4 0 47 7 0.000083 0
8 4 0 48 9 0.000134 2
8 4 0 49 7 0.000101 2
8 4 0 50 10 0.000215 0
8 4 0 51 10 0.000210 2
8 4 0 52 10 0.000282 2
8 4 0 53 9 0.000206 0
8 4 0 54 8 0.000121 2
8 4 0 55 7 0.000087 0
8 4 0 56 9 0.000147 2
8 4 0 57 10 0.000226 2
8 4 0 58 10 0.000221 0
8 4 0 59 8 0.000142 0
8 4 0 60 10 0.000231 0
8 4 0 61 8 0.000151 2
8 4 0 62 8 0.000120 2
8 4 0 63 9 0.000157 2
8 4 0 64 10 0.000232 2
8 4 0 65 8 0.000151 2
8 4 0 66 9 0.000114 0
8 4 0 67 10 0.000255 2
8 4 0 68 8 0.000160 0
8 4 0 69 6 0.000091 0
8 4 0 70 6 0.000101 2
8 4 0 71 8 0.000151 2
8 4 0 72 8 0.000158 0
8 4 0 73 7 0.000145 0
8 4 0 74 5 0.000077 2
8 4 0 75 9 0.000162 0
8 4 0 76 10 0.000209 2
8 4 0 77 9 0.000189 2
8 4 0 78 9 0.000146 2
8 4 0 79 5 0.000051 2
8 4 0 80 10 0.000257 0
8 4 0 81 9 0.000158 2
8 4 0 82 8 0.000107 2
8 4 0 83 5 0.000079 2
8 4 0 84 6 0.000090 2
8 4 0 85 8 0.000137 0
8 4 0 86 9 0.000154 0
8 4 0 87 7 0.000106 2
8 4 0 88 7 0.000111 2
8 4 0 89 8 0.000129 0
8 4 0 90 10 0.000220 2
8 4 0 91 6 0.000092 2
8 4 0 92 6 0.000092 0
8 4 0 93 4 0.000046 0
8 4 0 94 10 0.000207 2
8 4 0 95 10 0.000223 2
8 4 0 96 6 0.000075 2
8 4 0 97 9 0.000161 2
8 4 0 98 9 0.000204 2
8 4 0 99 7 0.000127 0
8 8 0 0 6 0.000096 2
8 8 0 1 5 0.000075 0
8 8 0 2 7 0.000136 2
8 8 0 3 7 0.000108 0
8 8 0 4 4 0.000050 2
8 8 0 5 3 0.000033 2
8 8 0 6 7 0.000121 0
8 8 0 7 4 0.000049 0
8 8 0 8 4 0.000044 0
8 8 0 9 6 0.000068 0
8 8 0 10 7 0.000118 0
8 8 0 11 5 0.000061 0
8 8 0 12 6 0.000105 2
8 8 0 13 7 0.000156 2
8 8 0 14 7 0.000121 0
8 8 0 15 6 0.000114 2
8 8 0 16 5 0.000065 0
8 8 0 17 7 0.000133 2
8 8 0 18 6 0.000106 0
8 8 0 19 5 0.000069 2
8 8 0 20 7 0.000126 2
8 8 0 21 5 0.000062 0
8 8 0 22 7 0.000137 2
8 8 0 23 7 0.000135 2
8 8 0 24 4 0.000052 2
8 8 0 25 6 0.000121 2
8 8 0 26 7 0.000121 2
8 8 0 27 7 0.000139 0
8 8 0 28 8 0.000159 2
8 8 0 29 7 0.000129 2
8 8 0 30 6 0.000123 2
8 8 0 31 6 0.000130 2
8 8 0 32 6 0.000079 0
8 8 0 33 6 0.000099 2
8 8 0 34 6 0.000107 2
8 8 0 35 5 0.000052 0
8 8 0 36 8 0.000147 0
8 8 0 37 5 0.000073 0
8 8 0 38 6 0.000115 0
8 8 0 39 8 0.000174 2
8 8 0 40 5 0.000069 0
8 8 0 41 5 0.000061 2
8 8 0 42 5 0.000077 2
8 8 0 43 7 0.000135 0
8 8 0 44 6 0.000092 2
8 8 0 45 6 0.000082 0
8 8 0 46 8 0.000199 0
8 8 0 47 5 0.000064 0
8 8 0 48 6 0.000093 2
8 8 0 49 5 0.000076 2
8 8 0 50 7 0.000137 0
8 8 0 51 8 0.000158 2
8 8 0 52 8 0.000212 2
8 8 0 53 7 0.000150 0
8 8 0 54 7 0.000102 2
8 8 0 55 6 0.000074 0
8 8 0 56 7 0.000099 0
8 8 0 57 7 0.000158 2
8 8 0 58 8 0.000168 0
8 8 0 59 6 0.000110 0
8 8 0 60 8 0.000173 0
8 8 0 61 7 0.000130 2
8 8 0 62 5 0.000077 2
8 8 0 63 7 0.000117 2
8 8 0 64 8 0.000176 2
8 8 0 65 6 0.000109 2
8 8 0 66 7 0.000086 0
8 8 0 67 8 0.000185 2
8 8 0 68 7 0.000136 0
8 8 0 69 6 0.000094 0
8 8 0 70 6 0.000103 2
8 8 0 71 6 0.000115 2
8 8 0 72 7 0.000135 0
8 8 0 73 6 0.000123 0
8 8 0 74 5 0.000071 2
8 8 0 75 7 0.000126 0
8 8 0 76 7 0.000133 2
8 8 0 77 7 0.000134 2
8 8 0 78 7 0.000100 0
8 8 0 79 4 0.000042 2
8 8 0 80 8 0.000183 0
8 8 0 81 7 0.000119 2
8 8 0 82 5 0.000068 2
8 8 0 83 5 0.000080 2
8 8 0 84 5 0.000074 2
8 8 0 85 6 0.000108 0
8 8 0 86 6 0.000107 0
8 8 0 87 6 0.000088 2
8 8 0 88 5 0.000082 2
8 8 0 89 7 0.000106 0
8 8 0 90 7 0.000148 2
8 8 0 91 6 0.000094 2
8 8 0 92 6 0.000094 0
8 8 0 93 5 0.000062 0
8 8 0 94 8 0.000149 2
8 8 0 95 8 0.000175 2
8 8 0 96 4 0.000054 2
8 8 0 97 7 0.000123 2
8 8 0 98 7 0.000147 2
8 8 0 99 6 0.000091 0
16 1 0 0 15 0.000132 0
16 1 0 1 13 0.000122 2
16 1 0 2 15 0.000133 0
16 1 0 3 16 0.000130 0
16 1 0 4 15 0.000150 0
16 1 0 5 14 0.000110 0
16 1 0 6 16 0.000175 2
16 1 0 7 16 0.000170 2
16 1 0 8 15 0.000156 2
16 1 0 9 14 0.000107 0
16 1 0 10 15 0.000126 0
16 1 0 11 12 0.000115 0
16 1 0 12 11 0.000081 0
16 1 0 13 15 0.000147 0
16 1 0 14 16 0.000139 0
16 1 0 15 14 0.000115 0
16 1 0 16 15 0.000142 0
16 1 0 17 16 0.000159 0
16 1 0 18 16 0.000129 0
16 1 0 19 14 0.000117 0
16 1 0 20 16 0.000174 0
16 1 0 21 16 0.000149 0
16 1 0 22 14 0.000125 0
16 1 0 23 15 0.000128 0
16 1 0 24 12 0.000097 0
16 1 0 25 13 0.000129 0
16 1 0 26 11 0.000078 0
16 1 0 27 12 0.000109 0
16 1 0 28 15 0.000151 0
16 1 0 29 16 0.000131 0
16 1 0 30 14 0.000127 0
16 1 0 31 15 0.000126 0
16 1 0 32 13 0.000111 0
16 1 0 33 14 0.000123 0
16 1 0 34 15 0.000143 0
16 1 0 35 15 0.000126 0
16 1 0 36 15 0.000113 0
16 1 0 37 12 0.000103 0
16 1 0 38 15 0.000126 0
16 1 0 39 14 0.000122 0
16 1 0 40 12 0.000087 0
16 1 0 41 15 0.000145 0
16 1 0 42 15 0.000116 0
16 1 0 43 16 0.000154 0
16 1 0 44 16 0.000142 0
16 1 0 45 14 0.000138 2
16 1 0 46 15 0.000140 0
16 1 0 47 14 0.000111 0
16 1 0 48 15 0.000146 0
16 1 0 49 13 0.000099 0
16 1 0 50 13 0.000100 0
16 1 0 51 16 0.000174 2
16 1 0 52 15 0.000148 0
16 1 0 53 12 0.000110 0
16 1 0 54 15 0.000127 0
16 1 0 55 16 0.000149 0
16 1 0 56 15 0.000148 0
16 1 0 57 15 0.000117 0
16 1 0 58 15 0.000133 0
16 1 0 59 16 0.000147 0
16 1 0 60 16 0.000140 0
16 1 0 61 16 0.000135 0
16 1 0 62 16 0.000144 0
16 1 0 63 14 0.000126 0
16 1 0 64 14 0.000141 0
16 1 0 65 14 0.000117 0
16 1 0 66 16 0.000163 0
16 1 0 67 16 0.000140 0
16 1 0 68 14 0.000139 0
16 1 0 69 13 0.000117 0
16 1 0 70 14 0.000113 0
16 1 0 71 16 0.000169 0
16 1 0 72 16 0.000186 2
16 1 0 73 15 0.000122 0
16 1 0 74 16 0.000134 0
16 1 0 75 12 0.000087 0
16 1 0 76 15 0.000142 0
16 1 0 77 15 0.000128 0
16 1 0 78 15 0.000126 0
16 1 0 79 16 0.000131 0
16 1 0 80 16 0.000144 0
16 1 0 81 16 0.000170 0
16 1 0 82 16 0.000147 0
16 1 0 83 16 0.000157 0
16 1 0 84 15 0.000155 0
16 1 0 85 16 0.000145 0
16 1 0 86 15 0.000126 0
16 1 0 87 15 0.000162 0
16 1 0 88 16 0.000151 0
16 1 0 89 16 0.000144 0
16 1 0 90 16 0.000165 0
16 1 0 91 15 0.000125 0
16 1 0 92 15 0.000135 0
16 1 0 93 16 0.000155 0
16 1 0 94 16 0.000170 2
16 1 0 95 16 0.000128 0
16 1 0 96 14 0.000115 0
16 1 0 97 14 0.000158 0
16 1 0 98 16 0.000166 0
16 1 0 99 15 0.000171 0
16 2 0 0 16 0.000229 0
16 2 0 1 12 0.000143 2
16 2 0 2 14 0.000226 2
16 2 0 3 15 0.000194 0
16 2 0 4 17 0.000261 0
16 2 0 5 17 0.000190 0
16 2 0 6 15 0.000240 2
16 2 0 7 15 0.000236 2
16 2 0 8 17 0.000250 2
16 2 0 9 14 0.000159 0
16 2 0 10 15 0.000197 0
16 2 0 11 15 0.000204 2
16 2 0 12 15 0.000156 0
16 2 0 13 16 0.000265 2
16 2 0 14 16 0.000230 2
16 2 0 15 16 0.000188 0
16 2 0 16 16 0.000238 2
16 2 0 17 14 0.000200 0
16 2 0 18 16 0.000202 0
16 2 0 19 17 0.000251 0
16 2 0 20 17 0.000292 2
16 2 0 21 16 0.000270 0
16 2 0 22 14 0.000180 2
16 2 0 23 14 0.000221 2
16 2 0 24 12 0.000156 0
16 2 0 25 12 0.000175 2
16 2 0 26 13 0.000109 0
16 2 0 27 14 0.000206 2
16 2 0 28 17 0.000254 2
16 2 0 29 17 0.000237 0
16 2 0 30 13 0.000190 0
16 2 0 31 14 0.000186 0
16 2 0 32 15 0.000219 2
16 2 0 33 11 0.000125 0
16 2 0 34 15 0.000230 0
16 2 0 35 14 0.000181 0
16 2 0 36 13 0.000141 0
16 2 0 37 15 0.000213 0
16 2 0 38 15 0.000211 0
16 2 0 39 13 0.000187 2
16 2 0 40 11 0.000097 0
16 2 0 41 16 0.000239 2
16 2 0 42 15 0.000190 2
16 2 0 43 17 0.000297 2
16 2 0 44 17 0.000255 0
16 2 0 45 15 0.000189 2
16 2 0 46 14 0.000197 0
16 2 0 47 14 0.000165 2
16 2 0 48 15 0.000233 2
16 2 0 49 14 0.000148 0
16 2 0 50 16 0.000156 0
16 2 0 51 16 0.000274 2
16 2 0 52 15 0.000193 0
16 2 0 53 12 0.000142 2
16 2 0 54 16 0.000201 0
16 2 0 55 16 0.000245 2
16 2 0 56 14 0.000216 0
16 2 0 57 13 0.000150 0
16 2 0 58 16 0.000266 0
16 2 0 59 17 0.000266 2
16 2 0 60 16 0.000247 0
16 2 0 61 15 0.000207 0
16 2 0 62 15 0.000262 2
16 2 0 63 13 0.000207 0
16 2 0 64 14 0.000197 0
16 2 0 65 17 0.000245 0
16 2 0 66 15 0.000225 2
16 2 0 67 16 0.000232 0
16 2 0 68 15 0.000222 2
16 2 0 69 13 0.000156 0
16 2 0 70 14 0.000168 2
16 2 0 71 16 0.000297 0
16 2 0 72 16 0.000328 2
16 2 0 73 17 0.000236 2
16 2 0 74 14 0.000206 2
16 2 0 75 13 0.000119 0
16 2 0 76 16 0.000257 2
16 2 0 77 17 0.000235 0
16 2 0 78 16 0.000223 0
16 2 0 79 15 0.000185 0
16 2 0 80 15 0.000254 2
16 2 0 81 16 0.000261 0
16 2 0 82 17 0.000302 0
16 2 0 83 15 0.000232 2
16 2 0 84 17 0.000267 2
16 2 0 85 16 0.000279 2
16 2 0 86 17 0.000253 0
16 2 0 87 15 0.000204 0
16 2 0 88 17 0.000309 2
16 2 0 89 17 0.000265 0
16 2 0 90 15 0.000233 0
16 2 0 91 15 0.000238 2
16 2 0 92 14 0.000185 2
16 2 0 93 17 0.000321 2
16 2 0 94 16 0.000256 2
16 2 0 95 15 0.000179 0
16 2 0 96 15 0.000196 0
16 2 0 97 15 0.000277 0
16 2 0 98 16 0.000272 2
16 2 0 99 17 0.000339 2
16 4 0 0 18 0.000561 0
16 4 0 1 13 0.000207 2
16 4 0 2 15 0.000466 2
16 4 0 3 15 0.000337 0
16 4 0 4 18 0.000492 0
16 4 0 5 15 0.000274 0
16 4 0 6 17 0.000524 2
16 4 0 7 19 0.000568 2
16 4 0 8 18 0.000509 2
16 4 0 9 17 0.000335 0
16 4 0 10 16 0.000381 0
16 4 0 11 12 0.000234 2
16 4 0 12 15 0.000292 0
16 4 0 13 17 0.000522 2
16 4 0 14 17 0.000447 2
16 4 0 15 16 0.000369 0
16 4 0 16 15 0.000366 2
16 4 0 17 16 0.000439 0
16 4 0 18 16 0.000372 0
16 4 0 19 15 0.000388 0
16 4 0 20 18 0.000611 2
16 4 0 21 15 0.000447 0
16 4 0 22 15 0.000329 2
16 4 0 23 17 0.000516 2
16 4 0 24 12 0.000252 0
16 4 0 25 15 0.000407 2
16 4 0 26 10 0.000130 0
16 4 0 27 14 0.000365 2
16 4 0 28 17 0.000431 2
16 4 0 29 18 0.000451 0
16 4 0 30 14 0.000363 0
16 4 0 31 15 0.000398 0
16 4 0 32 16 0.000453 2
16 4 0 33 11 0.000184 0
16 4 0 34 16 0.000465 0
16 4 0 35 14 0.000363 0
16 4 0 36 15 0.000283 0
16 4 0 37 15 0.000349 0
16 4 0 38 17 0.000501 0
16 4 0 39 15 0.000371 2
16 4 0 40 11 0.000117 0
16 4 0 41 13 0.000348 2
16 4 0 42 17 0.000331 2
16 4 0 43 19 0.000659 2
16 4 0 44 16 0.000502 0
16 4 0 45 15 0.000327 2
16 4 0 46 14 0.000331 0
16 4 0 47 16 0.000284 2
16 4 0 48 17 0.000520 2
16 4 0 49 14 0.000266 0
16 4 0 50 14 0.000229 0
16 4 0 51 18 0.000605 2
16 4 0 52 16 0.000333 0
16 4 0 53 13 0.000252 2
16 4 0 54 15 0.000341 0
16 4 0 55 17 0.000479 2
16 4 0 56 17 0.000472 0
16 4 0 57 15 0.000328 0
16 4 0 58 18 0.000609 0
16 4 0 59 17 0.000525 2
16 4 0 60 17 0.000555 0
16 4 0 61 17 0.000474 0
16 4 0 62 18 0.000619 2
16 4 0 63 17 0.000444 2
16 4 0 64 14 0.000317 0
16 4 0 65 17 0.000472 0
16 4 0 66 15 0.000428 2
16 4 0 67 19 0.000581 0
16 4 0 68 16 0.000383 2
16 4 0 69 13 0.000180 0
16 4 0 70 16 0.000291 2
16 4 0 71 19 0.000720 0
16 4 0 72 18 0.000774 2
16 4 0 73 15 0.000320 2
16 4 0 74 16 0.000399 2
16 4 0 75 13 0.000184 0
16 4 0 76 16 0.000449 2
16 4 0 77 17 0.000488 0
16 4 0 78 17 0.000450 0
16 4 0 79 14 0.000278 0
16 4 0 80 18 0.000553 2
16 4 0 81 19 0.000566 0
16 4 0 82 18 0.000603 0
16 4 0 83 18 0.000490 2
16 4 0 84 16 0.000437 2
16 4 0 85 19 0.000668 2
16 4 0 86 17 0.000454 0
16 4 0 87 16 0.000382 0
16 4 0 88 16 0.000549 2
16 4 0 89 18 0.000619 0
16 4 0 90 18 0.000511 0
16 4 0 91 17 0.000520 2
16 4 0 92 15 0.000351 2
16 4 0 93 18 0.000691 2
16 4 0 94 18 0.000532 2
16 4 0 95 16 0.000312 0
16 4 0 96 16 0.000404 0
16 4 0 97 16 0.000584 0
16 4 0 98 18 0.000577 2
16 4 0 99 19 0.000793 2
16 8 0 0 20 0.001100 0
16 8 0 1 14 0.000314 2
16 8 0 2 16 0.000771 2
16 8 0 3 18 0.000785 0
16 8 0 4 19 0.000984 0
16 8 0 5 17 0.000499 0
16 8 0 6 16 0.000866 2
16 8 0 7 19 0.000979 2
16 8 0 8 19 0.000829 2
16 8 0 9 16 0.000511 0
16 8 0 10 16 0.000613 0
16 8 0 11 15 0.000564 2
16 8 0 12 14 0.000408 0
16 8 0 13 20 0.001080 2
16 8 0 14 19 0.000819 2
16 8 0 15 18 0.000710 0
16 8 0 16 19 0.000805 2
16 8 0 17 16 0.000754 0
16 8 0 18 19 0.000732 0
16 8 0 19 17 0.000766 0
16 8 0 20 20 0.001314 2
16 8 0 21 19 0.001126 0
16 8 0 22 15 0.000567 2
16 8 0 23 17 0.000784 2
16 8 0 24 10 0.000270 0
16 8 0 25 14 0.000607 2
16 8 0 26 12 0.000214 0
16 8 0 27 13 0.000449 2
16 8 0 28 19 0.000911 2
16 8 0 29 21 0.000912 0
16 8 0 30 13 0.000511 0
16 8 0 31 17 0.000817 0
16 8 0 32 18 0.000863 2
16 8 0 33 12 0.000311 0
16 8 0 34 15 0.000748 0
16 8 0 35 15 0.000610 0
16 8 0 36 14 0.000409 0
16 8 0 37 13 0.000523 0
16 8 0 38 17 0.000750 0
16 8 0 39 15 0.000516 2
16 8 0 40 12 0.000206 0
16 8 0 41 17 0.000859 2
16 8 0 42 17 0.000515 2
16 8 0 43 22 0.001473 2
16 8 0 44 20 0.001180 0
16 8 0 45 16 0.000583 2
16 8 0 46 15 0.000633 0
16 8 0 47 14 0.000349 2
16 8 0 48 17 0.000772 2
16 8 0 49 14 0.000427 0
16 8 0 50 16 0.000401 0
16 8 0 51 19 0.001047 2
16 8 0 52 18 0.000640 0
16 8 0 53 13 0.000342 2
16 8 0 54 15 0.000607 0
16 8 0 55 19 0.000956 2
16 8 0 56 16 0.000616 0
16 8 0 57 15 0.000509 0
16 8 0 58 19 0.001105 0
16 8 0 59 19 0.001030 2
16 8 0 60 18 0.001032 0
16 8 0 61 18 0.000812 0
16 8 0 62 17 0.000952 2
16 8 0 63 16 0.000631 2
16 8 0 64 16 0.000611 0
16 8 0 65 17 0.000758 0
16 8 0 66 16 0.000718 2
16 8 0 67 20 0.001139 0
16 8 0 68 17 0.000668 2
16 8 0 69 15 0.000349 0
16 8 0 70 15 0.000409 2
16 8 0 71 21 0.001447 0
16 8 0 72 20 0.001457 2
16 8 0 73 16 0.000582 2
16 8 0 74 17 0.000666 2
16 8 0 75 15 0.000289 0
16 8 0 76 20 0.001016 2
16 8 0 77 18 0.000998 0
16 8 0 78 18 0.000821 0
16 8 0 79 18 0.000683 0
16 8 0 80 18 0.000910 2
16 8 0 81 21 0.001128 0
16 8 0 82 20 0.001255 0
16 8 0 83 17 0.000758 2
16 8 0 84 18 0.000892 2
16 8 0 85 21 0.001344 2
16 8 0 86 19 0.000856 2
16 8 0 87 16 0.000541 0
16 8 0 88 21 0.001473 2
16 8 0 89 20 0.001309 0
16 8 0 90 20 0.000962 0
16 8 0 91 18 0.000893 2
16 8 0 92 15 0.000539 2
16 8 0 93 20 0.001351 2
16 8 0 94 19 0.001000 2
16 8 0 95 20 0.000703 0
16 8 0 96 15 0.000643 0
16 8 0 97 16 0.000849 0
16 8 0 98 20 0.001140 2
16 8 0 99 21 0.001609 2
32 1 0 0 31 0.000267 0
32 1 0 1 30 0.000264 0
32 1 0 2 31 0.000280 0
32 1 0 3 31 0.000258 0
32 1 0 4 31 0.000258 0
32 1 0 5 31 0.000255 0
32 1 0 6 31 0.000278 0
32 1 0 7 25 0.000186 0
32 1 0 8 29 0.000249 0
32 1 0 9 31 0.000299 0
32 1 0 10 27 0.000230 0
32 1 0 11 30 0.000314 0
32 1 0 12 27 0.000228 0
32 1 0 13 29 0.000253 0
32 1 0 14 28 0.000233 0
32 1 0 15 30 0.000278 0
32 1 0 16 31 0.000346 2
32 1 0 17 28 0.000308 0
32 1 0 18 30 0.000244 0
32 1 0 19 32 0.000309 0
32 1 0 20 26 0.000230 0
32 1 0 21 31 0.000271 0
32 1 0 22 32 0.000318 0
32 1 0 23 29 0.000263 0
32 1 0 24 29 0.000242 0
32 1 0 25 31 0.000248 0
32 1 0 26 31 0.000274 0
32 1 0 27 27 0.000243 0
32 1 0 28 32 0.000335 0
32 1 0 29 31 0.000290 0
32 1 0 30 30 0.000297 0
32 1 0 31 32 0.000295 0
32 1 0 32 28 0.000236 0
32 1 0 33 29 0.000269 0
32 1 0 34 31 0.000303 0
32 1 0 35 29 0.000246 0
32 1 0 36 32 0.000274 0
32 1 0 37 29 0.000265 0
32 1 0 38 31 0.000310 0
32 1 0 39 23 0.000184 0
32 1 0 40 31 0.000271 0
32 1 0 41 31 0.000272 0
32 1 0 42 31 0.000281 0
32 1 0 43 32 0.000344 2
32 1 0 44 28 0.000286 0
32 1 0 45 31 0.000354 0
32 1 0 46 29 0.000309 0
32 1 0 47 29 0.000261 0
32 1 0 48 26 0.000201 0
32 1 0 49 31 0.000324 0
32 1 0 50 30 0.000263 0
32 1 0 51 29 0.000236 0
32 1 0 52 31 0.000278 0
32 1 0 53 27 0.000245 0
32 1 0 54 29 0.000271 0
32 1 0 55 28 0.000226 0
32 1 0 56 30 0.000264 0
32 1 0 57 30 0.000338 2
32 1 0 58 32 0.000295 0
32 1 0 59 28 0.000226 0
32 1 0 60 31 0.000284 0
32 1 0 61 29 0.000263 0
32 1 0 62 32 0.000281 0
32 1 0 63 29 0.000261 0
32 1 0 64 32 0.000274 0
32 1 0 65 30 0.000316 0
32 1 0 66 28 0.000247 0
32 1 0 67 31 0.000331 0
32 1 0 68 27 0.000207 0
32 1 0 69 29 0.000242 0
32 1 0 70 27 0.000238 0
32 1 0 71 31 0.000265 0
32 1 0 72 31 0.000262 0
32 1 0 73 30 0.000262 0
32 1 0 74 30 0.000262 0
32 1 0 75 31 0.000278 0
32 1 0 76 31 0.000261 0
32 1 0 77 32 0.000277 0
32 1 0 78 30 0.000276 0
32 1 0 79 31 0.000256 0
32 1 0 80 29 0.000236 0
32 1 0 81 32 0.000306 0
32 1 0 82 31 0.000267 0
32 1 0 83 29 0.000257 0
32 1 0 84 31 0.000291 0
32 1 0 85 29 0.000263 0
32 1 0 86 32 0.000263 0
32 1 0 87 28 0.000231 0
32 1 0 88 30 0.000259 0
32 1 0 89 31 0.000259 0
32 1 0 90 31 0.000290 0
32 1 0 91 32 0.000337 0
32 1 0 92 27 0.000220 0
32 1 0 93 28 0.000227 0
32 1 0 94 31 0.000325 2
32 1 0 95 26 0.000210 0
32 1 0 96 30 0.000252 0
32 1 0 97 29 0.000250 0
32 1 0 98 31 0.000289 0
32 1 0 99 31 0.000274 0
32 2 0 0 32 0.000516 2
32 2 0 1 30 0.000462 2
32 2 0 2 29 0.000472 0
32 2 0 3 30 0.000407 0
32 2 0 4 29 0.000394 0
32 2 0 5 32 0.000476 2
32 2 0 6 31 0.000507 0
32 2 0 7 26 0.000253 0
32 2 0 8 30 0.000436 0
32 2 0 9 32 0.000453 0
32 2 0 10 28 0.000457 2
32 2 0 11 30 0.000561 0
32 2 0 12 31 0.000442 0
32 2 0 13 30 0.000452 0
32 2 0 14 27 0.000379 0
32 2 0 15 32 0.000541 2
32 2 0 16 32 0.000581 2
32 2 0 17 30 0.000536 0
32 2 0 18 31 0.000415 0
32 2 0 19 32 0.000646 0
32 2 0 20 29 0.000475 2
32 2 0 21 32 0.000528 2
32 2 0 22 31 0.000582 0
32 2 0 23 31 0.000511 2
32 2 0 24 32 0.000493 2
32 2 0 25 29 0.000373 0
32 2 0 26 33 0.000551 2
32 2 0 27 27 0.000360 0
32 2 0 28 33 0.000611 0
32 2 0 29 32 0.000629 0
32 2 0 30 30 0.000512 2
32 2 0 31 32 0.000538 2
32 2 0 32 26 0.000388 0
32 2 0 33 28 0.000391 0
32 2 0 34 27 0.000502 2
32 2 0 35 30 0.000465 0
32 2 0 36 32 0.000461 0
32 2 0 37 27 0.000414 0
32 2 0 38 30 0.000482 2
32 2 0 39 24 0.000266 0
32 2 0 40 29 0.000451 2
32 2 0 41 27 0.000416 0
32 2 0 42 30 0.000481 2
32 2 0 43 29 0.000477 2
32 2 0 44 28 0.000447 0
32 2 0 45 33 0.000644 0
32 2 0 46 30 0.000516 2
32 2 0 47 32 0.000470 0
32 2 0 48 26 0.000319 0
32 2 0 49 29 0.000503 0
32 2 0 50 32 0.000548 2
32 2 0 51 28 0.000359 0
32 2 0 52 29 0.000410 0
32 2 0 53 29 0.000423 0
32 2 0 54 25 0.000368 2
32 2 0 55 29 0.000391 2
32 2 0 56 28 0.000470 2
32 2 0 57 30 0.000561 2
32 2 0 58 32 0.000574 2
32 2 0 59 27 0.000395 2
32 2 0 60 31 0.000525 0
32 2 0 61 28 0.000458 2
32 2 0 62 31 0.000488 2
32 2 0 63 29 0.000420 2
32 2 0 64 29 0.000471 0
32 2 0 65 32 0.000549 2
32 2 0 66 31 0.000481 2
32 2 0 67 32 0.000512 0
32 2 0 68 26 0.000306 0
32 2 0 69 28 0.000386 0
32 2 0 70 25 0.000350 2
32 2 0 71 30 0.000484 0
32 2 0 72 33 0.000490 2
32 2 0 73 32 0.000489 0
32 2 0 74 28 0.000469 2
32 2 0 75 27 0.000405 2
32 2 0 76 31 0.000456 0
32 2 0 77 31 0.000462 0
32 2 0 78 29 0.000425 0
32 2 0 79 31 0.000470 2
32 2 0 80 28 0.000335 0
32 2 0 81 31 0.000545 2
32 2 0 82 32 0.000465 0
32 2 0 83 30 0.000423 2
32 2 0 84 31 0.000583 0
32 2 0 85 27 0.000428 2
32 2 0 86 30 0.000384 0
32 2 0 87 28 0.000396 2
32 2 0 88 29 0.000436 2
32 2 0 89 30 0.000467 2
32 2 0 90 31 0.000506 0
32 2 0 91 31 0.000547 2
32 2 0 92 28 0.000385 2
32 2 0 93 28 0.000359 0
32 2 0 94 25 0.000408 2
32 2 0 95 26 0.000327 0
32 2 0 96 32 0.000441 0
32 2 0 97 27 0.000405 0
32 2 0 98 32 0.000624 2
32 2 0 99 33 0.000560 2
32 4 0 0 34 0.001069 2
32 4 0 1 30 0.000874 2
32 4 0 2 31 0.001018 0
32 4 0 3 30 0.000876 0
32 4 0 4 30 0.000859 0
32 4 0 5 30 0.000819 2
32 4 0 6 32 0.001095 2
32 4 0 7 20 0.000326 0
32 4 0 8 25 0.000726 0
32 4 0 9 31 0.000919 0
32 4 0 10 29 0.000942 2
32 4 0 11 31 0.001336 0
32 4 0 12 29 0.000833 2
32 4 0 13 33 0.001097 0
32 4 0 14 30 0.000882 0
32 4 0 15 32 0.001129 2
32 4 0 16 34 0.001349 2
32 4 0 17 30 0.001115 0
32 4 0 18 32 0.000913 0
32 4 0 19 34 0.001575 0
32 4 0 20 29 0.000975 2
32 4 0 21 33 0.001081 2
32 4 0 22 32 0.001368 0
32 4 0 23 31 0.000982 2
32 4 0 24 27 0.000742 2
32 4 0 25 31 0.000763 0
32 4 0 26 35 0.001158 2
32 4 0 27 30 0.000707 0
32 4 0 28 34 0.001371 0
32 4 0 29 33 0.001480 0
32 4 0 30 31 0.000993 2
32 4 0 31 31 0.001012 2
32 4 0 32 27 0.000694 0
32 4 0 33 31 0.000750 0
32 4 0 34 31 0.001245 2
32 4 0 35 30 0.000871 0
32 4 0 36 33 0.000999 0
32 4 0 37 29 0.000778 0
32 4 0 38 33 0.001073 2
32 4 0 39 28 0.000564 0
32 4 0 40 32 0.000921 2
32 4 0 41 30 0.000873 0
32 4 0 42 33 0.001006 2
32 4 0 43 30 0.000952 2
32 4 0 44 28 0.000897 2
32 4 0 45 32 0.001433 0
32 4 0 46 32 0.001159 2
32 4 0 47 29 0.000923 0
32 4 0 48 27 0.000504 0
32 4 0 49 33 0.001227 0
32 4 0 50 31 0.001086 2
32 4 0 51 27 0.000746 0
32 4 0 52 31 0.000833 0
32 4 0 53 31 0.000925 2
32 4 0 54 28 0.000737 2
32 4 0 55 28 0.000581 2
32 4 0 56 33 0.001108 2
32 4 0 57 30 0.001153 2
32 4 0 58 34 0.001265 2
32 4 0 59 28 0.000716 2
32 4 0 60 34 0.001380 0
32 4 0 61 33 0.001071 2
32 4 0 62 33 0.001046 2
32 4 0 63 28 0.000749 2
32 4 0 64 32 0.001039 0
32 4 0 65 32 0.001108 2
32 4 0 66 30 0.000955 2
32 4 0 67 30 0.000980 0
32 4 0 68 25 0.000583 0
32 4 0 69 31 0.000812 0
32 4 0 70 25 0.000663 2
32 4 0 71 33 0.000991 2
32 4 0 72 31 0.000881 2
32 4 0 73 32 0.001167 0
32 4 0 74 30 0.001005 2
32 4 0 75 31 0.000869 2
32 4 0 76 31 0.001037 0
32 4 0 77 32 0.000986 0
32 4 0 78 31 0.000828 0
32 4 0 79 33 0.000959 2
32 4 0 80 29 0.000701 0
32 4 0 81 34 0.001230 2
32 4 0 82 33 0.001045 0
32 4 0 83 28 0.000655 2
32 4 0 84 33 0.001387 0
32 4 0 85 31 0.000979 2
32 4 0 86 27 0.000697 0
32 4 0 87 28 0.000696 2
32 4 0 88 32 0.000852 2
32 4 0 89 31 0.000854 2
32 4 0 90 32 0.001070 0
32 4 0 91 33 0.001272 2
32 4 0 92 31 0.000717 2
32 4 0 93 27 0.000648 0
32 4 0 94 29 0.000935 2
32 4 0 95 23 0.000462 2
32 4 0 96 32 0.000932 0
32 4 0 97 30 0.000967 0
32 4 0 98 33 0.001469 2
32 4 0 99 34 0.001146 2
32 8 0 0 34 0.002498 2
32 8 0 1 30 0.002127 2
32 8 0 2 35 0.002816 0
32 8 0 3 34 0.002441 0
32 8 0 4 31 0.002178 0
32 8 0 5 33 0.002022 2
32 8 0 6 33 0.002837 2
32 8 0 7 25 0.000858 0
32 8 0 8 31 0.002133 0
32 8 0 9 34 0.002393 0
32 8 0 10 31 0.002502 2
32 8 0 11 35 0.003954 0
32 8 0 12 30 0.002059 2
32 8 0 13 33 0.002768 0
32 8 0 14 28 0.002033 0
32 8 0 15 36 0.003115 2
32 8 0 16 36 0.003607 2
32 8 0 17 33 0.003106 0
32 8 0 18 36 0.002370 0
32 8 0 19 37 0.004643 0
32 8 0 20 34 0.002746 2
32 8 0 21 35 0.002830 2
32 8 0 22 34 0.003904 0
32 8 0 23 34 0.002632 2
32 8 0 24 31 0.001858 2
32 8 0 25 32 0.001856 0
32 8 0 26 35 0.002784 2
32 8 0 27 28 0.001367 0
32 8 0 28 35 0.003365 0
32 8 0 29 36 0.004269 0
32 8 0 30 31 0.002139 2
32 8 0 31 36 0.002643 2
32 8 0 32 26 0.001336 0
32 8 0 33 32 0.001649 0
32 8 0 34 35 0.003542 2
32 8 0 35 30 0.001984 0
32 8 0 36 37 0.002885 0
32 8 0 37 35 0.002132 0
32 8 0 38 37 0.002875 2
32 8 0 39 25 0.001105 0
32 8 0 40 32 0.001960 2
32 8 0 41 31 0.002240 0
32 8 0 42 32 0.002349 2
32 8 0 43 32 0.002421 2
32 8 0 44 29 0.002177 2
32 8 0 45 35 0.003897 0
32 8 0 46 33 0.003088 2
32 8 0 47 33 0.002444 0
32 8 0 48 25 0.000900 0
32 8 0 49 34 0.003220 0
32 8 0 50 35 0.002849 2
32 8 0 51 27 0.001711 0
32 8 0 52 31 0.001879 0
32 8 0 53 31 0.002132 2
32 8 0 54 30 0.001854 2
32 8 0 55 28 0.001004 2
32 8 0 56 35 0.003027 2
32 8 0 57 33 0.003359 2
32 8 0 58 36 0.003398 2
32 8 0 59 28 0.001660 2
32 8 0 60 36 0.003905 0
32 8 0 61 32 0.002508 2
32 8 0 62 35 0.002634 2
32 8 0 63 28 0.001708 2
32 8 0 64 33 0.002596 0
32 8 0 65 33 0.002573 2
32 8 0 66 30 0.002269 2
32 8 0 67 31 0.002350 0
32 8 0 68 27 0.001351 0
32 8 0 69 28 0.001761 0
32 8 0 70 25 0.001493 2
32 8 0 71 33 0.002470 2
32 8 0 72 32 0.002019 2
32 8 0 73 35 0.003237 0
32 8 0 74 29 0.002122 2
32 8 0 75 28 0.001778 2
32 8 0 76 35 0.003077 0
32 8 0 77 34 0.002610 0
32 8 0 78 33 0.002047 0
32 8 0 79 36 0.002526 2
32 8 0 80 32 0.001910 0
32 8 0 81 34 0.002868 2
32 8 0 82 33 0.002594 0
32 8 0 83 30 0.001599 2
32 8 0 84 37 0.004103 0
32 8 0 85 30 0.002378 2
32 8 0 86 30 0.001886 0
32 8 0 87 31 0.001728 2
32 8 0 88 31 0.001822 2
32 8 0 89 31 0.002041 2
32 8 0 90 33 0.002672 0
32 8 0 91 34 0.003183 2
32 8 0 92 27 0.001427 2
32 8 0 93 29 0.001574 0
32 8 0 94 34 0.002652 2
32 8 0 95 27 0.001134 2
32 8 0 96 35 0.002718 0
32 8 0 97 29 0.002237 0
32 8 0 98 34 0.003862 2
32 8 0 99 35 0.002844 2
