ORIG
TEKRAR YAP
1000 50 0 20 0.0185207 0 1
1000 100 0 21 5.5577 0 1
oot
oot

1000 50 0 20 1.20586 0 1
oot
oot
oot

oot
oot
oot
oot

FINE
1000 50 1 20 0.00174402 0 1
1000 100 1 22 0.013738 0 1
1000 200 1 26 6.29068 0 1
oot

1000 50 1 20 0.00136263 0 1
1000 100 1 22 0.0201151 0 1
1000 200 1 26 6.6749 0 1
oot

1000 50 1 20 0.00313829 0 1
1000 100 1 22 0.0436393 0 1
1000 200 1 26 7.50628 0 1
oot

FINE RELATIVE
1000 50 1 20 0.000592168 0 1
1000 100 1 22 0.00223517 0 1
1000 200 1 26 0.0132067 0 1
1000 400 1 34 2.22798 0 1

1000 50 1 20 0.000466014 0 1
1000 100 1 22 0.00276721 0 1
1000 200 1 26 0.0754817 0 1
1000 400 1 34 20.7458 0 1

1000 50 1 20 0.00116667 0 1
1000 100 1 22 0.0103463 0 1
1000 200 1 26 0.411917 0 1
oot

COARSE
1000 50 1 20 0.000638256 0 1
1000 100 1 22 0.0026063 0 1
1000 200 1 26 0.0155837 0 1
1000 400 1 34 2.54396 0 1

1000 50 1 20 0.000282095 0 1
1000 100 1 22 0.00120667 0 1
1000 200 1 26 0.0205473 0 1
1000 400 1 34 3.48075 0 1

1000 50 1 20 0.000360261 0 1
1000 100 1 22 0.00156894 0 1
1000 200 1 26 0.0267846 0 1
1000 400 1 34 4.38229 0 1

COARSE RELATIVE
1000 50 1 20 0.000515588 0 1
1000 100 1 22 0.00177931 0 1
1000 200 1 26 0.00871845 0 1
1000 400 1 34 1.19769 0 1

1000 50 1 20 0.000237774 0 1
1000 100 1 22 0.000856202 0 1
1000 200 1 26 0.0133691 0 1
1000 400 1 34 2.14092 0 1

1000 50 1 20 0.000315786 0 1
1000 100 1 22 0.00122716 0 1
1000 200 1 26 0.0197887 0 1
1000 400 1 34 3.07414 0 1
