0 45
1.9961 -90
3.9922 92
5.9883 -10
7.98441 -50
9.98051 19
11.9766 -35
13.9727 -93
15.9688 -62
17.9649 -59
19.961 30
21.9571 90
23.9532 -46
25.9493 34
27.9454 60
29.9415 -70
31.9376 -14
33.9337 70
35.9298 8
37.9259 0
39.922 39
41.9181 86
43.9142 -79
45.9103 -57
47.9064 -1
49.9025 -65
51.8986 -89
53.8947 64
55.8908 -62
57.8869 -84
59.883 -50
61.8791 -13
63.8752 -28
65.8713 83
67.8674 100
69.8635 -36
71.8596 31
73.8558 -54
75.8519 -62
77.848 -35
79.8441 30
81.8402 -62
83.8363 14
85.8324 -29
87.8285 65
89.8246 -80
91.8207 97
93.8168 -32
95.8129 -31
97.809 9
99.8051 -5
101.801 71
103.797 -2
105.793 0
107.789 47
109.786 23
111.782 -59
113.778 19
115.774 14
117.77 81
119.766 45
121.762 -38
123.758 73
125.754 -70
127.75 -21
129.747 -41
131.743 5
133.739 89
135.735 -52
137.731 11
139.727 52
141.723 5
143.719 -58
145.715 -64
147.712 12
149.708 -7
151.704 85
153.7 55
155.696 -33
157.692 64
159.688 98
161.684 33
163.68 -65
165.676 11
167.673 -24
169.669 -12
171.665 80
173.661 95
175.657 23
177.653 84
179.649 92
181.645 -65
183.641 85
185.637 -38
187.634 -42
189.63 -3
191.626 -47
193.622 -4
195.618 -41
197.614 -64
199.61 33
201.606 34
203.602 18
205.598 -84
207.595 94
209.591 -23
211.587 39
213.583 84
215.579 -59
217.575 27
219.571 -29
221.567 -67
223.563 -59
225.559 60
227.556 50
229.552 -71
231.548 7
233.544 63
235.54 85
237.536 15
239.532 -20
241.528 97
243.524 44
245.52 36
247.517 -83
249.513 1
251.509 82
253.505 66
255.501 -63
257.497 -26
259.493 -11
261.489 56
263.485 -40
265.481 -5
267.478 75
269.474 -48
271.47 18
273.466 -37
275.462 -13
277.458 -41
279.454 -36
281.45 9
283.446 -6
285.442 3
287.439 67
289.435 83
291.431 17
293.427 3
295.423 22
297.419 -80
299.415 48
301.411 -54
303.407 92
305.404 79
307.4 -30
309.396 -84
311.392 18
313.388 -46
315.384 -97
317.38 47
319.376 53
321.372 19
323.368 -75
325.365 4
327.361 33
329.357 -44
331.353 15
333.349 -94
335.345 78
337.341 42
339.337 54
341.333 -35
343.329 49
345.326 -87
347.322 79
349.318 -56
351.314 -9
353.31 16
355.306 32
357.302 65
359.298 83
361.294 -88
363.29 61
365.287 -32
367.283 54
369.279 -37
371.275 -24
373.271 -78
375.267 -45
377.263 43
379.259 -91
381.255 97
383.251 3
385.248 84
387.244 -83
389.24 55
391.236 -69
393.232 87
395.228 62
397.224 0
399.22 28
401.216 18
403.212 -88
405.209 7
407.205 -97
409.201 -4
411.197 70
413.193 3
415.189 89
417.185 25
419.181 18
421.177 -79
423.173 24
425.17 -63
427.166 -69
429.162 41
431.158 11
433.154 -29
435.15 17
437.146 -57
439.142 27
441.138 43
443.135 41
445.131 89
447.127 35
449.123 3
451.119 5
453.115 -13
455.111 66
457.107 -88
459.103 -10
461.099 -81
463.096 -25
465.092 -62
467.088 56
469.084 -41
471.08 3
473.076 34
475.072 -72
477.068 66
479.064 89
481.06 35
483.057 -76
485.053 88
487.049 16
489.045 37
491.041 71
493.037 -81
495.033 88
497.029 -46
499.025 39
501.021 77
503.018 70
505.014 -41
507.01 42
509.006 -56
511.002 -33
512.998 -69
514.994 7
516.99 70
518.986 -64
520.982 49
522.979 53
524.975 31
526.971 -44
528.967 4
530.963 -3
532.959 40
534.955 100
536.951 5
538.947 -98
540.943 81
542.94 78
544.936 -14
546.932 -74
548.928 -68
550.924 -54
552.92 94
554.916 56
556.912 -11
558.908 -60
560.904 -12
562.901 -61
564.897 -33
566.893 31
568.889 14
570.885 -68
572.881 -76
574.877 31
576.873 87
578.869 70
580.865 59
582.862 -34
584.858 32
586.854 -1
588.85 -13
590.846 12
592.842 55
594.838 -34
596.834 94
598.83 -74
600.827 14
602.823 -91
604.819 15
606.815 0
608.811 71
610.807 92
612.803 -80
614.799 -11
616.795 9
618.791 -35
620.788 7
622.784 79
624.78 -75
626.776 94
628.772 96
630.768 15
632.764 15
634.76 8
636.756 -75
638.752 84
640.749 25
642.745 -19
644.741 28
646.737 57
648.733 -87
650.729 -54
652.725 67
654.721 -32
656.717 -51
658.713 55
660.71 -16
662.706 28
664.702 74
666.698 77
668.694 6
670.69 -90
672.686 -73
674.682 39
676.678 2
678.674 -66
680.671 -43
682.667 -88
684.663 33
686.659 -38
688.655 -22
690.651 79
692.647 -42
694.643 -65
696.639 -87
698.635 98
700.632 -30
702.628 -85
704.624 99
706.62 -99
708.616 -97
710.612 -31
712.608 -20
714.604 -48
716.6 61
718.596 29
720.593 82
722.589 98
724.585 0
726.581 -78
728.577 92
730.573 -3
732.569 -96
734.565 62
736.561 28
738.558 -74
740.554 -41
742.55 41
744.546 10
746.542 21
748.538 23
750.534 49
752.53 -13
754.526 -85
756.522 -85
758.519 80
760.515 -91
762.511 -7
764.507 52
766.503 -89
768.499 97
770.495 -89
772.491 -23
774.487 99
776.483 85
778.48 32
780.476 93
782.472 -82
784.468 -96
786.464 17
788.46 -93
790.456 -8
792.452 -2
794.448 -9
796.444 -64
798.441 82
800.437 -23
802.433 -73
804.429 -98
806.425 -76
808.421 -84
810.417 96
812.413 -49
814.409 -73
816.405 -33
818.402 -40
820.398 -32
822.394 -89
824.39 19
826.386 -42
828.382 36
830.378 -69
832.374 -2
834.37 -14
836.366 93
838.363 -69
840.359 30
842.355 96
844.351 7
846.347 -83
848.343 49
850.339 8
852.335 -40
854.331 76
856.327 -91
858.324 87
860.32 -48
862.316 -1
864.312 -70
866.308 64
868.304 -33
870.3 -13
872.296 84
874.292 -81
876.288 52
878.285 80
880.281 -25
882.277 6
884.273 64
886.269 -28
888.265 56
890.261 11
892.257 -20
894.253 58
896.25 -32
898.246 -51
900.242 57
902.238 -42
904.234 -27
906.23 66
908.226 76
910.222 -76
912.218 -68
914.214 45
916.211 -64
918.207 49
920.203 -50
922.199 -3
924.195 90
926.191 -33
928.187 -57
930.183 14
932.179 36
934.175 78
936.172 62
938.168 50
940.164 89
942.16 -39
944.156 97
946.152 -62
948.148 99
950.144 84
952.14 100
954.136 33
956.133 76
958.129 -32
960.125 -1
962.121 -13
964.117 -60
966.113 -19
968.109 -36
970.105 -36
972.101 93
974.097 -39
976.094 94
978.09 -99
980.086 78
982.082 -62
984.078 -27
986.074 -99
988.07 -68
990.066 97
992.062 -36
994.058 -37
996.055 23
998.051 91
1000.05 65
1002.04 59
1004.04 -46
1006.04 68
1008.03 11
1010.03 73
1012.02 59
1014.02 93
1016.02 19
1018.01 78
1020.01 -56
1022 -21
