0 67
15.7538 -95
31.5077 -10
47.2615 -10
63.0154 33
78.7692 -99
94.5231 -70
110.277 85
126.031 -66
141.785 8
157.538 78
173.292 32
189.046 54
204.8 -56
220.554 30
236.308 -82
252.062 19
267.815 -33
283.569 -50
299.323 28
315.077 65
330.831 40
346.585 -32
362.338 20
378.092 31
393.846 20
409.6 -9
425.354 87
441.108 -79
456.862 37
472.615 53
488.369 -31
504.123 -15
519.877 89
535.631 -93
551.385 93
567.138 85
582.892 4
598.646 70
614.4 -46
630.154 73
645.908 82
661.662 -59
677.415 -1
693.169 -91
708.923 44
724.677 42
740.431 54
756.185 85
771.938 20
787.692 29
803.446 -36
819.2 -75
834.954 -42
850.708 83
866.462 57
882.215 -11
897.969 29
913.723 83
929.477 -54
945.231 -42
960.985 89
976.738 57
992.492 34
1008.25 97
1024 24
