0 11
7.93798 -90
15.876 -55
23.814 -97
31.7519 -65
39.6899 68
47.6279 83
55.5659 98
63.5039 -92
71.4419 19
79.3798 48
87.3178 9
95.2558 -41
103.194 -92
111.132 99
119.07 -21
127.008 -94
134.946 -9
142.884 -86
150.822 42
158.76 4
166.698 19
174.636 -89
182.574 -54
190.512 25
198.45 -2
206.388 34
214.326 -19
222.264 -80
230.202 97
238.14 24
246.078 -87
254.016 -77
261.953 40
269.891 -30
277.829 -65
285.767 -65
293.705 -64
301.643 -51
309.581 77
317.519 51
325.457 -25
333.395 69
341.333 46
349.271 -91
357.209 -56
365.147 -38
373.085 20
381.023 -95
388.961 13
396.899 -70
404.837 18
412.775 -99
420.713 -44
428.651 -72
436.589 2
444.527 8
452.465 71
460.403 31
468.341 -76
476.279 -46
484.217 27
492.155 89
500.093 47
508.031 -41
515.969 -96
523.907 86
531.845 -45
539.783 -93
547.721 -76
555.659 -19
563.597 45
571.535 42
579.473 83
587.411 -59
595.349 -29
603.287 69
611.225 -80
619.163 7
627.101 59
635.039 -12
642.977 -46
650.915 -14
658.853 -13
666.791 71
674.729 14
682.667 27
690.605 5
698.543 -41
706.481 -2
714.419 -60
722.357 -82
730.295 12
738.233 18
746.171 -97
754.109 -80
762.047 -47
769.984 -62
777.922 98
785.86 79
793.798 -68
801.736 34
809.674 -46
817.612 -85
825.55 3
833.488 88
841.426 -56
849.364 1
857.302 -46
865.24 -80
873.178 66
881.116 39
889.054 97
896.992 59
904.93 -78
912.868 -42
920.806 -11
928.744 -95
936.682 -37
944.62 -57
952.558 -57
960.496 65
968.434 -68
976.372 -10
984.31 -90
992.248 79
1000.19 63
1008.12 -85
1016.06 -10
