0 -94
15.7538 43
31.5077 -53
47.2615 -51
63.0154 -48
78.7692 70
94.5231 -92
110.277 89
126.031 7
141.785 -91
157.538 0
173.292 -79
189.046 1
204.8 -54
220.554 38
236.308 -79
252.062 -31
267.815 -49
283.569 -33
299.323 90
315.077 -6
330.831 -95
346.585 -91
362.338 -27
378.092 81
393.846 16
409.6 -72
425.354 -85
441.108 3
456.862 82
472.615 -47
488.369 -93
504.123 -100
519.877 -12
535.631 -18
551.385 -96
567.138 -79
582.892 97
598.646 -93
614.4 3
630.154 -60
645.908 10
661.662 -6
677.415 78
693.169 -35
708.923 40
724.677 65
740.431 -58
756.185 91
771.938 -34
787.692 59
803.446 -69
819.2 27
834.954 38
850.708 -80
866.462 24
882.215 -6
897.969 -74
913.723 89
929.477 -94
945.231 -89
960.985 7
976.738 -39
992.492 27
1008.25 64
1024 19
