0 -55
15.7538 -16
31.5077 75
47.2615 -65
63.0154 98
78.7692 -30
94.5231 -92
110.277 -89
126.031 33
141.785 76
157.538 8
173.292 84
189.046 100
204.8 8
220.554 -12
236.308 57
252.062 21
267.815 0
283.569 20
299.323 54
315.077 -47
330.831 60
346.585 -59
362.338 98
378.092 95
393.846 -23
409.6 77
425.354 69
441.108 -39
456.862 70
472.615 6
488.369 -29
504.123 -36
519.877 65
535.631 55
551.385 -47
567.138 -8
582.892 61
598.646 -40
614.4 -88
630.154 -18
645.908 -76
661.662 97
677.415 -74
693.169 68
708.923 -10
724.677 -58
740.431 88
756.185 -7
771.938 94
787.692 59
803.446 -23
819.2 -34
834.954 5
850.708 -43
866.462 -89
882.215 -15
897.969 -23
913.723 -3
929.477 69
945.231 -95
960.985 -90
976.738 11
992.492 33
1008.25 -37
1024 54
