0 56
3.98444 19
7.96887 -39
11.9533 22
15.9377 -40
19.9222 94
23.9066 51
27.8911 13
31.8755 -31
35.8599 -74
39.8444 -47
43.8288 -88
47.8132 54
51.7977 82
55.7821 49
59.7665 -23
63.751 -63
67.7354 -84
71.7198 -44
75.7043 -81
79.6887 -95
83.6732 15
87.6576 -90
91.642 0
95.6265 40
99.6109 -60
103.595 36
107.58 -74
111.564 -99
115.549 -94
119.533 -9
123.518 -21
127.502 93
131.486 -23
135.471 51
139.455 -37
143.44 -65
147.424 -66
151.409 70
155.393 -98
159.377 79
163.362 27
167.346 21
171.331 27
175.315 60
179.3 -85
183.284 -65
187.268 -6
191.253 -71
195.237 -77
199.222 -66
203.206 8
207.191 94
211.175 -40
215.16 46
219.144 95
223.128 95
227.113 -69
231.097 47
235.082 -55
239.066 -100
243.051 44
247.035 -74
251.019 26
255.004 -73
258.988 82
262.973 -66
266.957 -13
270.942 21
274.926 96
278.911 -33
282.895 88
286.879 -88
290.864 -88
294.848 -29
298.833 -96
302.817 6
306.802 -87
310.786 2
314.77 6
318.755 -38
322.739 -43
326.724 10
330.708 -25
334.693 -90
338.677 71
342.661 81
346.646 -17
350.63 4
354.615 -51
358.599 -17
362.584 -11
366.568 -20
370.553 -70
374.537 52
378.521 -69
382.506 -32
386.49 -24
390.475 -46
394.459 -85
398.444 21
402.428 -60
406.412 -77
410.397 -30
414.381 50
418.366 32
422.35 -7
426.335 93
430.319 -6
434.304 -1
438.288 -67
442.272 2
446.257 -25
450.241 -1
454.226 34
458.21 -66
462.195 0
466.179 79
470.163 -40
474.148 56
478.132 -8
482.117 -55
486.101 3
490.086 -13
494.07 -55
498.054 -24
502.039 100
506.023 -39
510.008 -36
513.992 34
517.977 -51
521.961 43
525.946 -12
529.93 -93
533.914 56
537.899 95
541.883 -18
545.868 -36
549.852 -65
553.837 98
557.821 -26
561.805 37
565.79 24
569.774 -8
573.759 3
577.743 -70
581.728 56
585.712 43
589.696 44
593.681 -71
597.665 -51
601.65 -14
605.634 56
609.619 -17
613.603 9
617.588 68
621.572 -2
625.556 -58
629.541 -44
633.525 -92
637.51 92
641.494 86
645.479 -80
649.463 16
653.447 -82
657.432 -42
661.416 -24
665.401 48
669.385 -38
673.37 -21
677.354 -81
681.339 18
685.323 30
689.307 6
693.292 -39
697.276 -72
701.261 -84
705.245 -84
709.23 -65
713.214 30
717.198 51
721.183 4
725.167 77
729.152 -27
733.136 55
737.121 20
741.105 -6
745.089 25
749.074 -86
753.058 -29
757.043 43
761.027 -60
765.012 -5
768.996 -44
772.981 20
776.965 -30
780.949 63
784.934 9
788.918 -13
792.903 -2
796.887 34
800.872 60
804.856 -61
808.84 -77
812.825 -90
816.809 40
820.794 -57
824.778 36
828.763 65
832.747 21
836.732 15
840.716 -51
844.7 -42
848.685 -17
852.669 -78
856.654 87
860.638 -37
864.623 57
868.607 -78
872.591 83
876.576 -57
880.56 90
884.545 -69
888.529 -67
892.514 53
896.498 -17
900.482 -100
904.467 -41
908.451 -42
912.436 4
916.42 55
920.405 70
924.389 -5
928.374 55
932.358 81
936.342 86
940.327 29
944.311 -41
948.296 95
952.28 20
956.265 -45
960.249 85
964.233 -69
968.218 -35
972.202 -81
976.187 34
980.171 -65
984.156 0
988.14 -87
992.125 61
996.109 -43
1000.09 -77
1004.08 41
1008.06 22
1012.05 51
1016.03 30
1020.02 100
1024 -33
