0 23
15.7538 -41
31.5077 -20
47.2615 82
63.0154 -29
78.7692 90
94.5231 4
110.277 33
126.031 -66
141.785 3
157.538 -87
173.292 -56
189.046 -71
204.8 -49
220.554 98
236.308 47
252.062 -23
267.815 -56
283.569 80
299.323 23
315.077 -28
330.831 -2
346.585 56
362.338 -46
378.092 62
393.846 90
409.6 94
425.354 68
441.108 -18
456.862 -42
472.615 81
488.369 100
504.123 57
519.877 -6
535.631 -72
551.385 -82
567.138 -39
582.892 -23
598.646 -71
614.4 33
630.154 -32
645.908 61
661.662 -24
677.415 -53
693.169 48
708.923 -39
724.677 -28
740.431 30
756.185 23
771.938 9
787.692 -92
803.446 89
819.2 57
834.954 90
850.708 -46
866.462 -34
882.215 -69
897.969 -1
913.723 16
929.477 -25
945.231 -29
960.985 51
976.738 -36
992.492 51
1008.25 -24
1024 14
