0 5
0.992248 92
1.9845 -61
2.97674 86
3.96899 -93
4.96124 -15
5.95349 63
6.94574 16
7.93798 -49
8.93023 73
9.92248 11
10.9147 -30
11.907 87
12.8992 -32
13.8915 19
14.8837 -34
15.876 -4
16.8682 5
17.8605 56
18.8527 32
19.845 -91
20.8372 -30
21.8295 -41
22.8217 56
23.814 80
24.8062 -21
25.7984 65
26.7907 23
27.7829 26
28.7752 -79
29.7674 75
30.7597 -56
31.7519 -65
32.7442 -21
33.7364 -73
34.7287 25
35.7209 -27
36.7132 -48
37.7054 37
38.6977 9
39.6899 5
40.6822 -21
41.6744 -94
42.6667 -57
43.6589 62
44.6512 -82
45.6434 -44
46.6357 -33
47.6279 -93
48.6202 -67
49.6124 96
50.6047 -97
51.5969 -16
52.5891 -45
53.5814 -35
54.5736 2
55.5659 9
56.5581 57
57.5504 -59
58.5426 -90
59.5349 -58
60.5271 91
61.5194 42
62.5116 -81
63.5039 10
64.4961 9
65.4884 27
66.4806 -40
67.4729 -48
68.4651 60
69.4574 -8
70.4496 -20
71.4419 61
72.4341 -63
73.4264 60
74.4186 29
75.4109 69
76.4031 32
77.3953 31
78.3876 -87
79.3798 -97
80.3721 77
81.3643 5
82.3566 45
83.3488 37
84.3411 3
85.3333 -43
86.3256 48
87.3178 44
88.3101 37
89.3023 -100
90.2946 93
91.2868 34
92.2791 -78
93.2713 37
94.2636 -40
95.2558 -73
96.2481 -8
97.2403 -71
98.2326 14
99.2248 14
100.217 40
101.209 0
102.202 4
103.194 60
104.186 76
105.178 -90
106.171 47
107.163 -81
108.155 -87
109.147 74
110.14 40
111.132 14
112.124 59
113.116 -63
114.109 -38
115.101 -37
116.093 -85
117.085 67
118.078 -30
119.07 -42
120.062 71
121.054 80
122.047 -11
123.039 -92
124.031 76
125.023 -75
126.016 -63
127.008 -45
