0 -22
3.93846 -84
7.87692 60
11.8154 -27
15.7538 -1
19.6923 -23
23.6308 8
27.5692 78
31.5077 -90
35.4462 -88
39.3846 39
43.3231 -60
47.2615 -65
51.2 -58
55.1385 -45
59.0769 8
63.0154 48
66.9538 -15
70.8923 8
74.8308 33
78.7692 84
82.7077 87
86.6462 27
90.5846 50
94.5231 -74
98.4615 -21
102.4 -36
106.338 -90
110.277 -25
114.215 -86
118.154 -85
122.092 -34
126.031 68
129.969 -44
133.908 -44
137.846 66
141.785 -1
145.723 96
149.662 -83
153.6 -1
157.538 10
161.477 79
165.415 54
169.354 -7
173.292 8
177.231 -20
181.169 -75
185.108 58
189.046 52
192.985 -67
196.923 -86
200.862 -88
204.8 80
208.738 -93
212.677 -24
216.615 -66
220.554 -65
224.492 -85
228.431 -92
232.369 16
236.308 -87
240.246 -98
244.185 67
248.123 -95
252.062 -80
256 87
