0 55
0.996109 44
1.99222 -55
2.98833 91
3.98444 65
4.98054 32
5.97665 95
6.97276 -38
7.96887 -48
8.96498 -68
9.96109 -20
10.9572 32
11.9533 30
12.9494 -59
13.9455 97
14.9416 47
15.9377 -3
16.9339 -28
17.93 24
18.9261 -6
19.9222 44
20.9183 7
21.9144 15
22.9105 91
23.9066 -13
24.9027 -93
25.8988 96
26.8949 -27
27.8911 42
28.8872 94
29.8833 19
30.8794 -31
31.8755 20
32.8716 44
33.8677 94
34.8638 13
35.8599 -76
36.856 -28
37.8521 55
38.8482 69
39.8444 81
40.8405 -75
41.8366 -48
42.8327 29
43.8288 10
44.8249 31
45.821 -71
46.8171 60
47.8132 -55
48.8093 39
49.8054 36
50.8016 6
51.7977 -92
52.7938 93
53.7899 -86
54.786 -86
55.7821 72
56.7782 65
57.7743 -46
58.7704 85
59.7665 14
60.7626 54
61.7588 53
62.7549 -14
63.751 -81
64.7471 100
65.7432 84
66.7393 -68
67.7354 -2
68.7315 91
69.7276 44
70.7237 -79
71.7198 -43
72.716 -3
73.7121 -91
74.7082 -63
75.7043 83
76.7004 -7
77.6965 -56
78.6926 55
79.6887 1
80.6848 -92
81.6809 14
82.677 -34
83.6732 -69
84.6693 84
85.6654 -77
86.6615 36
87.6576 53
88.6537 5
89.6498 18
90.6459 44
91.642 76
92.6381 -17
93.6342 -4
94.6304 -87
95.6265 -46
96.6226 -58
97.6187 72
98.6148 19
99.6109 -47
100.607 -50
101.603 -59
102.599 40
103.595 -39
104.591 -83
105.588 36
106.584 86
107.58 -41
108.576 -15
109.572 34
110.568 20
111.564 -12
112.56 -6
113.556 79
114.553 -31
115.549 -15
116.545 -52
117.541 39
118.537 80
119.533 -87
120.529 32
121.525 54
122.521 29
123.518 -86
124.514 13
125.51 -14
126.506 4
127.502 -33
128.498 -71
129.494 35
130.49 8
131.486 -15
132.482 -98
133.479 -25
134.475 -55
135.471 49
136.467 87
137.463 -59
138.459 -83
139.455 65
140.451 50
141.447 -22
142.444 -79
143.44 -7
144.436 45
145.432 99
146.428 1
147.424 -32
148.42 -46
149.416 30
150.412 -67
151.409 -15
152.405 -91
153.401 -33
154.397 90
155.393 16
156.389 71
157.385 60
158.381 -3
159.377 4
160.374 48
161.37 9
162.366 80
163.362 -45
164.358 -90
165.354 -86
166.35 -19
167.346 -66
168.342 23
169.339 57
170.335 84
171.331 82
172.327 96
173.323 -41
174.319 58
175.315 -83
176.311 -63
177.307 31
178.304 3
179.3 -80
180.296 5
181.292 34
182.288 -37
183.284 21
184.28 -89
185.276 -17
186.272 17
187.268 11
188.265 -54
189.261 16
190.257 -28
191.253 -49
192.249 25
193.245 -83
194.241 38
195.237 13
196.233 91
197.23 -17
198.226 67
199.222 75
200.218 100
201.214 -40
202.21 -93
203.206 34
204.202 -79
205.198 32
206.195 -61
207.191 -77
208.187 88
209.183 10
210.179 76
211.175 46
212.171 -25
213.167 37
214.163 25
215.16 -55
216.156 -31
217.152 98
218.148 -97
219.144 9
220.14 41
221.136 43
222.132 37
223.128 66
224.125 -11
225.121 19
226.117 -81
227.113 -5
228.109 -18
229.105 37
230.101 95
231.097 -73
232.093 88
233.089 -37
234.086 -77
235.082 71
236.078 18
237.074 -44
238.07 -9
239.066 73
240.062 20
241.058 -9
242.054 -30
243.051 76
244.047 27
245.043 51
246.039 -91
247.035 82
248.031 -17
249.027 -55
250.023 72
251.019 -86
252.016 -39
253.012 97
254.008 -74
255.004 53
256 77
