0 83
3.93846 15
7.87692 -27
11.8154 -80
15.7538 92
19.6923 36
23.6308 -68
27.5692 42
31.5077 34
35.4462 63
39.3846 41
43.3231 -53
47.2615 -93
51.2 -86
55.1385 -40
59.0769 -56
63.0154 35
66.9538 -28
70.8923 78
74.8308 53
78.7692 32
82.7077 39
86.6462 -6
90.5846 16
94.5231 80
98.4615 -93
102.4 -65
106.338 -63
110.277 -26
114.215 37
118.154 50
122.092 84
126.031 61
129.969 94
133.908 91
137.846 -32
141.785 29
145.723 55
149.662 -86
153.6 40
157.538 -95
161.477 38
165.415 -53
169.354 -37
173.292 9
177.231 -52
181.169 92
185.108 -57
189.046 -29
192.985 -18
196.923 77
200.862 -84
204.8 -49
208.738 89
212.677 -39
216.615 -79
220.554 -2
224.492 -96
228.431 -47
232.369 31
236.308 -79
240.246 82
244.185 88
248.123 -44
252.062 -23
256 -69
