0 -77
0.998051 86
1.9961 34
2.99415 16
3.9922 -36
4.99025 83
5.9883 -90
6.98635 -83
7.98441 45
8.98246 10
9.98051 -68
10.9786 20
11.9766 -91
12.9747 97
13.9727 41
14.9708 -3
15.9688 -8
16.9669 -23
17.9649 -75
18.963 -23
19.961 8
20.9591 67
21.9571 -82
22.9552 91
23.9532 24
24.9513 12
25.9493 -16
26.9474 18
27.9454 -84
28.9435 -6
29.9415 25
30.9396 -61
31.9376 9
32.9357 -26
33.9337 22
34.9318 40
35.9298 -41
36.9279 -59
37.9259 23
38.924 -64
39.922 -50
40.9201 69
41.9181 -97
42.9162 -82
43.9142 -16
44.9123 -21
45.9103 -7
46.9084 -54
47.9064 -87
48.9045 68
49.9025 96
50.9006 -28
51.8986 75
52.8967 -94
53.8947 30
54.8928 95
55.8908 16
56.8889 -86
57.8869 45
58.885 -23
59.883 82
60.8811 37
61.8791 -26
62.8772 58
63.8752 77
64.8733 68
65.8713 55
66.8694 90
67.8674 34
68.8655 1
69.8635 -39
70.8616 24
71.8596 -47
72.8577 -29
73.8558 -12
74.8538 34
75.8519 24
76.8499 0
77.848 -66
78.846 48
79.8441 -74
80.8421 11
81.8402 43
82.8382 -87
83.8363 86
84.8343 -93
85.8324 -2
86.8304 47
87.8285 5
88.8265 -81
89.8246 -87
90.8226 -72
91.8207 21
92.8187 -6
93.8168 69
94.8148 20
95.8129 -17
96.8109 -89
97.809 -24
98.807 -83
99.8051 83
100.803 6
101.801 41
102.799 -12
103.797 74
104.795 -84
105.793 -29
106.791 29
107.789 57
108.788 -2
109.786 44
110.784 -87
111.782 -53
112.78 -62
113.778 -100
114.776 57
115.774 45
116.772 71
117.77 -47
118.768 -4
119.766 -3
120.764 -5
121.762 -49
122.76 -40
123.758 -51
124.756 38
125.754 64
126.752 43
127.75 -56
128.749 -80
129.747 66
130.745 28
131.743 21
132.741 -10
133.739 -93
134.737 -54
135.735 40
136.733 -15
137.731 -78
138.729 -100
139.727 50
140.725 55
141.723 -15
142.721 -7
143.719 -35
144.717 -18
145.715 23
146.713 30
147.712 -13
148.71 -31
149.708 30
150.706 -10
151.704 69
152.702 -49
153.7 -92
154.698 65
155.696 90
156.694 59
157.692 -13
158.69 5
159.688 17
160.686 -50
161.684 50
162.682 -62
163.68 23
164.678 -46
165.676 -86
166.674 9
167.673 15
168.671 62
169.669 -20
170.667 63
171.665 -98
172.663 87
173.661 -16
174.659 3
175.657 -1
176.655 -81
177.653 0
178.651 5
179.649 -34
180.647 24
181.645 70
182.643 4
183.641 -99
184.639 -9
185.637 14
186.635 -37
187.634 -93
188.632 -31
189.63 25
190.628 94
191.626 78
192.624 -8
193.622 -93
194.62 -9
195.618 7
196.616 40
197.614 -1
198.612 -95
199.61 -33
200.608 -63
201.606 -2
202.604 -33
203.602 -72
204.6 22
205.598 89
206.596 -6
207.595 31
208.593 63
209.591 -45
210.589 -64
211.587 80
212.585 8
213.583 -4
214.581 -37
215.579 76
216.577 -28
217.575 -33
218.573 97
219.571 95
220.569 74
221.567 30
222.565 38
223.563 -52
224.561 -100
225.559 35
226.558 -6
227.556 -14
228.554 95
229.552 -55
230.55 -41
231.548 -7
232.546 -96
233.544 96
234.542 52
235.54 85
236.538 47
237.536 12
238.534 49
239.532 23
240.53 71
241.528 72
242.526 -96
243.524 57
244.522 -94
245.52 -88
246.519 99
247.517 -74
248.515 -7
249.513 -23
250.511 5
251.509 76
252.507 65
253.505 -11
254.503 78
255.501 6
256.499 -75
257.497 94
258.495 -72
259.493 0
260.491 68
261.489 44
262.487 -32
263.485 20
264.483 16
265.481 -15
266.48 -61
267.478 -41
268.476 49
269.474 53
270.472 86
271.47 -4
272.468 90
273.466 50
274.464 13
275.462 44
276.46 -8
277.458 -11
278.456 92
279.454 74
280.452 -7
281.45 25
282.448 32
283.446 78
284.444 63
285.442 -27
286.441 5
287.439 18
288.437 -49
289.435 60
290.433 54
291.431 94
292.429 7
293.427 6
294.425 -97
295.423 63
296.421 18
297.419 78
298.417 -80
299.415 -12
300.413 -68
301.411 -11
302.409 -33
303.407 80
304.405 79
305.404 33
306.402 -51
307.4 55
308.398 60
309.396 29
310.394 -17
311.392 -71
312.39 76
313.388 -77
314.386 100
315.384 27
316.382 67
317.38 83
318.378 9
319.376 36
320.374 76
321.372 -49
322.37 69
323.368 33
324.366 30
325.365 16
326.363 40
327.361 -48
328.359 -35
329.357 -21
330.355 2
331.353 32
332.351 65
333.349 -85
334.347 -85
335.345 -3
336.343 -78
337.341 -56
338.339 -59
339.337 45
340.335 94
341.333 -24
342.331 -17
343.329 -52
344.327 61
345.326 36
346.324 63
347.322 -70
348.32 81
349.318 -48
350.316 15
351.314 36
352.312 64
353.31 -44
354.308 -53
355.306 95
356.304 9
357.302 -27
358.3 70
359.298 81
360.296 30
361.294 58
362.292 66
363.29 75
364.288 4
365.287 -4
366.285 96
367.283 15
368.281 44
369.279 -65
370.277 0
371.275 70
372.273 57
373.271 -31
374.269 100
375.267 88
376.265 -50
377.263 5
378.261 -79
379.259 84
380.257 -79
381.255 -41
382.253 100
383.251 7
384.25 -20
385.248 6
386.246 -70
387.244 35
388.242 34
389.24 -30
390.238 72
391.236 -24
392.234 -80
393.232 -30
394.23 9
395.228 77
396.226 -27
397.224 -20
398.222 -32
399.22 -31
400.218 53
401.216 53
402.214 60
403.212 59
404.211 42
405.209 -4
406.207 -30
407.205 29
408.203 45
409.201 -61
410.199 -72
411.197 -27
412.195 41
413.193 63
414.191 -9
415.189 -51
416.187 7
417.185 51
418.183 -69
419.181 93
420.179 32
421.177 -53
422.175 7
423.173 -72
424.172 21
425.17 35
426.168 -9
427.166 -73
428.164 -57
429.162 -65
430.16 -48
431.158 -41
432.156 12
433.154 6
434.152 -57
435.15 -88
436.148 51
437.146 -11
438.144 -69
439.142 70
440.14 65
441.138 -83
442.136 100
443.135 48
444.133 -28
445.131 40
446.129 49
447.127 67
448.125 28
449.123 -48
450.121 37
451.119 -14
452.117 -13
453.115 -97
454.113 -49
455.111 -74
456.109 -78
457.107 91
458.105 100
459.103 57
460.101 2
461.099 83
462.097 -42
463.096 5
464.094 -55
465.092 40
466.09 28
467.088 -67
468.086 51
469.084 -17
470.082 100
471.08 47
472.078 -42
473.076 -83
474.074 -24
475.072 88
476.07 -56
477.068 -5
478.066 86
479.064 53
480.062 97
481.06 32
482.058 74
483.057 76
484.055 28
485.053 -25
486.051 -73
487.049 89
488.047 61
489.045 -9
490.043 -43
491.041 65
492.039 20
493.037 -69
494.035 -17
495.033 80
496.031 -75
497.029 -22
498.027 69
499.025 11
500.023 48
501.021 -24
502.019 93
503.018 80
504.016 -83
505.014 -5
506.012 -61
507.01 -47
508.008 -79
509.006 -77
510.004 8
511.002 83
