0 -27
0.999024 -18
1.99805 -86
2.99707 2
3.9961 83
4.99512 61
5.99415 -32
6.99317 77
7.9922 82
8.99122 -1
9.99024 9
10.9893 45
11.9883 41
12.9873 31
13.9863 -20
14.9854 33
15.9844 30
16.9834 -99
17.9824 5
18.9815 -83
19.9805 18
20.9795 -76
21.9785 -19
22.9776 64
23.9766 -59
24.9756 14
25.9746 -29
26.9737 31
27.9727 63
28.9717 -34
29.9707 89
30.9698 18
31.9688 -12
32.9678 38
33.9668 -13
34.9659 45
35.9649 67
36.9639 -27
37.9629 -73
38.962 -56
39.961 -40
40.96 -45
41.959 6
42.958 23
43.9571 19
44.9561 19
45.9551 88
46.9541 -43
47.9532 76
48.9522 29
49.9512 -71
50.9502 8
51.9493 -5
52.9483 -51
53.9473 71
54.9463 -1
55.9454 -49
56.9444 88
57.9434 -20
58.9424 86
59.9415 55
60.9405 -54
61.9395 -43
62.9385 -91
63.9376 -50
64.9366 -41
65.9356 -81
66.9346 -66
67.9337 36
68.9327 82
69.9317 67
70.9307 -60
71.9298 44
72.9288 -65
73.9278 36
74.9268 -17
75.9259 -26
76.9249 -26
77.9239 -93
78.9229 -53
79.922 83
80.921 -45
81.92 50
82.919 -91
83.918 52
84.9171 27
85.9161 -52
86.9151 -52
87.9141 -88
88.9132 -72
89.9122 -70
90.9112 20
91.9102 37
92.9093 -32
93.9083 90
94.9073 57
95.9063 85
96.9054 9
97.9044 -26
98.9034 63
99.9024 -100
100.901 -79
101.9 -100
102.9 94
103.899 -74
104.898 57
105.897 17
106.896 -68
107.895 62
108.894 34
109.893 -49
110.892 -56
111.891 -14
112.89 -48
113.889 -78
114.888 67
115.887 12
116.886 46
117.885 -95
118.884 -70
119.883 91
120.882 -13
121.881 -57
122.88 72
123.879 -94
124.878 -61
125.877 79
126.876 -91
127.875 -53
128.874 -70
129.873 58
130.872 30
131.871 20
132.87 64
133.869 -29
134.868 -95
135.867 4
136.866 -48
137.865 63
138.864 86
139.863 -60
140.862 -80
141.861 -26
142.86 -20
143.86 43
144.859 -20
145.858 59
146.857 49
147.856 91
148.855 20
149.854 -28
150.853 -52
151.852 -25
152.851 34
153.85 6
154.849 -99
155.848 -81
156.847 35
157.846 94
158.845 9
159.844 -96
160.843 44
161.842 -25
162.841 -53
163.84 50
164.839 81
165.838 -33
166.837 -50
167.836 -36
168.835 -87
169.834 -39
170.833 71
171.832 -32
172.831 93
173.83 67
174.829 -60
175.828 -51
176.827 96
177.826 -95
178.825 -52
179.824 49
180.823 82
181.822 -5
182.821 57
183.82 9
184.82 83
185.819 100
186.818 2
187.817 44
188.816 -39
189.815 -29
190.814 -14
191.813 26
192.812 47
193.811 39
194.81 38
195.809 -14
196.808 42
197.807 -60
198.806 -64
199.805 -57
200.804 80
201.803 40
202.802 -12
203.801 -47
204.8 -27
205.799 73
206.798 -4
207.797 38
208.796 90
209.795 91
210.794 -22
211.793 -74
212.792 25
213.791 89
214.79 87
215.789 3
216.788 -32
217.787 -25
218.786 43
219.785 -78
220.784 8
221.783 -39
222.782 -85
223.781 26
224.78 -23
225.78 28
226.779 94
227.778 -51
228.777 -49
229.776 97
230.775 -12
231.774 -46
232.773 71
233.772 97
234.771 48
235.77 36
236.769 -44
237.768 15
238.767 -56
239.766 -89
240.765 26
241.764 -22
242.763 10
243.762 61
244.761 73
245.76 23
246.759 60
247.758 -14
248.757 100
249.756 84
250.755 64
251.754 4
252.753 60
253.752 -17
254.751 43
255.75 -5
256.749 69
257.748 -10
258.747 -25
259.746 58
260.745 69
261.744 66
262.743 -13
263.742 85
264.741 -1
265.74 51
266.74 -87
267.739 0
268.738 65
269.737 53
270.736 -43
271.735 66
272.734 77
273.733 57
274.732 65
275.731 -60
276.73 22
277.729 -7
278.728 83
279.727 -26
280.726 -16
281.725 -88
282.724 -58
283.723 -37
284.722 36
285.721 48
286.72 53
287.719 -60
288.718 40
289.717 41
290.716 45
291.715 17
292.714 2
293.713 -60
294.712 43
295.711 55
296.71 0
297.709 84
298.708 -11
299.707 -3
300.706 -42
301.705 79
302.704 9
303.703 -22
304.702 -87
305.701 48
306.7 -83
307.7 -97
308.699 -14
309.698 -74
310.697 -97
311.696 -75
312.695 -40
313.694 46
314.693 28
315.692 -21
316.691 94
317.69 -3
318.689 7
319.688 7
320.687 -84
321.686 -29
322.685 22
323.684 78
324.683 49
325.682 -95
326.681 -13
327.68 57
328.679 -22
329.678 -28
330.677 -89
331.676 -97
332.675 -14
333.674 93
334.673 23
335.672 50
336.671 61
337.67 -8
338.669 -34
339.668 -3
340.667 -84
341.666 -14
342.665 -59
343.664 -68
344.663 -90
345.662 -17
346.661 40
347.66 -19
348.66 50
349.659 86
350.658 66
351.657 34
352.656 -50
353.655 90
354.654 -21
355.653 -81
356.652 27
357.651 -58
358.65 -61
359.649 -31
360.648 6
361.647 -7
362.646 67
363.645 -1
364.644 -10
365.643 49
366.642 68
367.641 34
368.64 35
369.639 -99
370.638 61
371.637 8
372.636 39
373.635 -64
374.634 80
375.633 -58
376.632 72
377.631 -26
378.63 14
379.629 38
380.628 40
381.627 -41
382.626 70
383.625 -87
384.624 75
385.623 6
386.622 80
387.621 59
388.62 -81
389.62 76
390.619 9
391.618 14
392.617 100
393.616 -33
394.615 68
395.614 70
396.613 -22
397.612 78
398.611 -53
399.61 -97
400.609 -92
401.608 80
402.607 66
403.606 52
404.605 64
405.604 -88
406.603 -67
407.602 -80
408.601 49
409.6 -16
410.599 -47
411.598 73
412.597 -74
413.596 72
414.595 -68
415.594 -54
416.593 -1
417.592 22
418.591 8
419.59 -11
420.589 -30
421.588 -2
422.587 98
423.586 -19
424.585 29
425.584 6
426.583 -17
427.582 62
428.581 95
429.58 40
430.58 84
431.579 -100
432.578 -99
433.577 3
434.576 22
435.575 -45
436.574 -22
437.573 -69
438.572 77
439.571 100
440.57 -87
441.569 -84
442.568 -66
443.567 35
444.566 35
445.565 63
446.564 -65
447.563 97
448.562 32
449.561 41
450.56 26
451.559 56
452.558 -56
453.557 -73
454.556 -70
455.555 -57
456.554 -40
457.553 86
458.552 81
459.551 98
460.55 61
461.549 -16
462.548 39
463.547 -82
464.546 95
465.545 21
466.544 -83
467.543 -6
468.542 19
469.541 -60
470.54 -52
471.54 -3
472.539 -95
473.538 -57
474.537 60
475.536 2
476.535 31
477.534 43
478.533 75
479.532 -50
480.531 42
481.53 -50
482.529 98
483.528 73
484.527 -4
485.526 -92
486.525 19
487.524 -29
488.523 70
489.522 29
490.521 -96
491.52 68
492.519 86
493.518 -13
494.517 -14
495.516 71
496.515 31
497.514 -80
498.513 96
499.512 85
500.511 -11
501.51 6
502.509 70
503.508 -66
504.507 -82
505.506 11
506.505 -29
507.504 28
508.503 -88
509.502 -44
510.501 43
511.5 100
512.5 -82
513.499 44
514.498 49
515.497 59
516.496 -13
517.495 -25
518.494 -4
519.493 8
520.492 -63
521.491 -62
522.49 75
523.489 -46
524.488 -44
525.487 14
526.486 -83
527.485 -84
528.484 52
529.483 32
530.482 -59
531.481 70
532.48 8
533.479 -6
534.478 -53
535.477 70
536.476 -20
537.475 -67
538.474 -32
539.473 -77
540.472 25
541.471 79
542.47 -69
543.469 28
544.468 56
545.467 7
546.466 62
547.465 90
548.464 -51
549.463 -50
550.462 -28
551.461 -98
552.46 30
553.46 -93
554.459 -79
555.458 29
556.457 20
557.456 77
558.455 -80
559.454 -55
560.453 -52
561.452 25
562.451 70
563.45 34
564.449 39
565.448 -21
566.447 80
567.446 45
568.445 -78
569.444 -66
570.443 33
571.442 -41
572.441 -80
573.44 -99
574.439 39
575.438 -63
576.437 -41
577.436 -26
578.435 -76
579.434 67
580.433 -32
581.432 72
582.431 -73
583.43 -43
584.429 -74
585.428 60
586.427 -80
587.426 97
588.425 -65
589.424 37
590.423 85
591.422 -41
592.421 -86
593.42 85
594.42 34
595.419 -60
596.418 81
597.417 -71
598.416 82
599.415 7
600.414 -47
601.413 -42
602.412 -81
603.411 -100
604.41 -45
605.409 -24
606.408 -13
607.407 -34
608.406 -11
609.405 -25
610.404 -57
611.403 13
612.402 -88
613.401 -95
614.4 -51
615.399 97
616.398 39
617.397 56
618.396 31
619.395 36
620.394 -2
621.393 -73
622.392 80
623.391 22
624.39 -73
625.389 -17
626.388 92
627.387 84
628.386 14
629.385 -66
630.384 53
631.383 40
632.382 98
633.381 -87
634.38 -56
635.38 -23
636.379 49
637.378 79
638.377 -95
639.376 -14
640.375 26
641.374 31
642.373 19
643.372 -62
644.371 49
645.37 -64
646.369 63
647.368 -12
648.367 77
649.366 -42
650.365 94
651.364 78
652.363 59
653.362 29
654.361 100
655.36 56
656.359 -30
657.358 99
658.357 5
659.356 96
660.355 17
661.354 -17
662.353 -18
663.352 -27
664.351 -73
665.35 -40
666.349 63
667.348 48
668.347 4
669.346 -68
670.345 73
671.344 26
672.343 52
673.342 -94
674.341 -82
675.34 77
676.34 66
677.339 -63
678.338 -59
679.337 -23
680.336 64
681.335 -42
682.334 -21
683.333 -48
684.332 6
685.331 8
686.33 -51
687.329 61
688.328 -19
689.327 -50
690.326 -18
691.325 -97
692.324 81
693.323 1
694.322 52
695.321 -38
696.32 -9
697.319 44
698.318 70
699.317 9
700.316 -37
701.315 -58
702.314 -25
703.313 48
704.312 56
705.311 -91
706.31 1
707.309 7
708.308 46
709.307 -75
710.306 -83
711.305 10
712.304 -60
713.303 -24
714.302 -49
715.301 83
716.3 73
717.3 -73
718.299 72
719.298 20
720.297 -42
721.296 -20
722.295 -54
723.294 -3
724.293 -88
725.292 -30
726.291 -90
727.29 55
728.289 26
729.288 -24
730.287 -62
731.286 93
732.285 10
733.284 -18
734.283 41
735.282 61
736.281 -7
737.28 81
738.279 75
739.278 -87
740.277 -29
741.276 -78
742.275 -13
743.274 45
744.273 100
745.272 69
746.271 -75
747.27 -57
748.269 36
749.268 -1
750.267 24
751.266 -35
752.265 -25
753.264 -2
754.263 -19
755.262 -48
756.261 -64
757.26 88
758.26 -57
759.259 -18
760.258 93
761.257 -14
762.256 -77
763.255 -96
764.254 -54
765.253 36
766.252 13
767.251 -15
768.25 99
769.249 -71
770.248 -12
771.247 57
772.246 -83
773.245 -13
774.244 -6
775.243 -26
776.242 -58
777.241 -65
778.24 84
779.239 -53
780.238 -5
781.237 -92
782.236 -79
783.235 -52
784.234 -93
785.233 82
786.232 -43
787.231 11
788.23 -25
789.229 -27
790.228 -45
791.227 77
792.226 -15
793.225 -12
794.224 -65
795.223 -34
796.222 49
797.221 -5
798.22 59
799.22 -7
800.219 -54
801.218 -30
802.217 44
803.216 -74
804.215 34
805.214 59
806.213 41
807.212 6
808.211 -55
809.21 4
810.209 -56
811.208 67
812.207 -58
813.206 -22
814.205 1
815.204 -56
816.203 -79
817.202 6
818.201 -72
819.2 55
820.199 -66
821.198 -80
822.197 57
823.196 -60
824.195 63
825.194 -28
826.193 77
827.192 -15
828.191 63
829.19 -64
830.189 -83
831.188 -61
832.187 23
833.186 -63
834.185 95
835.184 -51
836.183 -86
837.182 -59
838.181 -100
839.18 -64
840.18 34
841.179 -93
842.178 42
843.177 -74
844.176 -73
845.175 -89
846.174 -28
847.173 2
848.172 -81
849.171 53
850.17 78
851.169 -10
852.168 75
853.167 -32
854.166 -81
855.165 89
856.164 17
857.163 83
858.162 14
859.161 100
860.16 72
861.159 93
862.158 -75
863.157 -31
864.156 -78
865.155 -13
866.154 31
867.153 -23
868.152 47
869.151 51
870.15 -35
871.149 -68
872.148 87
873.147 91
874.146 -72
875.145 -32
876.144 71
877.143 20
878.142 -76
879.141 -40
880.14 75
881.14 -7
882.139 -10
883.138 -22
884.137 -51
885.136 -34
886.135 0
887.134 -29
888.133 -38
889.132 99
890.131 74
891.13 48
892.129 43
893.128 -100
894.127 -12
895.126 2
896.125 -49
897.124 29
898.123 -90
899.122 -90
900.121 -50
901.12 98
902.119 -19
903.118 29
904.117 -41
905.116 -41
906.115 18
907.114 -78
908.113 31
909.112 54
910.111 83
911.11 -83
912.109 -61
913.108 68
914.107 -93
915.106 34
916.105 85
917.104 81
918.103 -86
919.102 70
920.101 64
921.1 71
922.1 -62
923.099 12
924.098 -58
925.097 22
926.096 -19
927.095 -38
928.094 94
929.093 -23
930.092 99
931.091 66
932.09 84
933.089 55
934.088 9
935.087 -71
936.086 -49
937.085 -14
938.084 26
939.083 69
940.082 -41
941.081 -24
942.08 -60
943.079 43
944.078 73
945.077 -44
946.076 65
947.075 47
948.074 87
949.073 -34
950.072 -84
951.071 70
952.07 -28
953.069 60
954.068 95
955.067 94
956.066 28
957.065 -85
958.064 32
959.063 -32
960.062 45
961.061 95
962.06 78
963.06 3
964.059 23
965.058 -1
966.057 -46
967.056 -26
968.055 -68
969.054 -56
970.053 -21
971.052 -60
972.051 -86
973.05 99
974.049 9
975.048 38
976.047 -14
977.046 29
978.045 -41
979.044 30
980.043 -30
981.042 56
982.041 70
983.04 -90
984.039 -34
985.038 -60
986.037 -81
987.036 23
988.035 -17
989.034 -22
990.033 81
991.032 49
992.031 -80
993.03 10
994.029 8
995.028 -100
996.027 80
997.026 80
998.025 11
999.024 -47
1000.02 13
1001.02 29
1002.02 28
1003.02 -92
1004.02 -79
1005.02 -69
1006.02 28
1007.02 6
1008.02 -90
1009.01 58
1010.01 -33
1011.01 9
1012.01 90
1013.01 -16
1014.01 -66
1015.01 39
1016.01 -43
1017.01 60
1018.01 46
1019 93
1020 54
1021 83
1022 44
1023 -46
