0 26
1.9961 -8
3.9922 -22
5.9883 -62
7.98441 80
9.98051 15
11.9766 -54
13.9727 -59
15.9688 -88
17.9649 8
19.961 95
21.9571 -64
23.9532 -92
25.9493 -28
27.9454 73
29.9415 55
31.9376 -11
33.9337 56
35.9298 -42
37.9259 9
39.922 -16
41.9181 93
43.9142 96
45.9103 18
47.9064 29
49.9025 19
51.8986 -99
53.8947 -59
55.8908 -21
57.8869 63
59.883 15
61.8791 -34
63.8752 54
65.8713 8
67.8674 -3
69.8635 54
71.8596 59
73.8558 -39
75.8519 -1
77.848 -75
79.8441 -89
81.8402 40
83.8363 -45
85.8324 -59
87.8285 72
89.8246 -8
91.8207 -38
93.8168 42
95.8129 91
97.809 62
99.8051 22
101.801 -9
103.797 74
105.793 91
107.789 81
109.786 91
111.782 -64
113.778 69
115.774 85
117.77 -53
119.766 -42
121.762 72
123.758 30
125.754 -33
127.75 31
129.747 -81
131.743 -56
133.739 35
135.735 22
137.731 33
139.727 -84
141.723 -39
143.719 75
145.715 5
147.712 12
149.708 -45
151.704 68
153.7 93
155.696 -3
157.692 8
159.688 54
161.684 -52
163.68 -27
165.676 22
167.673 -62
169.669 -99
171.665 17
173.661 94
175.657 -6
177.653 -83
179.649 37
181.645 -67
183.641 -29
185.637 75
187.634 -62
189.63 -89
191.626 79
193.622 -45
195.618 -62
197.614 -33
199.61 -72
201.606 7
203.602 16
205.598 48
207.595 -76
209.591 -78
211.587 -22
213.583 28
215.579 -28
217.575 -93
219.571 52
221.567 -82
223.563 15
225.559 83
227.556 -27
229.552 -47
231.548 -95
233.544 97
235.54 -85
237.536 53
239.532 5
241.528 -4
243.524 -11
245.52 19
247.517 52
249.513 -17
251.509 -75
253.505 -6
255.501 44
257.497 -1
259.493 16
261.489 -41
263.485 -52
265.481 88
267.478 -84
269.474 -92
271.47 35
273.466 75
275.462 24
277.458 19
279.454 40
281.45 -61
283.446 74
285.442 3
287.439 26
289.435 -75
291.431 -35
293.427 36
295.423 29
297.419 49
299.415 98
301.411 78
303.407 -36
305.404 -27
307.4 -52
309.396 35
311.392 83
313.388 -26
315.384 -59
317.38 51
319.376 -31
321.372 74
323.368 -42
325.365 -35
327.361 -26
329.357 83
331.353 -6
333.349 42
335.345 22
337.341 -38
339.337 68
341.333 28
343.329 -46
345.326 -76
347.322 -95
349.318 87
351.314 -46
353.31 46
355.306 30
357.302 41
359.298 87
361.294 50
363.29 52
365.287 -97
367.283 -44
369.279 -46
371.275 -14
373.271 -41
375.267 -61
377.263 49
379.259 90
381.255 46
383.251 78
385.248 1
387.244 -22
389.24 25
391.236 -30
393.232 55
395.228 54
397.224 45
399.22 30
401.216 -98
403.212 20
405.209 95
407.205 -86
409.201 41
411.197 57
413.193 -4
415.189 77
417.185 -50
419.181 -56
421.177 24
423.173 30
425.17 41
427.166 52
429.162 62
431.158 -77
433.154 96
435.15 71
437.146 -70
439.142 -24
441.138 75
443.135 91
445.131 19
447.127 -17
449.123 58
451.119 88
453.115 15
455.111 -14
457.107 93
459.103 49
461.099 -66
463.096 -48
465.092 -96
467.088 64
469.084 50
471.08 61
473.076 8
475.072 -49
477.068 -11
479.064 -5
481.06 78
483.057 -37
485.053 9
487.049 2
489.045 36
491.041 35
493.037 -88
495.033 -58
497.029 70
499.025 79
501.021 -74
503.018 -8
505.014 -99
507.01 -21
509.006 49
511.002 -28
512.998 43
514.994 32
516.99 34
518.986 -9
520.982 -44
522.979 -1
524.975 17
526.971 -44
528.967 7
530.963 -17
532.959 18
534.955 -28
536.951 -76
538.947 68
540.943 84
542.94 -53
544.936 67
546.932 -2
548.928 -51
550.924 -90
552.92 11
554.916 -75
556.912 2
558.908 -6
560.904 82
562.901 14
564.897 61
566.893 30
568.889 89
570.885 -72
572.881 -89
574.877 -92
576.873 19
578.869 4
580.865 -98
582.862 97
584.858 -1
586.854 -47
588.85 21
590.846 42
592.842 6
594.838 51
596.834 -52
598.83 66
600.827 20
602.823 95
604.819 42
606.815 -37
608.811 54
610.807 85
612.803 -5
614.799 11
616.795 36
618.791 -72
620.788 56
622.784 84
624.78 -43
626.776 -95
628.772 82
630.768 28
632.764 -90
634.76 -95
636.756 -55
638.752 82
640.749 27
642.745 -20
644.741 22
646.737 -72
648.733 46
650.729 62
652.725 -83
654.721 -13
656.717 -61
658.713 -2
660.71 -9
662.706 41
664.702 30
666.698 59
668.694 79
670.69 95
672.686 -57
674.682 -64
676.678 -35
678.674 -41
680.671 57
682.667 -40
684.663 -86
686.659 49
688.655 -6
690.651 -20
692.647 17
694.643 -73
696.639 -82
698.635 64
700.632 -61
702.628 82
704.624 -51
706.62 -42
708.616 -81
710.612 14
712.608 -98
714.604 91
716.6 65
718.596 -63
720.593 71
722.589 56
724.585 -37
726.581 -91
728.577 -97
730.573 42
732.569 -97
734.565 -2
736.561 -42
738.558 25
740.554 -64
742.55 -74
744.546 -76
746.542 -92
748.538 -1
750.534 -100
752.53 1
754.526 -9
756.522 -77
758.519 -74
760.515 51
762.511 -57
764.507 -57
766.503 -2
768.499 5
770.495 35
772.491 33
774.487 98
776.483 45
778.48 -58
780.476 71
782.472 25
784.468 -26
786.464 6
788.46 5
790.456 -13
792.452 28
794.448 43
796.444 -68
798.441 88
800.437 -49
802.433 42
804.429 27
806.425 -19
808.421 98
810.417 37
812.413 2
814.409 44
816.405 -26
818.402 5
820.398 -48
822.394 -85
824.39 1
826.386 -2
828.382 21
830.378 -72
832.374 -83
834.37 -1
836.366 81
838.363 -70
840.359 70
842.355 83
844.351 71
846.347 93
848.343 -77
850.339 -71
852.335 4
854.331 -4
856.327 81
858.324 -34
860.32 30
862.316 -73
864.312 -26
866.308 -72
868.304 -35
870.3 100
872.296 -30
874.292 -23
876.288 -90
878.285 10
880.281 35
882.277 25
884.273 -1
886.269 -78
888.265 -29
890.261 27
892.257 -12
894.253 51
896.25 21
898.246 -48
900.242 -95
902.238 75
904.234 -43
906.23 -19
908.226 91
910.222 -84
912.218 59
914.214 81
916.211 89
918.207 -80
920.203 89
922.199 20
924.195 -89
926.191 88
928.187 86
930.183 -18
932.179 36
934.175 -52
936.172 45
938.168 44
940.164 -59
942.16 -30
944.156 94
946.152 -22
948.148 -86
950.144 -19
952.14 46
954.136 62
956.133 58
958.129 -88
960.125 -60
962.121 33
964.117 17
966.113 54
968.109 -63
970.105 -74
972.101 -81
974.097 2
976.094 -63
978.09 77
980.086 46
982.082 74
984.078 -48
986.074 -20
988.07 10
990.066 -94
992.062 92
994.058 33
996.055 61
998.051 -85
1000.05 75
1002.04 -61
1004.04 99
1006.04 -25
1008.03 65
1010.03 -77
1012.02 -46
1014.02 -78
1016.02 19
1018.01 -34
1020.01 -36
1022 37
