0 84
15.7538 68
31.5077 -96
47.2615 83
63.0154 -31
78.7692 -8
94.5231 89
110.277 -98
126.031 -47
141.785 13
157.538 52
173.292 40
189.046 35
204.8 5
220.554 43
236.308 51
252.062 13
267.815 -53
283.569 50
299.323 -41
315.077 35
330.831 73
346.585 -87
362.338 -4
378.092 48
393.846 43
409.6 68
425.354 -13
441.108 64
456.862 -18
472.615 -78
488.369 18
504.123 -66
519.877 95
535.631 11
551.385 -12
567.138 -14
582.892 69
598.646 9
614.4 35
630.154 93
645.908 5
661.662 73
677.415 17
693.169 74
708.923 -25
724.677 49
740.431 39
756.185 9
771.938 -28
787.692 46
803.446 -74
819.2 73
834.954 55
850.708 61
866.462 -33
882.215 52
897.969 52
913.723 62
929.477 6
945.231 20
960.985 -25
976.738 7
992.492 -14
1008.25 -9
1024 83
