0 -19
0.992248 -6
1.9845 7
2.97674 52
3.96899 -89
4.96124 -74
5.95349 99
6.94574 76
7.93798 7
8.93023 51
9.92248 -86
10.9147 52
11.907 22
12.8992 -24
13.8915 90
14.8837 50
15.876 -9
16.8682 0
17.8605 3
18.8527 -96
19.845 73
20.8372 -85
21.8295 79
22.8217 41
23.814 -75
24.8062 83
25.7984 -97
26.7907 -66
27.7829 -70
28.7752 67
29.7674 -28
30.7597 -64
31.7519 -99
32.7442 78
33.7364 12
34.7287 55
35.7209 90
36.7132 44
37.7054 -19
38.6977 25
39.6899 71
40.6822 12
41.6744 70
42.6667 -34
43.6589 7
44.6512 68
45.6434 34
46.6357 44
47.6279 3
48.6202 74
49.6124 92
50.6047 47
51.5969 -6
52.5891 92
53.5814 95
54.5736 55
55.5659 47
56.5581 -80
57.5504 -66
58.5426 17
59.5349 -88
60.5271 28
61.5194 -38
62.5116 64
63.5039 -1
64.4961 35
65.4884 73
66.4806 58
67.4729 36
68.4651 64
69.4574 39
70.4496 -76
71.4419 -64
72.4341 33
73.4264 99
74.4186 45
75.4109 -65
76.4031 39
77.3953 -46
78.3876 85
79.3798 41
80.3721 56
81.3643 4
82.3566 46
83.3488 92
84.3411 -19
85.3333 27
86.3256 -57
87.3178 18
88.3101 8
89.3023 -92
90.2946 -38
91.2868 -48
92.2791 -3
93.2713 -86
94.2636 -62
95.2558 -99
96.2481 -67
97.2403 2
98.2326 33
99.2248 14
100.217 29
101.209 -65
102.202 46
103.194 12
104.186 51
105.178 71
106.171 -29
107.163 -9
108.155 -68
109.147 -94
110.14 82
111.132 0
112.124 32
113.116 -52
114.109 30
115.101 32
116.093 -24
117.085 -60
118.078 -13
119.07 85
120.062 55
121.054 -35
122.047 52
123.039 -55
124.031 35
125.023 -72
126.016 -81
127.008 8
