0 -98
1.9845 45
3.96899 -96
5.95349 10
7.93798 -88
9.92248 70
11.907 -31
13.8915 -67
15.876 -30
17.8605 89
19.845 -33
21.8295 -45
23.814 -56
25.7984 -66
27.7829 33
29.7674 49
31.7519 -89
33.7364 -87
35.7209 -79
37.7054 -38
39.6899 18
41.6744 -38
43.6589 -13
45.6434 -25
47.6279 -88
49.6124 58
51.5969 54
53.5814 -90
55.5659 5
57.5504 -14
59.5349 57
61.5194 91
63.5039 -92
65.4884 85
67.4729 -48
69.4574 75
71.4419 6
73.4264 -61
75.4109 -34
77.3953 -16
79.3798 49
81.3643 -17
83.3488 95
85.3333 -74
87.3178 -77
89.3023 -44
91.2868 42
93.2713 -97
95.2558 10
97.2403 5
99.2248 84
101.209 99
103.194 -42
105.178 -84
107.163 -34
109.147 31
111.132 -46
113.116 -93
115.101 -89
117.085 10
119.07 53
121.054 -100
123.039 -41
125.023 44
127.008 100
128.992 -45
130.977 26
132.961 -95
134.946 -85
136.93 -65
138.915 -93
140.899 -14
142.884 74
144.868 -34
146.853 -19
148.837 44
150.822 26
152.806 45
154.791 97
156.775 -17
158.76 51
160.744 62
162.729 57
164.713 -19
166.698 55
168.682 -12
170.667 -90
172.651 61
174.636 27
176.62 -54
178.605 -96
180.589 23
182.574 -37
184.558 -3
186.543 58
188.527 -50
190.512 -7
192.496 23
194.481 97
196.465 45
198.45 -74
200.434 -12
202.419 -56
204.403 18
206.388 -92
208.372 -53
210.357 84
212.341 90
214.326 -72
216.31 -58
218.295 -6
220.279 -6
222.264 -8
224.248 41
226.233 92
228.217 -31
230.202 -39
232.186 -89
234.171 83
236.155 38
238.14 -93
240.124 -44
242.109 49
244.093 -84
246.078 100
248.062 76
250.047 27
252.031 -42
254.016 98
