0 -58
1.99222 44
3.98444 -9
5.97665 60
7.96887 -2
9.96109 19
11.9533 66
13.9455 -10
15.9377 -95
17.93 -31
19.9222 19
21.9144 46
23.9066 -36
25.8988 -66
27.8911 -47
29.8833 31
31.8755 -30
33.8677 29
35.8599 34
37.8521 -30
39.8444 -23
41.8366 -38
43.8288 81
45.821 37
47.8132 -8
49.8054 89
51.7977 53
53.7899 98
55.7821 59
57.7743 65
59.7665 -66
61.7588 -92
63.751 -63
65.7432 32
67.7354 88
69.7276 98
71.7198 99
73.7121 54
75.7043 -18
77.6965 -96
79.6887 19
81.6809 -89
83.6732 88
85.6654 -42
87.6576 10
89.6498 53
91.642 24
93.6342 -88
95.6265 9
97.6187 44
99.6109 -75
101.603 97
103.595 -67
105.588 11
107.58 86
109.572 -12
111.564 -36
113.556 -25
115.549 81
117.541 38
119.533 -3
121.525 -66
123.518 -27
125.51 30
127.502 2
129.494 98
131.486 -50
133.479 -7
135.471 17
137.463 -43
139.455 21
141.447 -23
143.44 21
145.432 -61
147.424 59
149.416 10
151.409 97
153.401 2
155.393 -92
157.385 -66
159.377 27
161.37 43
163.362 -100
165.354 -38
167.346 68
169.339 -81
171.331 85
173.323 23
175.315 95
177.307 -74
179.3 36
181.292 11
183.284 69
185.276 29
187.268 -40
189.261 -88
191.253 72
193.245 50
195.237 -73
197.23 62
199.222 25
201.214 7
203.206 -50
205.198 -50
207.191 -6
209.183 67
211.175 -26
213.167 68
215.16 -43
217.152 -99
219.144 51
221.136 -55
223.128 -81
225.121 -81
227.113 -2
229.105 1
231.097 8
233.089 34
235.082 -87
237.074 -76
239.066 29
241.058 -5
243.051 -85
245.043 -72
247.035 50
249.027 -40
251.019 -82
253.012 -55
255.004 38
256.996 36
258.988 39
260.981 -42
262.973 -50
264.965 1
266.957 -6
268.949 75
270.942 53
272.934 -43
274.926 54
276.918 48
278.911 5
280.903 95
282.895 63
284.887 78
286.879 -63
288.872 -61
290.864 37
292.856 55
294.848 97
296.84 -75
298.833 -95
300.825 63
302.817 35
304.809 89
306.802 81
308.794 -10
310.786 26
312.778 92
314.77 -62
316.763 12
318.755 91
320.747 -17
322.739 -75
324.732 16
326.724 -89
328.716 -3
330.708 98
332.7 24
334.693 37
336.685 94
338.677 -44
340.669 -43
342.661 61
344.654 -53
346.646 -90
348.638 -6
350.63 -11
352.623 9
354.615 50
356.607 57
358.599 71
360.591 50
362.584 -62
364.576 94
366.568 -24
368.56 91
370.553 -9
372.545 41
374.537 -44
376.529 -16
378.521 -1
380.514 29
382.506 41
384.498 92
386.49 -10
388.482 -59
390.475 43
392.467 -22
394.459 -64
396.451 12
398.444 50
400.436 -27
402.428 -64
404.42 -22
406.412 -77
408.405 93
410.397 -25
412.389 -95
414.381 79
416.374 32
418.366 42
420.358 -53
422.35 33
424.342 100
426.335 52
428.327 41
430.319 43
432.311 -49
434.304 93
436.296 -87
438.288 -69
440.28 6
442.272 14
444.265 70
446.257 -84
448.249 -67
450.241 4
452.233 19
454.226 57
456.218 -51
458.21 1
460.202 87
462.195 8
464.187 -42
466.179 -1
468.171 -12
470.163 3
472.156 36
474.148 -21
476.14 -23
478.132 -62
480.125 -66
482.117 -31
484.109 3
486.101 49
488.093 -72
490.086 -93
492.078 69
494.07 -64
496.062 48
498.054 19
500.047 -98
502.039 39
504.031 -80
506.023 74
508.016 -99
510.008 -77
512 7
