0 7
1 76
2 -80
3 -75
4 -91
5 13
6 -92
7 41
8 -52
9 48
10 -54
11 -32
12 53
13 81
14 -14
15 -33
16 35
17 32
18 46
19 -73
20 2
21 5
22 -60
23 65
24 95
25 14
26 -20
27 31
28 19
29 3
30 -85
31 91
32 -48
33 70
34 -76
35 29
36 55
37 40
38 -72
39 97
40 -71
41 -21
42 50
43 1
44 39
45 -67
46 -69
47 42
48 -46
49 25
50 -93
51 29
52 39
53 39
54 -83
55 -64
56 99
57 -77
58 -42
59 -54
60 -40
61 -35
62 96
63 -85
64 59
65 -81
66 97
67 55
68 -80
69 82
70 98
71 69
72 28
73 29
74 87
75 -51
76 -25
77 -70
78 -44
79 -11
80 51
81 -38
82 -87
83 40
84 21
85 -67
86 -2
87 76
88 8
89 -62
90 73
91 51
92 -35
93 37
94 -69
95 -14
96 4
97 70
98 -81
99 47
100 35
101 -81
102 -30
103 -82
104 -28
105 -41
106 -68
107 91
108 -30
109 -93
110 -4
111 29
112 38
113 -20
114 -47
115 -98
116 -59
117 -6
118 -85
119 -85
120 -28
121 37
122 94
123 -46
124 -87
125 -56
126 86
127 71
128 38
129 -25
130 93
131 84
132 76
133 0
134 47
135 -45
136 99
137 -84
138 63
139 16
140 -44
141 60
142 19
143 3
144 2
145 -27
146 -33
147 20
148 86
149 -41
150 45
151 95
152 72
153 -9
154 -56
155 -38
156 92
157 -78
158 -63
159 -9
160 -88
161 81
162 -42
163 71
164 -21
165 -95
166 30
167 2
168 18
169 32
170 -40
171 7
172 -79
173 65
174 47
175 31
176 -43
177 69
178 -98
179 -30
180 -28
181 6
182 -96
183 -73
184 -60
185 -95
186 -21
187 -52
188 50
189 -21
190 2
191 -100
192 -56
193 72
194 -2
195 -73
196 -90
197 37
198 87
199 -84
200 36
201 100
202 -24
203 -86
204 60
205 40
206 10
207 -12
208 -15
209 -86
210 8
211 31
212 -99
213 87
214 56
215 19
216 79
217 74
218 45
219 2
220 2
221 -6
222 29
223 -24
224 -46
225 81
226 -24
227 82
228 -29
229 49
230 -79
231 -41
232 -73
233 -93
234 88
235 81
236 -25
237 -16
238 -25
239 -22
240 -78
241 53
242 99
243 34
244 19
245 -100
246 31
247 -66
248 -100
249 -38
250 -62
251 60
252 -14
253 -53
254 77
255 -35
256 2
257 7
258 -88
259 36
260 83
261 31
262 -85
263 58
264 10
265 73
266 -76
267 -68
268 36
269 79
270 97
271 58
272 -88
273 56
274 -17
275 67
276 25
277 14
278 50
279 -11
280 85
281 -90
282 -62
283 77
284 74
285 -100
286 69
287 66
288 82
289 56
290 -98
291 -93
292 -85
293 -9
294 92
295 68
296 96
297 25
298 -30
299 -3
300 -33
301 76
302 10
303 91
304 -100
305 78
306 -25
307 57
308 42
309 -41
310 -86
311 100
312 -31
313 9
314 -36
315 29
316 -83
317 -18
318 67
319 56
320 -18
321 79
322 85
323 15
324 77
325 34
326 26
327 -26
328 -37
329 -10
330 -98
331 -55
332 -49
333 -66
334 3
335 -26
336 -89
337 83
338 26
339 -7
340 30
341 37
342 -30
343 -59
344 75
345 21
346 6
347 -60
348 -3
349 -59
350 63
351 58
352 7
353 55
354 51
355 -62
356 92
357 5
358 30
359 73
360 -43
361 -31
362 98
363 -21
364 81
365 -21
366 76
367 -89
368 -78
369 -27
370 -2
371 39
372 -27
373 -8
374 -86
375 -77
376 60
377 49
378 75
379 80
380 -57
381 56
382 73
383 98
384 -18
385 -1
386 -100
387 -33
388 -47
389 -72
390 -68
391 45
392 3
393 7
394 72
395 20
396 52
397 78
398 84
399 44
400 29
401 48
402 -1
403 -65
404 68
405 -29
406 24
407 -83
408 88
409 -82
410 -18
411 -20
412 -53
413 -36
414 93
415 65
416 -88
417 -18
418 60
419 79
420 76
421 -99
422 18
423 48
424 67
425 -32
426 -3
427 85
428 -95
429 -45
430 92
431 98
432 -47
433 -3
434 13
435 -92
436 14
437 68
438 -87
439 -48
440 62
441 84
442 -92
443 78
444 21
445 -3
446 86
447 39
448 -53
449 -5
450 45
451 94
452 -33
453 52
454 14
455 -2
456 46
457 52
458 -96
459 -74
460 -85
461 -59
462 44
463 -27
464 6
465 -27
466 92
467 -16
468 -61
469 53
470 -44
471 -99
472 42
473 -78
474 -65
475 36
476 16
477 58
478 -14
479 90
480 -5
481 76
482 3
483 10
484 67
485 79
486 31
487 -55
488 62
489 22
490 -90
491 -37
492 43
493 60
494 78
495 -73
496 11
497 -20
498 -93
499 -41
500 44
501 75
502 80
503 -46
504 6
505 87
506 61
507 17
508 51
509 35
510 36
511 -71
512 -95
513 20
514 -96
515 60
516 21
517 79
518 69
519 85
520 -46
521 96
522 -17
523 -85
524 97
525 -98
526 96
527 77
528 -3
529 -63
530 49
531 -34
532 57
533 31
534 7
535 79
536 -22
537 60
538 -43
539 -95
540 82
541 -78
542 39
543 0
544 23
545 -76
546 99
547 85
548 78
549 -2
550 -51
551 -69
552 5
553 -57
554 -13
555 28
556 72
557 -78
558 -86
559 42
560 -45
561 94
562 -54
563 36
564 88
565 54
566 49
567 -42
568 -12
569 -87
570 11
571 -99
572 -40
573 87
574 -38
575 -78
576 -82
577 95
578 7
579 14
580 -75
581 -1
582 -42
583 -86
584 -80
585 -34
586 44
587 86
588 -93
589 -81
590 -12
591 25
592 -67
593 -67
594 -69
595 -9
596 84
597 65
598 -50
599 -39
600 65
601 94
602 28
603 89
604 -18
605 -26
606 -26
607 -3
608 61
609 28
610 45
611 96
612 50
613 -27
614 84
615 -65
616 -18
617 -68
618 51
619 -63
620 41
621 2
622 68
623 46
624 29
625 -47
626 -58
627 -11
628 70
629 -26
630 -60
631 -32
632 46
633 88
634 -91
635 -99
636 11
637 52
638 83
639 31
640 -39
641 -4
642 77
643 96
644 -18
645 -19
646 36
647 42
648 -84
649 49
650 92
651 86
652 23
653 36
654 -30
655 -11
656 -66
657 22
658 -49
659 -6
660 87
661 -96
662 -84
663 -63
664 39
665 -43
666 96
667 6
668 -19
669 -66
670 82
671 -26
672 8
673 47
674 80
675 40
676 77
677 6
678 25
679 -64
680 48
681 -100
682 -60
683 15
684 -85
685 99
686 -8
687 -46
688 -65
689 -26
690 46
691 33
692 -16
693 -69
694 -13
695 -51
696 38
697 -95
698 95
699 -100
700 45
701 34
702 23
703 100
704 93
705 -66
706 78
707 40
708 33
709 8
710 -84
711 44
712 -79
713 -47
714 81
715 -33
716 -42
717 -54
718 -83
719 -58
720 85
721 -42
722 -92
723 -12
724 37
725 28
726 98
727 -70
728 28
729 -75
730 -8
731 -80
732 82
733 67
734 -39
735 -28
736 98
737 21
738 -99
739 -13
740 17
741 21
742 -15
743 8
744 44
745 -60
746 1
747 0
748 -34
749 58
750 74
751 43
752 42
753 -12
754 44
755 7
756 26
757 -71
758 44
759 -83
760 9
761 63
762 80
763 8
764 -99
765 -27
766 7
767 79
768 22
769 -74
770 15
771 -44
772 96
773 -52
774 -44
775 1
776 1
777 -100
778 31
779 -4
780 59
781 26
782 -40
783 59
784 -91
785 -39
786 35
787 -67
788 21
789 71
790 -38
791 -62
792 -55
793 -23
794 71
795 -46
796 -45
797 71
798 60
799 89
800 67
801 98
802 -70
803 -4
804 63
805 58
806 -82
807 -46
808 -7
809 -45
810 51
811 -48
812 -90
813 -22
814 -85
815 -76
816 -38
817 31
818 64
819 3
820 77
821 4
822 -52
823 -70
824 -81
825 -90
826 41
827 -65
828 -71
829 -81
830 -92
831 -26
832 82
833 -96
834 -13
835 -40
836 17
837 40
838 34
839 35
840 -80
841 -67
842 69
843 99
844 -15
845 3
846 -67
847 -94
848 -37
849 17
850 65
851 49
852 100
853 63
854 -1
855 -31
856 -64
857 91
858 -18
859 42
860 -64
861 33
862 -31
863 52
864 -44
865 -82
866 1
867 22
868 93
869 60
870 98
871 87
872 -90
873 64
874 -49
875 87
876 -61
877 91
878 -47
879 -54
880 56
881 23
882 -71
883 38
884 -16
885 70
886 88
887 17
888 -8
889 42
890 31
891 45
892 30
893 46
894 -36
895 -67
896 96
897 -15
898 28
899 38
900 -13
901 -49
902 79
903 62
904 -67
905 51
906 91
907 84
908 47
909 -49
910 -52
911 -13
912 14
913 -14
914 43
915 34
916 62
917 -43
918 -9
919 9
920 99
921 48
922 -93
923 -71
924 -9
925 96
926 -76
927 -9
928 11
929 12
930 36
931 70
932 -22
933 -91
934 26
935 -75
936 52
937 -93
938 -7
939 -90
940 -93
941 -87
942 -12
943 3
944 2
945 -96
946 -89
947 -30
948 90
949 58
950 -92
951 57
952 50
953 2
954 35
955 -41
956 8
957 -61
958 -8
959 9
960 35
961 64
962 -13
963 81
964 -28
965 -7
966 -2
967 71
968 91
969 5
970 98
971 70
972 19
973 -7
974 -91
975 -4
976 99
977 62
978 99
979 -70
980 -86
981 -54
982 96
983 30
984 16
985 1
986 39
987 -68
988 -37
989 64
990 -35
991 10
992 -20
993 63
994 96
995 -37
996 -91
997 -95
998 44
999 3
1000 27
1001 24
1002 74
1003 -52
1004 69
1005 -10
1006 -29
1007 -86
1008 85
1009 61
1010 4
1011 60
1012 59
1013 28
1014 42
1015 40
1016 -70
1017 79
1018 28
1019 68
1020 -7
1021 -68
1022 -88
1023 -31
