0 80
1 -48
2 -80
3 -20
4 84
5 57
6 -3
7 -85
8 65
9 29
10 -98
11 -12
12 90
13 39
14 -1
15 76
16 -73
17 93
18 60
19 -9
20 -3
21 -51
22 63
23 20
24 29
25 48
26 10
27 97
28 -74
29 82
30 -94
31 25
32 -84
33 91
34 20
35 -65
36 47
37 -24
38 -42
39 -66
40 -72
41 90
42 26
43 83
44 -16
45 62
46 -73
47 16
48 61
49 6
50 26
51 95
52 -31
53 -10
54 53
55 -97
56 -67
57 -41
58 13
59 94
60 -67
61 14
62 65
63 17
64 -56
65 91
66 -69
67 26
68 5
69 51
70 -50
71 73
72 83
73 19
74 96
75 -30
76 42
77 82
78 -55
79 -85
80 -44
81 43
82 23
83 22
84 12
85 62
86 87
87 -52
88 11
89 80
90 11
91 -14
92 -25
93 91
94 -21
95 -32
96 -28
97 2
98 13
99 -49
100 -90
101 30
102 -80
103 30
104 -17
105 76
106 -38
107 88
108 17
109 -52
110 -2
111 93
112 81
113 -33
114 -25
115 -32
116 99
117 -22
118 97
119 -83
120 43
121 -51
122 -45
123 -3
124 82
125 -14
126 -87
127 39
128 53
129 61
130 73
131 27
132 -78
133 -5
134 46
135 43
136 50
137 -77
138 72
139 -50
140 96
141 -23
142 -80
143 39
144 -59
145 10
146 11
147 -69
148 -52
149 -100
150 14
151 -3
152 -12
153 -20
154 83
155 37
156 -93
157 -81
158 16
159 -85
160 -59
161 97
162 5
163 -21
164 37
165 -77
166 70
167 78
168 -3
169 16
170 2
171 -23
172 50
173 84
174 2
175 -36
176 27
177 -16
178 -36
179 -14
180 -96
181 -68
182 -69
183 -87
184 6
185 -1
186 -51
187 37
188 -73
189 -4
190 -14
191 76
192 49
193 71
194 -13
195 78
196 -28
197 45
198 75
199 -52
200 -59
201 0
202 10
203 12
204 35
205 10
206 17
207 21
208 -37
209 -5
210 -10
211 -25
212 26
213 -82
214 44
215 33
216 18
217 -85
218 3
219 -67
220 -58
221 -91
222 -25
223 39
224 -7
225 -10
226 40
227 25
228 -37
229 58
230 -37
231 -18
232 40
233 -15
234 71
235 -85
236 -96
237 -87
238 -86
239 -55
240 -70
241 -12
242 47
243 -47
244 47
245 41
246 67
247 -11
248 -3
249 61
250 42
251 21
252 89
253 42
254 -18
255 5
256 27
257 -79
258 -45
259 4
260 71
261 -78
262 43
263 52
264 -88
265 -98
266 -59
267 36
268 -69
269 79
270 46
271 35
272 -20
273 -33
274 -47
275 42
276 94
277 76
278 -26
279 14
280 50
281 99
282 -97
283 -74
284 49
285 -13
286 9
287 -41
288 63
289 4
290 39
291 2
292 83
293 46
294 -87
295 64
296 97
297 -58
298 -93
299 42
300 -6
301 97
302 38
303 21
304 -73
305 18
306 30
307 62
308 -14
309 20
310 37
311 45
312 40
313 -72
314 84
315 -91
316 -67
317 51
318 -78
319 33
320 -59
321 -51
322 7
323 62
324 -72
325 -31
326 3
327 5
328 75
329 71
330 -71
331 -79
332 68
333 2
334 82
335 -56
336 -28
337 -19
338 29
339 -62
340 -40
341 7
342 1
343 -9
344 20
345 69
346 -57
347 31
348 -33
349 -87
350 -24
351 -77
352 -92
353 -32
354 -6
355 -91
356 -49
357 40
358 -5
359 99
360 -48
361 48
362 33
363 60
364 46
365 77
366 96
367 43
368 69
369 54
370 -87
371 99
372 8
373 66
374 -17
375 63
376 7
377 -24
378 20
379 -47
380 88
381 -94
382 -12
383 20
384 -74
385 41
386 16
387 -53
388 88
389 32
390 -40
391 81
392 82
393 -34
394 60
395 -2
396 -19
397 -42
398 27
399 -49
400 41
401 55
402 -54
403 -54
404 17
405 0
406 -97
407 94
408 -35
409 -71
410 -44
411 92
412 -59
413 -30
414 -30
415 -81
416 -37
417 6
418 60
419 -100
420 -49
421 -2
422 -5
423 -30
424 -37
425 26
426 39
427 -45
428 59
429 -43
430 -78
431 72
432 -37
433 -85
434 -60
435 22
436 12
437 94
438 23
439 -56
440 -20
441 97
442 -33
443 45
444 32
445 36
446 84
447 11
448 -48
449 -26
450 76
451 -11
452 -97
453 66
454 99
455 -52
456 21
457 42
458 -42
459 -37
460 -1
461 -53
462 95
463 69
464 -82
465 -90
466 -17
467 -87
468 49
469 80
470 67
471 38
472 -32
473 -83
474 -79
475 -35
476 11
477 24
478 -87
479 86
480 -53
481 -75
482 88
483 32
484 -61
485 75
486 -78
487 -65
488 -15
489 53
490 -36
491 -76
492 32
493 -70
494 100
495 100
496 -97
497 -30
498 -79
499 84
500 -56
501 45
502 28
503 -66
504 -63
505 -48
506 17
507 12
508 -100
509 68
510 -36
511 -86
512 45
513 -36
514 -47
515 27
516 -65
517 -70
518 -37
519 -66
520 28
521 70
522 74
523 -83
524 -49
525 -81
526 69
527 -98
528 93
529 -77
530 -90
531 -54
532 13
533 62
534 5
535 -29
536 14
537 -99
538 78
539 55
540 54
541 -23
542 12
543 56
544 -29
545 17
546 -60
547 53
548 5
549 53
550 25
551 15
552 -22
553 -45
554 -100
555 -56
556 5
557 -13
558 41
559 41
560 -48
561 55
562 -66
563 50
564 15
565 86
566 62
567 -18
568 -6
569 -57
570 -2
571 3
572 65
573 70
574 100
575 95
576 14
577 -66
578 -58
579 -31
580 -65
581 27
582 76
583 62
584 43
585 22
586 -22
587 -19
588 -14
589 -62
590 20
591 96
592 -56
593 -24
594 12
595 91
596 53
597 -71
598 58
599 -52
600 -84
601 33
602 -72
603 -35
604 78
605 -26
606 -15
607 -86
608 4
609 39
610 50
611 -86
612 45
613 -99
614 6
615 -16
616 -36
617 -17
618 52
619 5
620 50
621 95
622 46
623 75
624 25
625 47
626 25
627 97
628 63
629 9
630 78
631 65
632 -6
633 -86
634 84
635 67
636 81
637 -89
638 39
639 -20
640 34
641 -83
642 33
643 37
644 -62
645 -20
646 62
647 86
648 75
649 -69
650 -2
651 -56
652 87
653 -85
654 63
655 -68
656 9
657 4
658 41
659 -83
660 -83
661 -24
662 -68
663 42
664 57
665 39
666 -35
667 33
668 -30
669 -95
670 56
671 -76
672 -37
673 47
674 15
675 15
676 -72
677 -56
678 52
679 69
680 -44
681 -32
682 -51
683 71
684 1
685 -61
686 66
687 66
688 35
689 -95
690 -86
691 -39
692 24
693 10
694 59
695 -28
696 -23
697 71
698 -61
699 90
700 -82
701 -28
702 -41
703 -59
704 57
705 53
706 61
707 19
708 0
709 -61
710 71
711 96
712 -91
713 14
714 -38
715 -90
716 -37
717 -7
718 50
719 56
720 -34
721 -51
722 50
723 55
724 78
725 36
726 -71
727 54
728 42
729 -34
730 20
731 -98
732 32
733 -46
734 -12
735 -81
736 47
737 65
738 71
739 20
740 42
741 -44
742 -81
743 -89
744 98
745 -93
746 40
747 -100
748 -66
749 69
750 -40
751 -84
752 26
753 7
754 -76
755 -97
756 11
757 -40
758 -65
759 -52
760 34
761 -69
762 -11
763 -39
764 32
765 66
766 -69
767 43
768 61
769 -3
770 10
771 -7
772 71
773 -88
774 14
775 -64
776 67
777 -5
778 69
779 38
780 -53
781 -70
782 3
783 18
784 81
785 -74
786 94
787 53
788 53
789 -10
790 93
791 76
792 53
793 73
794 75
795 60
796 27
797 -49
798 -40
799 -37
800 84
801 31
802 2
803 -67
804 -33
805 -86
806 -49
807 36
808 -84
809 -5
810 -9
811 69
812 -58
813 -20
814 -19
815 -44
816 -13
817 -75
818 -33
819 -60
820 -64
821 -88
822 -57
823 87
824 75
825 10
826 63
827 -93
828 -64
829 90
830 0
831 67
832 -34
833 75
834 7
835 54
836 -29
837 -93
838 69
839 -66
840 -70
841 92
842 27
843 17
844 -28
845 94
846 -84
847 -25
848 89
849 -62
850 -67
851 35
852 18
853 -1
854 92
855 -90
856 100
857 54
858 -50
859 43
860 -23
861 14
862 -91
863 -45
864 10
865 21
866 -29
867 28
868 68
869 66
870 34
871 -23
872 95
873 -41
874 62
875 -67
876 -58
877 -16
878 -36
879 57
880 16
881 28
882 65
883 -99
884 5
885 -75
886 52
887 24
888 -35
889 36
890 32
891 73
892 -88
893 14
894 96
895 88
896 -63
897 -49
898 24
899 33
900 15
901 -11
902 0
903 -68
904 -36
905 -96
906 -31
907 8
908 -55
909 44
910 46
911 35
912 -55
913 -46
914 -7
915 19
916 -16
917 -82
918 -13
919 91
920 -77
921 71
922 -29
923 23
924 -52
925 89
926 -17
927 -33
928 -96
929 60
930 -16
931 -32
932 12
933 -5
934 -100
935 89
936 76
937 -31
938 2
939 -97
940 -97
941 -86
942 31
943 87
944 -70
945 91
946 -41
947 -86
948 -98
949 -65
950 40
951 58
952 -91
953 -96
954 100
955 13
956 -66
957 48
958 84
959 -16
960 -4
961 -56
962 58
963 -26
964 -98
965 4
966 39
967 21
968 -50
969 96
970 -26
971 54
972 -39
973 -39
974 83
975 -10
976 -8
977 -27
978 -79
979 -83
980 -93
981 25
982 38
983 60
984 64
985 -98
986 21
987 27
988 -53
989 -44
990 77
991 -12
992 58
993 88
994 -61
995 -53
996 44
997 16
998 -90
999 47
1000 97
1001 -64
1002 33
1003 13
1004 29
1005 98
1006 -83
1007 -11
1008 31
1009 12
1010 -51
1011 0
1012 -81
1013 -28
1014 -56
1015 38
1016 12
1017 -23
1018 -58
1019 -68
1020 -45
1021 87
1022 -86
1023 -45
