0 98
1 -24
2 -23
3 -6
4 -26
5 -78
6 -90
7 55
8 -53
9 96
10 -83
11 -15
12 -99
13 -46
14 -76
15 73
16 94
17 -83
18 -62
19 -82
20 72
21 -19
22 3
23 22
24 -66
25 -23
26 35
27 -49
28 -54
29 -43
30 -44
31 -65
32 -70
33 -6
34 75
35 -73
36 43
37 -44
38 19
39 41
40 37
41 -15
42 -33
43 -70
44 -98
45 -80
46 -87
47 61
48 25
49 94
50 -92
51 15
52 -72
53 92
54 8
55 -5
56 56
57 5
58 57
59 75
60 36
61 -41
62 71
63 65
64 -56
65 -51
66 -98
67 -61
68 -37
69 64
70 -52
71 12
72 -80
73 -84
74 -86
75 -66
76 -85
77 -82
78 7
79 -83
80 -48
81 1
82 14
83 -12
84 5
85 -87
86 8
87 -24
88 -33
89 73
90 71
91 -18
92 61
93 35
94 66
95 -22
96 -76
97 -95
98 2
99 91
100 26
101 -9
102 66
103 -1
104 99
105 11
106 -24
107 74
108 25
109 10
110 -64
111 20
112 -92
113 -18
114 -19
115 -50
116 2
117 -1
118 -46
119 38
120 0
121 74
122 -40
123 42
124 -56
125 -73
126 79
127 77
128 56
129 -1
130 4
131 -75
132 -87
133 -71
134 56
135 -70
136 9
137 82
138 47
139 -33
140 -96
141 -70
142 0
143 -4
144 -37
145 97
146 30
147 9
148 46
149 96
150 36
151 83
152 34
153 58
154 -27
155 18
156 4
157 -81
158 -10
159 -22
160 -45
161 38
162 30
163 -69
164 -40
165 -7
166 -77
167 -88
168 -6
169 1
170 42
171 -14
172 18
173 -37
174 -45
175 31
176 -2
177 98
178 65
179 -13
180 -10
181 -51
182 -36
183 9
184 52
185 -61
186 85
187 -3
188 -3
189 98
190 -78
191 5
192 74
193 24
194 37
195 -27
196 76
197 98
198 93
199 45
200 100
201 7
202 58
203 -84
204 -26
205 -23
206 -77
207 -84
208 96
209 -2
210 -66
211 1
212 -4
213 61
214 91
215 -16
216 -30
217 71
218 -26
219 -91
220 38
221 31
222 72
223 27
224 29
225 5
226 17
227 61
228 -6
229 -69
230 17
231 44
232 -89
233 -29
234 4
235 77
236 86
237 -4
238 -8
239 -61
240 78
241 30
242 92
243 100
244 89
245 38
246 -20
247 -38
248 -81
249 -37
250 -35
251 -52
252 26
253 83
254 -71
255 -17
256 -95
257 0
258 -57
259 53
260 93
261 73
262 31
263 26
264 86
265 47
266 -48
267 -27
268 54
269 81
270 -7
271 7
272 -2
273 -58
274 43
275 57
276 39
277 -53
278 18
279 -6
280 -45
281 46
282 59
283 6
284 -84
285 -55
286 49
287 95
288 -17
289 -21
290 -10
291 -62
292 -20
293 25
294 1
295 -66
296 -43
297 -86
298 20
299 -29
300 100
301 -61
302 16
303 -46
304 -78
305 96
306 -78
307 20
308 -54
309 -68
310 61
311 25
312 -90
313 -93
314 -4
315 -76
316 28
317 75
318 91
319 79
320 31
321 81
322 79
323 24
324 76
325 46
326 -60
327 -23
328 31
329 -47
330 -14
331 72
332 13
333 -3
334 20
335 -67
336 -34
337 45
338 -18
339 99
340 -100
341 -73
342 9
343 39
344 -94
345 19
346 42
347 81
348 -60
349 -22
350 76
351 -13
352 84
353 14
354 -31
355 75
356 -43
357 30
358 -5
359 -39
360 68
361 -23
362 57
363 28
364 46
365 83
366 -55
367 6
368 -68
369 53
370 15
371 -64
372 60
373 -52
374 -73
375 15
376 2
377 -20
378 -23
379 99
380 1
381 -9
382 -17
383 73
384 88
385 66
386 -85
387 30
388 91
389 68
390 26
391 0
392 47
393 85
394 -74
395 -69
396 43
397 -57
398 -79
399 6
400 1
401 81
402 1
403 10
404 -64
405 76
406 91
407 2
408 7
409 20
410 29
411 -39
412 96
413 27
414 9
415 -51
416 31
417 8
418 -6
419 -34
420 -26
421 -43
422 70
423 -14
424 -47
425 37
426 -2
427 -12
428 -23
429 -81
430 33
431 66
432 -93
433 2
434 46
435 80
436 6
437 25
438 91
439 -74
440 78
441 -64
442 16
443 -11
444 -13
445 -43
446 -7
447 -11
448 -21
449 -62
450 -12
451 26
452 49
453 -42
454 -23
455 -4
456 -41
457 -25
458 -31
459 37
460 68
461 10
462 1
463 42
464 51
465 -75
466 -1
467 90
468 -95
469 -37
470 -55
471 1
472 -13
473 -29
474 87
475 51
476 -24
477 -4
478 -49
479 59
480 81
481 55
482 1
483 89
484 -59
485 -94
486 31
487 -17
488 -86
489 -5
490 -34
491 -88
492 -27
493 -45
494 -24
495 6
496 -91
497 -77
498 83
499 80
500 57
501 32
502 8
503 96
504 -87
505 -22
506 -66
507 -39
508 -16
509 -16
510 -82
511 99
512 -79
513 -78
514 -93
515 95
516 37
517 42
518 -25
519 -69
520 -3
521 1
522 33
523 -99
524 -49
525 -85
526 -89
527 28
528 -49
529 -4
530 2
531 -95
532 37
533 -20
534 -88
535 -28
536 -51
537 -59
538 -30
539 -12
540 -69
541 3
542 -96
543 -91
544 -80
545 35
546 93
547 -73
548 -14
549 -71
550 37
551 64
552 -31
553 79
554 -36
555 86
556 95
557 28
558 32
559 -79
560 53
561 24
562 25
563 34
564 33
565 48
566 32
567 -34
568 37
569 -9
570 92
571 67
572 -21
573 35
574 6
575 -69
576 -54
577 -39
578 58
579 -9
580 31
581 64
582 -49
583 95
584 81
585 77
586 0
587 81
588 77
589 -46
590 -89
591 -78
592 69
593 -20
594 -11
595 -98
596 -91
597 29
598 -29
599 93
600 40
601 -59
602 4
603 47
604 -94
605 49
606 28
607 75
608 -59
609 -64
610 -81
611 5
612 -48
613 -48
614 -29
615 -12
616 -67
617 -92
618 22
619 -65
620 -81
621 26
622 1
623 21
624 48
625 -14
626 -35
627 -14
628 -65
629 -5
630 -100
631 66
632 82
633 52
634 -89
635 -55
636 55
637 -66
638 70
639 -92
640 58
641 58
642 -26
643 -51
644 8
645 46
646 5
647 -57
648 17
649 -42
650 -31
651 -56
652 -39
653 91
654 91
655 -87
656 40
657 -61
658 65
659 34
660 74
661 -41
662 -92
663 63
664 -80
665 -2
666 52
667 7
668 -22
669 13
670 57
671 19
672 -32
673 -22
674 -77
675 100
676 -10
677 40
678 -40
679 -71
680 100
681 -57
682 -42
683 -88
684 -86
685 -65
686 -53
687 -2
688 95
689 -58
690 53
691 0
692 -22
693 -28
694 12
695 53
696 -28
697 47
698 36
699 70
700 -96
701 -68
702 -85
703 78
704 39
705 51
706 -87
707 73
708 -4
709 67
710 -36
711 -17
712 -37
713 -23
714 -30
715 -36
716 44
717 -17
718 69
719 -93
720 -67
721 57
722 73
723 -14
724 -59
725 78
726 -7
727 -8
728 -87
729 72
730 57
731 98
732 29
733 92
734 77
735 13
736 -15
737 27
738 -96
739 -36
740 28
741 -46
742 -100
743 -7
744 59
745 -37
746 -29
747 -13
748 21
749 14
750 -76
751 -15
752 42
753 -98
754 11
755 17
756 59
757 -12
758 28
759 53
760 -25
761 10
762 72
763 -10
764 84
765 67
766 52
767 -5
768 17
769 99
770 -28
771 -94
772 12
773 1
774 -5
775 -35
776 -59
777 -43
778 -50
779 66
780 4
781 -7
782 -40
783 -56
784 98
785 7
786 -64
787 55
788 -56
789 94
790 -48
791 -5
792 -3
793 100
794 51
795 -96
796 -52
797 -49
798 44
799 8
800 58
801 -18
802 0
803 -10
804 36
805 -22
806 57
807 -3
808 22
809 51
810 -39
811 52
812 -21
813 72
814 -88
815 87
816 -19
817 48
818 25
819 76
820 -39
821 -60
822 -72
823 99
824 10
825 33
826 -52
827 37
828 -95
829 -74
830 71
831 27
832 -54
833 16
834 -96
835 -82
836 22
837 78
838 51
839 -73
840 58
841 -18
842 91
843 -53
844 -11
845 -26
846 -68
847 46
848 64
849 18
850 18
851 -5
852 -35
853 25
854 87
855 -26
856 52
857 -88
858 -42
859 75
860 -97
861 -54
862 -45
863 16
864 39
865 -7
866 -56
867 46
868 86
869 96
870 -81
871 41
872 67
873 19
874 37
875 -44
876 -31
877 88
878 83
879 -23
880 -97
881 -99
882 -58
883 6
884 -54
885 -55
886 -61
887 -53
888 74
889 -32
890 23
891 -34
892 -44
893 16
894 76
895 79
896 27
897 -40
898 32
899 -6
900 36
901 66
902 53
903 -5
904 -67
905 -39
906 -38
907 12
908 -49
909 2
910 -30
911 15
912 87
913 -80
914 -90
915 -64
916 10
917 20
918 -38
919 -47
920 -51
921 -49
922 -71
923 -23
924 -9
925 40
926 -44
927 -7
928 80
929 5
930 -39
931 -58
932 88
933 -57
934 61
935 -1
936 -100
937 -37
938 76
939 66
940 76
941 27
942 12
943 81
944 42
945 32
946 -61
947 8
948 -75
949 12
950 -46
951 58
952 -24
953 -73
954 -15
955 28
956 9
957 -65
958 -8
959 -14
960 51
961 -87
962 -93
963 -72
964 17
965 98
966 90
967 -100
968 -17
969 41
970 66
971 -28
972 -56
973 -65
974 -29
975 -77
976 41
977 -63
978 -51
979 34
980 -17
981 -84
982 46
983 66
984 -88
985 -72
986 -49
987 82
988 27
989 -33
990 21
991 -58
992 49
993 45
994 -59
995 -35
996 89
997 -14
998 -47
999 38
1000 -32
1001 -35
1002 -2
1003 31
1004 24
1005 66
1006 82
1007 -60
1008 1
1009 99
1010 55
1011 -14
1012 60
1013 50
1014 -95
1015 89
1016 91
1017 -77
1018 -9
1019 11
1020 75
1021 -32
1022 2
1023 45
