0 -8
1 93
2 22
3 5
4 -6
5 31
6 30
7 -37
8 34
9 -27
10 -89
11 -78
12 -56
13 -43
14 82
15 49
16 84
17 -68
18 49
19 -81
20 -96
21 100
22 -64
23 -36
24 -34
25 10
26 42
27 -92
28 55
29 11
30 -88
31 -70
32 33
33 59
34 71
35 -86
36 -95
37 -20
38 -21
39 -20
40 8
41 -10
42 -5
43 75
44 -31
45 -15
46 31
47 80
48 -100
49 -32
50 -26
51 -77
52 -52
53 -20
54 -37
55 -10
56 21
57 89
58 -18
59 81
60 37
61 99
62 83
63 13
64 90
65 -62
66 86
67 67
68 74
69 52
70 43
71 22
72 39
73 43
74 -81
75 79
76 -97
77 -45
78 -67
79 76
80 90
81 -65
82 -41
83 -87
84 91
85 62
86 -16
87 -12
88 -98
89 -81
90 20
91 -73
92 -71
93 -7
94 -90
95 51
96 47
97 -32
98 -38
99 87
100 71
101 -11
102 -5
103 54
104 -5
105 -34
106 19
107 74
108 -53
109 -25
110 -37
111 40
112 -82
113 35
114 -94
115 -86
116 94
117 -54
118 17
119 -99
120 -75
121 60
122 53
123 -43
124 16
125 47
126 -7
127 92
128 95
129 -22
130 42
131 -84
132 89
133 37
134 -85
135 -95
136 80
137 -73
138 12
139 -38
140 67
141 -37
142 37
143 74
144 -18
145 -67
146 49
147 9
148 -75
149 32
150 91
151 -33
152 45
153 84
154 59
155 10
156 38
157 85
158 -87
159 1
160 17
161 19
162 -70
163 -86
164 -35
165 -44
166 24
167 -90
168 95
169 25
170 62
171 -19
172 10
173 88
174 32
175 36
176 -99
177 -71
178 -38
179 25
180 -11
181 -66
182 -89
183 -97
184 -26
185 -77
186 24
187 13
188 -49
189 97
190 21
191 -12
192 88
193 91
194 -8
195 51
196 26
197 -70
198 -18
199 -40
200 -32
201 -15
202 31
203 -10
204 48
205 -58
206 -31
207 -24
208 39
209 87
210 5
211 0
212 -56
213 -27
214 -43
215 -48
216 -38
217 75
218 91
219 52
220 -60
221 64
222 -84
223 62
224 98
225 -61
226 57
227 -78
228 25
229 -20
230 73
231 25
232 -80
233 -45
234 -30
235 86
236 -20
237 -12
238 46
239 -67
240 -34
241 38
242 34
243 73
244 52
245 -41
246 -80
247 -16
248 -3
249 -98
250 5
251 -16
252 -2
253 -49
254 -22
255 77
256 96
257 -86
258 -40
259 49
260 62
261 -99
262 22
263 -41
264 6
265 28
266 -43
267 39
268 -7
269 -96
270 67
271 -61
272 52
273 -48
274 78
275 -70
276 74
277 -57
278 -91
279 79
280 -81
281 33
282 50
283 32
284 31
285 30
286 -36
287 -37
288 -55
289 -37
290 17
291 -98
292 -3
293 -39
294 -98
295 47
296 7
297 -80
298 81
299 1
300 -28
301 -6
302 -83
303 15
304 73
305 -87
306 58
307 28
308 -45
309 -86
310 -32
311 85
312 2
313 21
314 68
315 -81
316 -56
317 -36
318 31
319 -5
320 19
321 -44
322 -74
323 27
324 64
325 -63
326 -64
327 -23
328 36
329 43
330 -49
331 60
332 -15
333 -69
334 -17
335 -58
336 64
337 74
338 64
339 -84
340 52
341 33
342 44
343 11
344 -96
345 -89
346 -44
347 59
348 -5
349 60
350 45
351 -35
352 29
353 82
354 94
355 64
356 -69
357 64
358 73
359 -5
360 -79
361 0
362 -35
363 -27
364 -6
365 72
366 17
367 71
368 -17
369 -25
370 -40
371 -89
372 91
373 90
374 -46
375 -13
376 -6
377 -42
378 -46
379 27
380 86
381 100
382 37
383 15
384 73
385 -72
386 61
387 98
388 78
389 68
390 -9
391 -57
392 -49
393 -85
394 25
395 6
396 -48
397 -53
398 9
399 -82
400 -81
401 -50
402 -22
403 27
404 96
405 53
406 40
407 -97
408 -28
409 36
410 83
411 -65
412 38
413 -81
414 36
415 -90
416 71
417 -88
418 98
419 -66
420 -82
421 61
422 -60
423 -25
424 -85
425 -44
426 69
427 -3
428 -90
429 -3
430 17
431 2
432 -4
433 -44
434 -80
435 11
436 49
437 -87
438 -78
439 -96
440 93
441 -76
442 -29
443 -23
444 54
445 23
446 92
447 -47
448 7
449 96
450 57
451 -48
452 32
453 -22
454 25
455 49
456 35
457 -44
458 -54
459 97
460 -65
461 -75
462 87
463 8
464 -82
465 54
466 75
467 -2
468 -22
469 -75
470 0
471 72
472 72
473 62
474 25
475 21
476 -5
477 74
478 -25
479 19
480 92
481 -6
482 -97
483 -65
484 40
485 5
486 40
487 -33
488 25
489 -88
490 -100
491 26
492 -87
493 89
494 80
495 73
496 -84
497 98
498 91
499 96
500 64
501 -39
502 71
503 37
504 40
505 52
506 79
507 90
508 -70
509 -98
510 69
511 39
512 90
513 46
514 -30
515 -59
516 -85
517 -51
518 -47
519 31
520 18
521 -77
522 -45
523 -24
524 -83
525 -43
526 79
527 62
528 -46
529 -37
530 77
531 -19
532 -80
533 53
534 14
535 99
536 -97
537 54
538 -47
539 32
540 3
541 59
542 -63
543 -89
544 -11
545 47
546 -27
547 49
548 91
549 43
550 -59
551 87
552 97
553 90
554 -11
555 52
556 7
557 5
558 78
559 -95
560 27
561 40
562 71
563 -76
564 35
565 58
566 4
567 -44
568 -12
569 -67
570 -73
571 -66
572 87
573 -21
574 86
575 17
576 58
577 31
578 40
579 -74
580 -27
581 71
582 -32
583 -22
584 -23
585 24
586 48
587 -34
588 -38
589 87
590 43
591 -52
592 -90
593 35
594 -97
595 32
596 -90
597 50
598 21
599 -42
600 -84
601 -24
602 -32
603 -51
604 13
605 47
606 8
607 63
608 31
609 -99
610 -39
611 -9
612 53
613 -30
614 -3
615 3
616 58
617 -45
618 41
619 -2
620 50
621 -50
622 -100
623 76
624 -23
625 67
626 -52
627 93
628 -99
629 87
630 19
631 53
632 -49
633 32
634 87
635 45
636 -79
637 -38
638 -80
639 -5
640 -11
641 76
642 56
643 1
644 -59
645 -46
646 18
647 76
648 89
649 -36
650 -9
651 -96
652 60
653 -4
654 -8
655 -33
656 -61
657 -44
658 -92
659 3
660 49
661 -42
662 -51
663 41
664 -19
665 -8
666 17
667 -36
668 -58
669 52
670 2
671 52
672 -48
673 6
674 13
675 -10
676 -89
677 -64
678 -10
679 20
680 -97
681 -40
682 -30
683 78
684 -22
685 6
686 62
687 75
688 -29
689 86
690 22
691 29
692 85
693 69
694 0
695 90
696 15
697 -14
698 48
699 -11
700 21
701 -11
702 -63
703 92
704 13
705 -76
706 67
707 67
708 73
709 -67
710 23
711 32
712 -90
713 57
714 65
715 2
716 87
717 55
718 12
719 57
720 -79
721 -70
722 -63
723 -3
724 63
725 25
726 58
727 30
728 53
729 38
730 64
731 33
732 49
733 -52
734 -1
735 19
736 -72
737 86
738 -38
739 7
740 -79
741 -1
742 59
743 5
744 65
745 43
746 71
747 96
748 -3
749 -73
750 47
751 -82
752 -3
753 1
754 -5
755 -100
756 -58
757 45
758 -6
759 1
760 -78
761 40
762 -88
763 5
764 -5
765 74
766 -4
767 8
768 -89
769 77
770 29
771 68
772 -45
773 81
774 15
775 91
776 97
777 61
778 -44
779 -8
780 79
781 42
782 -16
783 -13
784 -39
785 65
786 30
787 -8
788 -82
789 33
790 -53
791 1
792 -21
793 36
794 -12
795 -92
796 18
797 -91
798 7
799 10
800 -29
801 5
802 -52
803 26
804 -44
805 92
806 93
807 42
808 -92
809 59
810 -90
811 -41
812 97
813 -93
814 -67
815 -69
816 -84
817 -90
818 67
819 75
820 -79
821 100
822 -29
823 33
824 -7
825 -98
826 -5
827 55
828 29
829 -94
830 15
831 15
832 -34
833 -99
834 -87
835 -53
836 -56
837 30
838 -15
839 -18
840 -9
841 -1
842 -73
843 17
844 6
845 -76
846 66
847 -86
848 48
849 -66
850 -59
851 38
852 93
853 -92
854 80
855 -48
856 -76
857 -19
858 -21
859 -15
860 -68
861 -30
862 37
863 49
864 96
865 12
866 -47
867 89
868 84
869 2
870 81
871 -13
872 90
873 -97
874 -97
875 35
876 -70
877 57
878 -3
879 -16
880 -48
881 77
882 84
883 -42
884 -88
885 -14
886 78
887 7
888 -96
889 -87
890 -20
891 -26
892 -71
893 1
894 -94
895 51
896 60
897 -66
898 -18
899 -63
900 24
901 64
902 -88
903 -85
904 -57
905 -53
906 73
907 -4
908 -90
909 -36
910 14
911 -89
912 27
913 70
914 -81
915 -28
916 12
917 14
918 6
919 -29
920 -45
921 42
922 -9
923 52
924 -15
925 33
926 96
927 -21
928 -95
929 27
930 22
931 4
932 -60
933 69
934 50
935 56
936 90
937 -85
938 14
939 -12
940 9
941 99
942 -76
943 -6
944 44
945 78
946 47
947 90
948 26
949 -13
950 -36
951 -72
952 47
953 -49
954 -66
955 -57
956 -38
957 57
958 -2
959 38
960 88
961 -55
962 72
963 60
964 -81
965 -57
966 -91
967 33
968 -58
969 14
970 27
971 14
972 -96
973 -56
974 -91
975 83
976 5
977 -36
978 -43
979 60
980 -64
981 65
982 -55
983 13
984 -90
985 -82
986 -38
987 -49
988 -39
989 81
990 70
991 -24
992 9
993 -43
994 73
995 16
996 -22
997 97
998 63
999 17
1000 65
1001 -26
1002 -91
1003 -10
1004 -3
1005 84
1006 -5
1007 -54
1008 -69
1009 -40
1010 71
1011 72
1012 -33
1013 -17
1014 -45
1015 97
1016 -36
1017 79
1018 63
1019 41
1020 -21
1021 -5
1022 -67
1023 19
