0 77
1 56
2 -68
3 71
4 -51
5 41
6 93
7 -25
8 1
9 6
10 2
11 -98
12 78
13 61
14 -55
15 95
16 58
17 -10
18 27
19 19
20 -38
21 -90
22 87
23 46
24 71
25 2
26 27
27 -79
28 13
29 62
30 50
31 -21
32 -56
33 70
34 -61
35 -44
36 7
37 -68
38 94
39 21
40 -55
41 -3
42 -20
43 -87
44 32
45 -19
46 -88
47 62
48 51
49 -12
50 56
51 89
52 -90
53 11
54 5
55 66
56 -31
57 98
58 76
59 29
60 -56
61 -23
62 -19
63 82
64 40
65 -93
66 -35
67 30
68 45
69 -52
70 -19
71 -54
72 94
73 -6
74 39
75 8
76 68
77 47
78 51
79 -45
80 86
81 -83
82 -77
83 94
84 -71
85 70
86 -78
87 33
88 -3
89 -89
90 26
91 80
92 -18
93 -19
94 9
95 -95
96 38
97 70
98 25
99 -88
100 64
101 -19
102 -78
103 -6
104 85
105 -23
106 -26
107 3
108 71
109 -75
110 -28
111 81
112 21
113 6
114 65
115 91
116 -86
117 -42
118 96
119 -4
120 -63
121 82
122 43
123 53
124 15
125 -51
126 -71
127 14
128 -41
129 -100
130 -72
131 -81
132 -100
133 -78
134 -26
135 26
136 2
137 -63
138 13
139 37
140 -80
141 30
142 33
143 -85
144 -18
145 82
146 -47
147 -56
148 17
149 93
150 23
151 33
152 -34
153 -8
154 23
155 -61
156 -79
157 -70
158 10
159 -36
160 -3
161 78
162 -23
163 -91
164 -34
165 17
166 87
167 -89
168 -12
169 15
170 82
171 40
172 74
173 96
174 -4
175 69
176 19
177 -6
178 34
179 10
180 41
181 -5
182 76
183 -86
184 39
185 -99
186 -24
187 -21
188 10
189 73
190 55
191 57
192 95
193 -21
194 60
195 29
196 -65
197 93
198 -50
199 46
200 30
201 -7
202 3
203 67
204 25
205 -39
206 -67
207 60
208 -16
209 54
210 -67
211 39
212 -39
213 39
214 -97
215 18
216 -45
217 11
218 96
219 71
220 -18
221 97
222 40
223 41
224 -81
225 -49
226 -57
227 -67
228 25
229 -83
230 52
231 -30
232 24
233 -10
234 -95
235 -50
236 48
237 -11
238 81
239 -92
240 -13
241 47
242 -37
243 -98
244 86
245 70
246 -71
247 2
248 46
249 -20
250 -82
251 -99
252 -82
253 -43
254 77
255 -35
256 3
257 -28
258 61
259 -60
260 15
261 63
262 -30
263 -22
264 75
265 -79
266 -20
267 13
268 9
269 -36
270 -75
271 77
272 77
273 -59
274 64
275 22
276 -71
277 73
278 -75
279 85
280 27
281 41
282 80
283 29
284 -95
285 88
286 71
287 -5
288 36
289 -55
290 44
291 11
292 -27
293 49
294 -73
295 67
296 54
297 -8
298 33
299 -25
300 21
301 67
302 -8
303 -47
304 29
305 89
306 -98
307 -8
308 34
309 -72
310 -8
311 -1
312 21
313 -77
314 -82
315 -5
316 66
317 -11
318 38
319 1
320 64
321 -2
322 -61
323 -97
324 -39
325 4
326 10
327 -54
328 41
329 59
330 53
331 67
332 35
333 49
334 -64
335 81
336 77
337 -9
338 81
339 -4
340 48
341 -63
342 12
343 -7
344 -95
345 21
346 -71
347 -65
348 -100
349 42
350 14
351 63
352 -18
353 36
354 -44
355 79
356 46
357 -39
358 -47
359 -55
360 60
361 -66
362 -85
363 42
364 63
365 -85
366 17
367 38
368 89
369 -4
370 96
371 40
372 5
373 42
374 -85
375 -11
376 85
377 100
378 80
379 -60
380 -8
381 -19
382 -46
383 -69
384 97
385 2
386 -41
387 -85
388 39
389 -62
390 43
391 37
392 -37
393 98
394 -56
395 -29
396 -32
397 -30
398 -98
399 -98
400 37
401 -61
402 -77
403 42
404 73
405 -28
406 51
407 40
408 -89
409 74
410 -78
411 -94
412 -95
413 -29
414 -61
415 -62
416 -15
417 -86
418 81
419 -38
420 20
421 9
422 53
423 2
424 58
425 34
426 29
427 78
428 -58
429 48
430 35
431 -42
432 100
433 80
434 -61
435 13
436 -58
437 60
438 -75
439 14
440 -54
441 -13
442 -9
443 73
444 -65
445 94
446 -26
447 28
448 84
449 49
450 -61
451 40
452 25
453 99
454 24
455 79
456 -51
457 32
458 89
459 -64
460 47
461 -84
462 86
463 11
464 -20
465 11
466 -94
467 -74
468 29
469 -35
470 24
471 6
472 -14
473 89
474 20
475 31
476 -32
477 86
478 80
479 95
480 92
481 -97
482 16
483 9
484 28
485 -60
486 -78
487 -82
488 21
489 -51
490 50
491 43
492 81
493 -69
494 -8
495 65
496 1
497 55
498 40
499 -15
500 13
501 35
502 -33
503 -98
504 -7
505 85
506 55
507 -90
508 -35
509 99
510 7
511 -14
512 66
513 -91
514 95
515 17
516 55
517 -39
518 -35
519 -81
520 69
521 63
522 -5
523 16
524 94
525 -100
526 40
527 -36
528 -8
529 -46
530 51
531 -92
532 57
533 -55
534 -33
535 27
536 -75
537 78
538 28
539 -20
540 25
541 69
542 -84
543 -72
544 -79
545 84
546 30
547 -53
548 -42
549 -16
550 -57
551 -95
552 -14
553 64
554 16
555 -7
556 15
557 97
558 47
559 68
560 -30
561 -89
562 -40
563 11
564 70
565 -38
566 65
567 -73
568 -20
569 84
570 85
571 44
572 -32
573 -19
574 -43
575 39
576 21
577 -59
578 -86
579 -30
580 -71
581 43
582 29
583 75
584 97
585 -10
586 15
587 45
588 71
589 -22
590 -34
591 -77
592 -31
593 -66
594 56
595 -91
596 32
597 -11
598 82
599 -90
600 -74
601 -19
602 -50
603 -77
604 -12
605 39
606 -20
607 70
608 75
609 -79
610 -36
611 51
612 -32
613 -82
614 -47
615 -40
616 39
617 -64
618 -34
619 61
620 -62
621 46
622 -37
623 -75
624 17
625 -54
626 0
627 -39
628 -73
629 -23
630 -39
631 -51
632 76
633 19
634 -4
635 53
636 -88
637 -66
638 -82
639 -19
640 -8
641 -59
642 -39
643 -53
644 100
645 -67
646 35
647 91
648 38
649 -4
650 91
651 96
652 4
653 -79
654 96
655 -57
656 93
657 40
658 4
659 -26
660 95
661 -79
662 -51
663 -81
664 51
665 96
666 23
667 75
668 -33
669 73
670 80
671 -68
672 80
673 23
674 90
675 -40
676 -16
677 98
678 -35
679 67
680 81
681 -17
682 -57
683 -32
684 34
685 -73
686 -27
687 -34
688 25
689 -15
690 -3
691 -32
692 -34
693 3
694 -63
695 -93
696 -86
697 -71
698 100
699 19
700 64
701 -66
702 80
703 -36
704 -20
705 -84
706 82
707 -52
708 -81
709 -24
710 -91
711 81
712 75
713 -32
714 -79
715 73
716 -1
717 -69
718 -66
719 -52
720 93
721 22
722 -92
723 60
724 24
725 -61
726 -50
727 39
728 -70
729 -54
730 41
731 6
732 -84
733 52
734 -60
735 11
736 50
737 76
738 8
739 28
740 22
741 -76
742 97
743 9
744 75
745 -95
746 -59
747 10
748 100
749 79
750 -47
751 4
752 36
753 56
754 81
755 -85
756 68
757 -1
758 -26
759 -18
760 -80
761 51
762 38
763 -97
764 23
765 38
766 -26
767 -50
768 -91
769 -64
770 0
771 41
772 5
773 28
774 -87
775 50
776 52
777 -74
778 42
779 -28
780 88
781 64
782 3
783 -2
784 95
785 -81
786 -13
787 -36
788 3
789 -87
790 3
791 -58
792 56
793 -10
794 -84
795 43
796 -14
797 -43
798 -100
799 62
800 -35
801 51
802 -66
803 -32
804 87
805 95
806 46
807 -77
808 -55
809 -23
810 -37
811 58
812 21
813 -86
814 -89
815 7
816 26
817 -23
818 -12
819 32
820 -48
821 30
822 30
823 -24
824 91
825 30
826 -6
827 39
828 -86
829 15
830 -51
831 87
832 -94
833 75
834 87
835 75
836 -20
837 52
838 -89
839 -13
840 -98
841 18
842 15
843 1
844 -13
845 -89
846 -18
847 44
848 -51
849 -21
850 32
851 41
852 23
853 -14
854 1
855 -85
856 -63
857 41
858 -90
859 9
860 2
861 -4
862 33
863 -63
864 31
865 44
866 -64
867 92
868 35
869 -58
870 61
871 46
872 67
873 5
874 -44
875 34
876 -95
877 -13
878 -16
879 20
880 -20
881 -19
882 46
883 25
884 -37
885 -34
886 11
887 -73
888 -19
889 38
890 29
891 -33
892 -6
893 3
894 -34
895 73
896 20
897 -95
898 58
899 -65
900 -70
901 81
902 -99
903 8
904 -66
905 -74
906 -52
907 -1
908 -43
909 -83
910 89
911 -41
912 -22
913 9
914 48
915 -73
916 -41
917 51
918 6
919 62
920 -1
921 53
922 8
923 15
924 90
925 57
926 -85
927 90
928 37
929 15
930 5
931 60
932 80
933 -53
934 -38
935 51
936 -55
937 -16
938 -59
939 -53
940 -57
941 92
942 -2
943 23
944 49
945 71
946 56
947 -78
948 -54
949 -64
950 -38
951 -52
952 86
953 95
954 -20
955 97
956 74
957 98
958 7
959 1
960 95
961 1
962 -74
963 -62
964 -58
965 -89
966 -10
967 35
968 17
969 -50
970 -41
971 37
972 -44
973 -43
974 -96
975 -59
976 -7
977 24
978 -18
979 79
980 33
981 62
982 -66
983 -9
984 -30
985 -76
986 -58
987 -25
988 47
989 -24
990 -22
991 -25
992 -55
993 -64
994 50
995 -54
996 -44
997 38
998 -84
999 63
1000 22
1001 51
1002 99
1003 -78
1004 1
1005 84
1006 -79
1007 -75
1008 -84
1009 49
1010 11
1011 -13
1012 -64
1013 -20
1014 -86
1015 -80
1016 -20
1017 10
1018 94
1019 -20
1020 -99
1021 -52
1022 -13
1023 80
