0 -37
1 -71
2 -32
3 -46
4 -27
5 40
6 18
7 -1
8 -72
9 -57
10 -9
11 -29
12 35
13 -39
14 15
15 75
16 35
17 65
18 13
19 7
20 -61
21 -53
22 17
23 54
24 35
25 91
26 -93
27 94
28 70
29 -66
30 56
31 56
32 -22
33 45
34 30
35 -56
36 -1
37 27
38 -81
39 66
40 -30
41 -78
42 61
43 59
44 73
45 -98
46 34
47 -80
48 26
49 -82
50 -62
51 53
52 24
53 -58
54 88
55 81
56 67
57 -97
58 -20
59 -38
60 -76
61 68
62 -34
63 -79
64 -18
65 -48
66 73
67 -11
68 -33
69 78
70 49
71 96
72 72
73 28
74 64
75 71
76 21
77 -97
78 1
79 45
80 -8
81 35
82 11
83 -1
84 -3
85 42
86 -95
87 -87
88 -20
89 72
90 20
91 -65
92 95
93 26
94 -78
95 26
96 -17
97 -9
98 48
99 -50
100 6
101 -95
102 63
103 55
104 -40
105 -12
106 42
107 2
108 -90
109 -29
110 -72
111 -99
112 81
113 46
114 -83
115 -94
116 81
117 52
118 7
119 21
120 8
121 86
122 -26
123 90
124 98
125 77
126 38
127 44
128 -94
129 48
130 84
131 91
132 31
133 -72
134 -12
135 39
136 -98
137 74
138 88
139 95
140 83
141 -52
142 68
143 80
144 -38
145 -6
146 55
147 -30
148 -49
149 99
150 -100
151 31
152 -28
153 -22
154 -84
155 54
156 8
157 49
158 83
159 -4
160 -54
161 89
162 88
163 56
164 -84
165 -16
166 3
167 -84
168 12
169 -45
170 -90
171 -14
172 -27
173 6
174 -51
175 -36
176 13
177 -5
178 27
179 94
180 84
181 -80
182 34
183 38
184 -77
185 11
186 -84
187 -52
188 -50
189 33
190 -100
191 14
192 -10
193 62
194 -92
195 -20
196 -82
197 -31
198 -32
199 -37
200 76
201 -24
202 -15
203 31
204 -27
205 -33
206 -39
207 48
208 -60
209 -22
210 -22
211 30
212 81
213 -57
214 70
215 -57
216 31
217 -97
218 45
219 61
220 -2
221 18
222 -20
223 -87
224 7
225 -82
226 58
227 74
228 69
229 30
230 -72
231 12
232 75
233 44
234 10
235 95
236 -30
237 9
238 5
239 89
240 -94
241 -69
242 -68
243 55
244 39
245 -34
246 -65
247 19
248 -46
249 49
250 97
251 31
252 -78
253 17
254 -69
255 60
256 38
257 98
258 -13
259 35
260 12
261 55
262 -11
263 -69
264 19
265 -65
266 -45
267 10
268 41
269 93
270 3
271 -48
272 -100
273 15
274 54
275 -39
276 89
277 -11
278 84
279 43
280 53
281 20
282 7
283 -52
284 77
285 39
286 -59
287 -72
288 89
289 -64
290 -19
291 30
292 86
293 -60
294 56
295 -14
296 37
297 -97
298 88
299 -92
300 12
301 52
302 -14
303 -9
304 21
305 10
306 32
307 -97
308 -2
309 -86
310 -67
311 50
312 18
313 83
314 100
315 -2
316 -11
317 -82
318 -25
319 -22
320 -18
321 -78
322 -74
323 -77
324 -68
325 59
326 60
327 -74
328 31
329 -32
330 -25
331 34
332 44
333 55
334 73
335 -44
336 70
337 74
338 -37
339 60
340 -34
341 -54
342 64
343 -63
344 -16
345 28
346 -84
347 -68
348 25
349 -13
350 40
351 -88
352 -6
353 -51
354 -41
355 -72
356 -73
357 -21
358 -56
359 61
360 -56
361 70
362 13
363 -69
364 -99
365 91
366 -65
367 -20
368 96
369 -92
370 8
371 73
372 53
373 53
374 -70
375 -44
376 33
377 -84
378 -2
379 7
380 -77
381 -75
382 -83
383 -96
384 -18
385 -83
386 56
387 16
388 19
389 49
390 -47
391 63
392 -91
393 -22
394 -15
395 70
396 44
397 22
398 0
399 -67
400 -9
401 -11
402 -23
403 100
404 14
405 -99
406 98
407 -16
408 22
409 23
410 -83
411 58
412 -1
413 39
414 -32
415 -70
416 22
417 -86
418 -67
419 -85
420 -16
421 39
422 -33
423 71
424 39
425 -60
426 57
427 0
428 -70
429 -93
430 -92
431 -95
432 0
433 -15
434 49
435 5
436 -62
437 -12
438 63
439 71
440 -37
441 86
442 94
443 12
444 -3
445 5
446 40
447 -15
448 27
449 30
450 71
451 75
452 73
453 -73
454 -61
455 76
456 42
457 -95
458 76
459 95
460 51
461 -83
462 -49
463 -83
464 22
465 49
466 29
467 -26
468 91
469 84
470 27
471 -66
472 73
473 -53
474 -93
475 76
476 -84
477 93
478 26
479 -98
480 84
481 -49
482 46
483 -68
484 -49
485 -23
486 100
487 46
488 -11
489 -1
490 5
491 5
492 -3
493 -75
494 -26
495 -71
496 -96
497 -16
498 -17
499 -13
500 68
501 97
502 35
503 68
504 -48
505 -94
506 25
507 96
508 -45
509 80
510 73
511 -68
512 -84
513 45
514 -42
515 -40
516 10
517 -80
518 27
519 -59
520 -87
521 -59
522 77
523 -46
524 -39
525 -98
526 -19
527 -89
528 45
529 67
530 46
531 52
532 -49
533 -77
534 -28
535 19
536 6
537 -80
538 85
539 -47
540 72
541 83
542 65
543 3
544 -49
545 7
546 75
547 42
548 41
549 14
550 -53
551 -74
552 -58
553 75
554 0
555 3
556 84
557 1
558 57
559 -30
560 -69
561 23
562 16
563 -39
564 32
565 39
566 87
567 -76
568 -61
569 49
570 -8
571 -40
572 4
573 98
574 -53
575 -28
576 -11
577 -15
578 28
579 63
580 -78
581 -49
582 -91
583 11
584 -21
585 -87
586 -86
587 -70
588 33
589 86
590 66
591 4
592 42
593 37
594 50
595 36
596 61
597 61
598 -17
599 41
600 66
601 -82
602 99
603 47
604 -71
605 -85
606 81
607 -97
608 27
609 -52
610 -75
611 59
612 -72
613 40
614 -82
615 -61
616 -55
617 -26
618 -91
619 31
620 22
621 -57
622 39
623 -55
624 3
625 -56
626 64
627 5
628 -31
629 40
630 74
631 46
632 54
633 -90
634 65
635 -18
636 33
637 -11
638 74
639 59
640 -45
641 30
642 62
643 -58
644 -91
645 52
646 -2
647 -39
648 -50
649 -21
650 2
651 -16
652 78
653 2
654 -31
655 -85
656 23
657 96
658 -27
659 -65
660 -91
661 -99
662 88
663 -15
664 56
665 -42
666 66
667 44
668 82
669 -27
670 1
671 -67
672 -50
673 1
674 36
675 16
676 21
677 -63
678 -63
679 -92
680 56
681 -70
682 -10
683 -91
684 4
685 -91
686 -46
687 85
688 21
689 90
690 6
691 -8
692 -48
693 -22
694 9
695 -5
696 21
697 14
698 -66
699 68
700 19
701 -90
702 -27
703 56
704 39
705 -47
706 -46
707 92
708 -80
709 80
710 -19
711 -80
712 56
713 -26
714 17
715 -43
716 74
717 40
718 80
719 -65
720 92
721 -77
722 99
723 -75
724 24
725 -65
726 -35
727 17
728 52
729 60
730 61
731 -69
732 75
733 -88
734 -91
735 -49
736 -31
737 33
738 -83
739 -20
740 89
741 -88
742 4
743 45
744 57
745 79
746 66
747 99
748 82
749 -32
750 96
751 -50
752 73
753 -5
754 -95
755 14
756 13
757 45
758 -23
759 11
760 -92
761 75
762 5
763 29
764 19
765 58
766 -100
767 75
768 -97
769 74
770 -2
771 67
772 84
773 -32
774 51
775 -33
776 14
777 -96
778 -82
779 92
780 1
781 -72
782 -49
783 -26
784 83
785 32
786 -44
787 -96
788 74
789 75
790 -34
791 88
792 13
793 90
794 94
795 86
796 -100
797 60
798 72
799 -20
800 94
801 -2
802 -87
803 16
804 64
805 0
806 -65
807 -58
808 -34
809 -45
810 -84
811 81
812 28
813 -27
814 50
815 -23
816 -9
817 53
818 -62
819 -66
820 -29
821 -68
822 63
823 -21
824 59
825 87
826 12
827 -85
828 -60
829 -81
830 -5
831 59
832 -1
833 91
834 30
835 88
836 -43
837 -3
838 -8
839 -88
840 -27
841 -18
842 39
843 -55
844 3
845 86
846 41
847 -91
848 69
849 72
850 -41
851 16
852 9
853 -60
854 -56
855 -16
856 77
857 -70
858 -19
859 -24
860 89
861 17
862 -18
863 25
864 46
865 86
866 -48
867 -52
868 57
869 20
870 96
871 36
872 -10
873 82
874 -64
875 -31
876 18
877 30
878 -25
879 2
880 42
881 28
882 19
883 8
884 -27
885 2
886 -28
887 24
888 -73
889 21
890 15
891 -93
892 90
893 -5
894 -4
895 -16
896 -52
897 48
898 56
899 -31
900 -81
901 16
902 27
903 -67
904 -27
905 97
906 -9
907 -39
908 -44
909 -43
910 33
911 45
912 34
913 32
914 -94
915 3
916 52
917 27
918 -16
919 -66
920 61
921 -7
922 -8
923 4
924 -52
925 61
926 52
927 39
928 29
929 68
930 65
931 -21
932 -8
933 42
934 13
935 62
936 -4
937 56
938 -20
939 66
940 91
941 -14
942 -81
943 -26
944 -6
945 9
946 -46
947 2
948 -87
949 19
950 -13
951 -92
952 -99
953 -93
954 -8
955 85
956 52
957 -69
958 88
959 8
960 -8
961 -44
962 -70
963 33
964 72
965 -69
966 56
967 79
968 24
969 15
970 41
971 80
972 -27
973 -89
974 66
975 -10
976 -46
977 -81
978 77
979 72
980 -77
981 60
982 -65
983 -98
984 12
985 4
986 1
987 -78
988 -33
989 -18
990 88
991 -44
992 65
993 -69
994 72
995 -39
996 6
997 36
998 -48
999 75
1000 75
1001 37
1002 78
1003 97
1004 -80
1005 22
1006 -78
1007 -55
1008 9
1009 -18
1010 -74
1011 10
1012 -90
1013 53
1014 -93
1015 -2
1016 -46
1017 -27
1018 -76
1019 -22
1020 -76
1021 78
1022 -19
1023 89
