0 -39
1 74
2 -73
3 7
4 97
5 14
6 -23
7 -76
8 -77
9 59
10 -81
11 47
12 -48
13 -66
14 -84
15 6
16 -54
17 69
18 87
19 58
20 -5
21 16
22 22
23 99
24 -84
25 77
26 25
27 23
28 -98
29 -60
30 47
31 54
32 -37
33 99
34 -89
35 -11
36 66
37 -14
38 41
39 14
40 -15
41 38
42 45
43 -77
44 0
45 73
46 -39
47 31
48 94
49 14
50 39
51 85
52 93
53 -75
54 -23
55 -63
56 -95
57 78
58 91
59 72
60 94
61 -97
62 55
63 -53
64 1
65 -5
66 -92
67 73
68 -98
69 49
70 26
71 42
72 -37
73 96
74 -66
75 59
76 -58
77 -66
78 85
79 70
80 65
81 -86
82 97
83 57
84 -70
85 53
86 -26
87 -66
88 66
89 -68
90 -7
91 -46
92 -63
93 -72
94 17
95 -48
96 52
97 -48
98 93
99 32
100 3
101 32
102 -31
103 -66
104 -76
105 20
106 95
107 -48
108 30
109 98
110 -70
111 -39
112 -29
113 -79
114 57
115 -36
116 39
117 40
118 -10
119 56
120 65
121 -18
122 -5
123 -78
124 -73
125 -66
126 39
127 93
128 -99
129 -29
130 83
131 -45
132 38
133 41
134 11
135 -77
136 -47
137 -13
138 94
139 96
140 -97
141 -76
142 72
143 28
144 42
145 -53
146 47
147 28
148 0
149 57
150 59
151 -20
152 61
153 53
154 73
155 -79
156 -75
157 1
158 71
159 31
160 -83
161 -24
162 -74
163 -23
164 55
165 -62
166 79
167 22
168 -58
169 31
170 31
171 90
172 89
173 45
174 75
175 27
176 0
177 37
178 -6
179 60
180 17
181 -10
182 -56
183 -73
184 -1
185 -17
186 -49
187 -39
188 44
189 -23
190 22
191 48
192 -16
193 -30
194 87
195 -83
196 96
197 -73
198 -59
199 36
200 -7
201 -9
202 57
203 -39
204 34
205 -45
206 -10
207 -78
208 5
209 44
210 -14
211 79
212 -44
213 60
214 83
215 56
216 -27
217 -9
218 64
219 48
220 -50
221 -50
222 17
223 -75
224 98
225 26
226 -1
227 30
228 13
229 -88
230 -83
231 -10
232 -7
233 -7
234 56
235 98
236 32
237 97
238 -39
239 -8
240 -59
241 4
242 -21
243 -57
244 43
245 42
246 87
247 -14
248 29
249 -85
250 51
251 -55
252 -85
253 21
254 94
255 -17
256 79
257 10
258 82
259 -2
260 -54
261 -31
262 40
263 29
264 25
265 -93
266 -32
267 -26
268 5
269 72
270 8
271 -87
272 -31
273 -45
274 -79
275 -22
276 80
277 94
278 -78
279 84
280 -61
281 -17
282 40
283 47
284 -73
285 98
286 75
287 87
288 -92
289 -72
290 -95
291 40
292 -5
293 74
294 28
295 55
296 7
297 13
298 34
299 -92
300 68
301 19
302 17
303 -73
304 15
305 -34
306 -97
307 4
308 98
309 -66
310 5
311 -13
312 -4
313 37
314 41
315 -53
316 34
317 -35
318 -16
319 -19
320 -76
321 -46
322 90
323 68
324 56
325 -41
326 100
327 76
328 67
329 84
330 -59
331 -97
332 11
333 34
334 37
335 0
336 -30
337 24
338 -46
339 -37
340 -46
341 87
342 -93
343 2
344 -27
345 -82
346 49
347 8
348 48
349 -78
350 -66
351 18
352 89
353 26
354 -1
355 -15
356 -8
357 62
358 -59
359 59
360 -75
361 61
362 54
363 -72
364 1
365 73
366 33
367 -79
368 70
369 -57
370 83
371 3
372 -97
373 -28
374 -51
375 66
376 -69
377 43
378 -2
379 47
380 -53
381 -57
382 -61
383 -12
384 -8
385 58
386 29
387 -58
388 19
389 7
390 31
391 57
392 72
393 82
394 -16
395 -9
396 -88
397 -17
398 -50
399 -19
400 71
401 -72
402 73
403 57
404 -43
405 4
406 -57
407 3
408 81
409 53
410 -57
411 97
412 64
413 57
414 -30
415 68
416 -25
417 -15
418 49
419 71
420 48
421 -9
422 -61
423 34
424 72
425 70
426 44
427 -40
428 -70
429 -75
430 68
431 19
432 -61
433 -75
434 89
435 -7
436 -24
437 93
438 48
439 73
440 -5
441 -9
442 2
443 6
444 38
445 -63
446 -3
447 70
448 -91
449 -4
450 -80
451 -33
452 82
453 -72
454 66
455 51
456 -55
457 80
458 80
459 28
460 62
461 -71
462 -6
463 26
464 55
465 -51
466 -75
467 -83
468 85
469 -8
470 -94
471 53
472 40
473 -36
474 -53
475 17
476 5
477 76
478 -47
479 -29
480 -27
481 72
482 90
483 -80
484 15
485 17
486 -17
487 25
488 45
489 13
490 -67
491 97
492 -6
493 -44
494 -66
495 -76
496 16
497 -83
498 76
499 -88
500 -52
501 1
502 46
503 90
504 -18
505 -64
506 2
507 48
508 82
509 52
510 -80
511 -95
512 97
513 -36
514 61
515 71
516 63
517 94
518 57
519 -73
520 -44
521 66
522 -46
523 90
524 19
525 17
526 61
527 15
528 39
529 -3
530 -83
531 35
532 -26
533 5
534 35
535 -78
536 -31
537 74
538 79
539 10
540 78
541 37
542 -30
543 -7
544 18
545 -82
546 14
547 99
548 -37
549 81
550 73
551 82
552 -29
553 27
554 -46
555 -48
556 57
557 -7
558 -61
559 6
560 -46
561 81
562 -58
563 -88
564 -44
565 38
566 -47
567 16
568 -27
569 -62
570 78
571 26
572 25
573 -87
574 50
575 45
576 -28
577 -84
578 90
579 -67
580 -64
581 -95
582 -47
583 62
584 90
585 28
586 -72
587 -45
588 -60
589 -73
590 42
591 15
592 -31
593 -45
594 -50
595 49
596 -3
597 42
598 -13
599 -80
600 -4
601 -57
602 -85
603 -4
604 -5
605 -29
606 37
607 24
608 38
609 95
610 11
611 -58
612 -97
613 -25
614 -15
615 57
616 -82
617 -46
618 -48
619 -4
620 0
621 -80
622 22
623 51
624 41
625 54
626 3
627 -84
628 -15
629 -60
630 -43
631 61
632 -76
633 57
634 -3
635 48
636 -58
637 23
638 55
639 -8
640 -93
641 63
642 99
643 80
644 40
645 68
646 -13
647 18
648 -41
649 -28
650 59
651 -73
652 -84
653 -4
654 5
655 -83
656 -98
657 85
658 -70
659 55
660 -31
661 -45
662 -36
663 -77
664 63
665 -6
666 -70
667 -15
668 -97
669 64
670 32
671 66
672 -79
673 -48
674 100
675 62
676 58
677 -22
678 -97
679 73
680 -16
681 25
682 76
683 62
684 -68
685 -15
686 -2
687 86
688 -57
689 74
690 32
691 -15
692 -30
693 35
694 -6
695 -50
696 0
697 26
698 -93
699 -76
700 31
701 -58
702 36
703 -13
704 28
705 33
706 -53
707 -58
708 -54
709 -63
710 61
711 18
712 -98
713 42
714 59
715 60
716 -94
717 -25
718 -51
719 57
720 20
721 59
722 -18
723 -78
724 90
725 44
726 -77
727 -100
728 59
729 -81
730 12
731 91
732 56
733 -45
734 14
735 65
736 25
737 82
738 27
739 -87
740 44
741 82
742 -65
743 -44
744 -17
745 -85
746 77
747 56
748 -34
749 66
750 32
751 -62
752 -86
753 60
754 -50
755 28
756 -42
757 97
758 13
759 -57
760 -49
761 -27
762 -56
763 -62
764 86
765 -29
766 39
767 39
768 -100
769 80
770 92
771 -21
772 -24
773 0
774 -36
775 82
776 -34
777 40
778 -60
779 -10
780 83
781 -97
782 -68
783 79
784 8
785 -53
786 100
787 24
788 -87
789 -42
790 -4
791 36
792 32
793 -77
794 -40
795 64
796 -38
797 57
798 -5
799 13
800 7
801 -26
802 68
803 92
804 -48
805 40
806 -6
807 -96
808 9
809 17
810 -100
811 -64
812 100
813 -15
814 -38
815 -56
816 -23
817 68
818 34
819 34
820 -74
821 90
822 71
823 -68
824 -42
825 -8
826 -93
827 -61
828 71
829 -59
830 -52
831 -95
832 -68
833 86
834 -4
835 88
836 62
837 75
838 -83
839 -61
840 51
841 -92
842 -88
843 88
844 -37
845 -8
846 -100
847 73
848 -74
849 -80
850 -10
851 -74
852 73
853 -30
854 -65
855 -1
856 36
857 24
858 -2
859 1
860 90
861 76
862 15
863 -54
864 -21
865 -32
866 -26
867 81
868 -46
869 90
870 -74
871 -63
872 85
873 97
874 -95
875 76
876 50
877 -4
878 98
879 -100
880 -48
881 91
882 -73
883 51
884 17
885 -15
886 64
887 72
888 42
889 -42
890 30
891 -13
892 20
893 63
894 69
895 44
896 63
897 -31
898 25
899 -78
900 71
901 -20
902 -80
903 -96
904 73
905 27
906 -77
907 16
908 -70
909 -48
910 71
911 8
912 72
913 55
914 91
915 -32
916 24
917 66
918 -5
919 -72
920 51
921 67
922 -74
923 -55
924 -40
925 34
926 9
927 21
928 100
929 63
930 -62
931 -78
932 16
933 -64
934 -40
935 -37
936 -85
937 14
938 -76
939 74
940 8
941 98
942 -97
943 -21
944 42
945 38
946 74
947 -17
948 78
949 -10
950 26
951 -92
952 -31
953 56
954 62
955 -86
956 35
957 65
958 74
959 13
960 -68
961 41
962 -91
963 75
964 24
965 64
966 60
967 32
968 73
969 3
970 -89
971 -17
972 33
973 20
974 56
975 80
976 -51
977 59
978 41
979 49
980 76
981 53
982 38
983 70
984 41
985 37
986 54
987 -92
988 -79
989 46
990 49
991 -71
992 6
993 -49
994 -24
995 96
996 9
997 10
998 31
999 -10
1000 87
1001 71
1002 100
1003 -58
1004 56
1005 -14
1006 2
1007 -22
1008 -84
1009 61
1010 40
1011 -23
1012 2
1013 -35
1014 -96
1015 -42
1016 35
1017 -43
1018 -73
1019 -96
1020 88
1021 -92
1022 64
1023 71
