0 -34
1 -43
2 20
3 -79
4 66
5 -88
6 26
7 -78
8 -56
9 90
10 -99
11 -80
12 43
13 -51
14 91
15 -57
16 21
17 -90
18 -37
19 -51
20 -31
21 80
22 -65
23 -82
24 19
25 -33
26 -7
27 -6
28 -54
29 -33
30 53
31 56
32 -80
33 79
34 -89
35 -22
36 15
37 -99
38 40
39 40
40 -86
41 -1
42 51
43 -4
44 -7
45 -18
46 8
47 20
48 -26
49 -38
50 32
51 -56
52 77
53 84
54 27
55 -35
56 84
57 -57
58 60
59 -33
60 73
61 93
62 63
63 8
64 -44
65 12
66 52
67 -22
68 -17
69 38
70 -93
71 50
72 44
73 -86
74 -13
75 -64
76 46
77 -81
78 7
79 -57
80 0
81 -57
82 -41
83 45
84 -51
85 -59
86 -74
87 83
88 -10
89 -87
90 -28
91 -85
92 -78
93 -4
94 52
95 13
96 -80
97 -73
98 -69
99 68
100 -3
101 -67
102 61
103 -13
104 -95
105 -84
106 13
107 -2
108 55
109 23
110 -11
111 78
112 36
113 34
114 86
115 -46
116 21
117 70
118 14
119 38
120 36
121 31
122 22
123 69
124 11
125 -100
126 33
127 10
128 -51
129 -38
130 84
131 -67
132 18
133 -6
134 -22
135 75
136 -67
137 -68
138 52
139 88
140 -19
141 4
142 62
143 -24
144 -66
145 -46
146 94
147 -44
148 99
149 -25
150 -45
151 100
152 -18
153 85
154 -34
155 31
156 53
157 -65
158 68
159 89
160 74
161 -98
162 80
163 5
164 53
165 -37
166 0
167 -53
168 90
169 -86
170 -52
171 -97
172 -82
173 40
174 83
175 -61
176 5
177 80
178 -65
179 -39
180 -51
181 -63
182 92
183 55
184 -90
185 -71
186 90
187 -48
188 5
189 16
190 -49
191 52
192 -31
193 -28
194 25
195 73
196 -81
197 58
198 -35
199 -13
200 58
201 -72
202 70
203 -42
204 -8
205 93
206 99
207 54
208 26
209 29
210 41
211 66
212 -62
213 31
214 -77
215 23
216 73
217 66
218 93
219 5
220 33
221 54
222 -45
223 -1
224 -8
225 -55
226 36
227 -15
228 -81
229 -73
230 87
231 97
232 -60
233 10
234 47
235 -67
236 -62
237 89
238 40
239 41
240 28
241 99
242 -24
243 56
244 -94
245 -40
246 -84
247 95
248 59
249 -73
250 -77
251 30
252 -42
253 11
254 -25
255 23
256 -94
257 -64
258 45
259 72
260 -13
261 -44
262 -89
263 -40
264 71
265 37
266 -61
267 54
268 60
269 42
270 -55
271 -14
272 -64
273 -88
274 -62
275 60
276 31
277 -13
278 -30
279 -66
280 84
281 30
282 -67
283 -99
284 -77
285 -75
286 45
287 66
288 55
289 -22
290 -95
291 85
292 70
293 12
294 55
295 41
296 80
297 45
298 -69
299 -95
300 -52
301 19
302 1
303 8
304 50
305 0
306 -5
307 69
308 -49
309 -23
310 64
311 -19
312 -87
313 -54
314 41
315 87
316 -65
317 -56
318 -1
319 83
320 -64
321 15
322 -45
323 -29
324 -66
325 -47
326 88
327 79
328 -24
329 38
330 74
331 51
332 2
333 -77
334 -86
335 -36
336 58
337 65
338 -59
339 -42
340 97
341 36
342 -83
343 -48
344 4
345 95
346 -60
347 -68
348 58
349 -18
350 -79
351 -30
352 36
353 -38
354 -8
355 -3
356 2
357 77
358 84
359 84
360 85
361 14
362 -26
363 -50
364 50
365 -94
366 65
367 81
368 53
369 -91
370 4
371 -57
372 -58
373 68
374 -83
375 -5
376 52
377 69
378 -51
379 -6
380 -12
381 79
382 99
383 -23
384 26
385 68
386 -10
387 3
388 -87
389 54
390 -25
391 37
392 77
393 -2
394 2
395 61
396 32
397 25
398 100
399 19
400 19
401 -59
402 -45
403 -16
404 65
405 43
406 25
407 90
408 23
409 -7
410 -80
411 -36
412 -5
413 -14
414 87
415 17
416 53
417 -21
418 85
419 17
420 7
421 59
422 -89
423 9
424 43
425 48
426 33
427 -74
428 -30
429 -44
430 -11
431 77
432 30
433 -61
434 97
435 -54
436 89
437 -53
438 -76
439 -82
440 88
441 -51
442 -39
443 -75
444 92
445 61
446 78
447 -95
448 -88
449 4
450 51
451 -26
452 -14
453 24
454 69
455 -25
456 -45
457 37
458 -29
459 -27
460 -93
461 48
462 -86
463 -66
464 74
465 12
466 28
467 48
468 76
469 -96
470 3
471 43
472 34
473 -33
474 -31
475 -4
476 49
477 -4
478 31
479 82
480 -24
481 47
482 55
483 31
484 14
485 66
486 56
487 35
488 52
489 78
490 -73
491 41
492 94
493 -84
494 -97
495 20
496 49
497 -37
498 68
499 -69
500 -93
501 5
502 21
503 60
504 -52
505 81
506 99
507 90
508 -16
509 -7
510 55
511 -61
512 -85
513 -40
514 -12
515 70
516 18
517 -10
518 -79
519 -22
520 -90
521 10
522 -38
523 15
524 45
525 -23
526 -84
527 -100
528 42
529 -53
530 -41
531 -93
532 46
533 83
534 63
535 72
536 41
537 81
538 18
539 39
540 100
541 -26
542 -80
543 -61
544 8
545 -73
546 -37
547 -26
548 4
549 85
550 72
551 -73
552 6
553 -87
554 79
555 -8
556 22
557 44
558 -22
559 -9
560 -26
561 65
562 -10
563 -93
564 -88
565 75
566 95
567 -25
568 63
569 49
570 -10
571 -7
572 -49
573 -90
574 58
575 63
576 -49
577 5
578 -9
579 -81
580 -39
581 -20
582 -64
583 49
584 -95
585 15
586 -61
587 48
588 -14
589 53
590 53
591 72
592 60
593 94
594 39
595 -50
596 -51
597 46
598 77
599 -44
600 52
601 -15
602 -89
603 -48
604 -97
605 -6
606 3
607 67
608 -47
609 14
610 79
611 8
612 38
613 -92
614 -9
615 -74
616 41
617 -81
618 67
619 27
620 -47
621 71
622 4
623 24
624 -17
625 67
626 70
627 -27
628 76
629 90
630 -6
631 -81
632 -61
633 99
634 -83
635 -81
636 -84
637 10
638 44
639 31
640 -6
641 43
642 42
643 43
644 -83
645 80
646 -33
647 -62
648 -17
649 79
650 41
651 45
652 -10
653 -28
654 83
655 -64
656 -72
657 -79
658 16
659 -49
660 89
661 -24
662 -3
663 42
664 95
665 -18
666 -86
667 0
668 86
669 93
670 -43
671 -61
672 59
673 79
674 47
675 -6
676 85
677 23
678 52
679 35
680 20
681 -16
682 -91
683 -16
684 50
685 -4
686 -8
687 38
688 -59
689 -2
690 33
691 -51
692 45
693 -20
694 82
695 92
696 -75
697 -44
698 -5
699 76
700 76
701 66
702 54
703 -90
704 15
705 -71
706 33
707 -100
708 -72
709 -45
710 96
711 4
712 96
713 -30
714 25
715 -74
716 -42
717 -17
718 -23
719 -81
720 77
721 -27
722 -91
723 -80
724 -100
725 -14
726 10
727 91
728 -63
729 18
730 -92
731 13
732 -30
733 -73
734 71
735 -94
736 56
737 37
738 11
739 -19
740 17
741 92
742 53
743 66
744 -20
745 -89
746 -87
747 90
748 91
749 -4
750 58
751 -40
752 81
753 -38
754 -96
755 70
756 -84
757 94
758 93
759 43
760 95
761 -68
762 -43
763 -6
764 13
765 -82
766 38
767 -25
768 -77
769 73
770 86
771 81
772 -23
773 11
774 -34
775 26
776 -11
777 80
778 2
779 -63
780 -66
781 -38
782 -72
783 49
784 -74
785 37
786 27
787 98
788 82
789 66
790 -60
791 95
792 -92
793 45
794 43
795 -63
796 42
797 -74
798 -54
799 20
800 45
801 -46
802 63
803 -17
804 -32
805 24
806 -7
807 -8
808 49
809 90
810 23
811 -67
812 93
813 35
814 -34
815 -7
816 82
817 -70
818 -93
819 70
820 50
821 85
822 41
823 -88
824 -78
825 42
826 79
827 -96
828 -53
829 -2
830 0
831 93
832 41
833 -4
834 28
835 -42
836 100
837 -34
838 100
839 51
840 60
841 -61
842 88
843 12
844 52
845 90
846 22
847 68
848 -18
849 89
850 50
851 -83
852 -59
853 9
854 -99
855 31
856 23
857 14
858 -86
859 81
860 43
861 48
862 73
863 -88
864 -81
865 -87
866 20
867 -42
868 -27
869 -23
870 -76
871 53
872 98
873 62
874 -75
875 -94
876 -4
877 78
878 -49
879 62
880 57
881 68
882 85
883 90
884 -91
885 95
886 -81
887 -40
888 -55
889 2
890 40
891 -33
892 54
893 -11
894 19
895 11
896 82
897 -37
898 54
899 62
900 -78
901 -16
902 -19
903 29
904 8
905 -84
906 75
907 71
908 70
909 1
910 -29
911 -40
912 58
913 -20
914 -90
915 -57
916 88
917 -93
918 37
919 43
920 -72
921 -72
922 75
923 19
924 94
925 -14
926 -53
927 -96
928 11
929 -91
930 38
931 7
932 -48
933 24
934 -49
935 0
936 49
937 44
938 -26
939 -94
940 -97
941 28
942 22
943 18
944 -77
945 21
946 34
947 -28
948 13
949 39
950 11
951 36
952 -14
953 9
954 92
955 91
956 32
957 -34
958 -38
959 -39
960 -25
961 -41
962 20
963 -12
964 -66
965 -9
966 18
967 19
968 9
969 -74
970 97
971 42
972 92
973 13
974 -96
975 -64
976 -99
977 -84
978 -66
979 -9
980 -47
981 100
982 73
983 -85
984 68
985 60
986 -18
987 28
988 34
989 40
990 -27
991 -50
992 -95
993 58
994 -60
995 -13
996 -70
997 42
998 -100
999 -23
1000 -95
1001 -38
1002 -55
1003 63
1004 80
1005 60
1006 44
1007 24
1008 25
1009 -96
1010 -69
1011 22
1012 -42
1013 -13
1014 -9
1015 -35
1016 13
1017 60
1018 99
1019 60
1020 -49
1021 45
1022 -91
1023 -15
