0 -19
1 -61
2 -85
3 0
4 -79
5 14
6 20
7 36
8 -64
9 -58
10 -26
11 64
12 57
13 23
14 76
15 -12
16 -72
17 -75
18 14
19 37
20 71
21 5
22 73
23 20
24 -56
25 -67
26 84
27 70
28 96
29 3
30 -94
31 -71
32 50
33 -33
34 -50
35 63
36 88
37 -62
38 32
39 34
40 -54
41 58
42 -55
43 94
44 74
45 -21
46 -100
47 -6
48 89
49 89
50 22
51 -9
52 73
53 5
54 48
55 -25
56 64
57 42
58 -90
59 -4
60 -91
61 -99
62 -77
63 72
64 -7
65 1
66 -80
67 -52
68 -84
69 -78
70 55
71 79
72 -71
73 44
74 58
75 40
76 -19
77 -33
78 -93
79 75
80 -76
81 23
82 -42
83 -9
84 -46
85 -48
86 17
87 46
88 95
89 85
90 47
91 95
92 -36
93 -70
94 -72
95 89
96 80
97 30
98 -23
99 42
100 28
101 15
102 46
103 87
104 -94
105 66
106 -82
107 -83
108 -54
109 10
110 -77
111 96
112 96
113 96
114 -40
115 4
116 94
117 67
118 36
119 -79
120 -6
121 -27
122 80
123 -26
124 47
125 -51
126 78
127 33
128 17
129 22
130 -11
131 0
132 -33
133 -95
134 -70
135 -21
136 91
137 95
138 6
139 -80
140 82
141 12
142 78
143 37
144 -47
145 84
146 59
147 47
148 -67
149 49
150 -59
151 -18
152 -65
153 -64
154 13
155 30
156 100
157 -17
158 13
159 40
160 54
161 -89
162 21
163 37
164 -59
165 -75
166 91
167 96
168 67
169 -89
170 -25
171 -1
172 72
173 42
174 60
175 71
176 -54
177 68
178 -45
179 -92
180 41
181 -61
182 79
183 -87
184 -68
185 -74
186 -90
187 -95
188 46
189 -43
190 -66
191 36
192 -22
193 -47
194 62
195 -48
196 -6
197 5
198 -57
199 -11
200 8
201 -44
202 67
203 -74
204 15
205 70
206 -68
207 -28
208 -11
209 -23
210 -18
211 81
212 -60
213 66
214 84
215 93
216 96
217 46
218 29
219 14
220 -72
221 -4
222 27
223 -88
224 85
225 52
226 -48
227 -40
228 81
229 97
230 -22
231 97
232 -49
233 82
234 62
235 19
236 77
237 -91
238 -59
239 -85
240 73
241 97
242 -66
243 19
244 -34
245 49
246 81
247 -86
248 47
249 4
250 -33
251 -17
252 77
253 -2
254 -19
255 -27
256 0
257 -2
258 50
259 -79
260 20
261 -55
262 49
263 64
264 -65
265 -11
266 -66
267 -70
268 -15
269 93
270 -89
271 17
272 -73
273 75
274 -2
275 -86
276 -63
277 -65
278 52
279 -11
280 58
281 -15
282 22
283 44
284 83
285 37
286 47
287 -29
288 -68
289 -2
290 -65
291 44
292 7
293 42
294 21
295 41
296 -27
297 98
298 16
299 78
300 30
301 32
302 35
303 91
304 9
305 -70
306 85
307 -81
308 54
309 94
310 -42
311 28
312 56
313 -2
314 13
315 43
316 20
317 -57
318 56
319 -23
320 53
321 -48
322 -90
323 -93
324 -49
325 -3
326 52
327 57
328 -95
329 -55
330 -92
331 -38
332 87
333 14
334 -45
335 76
336 -63
337 -18
338 -71
339 -96
340 69
341 -30
342 71
343 74
344 8
345 -97
346 -84
347 44
348 -44
349 -63
350 67
351 93
352 96
353 76
354 -60
355 45
356 -92
357 87
358 87
359 -65
360 -29
361 81
362 -33
363 1
364 -25
365 -89
366 -6
367 -91
368 29
369 -13
370 -41
371 -40
372 94
373 -91
374 -80
375 56
376 -79
377 42
378 -50
379 -10
380 53
381 77
382 -67
383 91
384 78
385 -22
386 98
387 -34
388 -70
389 45
390 51
391 54
392 -5
393 -43
394 -97
395 14
396 88
397 -14
398 -28
399 76
400 -41
401 18
402 -71
403 -82
404 53
405 -90
406 -92
407 -69
408 33
409 44
410 89
411 -91
412 66
413 27
414 -42
415 -28
416 31
417 53
418 65
419 -61
420 -88
421 55
422 68
423 69
424 -63
425 38
426 88
427 14
428 40
429 91
430 -4
431 1
432 -96
433 15
434 -93
435 33
436 -22
437 27
438 -52
439 -6
440 -41
441 -85
442 47
443 -47
444 -21
445 9
446 -13
447 57
448 93
449 15
450 0
451 -71
452 -28
453 -82
454 -31
455 -71
456 66
457 -93
458 91
459 86
460 20
461 99
462 -13
463 -10
464 60
465 98
466 57
467 -54
468 76
469 86
470 -68
471 69
472 -33
473 71
474 -75
475 46
476 -54
477 53
478 -71
479 -99
480 -76
481 -50
482 -66
483 -32
484 -78
485 73
486 64
487 92
488 43
489 73
490 80
491 8
492 98
493 -73
494 33
495 36
496 -28
497 31
498 74
499 -82
500 -82
501 -20
502 86
503 52
504 93
505 -73
506 5
507 68
508 -52
509 -87
510 -27
511 48
512 -24
513 -28
514 69
515 -81
516 1
517 -57
518 62
519 -22
520 -38
521 8
522 7
523 69
524 77
525 -57
526 14
527 27
528 -3
529 74
530 -20
531 -40
532 4
533 71
534 -88
535 -1
536 36
537 -19
538 92
539 99
540 -48
541 55
542 -76
543 -56
544 -6
545 38
546 89
547 -2
548 20
549 -42
550 87
551 19
552 25
553 36
554 -20
555 -50
556 -2
557 -88
558 -87
559 34
560 90
561 57
562 37
563 27
564 30
565 -32
566 -3
567 -14
568 -6
569 -13
570 84
571 24
572 -78
573 -45
574 29
575 57
576 -59
577 37
578 2
579 54
580 -73
581 -12
582 -60
583 24
584 23
585 -81
586 -15
587 65
588 96
589 -6
590 56
591 94
592 83
593 19
594 5
595 -90
596 -3
597 -6
598 51
599 82
600 67
601 -19
602 -19
603 -85
604 20
605 42
606 38
607 61
608 69
609 39
610 -14
611 19
612 52
613 -65
614 99
615 -78
616 82
617 -20
618 -49
619 -67
620 -32
621 93
622 -98
623 21
624 -24
625 40
626 -81
627 39
628 -86
629 92
630 82
631 46
632 -66
633 -61
634 -71
635 47
636 94
637 89
638 -50
639 80
640 -10
641 84
642 -54
643 50
644 30
645 52
646 -39
647 -73
648 -76
649 -36
650 -10
651 -17
652 -33
653 19
654 6
655 0
656 4
657 -41
658 68
659 -66
660 -81
661 35
662 -33
663 89
664 47
665 39
666 95
667 78
668 -54
669 -99
670 -60
671 34
672 -50
673 -84
674 21
675 -33
676 40
677 65
678 -78
679 62
680 94
681 6
682 27
683 -58
684 -77
685 67
686 -25
687 59
688 -22
689 83
690 -89
691 33
692 69
693 12
694 42
695 -74
696 93
697 63
698 71
699 94
700 -67
701 -19
702 -75
703 22
704 -26
705 -44
706 -47
707 -61
708 78
709 -51
710 2
711 26
712 49
713 47
714 23
715 86
716 -7
717 84
718 -90
719 72
720 5
721 -37
722 75
723 80
724 61
725 21
726 -30
727 -46
728 15
729 89
730 -86
731 -28
732 -36
733 -75
734 34
735 -81
736 -39
737 -70
738 -86
739 81
740 -87
741 -67
742 -31
743 -76
744 32
745 88
746 -88
747 -57
748 20
749 -69
750 -64
751 -32
752 9
753 -66
754 -44
755 45
756 -46
757 69
758 -78
759 72
760 87
761 29
762 -4
763 -40
764 -94
765 35
766 -35
767 -80
768 0
769 40
770 92
771 -99
772 -95
773 -22
774 61
775 11
776 82
777 -21
778 33
779 38
780 -57
781 49
782 -45
783 6
784 4
785 -11
786 -66
787 84
788 2
789 75
790 -7
791 -41
792 44
793 11
794 50
795 56
796 -95
797 -25
798 52
799 6
800 -58
801 65
802 -79
803 -85
804 -46
805 83
806 6
807 -29
808 45
809 89
810 -67
811 45
812 -10
813 22
814 18
815 36
816 22
817 68
818 -4
819 100
820 -36
821 61
822 -84
823 -29
824 -37
825 -72
826 79
827 -46
828 -4
829 94
830 -50
831 48
832 -53
833 -51
834 5
835 94
836 -57
837 -38
838 1
839 78
840 8
841 -2
842 47
843 -99
844 -57
845 71
846 -98
847 68
848 -84
849 -51
850 -76
851 19
852 -25
853 -47
854 17
855 -9
856 7
857 2
858 4
859 -13
860 -24
861 80
862 9
863 73
864 -29
865 -64
866 -63
867 -85
868 -27
869 -33
870 -93
871 30
872 87
873 -69
874 49
875 84
876 35
877 29
878 26
879 5
880 72
881 44
882 -89
883 72
884 -75
885 89
886 14
887 14
888 41
889 -95
890 84
891 53
892 -69
893 -5
894 -31
895 -36
896 -29
897 12
898 13
899 -1
900 29
901 43
902 72
903 -3
904 -50
905 23
906 19
907 -34
908 78
909 29
910 56
911 61
912 72
913 -40
914 49
915 -78
916 -44
917 -74
918 69
919 -64
920 -66
921 -68
922 42
923 -14
924 -5
925 -57
926 70
927 11
928 6
929 -7
930 -70
931 -41
932 -97
933 -76
934 12
935 74
936 71
937 -87
938 -98
939 32
940 -62
941 50
942 95
943 20
944 -44
945 89
946 -83
947 84
948 -64
949 18
950 28
951 -49
952 44
953 -88
954 -100
955 17
956 -24
957 42
958 -88
959 -91
960 76
961 24
962 -23
963 24
964 33
965 -52
966 15
967 0
968 40
969 66
970 -80
971 -30
972 28
973 -8
974 -41
975 63
976 80
977 41
978 -75
979 30
980 7
981 11
982 -76
983 -70
984 -99
985 43
986 -15
987 -19
988 -33
989 22
990 -69
991 50
992 39
993 -60
994 -32
995 97
996 81
997 -12
998 83
999 0
1000 -9
1001 -56
1002 87
1003 -94
1004 -31
1005 43
1006 11
1007 25
1008 -44
1009 1
1010 -61
1011 60
1012 19
1013 -68
1014 77
1015 -47
1016 -42
1017 -42
1018 -77
1019 -84
1020 3
1021 68
1022 -84
1023 72
