0 -6
1 -32
2 89
3 15
4 -55
5 86
6 -41
7 -50
8 -63
9 -84
10 25
11 31
12 -91
13 -26
14 -79
15 11
16 -42
17 -51
18 86
19 -57
20 -94
21 58
22 13
23 -6
24 19
25 -17
26 58
27 86
28 11
29 -72
30 -44
31 32
32 -83
33 -65
34 -32
35 87
36 5
37 -99
38 -96
39 59
40 -61
41 27
42 -12
43 41
44 18
45 -38
46 98
47 -7
48 -63
49 -53
50 20
51 -28
52 57
53 43
54 -78
55 -5
56 -89
57 21
58 76
59 -89
60 -75
61 15
62 -34
63 -46
64 95
65 7
66 71
67 21
68 -28
69 100
70 -96
71 -52
72 -20
73 61
74 -75
75 44
76 37
77 -42
78 -53
79 66
80 89
81 -88
82 70
83 -39
84 -17
85 -19
86 15
87 -29
88 -47
89 43
90 33
91 61
92 -9
93 -96
94 55
95 -32
96 45
97 -17
98 -60
99 -66
100 -2
101 -18
102 -50
103 -16
104 -75
105 14
106 -42
107 13
108 -39
109 -77
110 -72
111 83
112 96
113 -29
114 66
115 -93
116 51
117 15
118 -57
119 -36
120 -70
121 13
122 79
123 80
124 6
125 -76
126 99
127 -58
128 83
129 -38
130 46
131 18
132 -22
133 -60
134 30
135 -96
136 19
137 55
138 -7
139 -11
140 -47
141 -43
142 -16
143 -93
144 -80
145 -85
146 -92
147 -62
148 -5
149 -50
150 6
151 3
152 88
153 56
154 -83
155 48
156 -99
157 -18
158 70
159 42
160 86
161 31
162 19
163 74
164 -11
165 12
166 -98
167 -27
168 -84
169 67
170 86
171 -50
172 -34
173 90
174 69
175 87
176 28
177 49
178 -64
179 33
180 3
181 12
182 37
183 34
184 -6
185 -19
186 79
187 61
188 -80
189 0
190 -15
191 -4
192 -86
193 46
194 -46
195 -15
196 57
197 34
198 93
199 76
200 -31
201 26
202 67
203 57
204 88
205 -7
206 -19
207 49
208 82
209 -60
210 -93
211 -53
212 -16
213 95
214 -79
215 49
216 -33
217 -26
218 87
219 43
220 -4
221 34
222 -11
223 55
224 57
225 -60
226 20
227 69
228 -16
229 38
230 19
231 -42
232 -2
233 75
234 -72
235 -15
236 76
237 -58
238 2
239 -53
240 54
241 -9
242 -9
243 -37
244 -94
245 -69
246 77
247 -17
248 -68
249 2
250 -20
251 -50
252 12
253 9
254 18
255 21
256 -76
257 92
258 -36
259 4
260 82
261 78
262 -67
263 88
264 -76
265 -76
266 -51
267 4
268 -48
269 -21
270 1
271 -27
272 -81
273 55
274 -28
275 69
276 47
277 -31
278 60
279 -4
280 -44
281 50
282 -3
283 -22
284 -2
285 -65
286 -48
287 -33
288 0
289 27
290 19
291 -69
292 30
293 77
294 -99
295 -99
296 -56
297 -100
298 -45
299 6
300 72
301 66
302 96
303 0
304 -47
305 -67
306 58
307 32
308 42
309 75
310 70
311 -70
312 75
313 13
314 10
315 -20
316 17
317 95
318 -88
319 19
320 -52
321 59
322 -19
323 -81
324 -87
325 74
326 -20
327 -30
328 -38
329 97
330 -23
331 26
332 2
333 69
334 87
335 -77
336 9
337 36
338 7
339 77
340 96
341 -2
342 -67
343 98
344 -29
345 -36
346 -93
347 -7
348 -1
349 31
350 33
351 -75
352 53
353 73
354 -85
355 -69
356 -16
357 -86
358 -87
359 65
360 -4
361 13
362 -77
363 -81
364 -67
365 42
366 29
367 -40
368 -22
369 -59
370 -8
371 56
372 67
373 72
374 87
375 -56
376 71
377 -56
378 -32
379 4
380 -29
381 6
382 -19
383 75
384 59
385 -10
386 18
387 53
388 -17
389 -74
390 35
391 92
392 -80
393 -55
394 82
395 63
396 -73
397 -21
398 -54
399 -15
400 -34
401 -38
402 26
403 -38
404 -65
405 -80
406 52
407 -67
408 -91
409 33
410 -91
411 -57
412 80
413 -80
414 36
415 -79
416 -18
417 -52
418 86
419 14
420 65
421 -46
422 5
423 14
424 17
425 62
426 -5
427 -71
428 54
429 83
430 24
431 31
432 -33
433 -73
434 7
435 -44
436 -85
437 63
438 93
439 -8
440 -32
441 10
442 -67
443 -94
444 -87
445 -64
446 14
447 68
448 -4
449 -57
450 -56
451 -67
452 24
453 54
454 -86
455 75
456 -4
457 25
458 5
459 87
460 -4
461 -39
462 -1
463 58
464 -69
465 85
466 14
467 15
468 0
469 -49
470 -60
471 28
472 31
473 -88
474 -69
475 0
476 62
477 50
478 19
479 -51
480 53
481 -14
482 -74
483 -16
484 92
485 6
486 73
487 55
488 65
489 -63
490 57
491 -34
492 82
493 -17
494 -73
495 46
496 -3
497 31
498 48
499 75
500 78
501 -37
502 -43
503 68
504 -45
505 -67
506 -56
507 42
508 92
509 66
510 9
511 -47
512 44
513 81
514 -74
515 -6
516 -24
517 -44
518 42
519 61
520 -56
521 -10
522 45
523 81
524 0
525 88
526 -100
527 86
528 -85
529 -37
530 -92
531 -42
532 93
533 85
534 81
535 28
536 -62
537 59
538 -95
539 -92
540 -17
541 34
542 -18
543 -33
544 -56
545 -58
546 88
547 -68
548 30
549 -59
550 -88
551 -86
552 -69
553 -89
554 0
555 -49
556 -95
557 -73
558 -36
559 -8
560 -46
561 82
562 -63
563 79
564 -31
565 -49
566 60
567 45
568 -32
569 -18
570 -35
571 74
572 87
573 50
574 -76
575 84
576 -76
577 30
578 -43
579 -49
580 17
581 -95
582 75
583 7
584 -14
585 65
586 12
587 30
588 15
589 35
590 14
591 -73
592 -36
593 56
594 71
595 -14
596 -84
597 -8
598 -50
599 -13
600 25
601 39
602 50
603 81
604 47
605 -25
606 3
607 20
608 -95
609 98
610 -43
611 -42
612 39
613 -13
614 10
615 -80
616 10
617 91
618 -56
619 96
620 -44
621 -11
622 20
623 43
624 -20
625 16
626 25
627 -100
628 -38
629 -93
630 -72
631 -61
632 70
633 -87
634 53
635 100
636 -93
637 50
638 61
639 -79
640 -77
641 74
642 -5
643 -75
644 64
645 82
646 87
647 -55
648 18
649 -1
650 -8
651 66
652 -28
653 99
654 -49
655 74
656 -46
657 -9
658 26
659 98
660 49
661 59
662 72
663 -93
664 -90
665 79
666 86
667 45
668 -97
669 53
670 1
671 0
672 27
673 -87
674 -29
675 35
676 21
677 69
678 -68
679 17
680 -84
681 -64
682 -76
683 -82
684 47
685 68
686 -43
687 -54
688 76
689 31
690 31
691 11
692 55
693 -61
694 25
695 -48
696 84
697 -68
698 14
699 85
700 -23
701 29
702 -29
703 -85
704 -50
705 -44
706 -4
707 -69
708 -100
709 14
710 33
711 -37
712 -28
713 -25
714 -51
715 60
716 28
717 -27
718 69
719 13
720 -72
721 12
722 14
723 -60
724 1
725 -58
726 13
727 31
728 -22
729 22
730 -65
731 -4
732 -35
733 48
734 97
735 25
736 33
737 -80
738 -82
739 -87
740 15
741 100
742 -21
743 57
744 -2
745 41
746 77
747 68
748 -44
749 -94
750 -31
751 -31
752 66
753 76
754 90
755 23
756 38
757 60
758 33
759 -24
760 21
761 61
762 61
763 99
764 23
765 64
766 -64
767 -40
768 -7
769 -79
770 94
771 -20
772 -64
773 -38
774 -69
775 83
776 35
777 -37
778 78
779 -7
780 69
781 -20
782 13
783 37
784 6
785 85
786 36
787 66
788 46
789 32
790 -66
791 3
792 -35
793 -100
794 -86
795 -96
796 -51
797 70
798 -47
799 -30
800 -63
801 96
802 -12
803 65
804 63
805 -39
806 49
807 -88
808 -50
809 7
810 -98
811 -24
812 81
813 -26
814 82
815 -82
816 19
817 -87
818 22
819 -22
820 7
821 63
822 -29
823 -83
824 -8
825 -4
826 1
827 -88
828 1
829 15
830 -8
831 39
832 41
833 -1
834 -94
835 -14
836 -55
837 -26
838 72
839 -35
840 -75
841 57
842 100
843 23
844 -96
845 -96
846 -22
847 29
848 -17
849 69
850 -52
851 -79
852 18
853 65
854 -82
855 -61
856 -39
857 -4
858 90
859 -53
860 -19
861 -50
862 8
863 45
864 5
865 -93
866 85
867 -12
868 -22
869 90
870 -37
871 -2
872 59
873 65
874 -99
875 -3
876 -45
877 -38
878 1
879 -59
880 -39
881 -65
882 -21
883 11
884 -30
885 44
886 48
887 -55
888 -83
889 -58
890 86
891 -89
892 31
893 81
894 -66
895 -46
896 52
897 27
898 28
899 -33
900 -59
901 -52
902 -48
903 100
904 39
905 6
906 70
907 4
908 68
909 -32
910 31
911 37
912 67
913 58
914 -7
915 22
916 96
917 7
918 -41
919 75
920 -97
921 -96
922 57
923 21
924 -70
925 97
926 -36
927 8
928 56
929 36
930 72
931 -56
932 -67
933 -51
934 -49
935 56
936 -50
937 -88
938 36
939 -15
940 -87
941 -99
942 -64
943 -44
944 -49
945 90
946 44
947 38
948 66
949 15
950 -15
951 41
952 17
953 -66
954 -22
955 1
956 -29
957 -28
958 34
959 54
960 -10
961 -59
962 66
963 35
964 25
965 -12
966 74
967 -2
968 31
969 83
970 85
971 8
972 74
973 -48
974 71
975 16
976 37
977 -52
978 -86
979 73
980 55
981 25
982 -26
983 36
984 -77
985 34
986 1
987 8
988 78
989 -51
990 11
991 -48
992 -55
993 -93
994 -75
995 13
996 -13
997 58
998 -52
999 -20
1000 -51
1001 13
1002 14
1003 35
1004 97
1005 41
1006 -99
1007 -77
1008 -80
1009 14
1010 -41
1011 -17
1012 100
1013 82
1014 -3
1015 98
1016 -90
1017 50
1018 -65
1019 -61
1020 -5
1021 -50
1022 -15
1023 72
