0 65
1 -67
2 -43
3 72
4 -23
5 51
6 5
7 36
8 47
9 46
10 -64
11 -33
12 42
13 -46
14 -100
15 69
16 100
17 82
18 19
19 43
20 -49
21 27
22 65
23 -57
24 -27
25 -63
26 -36
27 -68
28 -27
29 68
30 8
31 -28
32 -64
33 -28
34 -14
35 -41
36 38
37 57
38 27
39 -25
40 87
41 -42
42 76
43 -56
44 15
45 -10
46 -36
47 -10
48 -29
49 93
50 -34
51 -79
52 27
53 -32
54 68
55 -23
56 64
57 -75
58 -67
59 -32
60 -56
61 50
62 -100
63 31
64 18
65 -14
66 1
67 88
68 77
69 56
70 -71
71 -61
72 7
73 -55
74 -43
75 -66
76 -93
77 77
78 -30
79 -91
80 -57
81 2
82 -29
83 -19
84 -38
85 66
86 -74
87 55
88 38
89 24
90 92
91 -58
92 -19
93 32
94 55
95 31
96 -9
97 71
98 33
99 -65
100 -94
101 2
102 -34
103 25
104 -93
105 -93
106 1
107 -50
108 -19
109 89
110 -3
111 53
112 -8
113 -98
114 50
115 -94
116 -10
117 -57
118 -39
119 -22
120 89
121 37
122 -48
123 -87
124 -18
125 26
126 -17
127 -49
