0 -40
1 23
2 83
3 -83
4 100
5 31
6 86
7 11
8 -12
9 -28
10 -58
11 -77
12 91
13 -53
14 -62
15 -89
16 -80
17 -21
18 -85
19 24
20 -6
21 -54
22 91
23 13
24 -78
25 37
26 68
27 -20
28 -55
29 -36
30 -62
31 -73
32 75
33 39
34 -48
35 49
36 96
37 35
38 -8
39 -14
40 -3
41 -78
42 -19
43 -65
44 42
45 57
46 16
47 -81
48 -48
49 58
50 50
51 99
52 11
53 -74
54 61
55 62
56 28
57 -60
58 -4
59 -88
60 47
61 -99
62 -68
63 -36
64 -56
65 -24
66 -16
67 -95
68 80
69 38
70 -51
71 96
72 3
73 74
74 -50
75 -41
76 -35
77 81
78 -51
79 -91
80 -99
81 -18
82 54
83 -47
84 58
85 -13
86 -26
87 -15
88 -58
89 -38
90 -3
91 13
92 93
93 -86
94 90
95 -72
96 42
97 -91
98 87
99 91
100 -26
101 -58
102 -54
103 -5
104 64
105 -62
106 17
107 95
108 98
109 38
110 20
111 31
112 -1
113 -92
114 -90
115 0
116 54
117 37
118 -47
119 -99
120 -47
121 -4
122 -71
123 -27
124 94
125 70
126 96
127 24
