0 -25
1 -51
2 78
3 -66
4 22
5 -54
6 -16
7 25
8 98
9 3
10 -92
11 8
12 13
13 -96
14 92
15 97
16 74
17 54
18 -72
19 -44
20 94
21 -33
22 46
23 -36
24 -49
25 12
26 -38
27 79
28 73
29 -14
30 -67
31 -99
32 53
33 97
34 7
35 -92
36 -30
37 18
38 -14
39 -32
40 64
41 -33
42 68
43 -96
44 -95
45 56
46 60
47 -6
48 41
49 99
50 52
51 -75
52 -57
53 8
54 83
55 91
56 -1
57 -63
58 59
59 -58
60 66
61 -83
62 -4
63 12
64 2
65 51
66 -55
67 30
68 -5
69 23
70 -4
71 70
72 55
73 33
74 -60
75 -52
76 -56
77 84
78 -31
79 -99
80 -55
81 48
82 -82
83 12
84 -74
85 95
86 93
87 61
88 55
89 -40
90 -99
91 -76
92 -25
93 33
94 0
95 -92
96 75
97 -80
98 -26
99 44
100 5
101 -94
102 -19
103 5
104 94
105 76
106 40
107 -77
108 82
109 5
110 68
111 -9
112 -53
113 -93
114 30
115 19
116 -8
117 -11
118 61
119 -48
120 -54
121 7
122 -17
123 -46
124 -85
125 -23
126 -58
127 -71
