0 -16
1 -73
2 -88
3 94
4 20
5 35
6 64
7 41
8 2
9 -78
10 -18
11 56
12 1
13 -6
14 -73
15 -17
16 -3
17 -33
18 65
19 -66
20 -2
21 7
22 -61
23 93
24 -6
25 -24
26 -87
27 67
28 72
29 61
30 -52
31 11
32 82
33 73
34 24
35 40
36 45
37 72
38 65
39 -83
40 93
41 1
42 23
43 71
44 60
45 -79
46 -35
47 -74
48 94
49 80
50 91
51 -30
52 69
53 68
54 74
55 88
56 -78
57 76
58 97
59 84
60 -74
61 -27
62 -83
63 -74
64 -24
65 -27
66 83
67 61
68 22
69 94
70 8
71 56
72 73
73 -91
74 6
75 73
76 45
77 39
78 -36
79 14
80 79
81 -81
82 -37
83 -62
84 -12
85 42
86 -17
87 80
88 -69
89 93
90 -13
91 -11
92 18
93 -42
94 70
95 47
96 55
97 52
98 -52
99 72
100 83
101 32
102 -6
103 71
104 10
105 52
106 51
107 -82
108 -95
109 72
110 5
111 20
112 91
113 -4
114 46
115 72
116 36
117 80
118 -14
119 -86
120 65
121 78
122 -56
123 79
124 -64
125 -87
126 -6
127 -39
