0 -29
1 45
2 94
3 -24
4 -54
5 14
6 12
7 36
8 -12
9 -22
10 -22
11 89
12 66
13 -94
14 -72
15 14
16 85
17 71
18 42
19 -32
20 54
21 -70
22 80
23 84
24 -27
25 -41
26 54
27 40
28 2
29 -23
30 -28
31 62
32 -10
33 -27
34 -36
35 -23
36 -86
37 74
38 0
39 21
40 -99
41 81
42 97
43 -8
44 -11
45 -94
46 27
47 -47
48 -34
49 -2
50 37
51 0
52 43
53 54
54 -51
55 50
56 6
57 61
58 -63
59 46
60 -5
61 88
62 45
63 100
64 47
65 11
66 -53
67 43
68 -6
69 -9
70 1
71 -60
72 -66
73 -43
74 -50
75 -59
76 21
77 10
78 -36
79 88
80 -49
81 -66
82 -100
83 56
84 47
85 11
86 72
87 -26
88 -4
89 -93
90 -4
91 -78
92 9
93 98
94 -79
95 94
96 57
97 43
98 -37
99 16
100 34
101 93
102 -86
103 -97
104 92
105 93
106 37
107 -43
108 1
109 -18
110 -54
111 -90
112 -5
113 48
114 46
115 -95
116 99
117 -1
118 -10
119 32
120 -54
121 49
122 -11
123 -17
124 -27
125 -35
126 89
127 38
