0 -7
1 87
2 0
3 49
4 20
5 -15
6 3
7 98
8 78
9 78
10 99
11 -37
12 -89
13 -42
14 36
15 99
16 77
17 66
18 70
19 31
20 -90
21 -73
22 89
23 -26
24 -60
25 81
26 -64
27 -91
28 -31
29 46
30 -70
31 -54
32 -45
33 -83
34 53
35 -38
36 32
37 -32
38 -22
39 47
40 30
41 -74
42 -92
43 -14
44 71
45 -80
46 -27
47 57
48 -44
49 -52
50 -66
51 26
52 -53
53 -52
54 8
55 -80
56 -89
57 94
58 84
59 14
60 53
61 -63
62 -60
63 -95
64 14
65 -39
66 66
67 55
68 39
69 69
70 0
71 -47
72 -46
73 70
74 69
75 -22
76 -95
77 34
78 63
79 -12
80 33
81 -69
82 60
83 56
84 97
85 -83
86 -94
87 -75
88 9
89 -57
90 46
91 -58
92 6
93 -54
94 20
95 100
96 87
97 -54
98 -33
99 -74
100 -3
101 -81
102 38
103 -44
104 -56
105 28
106 49
107 44
108 -60
109 7
110 71
111 -9
112 -20
113 76
114 -14
115 21
116 39
117 13
118 -17
119 68
120 35
121 1
122 83
123 33
124 -91
125 3
126 -15
127 38
