0 65
1 -21
2 -98
3 -61
4 -38
5 -100
6 44
7 -13
8 -27
9 51
10 -43
11 -5
12 3
13 -35
14 -42
15 85
16 81
17 -50
18 62
19 -74
20 -58
21 -55
22 53
23 13
24 -37
25 16
26 54
27 -100
28 95
29 46
30 16
31 33
32 -15
33 32
34 50
35 -41
36 -32
37 -11
38 2
39 14
40 -15
41 32
42 -19
43 -70
44 18
45 78
46 -35
47 23
48 18
49 48
50 -100
51 -97
52 -3
53 -90
54 -22
55 -100
56 -85
57 47
58 -7
59 -75
60 0
61 -52
62 -31
63 89
64 -99
65 -20
66 -5
67 91
68 -19
69 -85
70 -95
71 76
72 -37
73 27
74 97
75 86
76 14
77 96
78 -94
79 -9
80 72
81 12
82 -99
83 -98
84 48
85 43
86 55
87 -15
88 100
89 77
90 -90
91 74
92 92
93 43
94 0
95 -63
96 -53
97 -45
98 -91
99 52
100 -42
101 36
102 70
103 35
104 29
105 -15
106 47
107 100
108 38
109 26
110 -28
111 73
112 45
113 32
114 46
115 9
116 -14
117 44
118 39
119 99
120 23
121 -10
122 -65
123 81
124 35
125 -21
126 32
127 60
