0 -82
1 -38
2 -13
3 -19
4 -47
5 59
6 93
7 -27
8 45
9 86
10 -35
11 -39
12 59
13 20
14 -68
15 31
16 22
17 -69
18 20
19 -52
20 -30
21 -35
22 -80
23 -61
24 83
25 97
26 -77
27 75
28 -9
29 93
30 -37
31 48
32 -75
33 -51
34 -39
35 45
36 -66
37 41
38 -24
39 -84
40 -89
41 -38
42 -88
43 29
44 -12
45 71
46 -78
47 88
48 4
49 -68
50 -9
51 18
52 -100
53 -25
54 65
55 -4
56 8
57 -92
58 13
59 57
60 44
61 39
62 7
63 93
64 26
65 81
66 -35
67 44
68 64
69 -56
70 77
71 35
72 -32
73 61
74 -81
75 50
76 59
77 92
78 13
79 70
80 -76
81 -54
82 -39
83 -64
84 -81
85 -46
86 -45
87 0
88 72
89 76
90 -86
91 -96
92 55
93 32
94 98
95 9
96 -8
97 -85
98 72
99 -15
100 -42
101 -44
102 -61
103 -35
104 11
105 -95
106 -59
107 11
108 48
109 85
110 53
111 -90
112 -24
113 65
114 -40
115 -83
116 -48
117 -74
118 44
119 47
120 11
121 70
122 -50
123 -28
124 -56
125 45
126 8
127 33
128 -74
129 -68
130 49
131 50
132 -15
133 -14
134 98
135 -98
136 -91
137 46
138 17
139 30
140 66
141 64
142 -38
143 -85
144 52
145 39
146 88
147 64
148 -43
149 -46
150 -86
151 48
152 4
153 26
154 45
155 -65
156 -25
157 67
158 8
159 -20
160 51
161 25
162 100
163 24
164 77
165 8
166 92
167 28
168 -77
169 -68
170 78
171 17
172 18
173 -50
174 12
175 17
176 -94
177 -49
178 51
179 -5
180 32
181 -43
182 78
183 41
184 86
185 91
186 70
187 -6
188 70
189 -47
190 3
191 62
192 -77
193 1
194 -98
195 -100
196 19
197 42
198 6
199 -82
200 -96
201 -59
202 -43
203 -88
204 6
205 -95
206 -66
207 48
208 97
209 -21
210 21
211 22
212 77
213 -99
214 -88
215 -6
216 92
217 -9
218 32
219 -15
220 51
221 -87
222 -98
223 68
224 -62
225 29
226 -36
227 -67
228 95
229 59
230 44
231 7
232 87
233 -91
234 23
235 23
236 40
237 18
238 -88
239 14
240 86
241 53
242 -64
243 -85
244 -98
245 -12
246 31
247 -31
248 -44
249 -43
250 35
251 62
252 -67
253 -8
254 67
255 -10
