0 30
1 -63
2 -5
3 73
4 -70
5 -95
6 -1
7 -77
8 -43
9 -20
10 50
11 -60
12 57
13 55
14 80
15 -82
16 6
17 100
18 -44
19 -8
20 -71
21 -30
22 75
23 -67
24 -36
25 21
26 -38
27 -37
28 -58
29 94
30 44
31 -58
32 27
33 -54
34 -100
35 -29
36 -40
37 -74
38 -32
39 -53
40 85
41 67
42 -50
43 -76
44 8
45 38
46 -1
47 41
48 53
49 28
50 61
51 99
52 -36
53 -95
54 27
55 -63
56 44
57 59
58 97
59 -60
60 -45
61 -97
62 -3
63 -51
64 90
65 -67
66 74
67 90
68 -73
69 16
70 -93
71 -15
72 -18
73 5
74 -84
75 13
76 38
77 99
78 -9
79 -98
80 -83
81 -14
82 74
83 -81
84 44
85 30
86 -82
87 -91
88 -62
89 -68
90 27
91 100
92 33
93 18
94 -86
95 31
96 19
97 29
98 60
99 -86
100 -12
101 -6
102 -52
103 -24
104 -35
105 -55
106 35
107 -100
108 -58
109 -24
110 -29
111 94
112 -42
113 99
114 52
115 -71
116 -23
117 91
118 44
119 34
120 -19
121 -3
122 -57
123 -95
124 93
125 -71
126 -49
127 -89
128 -86
129 82
130 12
131 -90
132 56
133 36
134 -60
135 -67
136 59
137 -44
138 56
139 72
140 10
141 -86
142 91
143 -12
144 24
145 44
146 14
147 -42
148 -48
149 -63
150 29
151 38
152 82
153 7
154 40
155 -56
156 -71
157 36
158 -53
159 -83
160 -42
161 -37
162 81
163 -88
164 56
165 77
166 81
167 26
168 48
169 -66
170 -18
171 -60
172 -28
173 17
174 89
175 61
176 -17
177 -42
178 62
179 14
180 2
181 35
182 -59
183 18
184 -65
185 21
186 -31
187 -74
188 49
189 67
190 96
191 47
192 -8
193 25
194 -63
195 46
196 -3
197 33
198 -86
199 -89
200 -10
201 65
202 -1
203 -93
204 35
205 80
206 70
207 -65
208 -41
209 20
210 6
211 -61
212 84
213 81
214 -28
215 97
216 -65
217 -25
218 -17
219 9
220 73
221 5
222 -79
223 92
224 -12
225 -64
226 -16
227 69
228 9
229 -34
230 24
231 14
232 -21
233 -94
234 -58
235 85
236 -66
237 59
238 89
239 -46
240 94
241 92
242 -20
243 -30
244 -39
245 -31
246 -17
247 26
248 -91
249 81
250 33
251 -68
252 71
253 -57
254 24
255 -63
