0 9
1 15
2 47
3 -31
4 75
5 35
6 58
7 -70
8 69
9 59
10 50
11 -9
12 97
13 53
14 -38
15 53
16 -96
17 -67
18 -99
19 -73
20 66
21 -18
22 31
23 2
24 -42
25 30
26 -1
27 75
28 -6
29 -87
30 33
31 79
32 -99
33 -1
34 69
35 -39
36 99
37 -65
38 -44
39 -68
40 16
41 -26
42 -40
43 -80
44 57
45 88
46 -63
47 -56
48 -17
49 -51
50 37
51 -14
52 -20
53 -88
54 61
55 -34
56 6
57 -60
58 -11
59 -33
60 21
61 -99
62 79
63 39
64 91
65 -30
66 55
67 -58
68 -57
69 -33
70 35
71 -41
72 -84
73 82
74 56
75 49
76 -13
77 15
78 91
79 51
80 -63
81 42
82 14
83 1
84 -2
85 -28
86 32
87 -54
88 -53
89 86
90 43
91 -94
92 -70
93 -35
94 29
95 89
96 -78
97 60
98 -20
99 13
100 -39
101 -77
102 -95
103 18
104 62
105 18
106 -36
107 -79
108 99
109 -23
110 -13
111 -9
112 -17
113 8
114 12
115 -56
116 -30
117 70
118 83
119 46
120 -59
121 -30
122 73
123 -65
124 -62
125 8
126 14
127 27
128 -97
129 13
130 -8
131 -76
132 41
133 78
134 76
135 20
136 58
137 76
138 -13
139 -23
140 -80
141 -29
142 22
143 -58
144 6
145 -2
146 -59
147 -38
148 40
149 21
150 25
151 -73
152 -23
153 29
154 -95
155 93
156 1
157 -97
158 -3
159 -68
160 -65
161 38
162 94
163 49
164 -21
165 -32
166 24
167 24
168 -26
169 -35
170 -35
171 -68
172 -57
173 -75
174 49
175 65
176 87
177 4
178 -1
179 33
180 -54
181 46
182 80
183 74
184 63
185 -66
186 -83
187 -84
188 97
189 -79
190 -80
191 -64
192 -2
193 23
194 -89
195 32
196 -42
197 1
198 -65
199 -12
200 -22
201 79
202 -99
203 -40
204 -57
205 -39
206 28
207 63
208 -41
209 -53
210 25
211 -50
212 -79
213 -25
214 -56
215 100
216 17
217 -91
218 1
219 8
220 -54
221 56
222 -92
223 100
224 38
225 24
226 -21
227 58
228 73
229 -94
230 -3
231 9
232 -30
233 -84
234 68
235 -20
236 79
237 13
238 23
239 50
240 62
241 -70
242 27
243 48
244 -30
245 99
246 -78
247 -40
248 -52
249 -25
250 -25
251 -48
252 39
253 65
254 -58
255 14
