0 -11
1 42
2 22
3 -77
4 77
5 16
6 10
7 -41
8 2
9 -45
10 21
11 33
12 27
13 -89
14 85
15 34
16 -77
17 -67
18 -10
19 -50
20 34
21 -67
22 -79
23 -20
24 97
25 80
26 8
27 -85
28 -28
29 -19
30 33
31 27
32 -75
33 40
34 -47
35 13
36 84
37 -59
38 27
39 -44
40 -26
41 -89
42 45
43 55
44 -84
45 -77
46 -7
47 69
48 62
49 77
50 66
51 87
52 19
53 27
54 -74
55 -38
56 -17
57 53
58 -49
59 -97
60 -64
61 -27
62 -38
63 -42
64 -70
65 -21
66 -11
67 -49
68 96
69 26
70 -78
71 -33
72 -47
73 -75
74 65
75 -85
76 49
77 -98
78 55
79 66
80 40
81 69
82 41
83 -61
84 47
85 90
86 5
87 -88
88 85
89 -35
90 22
91 90
92 80
93 -55
94 42
95 54
96 39
97 11
98 -27
99 60
100 -24
101 -73
102 45
103 28
104 73
105 81
106 -78
107 -33
108 15
109 87
110 -95
111 80
112 7
113 -11
114 -67
115 -85
116 38
117 -12
118 31
119 -33
120 20
121 -82
122 -32
123 -27
124 -15
125 25
126 2
127 -91
128 27
129 -12
130 14
131 -79
132 -34
133 -2
134 39
135 16
136 -34
137 -32
138 -2
139 66
140 82
141 69
142 24
143 56
144 64
145 56
146 -51
147 -38
148 -65
149 37
150 -8
151 -79
152 60
153 -83
154 -80
155 70
156 26
157 -41
158 14
159 -22
160 -19
161 91
162 -92
163 -88
164 -75
165 -81
166 -52
167 -34
168 -41
169 -22
170 -9
171 -68
172 52
173 3
174 -36
175 -21
176 37
177 67
178 -19
179 28
180 -51
181 18
182 -88
183 29
184 84
185 -68
186 -50
187 -49
188 9
189 77
190 40
191 -61
192 -15
193 -40
194 60
195 30
196 -73
197 46
198 35
199 -66
200 -85
201 25
202 -21
203 87
204 18
205 -98
206 -95
207 -29
208 -6
209 -33
210 88
211 -20
212 59
213 67
214 -25
215 34
216 -55
217 -31
218 79
219 43
220 25
221 -13
222 78
223 -50
224 -66
225 18
226 91
227 73
228 25
229 -93
230 34
231 17
232 -95
233 89
234 83
235 74
236 -58
237 38
238 75
239 36
240 21
241 66
242 47
243 82
244 11
245 83
246 -35
247 -19
248 -38
249 -34
250 82
251 -36
252 -45
253 -52
254 -63
255 25
