0 -44
1 51
2 -65
3 -34
4 0
5 29
6 -9
7 -3
8 -3
9 -34
10 12
11 48
12 98
13 70
14 34
15 39
16 -72
17 -11
18 93
19 47
20 -69
21 -60
22 -14
23 95
24 43
25 -64
26 -68
27 -24
28 -74
29 20
30 25
31 32
32 -66
33 43
34 -49
35 -44
36 95
37 -47
38 13
39 -46
40 93
41 -15
42 77
43 93
44 56
45 67
46 -15
47 8
48 99
49 86
50 -93
51 -52
52 11
53 9
54 -21
55 -41
56 53
57 4
58 -27
59 15
60 5
61 -91
62 -50
63 -62
64 83
65 90
66 21
67 0
68 47
69 -15
70 -37
71 94
72 64
73 87
74 82
75 -83
76 34
77 17
78 -76
79 -35
80 -59
81 -77
82 -100
83 67
84 -17
85 -41
86 -22
87 98
88 -19
89 90
90 -78
91 2
92 58
93 -9
94 68
95 -85
96 45
97 61
98 25
99 88
100 79
101 79
102 63
103 -93
104 12
105 -52
106 74
107 44
108 84
109 3
110 42
111 -95
112 9
113 -40
114 94
115 53
116 -59
117 65
118 76
119 -23
120 -97
121 54
122 33
123 62
124 84
125 -30
126 82
127 56
128 -43
129 79
130 90
131 -82
132 17
133 49
134 3
135 74
136 -27
137 -2
138 18
139 -88
140 27
141 -77
142 -60
143 34
144 46
145 -77
146 -82
147 58
148 48
149 -11
150 73
151 65
152 -9
153 -55
154 31
155 -26
156 -93
157 -28
158 -1
159 -88
160 21
161 -61
162 4
163 72
164 -50
165 67
166 -1
167 -98
168 37
169 -29
170 -35
171 -1
172 55
173 92
174 61
175 73
176 -99
177 -49
178 -3
179 -91
180 11
181 27
182 93
183 -61
184 -17
185 -6
186 -42
187 82
188 -80
189 47
190 -47
191 -19
192 48
193 57
194 33
195 72
196 83
197 -70
198 -27
199 59
200 81
201 53
202 -49
203 -15
204 -49
205 87
206 48
207 -12
208 -50
209 -5
210 39
211 6
212 26
213 12
214 12
215 75
216 78
217 6
218 -70
219 78
220 -95
221 -62
222 44
223 89
224 -41
225 -80
226 -8
227 12
228 58
229 25
230 92
231 -22
232 -67
233 -60
234 18
235 -36
236 68
237 -37
238 -60
239 32
240 -15
241 36
242 -51
243 33
244 -36
245 84
246 48
247 -38
248 11
249 53
250 -96
251 33
252 -99
253 -10
254 -22
255 59
