0 -2
1 78
2 91
3 -32
4 -49
5 49
6 -57
7 -80
8 -84
9 -96
10 36
11 -19
12 -16
13 28
14 42
15 -37
16 38
17 9
18 29
19 58
20 -47
21 54
22 -48
23 47
24 65
25 -30
26 -91
27 -64
28 -24
29 38
30 -12
31 51
32 -67
33 26
34 18
35 -16
36 87
37 -46
38 92
39 -31
40 -20
41 -75
42 64
43 8
44 70
45 -39
46 26
47 -8
48 -61
49 92
50 7
51 26
52 10
53 62
54 -39
55 -43
56 67
57 -95
58 14
59 -67
60 78
61 32
62 -99
63 1
64 72
65 51
66 27
67 37
68 -93
69 85
70 53
71 -5
72 -14
73 32
74 61
75 75
76 88
77 89
78 -99
79 -20
80 -32
81 -17
82 69
83 -60
84 3
85 4
86 -65
87 18
88 17
89 -44
90 -11
91 -30
92 76
93 17
94 62
95 78
96 43
97 -52
98 -100
99 -69
100 76
101 46
102 24
103 40
104 8
105 -60
106 93
107 -79
108 -82
109 52
110 -90
111 60
112 -83
113 -62
114 -94
115 28
116 77
117 69
118 69
119 7
120 52
121 -54
122 -37
123 -58
124 -64
125 92
126 7
127 -54
128 43
129 -20
130 73
131 71
132 19
133 -76
134 68
135 77
136 -99
137 -68
138 26
139 -69
140 -55
141 73
142 42
143 40
144 89
145 5
146 -54
147 -78
148 -34
149 90
150 -54
151 99
152 26
153 81
154 -66
155 -9
156 -56
157 -81
158 -2
159 70
160 -33
161 -69
162 43
163 -74
164 99
165 95
166 23
167 11
168 89
169 -68
170 21
171 -83
172 88
173 62
174 -75
175 -27
176 45
177 27
178 -81
179 -32
180 -14
181 -23
182 63
183 9
184 -59
185 6
186 -13
187 42
188 -45
189 -72
190 22
191 -85
192 -2
193 13
194 -97
195 0
196 75
197 56
198 34
199 22
200 24
201 45
202 -28
203 6
204 -30
205 -100
206 57
207 73
208 -95
209 68
210 86
211 -75
212 36
213 64
214 -2
215 28
216 40
217 -14
218 1
219 73
220 -20
221 60
222 -30
223 76
224 67
225 0
226 -57
227 79
228 -62
229 64
230 -48
231 79
232 75
233 71
234 49
235 -71
236 64
237 85
238 35
239 -78
240 28
241 75
242 3
243 72
244 85
245 -92
246 68
247 -94
248 89
249 -28
250 69
251 -73
252 83
253 32
254 65
255 90
