0 -24
1 -79
2 -11
3 -74
4 56
5 -41
6 -55
7 -94
8 -71
9 7
10 67
11 31
12 73
13 -6
14 14
15 71
16 97
17 -15
18 -80
19 99
20 -98
21 -13
22 95
23 55
24 51
25 22
26 93
27 -84
28 -82
29 -31
30 -3
31 -31
32 5
33 6
34 -87
35 -28
36 60
37 -26
38 55
39 -16
40 -69
41 86
42 -12
43 79
44 28
45 -91
46 -32
47 -70
48 92
49 -28
50 -64
51 88
52 16
53 -24
54 34
55 72
56 66
57 50
58 72
59 -39
60 -55
61 72
62 59
63 2
64 -84
65 39
66 34
67 68
68 -75
69 62
70 6
71 -23
72 46
73 7
74 -39
75 81
76 -4
77 63
78 85
79 82
80 65
81 40
82 -74
83 -75
84 -17
85 -34
86 97
87 -26
88 -81
89 46
90 89
91 -28
92 -40
93 -70
94 47
95 48
96 -37
97 66
98 76
99 90
100 69
101 8
102 16
103 -85
104 -84
105 -21
106 -26
107 -86
108 93
109 -10
110 12
111 89
112 32
113 7
114 87
115 -31
116 99
117 -40
118 6
119 -20
120 -48
121 83
122 -93
123 89
124 38
125 19
126 45
127 -61
128 -52
129 -61
130 18
131 67
132 25
133 -46
134 -14
135 -53
136 60
137 74
138 88
139 96
140 75
141 -70
142 -38
143 57
144 81
145 -91
146 18
147 72
148 -74
149 -71
150 -59
151 -86
152 70
153 64
154 -10
155 32
156 -97
157 -87
158 11
159 -43
160 -79
161 42
162 76
163 -52
164 56
165 -27
166 -7
167 -71
168 -88
169 41
170 84
171 -74
172 53
173 83
174 -55
175 -100
176 -95
177 36
178 70
179 -93
180 -57
181 -78
182 87
183 -45
184 -78
185 36
186 -81
187 -57
188 -83
189 -98
190 58
191 58
192 49
193 -67
194 -59
195 3
196 99
197 53
198 -76
199 -44
200 42
201 86
202 97
203 92
204 -31
205 -62
206 52
207 -55
208 9
209 -61
210 -41
211 -47
212 -57
213 -77
214 76
215 49
216 -45
217 -29
218 37
219 31
220 -62
221 87
222 -34
223 38
224 33
225 49
226 46
227 34
228 -80
229 -66
230 -37
231 -30
232 -45
233 -15
234 -30
235 -2
236 0
237 43
238 -61
239 -99
240 -63
241 23
242 9
243 11
244 -18
245 66
246 -41
247 65
248 36
249 39
250 97
251 -66
252 -54
253 -92
254 -11
255 -6
