0 27
1 -75
2 -88
3 -97
4 -72
5 84
6 -43
7 -66
8 17
9 -56
10 -83
11 -38
12 84
13 91
14 10
15 34
16 -41
17 -12
18 89
19 -20
20 -17
21 -31
22 96
23 -21
24 -66
25 -47
26 2
27 -26
28 -95
29 92
30 -5
31 -27
32 17
33 64
34 -1
35 -69
36 92
37 46
38 -70
39 97
40 -20
41 33
42 69
43 -40
44 -33
45 87
46 -34
47 53
48 1
49 26
50 3
51 75
52 -76
53 -45
54 72
55 15
56 37
57 -72
58 -94
59 -18
60 6
61 86
62 64
63 -13
64 -52
65 -34
66 -15
67 75
68 -58
69 -61
70 18
71 13
72 -57
73 -37
74 47
75 -64
76 -36
77 -69
78 33
79 -85
80 23
81 87
82 -47
83 -78
84 -51
85 7
86 -94
87 -26
88 93
89 -97
90 23
91 -90
92 39
93 57
94 24
95 97
96 89
97 70
98 82
99 6
100 -47
101 -45
102 4
103 -99
104 40
105 59
106 -28
107 -42
108 61
109 82
110 48
111 52
112 -2
113 42
114 51
115 -73
116 -69
117 -18
118 86
119 -23
120 -65
121 56
122 -83
123 91
124 -36
125 -34
126 46
127 28
128 -3
129 -20
130 -39
131 55
132 64
133 -82
134 5
135 55
136 -49
137 53
138 69
139 91
140 96
141 57
142 -34
143 88
144 68
145 -53
146 -76
147 44
148 -83
149 62
150 66
151 -71
152 -60
153 68
154 -84
155 80
156 -73
157 -84
158 83
159 46
160 28
161 86
162 38
163 -66
164 -69
165 32
166 -97
167 -28
168 -93
169 -39
170 31
171 -53
172 -4
173 -89
174 -6
175 10
176 -87
177 10
178 -86
179 -37
180 71
181 21
182 57
183 82
184 43
185 73
186 83
187 -59
188 27
189 -69
190 95
191 26
192 82
193 -85
194 77
195 -57
196 94
197 33
198 10
199 49
200 -31
201 41
202 -76
203 40
204 -84
205 -10
206 98
207 -16
208 92
209 -58
210 1
211 72
212 36
213 31
214 -73
215 88
216 23
217 -87
218 16
219 95
220 41
221 -62
222 -56
223 -86
224 47
225 -30
226 53
227 89
228 64
229 -13
230 -71
231 5
232 29
233 -14
234 -77
235 -40
236 -30
237 29
238 -66
239 55
240 28
241 -85
242 43
243 -12
244 46
245 56
246 -5
247 93
248 97
249 93
250 -13
251 51
252 -78
253 27
254 -4
255 69
