0 86
1 12
2 14
3 30
4 83
5 64
6 -5
7 66
8 93
9 19
10 30
11 -4
12 99
13 -83
14 23
15 -100
16 -38
17 74
18 -98
19 63
20 74
21 -33
22 46
23 -28
24 -45
25 93
26 -44
27 69
28 81
29 -42
30 96
31 69
32 36
33 11
34 -82
35 57
36 84
37 -21
38 -38
39 99
40 -28
41 56
42 39
43 42
44 -66
45 -36
46 69
47 2
48 -78
49 -19
50 -3
51 81
52 -84
53 -81
54 -5
55 -63
56 -25
57 -36
58 -15
59 53
60 -1
61 54
62 -80
63 38
64 46
65 32
66 63
67 3
68 -88
69 20
70 -43
71 -83
72 83
73 -38
74 29
75 73
76 -83
77 -61
78 1
79 -28
80 75
81 85
82 -66
83 -99
84 54
85 58
86 -28
87 77
88 61
89 16
90 -25
91 -6
92 -98
93 -50
94 60
95 -14
96 -23
97 -78
98 -79
99 -56
100 82
101 -66
102 29
103 36
104 -57
105 63
106 43
107 81
108 -36
109 -63
110 46
111 -39
112 -90
113 57
114 99
115 44
116 84
117 -59
118 -36
119 -87
120 -86
121 58
122 2
123 -41
124 99
125 98
126 55
127 94
128 -58
129 2
130 3
131 55
132 -93
133 18
134 63
135 -91
136 -53
137 -27
138 32
139 25
140 53
141 -65
142 -31
143 2
144 -66
145 31
146 68
147 92
148 90
149 -6
150 -90
151 -6
152 13
153 -42
154 -9
155 88
156 33
157 -81
158 -32
159 -78
160 -25
161 -63
162 -58
163 -8
164 95
165 31
166 83
167 62
168 -40
169 81
170 -73
171 63
172 -47
173 68
174 81
175 -91
176 55
177 -57
178 -17
179 31
180 -51
181 2
182 -82
183 -3
184 -65
185 -26
186 -39
187 -1
188 79
189 -82
190 -21
191 -56
192 -72
193 85
194 -15
195 73
196 -89
197 88
198 -16
199 47
200 36
201 10
202 33
203 -93
204 -78
205 42
206 -74
207 45
208 45
209 46
210 -26
211 56
212 -89
213 19
214 20
215 98
216 87
217 -8
218 68
219 -87
220 -19
221 82
222 25
223 43
224 -35
225 73
226 50
227 -11
228 -24
229 45
230 50
231 32
232 -35
233 31
234 23
235 -73
236 4
237 -15
238 -30
239 89
240 -76
241 5
242 81
243 -12
244 32
245 2
246 -69
247 -33
248 -52
249 -33
250 17
251 -78
252 82
253 -51
254 -14
255 -64
