0 -34
1 14
2 -34
3 72
4 26
5 -1
6 87
7 17
8 95
9 -22
10 9
11 -27
12 19
13 -46
14 25
15 -22
16 44
17 -23
18 15
19 13
20 -33
21 -52
22 61
23 -45
24 -35
25 94
26 37
27 59
28 37
29 -57
30 -44
31 69
32 39
33 -95
34 92
35 64
36 -49
37 32
38 25
39 44
40 -62
41 100
42 4
43 -51
44 -24
45 74
46 99
47 87
48 60
49 1
50 -55
51 41
52 -18
53 -37
54 -60
55 -49
56 -50
57 13
58 -59
59 46
60 38
61 -26
62 -9
63 38
64 -91
65 42
66 19
67 -47
68 74
69 86
70 -15
71 -76
72 60
73 -15
74 -74
75 -78
76 76
77 -67
78 90
79 -33
80 79
81 -83
82 -71
83 -88
84 14
85 29
86 -79
87 33
88 49
89 85
90 -49
91 11
92 -15
93 67
94 69
95 -39
96 88
97 15
98 -55
99 -73
100 -94
101 19
102 -36
103 -47
104 -28
105 62
106 -57
107 -3
108 -42
109 -10
110 11
111 -51
112 -94
113 47
114 -27
115 -14
116 -9
117 3
118 -15
119 -47
120 21
121 12
122 55
123 -64
124 46
125 -92
126 48
127 -51
128 75
129 -64
130 -1
131 10
132 58
133 75
134 -88
135 -32
136 -30
137 -9
138 58
139 -94
140 -7
141 -23
142 17
143 -10
144 73
145 -77
146 -14
147 3
148 29
149 -4
150 30
151 -36
152 97
153 37
154 72
155 -28
156 0
157 71
158 57
159 19
160 -82
161 -64
162 92
163 -75
164 -99
165 76
166 -97
167 93
168 -55
169 67
170 84
171 -29
172 -9
173 62
174 -22
175 -53
176 16
177 68
178 -67
179 -43
180 84
181 23
182 98
183 28
184 99
185 38
186 -95
187 14
188 -58
189 -92
190 -27
191 -40
192 66
193 -89
194 29
195 -56
196 39
197 -95
198 -1
199 69
200 22
201 -37
202 54
203 -96
204 36
205 -41
206 -92
207 35
208 -42
209 25
210 -4
211 75
212 77
213 69
214 -91
215 72
216 -76
217 -58
218 88
219 64
220 -40
221 -76
222 -82
223 -43
224 41
225 77
226 37
227 -23
228 39
229 56
230 44
231 89
232 -24
233 -31
234 -82
235 89
236 -96
237 4
238 92
239 5
240 52
241 -42
242 86
243 -31
244 -27
245 28
246 81
247 -30
248 -33
249 -46
250 9
251 -71
252 -4
253 55
254 55
255 -35
