0 -76
1 36
2 -11
3 -17
4 -66
5 40
6 89
7 -75
8 -89
9 20
10 12
11 8
12 -87
13 23
14 83
15 74
16 60
17 -82
18 51
19 12
20 -95
21 -4
22 -14
23 79
24 48
25 63
26 57
27 -48
28 -16
29 46
30 -48
31 25
32 60
33 78
34 -52
35 -60
36 -27
37 -22
38 -14
39 9
40 -76
41 -77
42 -42
43 -86
44 94
45 -1
46 -72
47 72
48 -43
49 31
50 -19
51 -17
52 -47
53 96
54 -7
55 20
56 35
57 86
58 -27
59 31
60 64
61 86
62 75
63 -14
64 -14
65 -18
66 -75
67 71
68 -11
69 73
70 -3
71 -60
72 56
73 -82
74 64
75 97
76 -34
77 40
78 96
79 -39
80 -29
81 -61
82 29
83 -7
84 54
85 -80
86 80
87 -19
88 -1
89 30
90 -88
91 -42
92 -5
93 74
94 -9
95 34
96 41
97 -32
98 88
99 -97
100 -81
101 86
102 17
103 -24
104 85
105 -74
106 -6
107 -94
108 -13
109 -93
110 -59
111 -100
112 -99
113 -60
114 -66
115 -79
116 10
117 73
118 -93
119 23
120 63
121 -49
122 41
123 -41
124 -77
125 -63
126 -94
127 53
128 45
129 26
130 36
131 -92
132 -79
133 -67
134 47
135 46
136 -68
137 -95
138 -12
139 -61
140 69
141 -22
142 14
143 91
144 -32
145 50
146 23
147 -95
148 36
149 -42
150 -5
151 6
152 76
153 11
154 57
155 14
156 63
157 -44
158 -74
159 -75
160 43
161 17
162 7
163 60
164 77
165 -75
166 -80
167 -71
168 11
169 76
170 84
171 12
172 -85
173 -62
174 -68
175 15
176 71
177 92
178 14
179 65
180 -80
181 -26
182 -42
183 -94
184 80
185 35
186 43
187 78
188 -88
189 5
190 -38
191 4
192 -73
193 -93
194 -96
195 33
196 -59
197 24
198 -67
199 -90
200 70
201 55
202 -16
203 -69
204 -55
205 12
206 -33
207 27
208 36
209 72
210 61
211 79
212 -83
213 -79
214 -57
215 84
216 14
217 -84
218 84
219 -14
220 19
221 -21
222 -63
223 -52
224 -45
225 94
226 -53
227 62
228 45
229 13
230 96
231 -63
232 38
233 -60
234 21
235 -24
236 -91
237 90
238 -38
239 84
240 34
241 -60
242 29
243 61
244 -25
245 37
246 -60
247 -62
248 43
249 31
250 27
251 30
252 -57
253 85
254 -6
255 56
