0 -23
1 6
2 96
3 -83
4 -47
5 4
6 -89
7 -37
8 17
9 -78
10 -33
11 15
12 87
13 13
14 -81
15 -55
16 15
17 -93
18 85
19 45
20 -92
21 58
22 22
23 -28
24 -18
25 77
26 -52
27 -80
28 60
29 100
30 83
31 -80
32 58
33 -91
34 -5
35 33
36 87
37 -65
38 -94
39 30
40 -93
41 -91
42 79
43 11
44 86
45 83
46 77
47 28
48 -81
49 -59
50 -28
51 -24
52 -42
53 11
54 -6
55 43
56 -31
57 -4
58 70
59 -71
60 52
61 -45
62 -74
63 -7
64 51
65 -89
66 0
67 40
68 -62
69 42
70 42
71 17
72 -65
73 54
74 11
75 -97
76 5
77 74
78 83
79 -27
80 -76
81 -83
82 48
83 -1
84 43
85 51
86 -75
87 92
88 25
89 88
90 -27
91 61
92 -82
93 -95
94 -55
95 -5
96 67
97 30
98 -37
99 16
100 16
101 -56
102 -15
103 49
104 -25
105 -99
106 -33
107 4
108 58
109 27
110 26
111 23
112 -63
113 -22
114 100
115 -80
116 -55
117 -76
118 35
119 -75
120 -72
121 14
122 89
123 2
124 55
125 -46
126 -13
127 -98
128 -81
129 14
130 71
131 -37
132 -26
133 -11
134 80
135 11
136 -74
137 97
138 -72
139 -23
140 -49
141 -63
142 74
143 -96
144 88
145 49
146 93
147 -50
148 -10
149 30
150 -41
151 96
152 -93
153 44
154 33
155 -24
156 71
157 -39
158 -23
159 -34
160 99
161 -22
162 -29
163 -23
164 -79
165 23
166 -88
167 -1
168 -69
169 33
170 71
171 -19
172 -67
173 -13
174 26
175 88
176 70
177 76
178 38
179 -51
180 -38
181 57
182 -96
183 -70
184 1
185 -84
186 -72
187 -27
188 -62
189 76
190 -93
191 -49
192 -13
193 50
194 47
195 -50
196 11
197 25
198 25
199 -9
200 -43
201 -13
202 -11
203 63
204 99
205 90
206 66
207 67
208 -61
209 98
210 -46
211 -6
212 29
213 -50
214 27
215 38
216 38
217 12
218 98
219 -54
220 -27
221 -18
222 -82
223 80
224 5
225 36
226 -23
227 -95
228 90
229 -52
230 73
231 -75
232 -44
233 -10
234 -8
235 -34
236 28
237 9
238 -40
239 -30
240 -88
241 77
242 89
243 17
244 99
245 83
246 13
247 89
248 67
249 4
250 -45
251 -79
252 4
253 29
254 46
255 -79
