0 77
1 16
2 -5
3 -9
4 -12
5 -63
6 22
7 24
8 -23
9 -20
10 -43
11 -24
12 -31
13 17
14 11
15 -29
16 -17
17 -69
18 -15
19 -92
20 -96
21 33
22 22
23 -41
24 -27
25 -20
26 -67
27 33
28 71
29 -34
30 2
31 100
32 31
33 -38
34 -82
35 20
36 -99
37 54
38 13
39 17
40 95
41 15
42 -6
43 -52
44 -27
45 91
46 27
47 72
48 -76
49 -13
50 52
51 52
52 82
53 -47
54 -95
55 69
56 -12
57 -79
58 86
59 -17
60 75
61 89
62 -72
63 25
64 -30
65 76
66 74
67 90
68 -98
69 -23
70 64
71 91
72 65
73 -44
74 -72
75 67
76 30
77 -82
78 8
79 -70
80 -29
81 41
82 -70
83 -6
84 -76
85 -34
86 -71
87 -99
88 -25
89 -19
90 2
91 38
92 -50
93 7
94 -2
95 -48
96 -81
97 -47
98 -29
99 -74
100 -75
101 31
102 -12
103 -1
104 -63
105 24
106 -51
107 -65
108 -18
109 -24
110 -71
111 23
112 39
113 88
114 -59
115 28
116 99
117 -64
118 98
119 -19
120 99
121 -56
122 31
123 -59
124 -83
125 82
126 92
127 -62
128 -22
129 -65
130 -6
131 71
132 71
133 84
134 -19
135 92
136 -91
137 -36
138 -53
139 32
140 8
141 -26
142 71
143 37
144 -46
145 92
146 76
147 -28
148 -19
149 -43
150 -46
151 -68
152 76
153 -37
154 -74
155 37
156 31
157 8
158 -64
159 -99
160 -30
161 -90
162 -64
163 10
164 52
165 65
166 71
167 29
168 15
169 -86
170 -67
171 -32
172 -7
173 96
174 -78
175 -59
176 81
177 11
178 78
179 2
180 37
181 30
182 47
183 -55
184 -46
185 -88
186 12
187 -66
188 25
189 58
190 -67
191 -1
192 -74
193 97
194 12
195 -6
196 26
197 -89
198 91
199 13
200 -42
201 22
202 -73
203 -89
204 73
205 -39
206 -56
207 -76
208 75
209 -14
210 -45
211 -87
212 83
213 71
214 -77
215 79
216 95
217 -33
218 13
219 68
220 -91
221 23
222 -6
223 40
224 27
225 59
226 49
227 -63
228 -92
229 50
230 -16
231 -72
232 32
233 -32
234 61
235 -20
236 -16
237 -26
238 90
239 24
240 18
241 60
242 85
243 12
244 -53
245 -39
246 -7
247 -46
248 -52
249 90
250 53
251 64
252 24
253 -84
254 14
255 -2
