0 -26
1 62
2 45
3 -66
4 -85
5 -16
6 46
7 -70
8 -83
9 -27
10 0
11 41
12 43
13 80
14 84
15 -93
16 -84
17 82
18 78
19 -60
20 93
21 26
22 7
23 -85
24 -97
25 78
26 -93
27 23
28 -55
29 49
30 13
31 -28
32 -60
33 60
34 -30
35 -4
36 9
37 -63
38 43
39 -89
40 35
41 -11
42 38
43 -68
44 62
45 57
46 -30
47 44
48 -12
49 -35
50 4
51 -77
52 -53
53 -26
54 58
55 -95
56 34
57 -96
58 -5
59 59
60 -29
61 -77
62 -4
63 -6
64 2
65 64
66 8
67 67
68 -33
69 41
70 -35
71 79
72 -13
73 -93
74 69
75 25
76 22
77 -21
78 26
79 -71
80 39
81 81
82 -37
83 37
84 49
85 67
86 19
87 -17
88 -20
89 -65
90 -88
91 -76
92 -21
93 74
94 89
95 -56
96 -74
97 9
98 -14
99 36
100 -50
101 -86
102 -60
103 -92
104 95
105 -54
106 -41
107 81
108 3
109 10
110 -43
111 -57
112 -39
113 90
114 96
115 94
116 60
117 -65
118 60
119 -73
120 87
121 -62
122 9
123 68
124 -23
125 35
126 100
127 -51
128 31
129 75
130 17
131 73
132 -17
133 -64
134 -80
135 -42
136 94
137 -2
138 -99
139 -81
140 34
141 -98
142 -38
143 78
144 -7
145 -10
146 23
147 -13
148 -64
149 57
150 44
151 -16
152 -22
153 30
154 -93
155 90
156 -88
157 -63
158 61
159 -8
160 4
161 -79
162 -96
163 -19
164 -99
165 -100
166 69
167 47
168 20
169 19
170 -99
171 -66
172 -65
173 -68
174 18
175 85
176 -83
177 23
178 -49
179 78
180 70
181 -51
182 99
183 42
184 -7
185 92
186 -62
187 -89
188 62
189 98
190 -55
191 -66
192 -27
193 -68
194 80
195 67
196 98
197 -11
198 80
199 52
200 67
201 37
202 -27
203 -42
204 -68
205 -59
206 -16
207 -94
208 74
209 51
210 -8
211 35
212 63
213 -70
214 -43
215 -8
216 -20
217 19
218 -38
219 9
220 -38
221 77
222 84
223 -29
224 13
225 51
226 8
227 -29
228 -76
229 36
230 -4
231 -69
232 76
233 35
234 -71
235 -16
236 -20
237 -72
238 -97
239 36
240 60
241 11
242 -15
243 74
244 54
245 -71
246 40
247 -88
248 -10
249 2
250 50
251 55
252 9
253 24
254 -76
255 68
256 37
257 57
258 81
259 28
260 -95
261 43
262 6
263 66
264 75
265 -32
266 87
267 31
268 43
269 94
270 -71
271 -41
272 -70
273 -86
274 57
275 45
276 -28
277 -72
278 13
279 82
280 -85
281 2
282 -42
283 34
284 87
285 93
286 -7
287 -26
288 -71
289 55
290 -49
291 23
292 -68
293 -83
294 34
295 15
296 -76
297 43
298 -73
299 39
300 54
301 -61
302 17
303 -98
304 -30
305 -38
306 -37
307 19
308 32
309 -29
310 -46
311 72
312 65
313 -81
314 -40
315 20
316 -99
317 -5
318 -69
319 -57
320 -46
321 41
322 -28
323 -46
324 -7
325 11
326 28
327 73
328 -21
329 -44
330 68
331 -96
332 -89
333 83
334 -88
335 -6
336 79
337 -71
338 -61
339 -48
340 48
341 -23
342 -7
343 3
344 -83
345 -65
346 85
347 16
348 91
349 -71
350 0
351 -45
352 -91
353 -41
354 -40
355 -90
356 97
357 -13
358 3
359 52
360 77
361 -19
362 -40
363 -44
364 60
365 -53
366 58
367 36
368 68
369 60
370 -67
371 -61
372 74
373 22
374 -37
375 -55
376 27
377 -27
378 -59
379 -56
380 -4
381 77
382 -2
383 57
384 79
385 64
386 -51
387 -3
388 -1
389 -39
390 91
391 43
392 -37
393 98
394 -83
395 -64
396 -15
397 -44
398 -13
399 -98
400 -90
401 -24
402 -39
403 15
404 -20
405 87
406 21
407 -22
408 39
409 -50
410 4
411 -37
412 -22
413 -96
414 35
415 26
416 -91
417 -80
418 -64
419 57
420 10
421 17
422 7
423 42
424 -16
425 84
426 -46
427 -77
428 -4
429 90
430 -96
431 -99
432 -32
433 74
434 -13
435 60
436 64
437 20
438 -9
439 -59
440 85
441 26
442 13
443 -83
444 56
445 56
446 36
447 -10
448 81
449 19
450 -98
451 -10
452 -78
453 22
454 -67
455 34
456 79
457 -71
458 -3
459 74
460 26
461 -41
462 12
463 78
464 -31
465 9
466 -84
467 -16
468 29
469 -83
470 -62
471 76
472 -76
473 -34
474 6
475 -5
476 15
477 -43
478 -17
479 -88
480 -34
481 67
482 90
483 24
484 -15
485 -23
486 -92
487 -88
488 54
489 -2
490 -16
491 61
492 81
493 -75
494 44
495 -14
496 67
497 33
498 53
499 -24
500 32
501 -63
502 -43
503 82
504 -49
505 -12
506 -88
507 -95
508 91
509 43
510 19
511 -18
