0 -47
1 70
2 -9
3 -84
4 63
5 37
6 30
7 -56
8 -5
9 -14
10 -80
11 80
12 67
13 43
14 52
15 -19
16 -91
17 27
18 88
19 56
20 31
21 -75
22 -1
23 -83
24 35
25 76
26 -30
27 53
28 -60
29 -92
30 -55
31 -63
32 56
33 13
34 41
35 85
36 -36
37 40
38 96
39 91
40 57
41 -79
42 -6
43 -38
44 31
45 -11
46 -5
47 33
48 47
49 -60
50 15
51 67
52 2
53 6
54 71
55 43
56 27
57 -19
58 96
59 40
60 97
61 45
62 83
63 -30
64 86
65 84
66 56
67 16
68 9
69 -43
70 66
71 -88
72 -2
73 74
74 -20
75 -49
76 -40
77 25
78 -58
79 27
80 -37
81 -57
82 -30
83 -11
84 -60
85 -14
86 -46
87 -97
88 8
89 85
90 -28
91 -19
92 21
93 33
94 35
95 -73
96 -59
97 -45
98 -57
99 -89
100 93
101 -10
102 -73
103 92
104 -31
105 7
106 63
107 7
108 38
109 -30
110 55
111 -19
112 45
113 -32
114 73
115 -2
116 64
117 52
118 75
119 -52
120 -59
121 67
122 37
123 -7
124 33
125 -16
126 -32
127 -26
128 -16
129 -28
130 10
131 12
132 -37
133 8
134 32
135 -52
136 -49
137 97
138 -28
139 14
140 54
141 -63
142 94
143 35
144 -61
145 89
146 67
147 85
148 -30
149 0
150 -22
151 -96
152 -86
153 9
154 23
155 26
156 -64
157 25
158 47
159 68
160 6
161 47
162 59
163 23
164 -10
165 50
166 91
167 74
168 55
169 42
170 44
171 61
172 -36
173 13
174 97
175 11
176 -36
177 -6
178 98
179 20
180 -49
181 63
182 57
183 -41
184 47
185 60
186 100
187 82
188 66
189 23
190 31
191 -64
192 56
193 -88
194 -1
195 47
196 85
197 -99
198 -91
199 57
200 2
201 -8
202 94
203 -66
204 -63
205 -63
206 38
207 94
208 8
209 -91
210 38
211 -42
212 -47
213 44
214 47
215 25
216 -8
217 -6
218 11
219 -17
220 -4
221 -16
222 14
223 20
224 40
225 5
226 -8
227 -78
228 -59
229 5
230 76
231 -84
232 24
233 -17
234 -57
235 -59
236 52
237 29
238 53
239 -26
240 -41
241 62
242 2
243 -1
244 -48
245 75
246 -25
247 29
248 -22
249 45
250 -84
251 -46
252 40
253 39
254 41
255 -33
256 72
257 -30
258 -91
259 -95
260 72
261 -34
262 -87
263 40
264 -32
265 -100
266 -61
267 -65
268 -4
269 -32
270 42
271 56
272 -48
273 -60
274 -34
275 -16
276 -93
277 37
278 -94
279 59
280 -18
281 -69
282 76
283 18
284 -61
285 18
286 64
287 -31
288 -89
289 -37
290 -10
291 -92
292 74
293 -32
294 59
295 -26
296 64
297 -38
298 -30
299 53
300 23
301 -42
302 -39
303 -71
304 26
305 -11
306 -70
307 15
308 -94
309 -71
310 85
311 -14
312 34
313 41
314 -56
315 -80
316 -5
317 -9
318 -4
319 -81
320 -31
321 -10
322 74
323 48
324 -15
325 89
326 -99
327 67
328 51
329 -10
330 -46
331 -62
332 -17
333 5
334 36
335 72
336 29
337 -63
338 -92
339 -36
340 43
341 -91
342 65
343 -66
344 -99
345 74
346 -35
347 -46
348 -28
349 7
350 -88
351 -27
352 -97
353 19
354 -40
355 23
356 -44
357 -74
358 -11
359 64
360 -32
361 89
362 -70
363 -9
364 1
365 -22
366 -85
367 83
368 46
369 54
370 -39
371 3
372 52
373 -40
374 54
375 87
376 -40
377 95
378 -10
379 -59
380 0
381 -55
382 71
383 64
384 71
385 -31
386 -27
387 -65
388 -57
389 -85
390 2
391 4
392 -83
393 50
394 -42
395 53
396 -53
397 36
398 -91
399 -2
400 -67
401 10
402 62
403 -15
404 -76
405 53
406 -74
407 61
408 6
409 94
410 -79
411 -52
412 23
413 69
414 63
415 12
416 13
417 -89
418 18
419 27
420 13
421 -69
422 9
423 -43
424 -12
425 68
426 49
427 21
428 20
429 -76
430 39
431 -84
432 84
433 62
434 -46
435 85
436 23
437 -45
438 7
439 -33
440 -19
441 -66
442 48
443 -86
444 52
445 -6
446 59
447 83
448 38
449 -74
450 50
451 -19
452 26
453 30
454 -72
455 -3
456 -64
457 0
458 -83
459 37
460 92
461 -5
462 30
463 10
464 -79
465 51
466 31
467 37
468 -6
469 78
470 -27
471 5
472 91
473 -50
474 -95
475 -39
476 89
477 28
478 12
479 87
480 5
481 -54
482 52
483 -33
484 97
485 -26
486 76
487 -11
488 4
489 88
490 -51
491 -27
492 -68
493 -6
494 -89
495 -22
496 48
497 73
498 -61
499 -59
500 -33
501 32
502 97
503 68
504 11
505 31
506 91
507 6
508 -41
509 74
510 12
511 56
