0 37
1 -24
2 59
3 -32
4 -89
5 25
6 -99
7 -41
8 -71
9 6
10 -58
11 39
12 -32
13 44
14 66
15 35
16 81
17 63
18 37
19 -33
20 82
21 -61
22 -15
23 10
24 24
25 -94
26 61
27 3
28 -1
29 12
30 -100
31 94
32 -26
33 14
34 -28
35 2
36 -58
37 -71
38 -67
39 -84
40 -58
41 -28
42 -5
43 53
44 6
45 95
46 33
47 -23
48 18
49 42
50 -44
51 -87
52 85
53 -9
54 -48
55 -77
56 78
57 -27
58 -18
59 -39
60 -43
61 -21
62 34
63 58
64 80
65 11
66 -7
67 -87
68 65
69 98
70 -70
71 14
72 -56
73 -22
74 67
75 -71
76 24
77 -8
78 68
79 -78
80 91
81 -43
82 -11
83 53
84 28
85 30
86 -11
87 61
88 -37
89 -29
90 62
91 29
92 19
93 19
94 99
95 -15
96 88
97 -30
98 -84
99 -27
100 72
101 92
102 42
103 -40
104 50
105 -74
106 36
107 -24
108 68
109 -24
110 -42
111 53
112 73
113 -82
114 -76
115 54
116 29
117 -66
118 -39
119 -45
120 -87
121 76
122 -29
123 -17
124 -31
125 -10
126 28
127 1
128 -22
129 -28
130 -37
131 4
132 30
133 -82
134 48
135 40
136 -92
137 62
138 84
139 -97
140 34
141 -81
142 -68
143 -38
144 26
145 -8
146 -40
147 -48
148 22
149 -51
150 40
151 94
152 -20
153 -15
154 41
155 71
156 -39
157 -67
158 -65
159 34
160 80
161 23
162 32
163 72
164 -44
165 8
166 66
167 96
168 -78
169 -29
170 -39
171 -47
172 -92
173 -77
174 -19
175 0
176 -36
177 29
178 -63
179 92
180 97
181 -54
182 -76
183 -17
184 -54
185 -44
186 -94
187 -23
188 -23
189 83
190 82
191 -25
192 38
193 85
194 -60
195 60
196 67
197 -39
198 80
199 34
200 -63
201 88
202 95
203 84
204 -14
205 39
206 62
207 24
208 -20
209 -9
210 -65
211 -48
212 -16
213 37
214 31
215 -87
216 -20
217 -34
218 40
219 -46
220 70
221 -75
222 -10
223 -70
224 12
225 41
226 -69
227 12
228 4
229 -95
230 -38
231 -8
232 51
233 -40
234 23
235 -20
236 -64
237 10
238 9
239 -12
240 41
241 85
242 -73
243 16
244 -72
245 2
246 73
247 64
248 -81
249 -54
250 51
251 -15
252 36
253 8
254 -64
255 48
256 61
257 73
258 1
259 -62
260 -18
261 60
262 -89
263 15
264 79
265 67
266 6
267 95
268 -94
269 65
270 -22
271 19
272 -9
273 -10
274 -39
275 -93
276 91
277 17
278 -30
279 78
280 12
281 -53
282 57
283 8
284 -22
285 7
286 58
287 0
288 -8
289 -9
290 -7
291 -87
292 -81
293 49
294 -71
295 -15
296 52
297 65
298 -45
299 -7
300 -92
301 9
302 51
303 65
304 -45
305 77
306 46
307 37
308 -15
309 -6
310 -21
311 -28
312 -55
313 -54
314 42
315 -11
316 20
317 57
318 79
319 79
320 57
321 57
322 20
323 -69
324 -62
325 18
326 -78
327 -59
328 -98
329 21
330 -100
331 -79
332 -51
333 -64
334 -5
335 -84
336 -11
337 18
338 100
339 54
340 28
341 -88
342 48
343 17
344 53
345 -91
346 -93
347 95
348 -90
349 -12
350 14
351 -76
352 49
353 5
354 -27
355 57
356 84
357 83
358 17
359 -82
360 55
361 -71
362 26
363 -44
364 -57
365 71
366 -52
367 95
368 0
369 -71
370 -31
371 -16
372 -14
373 70
374 87
375 -64
376 95
377 83
378 -74
379 85
380 -60
381 -48
382 -52
383 36
384 24
385 -93
386 -52
387 73
388 -67
389 -33
390 -43
391 90
392 39
393 -35
394 -81
395 17
396 86
397 42
398 59
399 -33
400 -91
401 93
402 -21
403 -30
404 -86
405 7
406 -18
407 -58
408 9
409 -89
410 2
411 -14
412 -53
413 19
414 89
415 17
416 88
417 -30
418 -3
419 96
420 22
421 -42
422 -42
423 -69
424 -50
425 0
426 45
427 98
428 -87
429 -85
430 1
431 3
432 51
433 -35
434 -100
435 30
436 -26
437 -78
438 64
439 76
440 -47
441 44
442 -19
443 25
444 99
445 73
446 -83
447 48
448 98
449 74
450 80
451 100
452 22
453 80
454 8
455 -69
456 -55
457 98
458 86
459 96
460 27
461 76
462 -90
463 -18
464 -95
465 48
466 32
467 -29
468 76
469 -9
470 58
471 51
472 97
473 84
474 -52
475 -83
476 -21
477 48
478 43
479 -43
480 42
481 -16
482 88
483 42
484 -52
485 -22
486 58
487 45
488 -31
489 1
490 -47
491 57
492 96
493 -45
494 -87
495 -55
496 -11
497 -84
498 2
499 -15
500 -80
501 -99
502 -17
503 -2
504 -48
505 58
506 -20
507 -24
508 -55
509 -34
510 -86
511 -5
