0 43
1 78
2 -5
3 -1
4 -6
5 59
6 -9
7 60
8 -90
9 4
10 -100
11 -24
12 -71
13 78
14 -82
15 -63
16 -36
17 74
18 63
19 44
20 -66
21 -16
22 -91
23 -7
24 88
25 -59
26 11
27 61
28 -27
29 -44
30 -87
31 -49
32 -96
33 11
34 4
35 -28
36 -14
37 -7
38 -55
39 -1
40 30
41 -14
42 -8
43 -1
44 8
45 50
46 -6
47 -53
48 27
49 69
50 21
51 -8
52 -35
53 -80
54 -62
55 -59
56 72
57 -53
58 -7
59 50
60 -78
61 -69
62 -83
63 -79
64 52
65 -57
66 -77
67 -93
68 54
69 -85
70 58
71 56
72 56
73 -78
74 16
75 46
76 65
77 -98
78 -86
79 10
80 66
81 -50
82 9
83 -90
84 54
85 81
86 -69
87 47
88 92
89 -70
90 78
91 91
92 -46
93 -49
94 81
95 50
96 -35
97 -93
98 -76
99 -31
100 37
101 -77
102 43
103 -11
104 59
105 -87
106 87
107 77
108 73
109 90
110 77
111 26
112 99
113 -52
114 -5
115 76
116 9
117 -12
118 -21
119 8
120 -64
121 -6
122 18
123 -37
124 21
125 -82
126 21
127 14
128 -95
129 -42
130 -11
131 -72
132 75
133 -35
134 -22
135 24
136 -58
137 37
138 -75
139 -33
140 -77
141 25
142 94
143 97
144 -23
145 -5
146 -5
147 48
148 14
149 -92
150 9
151 67
152 -91
153 24
154 92
155 -91
156 60
157 28
158 9
159 -14
160 82
161 62
162 -95
163 -39
164 -51
165 51
166 42
167 -84
168 8
169 0
170 55
171 -38
172 -54
173 -31
174 -29
175 83
176 87
177 66
178 0
179 67
180 -61
181 -59
182 73
183 -78
184 -56
185 -89
186 -87
187 76
188 -65
189 100
190 37
191 97
192 59
193 -36
194 47
195 -95
196 -87
197 29
198 74
199 -12
200 -17
201 52
202 -41
203 10
204 -41
205 92
206 53
207 73
208 7
209 18
210 97
211 38
212 69
213 -49
214 -73
215 -85
216 -16
217 60
218 -26
219 47
220 -39
221 -96
222 20
223 56
224 -34
225 37
226 -82
227 -54
228 -43
229 36
230 43
231 94
232 -25
233 15
234 -22
235 47
236 -78
237 -18
238 39
239 -36
240 -39
241 18
242 -8
243 -80
244 84
245 -42
246 -97
247 100
248 -74
249 -72
250 -89
251 58
252 17
253 -31
254 -88
255 -50
256 -39
257 92
258 -87
259 -18
260 -18
261 -79
262 -50
263 17
264 21
265 60
266 -78
267 -96
268 34
269 88
270 -12
271 33
272 -99
273 62
274 3
275 -6
276 13
277 9
278 71
279 -5
280 -5
281 63
282 22
283 29
284 -14
285 33
286 -33
287 -48
288 -41
289 88
290 -44
291 59
292 61
293 -58
294 32
295 -61
296 -59
297 -29
298 92
299 29
300 -50
301 -44
302 -98
303 -41
304 -58
305 81
306 -38
307 98
308 -16
309 -49
310 12
311 99
312 -53
313 -66
314 96
315 72
316 40
317 -25
318 91
319 99
320 -74
321 -70
322 -98
323 2
324 93
325 -1
326 -83
327 90
328 -62
329 -7
330 -90
331 70
332 -77
333 -83
334 -21
335 -35
336 -26
337 54
338 -4
339 -8
340 -50
341 74
342 -8
343 26
344 17
345 75
346 63
347 -82
348 39
349 64
350 -76
351 73
352 -12
353 -96
354 -50
355 -50
356 45
357 34
358 -74
359 52
360 92
361 -98
362 8
363 -33
364 96
365 -29
366 -10
367 1
368 5
369 36
370 86
371 2
372 -100
373 51
374 4
375 -76
376 -14
377 -4
378 -78
379 76
380 4
381 -37
382 -19
383 38
384 96
385 14
386 -29
387 48
388 64
389 57
390 23
391 48
392 14
393 87
394 -19
395 28
396 59
397 -85
398 -8
399 -18
400 73
401 -77
402 -98
403 -28
404 2
405 -25
406 -100
407 -87
408 60
409 -27
410 23
411 -89
412 -76
413 8
414 66
415 -3
416 66
417 -5
418 100
419 89
420 25
421 39
422 36
423 50
424 23
425 -54
426 -21
427 -45
428 96
429 53
430 -86
431 86
432 15
433 1
434 -73
435 -73
436 26
437 -10
438 -75
439 85
440 51
441 10
442 85
443 -32
444 -81
445 82
446 24
447 52
448 -63
449 -84
450 94
451 46
452 99
453 -43
454 24
455 -13
456 59
457 76
458 76
459 30
460 62
461 -53
462 26
463 24
464 76
465 90
466 70
467 -88
468 64
469 -9
470 45
471 65
472 -91
473 50
474 -47
475 23
476 -44
477 23
478 -64
479 -98
480 -58
481 84
482 75
483 -78
484 11
485 -2
486 -57
487 89
488 36
489 78
490 79
491 -86
492 -67
493 -96
494 -55
495 -93
496 -97
497 39
498 62
499 -99
500 14
501 -44
502 59
503 76
504 -51
505 45
506 -23
507 4
508 -69
509 -61
510 -82
511 19
