0 55
1 42
2 65
3 32
4 -53
5 58
6 66
7 -54
8 -5
9 29
10 94
11 49
12 40
13 -54
14 46
15 -80
16 46
17 -66
18 97
19 22
20 13
21 50
22 14
23 -43
24 -3
25 73
26 55
27 44
28 -90
29 82
30 75
31 12
32 58
33 68
34 47
35 -57
36 -19
37 48
38 -88
39 -60
40 -71
41 -99
42 -90
43 86
44 -58
45 29
46 89
47 0
48 -21
49 9
50 82
51 -4
52 65
53 -58
54 -41
55 -74
56 -25
57 -93
58 2
59 -98
60 9
61 -84
62 -62
63 -60
64 -20
65 41
66 98
67 57
68 -74
69 1
70 -51
71 66
72 -67
73 96
74 -58
75 -33
76 53
77 -15
78 94
79 77
80 -82
81 -82
82 59
83 29
84 -8
85 79
86 62
87 -88
88 14
89 79
90 11
91 -89
92 68
93 -47
94 97
95 19
96 35
97 8
98 -8
99 40
100 27
101 80
102 83
103 -68
104 -97
105 -96
106 -22
107 7
108 -62
109 45
110 -19
111 -51
112 73
113 -76
114 22
115 30
116 -58
117 -45
118 12
119 82
120 -100
121 -65
122 5
123 -96
124 -91
125 -43
126 -59
127 -14
128 8
129 61
130 -88
131 -20
132 -91
133 -3
134 -61
135 -62
136 -13
137 -50
138 55
139 -43
140 100
141 4
142 100
143 -39
144 -24
145 86
146 -7
147 62
148 100
149 -96
150 58
151 -49
152 50
153 80
154 -99
155 -73
156 21
157 64
158 -92
159 33
160 32
161 96
162 92
163 -37
164 -21
165 1
166 -62
167 -85
168 34
169 98
170 -88
171 -71
172 53
173 85
174 -73
175 3
176 -96
177 60
178 -20
179 -29
180 -2
181 -37
182 -83
183 7
184 -33
185 3
186 48
187 49
188 21
189 -7
190 30
191 82
192 95
193 -3
194 -65
195 -33
196 -73
197 2
198 0
199 60
200 -19
201 34
202 35
203 -8
204 75
205 -59
206 -57
207 23
208 69
209 2
210 -10
211 33
212 -1
213 10
214 -37
215 42
216 -93
217 -96
218 -57
219 44
220 -29
221 -71
222 -4
223 45
224 -37
225 -40
226 -63
227 -23
228 -79
229 28
230 -9
231 56
232 31
233 12
234 35
235 -52
236 100
237 41
238 77
239 -2
240 2
241 -79
242 -39
243 34
244 73
245 60
246 76
247 73
248 61
249 31
250 -66
251 -86
252 -59
253 -43
254 -68
255 -6
256 -12
257 14
258 10
259 -2
260 -66
261 25
262 -26
263 -68
264 62
265 42
266 -2
267 33
268 7
269 100
270 82
271 -37
272 -81
273 25
274 69
275 37
276 94
277 38
278 98
279 31
280 90
281 80
282 40
283 -85
284 12
285 -11
286 -17
287 -98
288 -65
289 39
290 -55
291 98
292 44
293 -56
294 55
295 -32
296 42
297 -32
298 41
299 50
300 -15
301 -70
302 -60
303 -90
304 -35
305 -61
306 -91
307 82
308 -47
309 85
310 -33
311 74
312 -48
313 -25
314 43
315 -11
316 -91
317 -56
318 80
319 14
320 -28
321 21
322 42
323 -58
324 61
325 -27
326 32
327 -80
328 -49
329 81
330 -92
331 -35
332 -33
333 -54
334 -58
335 6
336 51
337 90
338 -95
339 -83
340 -81
341 -55
342 -79
343 -72
344 55
345 38
346 64
347 65
348 24
349 -98
350 -98
351 -63
352 35
353 -68
354 -81
355 -62
356 94
357 75
358 -42
359 12
360 90
361 17
362 -82
363 -42
364 -75
365 -70
366 -89
367 -42
368 -94
369 -91
370 17
371 -52
372 6
373 -19
374 15
375 100
376 37
377 -84
378 -3
379 -4
380 -92
381 28
382 94
383 -72
384 -46
385 14
386 85
387 75
388 97
389 18
390 -89
391 -51
392 69
393 71
394 -99
395 -93
396 7
397 -90
398 1
399 20
400 -36
401 46
402 2
403 58
404 76
405 17
406 -100
407 -23
408 -2
409 -44
410 -18
411 -17
412 87
413 53
414 -71
415 69
416 25
417 9
418 -98
419 -71
420 30
421 -27
422 -6
423 -40
424 -45
425 29
426 -9
427 -64
428 -62
429 -26
430 -96
431 -57
432 -90
433 48
434 84
435 67
436 -3
437 86
438 23
439 71
440 22
441 83
442 -88
443 35
444 79
445 99
446 -87
447 -83
448 -7
449 81
450 -86
451 -2
452 -100
453 28
454 15
455 47
456 -43
457 26
458 98
459 -11
460 -29
461 -71
462 -14
463 -70
464 70
465 -84
466 22
467 -29
468 -28
469 -32
470 -94
471 -79
472 -94
473 -6
474 -18
475 86
476 21
477 77
478 87
479 35
480 33
481 4
482 42
483 -90
484 11
485 -69
486 49
487 -64
488 -85
489 58
490 51
491 69
492 -68
493 24
494 4
495 -90
496 76
497 3
498 -57
499 -65
500 68
501 94
502 -99
503 4
504 -13
505 -88
506 -61
507 33
508 -66
509 -76
510 -44
511 -23
