0 6
1 -48
2 -92
3 -56
4 -43
5 -19
6 -16
7 85
8 97
9 -55
10 60
11 -58
12 -56
13 27
14 78
15 -63
16 -78
17 -11
18 5
19 30
20 69
21 26
22 -62
23 -21
24 -44
25 -93
26 -71
27 70
28 -71
29 -14
30 9
31 -60
32 25
33 -26
34 2
35 -80
36 62
37 -48
38 40
39 -76
40 -48
41 8
42 -4
43 -38
44 40
45 14
46 85
47 -38
48 34
49 -48
50 -18
51 0
52 -44
53 74
54 -45
55 55
56 -44
57 -98
58 -60
59 56
60 69
61 -63
62 -27
63 -66
64 81
65 65
66 66
67 -8
68 51
69 29
70 -79
71 -100
72 -88
73 -71
74 67
75 10
76 42
77 -84
78 -69
79 53
80 65
81 37
82 66
83 82
84 -51
85 -71
86 -10
87 -93
88 -96
89 -10
90 -6
91 -99
92 -95
93 12
94 70
95 91
96 8
97 33
98 33
99 -65
100 63
101 14
102 -50
103 95
104 -86
105 -74
106 -63
107 -76
108 -38
109 99
110 -41
111 19
112 67
113 1
114 25
115 29
116 12
117 -60
118 14
119 -67
120 45
121 72
122 72
123 93
124 -60
125 9
126 14
127 41
128 64
129 -77
130 -50
131 -78
132 39
133 87
134 -85
135 12
136 -68
137 -6
138 32
139 -9
140 30
141 27
142 -1
143 30
144 74
145 -6
146 -1
147 -47
148 40
149 50
150 6
151 51
152 -93
153 -9
154 53
155 -26
156 -46
157 94
158 4
159 -27
160 89
161 60
162 0
163 86
164 85
165 53
166 50
167 -13
168 -58
169 -58
170 41
171 -95
172 39
173 80
174 -94
175 33
176 -45
177 -44
178 -41
179 -49
180 22
181 14
182 13
183 -80
184 -67
185 -16
186 -18
187 -37
188 -47
189 25
190 -87
191 41
192 -24
193 -41
194 -30
195 78
196 59
197 55
198 -88
199 -56
200 54
201 77
202 31
203 9
204 -59
205 -41
206 -38
207 52
208 -58
209 -28
210 -100
211 100
212 3
213 -77
214 -22
215 81
216 89
217 58
218 -79
219 8
220 40
221 -66
222 29
223 -76
224 -99
225 -3
226 44
227 -20
228 -49
229 71
230 -46
231 50
232 -4
233 -34
234 -69
235 -70
236 29
237 79
238 -44
239 6
240 58
241 68
242 -81
243 24
244 -37
245 83
246 90
247 91
248 -98
249 68
250 17
251 27
252 -3
253 82
254 81
255 64
256 7
257 40
258 -97
259 57
260 44
261 26
262 25
263 96
264 86
265 68
266 -98
267 98
268 11
269 -65
270 44
271 -32
272 -72
273 22
274 99
275 -73
276 68
277 83
278 56
279 -71
280 58
281 7
282 22
283 -23
284 67
285 -76
286 -65
287 -75
288 31
289 74
290 -98
291 89
292 79
293 27
294 8
295 -73
296 -23
297 -93
298 -43
299 -42
300 -9
301 -90
302 87
303 71
304 -46
305 21
306 -84
307 -41
308 -60
309 -45
310 -99
311 -43
312 -44
313 -20
314 4
315 -36
316 50
317 -37
318 56
319 -42
320 54
321 -68
322 -57
323 64
324 44
325 9
326 42
327 -80
328 -25
329 53
330 41
331 94
332 -36
333 -80
334 -67
335 67
336 -65
337 39
338 -79
339 -79
340 -4
341 -14
342 26
343 -45
344 79
345 -42
346 -5
347 1
348 -99
349 -63
350 60
351 -18
352 -26
353 -71
354 -93
355 70
356 5
357 71
358 16
359 95
360 5
361 96
362 49
363 -44
364 -74
365 -48
366 -4
367 -32
368 -15
369 77
370 -75
371 -50
372 76
373 -80
374 -34
375 -53
376 -71
377 29
378 -65
379 -76
380 -30
381 57
382 -67
383 42
384 23
385 -23
386 -99
387 -14
388 -20
389 -55
390 -95
391 -9
392 -15
393 -98
394 95
395 -14
396 48
397 -81
398 84
399 -14
400 -30
401 -25
402 33
403 15
404 57
405 15
406 -49
407 -54
408 -24
409 67
410 56
411 71
412 -45
413 52
414 -27
415 12
416 -2
417 38
418 20
419 60
420 40
421 46
422 -81
423 40
424 17
425 65
426 79
427 3
428 -22
429 -16
430 6
431 2
432 3
433 39
434 76
435 60
436 -23
437 12
438 -63
439 88
440 -68
441 4
442 21
443 84
444 22
445 -59
446 50
447 28
448 35
449 97
450 -35
451 -38
452 96
453 3
454 20
455 21
456 -56
457 89
458 65
459 -44
460 51
461 79
462 10
463 -22
464 39
465 -70
466 -25
467 -2
468 -96
469 -13
470 45
471 82
472 -13
473 -97
474 60
475 -92
476 10
477 38
478 -88
479 -2
480 95
481 -26
482 -94
483 16
484 -17
485 76
486 -93
487 -86
488 43
489 75
490 -41
491 -34
492 42
493 32
494 -90
495 -94
496 -30
497 30
498 38
499 63
500 81
501 7
502 89
503 -97
504 -63
505 5
506 41
507 -11
508 91
509 51
510 65
511 22
