0 89
1 85
2 -54
3 82
4 41
5 -52
6 -74
7 11
8 11
9 96
10 46
11 -64
12 42
13 -74
14 -98
15 -1
16 48
17 -33
18 78
19 97
20 12
21 98
22 -11
23 49
24 10
25 -37
26 36
27 -44
28 -36
29 83
30 -41
31 -97
32 -93
33 90
34 -58
35 -100
36 85
37 -74
38 -85
39 -67
40 -49
41 -34
42 31
43 12
44 39
45 -56
46 9
47 100
48 -44
49 -2
50 -25
51 -97
52 -49
53 -51
54 -87
55 77
56 -27
57 86
58 27
59 99
60 -98
61 -78
62 -33
63 94
64 -76
65 25
66 54
67 79
68 87
69 63
70 -11
71 30
72 49
73 -28
74 52
75 26
76 -17
77 85
78 -18
79 6
80 58
81 24
82 97
83 19
84 44
85 93
86 43
87 28
88 66
89 56
90 64
91 51
92 29
93 34
94 66
95 55
96 -90
97 -96
98 -58
99 21
100 31
101 68
102 97
103 -48
104 -93
105 -73
106 -22
107 -52
108 -83
109 15
110 -31
111 35
112 -39
113 -17
114 49
115 93
116 39
117 14
118 22
119 -60
120 50
121 -89
122 -90
123 9
124 15
125 77
126 -46
127 -55
128 46
129 91
130 -97
131 66
132 -63
133 -84
134 -5
135 -13
136 -27
137 -6
138 -10
139 75
140 -92
141 91
142 49
143 -22
144 -41
145 11
146 3
147 -54
148 -4
149 67
150 75
151 61
152 1
153 -56
154 59
155 -75
156 -89
157 -23
158 -10
159 -57
160 55
161 5
162 -39
163 67
164 -4
165 -78
166 -7
167 32
168 -34
169 17
170 -86
171 -77
172 -84
173 58
174 -48
175 42
176 -62
177 27
178 35
179 -77
180 40
181 -90
182 -26
183 -7
184 -45
185 76
186 28
187 -19
188 40
189 -97
190 -70
191 -52
192 71
193 -37
194 -27
195 -92
196 100
197 -99
198 79
199 -12
200 52
201 -48
202 59
203 28
204 -31
205 35
206 -7
207 14
208 41
209 98
210 -12
211 15
212 -47
213 78
214 5
215 -12
216 -100
217 59
218 -100
219 4
220 -71
221 -5
222 -75
223 -26
224 -56
225 -95
226 74
227 -21
228 -63
229 -85
230 88
231 -13
232 94
233 -76
234 41
235 94
236 41
237 38
238 62
239 -94
240 49
241 -28
242 -45
243 96
244 -59
245 33
246 27
247 19
248 42
249 -68
250 6
251 -2
252 -17
253 -13
254 -83
255 -97
256 -2
257 -29
258 28
259 14
260 -38
261 -58
262 66
263 -18
264 -26
265 41
266 -74
267 -42
268 -35
269 -35
270 68
271 56
272 -92
273 -33
274 -94
275 -66
276 -27
277 -98
278 -36
279 -33
280 88
281 57
282 70
283 31
284 -16
285 41
286 -77
287 -93
288 86
289 0
290 -79
291 21
292 -30
293 3
294 -32
295 31
296 99
297 -32
298 -19
299 -96
300 -35
301 55
302 -39
303 77
304 32
305 52
306 -92
307 -48
308 81
309 -35
310 89
311 34
312 -25
313 -49
314 -48
315 94
316 56
317 -16
318 34
319 25
320 -99
321 79
322 57
323 9
324 99
325 38
326 23
327 91
328 1
329 34
330 -97
331 -44
332 9
333 -83
334 -22
335 -88
336 -25
337 96
338 73
339 -54
340 71
341 70
342 7
343 -61
344 3
345 39
346 -37
347 -76
348 2
349 51
350 -46
351 96
352 88
353 67
354 64
355 0
356 76
357 -25
358 -60
359 20
360 47
361 79
362 -37
363 9
364 -62
365 23
366 49
367 70
368 17
369 -36
370 74
371 -76
372 -62
373 28
374 -25
375 -24
376 35
377 33
378 17
379 35
380 64
381 58
382 85
383 69
384 -11
385 -6
386 74
387 22
388 0
389 -43
390 88
391 86
392 -10
393 1
394 -14
395 43
396 -29
397 22
398 56
399 -73
400 56
401 32
402 75
403 89
404 21
405 -80
406 -95
407 -13
408 -6
409 -43
410 73
411 -13
412 94
413 -60
414 71
415 -47
416 32
417 -24
418 99
419 7
420 81
421 70
422 68
423 -80
424 81
425 57
426 -83
427 -69
428 68
429 -78
430 66
431 -26
432 -72
433 73
434 0
435 -40
436 99
437 -52
438 -71
439 -36
440 80
441 80
442 77
443 52
444 -61
445 29
446 -12
447 67
448 74
449 -60
450 -83
451 -94
452 90
453 72
454 -34
455 -58
456 -69
457 95
458 -79
459 41
460 5
461 37
462 98
463 36
464 -54
465 86
466 -58
467 73
468 -70
469 -18
470 -31
471 41
472 -53
473 -81
474 -78
475 31
476 73
477 45
478 52
479 -69
480 77
481 92
482 27
483 96
484 -92
485 19
486 20
487 69
488 -94
489 97
490 77
491 7
492 -28
493 -18
494 61
495 -71
496 40
497 96
498 -4
499 49
500 41
501 -28
502 -15
503 -83
504 16
505 98
506 -98
507 69
508 -77
509 -1
510 92
511 81
