0 -62
1 -70
2 -3
3 -63
4 41
5 84
6 60
7 90
8 45
9 94
10 82
11 44
12 -5
13 67
14 -82
15 44
16 95
17 -99
18 -95
19 51
20 56
21 -26
22 97
23 -6
24 63
25 37
26 -77
27 96
28 -93
29 89
30 15
31 -74
32 -47
33 20
34 -40
35 -30
36 21
37 81
38 63
39 49
40 -70
41 -63
42 9
43 20
44 91
45 74
46 -50
47 60
48 -51
49 43
50 34
51 -68
52 93
53 11
54 -14
55 -39
56 -8
57 58
58 59
59 -74
60 -49
61 79
62 -3
63 44
64 -10
65 -63
66 88
67 -5
68 37
69 63
70 11
71 29
72 14
73 1
74 18
75 -38
76 34
77 -52
78 -65
79 65
80 93
81 -18
82 -55
83 -16
84 51
85 -24
86 66
87 28
88 77
89 33
90 71
91 -48
92 82
93 -79
94 -85
95 33
96 -5
97 74
98 71
99 96
100 60
101 -44
102 -80
103 -10
104 -71
105 23
106 -94
107 -53
108 -43
109 -39
110 10
111 1
112 66
113 62
114 -61
115 -29
116 47
117 -20
118 33
119 -62
120 87
121 39
122 -70
123 30
124 -47
125 -66
126 24
127 87
128 -99
129 -3
130 -79
131 63
132 5
133 -93
134 -6
135 -65
136 92
137 -32
138 24
139 -25
140 43
141 97
142 70
143 81
144 -17
145 -5
146 33
147 55
148 44
149 52
150 92
151 -37
152 -70
153 67
154 -93
155 -50
156 -70
157 -22
158 27
159 -71
160 -68
161 38
162 95
163 36
164 -49
165 65
166 97
167 53
168 15
169 25
170 -20
171 80
172 37
173 28
174 -86
175 90
176 -39
177 -10
178 73
179 -57
180 63
181 -29
182 -32
183 96
184 -86
185 -14
186 87
187 7
188 34
189 -97
190 -95
191 24
192 83
193 48
194 -6
195 71
196 -23
197 80
198 82
199 -71
200 32
201 21
202 -82
203 -71
204 17
205 61
206 -15
207 -18
208 -59
209 -88
210 -62
211 7
212 89
213 34
214 10
215 -44
216 16
217 7
218 -72
219 -16
220 42
221 62
222 -86
223 -32
224 -82
225 35
226 17
227 -61
228 -100
229 -29
230 20
231 61
232 29
233 -30
234 66
235 34
236 48
237 -20
238 -49
239 38
240 7
241 92
242 -68
243 57
244 59
245 -67
246 52
247 -10
248 34
249 -40
250 -14
251 43
252 -77
253 -32
254 68
255 -75
256 1
257 -44
258 -80
259 34
260 51
261 88
262 -28
263 35
264 -84
265 -9
266 28
267 39
268 -65
269 -21
270 -33
271 -85
272 48
273 90
274 49
275 -21
276 -61
277 28
278 46
279 3
280 -1
281 2
282 79
283 0
284 95
285 9
286 -52
287 -33
288 31
289 -71
290 -78
291 93
292 -38
293 -100
294 15
295 -78
296 -91
297 -42
298 -64
299 -88
300 69
301 -44
302 79
303 -82
304 57
305 23
306 76
307 -73
308 30
309 -94
310 -93
311 75
312 68
313 74
314 -15
315 53
316 47
317 -51
318 68
319 -40
320 -57
321 2
322 66
323 87
324 36
325 -20
326 3
327 -21
328 21
329 -83
330 -61
331 -5
332 58
333 -16
334 -35
335 1
336 -34
337 -22
338 -87
339 -44
340 18
341 -3
342 -44
343 55
344 81
345 41
346 -85
347 -19
348 83
349 -74
350 -28
351 66
352 43
353 48
354 -43
355 -31
356 -26
357 -66
358 32
359 -38
360 -4
361 -41
362 0
363 -57
364 -58
365 21
366 -11
367 36
368 14
369 -26
370 -17
371 78
372 -68
373 -21
374 -99
375 -86
376 -58
377 78
378 31
379 65
380 36
381 -98
382 -57
383 88
384 -10
385 41
386 94
387 -70
388 -17
389 74
390 -52
391 29
392 -80
393 94
394 -65
395 90
396 44
397 -81
398 53
399 -71
400 -86
401 -58
402 -93
403 100
404 59
405 -89
406 99
407 38
408 -13
409 20
410 8
411 -28
412 -63
413 -88
414 -41
415 -100
416 -37
417 89
418 -27
419 -91
420 -82
421 100
422 38
423 -36
424 77
425 67
426 -63
427 -11
428 87
429 -16
430 -19
431 -42
432 24
433 -77
434 16
435 45
436 -68
437 -75
438 97
439 -78
440 73
441 -85
442 93
443 86
444 -57
445 83
446 -98
447 -23
448 39
449 14
450 50
451 67
452 78
453 98
454 43
455 -44
456 -98
457 -8
458 -43
459 -61
460 -2
461 -65
462 2
463 -28
464 22
465 -73
466 -94
467 64
468 -45
469 70
470 49
471 -8
472 -43
473 -57
474 39
475 66
476 -68
477 -69
478 79
479 36
480 -63
481 50
482 3
483 16
484 54
485 23
486 68
487 -69
488 -32
489 -17
490 -27
491 24
492 51
493 -96
494 20
495 -32
496 -43
497 -19
498 -87
499 38
500 89
501 31
502 45
503 2
504 61
505 24
506 -12
507 9
508 73
509 92
510 7
511 36
