0 -16
1 42
2 89
3 56
4 33
5 6
6 25
7 -67
8 81
9 -43
10 15
11 58
12 -48
13 49
14 -43
15 -65
16 95
17 -77
18 66
19 -70
20 24
21 27
22 -100
23 1
24 -91
25 39
26 62
27 45
28 -84
29 100
30 83
31 67
32 17
33 74
34 89
35 71
36 -46
37 37
38 58
39 21
40 9
41 61
42 58
43 28
44 -39
45 -66
46 -33
47 -92
48 98
49 -29
50 -59
51 49
52 65
53 92
54 84
55 -36
56 17
57 -68
58 30
59 80
60 -34
61 72
62 14
63 -28
64 -4
65 64
66 -5
67 -66
68 -57
69 -27
70 36
71 -31
72 -89
73 6
74 -19
75 72
76 -6
77 -69
78 69
79 27
80 -14
81 41
82 -65
83 -95
84 -3
85 18
86 -75
87 -11
88 49
89 100
90 -56
91 4
92 -92
93 54
94 46
95 -81
96 70
97 75
98 -12
99 62
100 -29
101 -63
102 -28
103 95
104 43
105 -37
106 26
107 -83
108 -37
109 51
110 58
111 94
112 -86
113 43
114 62
115 -57
116 27
117 2
118 -67
119 7
120 92
121 -67
122 56
123 72
124 -70
125 -67
126 -26
127 69
128 -68
129 -38
130 -47
131 -80
132 -18
133 21
134 -67
135 95
136 -57
137 -69
138 62
139 36
140 27
141 3
142 57
143 8
144 51
145 -8
146 -32
147 -89
148 -9
149 14
150 73
151 -67
152 -14
153 97
154 -97
155 -82
156 35
157 83
158 -34
159 -97
160 9
161 -6
162 -20
163 -6
164 -2
165 -34
166 -80
167 34
168 48
169 3
170 12
171 74
172 45
173 17
174 -1
175 98
176 88
177 62
178 -81
179 58
180 -55
181 -45
182 -44
183 -28
184 -76
185 -54
186 -9
187 53
188 30
189 -60
190 82
191 99
192 1
193 27
194 45
195 -49
196 35
197 83
198 -35
199 -5
200 27
201 -75
202 -64
203 62
204 22
205 -15
206 -88
207 -54
208 -12
209 84
210 -28
211 48
212 -61
213 65
214 -77
215 -39
216 66
217 -44
218 -8
219 -66
220 -89
221 -43
222 -4
223 -48
224 75
225 66
226 -35
227 10
228 -78
229 12
230 -69
231 -1
232 -87
233 -3
234 85
235 19
236 6
237 -10
238 -48
239 -80
240 -27
241 -59
242 -48
243 -17
244 71
245 74
246 0
247 -13
248 -30
249 -94
250 -17
251 -11
252 36
253 92
254 -45
255 80
256 0
257 -96
258 38
259 6
260 -62
261 -89
262 -61
263 73
264 -62
265 0
266 -99
267 48
268 -44
269 44
270 -37
271 -14
272 -22
273 -4
274 -41
275 36
276 55
277 20
278 29
279 8
280 83
281 -62
282 -54
283 -66
284 -75
285 -80
286 52
287 95
288 4
289 -64
290 -50
291 9
292 39
293 78
294 -48
295 -2
296 48
297 36
298 76
299 -85
300 -85
301 -32
302 -2
303 -85
304 -65
305 -1
306 36
307 67
308 65
309 32
310 -85
311 -78
312 -60
313 -78
314 90
315 89
316 -86
317 89
318 -94
319 -38
320 19
321 -44
322 97
323 -97
324 -29
325 67
326 -88
327 74
328 -87
329 -90
330 -92
331 56
332 74
333 42
334 22
335 -48
336 46
337 -7
338 20
339 -9
340 -50
341 -45
342 29
343 14
344 99
345 70
346 -37
347 44
348 -100
349 58
350 36
351 7
352 68
353 61
354 64
355 51
356 32
357 -63
358 -54
359 -35
360 40
361 12
362 -50
363 96
364 2
365 -24
366 -55
367 -85
368 85
369 71
370 2
371 1
372 75
373 -38
374 46
375 58
376 50
377 -54
378 73
379 24
380 50
381 -32
382 6
383 -99
384 -69
385 -9
386 -42
387 -62
388 -25
389 -32
390 -99
391 21
392 79
393 8
394 68
395 97
396 -84
397 -95
398 81
399 -45
400 43
401 26
402 71
403 96
404 50
405 -52
406 -46
407 33
408 -24
409 82
410 -80
411 -16
412 26
413 64
414 -15
415 75
416 -98
417 55
418 -88
419 56
420 -39
421 73
422 -54
423 14
424 8
425 -45
426 51
427 -79
428 16
429 53
430 -74
431 90
432 -61
433 88
434 -33
435 -60
436 48
437 19
438 0
439 91
440 20
441 -45
442 80
443 76
444 -99
445 -2
446 -4
447 28
448 73
449 -2
450 3
451 84
452 0
453 -94
454 -78
455 23
456 -36
457 79
458 52
459 -39
460 -74
461 7
462 47
463 72
464 -33
465 28
466 34
467 70
468 76
469 -73
470 6
471 33
472 50
473 -95
474 45
475 -10
476 -96
477 18
478 97
479 22
480 -91
481 -29
482 -47
483 3
484 51
485 8
486 -25
487 -46
488 18
489 -83
490 52
491 -93
492 -24
493 -4
494 22
495 27
496 20
497 64
498 -79
499 -59
500 -95
501 10
502 54
503 19
504 -62
505 -40
506 5
507 -89
508 -75
509 -79
510 69
511 -36
