0 90
1.9961 -13
3.9922 17
5.9883 -50
7.98441 58
9.98051 -6
11.9766 11
13.9727 25
15.9688 -100
17.9649 -97
19.961 -6
21.9571 -15
23.9532 71
25.9493 -57
27.9454 8
29.9415 25
31.9376 -49
33.9337 90
35.9298 -25
37.9259 2
39.922 78
41.9181 -26
43.9142 -86
45.9103 -75
47.9064 66
49.9025 -38
51.8986 36
53.8947 24
55.8908 -72
57.8869 -75
59.883 99
61.8791 -74
63.8752 -50
65.8713 60
67.8674 -100
69.8635 95
71.8596 92
73.8558 29
75.8519 33
77.848 36
79.8441 -5
81.8402 30
83.8363 -18
85.8324 38
87.8285 -75
89.8246 -2
91.8207 91
93.8168 65
95.8129 -13
97.809 -64
99.8051 56
101.801 -44
103.797 -98
105.793 -71
107.789 -24
109.786 8
111.782 16
113.778 77
115.774 -40
117.77 -66
119.766 -48
121.762 -37
123.758 -94
125.754 -35
127.75 4
129.747 61
131.743 44
133.739 12
135.735 38
137.731 68
139.727 89
141.723 41
143.719 94
145.715 -66
147.712 -48
149.708 69
151.704 -10
153.7 -65
155.696 -14
157.692 -17
159.688 98
161.684 17
163.68 33
165.676 80
167.673 67
169.669 -3
171.665 -94
173.661 -58
175.657 20
177.653 -94
179.649 98
181.645 -7
183.641 -66
185.637 -57
187.634 -58
189.63 31
191.626 3
193.622 39
195.618 79
197.614 4
199.61 -79
201.606 -52
203.602 6
205.598 19
207.595 66
209.591 -15
211.587 -73
213.583 97
215.579 -55
217.575 26
219.571 13
221.567 -50
223.563 -43
225.559 49
227.556 32
229.552 -18
231.548 61
233.544 -45
235.54 -89
237.536 13
239.532 97
241.528 -25
243.524 21
245.52 13
247.517 74
249.513 94
251.509 -43
253.505 -25
255.501 10
257.497 -3
259.493 10
261.489 -91
263.485 31
265.481 38
267.478 59
269.474 91
271.47 -48
273.466 -27
275.462 55
277.458 20
279.454 13
281.45 -6
283.446 34
285.442 59
287.439 43
289.435 45
291.431 34
293.427 -39
295.423 -20
297.419 -10
299.415 41
301.411 88
303.407 -32
305.404 57
307.4 76
309.396 49
311.392 -65
313.388 10
315.384 -1
317.38 11
319.376 -27
321.372 69
323.368 -32
325.365 -78
327.361 -40
329.357 -55
331.353 -5
333.349 -83
335.345 18
337.341 -84
339.337 -71
341.333 100
343.329 -23
345.326 -17
347.322 -2
349.318 -4
351.314 75
353.31 -46
355.306 80
357.302 71
359.298 -78
361.294 67
363.29 84
365.287 3
367.283 15
369.279 1
371.275 -42
373.271 -3
375.267 -94
377.263 -70
379.259 1
381.255 51
383.251 4
385.248 76
387.244 -73
389.24 -40
391.236 70
393.232 42
395.228 -60
397.224 -39
399.22 -28
401.216 -98
403.212 67
405.209 82
407.205 26
409.201 -16
411.197 -86
413.193 46
415.189 66
417.185 38
419.181 69
421.177 -28
423.173 49
425.17 13
427.166 -76
429.162 -58
431.158 -88
433.154 50
435.15 57
437.146 -89
439.142 -63
441.138 8
443.135 90
445.131 31
447.127 32
449.123 -58
451.119 -31
453.115 -79
455.111 25
457.107 -81
459.103 -5
461.099 47
463.096 -52
465.092 68
467.088 66
469.084 71
471.08 38
473.076 -62
475.072 -80
477.068 -5
479.064 -41
481.06 -63
483.057 -10
485.053 -48
487.049 -9
489.045 15
491.041 97
493.037 9
495.033 -75
497.029 91
499.025 -73
501.021 70
503.018 -24
505.014 1
507.01 -49
509.006 32
511.002 -29
512.998 68
514.994 -41
516.99 17
518.986 -100
520.982 -91
522.979 53
524.975 -4
526.971 -32
528.967 93
530.963 75
532.959 88
534.955 -3
536.951 -57
538.947 4
540.943 49
542.94 69
544.936 -68
546.932 -88
548.928 -13
550.924 37
552.92 93
554.916 42
556.912 51
558.908 22
560.904 -71
562.901 -55
564.897 48
566.893 60
568.889 13
570.885 75
572.881 54
574.877 -86
576.873 0
578.869 -88
580.865 8
582.862 -73
584.858 50
586.854 -78
588.85 4
590.846 -13
592.842 -58
594.838 37
596.834 -2
598.83 -44
600.827 62
602.823 -20
604.819 96
606.815 -30
608.811 -72
610.807 68
612.803 -64
614.799 7
616.795 -40
618.791 -96
620.788 91
622.784 71
624.78 -1
626.776 -44
628.772 -17
630.768 66
632.764 90
634.76 89
636.756 -6
638.752 -71
640.749 -84
642.745 56
644.741 17
646.737 -28
648.733 -89
650.729 94
652.725 -98
654.721 93
656.717 17
658.713 12
660.71 -65
662.706 86
664.702 -69
666.698 -95
668.694 27
670.69 18
672.686 81
674.682 -82
676.678 -24
678.674 89
680.671 -46
682.667 86
684.663 80
686.659 87
688.655 22
690.651 -7
692.647 -44
694.643 37
696.639 38
698.635 -55
700.632 12
702.628 75
704.624 -93
706.62 -97
708.616 -56
710.612 -94
712.608 -50
714.604 -14
716.6 82
718.596 -38
720.593 58
722.589 38
724.585 -23
726.581 -57
728.577 -28
730.573 84
732.569 -74
734.565 -29
736.561 -73
738.558 -42
740.554 -95
742.55 -83
744.546 68
746.542 91
748.538 99
750.534 97
752.53 35
754.526 85
756.522 -100
758.519 -82
760.515 69
762.511 19
764.507 45
766.503 38
768.499 -58
770.495 62
772.491 86
774.487 -92
776.483 89
778.48 -54
780.476 -94
782.472 -33
784.468 -90
786.464 -18
788.46 55
790.456 -88
792.452 83
794.448 -57
796.444 -91
798.441 -53
800.437 96
802.433 39
804.429 -26
806.425 -72
808.421 -50
810.417 -42
812.413 16
814.409 -77
816.405 16
818.402 70
820.398 89
822.394 -49
824.39 37
826.386 66
828.382 -43
830.378 3
832.374 -11
834.37 39
836.366 28
838.363 -38
840.359 23
842.355 -97
844.351 65
846.347 -2
848.343 2
850.339 25
852.335 -12
854.331 -32
856.327 -99
858.324 -19
860.32 -88
862.316 -31
864.312 4
866.308 11
868.304 83
870.3 -72
872.296 -47
874.292 -70
876.288 -4
878.285 -54
880.281 -87
882.277 22
884.273 -21
886.269 94
888.265 -28
890.261 -38
892.257 48
894.253 2
896.25 65
898.246 -99
900.242 -9
902.238 43
904.234 24
906.23 74
908.226 51
910.222 18
912.218 33
914.214 10
916.211 -32
918.207 -84
920.203 21
922.199 42
924.195 18
926.191 -31
928.187 -34
930.183 -19
932.179 61
934.175 31
936.172 69
938.168 -44
940.164 72
942.16 -60
944.156 -96
946.152 50
948.148 -70
950.144 -84
952.14 -50
954.136 -93
956.133 -100
958.129 -1
960.125 -43
962.121 -61
964.117 49
966.113 -17
968.109 82
970.105 13
972.101 -11
974.097 79
976.094 20
978.09 -19
980.086 -52
982.082 -88
984.078 45
986.074 78
988.07 -77
990.066 -18
992.062 -64
994.058 -61
996.055 -71
998.051 29
1000.05 45
1002.04 55
1004.04 -50
1006.04 -61
1008.03 43
1010.03 78
1012.02 54
1014.02 -13
1016.02 -9
1018.01 -50
1020.01 -25
1022 36
