0 -11
7.93798 77
15.876 -26
23.814 -65
31.7519 75
39.6899 -67
47.6279 -4
55.5659 -23
63.5039 45
71.4419 -76
79.3798 51
87.3178 75
95.2558 20
103.194 13
111.132 -25
119.07 30
127.008 91
134.946 73
142.884 41
150.822 -7
158.76 47
166.698 63
174.636 93
182.574 -56
190.512 -89
198.45 91
206.388 0
214.326 11
222.264 65
230.202 42
238.14 44
246.078 72
254.016 -92
261.953 20
269.891 -83
277.829 -19
285.767 -98
293.705 -13
301.643 -18
309.581 41
317.519 0
325.457 -67
333.395 -53
341.333 -92
349.271 -40
357.209 64
365.147 -22
373.085 46
381.023 7
388.961 43
396.899 87
404.837 -38
412.775 61
420.713 39
428.651 -81
436.589 79
444.527 37
452.465 -99
460.403 -42
468.341 -54
476.279 6
484.217 75
492.155 66
500.093 -90
508.031 -8
515.969 10
523.907 -90
531.845 -37
539.783 -51
547.721 24
555.659 95
563.597 0
571.535 44
579.473 -17
587.411 -8
595.349 19
603.287 52
611.225 -45
619.163 47
627.101 -53
635.039 -63
642.977 -28
650.915 -72
658.853 -17
666.791 -10
674.729 23
682.667 97
690.605 99
698.543 67
706.481 -75
714.419 45
722.357 5
730.295 79
738.233 -38
746.171 -5
754.109 -58
762.047 -96
769.984 15
777.922 87
785.86 -88
793.798 -60
801.736 -16
809.674 -39
817.612 35
825.55 5
833.488 12
841.426 60
849.364 1
857.302 34
865.24 24
873.178 91
881.116 -27
889.054 19
896.992 29
904.93 -28
912.868 81
920.806 -42
928.744 56
936.682 56
944.62 -4
952.558 4
960.496 43
968.434 -68
976.372 84
984.31 9
992.248 9
1000.19 94
1008.12 -21
1016.06 71
