0 -70
7.93798 -1
15.876 -18
23.814 -75
31.7519 71
39.6899 51
47.6279 71
55.5659 -38
63.5039 -35
71.4419 57
79.3798 96
87.3178 30
95.2558 14
103.194 96
111.132 84
119.07 -49
127.008 -54
134.946 21
142.884 12
150.822 34
158.76 15
166.698 32
174.636 47
182.574 -51
190.512 27
198.45 100
206.388 -26
214.326 17
222.264 -9
230.202 68
238.14 -22
246.078 -27
254.016 66
261.953 -3
269.891 93
277.829 99
285.767 36
293.705 46
301.643 -5
309.581 83
317.519 27
325.457 56
333.395 14
341.333 76
349.271 97
357.209 -75
365.147 -58
373.085 -71
381.023 -82
388.961 -36
396.899 -90
404.837 68
412.775 0
420.713 -89
428.651 36
436.589 98
444.527 -14
452.465 99
460.403 -19
468.341 -60
476.279 -99
484.217 9
492.155 52
500.093 -9
508.031 -65
515.969 38
523.907 90
531.845 98
539.783 1
547.721 37
555.659 70
563.597 -86
571.535 63
579.473 85
587.411 -37
595.349 24
603.287 6
611.225 31
619.163 57
627.101 38
635.039 -69
642.977 82
650.915 -23
658.853 74
666.791 -60
674.729 -55
682.667 -72
690.605 24
698.543 69
706.481 -64
714.419 -34
722.357 99
730.295 90
738.233 55
746.171 70
754.109 11
762.047 -48
769.984 32
777.922 -11
785.86 77
793.798 36
801.736 61
809.674 -89
817.612 48
825.55 -90
833.488 -12
841.426 -40
849.364 92
857.302 -7
865.24 -88
873.178 -82
881.116 80
889.054 -26
896.992 -40
904.93 97
912.868 73
920.806 1
928.744 22
936.682 35
944.62 -52
952.558 83
960.496 -90
968.434 -42
976.372 41
984.31 -89
992.248 -59
1000.19 96
1008.12 -81
1016.06 -88
