0 -62
1.9961 71
3.9922 -81
5.9883 -70
7.98441 81
9.98051 -71
11.9766 56
13.9727 34
15.9688 16
17.9649 -46
19.961 40
21.9571 19
23.9532 -35
25.9493 -43
27.9454 -25
29.9415 -4
31.9376 74
33.9337 -25
35.9298 55
37.9259 -93
39.922 72
41.9181 -81
43.9142 20
45.9103 -90
47.9064 40
49.9025 47
51.8986 89
53.8947 -66
55.8908 -7
57.8869 -41
59.883 60
61.8791 93
63.8752 0
65.8713 -100
67.8674 43
69.8635 19
71.8596 -75
73.8558 28
75.8519 53
77.848 -83
79.8441 83
81.8402 -51
83.8363 -60
85.8324 100
87.8285 18
89.8246 -36
91.8207 23
93.8168 27
95.8129 18
97.809 -13
99.8051 -26
101.801 25
103.797 100
105.793 -79
107.789 52
109.786 32
111.782 10
113.778 82
115.774 -56
117.77 -89
119.766 -25
121.762 60
123.758 78
125.754 58
127.75 -58
129.747 72
131.743 -20
133.739 64
135.735 -87
137.731 -81
139.727 -36
141.723 -53
143.719 -20
145.715 10
147.712 97
149.708 8
151.704 -24
153.7 70
155.696 -9
157.692 66
159.688 -59
161.684 16
163.68 65
165.676 -20
167.673 -54
169.669 41
171.665 -4
173.661 76
175.657 25
177.653 -59
179.649 18
181.645 -70
183.641 -78
185.637 -93
187.634 -10
189.63 100
191.626 1
193.622 48
195.618 -40
197.614 29
199.61 94
201.606 -87
203.602 20
205.598 65
207.595 -77
209.591 -83
211.587 -39
213.583 -70
215.579 -52
217.575 78
219.571 28
221.567 -44
223.563 66
225.559 17
227.556 -70
229.552 12
231.548 54
233.544 -60
235.54 52
237.536 86
239.532 47
241.528 -2
243.524 87
245.52 99
247.517 -86
249.513 72
251.509 -67
253.505 -80
255.501 -97
257.497 59
259.493 100
261.489 85
263.485 14
265.481 -90
267.478 -80
269.474 -35
271.47 -40
273.466 -48
275.462 42
277.458 29
279.454 69
281.45 21
283.446 96
285.442 90
287.439 29
289.435 10
291.431 -17
293.427 -10
295.423 -70
297.419 -100
299.415 -31
301.411 -36
303.407 80
305.404 -51
307.4 37
309.396 61
311.392 -19
313.388 85
315.384 -96
317.38 62
319.376 -27
321.372 -46
323.368 53
325.365 -20
327.361 20
329.357 -52
331.353 -88
333.349 44
335.345 81
337.341 -25
339.337 15
341.333 90
343.329 44
345.326 -45
347.322 -35
349.318 -35
351.314 40
353.31 17
355.306 30
357.302 -51
359.298 33
361.294 -9
363.29 69
365.287 -50
367.283 13
369.279 -64
371.275 -19
373.271 -78
375.267 -82
377.263 71
379.259 6
381.255 91
383.251 44
385.248 -3
387.244 -51
389.24 -91
391.236 94
393.232 -40
395.228 64
397.224 98
399.22 -16
401.216 31
403.212 -51
405.209 -18
407.205 -100
409.201 -85
411.197 -50
413.193 13
415.189 57
417.185 70
419.181 53
421.177 -42
423.173 -25
425.17 36
427.166 78
429.162 12
431.158 -83
433.154 40
435.15 -70
437.146 -19
439.142 72
441.138 90
443.135 11
445.131 -99
447.127 90
449.123 -86
451.119 -85
453.115 -83
455.111 -2
457.107 -46
459.103 63
461.099 -70
463.096 25
465.092 -56
467.088 -28
469.084 75
471.08 11
473.076 -87
475.072 44
477.068 -16
479.064 -39
481.06 20
483.057 -83
485.053 54
487.049 75
489.045 83
491.041 -13
493.037 -71
495.033 39
497.029 -100
499.025 89
501.021 45
503.018 56
505.014 -2
507.01 28
509.006 -70
511.002 -99
512.998 76
514.994 56
516.99 93
518.986 39
520.982 -93
522.979 -46
524.975 51
526.971 36
528.967 78
530.963 53
532.959 7
534.955 -86
536.951 99
538.947 67
540.943 -34
542.94 34
544.936 -82
546.932 87
548.928 33
550.924 -4
552.92 95
554.916 -74
556.912 -52
558.908 -72
560.904 -63
562.901 -68
564.897 -62
566.893 -72
568.889 -76
570.885 10
572.881 -30
574.877 -44
576.873 51
578.869 -6
580.865 51
582.862 96
584.858 -79
586.854 29
588.85 -47
590.846 4
592.842 -51
594.838 29
596.834 -89
598.83 -74
600.827 -35
602.823 -46
604.819 -9
606.815 -96
608.811 12
610.807 96
612.803 19
614.799 30
616.795 -31
618.791 -54
620.788 -30
622.784 -49
624.78 -19
626.776 -68
628.772 67
630.768 51
632.764 52
634.76 -11
636.756 -68
638.752 49
640.749 68
642.745 98
644.741 -30
646.737 37
648.733 52
650.729 16
652.725 -1
654.721 -13
656.717 72
658.713 -63
660.71 55
662.706 23
664.702 85
666.698 22
668.694 51
670.69 65
672.686 -26
674.682 -51
676.678 100
678.674 51
680.671 61
682.667 -60
684.663 59
686.659 -39
688.655 -15
690.651 98
692.647 -54
694.643 -49
696.639 -56
698.635 -96
700.632 86
702.628 -85
704.624 63
706.62 31
708.616 22
710.612 -63
712.608 70
714.604 -99
716.6 45
718.596 13
720.593 93
722.589 76
724.585 12
726.581 -30
728.577 -27
730.573 77
732.569 -61
734.565 -38
736.561 40
738.558 20
740.554 -65
742.55 67
744.546 53
746.542 -24
748.538 20
750.534 -54
752.53 82
754.526 32
756.522 -14
758.519 1
760.515 4
762.511 82
764.507 -82
766.503 77
768.499 -41
770.495 55
772.491 23
774.487 -73
776.483 49
778.48 -93
780.476 8
782.472 -43
784.468 12
786.464 48
788.46 34
790.456 99
792.452 -72
794.448 29
796.444 3
798.441 -68
800.437 18
802.433 -82
804.429 -100
806.425 -12
808.421 -22
810.417 24
812.413 75
814.409 -26
816.405 87
818.402 21
820.398 4
822.394 6
824.39 20
826.386 33
828.382 -42
830.378 65
832.374 8
834.37 -47
836.366 -11
838.363 41
840.359 57
842.355 0
844.351 50
846.347 -55
848.343 -57
850.339 -88
852.335 -6
854.331 -2
856.327 -54
858.324 -36
860.32 93
862.316 78
864.312 -19
866.308 100
868.304 43
870.3 -17
872.296 -48
874.292 82
876.288 -24
878.285 19
880.281 4
882.277 -2
884.273 61
886.269 -51
888.265 -57
890.261 -71
892.257 57
894.253 -50
896.25 -95
898.246 -78
900.242 29
902.238 79
904.234 -54
906.23 -25
908.226 -35
910.222 -57
912.218 80
914.214 5
916.211 -13
918.207 80
920.203 28
922.199 -82
924.195 1
926.191 18
928.187 -79
930.183 -17
932.179 -63
934.175 78
936.172 -13
938.168 79
940.164 41
942.16 20
944.156 -24
946.152 -37
948.148 5
950.144 -59
952.14 52
954.136 -86
956.133 27
958.129 62
960.125 23
962.121 55
964.117 40
966.113 -19
968.109 -9
970.105 -35
972.101 80
974.097 -62
976.094 -75
978.09 -26
980.086 83
982.082 39
984.078 88
986.074 36
988.07 -85
990.066 36
992.062 -45
994.058 25
996.055 -73
998.051 -72
1000.05 -75
1002.04 -30
1004.04 -85
1006.04 83
1008.03 -45
1010.03 34
1012.02 -85
1014.02 -92
1016.02 7
1018.01 -20
1020.01 2
1022 -98
