0 85
1.9961 63
3.9922 -65
5.9883 72
7.98441 -64
9.98051 16
11.9766 13
13.9727 47
15.9688 -97
17.9649 -52
19.961 -44
21.9571 -51
23.9532 2
25.9493 49
27.9454 -15
29.9415 -99
31.9376 55
33.9337 -5
35.9298 -78
37.9259 -23
39.922 -31
41.9181 16
43.9142 8
45.9103 86
47.9064 24
49.9025 -25
51.8986 40
53.8947 -44
55.8908 38
57.8869 65
59.883 -70
61.8791 47
63.8752 47
65.8713 -70
67.8674 -11
69.8635 75
71.8596 -83
73.8558 11
75.8519 -24
77.848 -28
79.8441 -2
81.8402 26
83.8363 -76
85.8324 52
87.8285 -48
89.8246 79
91.8207 14
93.8168 -26
95.8129 68
97.809 -5
99.8051 -8
101.801 -65
103.797 1
105.793 -97
107.789 -100
109.786 -70
111.782 -11
113.778 -5
115.774 88
117.77 67
119.766 6
121.762 -90
123.758 -96
125.754 -19
127.75 -3
129.747 33
131.743 44
133.739 -85
135.735 67
137.731 92
139.727 -31
141.723 71
143.719 90
145.715 -6
147.712 22
149.708 -59
151.704 4
153.7 -34
155.696 27
157.692 98
159.688 91
161.684 40
163.68 35
165.676 -37
167.673 -51
169.669 -54
171.665 40
173.661 3
175.657 20
177.653 6
179.649 87
181.645 91
183.641 97
185.637 -32
187.634 -38
189.63 -96
191.626 20
193.622 -19
195.618 -40
197.614 -75
199.61 89
201.606 -73
203.602 -58
205.598 91
207.595 -100
209.591 -3
211.587 -84
213.583 -69
215.579 67
217.575 58
219.571 12
221.567 -64
223.563 73
225.559 -32
227.556 -74
229.552 93
231.548 41
233.544 -81
235.54 21
237.536 34
239.532 -22
241.528 42
243.524 -61
245.52 38
247.517 41
249.513 28
251.509 -23
253.505 48
255.501 34
257.497 -66
259.493 -31
261.489 87
263.485 -26
265.481 -77
267.478 57
269.474 96
271.47 -81
273.466 10
275.462 44
277.458 -2
279.454 -2
281.45 75
283.446 -71
285.442 68
287.439 100
289.435 10
291.431 -36
293.427 -95
295.423 -93
297.419 -40
299.415 -38
301.411 -28
303.407 -38
305.404 -55
307.4 -25
309.396 22
311.392 -95
313.388 17
315.384 82
317.38 68
319.376 18
321.372 -15
323.368 -79
325.365 -26
327.361 -10
329.357 77
331.353 34
333.349 76
335.345 19
337.341 -13
339.337 97
341.333 -34
343.329 -17
345.326 99
347.322 -50
349.318 72
351.314 -96
353.31 -6
355.306 28
357.302 37
359.298 95
361.294 -40
363.29 35
365.287 -82
367.283 -17
369.279 -78
371.275 -68
373.271 92
375.267 60
377.263 -98
379.259 -93
381.255 -30
383.251 56
385.248 -38
387.244 75
389.24 -44
391.236 -99
393.232 65
395.228 -92
397.224 43
399.22 95
401.216 -63
403.212 -50
405.209 53
407.205 -52
409.201 -97
411.197 63
413.193 -44
415.189 0
417.185 26
419.181 4
421.177 49
423.173 -32
425.17 -86
427.166 68
429.162 30
431.158 11
433.154 37
435.15 98
437.146 -45
439.142 47
441.138 -44
443.135 14
445.131 34
447.127 -100
449.123 -53
451.119 75
453.115 42
455.111 21
457.107 23
459.103 89
461.099 99
463.096 -67
465.092 -97
467.088 -97
469.084 33
471.08 -100
473.076 -72
475.072 52
477.068 -73
479.064 -12
481.06 74
483.057 -96
485.053 -13
487.049 -53
489.045 -35
491.041 -20
493.037 23
495.033 17
497.029 52
499.025 -16
501.021 -39
503.018 -67
505.014 8
507.01 90
509.006 93
511.002 -99
512.998 92
514.994 1
516.99 -36
518.986 17
520.982 58
522.979 -34
524.975 49
526.971 86
528.967 29
530.963 27
532.959 81
534.955 88
536.951 -7
538.947 -78
540.943 -54
542.94 -40
544.936 61
546.932 74
548.928 -10
550.924 23
552.92 47
554.916 24
556.912 -83
558.908 -23
560.904 -40
562.901 67
564.897 -2
566.893 -96
568.889 82
570.885 -92
572.881 -32
574.877 1
576.873 -97
578.869 17
580.865 -49
582.862 -83
584.858 -33
586.854 75
588.85 18
590.846 -23
592.842 -23
594.838 59
596.834 -69
598.83 -83
600.827 18
602.823 -6
604.819 66
606.815 11
608.811 -97
610.807 85
612.803 -28
614.799 46
616.795 12
618.791 96
620.788 -93
622.784 -60
624.78 -24
626.776 -10
628.772 -33
630.768 -71
632.764 28
634.76 -4
636.756 -65
638.752 -72
640.749 88
642.745 23
644.741 86
646.737 28
648.733 63
650.729 92
652.725 19
654.721 -38
656.717 29
658.713 71
660.71 -73
662.706 40
664.702 67
666.698 -64
668.694 39
670.69 -72
672.686 -92
674.682 -70
676.678 -50
678.674 4
680.671 -20
682.667 38
684.663 58
686.659 -15
688.655 -21
690.651 -46
692.647 -68
694.643 -36
696.639 -20
698.635 -85
700.632 -79
702.628 -61
704.624 62
706.62 16
708.616 15
710.612 -57
712.608 -28
714.604 -74
716.6 -14
718.596 86
720.593 -96
722.589 69
724.585 62
726.581 64
728.577 -9
730.573 72
732.569 76
734.565 13
736.561 98
738.558 -12
740.554 -37
742.55 1
744.546 -46
746.542 22
748.538 -82
750.534 50
752.53 44
754.526 91
756.522 -98
758.519 -77
760.515 -89
762.511 86
764.507 -51
766.503 92
768.499 -89
770.495 52
772.491 -40
774.487 82
776.483 -52
778.48 -72
780.476 27
782.472 77
784.468 -45
786.464 65
788.46 63
790.456 -66
792.452 42
794.448 42
796.444 -13
798.441 -9
800.437 -71
802.433 -71
804.429 76
806.425 55
808.421 -70
810.417 -13
812.413 41
814.409 77
816.405 73
818.402 -75
820.398 -36
822.394 35
824.39 44
826.386 -75
828.382 66
830.378 80
832.374 -46
834.37 95
836.366 1
838.363 -19
840.359 -17
842.355 78
844.351 -66
846.347 32
848.343 -44
850.339 29
852.335 -77
854.331 14
856.327 -66
858.324 -38
860.32 33
862.316 82
864.312 13
866.308 7
868.304 12
870.3 -15
872.296 93
874.292 -39
876.288 61
878.285 -36
880.281 71
882.277 -15
884.273 -12
886.269 74
888.265 -85
890.261 -26
892.257 24
894.253 -83
896.25 87
898.246 -90
900.242 -50
902.238 93
904.234 34
906.23 -67
908.226 -16
910.222 -93
912.218 69
914.214 -40
916.211 67
918.207 41
920.203 39
922.199 -100
924.195 -23
926.191 5
928.187 74
930.183 -54
932.179 79
934.175 -46
936.172 -75
938.168 13
940.164 13
942.16 -72
944.156 87
946.152 97
948.148 -40
950.144 -61
952.14 -35
954.136 96
956.133 -73
958.129 -42
960.125 72
962.121 -32
964.117 67
966.113 39
968.109 86
970.105 17
972.101 70
974.097 70
976.094 12
978.09 61
980.086 -39
982.082 -27
984.078 -44
986.074 -74
988.07 -95
990.066 22
992.062 66
994.058 8
996.055 -49
998.051 4
1000.05 -37
1002.04 95
1004.04 -44
1006.04 98
1008.03 20
1010.03 -19
1012.02 22
1014.02 -2
1016.02 7
1018.01 80
1020.01 -44
1022 -96
