0 -46
0.999024 17
1.99805 -21
2.99707 25
3.9961 -19
4.99512 66
5.99415 -33
6.99317 -63
7.9922 68
8.99122 -18
9.99024 46
10.9893 -22
11.9883 63
12.9873 -40
13.9863 87
14.9854 -7
15.9844 52
16.9834 20
17.9824 -72
18.9815 24
19.9805 96
20.9795 -5
21.9785 0
22.9776 74
23.9766 -31
24.9756 -75
25.9746 64
26.9737 5
27.9727 45
28.9717 90
29.9707 84
30.9698 78
31.9688 15
32.9678 -18
33.9668 99
34.9659 37
35.9649 -24
36.9639 9
37.9629 -49
38.962 83
39.961 41
40.96 76
41.959 100
42.958 5
43.9571 -99
44.9561 25
45.9551 35
46.9541 -80
47.9532 42
48.9522 -45
49.9512 16
50.9502 97
51.9493 -11
52.9483 -68
53.9473 14
54.9463 -5
55.9454 -40
56.9444 80
57.9434 -32
58.9424 33
59.9415 -55
60.9405 -91
61.9395 -22
62.9385 -79
63.9376 -11
64.9366 -43
65.9356 58
66.9346 -47
67.9337 3
68.9327 40
69.9317 -66
70.9307 -67
71.9298 -15
72.9288 -42
73.9278 -98
74.9268 73
75.9259 -37
76.9249 66
77.9239 13
78.9229 43
79.922 -19
80.921 6
81.92 -100
82.919 -7
83.918 -65
84.9171 -73
85.9161 -78
86.9151 -19
87.9141 22
88.9132 62
89.9122 37
90.9112 -57
91.9102 -34
92.9093 100
93.9083 32
94.9073 -46
95.9063 41
96.9054 52
97.9044 -34
98.9034 -70
99.9024 59
100.901 -94
101.9 -67
102.9 -27
103.899 42
104.898 -72
105.897 16
106.896 4
107.895 29
108.894 -27
109.893 23
110.892 62
111.891 -62
112.89 -16
113.889 60
114.888 11
115.887 -70
116.886 -72
117.885 -92
118.884 -8
119.883 33
120.882 -37
121.881 -83
122.88 -27
123.879 -24
124.878 -86
125.877 75
126.876 64
127.875 -83
128.874 -27
129.873 -76
130.872 100
131.871 21
132.87 85
133.869 -50
134.868 6
135.867 42
136.866 84
137.865 -56
138.864 8
139.863 87
140.862 69
141.861 89
142.86 -18
143.86 33
144.859 -33
145.858 66
146.857 9
147.856 95
148.855 -84
149.854 -19
150.853 19
151.852 100
152.851 -24
153.85 26
154.849 -79
155.848 4
156.847 -3
157.846 73
158.845 -47
159.844 8
160.843 83
161.842 0
162.841 61
163.84 50
164.839 -74
165.838 -34
166.837 4
167.836 -14
168.835 -29
169.834 -53
170.833 -63
171.832 -71
172.831 31
173.83 61
174.829 99
175.828 -15
176.827 -90
177.826 -62
178.825 75
179.824 23
180.823 -29
181.822 -22
182.821 85
183.82 23
184.82 28
185.819 -10
186.818 5
187.817 -79
188.816 14
189.815 -6
190.814 -49
191.813 -16
192.812 -30
193.811 -79
194.81 56
195.809 -63
196.808 60
197.807 -51
198.806 42
199.805 100
200.804 31
201.803 -24
202.802 48
203.801 -61
204.8 -63
205.799 -81
206.798 -11
207.797 1
208.796 55
209.795 37
210.794 7
211.793 -34
212.792 -65
213.791 95
214.79 35
215.789 62
216.788 -53
217.787 -88
218.786 -22
219.785 -83
220.784 -54
221.783 95
222.782 -71
223.781 82
224.78 78
225.78 5
226.779 11
227.778 71
228.777 -64
229.776 -97
230.775 49
231.774 -44
232.773 33
233.772 -17
234.771 41
235.77 94
236.769 71
237.768 76
238.767 70
239.766 31
240.765 87
241.764 82
242.763 -43
243.762 -4
244.761 82
245.76 79
246.759 68
247.758 -28
248.757 -72
249.756 -50
250.755 2
251.754 1
252.753 41
253.752 -30
254.751 -73
255.75 -8
256.749 -72
257.748 24
258.747 20
259.746 -72
260.745 -39
261.744 -61
262.743 88
263.742 -24
264.741 14
265.74 42
266.74 52
267.739 -71
268.738 94
269.737 -65
270.736 31
271.735 -47
272.734 89
273.733 7
274.732 30
275.731 0
276.73 32
277.729 -89
278.728 43
279.727 -63
280.726 -45
281.725 -65
282.724 15
283.723 36
284.722 57
285.721 7
286.72 -65
287.719 -94
288.718 93
289.717 93
290.716 -54
291.715 -34
292.714 100
293.713 15
294.712 61
295.711 -87
296.71 83
297.709 -26
298.708 -100
299.707 -48
300.706 -49
301.705 -11
302.704 64
303.703 -23
304.702 -87
305.701 -22
306.7 93
307.7 -63
308.699 47
309.698 58
310.697 -92
311.696 32
312.695 67
313.694 -100
314.693 -78
315.692 31
316.691 -65
317.69 -11
318.689 28
319.688 14
320.687 15
321.686 -37
322.685 -50
323.684 57
324.683 -8
325.682 -33
326.681 -33
327.68 -43
328.679 95
329.678 7
330.677 65
331.676 -38
332.675 81
333.674 -26
334.673 89
335.672 -7
336.671 -85
337.67 -100
338.669 -70
339.668 56
340.667 67
341.666 89
342.665 3
343.664 17
344.663 28
345.662 -39
346.661 5
347.66 33
348.66 91
349.659 6
350.658 -26
351.657 -20
352.656 -39
353.655 79
354.654 30
355.653 9
356.652 20
357.651 -4
358.65 -85
359.649 -72
360.648 33
361.647 -49
362.646 -72
363.645 0
364.644 36
365.643 8
366.642 69
367.641 -54
368.64 18
369.639 -41
370.638 2
371.637 82
372.636 -49
373.635 83
374.634 98
375.633 -68
376.632 -17
377.631 99
378.63 65
379.629 -68
380.628 2
381.627 92
382.626 11
383.625 -60
384.624 -19
385.623 83
386.622 -29
387.621 -52
388.62 87
389.62 -14
390.619 -79
391.618 -72
392.617 -41
393.616 79
394.615 -43
395.614 -77
396.613 66
397.612 -27
398.611 59
399.61 -62
400.609 27
401.608 -97
402.607 -3
403.606 46
404.605 -22
405.604 12
406.603 -61
407.602 -51
408.601 -37
409.6 -42
410.599 -10
411.598 39
412.597 -64
413.596 86
414.595 14
415.594 88
416.593 6
417.592 64
418.591 -32
419.59 -2
420.589 -74
421.588 -49
422.587 -84
423.586 -16
424.585 -9
425.584 -35
426.583 14
427.582 -97
428.581 80
429.58 30
430.58 4
431.579 -71
432.578 79
433.577 -43
434.576 76
435.575 -99
436.574 -79
437.573 21
438.572 68
439.571 -40
440.57 -56
441.569 65
442.568 -31
443.567 -83
444.566 15
445.565 -45
446.564 -88
447.563 66
448.562 56
449.561 -72
450.56 41
451.559 72
452.558 -12
453.557 64
454.556 -69
455.555 -17
456.554 46
457.553 26
458.552 10
459.551 96
460.55 85
461.549 41
462.548 -77
463.547 -35
464.546 73
465.545 35
466.544 -47
467.543 -53
468.542 -22
469.541 31
470.54 -59
471.54 92
472.539 -85
473.538 18
474.537 -23
475.536 14
476.535 -88
477.534 -99
478.533 21
479.532 -66
480.531 31
481.53 -93
482.529 -17
483.528 32
484.527 93
485.526 63
486.525 -1
487.524 69
488.523 -38
489.522 -62
490.521 96
491.52 46
492.519 -69
493.518 -59
494.517 60
495.516 -58
496.515 -9
497.514 37
498.513 -89
499.512 -82
500.511 -13
501.51 -27
502.509 -79
503.508 72
504.507 -16
505.506 -50
506.505 -86
507.504 -55
508.503 20
509.502 3
510.501 71
511.5 -95
512.5 -9
513.499 71
514.498 -80
515.497 -98
516.496 -70
517.495 47
518.494 90
519.493 -42
520.492 85
521.491 -28
522.49 -94
523.489 -30
524.488 8
525.487 -9
526.486 15
527.485 66
528.484 49
529.483 -96
530.482 90
531.481 88
532.48 21
533.479 -92
534.478 -94
535.477 -13
536.476 89
537.475 44
538.474 -16
539.473 67
540.472 -3
541.471 -72
542.47 -98
543.469 63
544.468 -46
545.467 -87
546.466 -83
547.465 11
548.464 88
549.463 6
550.462 0
551.461 51
552.46 96
553.46 94
554.459 25
555.458 -37
556.457 -60
557.456 -59
558.455 -23
559.454 28
560.453 72
561.452 -27
562.451 -41
563.45 -4
564.449 -45
565.448 23
566.447 16
567.446 -72
568.445 87
569.444 -54
570.443 -96
571.442 -18
572.441 79
573.44 49
574.439 34
575.438 -51
576.437 -17
577.436 80
578.435 -19
579.434 4
580.433 100
581.432 94
582.431 -98
583.43 -26
584.429 80
585.428 -60
586.427 -91
587.426 23
588.425 -38
589.424 -56
590.423 8
591.422 -40
592.421 -12
593.42 61
594.42 41
595.419 81
596.418 -7
597.417 -63
598.416 -55
599.415 -46
600.414 100
601.413 23
602.412 -57
603.411 -35
604.41 -92
605.409 -45
606.408 88
607.407 -59
608.406 55
609.405 99
610.404 -13
611.403 -85
612.402 70
613.401 -14
614.4 -27
615.399 63
616.398 2
617.397 1
618.396 -36
619.395 72
620.394 -31
621.393 46
622.392 92
623.391 -11
624.39 30
625.389 77
626.388 -18
627.387 -62
628.386 60
629.385 -24
630.384 33
631.383 -2
632.382 -67
633.381 -46
634.38 -32
635.38 -19
636.379 -81
637.378 32
638.377 -67
639.376 16
640.375 77
641.374 8
642.373 -73
643.372 41
644.371 55
645.37 43
646.369 91
647.368 -56
648.367 45
649.366 -87
650.365 63
651.364 45
652.363 -62
653.362 4
654.361 -85
655.36 34
656.359 76
657.358 -58
658.357 -97
659.356 96
660.355 54
661.354 14
662.353 75
663.352 6
664.351 -17
665.35 -53
666.349 64
667.348 85
668.347 94
669.346 58
670.345 25
671.344 8
672.343 -65
673.342 62
674.341 44
675.34 -59
676.34 -79
677.339 19
678.338 -44
679.337 -60
680.336 54
681.335 -66
682.334 7
683.333 63
684.332 55
685.331 -51
686.33 -13
687.329 51
688.328 38
689.327 8
690.326 -62
691.325 31
692.324 74
693.323 21
694.322 -20
695.321 -23
696.32 -54
697.319 -41
698.318 -9
699.317 -34
700.316 43
701.315 -57
702.314 26
703.313 -18
704.312 21
705.311 22
706.31 -48
707.309 -34
708.308 -36
709.307 -29
710.306 -28
711.305 10
712.304 60
713.303 67
714.302 -26
715.301 -30
716.3 -95
717.3 95
718.299 -10
719.298 66
720.297 87
721.296 -79
722.295 52
723.294 -56
724.293 -7
725.292 9
726.291 63
727.29 94
728.289 82
729.288 34
730.287 1
731.286 80
732.285 -96
733.284 -85
734.283 87
735.282 -34
736.281 62
737.28 99
738.279 75
739.278 34
740.277 -80
741.276 93
742.275 62
743.274 33
744.273 -78
745.272 -99
746.271 -22
747.27 67
748.269 -43
749.268 -61
750.267 56
751.266 -3
752.265 -43
753.264 74
754.263 11
755.262 9
756.261 75
757.26 -12
758.26 97
759.259 -39
760.258 -37
761.257 -64
762.256 -18
763.255 -91
764.254 63
765.253 4
766.252 98
767.251 32
768.25 -68
769.249 46
770.248 -75
771.247 49
772.246 -36
773.245 29
774.244 -2
775.243 58
776.242 -20
777.241 26
778.24 -89
779.239 77
780.238 -21
781.237 -70
782.236 -12
783.235 33
784.234 31
785.233 10
786.232 -19
787.231 -56
788.23 17
789.229 65
790.228 55
791.227 -41
792.226 5
793.225 -37
794.224 23
795.223 -3
796.222 -75
797.221 -24
798.22 -58
799.22 15
800.219 -30
801.218 -45
802.217 52
803.216 -61
804.215 44
805.214 -60
806.213 91
807.212 -66
808.211 -91
809.21 -70
810.209 -90
811.208 -15
812.207 25
813.206 36
814.205 -95
815.204 69
816.203 -5
817.202 22
818.201 -13
819.2 -9
820.199 37
821.198 94
822.197 -19
823.196 32
824.195 -70
825.194 46
826.193 7
827.192 -64
828.191 -8
829.19 8
830.189 3
831.188 -6
832.187 64
833.186 -62
834.185 -53
835.184 90
836.183 87
837.182 44
838.181 -85
839.18 -11
840.18 93
841.179 -55
842.178 -28
843.177 -23
844.176 44
845.175 43
846.174 -65
847.173 -89
848.172 -9
849.171 -69
850.17 -3
851.169 77
852.168 -71
853.167 -33
854.166 9
855.165 93
856.164 67
857.163 -80
858.162 -28
859.161 55
860.16 76
861.159 -74
862.158 80
863.157 6
864.156 78
865.155 42
866.154 -54
867.153 33
868.152 -97
869.151 58
870.15 -59
871.149 -40
872.148 -68
873.147 9
874.146 -30
875.145 -19
876.144 98
877.143 71
878.142 -56
879.141 -17
880.14 -11
881.14 17
882.139 32
883.138 70
884.137 63
885.136 82
886.135 20
887.134 -7
888.133 -30
889.132 38
890.131 20
891.13 -86
892.129 62
893.128 -3
894.127 43
895.126 84
896.125 -100
897.124 60
898.123 -33
899.122 17
900.121 45
901.12 -82
902.119 89
903.118 1
904.117 -39
905.116 79
906.115 68
907.114 -57
908.113 -61
909.112 -36
910.111 -2
911.11 -24
912.109 -78
913.108 -21
914.107 -24
915.106 34
916.105 66
917.104 -4
918.103 58
919.102 15
920.101 -2
921.1 16
922.1 100
923.099 -86
924.098 2
925.097 -95
926.096 97
927.095 -10
928.094 1
929.093 25
930.092 54
931.091 13
932.09 80
933.089 4
934.088 32
935.087 -6
936.086 -3
937.085 91
938.084 -61
939.083 71
940.082 -41
941.081 77
942.08 -30
943.079 -81
944.078 100
945.077 18
946.076 34
947.075 -21
948.074 -42
949.073 -40
950.072 -84
951.071 -58
952.07 30
953.069 1
954.068 51
955.067 -38
956.066 73
957.065 -73
958.064 93
959.063 -84
960.062 -97
961.061 0
962.06 77
963.06 -34
964.059 -75
965.058 4
966.057 -5
967.056 82
968.055 -76
969.054 20
970.053 15
971.052 -100
972.051 85
973.05 96
974.049 29
975.048 -17
976.047 -92
977.046 -57
978.045 -3
979.044 -13
980.043 30
981.042 -36
982.041 37
983.04 -43
984.039 35
985.038 32
986.037 10
987.036 -95
988.035 -24
989.034 -67
990.033 74
991.032 -1
992.031 -36
993.03 9
994.029 16
995.028 -72
996.027 -43
997.026 30
998.025 -21
999.024 72
1000.02 36
1001.02 70
1002.02 41
1003.02 58
1004.02 98
1005.02 67
1006.02 9
1007.02 8
1008.02 46
1009.01 -13
1010.01 -51
1011.01 -20
1012.01 13
1013.01 84
1014.01 -93
1015.01 19
1016.01 -7
1017.01 81
1018.01 -79
1019 14
1020 61
1021 60
1022 -98
1023 83
