0 15
7.93798 78
15.876 60
23.814 1
31.7519 3
39.6899 86
47.6279 -5
55.5659 -2
63.5039 81
71.4419 -34
79.3798 -31
87.3178 -21
95.2558 -93
103.194 67
111.132 32
119.07 38
127.008 -80
134.946 54
142.884 -88
150.822 -74
158.76 -11
166.698 -90
174.636 -15
182.574 87
190.512 54
198.45 96
206.388 -2
214.326 -70
222.264 -62
230.202 82
238.14 -97
246.078 -55
254.016 -77
261.953 90
269.891 -38
277.829 42
285.767 -68
293.705 -95
301.643 1
309.581 87
317.519 69
325.457 62
333.395 59
341.333 -64
349.271 -80
357.209 -56
365.147 -69
373.085 -80
381.023 -21
388.961 -74
396.899 -69
404.837 90
412.775 14
420.713 -3
428.651 91
436.589 -98
444.527 -60
452.465 45
460.403 -4
468.341 86
476.279 71
484.217 -6
492.155 94
500.093 62
508.031 -48
515.969 27
523.907 3
531.845 -49
539.783 91
547.721 -94
555.659 -91
563.597 98
571.535 -86
579.473 98
587.411 -25
595.349 24
603.287 -93
611.225 4
619.163 -82
627.101 2
635.039 0
642.977 -40
650.915 99
658.853 -15
666.791 -35
674.729 -65
682.667 11
690.605 92
698.543 -1
706.481 67
714.419 71
722.357 -80
730.295 -61
738.233 37
746.171 -40
754.109 61
762.047 -25
769.984 71
777.922 -28
785.86 -13
793.798 -8
801.736 -24
809.674 -48
817.612 16
825.55 54
833.488 -49
841.426 -32
849.364 -68
857.302 31
865.24 -64
873.178 67
881.116 52
889.054 27
896.992 -81
904.93 -51
912.868 -31
920.806 9
928.744 -93
936.682 75
944.62 24
952.558 81
960.496 -23
968.434 -89
976.372 76
984.31 43
992.248 53
1000.19 -14
1008.12 -33
1016.06 -82
