0 -80
1.9961 24
3.9922 -81
5.9883 24
7.98441 -59
9.98051 46
11.9766 31
13.9727 -77
15.9688 80
17.9649 -60
19.961 -53
21.9571 -58
23.9532 50
25.9493 23
27.9454 -83
29.9415 36
31.9376 80
33.9337 51
35.9298 -97
37.9259 56
39.922 -83
41.9181 63
43.9142 -73
45.9103 -2
47.9064 74
49.9025 -22
51.8986 10
53.8947 100
55.8908 -92
57.8869 1
59.883 -57
61.8791 -6
63.8752 25
65.8713 54
67.8674 45
69.8635 -50
71.8596 63
73.8558 35
75.8519 -61
77.848 15
79.8441 9
81.8402 -53
83.8363 -93
85.8324 47
87.8285 84
89.8246 -38
91.8207 6
93.8168 14
95.8129 -5
97.809 -1
99.8051 -77
101.801 -18
103.797 -76
105.793 -72
107.789 46
109.786 89
111.782 -98
113.778 16
115.774 -70
117.77 46
119.766 28
121.762 -12
123.758 2
125.754 -41
127.75 39
129.747 -94
131.743 54
133.739 94
135.735 -43
137.731 17
139.727 28
141.723 87
143.719 18
145.715 -68
147.712 -49
149.708 44
151.704 27
153.7 -92
155.696 21
157.692 25
159.688 56
161.684 31
163.68 63
165.676 -67
167.673 31
169.669 84
171.665 -23
173.661 -67
175.657 54
177.653 -82
179.649 -94
181.645 -7
183.641 -97
185.637 57
187.634 0
189.63 85
191.626 19
193.622 85
195.618 67
197.614 -2
199.61 56
201.606 -52
203.602 35
205.598 -97
207.595 -4
209.591 -15
211.587 -46
213.583 -19
215.579 -60
217.575 -41
219.571 -27
221.567 47
223.563 40
225.559 70
227.556 57
229.552 -25
231.548 44
233.544 1
235.54 30
237.536 15
239.532 -55
241.528 -8
243.524 74
245.52 59
247.517 -50
249.513 53
251.509 100
253.505 -5
255.501 -98
257.497 -60
259.493 77
261.489 -15
263.485 -46
265.481 -29
267.478 -17
269.474 59
271.47 37
273.466 63
275.462 -24
277.458 -6
279.454 -45
281.45 -14
283.446 65
285.442 -82
287.439 2
289.435 -74
291.431 -67
293.427 -94
295.423 44
297.419 -5
299.415 90
301.411 -20
303.407 1
305.404 -84
307.4 82
309.396 -74
311.392 -14
313.388 74
315.384 89
317.38 89
319.376 50
321.372 47
323.368 58
325.365 91
327.361 -66
329.357 12
331.353 54
333.349 21
335.345 25
337.341 66
339.337 -45
341.333 72
343.329 60
345.326 -82
347.322 -94
349.318 -7
351.314 7
353.31 66
355.306 -26
357.302 11
359.298 40
361.294 -48
363.29 69
365.287 -55
367.283 -30
369.279 -17
371.275 -59
373.271 40
375.267 -41
377.263 3
379.259 4
381.255 -68
383.251 -33
385.248 46
387.244 58
389.24 -99
391.236 1
393.232 4
395.228 -59
397.224 -50
399.22 -11
401.216 -10
403.212 12
405.209 -8
407.205 -62
409.201 8
411.197 -56
413.193 -77
415.189 -83
417.185 69
419.181 -39
421.177 50
423.173 94
425.17 -86
427.166 65
429.162 100
431.158 76
433.154 92
435.15 -57
437.146 -94
439.142 -55
441.138 -86
443.135 92
445.131 -23
447.127 26
449.123 56
451.119 70
453.115 -81
455.111 88
457.107 -84
459.103 21
461.099 94
463.096 22
465.092 10
467.088 41
469.084 17
471.08 -18
473.076 80
475.072 14
477.068 28
479.064 -100
481.06 -19
483.057 -13
485.053 5
487.049 68
489.045 59
491.041 -21
493.037 41
495.033 -92
497.029 78
499.025 2
501.021 -61
503.018 -95
505.014 24
507.01 -20
509.006 77
511.002 -2
512.998 92
514.994 -4
516.99 66
518.986 -28
520.982 3
522.979 -50
524.975 97
526.971 94
528.967 -52
530.963 -24
532.959 -84
534.955 -85
536.951 -85
538.947 -18
540.943 77
542.94 -14
544.936 -57
546.932 85
548.928 96
550.924 -74
552.92 29
554.916 93
556.912 -58
558.908 87
560.904 -84
562.901 84
564.897 -81
566.893 21
568.889 -5
570.885 28
572.881 56
574.877 -16
576.873 95
578.869 -99
580.865 -86
582.862 80
584.858 -95
586.854 30
588.85 81
590.846 13
592.842 -67
594.838 0
596.834 -61
598.83 57
600.827 3
602.823 83
604.819 -72
606.815 -14
608.811 78
610.807 36
612.803 -44
614.799 29
616.795 -73
618.791 70
620.788 -95
622.784 94
624.78 41
626.776 87
628.772 -45
630.768 -44
632.764 -19
634.76 -70
636.756 98
638.752 -13
640.749 -49
642.745 -32
644.741 73
646.737 -6
648.733 -36
650.729 -64
652.725 92
654.721 -5
656.717 70
658.713 57
660.71 -35
662.706 86
664.702 -76
666.698 36
668.694 -76
670.69 4
672.686 -38
674.682 31
676.678 -60
678.674 59
680.671 -97
682.667 65
684.663 -88
686.659 -99
688.655 35
690.651 88
692.647 46
694.643 86
696.639 36
698.635 64
700.632 -51
702.628 58
704.624 -93
706.62 51
708.616 -63
710.612 11
712.608 -99
714.604 -32
716.6 -6
718.596 24
720.593 -28
722.589 33
724.585 36
726.581 58
728.577 -76
730.573 27
732.569 23
734.565 -75
736.561 -2
738.558 -96
740.554 -14
742.55 -31
744.546 44
746.542 -65
748.538 -19
750.534 79
752.53 100
754.526 66
756.522 19
758.519 -46
760.515 -15
762.511 48
764.507 39
766.503 39
768.499 59
770.495 -15
772.491 -36
774.487 50
776.483 -53
778.48 71
780.476 -60
782.472 -85
784.468 7
786.464 -21
788.46 13
790.456 51
792.452 65
794.448 98
796.444 34
798.441 -30
800.437 -63
802.433 -73
804.429 -77
806.425 -30
808.421 -76
810.417 -38
812.413 40
814.409 27
816.405 30
818.402 -51
820.398 -58
822.394 90
824.39 -33
826.386 31
828.382 -17
830.378 -87
832.374 -24
834.37 -100
836.366 58
838.363 52
840.359 15
842.355 86
844.351 -92
846.347 -86
848.343 13
850.339 -89
852.335 -11
854.331 -3
856.327 25
858.324 94
860.32 -84
862.316 29
864.312 -4
866.308 -26
868.304 -60
870.3 -31
872.296 -47
874.292 -53
876.288 98
878.285 -93
880.281 -6
882.277 100
884.273 95
886.269 85
888.265 -64
890.261 90
892.257 2
894.253 -11
896.25 40
898.246 36
900.242 -11
902.238 1
904.234 -87
906.23 77
908.226 17
910.222 94
912.218 49
914.214 20
916.211 16
918.207 17
920.203 -70
922.199 -42
924.195 -42
926.191 -7
928.187 -91
930.183 -71
932.179 -60
934.175 50
936.172 -42
938.168 53
940.164 -91
942.16 51
944.156 85
946.152 48
948.148 -73
950.144 -40
952.14 61
954.136 -15
956.133 -14
958.129 61
960.125 -65
962.121 -83
964.117 -80
966.113 -71
968.109 -49
970.105 13
972.101 -38
974.097 -40
976.094 -82
978.09 -94
980.086 56
982.082 25
984.078 -79
986.074 -98
988.07 20
990.066 100
992.062 -74
994.058 -45
996.055 -18
998.051 4
1000.05 0
1002.04 46
1004.04 -32
1006.04 93
1008.03 10
1010.03 -62
1012.02 96
1014.02 75
1016.02 -99
1018.01 89
1020.01 -87
1022 -27
