0 88
3.98444 95
7.96887 30
11.9533 -62
15.9377 92
19.9222 -38
23.9066 -58
27.8911 21
31.8755 -58
35.8599 79
39.8444 43
43.8288 75
47.8132 -37
51.7977 55
55.7821 -50
59.7665 48
63.751 81
67.7354 98
71.7198 -55
75.7043 84
79.6887 28
83.6732 -51
87.6576 25
91.642 49
95.6265 70
99.6109 -72
103.595 -79
107.58 -2
111.564 35
115.549 -56
119.533 -2
123.518 20
127.502 85
131.486 62
135.471 4
139.455 28
143.44 52
147.424 62
151.409 -51
155.393 -100
159.377 -56
163.362 -58
167.346 23
171.331 47
175.315 96
179.3 58
183.284 -9
187.268 51
191.253 52
195.237 45
199.222 76
203.206 -21
207.191 65
211.175 -18
215.16 39
219.144 -87
223.128 78
227.113 34
231.097 50
235.082 -29
239.066 -24
243.051 40
247.035 -49
251.019 7
255.004 -56
258.988 34
262.973 62
266.957 -97
270.942 -20
274.926 43
278.911 -2
282.895 65
286.879 -69
290.864 -60
294.848 96
298.833 22
302.817 -2
306.802 -68
310.786 36
314.77 -20
318.755 -89
322.739 76
326.724 10
330.708 66
334.693 17
338.677 13
342.661 89
346.646 -100
350.63 15
354.615 -85
358.599 -41
362.584 -16
366.568 36
370.553 -72
374.537 -55
378.521 76
382.506 64
386.49 28
390.475 70
394.459 86
398.444 6
402.428 94
406.412 1
410.397 -73
414.381 0
418.366 -9
422.35 -59
426.335 49
430.319 -81
434.304 -28
438.288 93
442.272 -76
446.257 -6
450.241 37
454.226 -62
458.21 -92
462.195 70
466.179 -25
470.163 -73
474.148 78
478.132 -41
482.117 -90
486.101 -22
490.086 -69
494.07 89
498.054 12
502.039 -36
506.023 -19
510.008 -86
513.992 -100
517.977 -39
521.961 -71
525.946 77
529.93 -22
533.914 70
537.899 -45
541.883 -5
545.868 77
549.852 37
553.837 50
557.821 52
561.805 83
565.79 -4
569.774 32
573.759 95
577.743 -77
581.728 13
585.712 10
589.696 -18
593.681 98
597.665 48
601.65 -74
605.634 28
609.619 -60
613.603 97
617.588 -1
621.572 -62
625.556 -3
629.541 100
633.525 10
637.51 -80
641.494 14
645.479 -78
649.463 -17
653.447 -63
657.432 -21
661.416 -69
665.401 -59
669.385 -37
673.37 2
677.354 -64
681.339 22
685.323 -98
689.307 -91
693.292 -1
697.276 -75
701.261 -18
705.245 7
709.23 10
713.214 -5
717.198 51
721.183 14
725.167 -83
729.152 57
733.136 -94
737.121 -10
741.105 -82
745.089 -23
749.074 -75
753.058 -60
757.043 94
761.027 -17
765.012 44
768.996 52
772.981 -85
776.965 20
780.949 -75
784.934 12
788.918 98
792.903 40
796.887 -39
800.872 -75
804.856 75
808.84 24
812.825 2
816.809 46
820.794 31
824.778 77
828.763 -94
832.747 -49
836.732 82
840.716 26
844.7 -42
848.685 16
852.669 -73
856.654 71
860.638 35
864.623 -51
868.607 -10
872.591 95
876.576 99
880.56 -59
884.545 -90
888.529 0
892.514 -10
896.498 39
900.482 -24
904.467 81
908.451 81
912.436 -66
916.42 -91
920.405 -93
924.389 -34
928.374 79
932.358 37
936.342 -61
940.327 66
944.311 26
948.296 31
952.28 -22
956.265 54
960.249 -2
964.233 51
968.218 -24
972.202 9
976.187 87
980.171 -2
984.156 -40
988.14 97
992.125 14
996.109 -42
1000.09 67
1004.08 50
1008.06 -84
1012.05 31
1016.03 72
1020.02 -39
1024 -80
