0 46
15.7538 -54
31.5077 51
47.2615 -11
63.0154 18
78.7692 26
94.5231 79
110.277 58
126.031 -59
141.785 -26
157.538 7
173.292 -5
189.046 18
204.8 -58
220.554 67
236.308 -45
252.062 -79
267.815 -62
283.569 -8
299.323 4
315.077 17
330.831 -50
346.585 -6
362.338 55
378.092 -99
393.846 -94
409.6 99
425.354 -93
441.108 88
456.862 -74
472.615 -94
488.369 -96
504.123 -77
519.877 82
535.631 41
551.385 98
567.138 60
582.892 -55
598.646 -47
614.4 65
630.154 89
645.908 14
661.662 -60
677.415 49
693.169 64
708.923 51
724.677 13
740.431 28
756.185 -16
771.938 -18
787.692 75
803.446 -7
819.2 -99
834.954 49
850.708 82
866.462 33
882.215 -93
897.969 -39
913.723 -37
929.477 21
945.231 -17
960.985 81
976.738 11
992.492 35
1008.25 72
1024 -92
