0 33
3.98444 -28
7.96887 -31
11.9533 37
15.9377 22
19.9222 86
23.9066 -26
27.8911 63
31.8755 75
35.8599 33
39.8444 32
43.8288 -45
47.8132 -76
51.7977 -100
55.7821 -67
59.7665 -95
63.751 -31
67.7354 81
71.7198 -59
75.7043 98
79.6887 -76
83.6732 30
87.6576 -50
91.642 -85
95.6265 100
99.6109 88
103.595 98
107.58 -55
111.564 26
115.549 53
119.533 -3
123.518 63
127.502 96
131.486 55
135.471 -82
139.455 0
143.44 5
147.424 73
151.409 61
155.393 36
159.377 -88
163.362 -28
167.346 87
171.331 -69
175.315 -53
179.3 -83
183.284 23
187.268 -54
191.253 58
195.237 20
199.222 70
203.206 26
207.191 -55
211.175 -38
215.16 90
219.144 -72
223.128 -42
227.113 -7
231.097 4
235.082 -43
239.066 77
243.051 -79
247.035 -47
251.019 -91
255.004 -43
258.988 -5
262.973 53
266.957 -22
270.942 95
274.926 83
278.911 -48
282.895 30
286.879 99
290.864 63
294.848 -1
298.833 60
302.817 -27
306.802 -23
310.786 7
314.77 40
318.755 46
322.739 57
326.724 -57
330.708 10
334.693 -12
338.677 -68
342.661 -5
346.646 -82
350.63 59
354.615 -4
358.599 -7
362.584 87
366.568 -63
370.553 -66
374.537 4
378.521 -3
382.506 31
386.49 44
390.475 -26
394.459 -36
398.444 -85
402.428 -45
406.412 -88
410.397 -95
414.381 84
418.366 27
422.35 38
426.335 14
430.319 55
434.304 -4
438.288 -85
442.272 -89
446.257 -21
450.241 62
454.226 1
458.21 -40
462.195 -17
466.179 28
470.163 18
474.148 28
478.132 65
482.117 9
486.101 -32
490.086 -31
494.07 -82
498.054 -11
502.039 87
506.023 88
510.008 36
513.992 -97
517.977 62
521.961 -92
525.946 80
529.93 64
533.914 57
537.899 12
541.883 -20
545.868 20
549.852 36
553.837 94
557.821 -54
561.805 -40
565.79 -36
569.774 20
573.759 27
577.743 17
581.728 -8
585.712 17
589.696 -53
593.681 -41
597.665 -23
601.65 27
605.634 5
609.619 -73
613.603 -84
617.588 71
621.572 -55
625.556 49
629.541 -8
633.525 62
637.51 83
641.494 41
645.479 -93
649.463 98
653.447 88
657.432 93
661.416 -18
665.401 -5
669.385 74
673.37 84
677.354 -77
681.339 84
685.323 48
689.307 97
693.292 53
697.276 29
701.261 35
705.245 -93
709.23 -29
713.214 -75
717.198 -15
721.183 40
725.167 99
729.152 44
733.136 -62
737.121 69
741.105 19
745.089 76
749.074 -9
753.058 82
757.043 -41
761.027 -59
765.012 11
768.996 5
772.981 41
776.965 38
780.949 -34
784.934 5
788.918 24
792.903 -79
796.887 -53
800.872 -33
804.856 -98
808.84 -40
812.825 -43
816.809 51
820.794 -99
824.778 7
828.763 -95
832.747 77
836.732 91
840.716 65
844.7 -58
848.685 36
852.669 44
856.654 -79
860.638 -47
864.623 67
868.607 -64
872.591 -58
876.576 50
880.56 -78
884.545 -40
888.529 -50
892.514 -3
896.498 52
900.482 -87
904.467 -75
908.451 27
912.436 -24
916.42 68
920.405 70
924.389 13
928.374 -15
932.358 -33
936.342 -42
940.327 5
944.311 -14
948.296 2
952.28 -41
956.265 100
960.249 -48
964.233 10
968.218 -29
972.202 50
976.187 17
980.171 54
984.156 85
988.14 74
992.125 73
996.109 16
1000.09 -21
1004.08 -35
1008.06 76
1012.05 70
1016.03 40
1020.02 19
1024 21
