0 19
7.93798 -39
15.876 58
23.814 -62
31.7519 -6
39.6899 21
47.6279 32
55.5659 -11
63.5039 -12
71.4419 -56
79.3798 35
87.3178 62
95.2558 0
103.194 6
111.132 46
119.07 -68
127.008 4
134.946 37
142.884 62
150.822 -11
158.76 2
166.698 -57
174.636 47
182.574 -20
190.512 32
198.45 25
206.388 -47
214.326 -26
222.264 -81
230.202 26
238.14 -79
246.078 77
254.016 0
261.953 -35
269.891 25
277.829 -28
285.767 -88
293.705 83
301.643 -88
309.581 80
317.519 74
325.457 -29
333.395 -96
341.333 -68
349.271 -30
357.209 37
365.147 -34
373.085 -52
381.023 89
388.961 -41
396.899 21
404.837 -61
412.775 57
420.713 -4
428.651 68
436.589 87
444.527 -10
452.465 -7
460.403 -25
468.341 33
476.279 -41
484.217 -34
492.155 37
500.093 -55
508.031 -30
515.969 -61
523.907 81
531.845 11
539.783 -75
547.721 -47
555.659 73
563.597 58
571.535 35
579.473 74
587.411 19
595.349 -34
603.287 28
611.225 -12
619.163 81
627.101 96
635.039 -39
642.977 -98
650.915 -14
658.853 -90
666.791 24
674.729 -79
682.667 41
690.605 -10
698.543 -68
706.481 -75
714.419 -67
722.357 15
730.295 51
738.233 96
746.171 87
754.109 -31
762.047 -20
769.984 -14
777.922 12
785.86 21
793.798 -10
801.736 -98
809.674 -66
817.612 5
825.55 6
833.488 -22
841.426 -54
849.364 4
857.302 -38
865.24 63
873.178 22
881.116 -59
889.054 81
896.992 -40
904.93 -60
912.868 -10
920.806 -92
928.744 -60
936.682 -100
944.62 -64
952.558 35
960.496 55
968.434 52
976.372 24
984.31 -7
992.248 -22
1000.19 46
1008.12 23
1016.06 55
