0 -52
0.992248 40
1.9845 -77
2.97674 -22
3.96899 -3
4.96124 5
5.95349 -94
6.94574 -18
7.93798 -100
8.93023 87
9.92248 -67
10.9147 86
11.907 89
12.8992 64
13.8915 -20
14.8837 12
15.876 -47
16.8682 -64
17.8605 -16
18.8527 -65
19.845 86
20.8372 7
21.8295 16
22.8217 -95
23.814 31
24.8062 -84
25.7984 25
26.7907 -44
27.7829 -53
28.7752 90
29.7674 24
30.7597 -87
31.7519 20
32.7442 37
33.7364 -96
34.7287 -29
35.7209 75
36.7132 -72
37.7054 -17
38.6977 31
39.6899 -64
40.6822 45
41.6744 73
42.6667 0
43.6589 63
44.6512 64
45.6434 -29
46.6357 88
47.6279 77
48.6202 66
49.6124 52
50.6047 -19
51.5969 11
52.5891 12
53.5814 -9
54.5736 8
55.5659 -75
56.5581 86
57.5504 -62
58.5426 23
59.5349 76
60.5271 39
61.5194 -55
62.5116 -83
63.5039 46
64.4961 -62
65.4884 -96
66.4806 49
67.4729 49
68.4651 -71
69.4574 -40
70.4496 36
71.4419 79
72.4341 9
73.4264 -82
74.4186 85
75.4109 43
76.4031 -23
77.3953 -13
78.3876 -86
79.3798 19
80.3721 75
81.3643 -12
82.3566 -62
83.3488 65
84.3411 -3
85.3333 -18
86.3256 1
87.3178 -11
88.3101 44
89.3023 -66
90.2946 -99
91.2868 26
92.2791 -1
93.2713 -49
94.2636 -24
95.2558 -8
96.2481 83
97.2403 -13
98.2326 41
99.2248 -18
100.217 45
101.209 -30
102.202 -45
103.194 61
104.186 -75
105.178 -95
106.171 91
107.163 97
108.155 39
109.147 58
110.14 -57
111.132 37
112.124 -55
113.116 -16
114.109 -78
115.101 72
116.093 96
117.085 -54
118.078 23
119.07 30
120.062 41
121.054 -61
122.047 47
123.039 8
124.031 -96
125.023 95
126.016 64
127.008 -57
