0 -65
0.992248 -30
1.9845 86
2.97674 25
3.96899 -98
4.96124 -72
5.95349 -40
6.94574 -56
7.93798 -94
8.93023 73
9.92248 -31
10.9147 32
11.907 -91
12.8992 -30
13.8915 50
14.8837 -26
15.876 -92
16.8682 -40
17.8605 -20
18.8527 98
19.845 29
20.8372 -74
21.8295 21
22.8217 -63
23.814 -42
24.8062 -62
25.7984 -1
26.7907 61
27.7829 -31
28.7752 46
29.7674 -22
30.7597 25
31.7519 -83
32.7442 83
33.7364 -92
34.7287 -49
35.7209 1
36.7132 3
37.7054 55
38.6977 6
39.6899 -98
40.6822 -56
41.6744 75
42.6667 -69
43.6589 -59
44.6512 8
45.6434 5
46.6357 3
47.6279 2
48.6202 -25
49.6124 -4
50.6047 11
51.5969 59
52.5891 50
53.5814 -86
54.5736 -14
55.5659 66
56.5581 -4
57.5504 9
58.5426 -68
59.5349 15
60.5271 -29
61.5194 21
62.5116 -6
63.5039 -44
64.4961 4
65.4884 60
66.4806 -85
67.4729 -83
68.4651 49
69.4574 27
70.4496 -50
71.4419 -94
72.4341 -91
73.4264 1
74.4186 -91
75.4109 83
76.4031 -36
77.3953 7
78.3876 65
79.3798 63
80.3721 4
81.3643 41
82.3566 10
83.3488 72
84.3411 -74
85.3333 37
86.3256 -64
87.3178 -82
88.3101 60
89.3023 -97
90.2946 -70
91.2868 96
92.2791 -5
93.2713 -14
94.2636 57
95.2558 -45
96.2481 -73
97.2403 -53
98.2326 -34
99.2248 27
100.217 -33
101.209 -29
102.202 44
103.194 -55
104.186 -81
105.178 -35
106.171 -63
107.163 4
108.155 97
109.147 -69
110.14 -8
111.132 89
112.124 -46
113.116 86
114.109 75
115.101 -81
116.093 -51
117.085 15
118.078 -50
119.07 49
120.062 27
121.054 -1
122.047 -67
123.039 -85
124.031 -3
125.023 38
126.016 61
127.008 -37
