0 -86
1.96923 -86
3.93846 87
5.90769 -31
7.87692 -74
9.84615 -78
11.8154 75
13.7846 -33
15.7538 -51
17.7231 -70
19.6923 67
21.6615 86
23.6308 16
25.6 -77
27.5692 -90
29.5385 2
31.5077 -56
33.4769 8
35.4462 -91
37.4154 93
39.3846 62
41.3538 -93
43.3231 -12
45.2923 8
47.2615 98
49.2308 1
51.2 -6
53.1692 95
55.1385 88
57.1077 4
59.0769 -12
61.0462 -9
63.0154 -91
64.9846 60
66.9538 93
68.9231 -7
70.8923 -54
72.8615 59
74.8308 18
76.8 82
78.7692 -74
80.7385 -55
82.7077 -100
84.6769 18
86.6462 -54
88.6154 -38
90.5846 -40
92.5538 -100
94.5231 95
96.4923 -95
98.4615 -18
100.431 -65
102.4 -35
104.369 -44
106.338 14
108.308 -80
110.277 -45
112.246 45
114.215 20
116.185 59
118.154 -91
120.123 1
122.092 -90
124.062 -46
126.031 -16
128 -3
