0 63
1.96923 35
3.93846 17
5.90769 -2
7.87692 61
9.84615 92
11.8154 -28
13.7846 -75
15.7538 21
17.7231 -31
19.6923 56
21.6615 -87
23.6308 96
25.6 -28
27.5692 8
29.5385 62
31.5077 27
33.4769 80
35.4462 84
37.4154 -90
39.3846 34
41.3538 -97
43.3231 52
45.2923 47
47.2615 -53
49.2308 71
51.2 -20
53.1692 62
55.1385 -30
57.1077 -73
59.0769 -6
61.0462 -39
63.0154 10
64.9846 -80
66.9538 -28
68.9231 -17
70.8923 75
72.8615 -57
74.8308 44
76.8 93
78.7692 36
80.7385 -61
82.7077 89
84.6769 -11
86.6462 -45
88.6154 -15
90.5846 84
92.5538 -90
94.5231 -46
96.4923 39
98.4615 33
100.431 -8
102.4 7
104.369 40
106.338 -6
108.308 -92
110.277 50
112.246 -20
114.215 -28
116.185 -12
118.154 -31
120.123 -82
122.092 3
124.062 13
126.031 33
128 88
