0 -64
1.9845 -59
3.96899 -21
5.95349 -54
7.93798 -23
9.92248 54
11.907 71
13.8915 62
15.876 -22
17.8605 -53
19.845 -63
21.8295 1
23.814 -81
25.7984 92
27.7829 -59
29.7674 46
31.7519 83
33.7364 90
35.7209 82
37.7054 -54
39.6899 -28
41.6744 35
43.6589 68
45.6434 -43
47.6279 -84
49.6124 14
51.5969 88
53.5814 24
55.5659 99
57.5504 31
59.5349 51
61.5194 31
63.5039 25
65.4884 62
67.4729 61
69.4574 -44
71.4419 19
73.4264 26
75.4109 59
77.3953 28
79.3798 33
81.3643 30
83.3488 -81
85.3333 -44
87.3178 93
89.3023 -67
91.2868 -10
93.2713 -92
95.2558 69
97.2403 62
99.2248 -70
101.209 -8
103.194 -42
105.178 3
107.163 38
109.147 32
111.132 37
113.116 68
115.101 59
117.085 -23
119.07 42
121.054 -30
123.039 -11
125.023 8
127.008 -19
128.992 92
130.977 -10
132.961 83
134.946 -18
136.93 71
138.915 -57
140.899 79
142.884 -32
144.868 -66
146.853 -75
148.837 -25
150.822 -65
152.806 -51
154.791 94
156.775 -53
158.76 -86
160.744 -20
162.729 -22
164.713 -16
166.698 22
168.682 -66
170.667 -39
172.651 -51
174.636 11
176.62 -23
178.605 30
180.589 89
182.574 8
184.558 23
186.543 -64
188.527 57
190.512 -71
192.496 -81
194.481 -59
196.465 64
198.45 35
200.434 74
202.419 29
204.403 61
206.388 -4
208.372 82
210.357 56
212.341 8
214.326 -2
216.31 -69
218.295 -49
220.279 -76
222.264 21
224.248 -68
226.233 -65
228.217 48
230.202 43
232.186 67
234.171 57
236.155 -37
238.14 -5
240.124 59
242.109 19
244.093 14
246.078 50
248.062 -23
250.047 -45
252.031 -56
254.016 90
