0 -6
3.93846 98
7.87692 92
11.8154 -43
15.7538 62
19.6923 -17
23.6308 -37
27.5692 -71
31.5077 -69
35.4462 39
39.3846 -78
43.3231 87
47.2615 -91
51.2 78
55.1385 -75
59.0769 -39
63.0154 42
66.9538 67
70.8923 -69
74.8308 27
78.7692 -27
82.7077 1
86.6462 80
90.5846 28
94.5231 62
98.4615 47
102.4 -44
106.338 -93
110.277 -91
114.215 -42
118.154 60
122.092 18
126.031 -94
129.969 -2
133.908 3
137.846 -9
141.785 -59
145.723 -47
149.662 -80
153.6 90
157.538 26
161.477 88
165.415 -98
169.354 -3
173.292 -23
177.231 54
181.169 84
185.108 -44
189.046 -40
192.985 59
196.923 74
200.862 -12
204.8 100
208.738 4
212.677 -69
216.615 -54
220.554 47
224.492 -86
228.431 -43
232.369 62
236.308 44
240.246 87
244.185 -53
248.123 -81
252.062 49
256 -21
