0 -58
1.9845 -99
3.96899 -88
5.95349 -54
7.93798 79
9.92248 90
11.907 24
13.8915 -65
15.876 69
17.8605 11
19.845 44
21.8295 -27
23.814 -69
25.7984 -10
27.7829 40
29.7674 -52
31.7519 -52
33.7364 43
35.7209 -76
37.7054 68
39.6899 90
41.6744 73
43.6589 18
45.6434 78
47.6279 -75
49.6124 63
51.5969 -10
53.5814 -89
55.5659 -3
57.5504 -37
59.5349 -51
61.5194 -61
63.5039 -47
65.4884 20
67.4729 -41
69.4574 88
71.4419 -68
73.4264 6
75.4109 62
77.3953 81
79.3798 -2
81.3643 31
83.3488 -100
85.3333 59
87.3178 98
89.3023 -93
91.2868 48
93.2713 26
95.2558 -45
97.2403 -6
99.2248 -63
101.209 34
103.194 7
105.178 82
107.163 57
109.147 98
111.132 42
113.116 24
115.101 60
117.085 72
119.07 92
121.054 -84
123.039 -91
125.023 -67
127.008 -5
128.992 -21
130.977 66
132.961 21
134.946 68
136.93 16
138.915 -47
140.899 8
142.884 -52
144.868 -57
146.853 -99
148.837 57
150.822 -34
152.806 -46
154.791 12
156.775 -2
158.76 -29
160.744 73
162.729 36
164.713 -6
166.698 100
168.682 -75
170.667 -62
172.651 -49
174.636 9
176.62 -92
178.605 65
180.589 -75
182.574 -84
184.558 -8
186.543 63
188.527 95
190.512 95
192.496 -51
194.481 67
196.465 45
198.45 -49
200.434 29
202.419 68
204.403 -45
206.388 59
208.372 13
210.357 -76
212.341 -84
214.326 30
216.31 -23
218.295 66
220.279 83
222.264 91
224.248 -12
226.233 68
228.217 74
230.202 63
232.186 63
234.171 -34
236.155 53
238.14 52
240.124 -59
242.109 -67
244.093 1
246.078 -62
248.062 -7
250.047 57
252.031 10
254.016 11
