0 81
1.9845 -62
3.96899 88
5.95349 -75
7.93798 -92
9.92248 16
11.907 39
13.8915 -60
15.876 2
17.8605 2
19.845 92
21.8295 66
23.814 -95
25.7984 54
27.7829 30
29.7674 -11
31.7519 67
33.7364 10
35.7209 -49
37.7054 -85
39.6899 -30
41.6744 88
43.6589 -45
45.6434 30
47.6279 -19
49.6124 -34
51.5969 78
53.5814 -28
55.5659 -100
57.5504 60
59.5349 -9
61.5194 30
63.5039 -63
65.4884 60
67.4729 -71
69.4574 -60
71.4419 22
73.4264 -37
75.4109 -54
77.3953 -82
79.3798 37
81.3643 -96
83.3488 7
85.3333 -1
87.3178 -57
89.3023 -12
91.2868 -21
93.2713 66
95.2558 51
97.2403 -82
99.2248 -65
101.209 -24
103.194 42
105.178 81
107.163 -3
109.147 -30
111.132 -78
113.116 58
115.101 -32
117.085 78
119.07 -96
121.054 97
123.039 85
125.023 90
127.008 -20
128.992 -49
130.977 -9
132.961 -53
134.946 -44
136.93 -87
138.915 93
140.899 6
142.884 92
144.868 58
146.853 -42
148.837 13
150.822 -55
152.806 50
154.791 -78
156.775 -12
158.76 33
160.744 -26
162.729 64
164.713 -51
166.698 -93
168.682 -12
170.667 77
172.651 -59
174.636 74
176.62 -98
178.605 -9
180.589 -82
182.574 27
184.558 12
186.543 -46
188.527 -87
190.512 44
192.496 -81
194.481 88
196.465 -75
198.45 -89
200.434 -59
202.419 -34
204.403 -56
206.388 63
208.372 -36
210.357 -9
212.341 -52
214.326 4
216.31 97
218.295 -77
220.279 77
222.264 38
224.248 97
226.233 72
228.217 -21
230.202 55
232.186 -84
234.171 -4
236.155 -4
238.14 -49
240.124 -59
242.109 93
244.093 -66
246.078 -32
248.062 10
250.047 -18
252.031 100
254.016 87
