0 -95
7.87692 69
15.7538 13
23.6308 -91
31.5077 85
39.3846 -31
47.2615 -86
55.1385 -25
63.0154 -41
70.8923 -7
78.7692 -74
86.6462 28
94.5231 -79
102.4 32
110.277 11
118.154 -59
126.031 -86
133.908 -33
141.785 89
149.662 84
157.538 -82
165.415 -18
173.292 95
181.169 -41
189.046 28
196.923 41
204.8 -54
212.677 71
220.554 54
228.431 79
236.308 -92
244.185 3
252.062 5
259.938 58
267.815 -45
275.692 31
283.569 60
291.446 -85
299.323 29
307.2 80
315.077 44
322.954 75
330.831 -77
338.708 -74
346.585 -91
354.462 -1
362.338 92
370.215 -62
378.092 -98
385.969 -25
393.846 50
401.723 97
409.6 -34
417.477 -28
425.354 -45
433.231 -30
441.108 46
448.985 -8
456.862 27
464.738 74
472.615 -62
480.492 -69
488.369 25
496.246 43
504.123 -96
512 -76
