0 80
7.87692 -32
15.7538 39
23.6308 -72
31.5077 -32
39.3846 -79
47.2615 -64
55.1385 -61
63.0154 91
70.8923 86
78.7692 -66
86.6462 -46
94.5231 -23
102.4 65
110.277 97
118.154 -31
126.031 1
133.908 84
141.785 82
149.662 66
157.538 -54
165.415 77
173.292 7
181.169 -52
189.046 59
196.923 16
204.8 -26
212.677 90
220.554 60
228.431 -56
236.308 -67
244.185 26
252.062 48
259.938 50
267.815 84
275.692 -75
283.569 58
291.446 42
299.323 -34
307.2 86
315.077 -52
322.954 -52
330.831 -96
338.708 -60
346.585 -64
354.462 84
362.338 -22
370.215 -4
378.092 -76
385.969 -68
393.846 -33
401.723 -74
409.6 -42
417.477 -38
425.354 30
433.231 -64
441.108 56
448.985 66
456.862 52
464.738 -64
472.615 58
480.492 -70
488.369 36
496.246 -66
504.123 10
512 66
