0 -99
1.99222 5
3.98444 -33
5.97665 48
7.96887 -84
9.96109 27
11.9533 77
13.9455 -99
15.9377 54
17.93 -65
19.9222 22
21.9144 18
23.9066 -84
25.8988 90
27.8911 53
29.8833 22
31.8755 30
33.8677 -26
35.8599 86
37.8521 -83
39.8444 52
41.8366 -39
43.8288 -56
45.821 17
47.8132 -82
49.8054 63
51.7977 39
53.7899 -67
55.7821 -14
57.7743 -53
59.7665 -82
61.7588 -46
63.751 -30
65.7432 -66
67.7354 69
69.7276 1
71.7198 74
73.7121 -77
75.7043 -43
77.6965 92
79.6887 -22
81.6809 -9
83.6732 36
85.6654 96
87.6576 -79
89.6498 76
91.642 -95
93.6342 84
95.6265 -14
97.6187 36
99.6109 -25
101.603 -28
103.595 76
105.588 43
107.58 -97
109.572 69
111.564 33
113.556 -14
115.549 39
117.541 -87
119.533 -6
121.525 71
123.518 -92
125.51 90
127.502 70
129.494 -8
131.486 -92
133.479 26
135.471 97
137.463 69
139.455 44
141.447 91
143.44 53
145.432 -37
147.424 -9
149.416 20
151.409 100
153.401 -100
155.393 -40
157.385 7
159.377 -99
161.37 -99
163.362 -80
165.354 -33
167.346 -54
169.339 -52
171.331 70
173.323 -23
175.315 -50
177.307 90
179.3 35
181.292 -40
183.284 27
185.276 33
187.268 13
189.261 86
191.253 18
193.245 -33
195.237 -47
197.23 -91
199.222 55
201.214 94
203.206 -32
205.198 -10
207.191 -20
209.183 44
211.175 36
213.167 33
215.16 67
217.152 54
219.144 -43
221.136 -52
223.128 -8
225.121 -33
227.113 56
229.105 100
231.097 4
233.089 -50
235.082 4
237.074 96
239.066 -26
241.058 -12
243.051 -73
245.043 39
247.035 90
249.027 -58
251.019 -38
253.012 74
255.004 75
256.996 -88
258.988 -12
260.981 -48
262.973 -24
264.965 64
266.957 41
268.949 64
270.942 41
272.934 61
274.926 -22
276.918 40
278.911 18
280.903 74
282.895 52
284.887 54
286.879 1
288.872 -88
290.864 -3
292.856 -69
294.848 86
296.84 -28
298.833 47
300.825 40
302.817 3
304.809 -88
306.802 41
308.794 67
310.786 -36
312.778 -17
314.77 3
316.763 -17
318.755 71
320.747 -29
322.739 0
324.732 13
326.724 27
328.716 20
330.708 -19
332.7 19
334.693 -4
336.685 -93
338.677 1
340.669 38
342.661 42
344.654 5
346.646 -30
348.638 52
350.63 -77
352.623 -82
354.615 -73
356.607 -11
358.599 22
360.591 53
362.584 -30
364.576 12
366.568 72
368.56 33
370.553 73
372.545 6
374.537 93
376.529 5
378.521 5
380.514 -93
382.506 -33
384.498 14
386.49 89
388.482 97
390.475 -70
392.467 -57
394.459 -98
396.451 -58
398.444 -28
400.436 -6
402.428 3
404.42 75
406.412 -58
408.405 72
410.397 -32
412.389 83
414.381 21
416.374 32
418.366 98
420.358 -52
422.35 71
424.342 32
426.335 81
428.327 -81
430.319 -9
432.311 -29
434.304 -5
436.296 -51
438.288 -22
440.28 100
442.272 -14
444.265 41
446.257 -55
448.249 -68
450.241 97
452.233 -5
454.226 97
456.218 81
458.21 11
460.202 -17
462.195 -47
464.187 11
466.179 0
468.171 25
470.163 -31
472.156 56
474.148 94
476.14 65
478.132 71
480.125 -51
482.117 -79
484.109 60
486.101 40
488.093 40
490.086 23
492.078 -9
494.07 37
496.062 81
498.054 -66
500.047 -25
502.039 -99
504.031 96
506.023 3
508.016 -91
510.008 -62
512 -15
