0 -35
7.87692 97
15.7538 20
23.6308 11
31.5077 -79
39.3846 98
47.2615 -73
55.1385 28
63.0154 -56
70.8923 -14
78.7692 -44
86.6462 -88
94.5231 4
102.4 12
110.277 37
118.154 -35
126.031 -93
133.908 69
141.785 -79
149.662 -32
157.538 88
165.415 -62
173.292 79
181.169 -78
189.046 -79
196.923 -28
204.8 -20
212.677 -50
220.554 68
228.431 42
236.308 -99
244.185 -83
252.062 -78
259.938 99
267.815 -12
275.692 57
283.569 -70
291.446 85
299.323 35
307.2 91
315.077 44
322.954 -30
330.831 -68
338.708 52
346.585 33
354.462 23
362.338 64
370.215 79
378.092 -25
385.969 63
393.846 75
401.723 49
409.6 41
417.477 3
425.354 76
433.231 7
441.108 6
448.985 3
456.862 -3
464.738 -4
472.615 -26
480.492 -74
488.369 -2
496.246 78
504.123 94
512 -57
