0 21
1.99222 -9
3.98444 -21
5.97665 -7
7.96887 98
9.96109 95
11.9533 -80
13.9455 60
15.9377 -15
17.93 8
19.9222 -86
21.9144 -42
23.9066 -63
25.8988 -46
27.8911 38
29.8833 52
31.8755 57
33.8677 -25
35.8599 31
37.8521 -92
39.8444 -82
41.8366 -87
43.8288 -86
45.821 -70
47.8132 -23
49.8054 -96
51.7977 99
53.7899 -53
55.7821 13
57.7743 -100
59.7665 -10
61.7588 78
63.751 -40
65.7432 60
67.7354 -93
69.7276 60
71.7198 70
73.7121 -52
75.7043 22
77.6965 34
79.6887 12
81.6809 100
83.6732 71
85.6654 13
87.6576 -34
89.6498 -12
91.642 16
93.6342 25
95.6265 92
97.6187 47
99.6109 -39
101.603 -98
103.595 -96
105.588 45
107.58 -95
109.572 46
111.564 -85
113.556 51
115.549 -54
117.541 47
119.533 -75
121.525 -35
123.518 43
125.51 -70
127.502 25
129.494 -96
131.486 55
133.479 58
135.471 89
137.463 30
139.455 -75
141.447 52
143.44 60
145.432 -66
147.424 -18
149.416 -37
151.409 -26
153.401 75
155.393 -68
157.385 -38
159.377 90
161.37 25
163.362 33
165.354 12
167.346 -93
169.339 -41
171.331 88
173.323 34
175.315 -10
177.307 -89
179.3 -86
181.292 -31
183.284 -13
185.276 97
187.268 25
189.261 17
191.253 18
193.245 29
195.237 -66
197.23 12
199.222 -39
201.214 -15
203.206 -53
205.198 -75
207.191 64
209.183 -63
211.175 20
213.167 63
215.16 -42
217.152 8
219.144 41
221.136 58
223.128 -12
225.121 -73
227.113 4
229.105 -52
231.097 -95
233.089 -23
235.082 -87
237.074 60
239.066 -16
241.058 -95
243.051 15
245.043 -18
247.035 -26
249.027 -38
251.019 78
253.012 -98
255.004 -15
256.996 34
258.988 -75
260.981 51
262.973 83
264.965 -83
266.957 67
268.949 -46
270.942 51
272.934 12
274.926 74
276.918 -5
278.911 -79
280.903 0
282.895 36
284.887 59
286.879 49
288.872 -5
290.864 19
292.856 -52
294.848 -24
296.84 60
298.833 24
300.825 -14
302.817 -91
304.809 -22
306.802 -48
308.794 -11
310.786 -41
312.778 63
314.77 -97
316.763 16
318.755 -36
320.747 32
322.739 40
324.732 22
326.724 -47
328.716 79
330.708 72
332.7 17
334.693 -54
336.685 21
338.677 -3
340.669 -35
342.661 19
344.654 69
346.646 -20
348.638 -20
350.63 36
352.623 -39
354.615 79
356.607 -74
358.599 62
360.591 74
362.584 -12
364.576 5
366.568 -36
368.56 -80
370.553 85
372.545 -68
374.537 13
376.529 -91
378.521 59
380.514 92
382.506 41
384.498 -23
386.49 58
388.482 43
390.475 -53
392.467 75
394.459 -45
396.451 -42
398.444 64
400.436 35
402.428 -81
404.42 -35
406.412 -64
408.405 34
410.397 92
412.389 -62
414.381 28
416.374 -30
418.366 33
420.358 58
422.35 -45
424.342 0
426.335 -23
428.327 -13
430.319 -66
432.311 36
434.304 37
436.296 98
438.288 60
440.28 -58
442.272 33
444.265 -55
446.257 43
448.249 -31
450.241 67
452.233 20
454.226 -73
456.218 12
458.21 -45
460.202 22
462.195 -9
464.187 -94
466.179 36
468.171 -20
470.163 -41
472.156 70
474.148 -35
476.14 -78
478.132 15
480.125 -62
482.117 37
484.109 -26
486.101 44
488.093 -17
490.086 15
492.078 -95
494.07 -78
496.062 52
498.054 89
500.047 -87
502.039 45
504.031 -46
506.023 45
508.016 22
510.008 -80
512 13
