0 -87
0.998051 40
1.9961 56
2.99415 98
3.9922 -65
4.99025 87
5.9883 -76
6.98635 -56
7.98441 -83
8.98246 87
9.98051 -73
10.9786 11
11.9766 71
12.9747 -93
13.9727 -93
14.9708 -5
15.9688 59
16.9669 57
17.9649 42
18.963 11
19.961 61
20.9591 -75
21.9571 -67
22.9552 -3
23.9532 -13
24.9513 88
25.9493 34
26.9474 -18
27.9454 63
28.9435 78
29.9415 -30
30.9396 49
31.9376 9
32.9357 -48
33.9337 -32
34.9318 97
35.9298 72
36.9279 -74
37.9259 23
38.924 -53
39.922 61
40.9201 -78
41.9181 66
42.9162 -87
43.9142 -44
44.9123 -57
45.9103 -80
46.9084 87
47.9064 19
48.9045 -74
49.9025 -10
50.9006 50
51.8986 55
52.8967 -9
53.8947 9
54.8928 -21
55.8908 -1
56.8889 20
57.8869 -73
58.885 -66
59.883 -44
60.8811 -67
61.8791 96
62.8772 -36
63.8752 74
64.8733 56
65.8713 86
66.8694 82
67.8674 -19
68.8655 20
69.8635 78
70.8616 -99
71.8596 48
72.8577 -94
73.8558 -13
74.8538 -81
75.8519 59
76.8499 35
77.848 -83
78.846 5
79.8441 41
80.8421 -25
81.8402 -44
82.8382 -96
83.8363 -65
84.8343 -87
85.8324 -15
86.8304 -63
87.8285 37
88.8265 -96
89.8246 -54
90.8226 -13
91.8207 90
92.8187 89
93.8168 -76
94.8148 -11
95.8129 -90
96.8109 -23
97.809 -54
98.807 2
99.8051 88
100.803 -19
101.801 -21
102.799 -57
103.797 -34
104.795 65
105.793 -59
106.791 -41
107.789 98
108.788 -31
109.786 14
110.784 -92
111.782 84
112.78 29
113.778 -18
114.776 -42
115.774 55
116.772 62
117.77 75
118.768 -73
119.766 63
120.764 -20
121.762 24
122.76 -31
123.758 -49
124.756 -33
125.754 -43
126.752 -48
127.75 -97
128.749 -32
129.747 -49
130.745 -57
131.743 32
132.741 12
133.739 97
134.737 -95
135.735 -68
136.733 94
137.731 66
138.729 19
139.727 -14
140.725 -98
141.723 -94
142.721 -63
143.719 76
144.717 20
145.715 18
146.713 -35
147.712 -49
148.71 -44
149.708 82
150.706 -6
151.704 -82
152.702 -95
153.7 -90
154.698 -100
155.696 10
156.694 96
157.692 87
158.69 43
159.688 -72
160.686 -98
161.684 87
162.682 40
163.68 -63
164.678 -44
165.676 -22
166.674 14
167.673 -62
168.671 38
169.669 -66
170.667 56
171.665 33
172.663 16
173.661 36
174.659 -44
175.657 40
176.655 -22
177.653 6
178.651 46
179.649 -33
180.647 -40
181.645 -44
182.643 82
183.641 -80
184.639 94
185.637 -92
186.635 9
187.634 95
188.632 -100
189.63 22
190.628 70
191.626 68
192.624 27
193.622 34
194.62 26
195.618 54
196.616 2
197.614 24
198.612 16
199.61 27
200.608 16
201.606 52
202.604 -38
203.602 82
204.6 65
205.598 36
206.596 53
207.595 48
208.593 37
209.591 -68
210.589 81
211.587 70
212.585 -80
213.583 69
214.581 44
215.579 -92
216.577 -37
217.575 24
218.573 -59
219.571 26
220.569 0
221.567 -30
222.565 -3
223.563 100
224.561 84
225.559 84
226.558 -76
227.556 62
228.554 -93
229.552 99
230.55 -92
231.548 83
232.546 -80
233.544 -19
234.542 -37
235.54 66
236.538 -3
237.536 62
238.534 -60
239.532 -31
240.53 -19
241.528 76
242.526 -77
243.524 -48
244.522 100
245.52 -99
246.519 31
247.517 -87
248.515 55
249.513 65
250.511 -75
251.509 30
252.507 27
253.505 -59
254.503 -28
255.501 59
256.499 -18
257.497 10
258.495 51
259.493 -63
260.491 34
261.489 1
262.487 70
263.485 51
264.483 63
265.481 -51
266.48 41
267.478 58
268.476 97
269.474 -68
270.472 -29
271.47 -98
272.468 49
273.466 56
274.464 -90
275.462 -30
276.46 -30
277.458 29
278.456 53
279.454 43
280.452 -48
281.45 61
282.448 -1
283.446 43
284.444 95
285.442 -87
286.441 56
287.439 57
288.437 78
289.435 -76
290.433 -69
291.431 -75
292.429 49
293.427 -46
294.425 88
295.423 72
296.421 -62
297.419 83
298.417 -13
299.415 -14
300.413 -45
301.411 -39
302.409 56
303.407 -59
304.405 79
305.404 91
306.402 -37
307.4 -35
308.398 41
309.396 18
310.394 62
311.392 -44
312.39 99
313.388 -88
314.386 71
315.384 -83
316.382 -64
317.38 -32
318.378 36
319.376 -35
320.374 3
321.372 -62
322.37 -43
323.368 23
324.366 77
325.365 12
326.363 -96
327.361 -51
328.359 44
329.357 10
330.355 38
331.353 63
332.351 25
333.349 -67
334.347 -51
335.345 -98
336.343 -29
337.341 9
338.339 -12
339.337 -43
340.335 21
341.333 -83
342.331 -69
343.329 11
344.327 -15
345.326 -60
346.324 -33
347.322 35
348.32 -87
349.318 -78
350.316 -10
351.314 31
352.312 -9
353.31 -27
354.308 66
355.306 -83
356.304 -70
357.302 -55
358.3 -96
359.298 61
360.296 96
361.294 -83
362.292 -93
363.29 45
364.288 89
365.287 -95
366.285 8
367.283 -75
368.281 36
369.279 47
370.277 -64
371.275 17
372.273 -18
373.271 -28
374.269 22
375.267 -61
376.265 46
377.263 -87
378.261 -80
379.259 31
380.257 60
381.255 17
382.253 -70
383.251 -82
384.25 76
385.248 7
386.246 -60
387.244 25
388.242 -70
389.24 -32
390.238 -96
391.236 -85
392.234 -91
393.232 -68
394.23 -93
395.228 82
396.226 -8
397.224 -2
398.222 -7
399.22 65
400.218 -28
401.216 89
402.214 -46
403.212 93
404.211 -46
405.209 13
406.207 60
407.205 73
408.203 44
409.201 75
410.199 93
411.197 -86
412.195 -86
413.193 95
414.191 -6
415.189 -88
416.187 -5
417.185 -25
418.183 -98
419.181 -51
420.179 56
421.177 -76
422.175 -99
423.173 -50
424.172 -35
425.17 44
426.168 -79
427.166 28
428.164 -71
429.162 88
430.16 -41
431.158 74
432.156 -13
433.154 -58
434.152 -27
435.15 35
436.148 18
437.146 -45
438.144 54
439.142 -67
440.14 -5
441.138 -75
442.136 73
443.135 84
444.133 -99
445.131 88
446.129 38
447.127 14
448.125 -63
449.123 37
450.121 -42
451.119 -31
452.117 9
453.115 -100
454.113 23
455.111 -26
456.109 -55
457.107 -9
458.105 -5
459.103 18
460.101 -40
461.099 8
462.097 99
463.096 -84
464.094 -63
465.092 89
466.09 0
467.088 -25
468.086 -22
469.084 -32
470.082 -78
471.08 16
472.078 -43
473.076 -32
474.074 -63
475.072 17
476.07 10
477.068 -98
478.066 61
479.064 -58
480.062 -37
481.06 3
482.058 -22
483.057 -81
484.055 -11
485.053 8
486.051 -26
487.049 84
488.047 32
489.045 70
490.043 60
491.041 9
492.039 -58
493.037 7
494.035 -66
495.033 -86
496.031 -44
497.029 5
498.027 -84
499.025 -28
500.023 -77
501.021 -3
502.019 -89
503.018 -21
504.016 -40
505.014 78
506.012 4
507.01 69
508.008 -63
509.006 -6
510.004 -7
511.002 -11
