0 8
0.998051 -6
1.9961 24
2.99415 -41
3.9922 -40
4.99025 50
5.9883 82
6.98635 -52
7.98441 10
8.98246 64
9.98051 16
10.9786 -33
11.9766 49
12.9747 -43
13.9727 90
14.9708 -17
15.9688 -19
16.9669 -47
17.9649 54
18.963 21
19.961 -96
20.9591 -96
21.9571 -95
22.9552 -85
23.9532 96
24.9513 21
25.9493 -75
26.9474 -26
27.9454 -85
28.9435 -94
29.9415 -38
30.9396 -13
31.9376 58
32.9357 2
33.9337 -70
34.9318 26
35.9298 10
36.9279 47
37.9259 -23
38.924 92
39.922 34
40.9201 29
41.9181 -38
42.9162 85
43.9142 6
44.9123 -60
45.9103 -24
46.9084 -95
47.9064 35
48.9045 29
49.9025 -13
50.9006 -80
51.8986 -96
52.8967 -51
53.8947 -71
54.8928 -40
55.8908 78
56.8889 83
57.8869 -86
58.885 27
59.883 45
60.8811 54
61.8791 95
62.8772 38
63.8752 -42
64.8733 -44
65.8713 -74
66.8694 66
67.8674 27
68.8655 -33
69.8635 83
70.8616 44
71.8596 -40
72.8577 -78
73.8558 20
74.8538 96
75.8519 -32
76.8499 76
77.848 30
78.846 29
79.8441 -38
80.8421 90
81.8402 -73
82.8382 -73
83.8363 -74
84.8343 -41
85.8324 34
86.8304 82
87.8285 89
88.8265 -95
89.8246 42
90.8226 -97
91.8207 89
92.8187 -20
93.8168 78
94.8148 78
95.8129 -88
96.8109 97
97.809 93
98.807 -26
99.8051 99
100.803 -100
101.801 -58
102.799 9
103.797 65
104.795 -7
105.793 -86
106.791 -67
107.789 89
108.788 -55
109.786 -62
110.784 -2
111.782 -91
112.78 -5
113.778 -94
114.776 43
115.774 -22
116.772 -68
117.77 21
118.768 79
119.766 -96
120.764 -48
121.762 -2
122.76 23
123.758 18
124.756 19
125.754 83
126.752 -26
127.75 30
128.749 74
129.747 76
130.745 -88
131.743 23
132.741 -100
133.739 -31
134.737 -60
135.735 68
136.733 -89
137.731 13
138.729 -80
139.727 -54
140.725 36
141.723 -26
142.721 89
143.719 -11
144.717 61
145.715 3
146.713 -61
147.712 -71
148.71 78
149.708 78
150.706 55
151.704 71
152.702 -77
153.7 92
154.698 94
155.696 -8
156.694 9
157.692 20
158.69 -18
159.688 -23
160.686 -60
161.684 -69
162.682 -7
163.68 94
164.678 92
165.676 -87
166.674 -39
167.673 -13
168.671 -30
169.669 -88
170.667 93
171.665 -24
172.663 -14
173.661 43
174.659 -98
175.657 48
176.655 -94
177.653 -53
178.651 31
179.649 66
180.647 -7
181.645 26
182.643 89
183.641 -73
184.639 -37
185.637 99
186.635 45
187.634 -71
188.632 -1
189.63 -50
190.628 29
191.626 -73
192.624 50
193.622 3
194.62 -33
195.618 -91
196.616 -97
197.614 9
198.612 -95
199.61 17
200.608 -73
201.606 -56
202.604 -76
203.602 -91
204.6 -13
205.598 -73
206.596 -86
207.595 -23
208.593 -21
209.591 -38
210.589 -34
211.587 19
212.585 -37
213.583 -85
214.581 19
215.579 7
216.577 -27
217.575 9
218.573 54
219.571 12
220.569 94
221.567 29
222.565 3
223.563 77
224.561 23
225.559 -89
226.558 73
227.556 -5
228.554 51
229.552 94
230.55 -52
231.548 -100
232.546 -96
233.544 -26
234.542 53
235.54 28
236.538 -55
237.536 23
238.534 85
239.532 -68
240.53 0
241.528 66
242.526 -77
243.524 60
244.522 59
245.52 -96
246.519 -48
247.517 -67
248.515 49
249.513 -36
250.511 -41
251.509 83
252.507 12
253.505 -46
254.503 -79
255.501 12
256.499 -35
257.497 -33
258.495 69
259.493 31
260.491 74
261.489 -54
262.487 2
263.485 -54
264.483 -94
265.481 38
266.48 42
267.478 77
268.476 64
269.474 -51
270.472 59
271.47 24
272.468 62
273.466 -35
274.464 -67
275.462 94
276.46 -80
277.458 -17
278.456 37
279.454 -48
280.452 -93
281.45 -32
282.448 47
283.446 35
284.444 20
285.442 -40
286.441 -77
287.439 -47
288.437 -57
289.435 85
290.433 62
291.431 -93
292.429 87
293.427 -63
294.425 44
295.423 16
296.421 51
297.419 74
298.417 20
299.415 12
300.413 73
301.411 -6
302.409 47
303.407 18
304.405 58
305.404 31
306.402 6
307.4 -94
308.398 -47
309.396 -100
310.394 35
311.392 83
312.39 -18
313.388 11
314.386 92
315.384 96
316.382 -35
317.38 7
318.378 -100
319.376 4
320.374 -42
321.372 76
322.37 -52
323.368 -28
324.366 -12
325.365 49
326.363 18
327.361 46
328.359 -34
329.357 1
330.355 1
331.353 98
332.351 -29
333.349 -96
334.347 -80
335.345 -47
336.343 -23
337.341 -23
338.339 93
339.337 70
340.335 0
341.333 52
342.331 44
343.329 -69
344.327 -25
345.326 1
346.324 -63
347.322 -80
348.32 -4
349.318 46
350.316 -3
351.314 -14
352.312 59
353.31 -97
354.308 -29
355.306 -61
356.304 -9
357.302 -4
358.3 24
359.298 -17
360.296 51
361.294 -67
362.292 52
363.29 91
364.288 -92
365.287 67
366.285 10
367.283 32
368.281 49
369.279 -70
370.277 85
371.275 75
372.273 22
373.271 59
374.269 -79
375.267 -100
376.265 -66
377.263 68
378.261 68
379.259 -83
380.257 23
381.255 -14
382.253 -84
383.251 -47
384.25 -86
385.248 -56
386.246 -66
387.244 -94
388.242 31
389.24 -23
390.238 74
391.236 98
392.234 -73
393.232 34
394.23 -68
395.228 56
396.226 -85
397.224 -17
398.222 -95
399.22 -20
400.218 36
401.216 -29
402.214 -71
403.212 37
404.211 -50
405.209 57
406.207 -52
407.205 32
408.203 13
409.201 -6
410.199 98
411.197 62
412.195 87
413.193 52
414.191 -14
415.189 -42
416.187 35
417.185 1
418.183 95
419.181 62
420.179 42
421.177 -97
422.175 -86
423.173 37
424.172 27
425.17 63
426.168 -63
427.166 17
428.164 -23
429.162 -44
430.16 -40
431.158 -85
432.156 63
433.154 59
434.152 -28
435.15 72
436.148 -12
437.146 -55
438.144 -87
439.142 -93
440.14 49
441.138 64
442.136 1
443.135 12
444.133 27
445.131 -68
446.129 -53
447.127 37
448.125 -32
449.123 -1
450.121 67
451.119 52
452.117 48
453.115 81
454.113 -52
455.111 62
456.109 43
457.107 -42
458.105 31
459.103 37
460.101 80
461.099 -35
462.097 -93
463.096 68
464.094 -13
465.092 14
466.09 -25
467.088 70
468.086 -80
469.084 93
470.082 63
471.08 46
472.078 21
473.076 33
474.074 -35
475.072 -32
476.07 51
477.068 21
478.066 98
479.064 -13
480.062 100
481.06 -54
482.058 45
483.057 -59
484.055 -11
485.053 71
486.051 -52
487.049 -70
488.047 5
489.045 -12
490.043 -75
491.041 37
492.039 -19
493.037 76
494.035 -79
495.033 -14
496.031 1
497.029 43
498.027 -25
499.025 75
500.023 -72
501.021 19
502.019 -54
503.018 56
504.016 23
505.014 -76
506.012 63
507.01 79
508.008 60
509.006 -91
510.004 -7
511.002 -63
