0 -2
0.984615 -23
1.96923 -30
2.95385 -48
3.93846 -42
4.92308 -35
5.90769 10
6.89231 -10
7.87692 65
8.86154 54
9.84615 95
10.8308 6
11.8154 81
12.8 42
13.7846 -71
14.7692 29
15.7538 87
16.7385 -18
17.7231 36
18.7077 -26
19.6923 76
20.6769 52
21.6615 50
22.6462 -35
23.6308 -43
24.6154 63
25.6 95
26.5846 73
27.5692 41
28.5538 86
29.5385 76
30.5231 7
31.5077 35
32.4923 66
33.4769 3
34.4615 -3
35.4462 -7
36.4308 -19
37.4154 24
38.4 61
39.3846 -36
40.3692 24
41.3538 77
42.3385 58
43.3231 -31
44.3077 99
45.2923 71
46.2769 29
47.2615 54
48.2462 -68
49.2308 65
50.2154 63
51.2 -61
52.1846 3
53.1692 -49
54.1538 -90
55.1385 -6
56.1231 22
57.1077 65
58.0923 25
59.0769 88
60.0615 94
61.0462 38
62.0308 79
63.0154 -53
64 28
