4 1 - 200 - 0.4982739448547363 1 1
4 1 - 200 - 0.4592099666595459 1 2
4 1 - 200 - 0.5616483449935913 1 4
4 2 - 200 - 0.5520941019058228 1 1
4 2 - 200 - 0.5908241271972656 1 2
4 2 - 200 - 0.780621600151062 1 4
4 4 - 200 - 0.7637669086456299 1 1
4 4 - 200 - 0.9639280080795288 1 2
4 4 - 200 - 1.2902828693389892 1 4
8 1 - 200 - 0.7754801273345947 1 1
8 1 - 200 - 0.6559109210968017 1 2
8 1 - 200 - 0.7043680667877197 1 4
8 1 - 200 - 0.9422472953796387 1 8
8 2 - 200 - 0.8800551891326904 1 1
8 2 - 200 - 0.8202438831329346 1 2
8 2 - 200 - 0.9645519733428956 1 4
8 2 - 200 - 1.3503278493881226 1 8
8 4 - 200 - 1.1614167451858521 1 1
8 4 - 200 - 1.2805996417999268 1 2
8 4 - 200 - 1.6329022169113159 1 4
8 4 - 200 - 2.4008628129959106 1 8
8 8 - 200 - 2.1634090662002565 1 1
8 8 - 200 - 2.7397900819778442 1 2
8 8 - 200 - 3.6365752696990965 1 4
8 8 - 200 - 5.742329430580139 1 8
16 1 - 200 - 1.644186019897461 1 1
16 1 - 200 - 1.1802134275436402 1 2
16 1 - 200 - 1.0583036899566651 1 4
16 1 - 200 - 1.2073550939559936 1 8
16 1 - 200 - 1.7015878438949585 1 16
16 2 - 200 - 1.828848671913147 1 1
16 2 - 200 - 1.42014000415802 1 2
16 2 - 200 - 1.4048291444778442 1 4
16 2 - 200 - 1.7282416582107545 1 8
16 1 - 200 - 1.1904597282409668 1 2
16 4 - 200 - 2.0758508682250976 1 2
16 4 - 200 - 2.310771918296814 1 4
16 4 - 200 - 3.092149567604065 1 8
16 8 - 200 - 4.582719945907593 1 2
16 8 - 200 - 5.327736020088196 1 4
32 1 - 200 - 2.7771991968154905 1 2
32 1 - 200 - 2.0475750207901 1 4
32 1 - 200 - 1.9027171373367309 1 8
32 2 - 200 - 3.1922192335128785 1 2
32 2 - 200 - 2.557673788070679 1 4
32 2 - 200 - 2.5621625185012817 1 8
32 4 - 200 - 4.292290353775025 1 2
32 4 - 200 - 3.875498580932617 1 4
32 4 - 200 - 4.304550909996033 1 8
32 8 - 200 - 9.070224642753601 1 2
32 8 - 200 - 9.154087591171265 1 4
32 8 - 200 - 10.673587679862976 1 8
