4 1 - 0 - 0.15329742431640625 0
4 1 - 1 - 0.13397812843322754 0
4 1 - 2 - 0.13182401657104492 0
4 1 - 3 - 0.12801647186279297 0
4 1 - 4 - 0.1254560947418213 0
4 1 - 5 - 0.13249945640563965 0
4 1 - 6 - 0.12898921966552734 0
4 1 - 7 - 0.12695550918579102 0
4 1 - 8 - 0.12952971458435059 0
4 1 - 9 - 0.12807297706604004 0
4 1 - 10 - 0.12920308113098145 0
4 1 - 11 - 0.12490558624267578 0
4 1 - 12 - 0.17405390739440918 1
4 1 - 13 - 0.1246023178100586 0
4 1 - 14 - 0.12647795677185059 0
4 1 - 15 - 0.12717986106872559 0
4 1 - 16 - 0.1266157627105713 0
4 1 - 17 - 0.13162446022033691 0
4 1 - 18 - 0.13160228729248047 0
4 1 - 19 - 0.1302196979522705 0
4 1 - 20 - 0.13113045692443848 0
4 1 - 21 - 0.12810611724853516 0
4 1 - 22 - 0.1302950382232666 0
4 1 - 23 - 0.12604284286499023 0
4 1 - 24 - 0.12910103797912598 0
4 1 - 25 - 0.12767314910888672 0
4 1 - 26 - 0.1289687156677246 0
4 1 - 27 - 0.12443089485168457 0
4 1 - 28 - 0.12936925888061523 0
4 1 - 29 - 0.12723803520202637 0
4 1 - 30 - 0.16745758056640625 1
4 1 - 31 - 0.12653231620788574 0
4 1 - 32 - 0.12574315071105957 0
4 1 - 33 - 0.1315476894378662 0
4 1 - 34 - 0.12943387031555176 0
4 1 - 35 - 0.16242051124572754 1
4 1 - 36 - 0.12616658210754395 0
4 1 - 37 - 0.126420259475708 0
4 1 - 38 - 0.12684965133666992 0
4 1 - 39 - 0.1272289752960205 0
4 1 - 40 - 0.13335895538330078 0
4 1 - 41 - 0.12798643112182617 0
4 1 - 42 - 0.12666964530944824 0
4 1 - 43 - 0.12635278701782227 0
4 1 - 44 - 0.1322484016418457 0
4 1 - 45 - 0.12945032119750977 0
4 1 - 46 - 0.12796592712402344 0
4 1 - 47 - 0.12951016426086426 0
4 1 - 48 - 0.13236188888549805 0
4 1 - 49 - 0.17348170280456543 1
4 1 - 50 - 0.13159513473510742 0
4 1 - 51 - 0.1326136589050293 0
4 1 - 52 - 0.13137555122375488 0
4 1 - 53 - 0.1307663917541504 0
4 1 - 54 - 0.13312554359436035 0
4 1 - 55 - 0.133223295211792 0
4 1 - 56 - 0.13909125328063965 0
4 1 - 57 - 0.137648344039917 0
4 1 - 58 - 0.1366713047027588 0
4 1 - 59 - 0.1339094638824463 0
4 1 - 60 - 0.13010668754577637 0
4 1 - 61 - 0.13482451438903809 0
4 1 - 62 - 0.12954187393188477 0
4 1 - 63 - 0.1286778450012207 0
4 1 - 64 - 0.13543009757995605 0
4 1 - 65 - 0.1301896572113037 0
4 1 - 66 - 0.13689541816711426 0
4 1 - 67 - 0.13352537155151367 0
4 1 - 68 - 0.13136911392211914 0
4 1 - 69 - 0.13222169876098633 0
4 1 - 70 - 0.13909411430358887 0
4 1 - 71 - 0.1415097713470459 0
4 1 - 72 - 0.13708972930908203 0
4 1 - 73 - 0.17899107933044434 1
4 1 - 74 - 0.12988829612731934 0
4 1 - 75 - 0.12588047981262207 0
4 1 - 76 - 0.17344141006469727 1
4 1 - 77 - 0.13375091552734375 0
4 1 - 78 - 0.14022588729858398 0
4 1 - 79 - 0.13636517524719238 0
4 1 - 80 - 0.14601659774780273 0
4 1 - 81 - 0.17765045166015625 1
4 1 - 82 - 0.12675976753234863 0
4 1 - 83 - 0.13527846336364746 0
4 1 - 84 - 0.1375107765197754 0
4 1 - 85 - 0.1404893398284912 0
4 1 - 86 - 0.13924837112426758 0
4 1 - 87 - 0.13780713081359863 0
4 1 - 88 - 0.15390539169311523 0
4 1 - 89 - 0.1433265209197998 0
4 1 - 90 - 0.13350534439086914 0
4 1 - 91 - 0.1344895362854004 0
4 1 - 92 - 0.12909221649169922 0
4 1 - 93 - 0.17123031616210938 1
4 1 - 94 - 0.1256856918334961 0
4 1 - 95 - 0.13105225563049316 0
4 1 - 96 - 0.13038182258605957 0
4 1 - 97 - 0.12842655181884766 0
4 1 - 98 - 0.12715363502502441 0
4 1 - 99 - 0.13608002662658691 0
4 2 - 0 - 0.2161271572113037 1
4 2 - 1 - 0.21665549278259277 1
4 2 - 2 - 0.22286748886108398 1
4 2 - 3 - 0.21483778953552246 1
4 2 - 4 - 0.2180633544921875 1
4 2 - 5 - 0.22168374061584473 1
4 2 - 6 - 0.21714472770690918 1
4 2 - 7 - 0.22127008438110352 1
4 2 - 8 - 0.2168722152709961 1
4 2 - 9 - 0.21373319625854492 1
4 2 - 10 - 0.20702600479125977 1
4 2 - 11 - 0.1551375389099121 0
4 2 - 12 - 0.22098708152770996 1
4 2 - 13 - 0.22469019889831543 1
4 2 - 14 - 0.23635530471801758 1
4 2 - 15 - 0.21547698974609375 1
4 2 - 16 - 0.21889400482177734 1
4 2 - 17 - 0.16588997840881348 0
4 2 - 18 - 0.16153836250305176 0
4 2 - 19 - 0.24199461936950684 1
4 2 - 20 - 0.16611790657043457 0
4 2 - 21 - 0.15243005752563477 0
4 2 - 22 - 0.2095170021057129 1
4 2 - 23 - 0.21506810188293457 1
4 2 - 24 - 0.23128199577331543 1
4 2 - 25 - 0.22387099266052246 1
4 2 - 26 - 0.21223759651184082 1
4 2 - 27 - 0.22490215301513672 1
4 2 - 28 - 0.22634148597717285 1
4 2 - 29 - 0.2256031036376953 1
4 2 - 30 - 0.2079610824584961 1
4 2 - 31 - 0.2194042205810547 1
4 2 - 32 - 0.22043919563293457 1
4 2 - 33 - 0.2454373836517334 1
4 2 - 34 - 0.2024540901184082 1
4 2 - 35 - 0.2109997272491455 1
4 2 - 36 - 0.20640850067138672 1
4 2 - 37 - 0.21579837799072266 1
4 2 - 38 - 0.2276172637939453 1
4 2 - 39 - 0.20374536514282227 1
4 2 - 40 - 0.21639680862426758 1
4 2 - 41 - 0.1561143398284912 0
4 2 - 42 - 0.22028875350952148 1
4 2 - 43 - 0.2205030918121338 1
4 2 - 44 - 0.2233438491821289 1
4 2 - 45 - 0.22014856338500977 1
4 2 - 46 - 0.22293686866760254 1
4 2 - 47 - 0.20952177047729492 1
4 2 - 48 - 0.21929597854614258 1
4 2 - 49 - 0.22510862350463867 1
4 2 - 50 - 0.22562384605407715 1
4 2 - 51 - 0.21455669403076172 1
4 2 - 52 - 0.15778350830078125 0
4 2 - 53 - 0.22507977485656738 1
4 2 - 54 - 0.15164852142333984 0
4 2 - 55 - 0.24930620193481445 1
4 2 - 56 - 0.23422741889953613 1
4 2 - 57 - 0.23078227043151855 1
4 2 - 58 - 0.2418227195739746 1
4 2 - 59 - 0.2123713493347168 1
4 2 - 60 - 0.14770722389221191 0
4 2 - 61 - 0.20960617065429688 1
4 2 - 62 - 0.22281789779663086 1
4 2 - 63 - 0.15440750122070312 0
4 2 - 64 - 0.14914631843566895 0
4 2 - 65 - 0.2678992748260498 0
4 2 - 66 - 0.22728848457336426 1
4 2 - 67 - 0.20628571510314941 1
4 2 - 68 - 0.21887803077697754 1
4 2 - 69 - 0.21853947639465332 1
4 2 - 70 - 0.21060991287231445 1
4 2 - 71 - 0.2179105281829834 1
4 2 - 72 - 0.22225451469421387 1
4 2 - 73 - 0.2114722728729248 1
4 2 - 74 - 0.21956515312194824 1
4 2 - 75 - 0.21616220474243164 1
4 2 - 76 - 0.22485613822937012 1
4 2 - 77 - 0.21671700477600098 1
4 2 - 78 - 0.21613168716430664 1
4 2 - 79 - 0.21590137481689453 1
4 2 - 80 - 0.22370576858520508 1
4 2 - 81 - 0.22434210777282715 1
4 2 - 82 - 0.2337348461151123 1
4 2 - 83 - 0.22674798965454102 1
4 2 - 84 - 0.16498327255249023 0
4 2 - 85 - 0.24593496322631836 1
4 2 - 86 - 0.2204139232635498 1
4 2 - 87 - 0.14550280570983887 0
4 2 - 88 - 0.23032498359680176 1
4 2 - 89 - 0.22051048278808594 1
4 2 - 90 - 0.24032330513000488 1
4 2 - 91 - 0.23005294799804688 1
4 2 - 92 - 0.22321605682373047 1
4 2 - 93 - 0.19641447067260742 1
4 2 - 94 - 0.2270674705505371 1
4 2 - 95 - 0.20759153366088867 1
4 2 - 96 - 0.212144136428833 1
4 2 - 97 - 0.15253734588623047 0
4 2 - 98 - 0.15862441062927246 0
4 2 - 99 - 0.2202622890472412 1
4 4 - 0 - 0.32930994033813477 1
4 4 - 1 - 0.3283412456512451 1
4 4 - 2 - 0.33639049530029297 1
4 4 - 3 - 0.33775949478149414 1
4 4 - 4 - 0.3449413776397705 1
4 4 - 5 - 0.3214263916015625 1
4 4 - 6 - 0.33101892471313477 1
4 4 - 7 - 0.3424983024597168 1
4 4 - 8 - 0.3122990131378174 1
4 4 - 9 - 0.3418092727661133 1
4 4 - 10 - 0.3379685878753662 1
4 4 - 11 - 0.32819342613220215 1
4 4 - 12 - 0.33411216735839844 1
4 4 - 13 - 0.3197007179260254 1
4 4 - 14 - 0.31249189376831055 1
4 4 - 15 - 0.3294820785522461 1
4 4 - 16 - 0.326676607131958 1
4 4 - 17 - 0.323620080947876 1
4 4 - 18 - 0.34984803199768066 1
4 4 - 19 - 0.3456239700317383 1
4 4 - 20 - 0.3310863971710205 1
4 4 - 21 - 0.33342647552490234 1
4 4 - 22 - 0.32326745986938477 1
4 4 - 23 - 0.33216166496276855 1
4 4 - 24 - 0.32430362701416016 1
4 4 - 25 - 0.32573699951171875 1
4 4 - 26 - 0.3348052501678467 1
4 4 - 27 - 0.3759472370147705 1
4 4 - 28 - 0.36125779151916504 1
4 4 - 29 - 0.32149219512939453 1
4 4 - 30 - 0.33652281761169434 1
4 4 - 31 - 0.35724401473999023 1
4 4 - 32 - 0.367764949798584 1
4 4 - 33 - 0.3645007610321045 1
4 4 - 34 - 0.33609533309936523 1
4 4 - 35 - 0.34612131118774414 1
4 4 - 36 - 0.3221573829650879 1
4 4 - 37 - 0.3278050422668457 1
4 4 - 38 - 0.335313081741333 1
4 4 - 39 - 0.31211256980895996 1
4 4 - 40 - 0.3410964012145996 1
4 4 - 41 - 0.35355043411254883 1
4 4 - 42 - 0.3233199119567871 1
4 4 - 43 - 0.3530893325805664 1
4 4 - 44 - 0.3336679935455322 1
4 4 - 45 - 0.35425448417663574 1
4 4 - 46 - 0.32526278495788574 1
4 4 - 47 - 0.36170148849487305 1
4 4 - 48 - 0.35740137100219727 1
4 4 - 49 - 0.3485233783721924 1
4 4 - 50 - 0.3437163829803467 1
4 4 - 51 - 0.37519168853759766 1
4 4 - 52 - 0.37290501594543457 1
4 4 - 53 - 0.34962940216064453 1
4 4 - 54 - 0.3345959186553955 1
4 4 - 55 - 0.3393559455871582 1
4 4 - 56 - 0.3277404308319092 1
4 4 - 57 - 0.334902286529541 1
4 4 - 58 - 0.34427714347839355 1
4 4 - 59 - 0.32967543601989746 1
4 4 - 60 - 0.3381977081298828 1
4 4 - 61 - 0.34278225898742676 1
4 4 - 62 - 0.3442537784576416 1
4 4 - 63 - 0.34567809104919434 1
4 4 - 64 - 0.32448244094848633 1
4 4 - 65 - 0.3350386619567871 1
4 4 - 66 - 0.3328874111175537 1
4 4 - 67 - 0.3378148078918457 1
4 4 - 68 - 0.33184289932250977 1
4 4 - 69 - 0.35584115982055664 1
4 4 - 70 - 0.3291504383087158 1
4 4 - 71 - 0.335050106048584 1
4 4 - 72 - 0.33060550689697266 1
4 4 - 73 - 0.3363070487976074 1
4 4 - 74 - 0.3260805606842041 1
4 4 - 75 - 0.3446338176727295 1
4 4 - 76 - 0.34117698669433594 1
4 4 - 77 - 0.3444538116455078 1
4 4 - 78 - 0.3368954658508301 1
4 4 - 79 - 0.3446643352508545 1
4 4 - 80 - 0.33353185653686523 1
4 4 - 81 - 0.33917856216430664 1
4 4 - 82 - 0.3487699031829834 1
4 4 - 83 - 0.34701061248779297 1
4 4 - 84 - 0.33731675148010254 1
4 4 - 85 - 0.3656458854675293 1
4 4 - 86 - 0.3332812786102295 1
4 4 - 87 - 0.34046387672424316 1
4 4 - 88 - 0.3270225524902344 1
4 4 - 89 - 0.36645030975341797 1
4 4 - 90 - 0.3581118583679199 1
4 4 - 91 - 0.3359520435333252 1
4 4 - 92 - 0.35447025299072266 1
4 4 - 93 - 0.34046363830566406 1
4 4 - 94 - 0.3318777084350586 1
4 4 - 95 - 0.33561062812805176 1
4 4 - 96 - 0.3445611000061035 1
4 4 - 97 - 0.3375387191772461 1
4 4 - 98 - 0.36478185653686523 1
4 4 - 99 - 0.35867834091186523 1
8 1 - 0 - 0.28260350227355957 0
8 1 - 1 - 0.29331064224243164 0
8 1 - 2 - 0.3002665042877197 0
8 1 - 3 - 0.2820289134979248 0
8 1 - 4 - 0.29521727561950684 0
8 1 - 5 - 0.2944629192352295 0
8 1 - 6 - 0.3050119876861572 0
8 1 - 7 - 0.27393627166748047 0
8 1 - 8 - 0.30791759490966797 0
8 1 - 9 - 0.2804248332977295 0
8 1 - 10 - 0.28476881980895996 0
8 1 - 11 - 0.2901151180267334 0
8 1 - 12 - 0.31501197814941406 0
8 1 - 13 - 0.30055737495422363 0
8 1 - 14 - 0.30242204666137695 0
8 1 - 15 - 0.2875978946685791 0
8 1 - 16 - 0.2780299186706543 0
8 1 - 17 - 0.2877349853515625 0
8 1 - 18 - 0.2760508060455322 0
8 1 - 19 - 0.27486562728881836 0
8 1 - 20 - 0.2829604148864746 0
8 1 - 21 - 0.2861301898956299 0
8 1 - 22 - 0.27967143058776855 0
8 1 - 23 - 0.2824127674102783 0
8 1 - 24 - 0.2768843173980713 0
8 1 - 25 - 0.2755162715911865 0
8 1 - 26 - 0.2888364791870117 0
8 1 - 27 - 0.2779219150543213 0
8 1 - 28 - 0.27219057083129883 0
8 1 - 29 - 0.2721731662750244 0
8 1 - 30 - 0.27350711822509766 0
8 1 - 31 - 0.2721536159515381 0
8 1 - 32 - 0.2761716842651367 0
8 1 - 33 - 0.2813417911529541 0
8 1 - 34 - 0.3360569477081299 1
8 1 - 35 - 0.2728080749511719 0
8 1 - 36 - 0.27787113189697266 0
8 1 - 37 - 0.2790241241455078 0
8 1 - 38 - 0.27294230461120605 0
8 1 - 39 - 0.29282712936401367 0
8 1 - 40 - 0.2951321601867676 0
8 1 - 41 - 0.2790858745574951 0
8 1 - 42 - 0.2812783718109131 0
8 1 - 43 - 0.28515124320983887 0
8 1 - 44 - 0.3025052547454834 0
8 1 - 45 - 0.2827146053314209 0
8 1 - 46 - 0.28858089447021484 0
8 1 - 47 - 0.278735876083374 0
8 1 - 48 - 0.2924613952636719 0
8 1 - 49 - 0.29074835777282715 0
8 1 - 50 - 0.29145193099975586 0
8 1 - 51 - 0.3080868721008301 0
8 1 - 52 - 0.3487873077392578 1
8 1 - 53 - 0.2797250747680664 0
8 1 - 54 - 0.2892603874206543 0
8 1 - 55 - 0.2945091724395752 0
8 1 - 56 - 0.29093098640441895 0
8 1 - 57 - 0.28726792335510254 0
8 1 - 58 - 0.29926085472106934 0
8 1 - 59 - 0.3038663864135742 0
8 1 - 60 - 0.2881507873535156 0
8 1 - 61 - 0.28997373580932617 0
8 1 - 62 - 0.28279542922973633 0
8 1 - 63 - 0.30094480514526367 0
8 1 - 64 - 0.277432918548584 0
8 1 - 65 - 0.28592562675476074 0
8 1 - 66 - 0.28059887886047363 0
8 1 - 67 - 0.2875351905822754 0
8 1 - 68 - 0.2840259075164795 0
8 1 - 69 - 0.28331971168518066 0
8 1 - 70 - 0.2815518379211426 0
8 1 - 71 - 0.2898373603820801 0
8 1 - 72 - 0.28699207305908203 0
8 1 - 73 - 0.3157074451446533 0
8 1 - 74 - 0.2875077724456787 0
8 1 - 75 - 0.27979516983032227 0
8 1 - 76 - 0.3217494487762451 0
8 1 - 77 - 0.3009974956512451 0
8 1 - 78 - 0.3090839385986328 0
8 1 - 79 - 0.301647424697876 0
8 1 - 80 - 0.28719115257263184 0
8 1 - 81 - 0.294461727142334 0
8 1 - 82 - 0.3495516777038574 1
8 1 - 83 - 0.31058812141418457 0
8 1 - 84 - 0.29686474800109863 0
8 1 - 85 - 0.28997087478637695 0
8 1 - 86 - 0.2920510768890381 0
8 1 - 87 - 0.29848623275756836 0
8 1 - 88 - 0.28173017501831055 0
8 1 - 89 - 0.2944455146789551 0
8 1 - 90 - 0.37410569190979004 1
8 1 - 91 - 0.31415748596191406 0
8 1 - 92 - 0.30205583572387695 0
8 1 - 93 - 0.3000192642211914 0
8 1 - 94 - 0.31410813331604004 0
8 1 - 95 - 0.38498830795288086 1
8 1 - 96 - 0.2982292175292969 0
8 1 - 97 - 0.32622814178466797 0
8 1 - 98 - 0.29665589332580566 0
8 1 - 99 - 0.30713415145874023 0
8 2 - 0 - 0.4593050479888916 1
8 2 - 1 - 0.4107675552368164 1
8 2 - 2 - 0.42395925521850586 1
8 2 - 3 - 0.5052506923675537 1
8 2 - 4 - 0.4555997848510742 1
8 2 - 5 - 0.35216856002807617 0
8 2 - 6 - 0.42931056022644043 1
8 2 - 7 - 0.4445953369140625 1
8 2 - 8 - 0.36663317680358887 0
8 2 - 9 - 0.3668098449707031 0
8 2 - 10 - 0.4185647964477539 1
8 2 - 11 - 0.33628058433532715 0
8 2 - 12 - 0.43871450424194336 1
8 2 - 13 - 0.4338040351867676 1
8 2 - 14 - 0.4238560199737549 1
8 2 - 15 - 0.4281892776489258 1
8 2 - 16 - 0.44614672660827637 1
8 2 - 17 - 0.43082213401794434 1
8 2 - 18 - 0.35249781608581543 0
8 2 - 19 - 0.46063899993896484 1
8 2 - 20 - 0.44898509979248047 0
8 2 - 21 - 0.4404902458190918 1
8 2 - 22 - 0.44137048721313477 1
8 2 - 23 - 0.4267008304595947 1
8 2 - 24 - 0.4678521156311035 1
8 2 - 25 - 0.5562915802001953 1
8 2 - 26 - 0.5222852230072021 1
8 2 - 27 - 0.3577096462249756 0
8 2 - 28 - 0.47829318046569824 1
8 2 - 29 - 0.4239513874053955 1
8 2 - 30 - 0.4387481212615967 1
8 2 - 31 - 0.4839973449707031 1
8 2 - 32 - 0.355100154876709 0
8 2 - 33 - 0.3534727096557617 0
8 2 - 34 - 0.41437864303588867 1
8 2 - 35 - 0.37538766860961914 0
8 2 - 36 - 0.8915531635284424 1
8 2 - 37 - 0.43642187118530273 1
8 2 - 38 - 0.4280734062194824 1
8 2 - 39 - 0.43194055557250977 1
8 2 - 40 - 0.8528544902801514 1
8 2 - 41 - 0.34746336936950684 0
8 2 - 42 - 0.5118069648742676 1
8 2 - 43 - 0.4214615821838379 1
8 2 - 44 - 0.4216897487640381 1
8 2 - 45 - 0.4329831600189209 1
8 2 - 46 - 0.4878816604614258 1
8 2 - 47 - 0.42693495750427246 1
8 2 - 48 - 0.4660825729370117 1
8 2 - 49 - 0.414229154586792 1
8 2 - 50 - 0.41834259033203125 1
8 2 - 51 - 0.45775818824768066 1
8 2 - 52 - 0.47722530364990234 1
8 2 - 53 - 0.46934938430786133 1
8 2 - 54 - 0.5222797393798828 1
8 2 - 55 - 0.4598503112792969 1
8 2 - 56 - 0.3497354984283447 0
8 2 - 57 - 0.4934391975402832 1
8 2 - 58 - 0.5402951240539551 1
8 2 - 59 - 0.37690019607543945 0
8 2 - 60 - 0.41747140884399414 1
8 2 - 61 - 0.39798569679260254 1
8 2 - 62 - 0.42423367500305176 1
8 2 - 63 - 0.40253162384033203 1
8 2 - 64 - 0.4344136714935303 1
8 2 - 65 - 0.5722203254699707 1
8 2 - 66 - 0.40125155448913574 1
8 2 - 67 - 0.4678959846496582 1
8 2 - 68 - 0.5590791702270508 1
8 2 - 69 - 0.4209716320037842 1
8 2 - 70 - 0.40989065170288086 1
8 2 - 71 - 0.5578854084014893 1
8 2 - 72 - 0.42211103439331055 1
8 2 - 73 - 0.4212179183959961 1
8 2 - 74 - 0.32837390899658203 0
8 2 - 75 - 0.39778995513916016 1
8 2 - 76 - 0.43036389350891113 1
8 2 - 77 - 0.45297837257385254 1
8 2 - 78 - 0.4156677722930908 1
8 2 - 79 - 0.3335587978363037 0
8 2 - 80 - 0.44733214378356934 1
8 2 - 81 - 0.42152905464172363 1
8 2 - 82 - 0.43190884590148926 1
8 2 - 83 - 0.41992759704589844 1
8 2 - 84 - 0.4518716335296631 1
8 2 - 85 - 0.4456751346588135 1
8 2 - 86 - 0.34741711616516113 0
8 2 - 87 - 0.38264989852905273 1
8 2 - 88 - 0.41318368911743164 1
8 2 - 89 - 0.4083588123321533 1
8 2 - 90 - 0.42575979232788086 1
8 2 - 91 - 0.43888044357299805 1
8 2 - 92 - 0.41606688499450684 1
8 2 - 93 - 0.3913586139678955 1
8 2 - 94 - 0.4517500400543213 1
8 2 - 95 - 0.4120347499847412 1
8 2 - 96 - 0.43842554092407227 1
8 2 - 97 - 0.4381544589996338 1
8 2 - 98 - 0.40201759338378906 1
8 2 - 99 - 0.36864495277404785 0
8 4 - 0 - 0.6335904598236084 1
8 4 - 1 - 0.6365859508514404 1
8 4 - 2 - 0.579899787902832 1
8 4 - 3 - 0.5858089923858643 1
8 4 - 4 - 0.5658586025238037 1
8 4 - 5 - 1.1057441234588623 1
8 4 - 6 - 0.5844762325286865 1
8 4 - 7 - 0.6519532203674316 1
8 4 - 8 - 0.5916857719421387 1
8 4 - 9 - 0.5958166122436523 1
8 4 - 10 - 0.6530935764312744 1
8 4 - 11 - 0.6303722858428955 1
8 4 - 12 - 0.6144938468933105 1
8 4 - 13 - 0.587306022644043 1
8 4 - 14 - 0.6647305488586426 1
8 4 - 15 - 0.598473072052002 1
8 4 - 16 - 0.6020727157592773 1
8 4 - 17 - 0.636784553527832 1
8 4 - 18 - 0.5998525619506836 1
8 4 - 19 - 0.598829984664917 1
8 4 - 20 - 0.5774335861206055 1
8 4 - 21 - 0.5302371978759766 1
8 4 - 22 - 0.5738615989685059 1
8 4 - 23 - 0.6796293258666992 1
8 4 - 24 - 0.654616117477417 1
8 4 - 25 - 0.5842850208282471 1
8 4 - 26 - 0.6028475761413574 1
8 4 - 27 - 0.5844025611877441 1
8 4 - 28 - 0.9086997509002686 1
8 4 - 29 - 0.5644950866699219 1
8 4 - 30 - 0.8154048919677734 1
8 4 - 31 - 0.6136128902435303 1
8 4 - 32 - 0.6305656433105469 1
8 4 - 33 - 0.6509130001068115 1
8 4 - 34 - 0.5765354633331299 1
8 4 - 35 - 0.5462982654571533 1
8 4 - 36 - 0.590672492980957 1
8 4 - 37 - 0.5576863288879395 1
8 4 - 38 - 0.6813857555389404 1
8 4 - 39 - 0.5989289283752441 1
8 4 - 40 - 0.6011285781860352 1
8 4 - 41 - 0.5811207294464111 1
8 4 - 42 - 0.5755064487457275 1
8 4 - 43 - 0.5614273548126221 1
8 4 - 44 - 0.6440255641937256 1
8 4 - 45 - 0.6127171516418457 1
8 4 - 46 - 0.6103484630584717 1
8 4 - 47 - 0.589937686920166 1
8 4 - 48 - 0.827519416809082 1
8 4 - 49 - 0.687171459197998 1
8 4 - 50 - 0.589730978012085 1
8 4 - 51 - 0.7802779674530029 1
8 4 - 52 - 0.5527827739715576 1
8 4 - 53 - 0.5499999523162842 1
8 4 - 54 - 0.5570580959320068 1
8 4 - 55 - 0.5826926231384277 1
8 4 - 56 - 0.6282880306243896 1
8 4 - 57 - 0.6004917621612549 1
8 4 - 58 - 0.5971078872680664 1
8 4 - 59 - 0.736025333404541 1
8 4 - 60 - 0.5922830104827881 1
8 4 - 61 - 0.6049468517303467 1
8 4 - 62 - 0.6929771900177002 1
8 4 - 63 - 0.5694215297698975 1
8 4 - 64 - 0.7011699676513672 1
8 4 - 65 - 0.5889923572540283 1
8 4 - 66 - 0.5721933841705322 1
8 4 - 67 - 0.5767238140106201 1
8 4 - 68 - 0.5868198871612549 1
8 4 - 69 - 0.6245508193969727 1
8 4 - 70 - 0.6364779472351074 1
8 4 - 71 - 0.7430441379547119 1
8 4 - 72 - 0.5761699676513672 1
8 4 - 73 - 0.605074405670166 1
8 4 - 74 - 0.5996308326721191 1
8 4 - 75 - 0.6578571796417236 1
8 4 - 76 - 0.6201462745666504 1
8 4 - 77 - 0.6444058418273926 1
8 4 - 78 - 0.5902302265167236 1
8 4 - 79 - 0.626784086227417 1
8 4 - 80 - 0.5877726078033447 1
8 4 - 81 - 0.6763761043548584 1
8 4 - 82 - 0.8079020977020264 1
8 4 - 83 - 0.5846045017242432 1
8 4 - 84 - 0.7497727870941162 1
8 4 - 85 - 0.5613021850585938 1
8 4 - 86 - 0.6099998950958252 1
8 4 - 87 - 0.5927448272705078 1
8 4 - 88 - 0.6107752323150635 1
8 4 - 89 - 0.6574230194091797 1
8 4 - 90 - 0.5845544338226318 1
8 4 - 91 - 0.6225028038024902 1
8 4 - 92 - 0.5530204772949219 1
8 4 - 93 - 0.5563600063323975 1
8 4 - 94 - 0.5288498401641846 1
8 4 - 95 - 0.5783586502075195 1
8 4 - 96 - 0.6261923313140869 1
8 4 - 97 - 0.6669487953186035 1
8 4 - 98 - 0.6144454479217529 1
8 4 - 99 - 0.5683696269989014 1
8 8 - 0 - 1.2705767154693604 1
8 8 - 1 - 1.5329887866973877 1
8 8 - 2 - 1.1141934394836426 1
8 8 - 3 - 1.3365283012390137 1
8 8 - 4 - 1.1635253429412842 1
8 8 - 5 - 1.147770643234253 1
8 8 - 6 - 1.1780369281768799 1
8 8 - 7 - 1.7202706336975098 1
8 8 - 8 - 1.0734939575195312 1
8 8 - 9 - 1.411602258682251 1
8 8 - 10 - 1.2061519622802734 1
8 8 - 11 - 1.1451799869537354 1
8 8 - 12 - 1.2678534984588623 1
8 8 - 13 - 1.4759461879730225 1
8 8 - 14 - 1.5042455196380615 1
8 8 - 15 - 1.6195359230041504 1
8 8 - 16 - 1.147325038909912 1
8 8 - 17 - 1.1396167278289795 1
8 8 - 18 - 1.2035481929779053 1
8 8 - 19 - 1.5400011539459229 1
8 8 - 20 - 1.2282016277313232 1
8 8 - 21 - 1.2421183586120605 1
8 8 - 22 - 1.2573323249816895 1
8 8 - 23 - 1.2440202236175537 1
8 8 - 24 - 1.439645767211914 1
8 8 - 25 - 1.2493078708648682 1
8 8 - 26 - 1.156733512878418 1
8 8 - 27 - 1.2786521911621094 1
8 8 - 28 - 1.3889496326446533 1
8 8 - 29 - 1.702671766281128 1
8 8 - 30 - 1.5244882106781006 1
8 8 - 31 - 1.0257797241210938 1
8 8 - 32 - 1.2677903175354004 1
8 8 - 33 - 1.3254261016845703 1
8 8 - 34 - 1.1297955513000488 1
8 8 - 35 - 1.1790413856506348 1
8 8 - 36 - 1.305109977722168 1
8 8 - 37 - 1.17466139793396 1
8 8 - 38 - 1.294205904006958 1
8 8 - 39 - 1.1542954444885254 1
8 8 - 40 - 1.0205516815185547 1
8 8 - 41 - 1.150453805923462 1
8 8 - 42 - 1.1719722747802734 1
8 8 - 43 - 1.1057379245758057 1
8 8 - 44 - 1.3431050777435303 1
8 8 - 45 - 1.1939129829406738 1
8 8 - 46 - 1.11076021194458 1
8 8 - 47 - 1.0946400165557861 1
8 8 - 48 - 1.1171231269836426 1
8 8 - 49 - 1.2628898620605469 1
8 8 - 50 - 1.9574241638183594 1
8 8 - 51 - 1.2518577575683594 1
8 8 - 52 - 1.2193045616149902 1
8 8 - 53 - 1.2765071392059326 1
8 8 - 54 - 1.6208090782165527 1
8 8 - 55 - 1.6255578994750977 1
8 8 - 56 - 1.1601488590240479 1
8 8 - 57 - 1.245915174484253 1
8 8 - 58 - 1.251570701599121 1
8 8 - 59 - 1.2394218444824219 1
8 8 - 60 - 1.181480884552002 1
8 8 - 61 - 1.1239373683929443 1
8 8 - 62 - 1.0855205059051514 1
8 8 - 63 - 1.2439613342285156 1
8 8 - 64 - 1.242041826248169 1
8 8 - 65 - 1.2424213886260986 1
8 8 - 66 - 1.257974624633789 1
8 8 - 67 - 1.4047656059265137 1
8 8 - 68 - 1.2072718143463135 1
8 8 - 69 - 1.1849887371063232 1
8 8 - 70 - 1.1762340068817139 1
8 8 - 71 - 1.1569788455963135 1
8 8 - 72 - 1.1858255863189697 1
8 8 - 73 - 1.286613941192627 1
8 8 - 74 - 1.1426074504852295 1
8 8 - 75 - 1.2339859008789062 1
8 8 - 76 - 1.2966539859771729 1
8 8 - 77 - 1.1477348804473877 1
8 8 - 78 - 1.5066285133361816 1
8 8 - 79 - 1.2232537269592285 1
8 8 - 80 - 1.4782993793487549 1
8 8 - 81 - 1.119460105895996 1
8 8 - 82 - 1.2192988395690918 1
8 8 - 83 - 1.1071102619171143 1
8 8 - 84 - 1.1222643852233887 1
8 8 - 85 - 1.6032342910766602 1
8 8 - 86 - 1.4506464004516602 1
8 8 - 87 - 1.0756621360778809 1
8 8 - 88 - 1.1252121925354004 1
8 8 - 89 - 1.1269373893737793 1
8 8 - 90 - 1.1401045322418213 1
8 8 - 91 - 1.1163206100463867 1
8 8 - 92 - 1.2049317359924316 1
8 8 - 93 - 1.1069047451019287 1
8 8 - 94 - 1.247222661972046 1
8 8 - 95 - 0.9938223361968994 1
8 8 - 96 - 1.155055284500122 1
8 8 - 97 - 1.2909491062164307 1
8 8 - 98 - 1.1726007461547852 1
8 8 - 99 - 1.1899628639221191 1
16 1 - 0 - 0.26511430740356445 0
16 1 - 1 - 0.26941490173339844 0
16 1 - 2 - 0.2763049602508545 0
16 1 - 3 - 0.27031445503234863 0
16 1 - 4 - 0.29640889167785645 0
16 1 - 5 - 0.29612064361572266 0
16 1 - 6 - 0.291487455368042 0
16 1 - 7 - 0.2822988033294678 0
16 1 - 8 - 0.28147339820861816 0
16 1 - 9 - 0.28543734550476074 0
16 1 - 10 - 0.28822994232177734 0
16 1 - 11 - 0.6080276966094971 0
16 1 - 12 - 0.2792353630065918 0
16 1 - 13 - 0.2870759963989258 0
16 1 - 14 - 0.2785360813140869 0
16 1 - 15 - 0.29717063903808594 0
16 1 - 16 - 0.2818019390106201 0
16 1 - 17 - 0.30144309997558594 0
16 1 - 18 - 0.2787759304046631 0
16 1 - 19 - 0.28446054458618164 0
16 1 - 20 - 0.2786393165588379 0
16 1 - 21 - 0.29709601402282715 0
16 1 - 22 - 0.2803630828857422 0
16 1 - 23 - 0.2818899154663086 0
16 1 - 24 - 0.3056454658508301 0
16 1 - 25 - 0.6892356872558594 1
16 1 - 26 - 0.2774477005004883 0
16 1 - 27 - 0.2760896682739258 0
16 1 - 28 - 0.30806708335876465 0
16 1 - 29 - 0.2844200134277344 0
16 1 - 30 - 0.28023505210876465 0
16 1 - 31 - 0.2749290466308594 0
16 1 - 32 - 0.28056883811950684 0
16 1 - 33 - 0.28394341468811035 0
16 1 - 34 - 0.28463292121887207 0
16 1 - 35 - 0.2962491512298584 0
16 1 - 36 - 0.27451515197753906 0
16 1 - 37 - 0.28731513023376465 0
16 1 - 38 - 0.27503275871276855 0
16 1 - 39 - 0.2762870788574219 0
16 1 - 40 - 0.2854502201080322 0
16 1 - 41 - 0.28444576263427734 0
16 1 - 42 - 0.2838895320892334 0
16 1 - 43 - 0.28409671783447266 0
16 1 - 44 - 0.30829906463623047 0
16 1 - 45 - 0.28699326515197754 0
16 1 - 46 - 0.2982442378997803 0
16 1 - 47 - 0.2796914577484131 0
16 1 - 48 - 0.28110170364379883 0
16 1 - 49 - 0.28973960876464844 0
16 1 - 50 - 0.2876617908477783 0
16 1 - 51 - 0.6289565563201904 0
16 1 - 52 - 0.6898267269134521 1
16 1 - 53 - 0.27669405937194824 0
16 1 - 54 - 0.2855069637298584 0
16 1 - 55 - 0.28804707527160645 0
16 1 - 56 - 0.28198838233947754 0
16 1 - 57 - 0.2917468547821045 0
16 1 - 58 - 0.2762277126312256 0
16 1 - 59 - 0.738987922668457 0
16 1 - 60 - 0.27956104278564453 0
16 1 - 61 - 0.6307220458984375 0
16 1 - 62 - 0.27857398986816406 0
16 1 - 63 - 0.2792813777923584 0
16 1 - 64 - 0.28468918800354004 0
16 1 - 65 - 0.28530120849609375 0
16 1 - 66 - 0.30144381523132324 0
16 1 - 67 - 0.27721285820007324 0
16 1 - 68 - 0.2818784713745117 0
16 1 - 69 - 0.27542877197265625 0
16 1 - 70 - 0.27621889114379883 0
16 1 - 71 - 0.2776925563812256 0
16 1 - 72 - 0.3035910129547119 0
16 1 - 73 - 0.2769043445587158 0
16 1 - 74 - 0.6352665424346924 0
16 1 - 75 - 0.2815103530883789 0
16 1 - 76 - 0.28150200843811035 0
16 1 - 77 - 0.2806241512298584 0
16 1 - 78 - 0.3109579086303711 0
16 1 - 79 - 0.28425168991088867 0
16 1 - 80 - 0.283902645111084 0
16 1 - 81 - 0.2777383327484131 0
16 1 - 82 - 0.6512951850891113 0
16 1 - 83 - 0.28822898864746094 0
16 1 - 84 - 0.2815580368041992 0
16 1 - 85 - 0.284712553024292 0
16 1 - 86 - 0.27666664123535156 0
16 1 - 87 - 0.6116290092468262 0
16 1 - 88 - 0.29424118995666504 0
16 1 - 89 - 0.6588442325592041 0
16 1 - 90 - 0.27854037284851074 0
16 1 - 91 - 0.3286864757537842 0
16 1 - 92 - 0.28380751609802246 0
16 1 - 93 - 0.798576831817627 0
16 1 - 94 - 0.657522439956665 0
16 1 - 95 - 0.2753729820251465 0
16 1 - 96 - 0.30321407318115234 0
16 1 - 97 - 0.28472232818603516 0
16 1 - 98 - 0.2858436107635498 0
16 1 - 99 - 0.6436293125152588 0
16 2 - 0 - 0.9128990173339844 1
16 2 - 1 - 0.949326753616333 1
16 2 - 2 - 0.8593456745147705 0
16 2 - 3 - 0.8777413368225098 1
16 2 - 4 - 0.9235520362854004 1
16 2 - 5 - 0.7688150405883789 0
16 2 - 6 - 0.8909752368927002 1
16 2 - 7 - 0.9282679557800293 1
16 2 - 8 - 0.9771864414215088 1
16 2 - 9 - 0.3481323719024658 0
16 2 - 10 - 0.31688475608825684 0
16 2 - 11 - 0.9189009666442871 1
16 2 - 12 - 0.33974337577819824 0
16 2 - 13 - 0.9139149188995361 1
16 2 - 14 - 0.3397059440612793 0
16 2 - 15 - 0.823967456817627 0
16 2 - 16 - 0.3573293685913086 0
16 2 - 17 - 0.34444141387939453 0
16 2 - 18 - 0.8111217021942139 0
16 2 - 19 - 0.8957509994506836 0
16 2 - 20 - 0.8606441020965576 1
16 2 - 21 - 0.9141156673431396 1
16 2 - 22 - 0.8420932292938232 0
16 2 - 23 - 0.33812427520751953 0
16 2 - 24 - 1.244835376739502 0
16 2 - 25 - 0.9195115566253662 1
16 2 - 26 - 0.3369288444519043 0
16 2 - 27 - 0.8073418140411377 0
16 2 - 28 - 0.8682682514190674 1
16 2 - 29 - 0.9986732006072998 1
16 2 - 30 - 0.9838197231292725 1
16 2 - 31 - 0.8155167102813721 0
16 2 - 32 - 0.895085334777832 1
16 2 - 33 - 0.3309602737426758 0
16 2 - 34 - 0.8245673179626465 0
16 2 - 35 - 1.054762363433838 1
16 2 - 36 - 0.9806911945343018 1
16 2 - 37 - 0.8296034336090088 0
16 2 - 38 - 0.9060747623443604 1
16 2 - 39 - 0.8623507022857666 0
16 2 - 40 - 0.33853864669799805 0
16 2 - 41 - 0.925286054611206 1
16 2 - 42 - 0.8749909400939941 1
16 2 - 43 - 0.951697587966919 1
16 2 - 44 - 1.2526113986968994 1
16 2 - 45 - 0.9163885116577148 1
16 2 - 46 - 0.3455169200897217 0
16 2 - 47 - 0.3420863151550293 0
16 2 - 48 - 0.9045228958129883 1
16 2 - 49 - 0.8942646980285645 1
16 2 - 50 - 0.8471934795379639 0
16 2 - 51 - 0.9033277034759521 1
16 2 - 52 - 0.9432473182678223 1
16 2 - 53 - 0.8858399391174316 1
16 2 - 54 - 1.0259604454040527 0
16 2 - 55 - 0.36535096168518066 0
16 2 - 56 - 0.3368990421295166 0
16 2 - 57 - 0.8940591812133789 1
16 2 - 58 - 0.9059808254241943 1
16 2 - 59 - 0.9062788486480713 1
16 2 - 60 - 0.8595170974731445 0
16 2 - 61 - 0.7999889850616455 0
16 2 - 62 - 1.590644121170044 0
16 2 - 63 - 0.34980082511901855 0
16 2 - 64 - 0.8824288845062256 1
16 2 - 65 - 0.8261163234710693 0
16 2 - 66 - 0.36008477210998535 0
16 2 - 67 - 0.794532299041748 0
16 2 - 68 - 0.33270692825317383 0
16 2 - 69 - 0.32207369804382324 0
16 2 - 70 - 0.7818126678466797 0
16 2 - 71 - 0.904780387878418 1
16 2 - 72 - 0.8727080821990967 1
16 2 - 73 - 0.8409326076507568 0
16 2 - 74 - 0.9359652996063232 1
16 2 - 75 - 0.8928983211517334 1
16 2 - 76 - 0.9317963123321533 1
16 2 - 77 - 0.9175541400909424 1
16 2 - 78 - 0.8710253238677979 1
16 2 - 79 - 0.8805387020111084 0
16 2 - 80 - 0.9197399616241455 1
16 2 - 81 - 1.1033077239990234 1
16 2 - 82 - 0.9258060455322266 1
16 2 - 83 - 0.3415107727050781 0
16 2 - 84 - 0.924149751663208 1
16 2 - 85 - 0.9212629795074463 1
16 2 - 86 - 0.3432292938232422 0
16 2 - 87 - 0.8010773658752441 0
16 2 - 88 - 0.9208335876464844 1
16 2 - 89 - 0.9824085235595703 1
16 2 - 90 - 0.8960683345794678 1
16 2 - 91 - 0.9181349277496338 1
16 2 - 92 - 0.8931994438171387 1
16 2 - 93 - 0.9018247127532959 1
16 2 - 94 - 0.9097776412963867 1
16 2 - 95 - 0.8131909370422363 0
16 2 - 96 - 0.9037716388702393 1
16 2 - 97 - 0.9421982765197754 0
16 2 - 98 - 0.36136412620544434 0
16 2 - 99 - 0.9335367679595947 1
16 4 - 0 - 1.3644826412200928 1
16 4 - 1 - 1.3775410652160645 1
16 4 - 2 - 1.4296181201934814 1
16 4 - 3 - 1.4249076843261719 1
16 4 - 4 - 1.3670012950897217 1
16 4 - 5 - 1.43636155128479 1
16 4 - 6 - 1.4548046588897705 1
16 4 - 7 - 1.4562489986419678 1
16 4 - 8 - 2.4746811389923096 1
16 4 - 9 - 1.3922145366668701 1
16 4 - 10 - 1.485278606414795 1
16 4 - 11 - 1.4361157417297363 1
16 4 - 12 - 1.4852080345153809 1
16 4 - 13 - 1.484283447265625 1
16 4 - 14 - 1.683518648147583 1
16 4 - 15 - 1.4701883792877197 1
16 4 - 16 - 1.4647948741912842 1
16 4 - 17 - 1.432297706604004 1
16 4 - 18 - 1.4986531734466553 1
16 4 - 19 - 1.4827396869659424 1
16 4 - 20 - 1.4776437282562256 1
16 4 - 21 - 1.5460882186889648 1
16 4 - 22 - 1.5132436752319336 1
16 4 - 23 - 1.597870111465454 1
16 4 - 24 - 1.2612230777740479 0
16 4 - 25 - 1.4931354522705078 1
16 4 - 26 - 1.4701743125915527 1
16 4 - 27 - 1.469484567642212 1
16 4 - 28 - 1.5053396224975586 1
16 4 - 29 - 1.439685583114624 1
16 4 - 30 - 1.5099148750305176 1
16 4 - 31 - 1.4963126182556152 1
16 4 - 32 - 1.5217597484588623 1
16 4 - 33 - 1.451815128326416 1
16 4 - 34 - 1.598797082901001 1
16 4 - 35 - 1.411534070968628 1
16 4 - 36 - 1.4490907192230225 1
16 4 - 37 - 1.4491193294525146 1
16 4 - 38 - 1.5161209106445312 1
16 4 - 39 - 1.8523931503295898 1
16 4 - 40 - 1.4573400020599365 1
16 4 - 41 - 1.581050157546997 1
16 4 - 42 - 1.4027304649353027 1
16 4 - 43 - 1.419980525970459 1
16 4 - 44 - 1.4952824115753174 1
16 4 - 45 - 1.5642979145050049 1
16 4 - 46 - 1.4029600620269775 1
16 4 - 47 - 1.5736029148101807 1
16 4 - 48 - 1.4087119102478027 1
16 4 - 49 - 1.4350049495697021 1
16 4 - 50 - 1.4188687801361084 1
16 4 - 51 - 1.5247282981872559 1
16 4 - 52 - 1.327425479888916 1
16 4 - 53 - 1.5237343311309814 1
16 4 - 54 - 1.5228838920593262 1
16 4 - 55 - 1.4082486629486084 1
16 4 - 56 - 1.4617013931274414 1
16 4 - 57 - 1.428966760635376 1
16 4 - 58 - 1.9307971000671387 1
16 4 - 59 - 1.8898413181304932 1
16 4 - 60 - 1.4249958992004395 1
16 4 - 61 - 1.5457234382629395 1
16 4 - 62 - 1.4304676055908203 1
16 4 - 63 - 1.3048951625823975 1
16 4 - 64 - 1.2795720100402832 1
16 4 - 65 - 1.415402889251709 1
16 4 - 66 - 1.3533775806427002 1
16 4 - 67 - 1.446317434310913 1
16 4 - 68 - 1.2606256008148193 1
16 4 - 69 - 1.4173400402069092 1
16 4 - 70 - 1.3976831436157227 1
16 4 - 71 - 1.342357873916626 1
16 4 - 72 - 1.396468162536621 1
16 4 - 73 - 1.4020814895629883 1
16 4 - 74 - 1.4522483348846436 1
16 4 - 75 - 1.3841722011566162 1
16 4 - 76 - 1.2864022254943848 1
16 4 - 77 - 1.3472697734832764 1
16 4 - 78 - 1.355954647064209 1
16 4 - 79 - 1.5089213848114014 1
16 4 - 80 - 1.3452327251434326 1
16 4 - 81 - 1.330005407333374 1
16 4 - 82 - 1.7508490085601807 1
16 4 - 83 - 1.5409941673278809 1
16 4 - 84 - 1.4169604778289795 1
16 4 - 85 - 1.38797926902771 1
16 4 - 86 - 1.054342269897461 0
16 4 - 87 - 1.3953745365142822 1
16 4 - 88 - 1.6083788871765137 1
16 4 - 89 - 1.5443272590637207 1
16 4 - 90 - 1.5481739044189453 1
16 4 - 91 - 1.3608341217041016 1
16 4 - 92 - 1.3738172054290771 1
16 4 - 93 - 1.630833625793457 1
16 4 - 94 - 1.3887670040130615 1
16 4 - 95 - 1.4322988986968994 1
16 4 - 96 - 1.3925864696502686 1
16 4 - 97 - 1.3818304538726807 1
16 4 - 98 - 1.446317434310913 1
16 4 - 99 - 1.4898831844329834 1
16 8 - 0 - 3.5798842906951904 1
16 8 - 1 - 3.8216540813446045 1
16 8 - 2 - 3.430208683013916 1
16 8 - 3 - 4.988805770874023 1
16 8 - 4 - 3.674029588699341 1
16 8 - 5 - 3.834498882293701 1
16 8 - 6 - 3.5153732299804688 1
16 8 - 7 - 3.2173192501068115 1
16 8 - 8 - 3.95995831489563 1
16 8 - 9 - 3.653291702270508 1
16 8 - 10 - 3.542191505432129 1
16 8 - 11 - 3.8852181434631348 1
16 8 - 12 - 4.329430103302002 1
16 8 - 13 - 3.6889524459838867 1
16 8 - 14 - 3.5963973999023438 1
16 8 - 15 - 4.260178089141846 1
16 8 - 16 - 3.508347511291504 1
16 8 - 17 - 3.3941028118133545 1
16 8 - 18 - 3.329442262649536 1
16 8 - 19 - 3.4665262699127197 1
16 8 - 20 - 3.240102767944336 1
16 8 - 21 - 3.3990495204925537 1
16 8 - 22 - 4.30420994758606 1
16 8 - 23 - 3.3885414600372314 1
16 8 - 24 - 4.128393650054932 1
16 8 - 25 - 3.4745614528656006 1
16 8 - 26 - 3.9165124893188477 1
16 8 - 27 - 3.2949728965759277 1
16 8 - 28 - 3.6070597171783447 1
16 8 - 29 - 3.6859660148620605 1
16 8 - 30 - 3.463987112045288 1
16 8 - 31 - 4.697809219360352 1
16 8 - 32 - 3.751138687133789 1
16 8 - 33 - 3.449955701828003 1
16 8 - 34 - 3.653712272644043 1
16 8 - 35 - 3.6379177570343018 1
16 8 - 36 - 3.389596462249756 1
16 8 - 37 - 3.1969716548919678 1
16 8 - 38 - 3.8315677642822266 1
16 8 - 39 - 3.4463727474212646 1
16 8 - 40 - 3.7433834075927734 1
16 8 - 41 - 2.7725250720977783 1
16 8 - 42 - 3.2062995433807373 1
16 8 - 43 - 3.4076571464538574 1
16 8 - 44 - 3.8925371170043945 1
16 8 - 45 - 3.583542585372925 1
16 8 - 46 - 3.5833842754364014 1
16 8 - 47 - 4.486387491226196 1
16 8 - 48 - 3.156095266342163 1
16 8 - 49 - 3.730311155319214 1
16 8 - 50 - 3.510071039199829 1
16 8 - 51 - 4.174268960952759 1
16 8 - 52 - 4.009005546569824 1
16 8 - 53 - 3.2142021656036377 1
16 8 - 54 - 3.8961715698242188 1
16 8 - 55 - 3.5115911960601807 1
16 8 - 56 - 4.091254472732544 1
16 8 - 57 - 3.3037936687469482 1
16 8 - 58 - 3.6749191284179688 1
16 8 - 59 - 3.644655704498291 1
16 8 - 60 - 3.6178319454193115 1
16 8 - 61 - 3.750180959701538 1
16 8 - 62 - 3.2890195846557617 1
16 8 - 63 - 3.6750710010528564 1
16 8 - 64 - 3.104470729827881 1
16 8 - 65 - 3.5128836631774902 1
16 8 - 66 - 3.395615577697754 1
16 8 - 67 - 3.3456363677978516 1
16 8 - 68 - 3.542281150817871 1
16 8 - 69 - 3.623054027557373 1
16 8 - 70 - 3.4114956855773926 1
16 8 - 71 - 3.786947727203369 1
16 8 - 72 - 3.505807399749756 1
16 8 - 73 - 3.350266933441162 1
16 8 - 74 - 3.2233896255493164 1
16 8 - 75 - 3.0838048458099365 1
16 8 - 76 - 3.6126527786254883 1
16 8 - 77 - 3.6204726696014404 1
16 8 - 78 - 3.9757134914398193 1
16 8 - 79 - 3.4673285484313965 1
16 8 - 80 - 3.581273317337036 1
16 8 - 81 - 3.767667770385742 1
16 8 - 82 - 3.679786443710327 1
16 8 - 83 - 3.570319175720215 1
16 8 - 84 - 3.7343409061431885 1
16 8 - 85 - 3.415043592453003 1
16 8 - 86 - 3.6428842544555664 1
16 8 - 87 - 3.6103787422180176 1
16 8 - 88 - 4.983844041824341 1
16 8 - 89 - 3.6028692722320557 1
16 8 - 90 - 3.4314351081848145 1
16 8 - 91 - 3.527143955230713 1
16 8 - 92 - 3.52909255027771 1
16 8 - 93 - 3.359121084213257 1
16 8 - 94 - 3.2674312591552734 1
16 8 - 95 - 3.449207067489624 1
16 8 - 96 - 3.402269124984741 1
16 8 - 97 - 3.48360013961792 1
16 8 - 98 - 3.569011926651001 1
16 8 - 99 - 3.573394775390625 1
32 1 - 0 - 0.28745579719543457 0
32 1 - 1 - 0.2766454219818115 0
32 1 - 2 - 0.27669191360473633 0
32 1 - 3 - 0.29402661323547363 0
32 1 - 4 - 0.2796497344970703 0
32 1 - 5 - 0.28501152992248535 0
32 1 - 6 - 0.28435373306274414 0
32 1 - 7 - 0.27124500274658203 0
32 1 - 8 - 0.29237937927246094 0
32 1 - 9 - 0.2699129581451416 0
32 1 - 10 - 0.27228760719299316 0
32 1 - 11 - 0.2787740230560303 0
32 1 - 12 - 0.2802143096923828 0
32 1 - 13 - 0.30008769035339355 0
32 1 - 14 - 0.2920684814453125 0
32 1 - 15 - 0.28202319145202637 0
32 1 - 16 - 0.28781890869140625 0
32 1 - 17 - 0.27669286727905273 0
32 1 - 18 - 0.282289981842041 0
32 1 - 19 - 0.27978968620300293 0
32 1 - 20 - 0.30669641494750977 0
32 1 - 21 - 0.98771071434021 0
32 1 - 22 - 0.2791106700897217 0
32 1 - 23 - 0.29232144355773926 0
32 1 - 24 - 0.2789926528930664 0
32 1 - 25 - 0.27921128273010254 0
32 1 - 26 - 0.27297043800354004 0
32 1 - 27 - 0.27276611328125 0
32 1 - 28 - 0.2795403003692627 0
32 1 - 29 - 0.31120896339416504 0
32 1 - 30 - 0.2743377685546875 0
32 1 - 31 - 0.2759735584259033 0
32 1 - 32 - 0.27495360374450684 0
32 1 - 33 - 0.29274630546569824 0
32 1 - 34 - 0.2854928970336914 0
32 1 - 35 - 0.28621745109558105 0
32 1 - 36 - 0.2952384948730469 0
32 1 - 37 - 0.2894129753112793 0
32 1 - 38 - 0.27495741844177246 0
32 1 - 39 - 0.2770211696624756 0
32 1 - 40 - 0.28490781784057617 0
32 1 - 41 - 0.28818225860595703 0
32 1 - 42 - 0.3516545295715332 0
32 1 - 43 - 0.3059563636779785 0
32 1 - 44 - 0.2938375473022461 0
32 1 - 45 - 0.279832124710083 0
32 1 - 46 - 0.29399728775024414 0
32 1 - 47 - 0.2768566608428955 0
32 1 - 48 - 0.27635645866394043 0
32 1 - 49 - 0.27452993392944336 0
32 1 - 50 - 0.2795906066894531 0
32 1 - 51 - 0.276226282119751 0
32 1 - 52 - 0.2820568084716797 0
32 1 - 53 - 0.2802622318267822 0
32 1 - 54 - 0.298947811126709 0
32 1 - 55 - 0.29114198684692383 0
32 1 - 56 - 0.3044419288635254 0
32 1 - 57 - 0.28124117851257324 0
32 1 - 58 - 1.0577921867370605 0
32 1 - 59 - 0.2965199947357178 0
32 1 - 60 - 1.0018956661224365 0
32 1 - 61 - 0.314434289932251 0
32 1 - 62 - 0.28429532051086426 0
32 1 - 63 - 0.29457664489746094 0
32 1 - 64 - 0.2822754383087158 0
32 1 - 65 - 0.28390932083129883 0
32 1 - 66 - 1.0479545593261719 0
32 1 - 67 - 0.32752394676208496 0
32 1 - 68 - 0.2744264602661133 0
32 1 - 69 - 0.2754952907562256 0
32 1 - 70 - 0.6252608299255371 0
32 1 - 71 - 0.3278648853302002 0
32 1 - 72 - 0.27918004989624023 0
32 1 - 73 - 0.27852940559387207 0
32 1 - 74 - 0.27712345123291016 0
32 1 - 75 - 0.2766146659851074 0
32 1 - 76 - 0.28825855255126953 0
32 1 - 77 - 0.6664180755615234 0
32 1 - 78 - 0.2799341678619385 0
32 1 - 79 - 0.3076455593109131 0
32 1 - 80 - 0.27901768684387207 0
32 1 - 81 - 0.2732970714569092 0
32 1 - 82 - 0.6562368869781494 0
32 1 - 83 - 0.2945406436920166 0
32 1 - 84 - 0.27940917015075684 0
32 1 - 85 - 0.27945661544799805 0
32 1 - 86 - 0.27751588821411133 0
32 1 - 87 - 0.2893533706665039 0
32 1 - 88 - 0.2875499725341797 0
32 1 - 89 - 0.272991418838501 0
32 1 - 90 - 0.2736499309539795 0
32 1 - 91 - 0.31332969665527344 0
32 1 - 92 - 0.279186487197876 0
32 1 - 93 - 0.28887438774108887 0
32 1 - 94 - 0.27522873878479004 0
32 1 - 95 - 0.2781867980957031 0
32 1 - 96 - 0.2858924865722656 0
32 1 - 97 - 1.019503116607666 0
32 1 - 98 - 0.31588101387023926 0
32 1 - 99 - 0.30819010734558105 0
32 2 - 0 - 1.8682355880737305 1
32 2 - 1 - 1.8063602447509766 0
32 2 - 2 - 1.7538182735443115 0
32 2 - 3 - 1.8313806056976318 1
32 2 - 4 - 1.7652075290679932 0
32 2 - 5 - 1.303837776184082 0
32 2 - 6 - 0.8331408500671387 0
32 2 - 7 - 1.2752797603607178 0
32 2 - 8 - 0.3487391471862793 0
32 2 - 9 - 0.8256063461303711 0
32 2 - 10 - 1.8423850536346436 0
32 2 - 11 - 1.8670713901519775 1
32 2 - 12 - 0.3636288642883301 0
32 2 - 13 - 1.3409249782562256 0
32 2 - 14 - 1.762709379196167 0
32 2 - 15 - 0.8355536460876465 0
32 2 - 16 - 1.9295263290405273 1
32 2 - 17 - 0.34076523780822754 0
32 2 - 18 - 0.7990717887878418 0
32 2 - 19 - 1.8336937427520752 1
32 2 - 20 - 0.8832569122314453 0
32 2 - 21 - 1.3689591884613037 0
32 2 - 22 - 1.902245044708252 1
32 2 - 23 - 1.3138573169708252 0
32 2 - 24 - 0.8815221786499023 0
32 2 - 25 - 1.9245929718017578 1
32 2 - 26 - 1.8441162109375 1
32 2 - 27 - 0.8125760555267334 0
32 2 - 28 - 2.0246431827545166 1
32 2 - 29 - 1.7701935768127441 0
32 2 - 30 - 1.91121506690979 1
32 2 - 31 - 0.3444678783416748 0
32 2 - 32 - 1.8655648231506348 1
32 2 - 33 - 1.8496742248535156 1
32 2 - 34 - 1.8612430095672607 1
32 2 - 35 - 0.8504519462585449 0
32 2 - 36 - 0.3324880599975586 0
32 2 - 37 - 0.8333091735839844 0
32 2 - 38 - 1.9988582134246826 1
32 2 - 39 - 0.35134363174438477 0
32 2 - 40 - 0.36707353591918945 0
32 2 - 41 - 1.2900559902191162 0
32 2 - 42 - 0.819608211517334 0
32 2 - 43 - 1.839240312576294 1
32 2 - 44 - 0.3412611484527588 0
32 2 - 45 - 1.940753698348999 1
32 2 - 46 - 1.9284989833831787 1
32 2 - 47 - 1.2962572574615479 0
32 2 - 48 - 0.3446166515350342 0
32 2 - 49 - 1.9054670333862305 1
32 2 - 50 - 1.7676136493682861 0
32 2 - 51 - 1.295710563659668 0
32 2 - 52 - 0.8051333427429199 0
32 2 - 53 - 1.3085429668426514 0
32 2 - 54 - 0.8404068946838379 0
32 2 - 55 - 1.4180612564086914 0
32 2 - 56 - 0.3540024757385254 0
32 2 - 57 - 1.9665849208831787 1
32 2 - 58 - 1.769075632095337 0
32 2 - 59 - 0.40625691413879395 0
32 2 - 60 - 1.8919916152954102 1
32 2 - 61 - 1.8822996616363525 1
32 2 - 62 - 1.8578393459320068 1
32 2 - 63 - 0.9992144107818604 0
32 2 - 64 - 1.2854435443878174 0
32 2 - 65 - 1.905364990234375 1
32 2 - 66 - 1.9041666984558105 1
32 2 - 67 - 1.8903229236602783 1
32 2 - 68 - 1.3119595050811768 0
32 2 - 69 - 1.8741848468780518 1
32 2 - 70 - 1.3121774196624756 0
32 2 - 71 - 0.33473634719848633 0
32 2 - 72 - 1.3294641971588135 0
32 2 - 73 - 0.364149808883667 0
32 2 - 74 - 0.8327176570892334 0
32 2 - 75 - 1.8798696994781494 1
32 2 - 76 - 1.8951499462127686 1
32 2 - 77 - 1.7542450428009033 0
32 2 - 78 - 0.8021361827850342 0
32 2 - 79 - 0.3381662368774414 0
32 2 - 80 - 1.8129453659057617 1
32 2 - 81 - 1.3320963382720947 0
32 2 - 82 - 1.9391376972198486 1
32 2 - 83 - 0.8453578948974609 0
32 2 - 84 - 0.35181331634521484 0
32 2 - 85 - 1.3420562744140625 0
32 2 - 86 - 1.8349761962890625 0
32 2 - 87 - 0.807898759841919 0
32 2 - 88 - 1.7538912296295166 0
32 2 - 89 - 0.8132529258728027 0
32 2 - 90 - 1.8906965255737305 1
32 2 - 91 - 1.9045906066894531 1
32 2 - 92 - 1.2179830074310303 0
32 2 - 93 - 0.34542131423950195 0
32 2 - 94 - 1.8797287940979004 1
32 2 - 95 - 1.1231944561004639 0
32 2 - 96 - 1.8764662742614746 1
32 2 - 97 - 2.3011221885681152 0
32 2 - 98 - 2.021216630935669 0
32 2 - 99 - 1.309328317642212 0
32 4 - 0 - 3.060377597808838 1
32 4 - 1 - 3.0466647148132324 1
32 4 - 2 - 3.0882320404052734 1
32 4 - 3 - 2.8984618186950684 1
32 4 - 4 - 3.0246496200561523 1
32 4 - 5 - 3.193760871887207 1
32 4 - 6 - 3.2068724632263184 1
32 4 - 7 - 3.0641703605651855 1
32 4 - 8 - 3.160648822784424 1
32 4 - 9 - 2.9084742069244385 1
32 4 - 10 - 3.1265947818756104 1
32 4 - 11 - 3.14279842376709 1
32 4 - 12 - 3.220618963241577 1
32 4 - 13 - 3.08288836479187 1
32 4 - 14 - 3.0971486568450928 1
32 4 - 15 - 3.166872501373291 1
32 4 - 16 - 3.164604425430298 1
32 4 - 17 - 3.1587047576904297 1
32 4 - 18 - 3.172632932662964 1
32 4 - 19 - 3.2493042945861816 1
32 4 - 20 - 3.0829315185546875 1
32 4 - 21 - 3.106821060180664 1
32 4 - 22 - 3.2640647888183594 1
32 4 - 23 - 3.6491551399230957 1
32 4 - 24 - 3.1341536045074463 1
32 4 - 25 - 3.051626682281494 1
32 4 - 26 - 3.214172601699829 1
32 4 - 27 - 3.103487014770508 1
32 4 - 28 - 2.921673536300659 1
32 4 - 29 - 3.0235507488250732 1
32 4 - 30 - 3.072882652282715 1
32 4 - 31 - 3.067450761795044 1
32 4 - 32 - 3.0589377880096436 1
32 4 - 33 - 2.9480178356170654 1
32 4 - 34 - 2.9861257076263428 1
32 4 - 35 - 2.9199976921081543 1
32 4 - 36 - 3.169698476791382 1
32 4 - 37 - 3.040349245071411 1
32 4 - 38 - 3.0282552242279053 1
32 4 - 39 - 2.919407606124878 1
32 4 - 40 - 2.959747791290283 1
32 4 - 41 - 3.1996874809265137 1
32 4 - 42 - 3.0074188709259033 1
32 4 - 43 - 3.0210304260253906 1
32 4 - 44 - 3.0524396896362305 1
32 4 - 45 - 3.0417184829711914 1
32 4 - 46 - 3.029916286468506 1
32 4 - 47 - 2.96279239654541 1
32 4 - 48 - 2.9295156002044678 1
32 4 - 49 - 3.0936472415924072 1
32 4 - 50 - 3.0681257247924805 1
32 4 - 51 - 3.071063995361328 1
32 4 - 52 - 2.969524383544922 1
32 4 - 53 - 3.152909517288208 1
32 4 - 54 - 4.855133056640625 1
32 4 - 55 - 3.009258985519409 1
32 4 - 56 - 3.1754841804504395 1
32 4 - 57 - 2.996220827102661 1
32 4 - 58 - 3.233625888824463 1
32 4 - 59 - 3.04864764213562 1
32 4 - 60 - 2.976468801498413 1
32 4 - 61 - 3.0563411712646484 1
32 4 - 62 - 3.0460755825042725 1
32 4 - 63 - 2.9730923175811768 1
32 4 - 64 - 2.8097970485687256 0
32 4 - 65 - 2.9311139583587646 1
32 4 - 66 - 2.86603045463562 1
32 4 - 67 - 2.9873147010803223 1
32 4 - 68 - 3.150190591812134 1
32 4 - 69 - 3.356231212615967 1
32 4 - 70 - 3.056523323059082 1
32 4 - 71 - 3.3346450328826904 1
32 4 - 72 - 3.082381010055542 1
32 4 - 73 - 2.898747205734253 1
32 4 - 74 - 2.860447406768799 0
32 4 - 75 - 3.154703378677368 1
32 4 - 76 - 3.088322401046753 1
32 4 - 77 - 3.237874746322632 1
32 4 - 78 - 2.8849751949310303 1
32 4 - 79 - 3.0058979988098145 1
32 4 - 80 - 3.047244071960449 1
32 4 - 81 - 2.9830410480499268 1
32 4 - 82 - 2.962651252746582 1
32 4 - 83 - 3.0906529426574707 1
32 4 - 84 - 3.0236148834228516 1
32 4 - 85 - 2.963563919067383 1
32 4 - 86 - 2.9571192264556885 1
32 4 - 87 - 2.991027355194092 1
32 4 - 88 - 2.972775936126709 1
32 4 - 89 - 3.352419376373291 1
32 4 - 90 - 2.9756553173065186 1
32 4 - 91 - 3.2190465927124023 1
32 4 - 92 - 2.9316177368164062 1
32 4 - 93 - 3.114337682723999 1
32 4 - 94 - 3.102715015411377 1
32 4 - 95 - 3.3762588500976562 1
32 4 - 96 - 3.3391056060791016 1
32 4 - 97 - 3.0157103538513184 1
32 4 - 98 - 3.1992385387420654 1
32 4 - 99 - 3.111016035079956 1
32 8 - 0 - 7.505861282348633 1
32 8 - 1 - 7.71351957321167 1
32 8 - 2 - 7.251371383666992 1
32 8 - 3 - 8.831066370010376 1
32 8 - 4 - 7.658815145492554 1
32 8 - 5 - 7.570951461791992 1
32 8 - 6 - 7.14021110534668 1
32 8 - 7 - 8.536388397216797 1
32 8 - 8 - 7.22948956489563 1
32 8 - 9 - 7.7174623012542725 1
32 8 - 10 - 7.778400659561157 1
32 8 - 11 - 8.196666479110718 1
32 8 - 12 - 8.58145260810852 1
32 8 - 13 - 8.740354537963867 1
32 8 - 14 - 7.89919900894165 1
32 8 - 15 - 7.308800935745239 1
32 8 - 16 - 7.87516450881958 1
32 8 - 17 - 7.613654851913452 1
32 8 - 18 - 7.566927194595337 1
32 8 - 19 - 7.772445917129517 1
32 8 - 20 - 7.527778387069702 1
32 8 - 21 - 7.236708164215088 1
32 8 - 22 - 7.66045880317688 1
32 8 - 23 - 7.8947649002075195 1
32 8 - 24 - 7.656085014343262 1
32 8 - 25 - 7.3743085861206055 1
32 8 - 26 - 7.617062568664551 1
32 8 - 27 - 8.004829406738281 1
32 8 - 28 - 7.683340549468994 1
32 8 - 29 - 7.676320314407349 1
32 8 - 30 - 7.259974956512451 1
32 8 - 31 - 7.318756103515625 1
32 8 - 32 - 7.953071355819702 1
32 8 - 33 - 8.02994680404663 1
32 8 - 34 - 7.778953313827515 1
32 8 - 35 - 7.864595413208008 1
32 8 - 36 - 8.100512266159058 1
32 8 - 37 - 7.81199049949646 1
32 8 - 38 - 7.663647174835205 1
32 8 - 39 - 7.42523455619812 1
32 8 - 40 - 7.818217992782593 1
32 8 - 41 - 8.138999938964844 1
32 8 - 42 - 7.864286661148071 1
32 8 - 43 - 7.8605310916900635 1
32 8 - 44 - 7.56054425239563 1
32 8 - 45 - 7.303670167922974 1
32 8 - 46 - 7.2992658615112305 1
32 8 - 47 - 7.597706317901611 1
32 8 - 48 - 8.120399713516235 1
32 8 - 49 - 7.417522430419922 1
32 8 - 50 - 7.547408580780029 1
32 8 - 51 - 7.989537715911865 1
32 8 - 52 - 7.284979581832886 1
32 8 - 53 - 7.48647928237915 1
32 8 - 54 - 7.381936073303223 1
32 8 - 55 - 7.3914220333099365 1
32 8 - 56 - 7.685913324356079 1
32 8 - 57 - 8.202061176300049 1
32 8 - 58 - 7.644612789154053 1
32 8 - 59 - 7.185847997665405 1
32 8 - 60 - 7.797870397567749 1
32 8 - 61 - 8.141910791397095 1
32 8 - 62 - 7.980807065963745 1
32 8 - 63 - 7.487624645233154 1
32 8 - 64 - 7.846941709518433 1
32 8 - 65 - 8.178080797195435 1
32 8 - 66 - 7.358083963394165 1
32 8 - 67 - 7.889736890792847 1
32 8 - 68 - 8.657637357711792 1
32 8 - 69 - 7.9824302196502686 1
32 8 - 70 - 7.829551696777344 1
32 8 - 71 - 7.213434219360352 1
32 8 - 72 - 7.801735162734985 1
32 8 - 73 - 8.074542999267578 1
32 8 - 74 - 8.57402229309082 1
32 8 - 75 - 7.9524664878845215 1
32 8 - 76 - 7.786083698272705 1
32 8 - 77 - 8.05783200263977 1
32 8 - 78 - 7.457972288131714 1
32 8 - 79 - 7.540250301361084 1
32 8 - 80 - 7.473195552825928 1
32 8 - 81 - 7.8272106647491455 1
32 8 - 82 - 8.189603090286255 1
32 8 - 83 - 7.338582277297974 1
32 8 - 84 - 7.399266719818115 1
32 8 - 85 - 8.064830541610718 1
32 8 - 86 - 8.097203016281128 1
32 8 - 87 - 7.514610290527344 1
32 8 - 88 - 7.711485385894775 1
32 8 - 89 - 7.417640686035156 1
32 8 - 90 - 7.885871171951294 1
32 8 - 91 - 7.78328013420105 1
32 8 - 92 - 8.098254203796387 1
32 8 - 93 - 7.097626447677612 1
32 8 - 94 - 8.016586303710938 1
32 8 - 95 - 7.841855525970459 1
32 8 - 96 - 7.875393867492676 1
32 8 - 97 - 7.542703628540039 1
32 8 - 98 - 7.902754068374634 1
32 8 - 99 - 7.948048830032349 1
