U: 32 1 1 1 1 0.17030711174011232 0.16649384498596193 0.05463533401489258 0.054099082946777344 0.05217618942260742 0.05369024276733399
U: 32 1 1 1 2 0.08964390754699707 0.1707470417022705 0.05262093544006348 0.0522712230682373 0.052515411376953126 0.05263895988464355
U: 32 1 1 1 4 0.08903164863586426 0.16848454475402833 0.05259928703308105 0.052589941024780276 0.05305757522583008 0.052100753784179686
U: 32 1 1 1 8 0.08781971931457519 0.16869163513183594 0.053146743774414064 0.05210256576538086 0.05279607772827148 0.05267324447631836
U: 32 1 1 1 16 0.08905367851257324 0.1689683437347412 0.053687238693237306 0.052851629257202146 0.05349712371826172 0.05357303619384766
U: 32 1 1 1 32 0.0876657485961914 0.16769204139709473 0.05235753059387207 0.05339679718017578 0.05249123573303223 0.0523073673248291
U: 32 1 1 2 2 0.19902639389038085 0.27973132133483886 0.05336604118347168 0.053443288803100585 0.051737308502197266 0.05295238494873047
U: 32 1 1 2 4 0.12465243339538574 0.20171160697937013 0.05214118957519531 0.052162790298461915 0.0519136905670166 0.05223226547241211
U: 32 1 1 2 8 0.12498598098754883 0.20438742637634277 0.052170419692993165 0.05360264778137207 0.05296034812927246 0.05292978286743164
U: 32 1 1 2 16 0.12521443367004395 0.2043795108795166 0.0537816047668457 0.05326528549194336 0.05314812660217285 0.05388784408569336
U: 32 1 1 2 32 0.1264410972595215 0.2078385829925537 0.053067684173583984 0.05369243621826172 0.052682352066040036 0.05379791259765625
U: 32 1 1 4 4 0.2896076202392578 0.406951379776001 0.612076711654663 0.053111600875854495 0.05637645721435547 0.0533851146697998
U: 32 1 1 4 8 0.213338041305542 0.32906079292297363 0.5257844924926758 0.05167059898376465 0.052372074127197264 0.05245370864868164
U: 32 1 1 4 16 0.2165682792663574 0.3286563873291016 0.5329755306243896 0.05265340805053711 0.05402498245239258 0.053081703186035153
U: 32 1 1 4 32 0.21990642547607422 0.33356966972351076 0.5593297004699707 0.05326313972473144 0.05442910194396973 0.05255870819091797
U: 32 1 1 8 8 0.44698143005371094 0.21356792449951173 0.33408522605895996 1.2808327198028564 0.05351767539978027 0.05234222412109375
U: 32 1 1 8 16 0.48352928161621095 0.22197070121765136 0.33257207870483396 1.2339388370513915 0.058750581741333005 0.05474209785461426
U: 32 1 1 8 32 0.46616339683532715 0.5831348896026611 0.7884747505187988 1.2312962532043457 0.05890874862670899 0.05759086608886719
U: 32 1 1 16 16 1.2641156196594239 0.47307381629943845 0.23352160453796386 0.3457291603088379 2.641891622543335 0.06252994537353515
U: 32 1 1 16 32 1.277306890487671 0.44660305976867676 0.20985660552978516 0.33017735481262206 2.5063995361328124 0.05694947242736816
U: 32 1 1 32 32 4.168846511840821 1.3169694900512696 0.4414168357849121 0.21061172485351562 0.32402772903442384 2.523504209518433
U: 32 2 1 1 1 0.1918405532836914 0.192411470413208 0.06045279502868652 0.06020369529724121 0.06043548583984375 0.061359310150146486
U: 32 2 1 1 2 0.10463972091674804 0.19669833183288574 0.05908560752868652 0.06273484230041504 0.05962958335876465 0.05989503860473633
U: 32 2 1 1 4 0.10644235610961914 0.19952330589294434 0.059180402755737306 0.05919790267944336 0.058909273147583006 0.05923199653625488
U: 32 2 1 1 8 0.10273432731628418 0.19595322608947754 0.059183502197265626 0.059248495101928714 0.05969481468200684 0.06018071174621582
U: 32 2 1 1 16 0.10439500808715821 0.19770379066467286 0.05840377807617188 0.06199679374694824 0.05987191200256348 0.05909228324890137
U: 32 2 1 1 32 0.10561466217041016 0.1975675106048584 0.060520601272583005 0.058629417419433595 0.061195659637451175 0.060235023498535156
U: 32 2 1 2 2 0.27662105560302735 0.3696890830993652 0.06137700080871582 0.05993156433105469 0.0591637134552002 0.059862804412841794
U: 32 2 1 2 4 0.15935072898864747 0.24428987503051758 0.060411500930786136 0.05935182571411133 0.05942850112915039 0.05917344093322754
U: 32 2 1 2 8 0.15308732986450196 0.2423943042755127 0.06008410453796387 0.05967445373535156 0.06011152267456055 0.06131277084350586
U: 32 2 1 2 16 0.148254919052124 0.24472346305847167 0.06002659797668457 0.05957746505737305 0.06005387306213379 0.060403299331665036
U: 32 2 1 2 32 0.14945564270019532 0.24255094528198243 0.060200977325439456 0.06018476486206055 0.060445308685302734 0.06006069183349609
U: 32 2 1 4 4 0.4423826217651367 0.5813110828399658 0.8647338390350342 0.0603668212890625 0.06019134521484375 0.05919466018676758
U: 32 2 1 4 8 0.2679763317108154 0.39412760734558105 0.6827756404876709 0.06653342247009278 0.06085848808288574 0.05932826995849609
U: 32 2 1 4 16 0.27362427711486814 0.4243363857269287 0.6826985836029053 0.05939326286315918 0.05942683219909668 0.0595667839050293
U: 32 2 1 4 32 0.26380200386047364 0.40157546997070315 0.6857176303863526 0.05966372489929199 0.05986948013305664 0.059536314010620116
U: 32 2 1 8 8 0.5996705055236816 0.8213184356689454 1.453383207321167 2.151274394989014 0.05932765007019043 0.059708356857299805
U: 32 2 1 8 16 0.6017066478729248 0.8360579490661622 1.2363897800445556 1.9970103263854981 0.05969781875610351 0.059394311904907224
U: 32 2 1 8 32 0.7313135623931885 0.8785802841186523 1.2300547122955323 2.0062272548675537 0.05951037406921387 0.0595428466796875
U: 32 2 1 16 16 1.5172991275787353 0.5850385665893555 0.8516352653503418 3.047376251220703 4.780694246292114 0.05989937782287598
U: 32 2 1 16 32 1.6451714992523194 0.5784834384918213 0.8684600353240967 2.818296432495117 4.666720676422119 0.0638345718383789
U: 32 2 1 32 32 5.929635047912598 1.6469751358032227 0.5856730461120605 0.8461547374725342 6.320105695724488 9.929991197586059
U: 32 2 2 1 1 0.19081850051879884 0.1891000747680664 0.06068863868713379 0.05871491432189942 0.058392572402954104 0.05847783088684082
U: 32 2 2 1 2 0.1035642147064209 0.19758481979370118 0.06006135940551758 0.06100959777832031 0.06001296043395996 0.05937318801879883
U: 32 2 2 1 4 0.10266079902648925 0.19530205726623534 0.058365249633789064 0.05855741500854492 0.05950498580932617 0.05892524719238281
U: 32 2 2 1 8 0.10272073745727539 0.19628539085388183 0.05871615409851074 0.05879082679748535 0.05861606597900391 0.058678388595581055
U: 32 2 2 1 16 0.1040271282196045 0.19699535369873047 0.05887584686279297 0.059521818161010744 0.058920669555664065 0.05887050628662109
U: 32 2 2 2 2 0.2729452610015869 0.36124820709228517 0.06133923530578613 0.05892624855041504 0.05813593864440918 0.05906858444213867
U: 32 2 2 2 4 0.14465432167053222 0.23954949378967286 0.058353328704833986 0.05897774696350098 0.059302997589111325 0.05894336700439453
U: 32 2 2 2 8 0.14641060829162597 0.2381523609161377 0.0584681510925293 0.05847482681274414 0.0586188793182373 0.05851988792419434
U: 32 2 2 2 16 0.1432964324951172 0.23902521133422852 0.058727073669433597 0.05835709571838379 0.05869731903076172 0.059411478042602536
U: 32 2 2 4 4 0.434340238571167 0.5731838703155517 0.8488348007202149 0.058027029037475586 0.05988092422485351 0.05847015380859375
U: 32 2 2 4 8 0.30851383209228517 0.39966392517089844 0.6794953346252441 0.058343505859375 0.05961899757385254 0.058417892456054686
U: 32 2 2 4 16 0.2564882755279541 0.40938677787780764 0.6709688186645508 0.059446525573730466 0.05820307731628418 0.05871458053588867
U: 32 2 2 8 8 0.6043391227722168 0.829757833480835 1.379347276687622 2.189932680130005 0.05922861099243164 0.05925030708312988
U: 32 2 2 8 16 0.609839677810669 0.8818089008331299 1.20380859375 1.989064836502075 0.05949525833129883 0.059544706344604494
U: 32 2 2 16 16 1.6828650951385498 0.5783281803131104 0.8177167892456054 3.021734380722046 4.759179210662841 0.05900702476501465
U: 32 4 1 1 1 0.2444301128387451 0.24153804779052734 0.0719559669494629 0.0751922607421875 0.07492280006408691 0.0734797477722168
U: 32 4 1 1 2 0.14048070907592775 0.257106351852417 0.07306466102600098 0.07250943183898925 0.07245445251464844 0.07415256500244141
U: 32 4 1 1 4 0.13737664222717286 0.25677075386047366 0.07252511978149415 0.07243509292602539 0.07244057655334472 0.0722156047821045
U: 32 4 1 1 8 0.13784852027893066 0.2572115421295166 0.07191872596740723 0.07303309440612793 0.07250847816467285 0.07193737030029297
U: 32 4 1 1 16 0.13868417739868164 0.2560889720916748 0.0715644359588623 0.07202491760253907 0.07342019081115722 0.07173700332641601
U: 32 4 1 1 32 0.13745574951171874 0.2596431732177734 0.07217173576354981 0.07202425003051757 0.07296986579895019 0.07282586097717285
U: 32 4 1 2 2 0.3650146484375 0.4769010543823242 0.07225756645202637 0.07264041900634766 0.07261109352111816 0.07258148193359375
U: 32 4 1 2 4 0.2000356674194336 0.31700572967529295 0.07297172546386718 0.07193455696105958 0.071484375 0.0731900691986084
U: 32 4 1 2 8 0.20139880180358888 0.31966142654418944 0.07596440315246582 0.07548694610595703 0.074607515335083 0.07566313743591309
U: 32 4 1 2 16 0.2034282684326172 0.31941685676574705 0.072993803024292 0.07358388900756836 0.07225837707519531 0.07414741516113281
U: 32 4 1 2 32 0.19666123390197754 0.3179641246795654 0.07222123146057129 0.07363691329956054 0.07218785285949707 0.07327737808227539
U: 32 4 1 4 4 0.6663112640380859 0.8428179740905761 1.2359043121337892 0.07339024543762207 0.07319087982177734 0.07256340980529785
U: 32 4 1 4 8 0.35532712936401367 0.5465138912200928 0.8967056274414062 0.07288341522216797 0.07232246398925782 0.07308349609375
U: 32 4 1 4 16 0.3474276542663574 0.5251305580139161 0.8930412292480469 0.07294540405273438 0.07300662994384766 0.07256960868835449
U: 32 4 1 4 32 0.35047116279602053 0.5291721820831299 0.8942890644073487 0.07293887138366699 0.07312216758728027 0.07342724800109864
U: 32 4 1 8 8 1.5842309474945069 1.9074878692626953 2.5810102939605715 4.029659461975098 0.07267527580261231 0.07419810295104981
U: 32 4 1 8 16 0.8421451091766358 1.1808140754699707 1.9653030395507813 3.43066201210022 0.07108907699584961 0.07295041084289551
U: 32 4 1 8 32 0.8600515842437744 1.2532883644104005 1.9511549472808838 3.5321176528930662 0.07313747406005859 0.07286539077758789
U: 32 4 1 16 16 3.5625733375549316 4.4184986591339115 5.315015411376953 7.903175354003906 12.194045639038086 0.07277731895446778
U: 32 4 1 16 32 2.973559617996216 4.248534488677978 4.619876575469971 6.892400932312012 11.517637491226196 0.07215089797973633
U: 32 4 1 32 32 12.610257387161255 2.7930602550506594 4.13463864326477 12.194432687759399 17.00038194656372 28.250989770889284
U: 32 4 2 1 1 0.2477736473083496 0.24448690414428711 0.07330389022827148 0.07302684783935547 0.0733057975769043 0.07309846878051758
U: 32 4 2 1 2 0.14035353660583497 0.2602522373199463 0.07403764724731446 0.07352619171142578 0.0730057716369629 0.07383217811584472
U: 32 4 2 1 4 0.13789219856262208 0.26178708076477053 0.07221746444702148 0.07348427772521973 0.07427592277526855 0.07369861602783204
U: 32 4 2 1 8 0.14002056121826173 0.26189556121826174 0.07324337959289551 0.07316093444824219 0.07326273918151856 0.07321605682373047
U: 32 4 2 1 16 0.1395705223083496 0.25976905822753904 0.07354903221130371 0.07368621826171876 0.07307291030883789 0.07325224876403809
U: 32 4 2 2 2 0.3636312484741211 0.49103174209594724 0.07462244033813477 0.07331490516662598 0.07280454635620118 0.0733576774597168
U: 32 4 2 2 4 0.20322566032409667 0.32204785346984866 0.07378168106079101 0.07298045158386231 0.07367124557495117 0.07323951721191406
U: 32 4 2 2 8 0.20207648277282714 0.3190795421600342 0.07349915504455566 0.07368011474609375 0.07477407455444336 0.0735659122467041
U: 32 4 2 2 16 0.20071868896484374 0.3191631317138672 0.07359852790832519 0.07294769287109375 0.07337656021118164 0.0736074447631836
U: 32 4 2 4 4 0.6730883121490479 0.8532679557800293 1.207243013381958 0.07316279411315918 0.07297115325927735 0.07287092208862304
U: 32 4 2 4 8 0.3596235752105713 0.5358362197875977 0.9156782627105713 0.07350144386291504 0.07332181930541992 0.07290124893188477
U: 32 4 2 4 16 0.36024107933044436 0.53280611038208 0.8969175815582275 0.07783513069152832 0.07406821250915527 0.07347164154052735
U: 32 4 2 8 8 1.5811641693115235 1.9162896156311036 2.6285127639770507 4.174097299575806 0.07325944900512696 0.07373261451721191
U: 32 4 2 8 16 0.8765394687652588 1.2368999004364014 1.919287872314453 3.3936165809631347 0.0734975814819336 0.0730051040649414
U: 32 4 2 16 16 3.3209934711456297 3.4590696811676027 5.294277095794678 7.534773635864258 12.313322067260742 0.07462639808654785
U: 32 4 4 1 1 0.24891014099121095 0.24377083778381348 0.07321577072143555 0.07520742416381836 0.07443647384643555 0.07363324165344239
U: 32 4 4 1 2 0.13890256881713867 0.2619489669799805 0.0747922420501709 0.07355375289916992 0.07367978096008301 0.0735710620880127
U: 32 4 4 1 4 0.13885436058044434 0.2618816375732422 0.07426095008850098 0.07293553352355957 0.07311367988586426 0.07312154769897461
U: 32 4 4 1 8 0.13890881538391114 0.26071748733520506 0.07399382591247558 0.07352271080017089 0.07332844734191894 0.07327775955200196
U: 32 4 4 2 2 0.3676318168640137 0.48572850227355957 0.07321281433105468 0.07365097999572753 0.07343525886535644 0.07411575317382812
U: 32 4 4 2 4 0.19777445793151854 0.3178850173950195 0.07296814918518066 0.07250065803527832 0.0741586685180664 0.07267537117004394
U: 32 4 4 2 8 0.20128726959228516 0.32082333564758303 0.0731818675994873 0.07302293777465821 0.07337474822998047 0.07364950180053711
U: 32 4 4 4 4 0.6594433784484863 0.8415166854858398 1.2165604114532471 0.07287697792053223 0.07366852760314942 0.07323932647705078
U: 32 4 4 4 8 0.3612987518310547 0.5320442199707032 0.9299613952636718 0.07336211204528809 0.07349743843078613 0.07321491241455078
U: 32 4 4 8 8 1.5631344795227051 1.9433163166046143 2.6202429294586183 4.092229795455933 0.0717987060546875 0.07229561805725097
U: 32 8 1 1 1 0.34998397827148436 0.3483429431915283 0.09837546348571777 0.09732775688171387 0.09780535697937012 0.09921116828918457
U: 32 8 1 1 2 0.20627245903015137 0.37785706520080564 0.0975832462310791 0.09896564483642578 0.09764404296875 0.09879479408264161
U: 32 8 1 1 4 0.20201659202575684 0.37289628982543943 0.09807381629943848 0.09717764854431152 0.09873151779174805 0.09741015434265136
U: 32 8 1 1 8 0.20204553604125977 0.3780168056488037 0.09744234085083008 0.09843277931213379 0.09749007225036621 0.09733781814575196
U: 32 8 1 1 16 0.20519571304321288 0.381781005859375 0.0981740951538086 0.10076756477355957 0.09813203811645507 0.10028347969055176
U: 32 8 1 1 32 0.2042234420776367 0.37639927864074707 0.09854035377502442 0.09873571395874023 0.09797635078430175 0.09809403419494629
U: 32 8 1 2 2 0.549264669418335 0.7254914283752442 0.09782891273498535 0.09739317893981933 0.09781479835510254 0.09742813110351563
U: 32 8 1 2 4 0.3044716835021973 0.4805591106414795 0.09854660034179688 0.098231840133667 0.09810738563537598 0.09873056411743164
U: 32 8 1 2 8 0.3068723678588867 0.46774802207946775 0.09806084632873535 0.09796357154846191 0.09808669090270997 0.09869561195373536
U: 32 8 1 2 16 0.3031139373779297 0.48351273536682127 0.09847579002380372 0.09936323165893554 0.09868736267089843 0.0983975887298584
U: 32 8 1 2 32 0.3106130599975586 0.47948760986328126 0.09899234771728516 0.09874305725097657 0.09842610359191895 0.09914131164550781
U: 32 8 1 4 4 1.0422202587127685 1.3245430946350099 1.8681258678436279 0.09755792617797851 0.09710507392883301 0.0980597972869873
U: 32 8 1 4 8 0.5442773342132569 0.8810574531555175 1.3975039958953857 0.09659509658813477 0.09742460250854493 0.0973942756652832
U: 32 8 1 4 16 0.5519045829772949 0.8165781974792481 1.378002119064331 0.09914765357971192 0.09832892417907715 0.09968657493591308
U: 32 8 1 4 32 0.5725389957427979 0.8399120330810547 1.3729848861694336 0.09828681945800781 0.09713873863220215 0.0971364974975586
U: 32 8 1 8 8 2.712759017944336 3.268765354156494 4.341293096542358 6.677009630203247 0.09749007225036621 0.0983588695526123
U: 32 8 1 8 16 1.4341111183166504 1.853225040435791 3.058033323287964 5.359636306762695 0.09831256866455078 0.09775571823120117
U: 32 8 1 8 32 1.3328181743621825 1.9882630825042724 3.1027875423431395 5.397020149230957 0.09888887405395508 0.09810161590576172
U: 32 8 1 16 16 10.860010623931885 12.308232736587524 16.117503261566164 23.142059421539308 37.19545202255249 0.0981717586517334
U: 32 8 1 16 32 5.611458873748779 7.406223392486572 10.505604076385499 18.12185196876526 38.45236053466797 0.09856662750244141
U: 32 8 1 32 32 40.208878469467166 44.69437575340271 42.39644408226013 55.58919506072998 84.05163068771363 145.6904106616974
U: 32 8 2 1 1 0.3548560619354248 0.3458545684814453 0.09931583404541015 0.09899377822875977 0.09905872344970704 0.09895777702331543
U: 32 8 2 1 2 0.20487308502197266 0.3781857490539551 0.09888091087341308 0.09894485473632812 0.09863739013671875 0.09916801452636718
U: 32 8 2 1 4 0.2050757884979248 0.3770766735076904 0.09842004776000976 0.09888105392456055 0.0988922119140625 0.0979264259338379
U: 32 8 2 1 8 0.21043319702148439 0.38051424026489256 0.09896554946899414 0.09882760047912598 0.09878463745117187 0.09926390647888184
U: 32 8 2 1 16 0.20624747276306152 0.37569465637207033 0.09869050979614258 0.09926276206970215 0.09928889274597168 0.09917335510253907
U: 32 8 2 2 2 0.5491147041320801 0.7216963291168212 0.09856338500976562 0.0997711181640625 0.09939026832580566 0.09911789894104003
U: 32 8 2 2 4 0.29943280220031737 0.4792307376861572 0.09917569160461426 0.09877243041992187 0.09971327781677246 0.09896245002746581
U: 32 8 2 2 8 0.3123422622680664 0.48258295059204104 0.0989316463470459 0.09990482330322266 0.09881720542907715 0.09898428916931153
U: 32 8 2 2 16 0.3115964412689209 0.48180418014526366 0.09895882606506348 0.09922757148742675 0.09921817779541016 0.09889254570007325
U: 32 8 2 4 4 1.0552896499633788 1.3180299282073975 1.9061944961547852 0.09926033020019531 0.09864826202392578 0.09871978759765625
U: 32 8 2 4 8 0.5494171619415283 0.8510193347930908 1.4259159088134765 0.09910402297973633 0.09887399673461914 0.09914965629577636
U: 32 8 2 4 16 0.5957625865936279 0.8293611526489257 1.3985955238342285 0.09899568557739258 0.09927129745483398 0.09883689880371094
U: 32 8 2 8 8 2.898371171951294 3.396960163116455 4.485217142105102 7.034184741973877 0.09978308677673339 0.09892430305480956
U: 32 8 2 8 16 1.3818039894104004 2.0146626472473144 3.048550319671631 5.59930453300476 0.09882845878601074 0.09960060119628907
U: 32 8 2 16 16 10.804742527008056 12.526646661758424 15.855916261672974 22.968656492233276 39.42358632087708 0.09883794784545899
U: 32 8 4 1 1 0.3498521327972412 0.3482482433319092 0.09921860694885254 0.09920892715454102 0.09874038696289063 0.09871449470520019
U: 32 8 4 1 2 0.2026909351348877 0.3823838233947754 0.09911470413208008 0.09912624359130859 0.09892878532409669 0.09899797439575195
U: 32 8 4 1 4 0.20547118186950683 0.3835315704345703 0.09882502555847168 0.09872636795043946 0.09841041564941407 0.09874677658081055
U: 32 8 4 1 8 0.20679306983947754 0.3788766860961914 0.09907307624816894 0.09892091751098633 0.09902815818786621 0.09913134574890137
U: 32 8 4 2 2 0.5624051094055176 0.7279592514038086 0.09914336204528809 0.09925608634948731 0.09970378875732422 0.10013961791992188
U: 32 8 4 2 4 0.3118419647216797 0.48097963333129884 0.09927692413330078 0.09877552986145019 0.09910216331481933 0.0989776611328125
U: 32 8 4 2 8 0.3094747066497803 0.48503828048706055 0.09915156364440918 0.09886355400085449 0.09928607940673828 0.09875698089599609
U: 32 8 4 4 4 1.0674813270568848 1.3156525135040282 1.835075855255127 0.09909243583679199 0.09864749908447265 0.09859590530395508
U: 32 8 4 4 8 0.5518542289733886 0.8160014629364014 1.3919996261596679 0.09904985427856446 0.098759126663208 0.09895734786987305
U: 32 8 4 8 8 2.839926290512085 3.263915252685547 4.4344950199127195 6.598798942565918 0.09880971908569336 0.0988661766052246
U: 32 8 8 1 1 0.344677734375 0.346026611328125 0.09859070777893067 0.09811544418334961 0.09807658195495605 0.09789180755615234
U: 32 8 8 1 2 0.2104548454284668 0.3858051300048828 0.10069432258605956 0.10017929077148438 0.09871454238891601 0.09889750480651856
U: 32 8 8 1 4 0.2077716827392578 0.37947402000427244 0.09875059127807617 0.09955353736877441 0.0987779140472412 0.0987081527709961
U: 32 8 8 2 2 0.553466796875 0.7165863513946533 0.09893546104431153 0.09838452339172363 0.09752449989318848 0.09772052764892578
U: 32 8 8 2 4 0.3035226821899414 0.4831421375274658 0.0989382266998291 0.0994729995727539 0.0995030403137207 0.09861178398132324
U: 32 8 8 4 4 1.0720894813537598 1.3241353988647462 1.8827243328094483 0.09859290122985839 0.0986696720123291 0.09882597923278809
