4 1 - 0 - 0.16215181350708008 0
4 1 - 1 - 0.14161944389343262 0
4 1 - 2 - 0.13048052787780762 0
4 1 - 3 - 0.1342315673828125 0
4 1 - 4 - 0.13616728782653809 0
4 1 - 5 - 0.1318047046661377 0
4 1 - 6 - 0.12797808647155762 0
4 1 - 7 - 0.12867403030395508 0
4 1 - 8 - 0.13452696800231934 0
4 1 - 9 - 0.1285724639892578 0
4 1 - 10 - 0.12884211540222168 0
4 1 - 11 - 0.12753987312316895 0
4 1 - 12 - 0.17438292503356934 1
4 1 - 13 - 0.12699246406555176 0
4 1 - 14 - 0.13164281845092773 0
4 1 - 15 - 0.12840509414672852 0
4 1 - 16 - 0.12794852256774902 0
4 1 - 17 - 0.12645626068115234 0
4 1 - 18 - 0.1260831356048584 0
4 1 - 19 - 0.12852954864501953 0
4 1 - 20 - 0.1336841583251953 0
4 1 - 21 - 0.1291027069091797 0
4 1 - 22 - 0.13722944259643555 0
4 1 - 23 - 0.14958620071411133 0
4 1 - 24 - 0.12826299667358398 0
4 1 - 25 - 0.12749767303466797 0
4 1 - 26 - 0.1326310634613037 0
4 1 - 27 - 0.12730622291564941 0
4 1 - 28 - 0.1275491714477539 0
4 1 - 29 - 0.12687420845031738 0
4 1 - 30 - 0.1713883876800537 1
4 1 - 31 - 0.12868094444274902 0
4 1 - 32 - 0.12739086151123047 0
4 1 - 33 - 0.13329124450683594 0
4 1 - 34 - 0.1426384449005127 0
4 1 - 35 - 0.16888046264648438 1
4 1 - 36 - 0.13042712211608887 0
4 1 - 37 - 0.13123655319213867 0
4 1 - 38 - 0.12707996368408203 0
4 1 - 39 - 0.12549233436584473 0
4 1 - 40 - 0.13167500495910645 0
4 1 - 41 - 0.1263580322265625 0
4 1 - 42 - 0.12540245056152344 0
4 1 - 43 - 0.12476444244384766 0
4 1 - 44 - 0.1344594955444336 0
4 1 - 45 - 0.12640643119812012 0
4 1 - 46 - 0.12810802459716797 0
4 1 - 47 - 0.13800477981567383 0
4 1 - 48 - 0.1257472038269043 0
4 1 - 49 - 0.1702115535736084 1
4 1 - 50 - 0.12463212013244629 0
4 1 - 51 - 0.13446402549743652 0
4 1 - 52 - 0.12903833389282227 0
4 1 - 53 - 0.13001704216003418 0
4 1 - 54 - 0.12861394882202148 0
4 1 - 55 - 0.12691974639892578 0
4 1 - 56 - 0.13508915901184082 0
4 1 - 57 - 0.13378691673278809 0
4 1 - 58 - 0.13664484024047852 0
4 1 - 59 - 0.13106870651245117 0
4 1 - 60 - 0.12802505493164062 0
4 1 - 61 - 0.13209104537963867 0
4 1 - 62 - 0.12520408630371094 0
4 1 - 63 - 0.12680387496948242 0
4 1 - 64 - 0.12630796432495117 0
4 1 - 65 - 0.1293933391571045 0
4 1 - 66 - 0.13172554969787598 0
4 1 - 67 - 0.12844276428222656 0
4 1 - 68 - 0.12616562843322754 0
4 1 - 69 - 0.12905669212341309 0
4 1 - 70 - 0.13226556777954102 0
4 1 - 71 - 0.13260722160339355 0
4 1 - 72 - 0.13362669944763184 0
4 1 - 73 - 0.16567254066467285 1
4 1 - 74 - 0.12958765029907227 0
4 1 - 75 - 0.13076305389404297 0
4 1 - 76 - 0.169724702835083 1
4 1 - 77 - 0.13163113594055176 0
4 1 - 78 - 0.13638687133789062 0
4 1 - 79 - 0.13303351402282715 0
4 1 - 80 - 0.13315534591674805 0
4 1 - 81 - 0.17598199844360352 1
4 1 - 82 - 0.12396645545959473 0
4 1 - 83 - 0.12915730476379395 0
4 1 - 84 - 0.12453794479370117 0
4 1 - 85 - 0.1299762725830078 0
4 1 - 86 - 0.1271982192993164 0
4 1 - 87 - 0.12783193588256836 0
4 1 - 88 - 0.1265885829925537 0
4 1 - 89 - 0.13304448127746582 0
4 1 - 90 - 0.1283888816833496 0
4 1 - 91 - 0.13066530227661133 0
4 1 - 92 - 0.12859559059143066 0
4 1 - 93 - 0.1701819896697998 1
4 1 - 94 - 0.12506437301635742 0
4 1 - 95 - 0.12853026390075684 0
4 1 - 96 - 0.12711858749389648 0
4 1 - 97 - 0.1253807544708252 0
4 1 - 98 - 0.12553668022155762 0
4 1 - 99 - 0.13274836540222168 0
4 2 - 0 - 0.21671581268310547 1
4 2 - 1 - 0.2162764072418213 1
4 2 - 2 - 0.21292734146118164 1
4 2 - 3 - 0.2085859775543213 1
4 2 - 4 - 0.21064496040344238 1
4 2 - 5 - 0.21514201164245605 1
4 2 - 6 - 0.21998882293701172 1
4 2 - 7 - 0.21931123733520508 1
4 2 - 8 - 0.2053844928741455 1
4 2 - 9 - 0.21254920959472656 1
4 2 - 10 - 0.2081615924835205 1
4 2 - 11 - 0.15628290176391602 0
4 2 - 12 - 0.21850275993347168 1
4 2 - 13 - 0.22008967399597168 1
4 2 - 14 - 0.23647785186767578 1
4 2 - 15 - 0.2114708423614502 1
4 2 - 16 - 0.21807360649108887 1
4 2 - 17 - 0.15958714485168457 0
4 2 - 18 - 0.15384888648986816 0
4 2 - 19 - 0.21541357040405273 1
4 2 - 20 - 0.158982515335083 0
4 2 - 21 - 0.15485548973083496 0
4 2 - 22 - 0.2071232795715332 1
4 2 - 23 - 0.21619820594787598 1
4 2 - 24 - 0.2187488079071045 1
4 2 - 25 - 0.21901321411132812 1
4 2 - 26 - 0.20943903923034668 1
4 2 - 27 - 0.21865320205688477 1
4 2 - 28 - 0.21924591064453125 1
4 2 - 29 - 0.2206871509552002 1
4 2 - 30 - 0.2075507640838623 1
4 2 - 31 - 0.21527552604675293 1
4 2 - 32 - 0.22155356407165527 1
4 2 - 33 - 0.22583508491516113 1
4 2 - 34 - 0.19976234436035156 1
4 2 - 35 - 0.20927882194519043 1
4 2 - 36 - 0.2020583152770996 1
4 2 - 37 - 0.21447205543518066 1
4 2 - 38 - 0.22440242767333984 1
4 2 - 39 - 0.20487189292907715 1
4 2 - 40 - 0.21771883964538574 1
4 2 - 41 - 0.15494251251220703 0
4 2 - 42 - 0.21854162216186523 1
4 2 - 43 - 0.21459031105041504 1
4 2 - 44 - 0.22352814674377441 1
4 2 - 45 - 0.21484375 1
4 2 - 46 - 0.22664451599121094 1
4 2 - 47 - 0.20789837837219238 1
4 2 - 48 - 0.21448612213134766 1
4 2 - 49 - 0.22472763061523438 1
4 2 - 50 - 0.21809697151184082 1
4 2 - 51 - 0.21213269233703613 1
4 2 - 52 - 0.1497631072998047 0
4 2 - 53 - 0.21631145477294922 1
4 2 - 54 - 0.14597511291503906 0
4 2 - 55 - 0.22403764724731445 1
4 2 - 56 - 0.21753525733947754 1
4 2 - 57 - 0.2120985984802246 1
4 2 - 58 - 0.22153782844543457 1
4 2 - 59 - 0.20638036727905273 1
4 2 - 60 - 0.14531326293945312 0
4 2 - 61 - 0.20690321922302246 1
4 2 - 62 - 0.21816515922546387 1
4 2 - 63 - 0.15121912956237793 0
4 2 - 64 - 0.1520535945892334 0
4 2 - 65 - 0.2683098316192627 0
4 2 - 66 - 0.22612500190734863 1
4 2 - 67 - 0.2008531093597412 1
4 2 - 68 - 0.21698880195617676 1
4 2 - 69 - 0.2126479148864746 1
4 2 - 70 - 0.20889854431152344 1
4 2 - 71 - 0.21935129165649414 1
4 2 - 72 - 0.2193007469177246 1
4 2 - 73 - 0.21048545837402344 1
4 2 - 74 - 0.21832895278930664 1
4 2 - 75 - 0.21535181999206543 1
4 2 - 76 - 0.22056841850280762 1
4 2 - 77 - 0.21384000778198242 1
4 2 - 78 - 0.21695542335510254 1
4 2 - 79 - 0.21420550346374512 1
4 2 - 80 - 0.2168748378753662 1
4 2 - 81 - 0.21793055534362793 1
4 2 - 82 - 0.22907304763793945 1
4 2 - 83 - 0.21811270713806152 1
4 2 - 84 - 0.15590739250183105 0
4 2 - 85 - 0.23958253860473633 1
4 2 - 86 - 0.22069287300109863 1
4 2 - 87 - 0.14705920219421387 0
4 2 - 88 - 0.22570347785949707 1
4 2 - 89 - 0.21060657501220703 1
4 2 - 90 - 0.22386455535888672 1
4 2 - 91 - 0.21655988693237305 1
4 2 - 92 - 0.22591376304626465 1
4 2 - 93 - 0.1905193328857422 1
4 2 - 94 - 0.21961140632629395 1
4 2 - 95 - 0.20869231224060059 1
4 2 - 96 - 0.20816850662231445 1
4 2 - 97 - 0.15277314186096191 0
4 2 - 98 - 0.16663265228271484 0
4 2 - 99 - 0.22010326385498047 1
4 4 - 0 - 0.3131430149078369 1
4 4 - 1 - 0.32293224334716797 1
4 4 - 2 - 0.32590317726135254 1
4 4 - 3 - 0.33319616317749023 1
4 4 - 4 - 0.33898162841796875 1
4 4 - 5 - 0.3148925304412842 1
4 4 - 6 - 0.3316307067871094 1
4 4 - 7 - 0.32495832443237305 1
4 4 - 8 - 0.3103210926055908 1
4 4 - 9 - 0.3367009162902832 1
4 4 - 10 - 0.33182859420776367 1
4 4 - 11 - 0.32444095611572266 1
4 4 - 12 - 0.32886219024658203 1
4 4 - 13 - 0.31865954399108887 1
4 4 - 14 - 0.3126535415649414 1
4 4 - 15 - 0.3253164291381836 1
4 4 - 16 - 0.32363033294677734 1
4 4 - 17 - 0.32469940185546875 1
4 4 - 18 - 0.3458738327026367 1
4 4 - 19 - 0.3485872745513916 1
4 4 - 20 - 0.32654714584350586 1
4 4 - 21 - 0.3461184501647949 1
4 4 - 22 - 0.3234422206878662 1
4 4 - 23 - 0.32929491996765137 1
4 4 - 24 - 0.3212602138519287 1
4 4 - 25 - 0.3222694396972656 1
4 4 - 26 - 0.3185093402862549 1
4 4 - 27 - 0.3401780128479004 1
4 4 - 28 - 0.35743069648742676 1
4 4 - 29 - 0.3180720806121826 1
4 4 - 30 - 0.3302297592163086 1
4 4 - 31 - 0.32692861557006836 1
4 4 - 32 - 0.33780694007873535 1
4 4 - 33 - 0.3539130687713623 1
4 4 - 34 - 0.32323431968688965 1
4 4 - 35 - 0.33871889114379883 1
4 4 - 36 - 0.3085746765136719 1
4 4 - 37 - 0.3268852233886719 1
4 4 - 38 - 0.33211517333984375 1
4 4 - 39 - 0.317760705947876 1
4 4 - 40 - 0.3429412841796875 1
4 4 - 41 - 0.35613465309143066 1
4 4 - 42 - 0.333803653717041 1
4 4 - 43 - 0.3383142948150635 1
4 4 - 44 - 0.320331335067749 1
4 4 - 45 - 0.33194684982299805 1
4 4 - 46 - 0.31977295875549316 1
4 4 - 47 - 0.3313908576965332 1
4 4 - 48 - 0.33130836486816406 1
4 4 - 49 - 0.3258078098297119 1
4 4 - 50 - 0.32581067085266113 1
4 4 - 51 - 0.3474464416503906 1
4 4 - 52 - 0.3435361385345459 1
4 4 - 53 - 0.34738826751708984 1
4 4 - 54 - 0.34763216972351074 1
4 4 - 55 - 0.3409581184387207 1
4 4 - 56 - 0.33328723907470703 1
4 4 - 57 - 0.3415539264678955 1
4 4 - 58 - 0.3433830738067627 1
4 4 - 59 - 0.3226180076599121 1
4 4 - 60 - 0.3206138610839844 1
4 4 - 61 - 0.3299548625946045 1
4 4 - 62 - 0.33693909645080566 1
4 4 - 63 - 0.3383491039276123 1
4 4 - 64 - 0.33684659004211426 1
4 4 - 65 - 0.3276357650756836 1
4 4 - 66 - 0.3219881057739258 1
4 4 - 67 - 0.3417787551879883 1
4 4 - 68 - 0.35274553298950195 1
4 4 - 69 - 0.3441014289855957 1
4 4 - 70 - 0.3320736885070801 1
4 4 - 71 - 0.3301692008972168 1
4 4 - 72 - 0.3394308090209961 1
4 4 - 73 - 0.33852362632751465 1
4 4 - 74 - 0.3180506229400635 1
4 4 - 75 - 0.3373405933380127 1
4 4 - 76 - 0.3344540596008301 1
4 4 - 77 - 0.3295161724090576 1
4 4 - 78 - 0.3283541202545166 1
4 4 - 79 - 0.3348512649536133 1
4 4 - 80 - 0.33385753631591797 1
4 4 - 81 - 0.32628297805786133 1
4 4 - 82 - 0.33634471893310547 1
4 4 - 83 - 0.32858872413635254 1
4 4 - 84 - 0.3360888957977295 1
4 4 - 85 - 0.33890795707702637 1
4 4 - 86 - 0.3182392120361328 1
4 4 - 87 - 0.33568263053894043 1
4 4 - 88 - 0.31960415840148926 1
4 4 - 89 - 0.34258532524108887 1
4 4 - 90 - 0.33627796173095703 1
4 4 - 91 - 0.3403167724609375 1
4 4 - 92 - 0.345029354095459 1
4 4 - 93 - 0.32048749923706055 1
4 4 - 94 - 0.3318042755126953 1
4 4 - 95 - 0.3291947841644287 1
4 4 - 96 - 0.3349902629852295 1
4 4 - 97 - 0.33524179458618164 1
4 4 - 98 - 0.33299827575683594 1
4 4 - 99 - 0.3281130790710449 1
8 1 - 0 - 0.2782869338989258 0
8 1 - 1 - 0.2768683433532715 0
8 1 - 2 - 0.28165411949157715 0
8 1 - 3 - 0.28034234046936035 0
8 1 - 4 - 0.27883124351501465 0
8 1 - 5 - 0.2785050868988037 0
8 1 - 6 - 0.2869143486022949 0
8 1 - 7 - 0.27579832077026367 0
8 1 - 8 - 0.29605603218078613 0
8 1 - 9 - 0.27677130699157715 0
8 1 - 10 - 0.2807152271270752 0
8 1 - 11 - 0.2771897315979004 0
8 1 - 12 - 0.29683828353881836 0
8 1 - 13 - 0.29024457931518555 0
8 1 - 14 - 0.27445483207702637 0
8 1 - 15 - 0.2776052951812744 0
8 1 - 16 - 0.277754545211792 0
8 1 - 17 - 0.29089784622192383 0
8 1 - 18 - 0.2774484157562256 0
8 1 - 19 - 0.27709341049194336 0
8 1 - 20 - 0.2878286838531494 0
8 1 - 21 - 0.293673038482666 0
8 1 - 22 - 0.2829856872558594 0
8 1 - 23 - 0.2807135581970215 0
8 1 - 24 - 0.27998924255371094 0
8 1 - 25 - 0.27991175651550293 0
8 1 - 26 - 0.2880988121032715 0
8 1 - 27 - 0.2816896438598633 0
8 1 - 28 - 0.27542757987976074 0
8 1 - 29 - 0.275378942489624 0
8 1 - 30 - 0.27826619148254395 0
8 1 - 31 - 0.28164196014404297 0
8 1 - 32 - 0.27790403366088867 0
8 1 - 33 - 0.279339075088501 0
8 1 - 34 - 0.33989977836608887 1
8 1 - 35 - 0.2831380367279053 0
8 1 - 36 - 0.2783348560333252 0
8 1 - 37 - 0.27579188346862793 0
8 1 - 38 - 0.276151180267334 0
8 1 - 39 - 0.285400390625 0
8 1 - 40 - 0.2765467166900635 0
8 1 - 41 - 0.27489662170410156 0
8 1 - 42 - 0.2788214683532715 0
8 1 - 43 - 0.2816462516784668 0
8 1 - 44 - 0.28607726097106934 0
8 1 - 45 - 0.2844398021697998 0
8 1 - 46 - 0.2875247001647949 0
8 1 - 47 - 0.27594661712646484 0
8 1 - 48 - 0.2877058982849121 0
8 1 - 49 - 0.2829444408416748 0
8 1 - 50 - 0.29076528549194336 0
8 1 - 51 - 0.3053450584411621 0
8 1 - 52 - 0.3458399772644043 1
8 1 - 53 - 0.27782320976257324 0
8 1 - 54 - 0.28443360328674316 0
8 1 - 55 - 0.28857946395874023 0
8 1 - 56 - 0.2839841842651367 0
8 1 - 57 - 0.2805192470550537 0
8 1 - 58 - 0.28688812255859375 0
8 1 - 59 - 0.2945215702056885 0
8 1 - 60 - 0.2811856269836426 0
8 1 - 61 - 0.2814769744873047 0
8 1 - 62 - 0.27643346786499023 0
8 1 - 63 - 0.29599714279174805 0
8 1 - 64 - 0.2764928340911865 0
8 1 - 65 - 0.2770669460296631 0
8 1 - 66 - 0.2777597904205322 0
8 1 - 67 - 0.28554272651672363 0
8 1 - 68 - 0.27734875679016113 0
8 1 - 69 - 0.2771422863006592 0
8 1 - 70 - 0.2761561870574951 0
8 1 - 71 - 0.2862434387207031 0
8 1 - 72 - 0.27686095237731934 0
8 1 - 73 - 0.2919323444366455 0
8 1 - 74 - 0.28493499755859375 0
8 1 - 75 - 0.2773783206939697 0
8 1 - 76 - 0.29681992530822754 0
8 1 - 77 - 0.27796339988708496 0
8 1 - 78 - 0.29089975357055664 0
8 1 - 79 - 0.27797389030456543 0
8 1 - 80 - 0.2803370952606201 0
8 1 - 81 - 0.2767629623413086 0
8 1 - 82 - 0.3280007839202881 1
8 1 - 83 - 0.28533506393432617 0
8 1 - 84 - 0.27869367599487305 0
8 1 - 85 - 0.2771425247192383 0
8 1 - 86 - 0.2810328006744385 0
8 1 - 87 - 0.27974748611450195 0
8 1 - 88 - 0.27914881706237793 0
8 1 - 89 - 0.2903571128845215 0
8 1 - 90 - 0.3604891300201416 1
8 1 - 91 - 0.28556060791015625 0
8 1 - 92 - 0.29009294509887695 0
8 1 - 93 - 0.2789790630340576 0
8 1 - 94 - 0.2941701412200928 0
8 1 - 95 - 0.34140491485595703 1
8 1 - 96 - 0.2763669490814209 0
8 1 - 97 - 0.2951319217681885 0
8 1 - 98 - 0.28066349029541016 0
8 1 - 99 - 0.2948577404022217 0
8 2 - 0 - 0.4084899425506592 1
8 2 - 1 - 0.39158082008361816 1
8 2 - 2 - 0.40743041038513184 1
8 2 - 3 - 0.4772982597351074 1
8 2 - 4 - 0.42540693283081055 1
8 2 - 5 - 0.33529233932495117 0
8 2 - 6 - 0.40534186363220215 1
8 2 - 7 - 0.42293477058410645 1
8 2 - 8 - 0.340700626373291 0
8 2 - 9 - 0.3479726314544678 0
8 2 - 10 - 0.4029197692871094 1
8 2 - 11 - 0.32222461700439453 0
8 2 - 12 - 0.4081547260284424 1
8 2 - 13 - 0.41504979133605957 1
8 2 - 14 - 0.4086635112762451 1
8 2 - 15 - 0.4138956069946289 1
8 2 - 16 - 0.4241015911102295 1
8 2 - 17 - 0.41304540634155273 1
8 2 - 18 - 0.3347194194793701 0
8 2 - 19 - 0.431917667388916 1
8 2 - 20 - 0.42559170722961426 0
8 2 - 21 - 0.42225193977355957 1
8 2 - 22 - 0.43038344383239746 1
8 2 - 23 - 0.4128272533416748 1
8 2 - 24 - 0.4319777488708496 1
8 2 - 25 - 0.5188953876495361 1
8 2 - 26 - 0.4880955219268799 1
8 2 - 27 - 0.3354909420013428 0
8 2 - 28 - 0.4482259750366211 1
8 2 - 29 - 0.40390706062316895 1
8 2 - 30 - 0.40848803520202637 1
8 2 - 31 - 0.44660210609436035 1
8 2 - 32 - 0.33501768112182617 0
8 2 - 33 - 0.32930779457092285 0
8 2 - 34 - 0.3969547748565674 1
8 2 - 35 - 0.3553447723388672 0
8 2 - 36 - 0.8551685810089111 1
8 2 - 37 - 0.42575955390930176 1
8 2 - 38 - 0.41220760345458984 1
8 2 - 39 - 0.4188213348388672 1
8 2 - 40 - 0.8179106712341309 1
8 2 - 41 - 0.3293013572692871 0
8 2 - 42 - 0.49427032470703125 1
8 2 - 43 - 0.40534543991088867 1
8 2 - 44 - 0.4002101421356201 1
8 2 - 45 - 0.4156832695007324 1
8 2 - 46 - 0.4559483528137207 1
8 2 - 47 - 0.40778112411499023 1
8 2 - 48 - 0.4262878894805908 1
8 2 - 49 - 0.39586853981018066 1
8 2 - 50 - 0.3991563320159912 1
8 2 - 51 - 0.4091019630432129 1
8 2 - 52 - 0.4454171657562256 1
8 2 - 53 - 0.4450187683105469 1
8 2 - 54 - 0.5064878463745117 1
8 2 - 55 - 0.4371929168701172 1
8 2 - 56 - 0.3314526081085205 0
8 2 - 57 - 0.46275830268859863 1
8 2 - 58 - 0.4956216812133789 1
8 2 - 59 - 0.34041428565979004 0
8 2 - 60 - 0.412320613861084 1
8 2 - 61 - 0.3987691402435303 1
8 2 - 62 - 0.4180104732513428 1
8 2 - 63 - 0.4017527103424072 1
8 2 - 64 - 0.43290209770202637 1
8 2 - 65 - 0.5674774646759033 1
8 2 - 66 - 0.4021151065826416 1
8 2 - 67 - 0.46784353256225586 1
8 2 - 68 - 0.5833826065063477 1
8 2 - 69 - 0.4170501232147217 1
8 2 - 70 - 0.4072237014770508 1
8 2 - 71 - 0.5363485813140869 1
8 2 - 72 - 0.41114330291748047 1
8 2 - 73 - 0.4189951419830322 1
8 2 - 74 - 0.32474303245544434 0
8 2 - 75 - 0.40152406692504883 1
8 2 - 76 - 0.4227149486541748 1
8 2 - 77 - 0.448474645614624 1
8 2 - 78 - 0.40376710891723633 1
8 2 - 79 - 0.3252420425415039 0
8 2 - 80 - 0.45018839836120605 1
8 2 - 81 - 0.4127981662750244 1
8 2 - 82 - 0.4374096393585205 1
8 2 - 83 - 0.42104530334472656 1
8 2 - 84 - 0.44734930992126465 1
8 2 - 85 - 0.4317440986633301 1
8 2 - 86 - 0.3315408229827881 0
8 2 - 87 - 0.38382673263549805 1
8 2 - 88 - 0.41030406951904297 1
8 2 - 89 - 0.4085500240325928 1
8 2 - 90 - 0.4199347496032715 1
8 2 - 91 - 0.4400475025177002 1
8 2 - 92 - 0.4140818119049072 1
8 2 - 93 - 0.38236379623413086 1
8 2 - 94 - 0.44666409492492676 1
8 2 - 95 - 0.39577436447143555 1
8 2 - 96 - 0.4383225440979004 1
8 2 - 97 - 0.42636799812316895 1
8 2 - 98 - 0.3955092430114746 1
8 2 - 99 - 0.3581533432006836 0
8 4 - 0 - 0.6484379768371582 1
8 4 - 1 - 0.6307291984558105 1
8 4 - 2 - 0.5853300094604492 1
8 4 - 3 - 0.5819106101989746 1
8 4 - 4 - 0.5517287254333496 1
8 4 - 5 - 1.1248714923858643 1
8 4 - 6 - 0.569511890411377 1
8 4 - 7 - 0.6419086456298828 1
8 4 - 8 - 0.5950958728790283 1
8 4 - 9 - 0.5829074382781982 1
8 4 - 10 - 0.6498963832855225 1
8 4 - 11 - 0.6363489627838135 1
8 4 - 12 - 0.6143221855163574 1
8 4 - 13 - 0.5919864177703857 1
8 4 - 14 - 0.6699244976043701 1
8 4 - 15 - 0.6012637615203857 1
8 4 - 16 - 0.5975823402404785 1
8 4 - 17 - 0.6225290298461914 1
8 4 - 18 - 0.5934672355651855 1
8 4 - 19 - 0.6027228832244873 1
8 4 - 20 - 0.5702621936798096 1
8 4 - 21 - 0.5336105823516846 1
8 4 - 22 - 0.5598330497741699 1
8 4 - 23 - 0.6882472038269043 1
8 4 - 24 - 0.6458442211151123 1
8 4 - 25 - 0.592890739440918 1
8 4 - 26 - 0.6053743362426758 1
8 4 - 27 - 0.5857162475585938 1
8 4 - 28 - 0.9110281467437744 1
8 4 - 29 - 0.5494322776794434 1
8 4 - 30 - 0.8049514293670654 1
8 4 - 31 - 0.6203081607818604 1
8 4 - 32 - 0.6304845809936523 1
8 4 - 33 - 0.6429843902587891 1
8 4 - 34 - 0.5761122703552246 1
8 4 - 35 - 0.538149356842041 1
8 4 - 36 - 0.5765032768249512 1
8 4 - 37 - 0.5546772480010986 1
8 4 - 38 - 0.6890583038330078 1
8 4 - 39 - 0.594886302947998 1
8 4 - 40 - 0.604215145111084 1
8 4 - 41 - 0.5708327293395996 1
8 4 - 42 - 0.5765433311462402 1
8 4 - 43 - 0.5719344615936279 1
8 4 - 44 - 0.629596471786499 1
8 4 - 45 - 0.6059865951538086 1
8 4 - 46 - 0.5972082614898682 1
8 4 - 47 - 0.5946385860443115 1
8 4 - 48 - 0.8322286605834961 1
8 4 - 49 - 0.6844866275787354 1
8 4 - 50 - 0.5757098197937012 1
8 4 - 51 - 0.7798328399658203 1
8 4 - 52 - 0.5602850914001465 1
8 4 - 53 - 0.5551164150238037 1
8 4 - 54 - 0.5502176284790039 1
8 4 - 55 - 0.5718092918395996 1
8 4 - 56 - 0.6214637756347656 1
8 4 - 57 - 0.6030118465423584 1
8 4 - 58 - 0.5931670665740967 1
8 4 - 59 - 0.7425801753997803 1
8 4 - 60 - 0.5911171436309814 1
8 4 - 61 - 0.5919654369354248 1
8 4 - 62 - 0.6728036403656006 1
8 4 - 63 - 0.5800974369049072 1
8 4 - 64 - 0.6930561065673828 1
8 4 - 65 - 0.590672492980957 1
8 4 - 66 - 0.5584573745727539 1
8 4 - 67 - 0.5761489868164062 1
8 4 - 68 - 0.5830183029174805 1
8 4 - 69 - 0.6223471164703369 1
8 4 - 70 - 0.6276028156280518 1
8 4 - 71 - 0.7446117401123047 1
8 4 - 72 - 0.5882070064544678 1
8 4 - 73 - 0.6022720336914062 1
8 4 - 74 - 0.6010677814483643 1
8 4 - 75 - 0.6610465049743652 1
8 4 - 76 - 0.602358341217041 1
8 4 - 77 - 0.6505622863769531 1
8 4 - 78 - 0.588468074798584 1
8 4 - 79 - 0.6220459938049316 1
8 4 - 80 - 0.5806543827056885 1
8 4 - 81 - 0.6724283695220947 1
8 4 - 82 - 0.8024954795837402 1
8 4 - 83 - 0.582646369934082 1
8 4 - 84 - 0.7358872890472412 1
8 4 - 85 - 0.5649511814117432 1
8 4 - 86 - 0.5976517200469971 1
8 4 - 87 - 0.5827605724334717 1
8 4 - 88 - 0.6103534698486328 1
8 4 - 89 - 0.6508913040161133 1
8 4 - 90 - 0.5881173610687256 1
8 4 - 91 - 0.6245772838592529 1
8 4 - 92 - 0.5493173599243164 1
8 4 - 93 - 0.554856538772583 1
8 4 - 94 - 0.5261452198028564 1
8 4 - 95 - 0.5803678035736084 1
8 4 - 96 - 0.6102068424224854 1
8 4 - 97 - 0.6741292476654053 1
8 4 - 98 - 0.6124391555786133 1
8 4 - 99 - 0.5760540962219238 1
8 8 - 0 - 1.2487056255340576 1
8 8 - 1 - 1.5330755710601807 1
8 8 - 2 - 1.130403995513916 1
8 8 - 3 - 1.3163599967956543 1
8 8 - 4 - 1.171980381011963 1
8 8 - 5 - 1.1236348152160645 1
8 8 - 6 - 1.1923561096191406 1
8 8 - 7 - 1.7262301445007324 1
8 8 - 8 - 1.0864591598510742 1
8 8 - 9 - 1.4062857627868652 1
8 8 - 10 - 1.2090072631835938 1
8 8 - 11 - 1.1544830799102783 1
8 8 - 12 - 1.2856216430664062 1
8 8 - 13 - 1.4681243896484375 1
8 8 - 14 - 1.5090715885162354 1
8 8 - 15 - 1.6243083477020264 1
8 8 - 16 - 1.1630370616912842 1
8 8 - 17 - 1.154099702835083 1
8 8 - 18 - 1.1951029300689697 1
8 8 - 19 - 1.5635325908660889 1
8 8 - 20 - 1.2273781299591064 1
8 8 - 21 - 1.253129005432129 1
8 8 - 22 - 1.255519151687622 1
8 8 - 23 - 1.2433955669403076 1
8 8 - 24 - 1.438551425933838 1
8 8 - 25 - 1.230480432510376 1
8 8 - 26 - 1.1867461204528809 1
8 8 - 27 - 1.305284023284912 1
8 8 - 28 - 1.2985384464263916 1
8 8 - 29 - 1.2672600746154785 1
8 8 - 30 - 1.2948029041290283 1
8 8 - 31 - 1.03214430809021 1
8 8 - 32 - 1.3275282382965088 1
8 8 - 33 - 1.3919098377227783 1
8 8 - 34 - 1.1389069557189941 1
8 8 - 35 - 1.2957139015197754 1
8 8 - 36 - 1.35854172706604 1
8 8 - 37 - 1.2164618968963623 1
8 8 - 38 - 1.3100948333740234 1
8 8 - 39 - 1.1788887977600098 1
8 8 - 40 - 1.0947158336639404 1
8 8 - 41 - 1.1635518074035645 1
8 8 - 42 - 1.1905570030212402 1
8 8 - 43 - 1.1165246963500977 1
8 8 - 44 - 1.354903221130371 1
8 8 - 45 - 1.2278170585632324 1
8 8 - 46 - 1.1032872200012207 1
8 8 - 47 - 1.0963730812072754 1
8 8 - 48 - 1.1121172904968262 1
8 8 - 49 - 1.2793219089508057 1
8 8 - 50 - 1.9770927429199219 1
8 8 - 51 - 1.2507100105285645 1
8 8 - 52 - 1.219071388244629 1
8 8 - 53 - 1.2950100898742676 1
8 8 - 54 - 1.6368303298950195 1
8 8 - 55 - 1.6514108180999756 1
8 8 - 56 - 1.1768956184387207 1
8 8 - 57 - 1.263462781906128 1
8 8 - 58 - 1.2440013885498047 1
8 8 - 59 - 1.242523193359375 1
8 8 - 60 - 1.185373306274414 1
8 8 - 61 - 1.1238117218017578 1
8 8 - 62 - 1.076916217803955 1
8 8 - 63 - 1.2434401512145996 1
8 8 - 64 - 1.233142375946045 1
8 8 - 65 - 1.2526788711547852 1
8 8 - 66 - 1.2562391757965088 1
8 8 - 67 - 1.412898063659668 1
8 8 - 68 - 1.2043781280517578 1
8 8 - 69 - 1.1719090938568115 1
8 8 - 70 - 1.1978623867034912 1
8 8 - 71 - 1.1646373271942139 1
8 8 - 72 - 1.1924359798431396 1
8 8 - 73 - 1.2583725452423096 1
8 8 - 74 - 1.1181964874267578 1
8 8 - 75 - 1.2039439678192139 1
8 8 - 76 - 1.2694716453552246 1
8 8 - 77 - 1.1277244091033936 1
8 8 - 78 - 1.4784865379333496 1
8 8 - 79 - 1.2095403671264648 1
8 8 - 80 - 1.4627857208251953 1
8 8 - 81 - 1.135524034500122 1
8 8 - 82 - 1.2081341743469238 1
8 8 - 83 - 1.0814168453216553 1
8 8 - 84 - 1.1143760681152344 1
8 8 - 85 - 1.4715447425842285 1
8 8 - 86 - 1.4438164234161377 1
8 8 - 87 - 1.0909144878387451 1
8 8 - 88 - 1.134904384613037 1
8 8 - 89 - 1.13792085647583 1
8 8 - 90 - 1.1634771823883057 1
8 8 - 91 - 1.1378967761993408 1
8 8 - 92 - 1.210195779800415 1
8 8 - 93 - 1.1310110092163086 1
8 8 - 94 - 1.2605667114257812 1
8 8 - 95 - 1.0088481903076172 1
8 8 - 96 - 1.1711516380310059 1
8 8 - 97 - 1.3432538509368896 1
8 8 - 98 - 1.1986544132232666 1
8 8 - 99 - 1.2272050380706787 1
16 1 - 0 - 0.7629716396331787 0
16 1 - 1 - 0.7632501125335693 0
16 1 - 2 - 0.7560286521911621 0
16 1 - 3 - 0.7726426124572754 0
16 1 - 4 - 0.802236795425415 0
16 1 - 5 - 0.7809360027313232 0
16 1 - 6 - 0.7647831439971924 0
16 1 - 7 - 0.766371488571167 0
16 1 - 8 - 0.7745354175567627 0
16 1 - 9 - 0.7674252986907959 0
16 1 - 10 - 0.7642471790313721 0
16 1 - 11 - 0.7666308879852295 0
16 1 - 12 - 0.765535831451416 0
16 1 - 13 - 0.792853593826294 0
16 1 - 14 - 0.772820234298706 0
16 1 - 15 - 0.8185443878173828 0
16 1 - 16 - 0.7761695384979248 0
16 1 - 17 - 0.8295187950134277 0
16 1 - 18 - 0.774956226348877 0
16 1 - 19 - 0.7751286029815674 0
16 1 - 20 - 0.7675514221191406 0
16 1 - 21 - 0.783592939376831 0
16 1 - 22 - 0.7722563743591309 0
16 1 - 23 - 0.7604646682739258 0
16 1 - 24 - 0.756584644317627 0
16 1 - 25 - 0.878021240234375 1
16 1 - 26 - 0.7528526782989502 0
16 1 - 27 - 0.7589876651763916 0
16 1 - 28 - 0.834010124206543 0
16 1 - 29 - 0.7727875709533691 0
16 1 - 30 - 0.7577168941497803 0
16 1 - 31 - 0.7621171474456787 0
16 1 - 32 - 0.7616875171661377 0
16 1 - 33 - 0.754575252532959 0
16 1 - 34 - 0.759876012802124 0
16 1 - 35 - 0.7982590198516846 0
16 1 - 36 - 0.7677645683288574 0
16 1 - 37 - 0.7874648571014404 0
16 1 - 38 - 0.7595124244689941 0
16 1 - 39 - 0.7656621932983398 0
16 1 - 40 - 0.7654497623443604 0
16 1 - 41 - 0.7635247707366943 0
16 1 - 42 - 0.7644033432006836 0
16 1 - 43 - 0.8111186027526855 0
16 1 - 44 - 0.7842304706573486 0
16 1 - 45 - 0.7884702682495117 0
16 1 - 46 - 0.8101615905761719 0
16 1 - 47 - 0.7950942516326904 0
16 1 - 48 - 0.7740509510040283 0
16 1 - 49 - 0.7966992855072021 0
16 1 - 50 - 0.8018181324005127 0
16 1 - 51 - 0.8852081298828125 0
16 1 - 52 - 0.9047458171844482 1
16 1 - 53 - 0.7694950103759766 0
16 1 - 54 - 0.7923829555511475 0
16 1 - 55 - 0.8118083477020264 0
16 1 - 56 - 0.783968448638916 0
16 1 - 57 - 0.7840144634246826 0
16 1 - 58 - 0.7938625812530518 0
16 1 - 59 - 0.8009829521179199 0
16 1 - 60 - 0.7829062938690186 0
16 1 - 61 - 0.7838881015777588 0
16 1 - 62 - 0.7904891967773438 0
16 1 - 63 - 0.7896695137023926 0
16 1 - 64 - 0.7679603099822998 0
16 1 - 65 - 0.7877554893493652 0
16 1 - 66 - 0.8315777778625488 0
16 1 - 67 - 0.7806181907653809 0
16 1 - 68 - 0.7778952121734619 0
16 1 - 69 - 0.7807552814483643 0
16 1 - 70 - 0.8212497234344482 0
16 1 - 71 - 0.7881777286529541 0
16 1 - 72 - 0.7965695858001709 0
16 1 - 73 - 0.7858982086181641 0
16 1 - 74 - 0.8040766716003418 0
16 1 - 75 - 0.805415153503418 0
16 1 - 76 - 0.7971901893615723 0
16 1 - 77 - 0.799274206161499 0
16 1 - 78 - 0.7899994850158691 0
16 1 - 79 - 0.7934901714324951 0
16 1 - 80 - 0.8129475116729736 0
16 1 - 81 - 0.8111152648925781 0
16 1 - 82 - 0.8190205097198486 0
16 1 - 83 - 0.8123576641082764 0
16 1 - 84 - 0.8000428676605225 0
16 1 - 85 - 0.7862014770507812 0
16 1 - 86 - 0.7870767116546631 0
16 1 - 87 - 0.8358218669891357 0
16 1 - 88 - 0.8221659660339355 0
16 1 - 89 - 0.8226196765899658 0
16 1 - 90 - 0.8038825988769531 0
16 1 - 91 - 0.7981653213500977 0
16 1 - 92 - 0.7957103252410889 0
16 1 - 93 - 0.8099782466888428 0
16 1 - 94 - 0.7940659523010254 0
16 1 - 95 - 0.7933123111724854 0
16 1 - 96 - 0.8135905265808105 0
16 1 - 97 - 0.7952611446380615 0
16 1 - 98 - 0.8106842041015625 0
16 1 - 99 - 0.791003942489624 0
16 2 - 0 - 1.14506196975708 1
16 2 - 1 - 1.1695716381072998 1
16 2 - 2 - 1.2890939712524414 0
16 2 - 3 - 1.11582350730896 1
16 2 - 4 - 1.32393479347229 1
16 2 - 5 - 0.9896833896636963 0
16 2 - 6 - 1.1745033264160156 1
16 2 - 7 - 1.07674241065979 1
16 2 - 8 - 1.1164171695709229 1
16 2 - 9 - 0.9791319370269775 0
16 2 - 10 - 0.98162841796875 0
16 2 - 11 - 1.1524453163146973 1
16 2 - 12 - 0.9852559566497803 0
16 2 - 13 - 1.1096925735473633 1
16 2 - 14 - 1.4112930297851562 0
16 2 - 15 - 0.9866743087768555 0
16 2 - 16 - 0.9898936748504639 0
16 2 - 17 - 1.0687663555145264 0
16 2 - 18 - 0.9758265018463135 0
16 2 - 19 - 0.961458683013916 0
16 2 - 20 - 1.0840733051300049 1
16 2 - 21 - 1.253220796585083 1
16 2 - 22 - 0.950211763381958 0
16 2 - 23 - 0.920680046081543 0
16 2 - 24 - 0.957298755645752 0
16 2 - 25 - 1.287456750869751 1
16 2 - 26 - 0.8869881629943848 0
16 2 - 27 - 0.8707790374755859 0
16 2 - 28 - 1.6441919803619385 1
16 2 - 29 - 1.0603647232055664 1
16 2 - 30 - 1.0590860843658447 1
16 2 - 31 - 1.022402286529541 0
16 2 - 32 - 1.459420919418335 1
16 2 - 33 - 1.1684150695800781 0
16 2 - 34 - 0.9332144260406494 0
16 2 - 35 - 1.009000539779663 1
16 2 - 36 - 0.9941458702087402 1
16 2 - 37 - 0.9029641151428223 0
16 2 - 38 - 1.2848851680755615 1
16 2 - 39 - 1.755241870880127 0
16 2 - 40 - 0.9325869083404541 0
16 2 - 41 - 1.6283249855041504 1
16 2 - 42 - 0.9863529205322266 1
16 2 - 43 - 1.0935251712799072 1
16 2 - 44 - 1.0657093524932861 1
16 2 - 45 - 1.170517921447754 1
16 2 - 46 - 0.9236650466918945 0
16 2 - 47 - 0.9046854972839355 0
16 2 - 48 - 1.0485515594482422 1
16 2 - 49 - 1.0799992084503174 1
16 2 - 50 - 0.921396017074585 0
16 2 - 51 - 1.0365972518920898 1
16 2 - 52 - 1.0413854122161865 1
16 2 - 53 - 1.1189379692077637 1
16 2 - 54 - 0.9633359909057617 0
16 2 - 55 - 0.8843686580657959 0
16 2 - 56 - 1.0158371925354004 0
16 2 - 57 - 1.6389367580413818 1
16 2 - 58 - 1.1390202045440674 1
16 2 - 59 - 1.52775239944458 1
16 2 - 60 - 0.9277875423431396 0
16 2 - 61 - 0.8555419445037842 0
16 2 - 62 - 1.211294174194336 0
16 2 - 63 - 0.9744739532470703 0
16 2 - 64 - 1.2631049156188965 1
16 2 - 65 - 0.9118375778198242 0
16 2 - 66 - 1.8220179080963135 0
16 2 - 67 - 1.1562526226043701 0
16 2 - 68 - 0.9659574031829834 0
16 2 - 69 - 1.1619915962219238 0
16 2 - 70 - 0.9401473999023438 0
16 2 - 71 - 1.3359646797180176 1
16 2 - 72 - 1.6577107906341553 1
16 2 - 73 - 1.0106875896453857 0
16 2 - 74 - 1.9909780025482178 1
16 2 - 75 - 1.4405033588409424 1
16 2 - 76 - 1.5003349781036377 0
16 2 - 77 - 1.1321442127227783 1
16 2 - 78 - 1.2581844329833984 1
16 2 - 79 - 1.0797460079193115 0
16 2 - 80 - 1.0617151260375977 1
16 2 - 81 - 1.0516581535339355 1
16 2 - 82 - 1.0467541217803955 1
16 2 - 83 - 1.1628234386444092 0
16 2 - 84 - 2.979740858078003 1
16 2 - 85 - 1.194584608078003 1
16 2 - 86 - 0.9377191066741943 0
16 2 - 87 - 0.9347195625305176 0
16 2 - 88 - 1.210193157196045 1
16 2 - 89 - 1.1966192722320557 1
16 2 - 90 - 1.492945671081543 1
16 2 - 91 - 1.0991308689117432 1
16 2 - 92 - 1.3090507984161377 1
16 2 - 93 - 1.065661907196045 1
16 2 - 94 - 1.3868439197540283 1
16 2 - 95 - 0.9182744026184082 0
16 2 - 96 - 1.094794750213623 1
16 2 - 97 - 1.1446714401245117 0
16 2 - 98 - 1.4765472412109375 0
16 2 - 99 - 1.4632165431976318 1
16 4 - 0 - 1.4614551067352295 1
16 4 - 1 - 1.377251148223877 1
16 4 - 2 - 1.6678211688995361 1
16 4 - 3 - 1.8678970336914062 1
16 4 - 4 - 1.975687026977539 1
16 4 - 5 - 1.4190196990966797 1
16 4 - 6 - 1.4596238136291504 1
16 4 - 7 - 1.5690014362335205 1
16 4 - 8 - 1.9899802207946777 1
16 4 - 9 - 1.6021504402160645 1
16 4 - 10 - 1.508061170578003 1
16 4 - 11 - 1.617926836013794 1
16 4 - 12 - 1.553100824356079 1
16 4 - 13 - 1.520841121673584 1
16 4 - 14 - 1.9075860977172852 1
16 4 - 15 - 1.3426475524902344 1
16 4 - 16 - 1.4341096878051758 1
16 4 - 17 - 1.38071870803833 1
16 4 - 18 - 1.516341209411621 1
16 4 - 19 - 1.4812655448913574 1
16 4 - 20 - 1.4735629558563232 1
16 4 - 21 - 1.4569010734558105 1
16 4 - 22 - 1.4594578742980957 1
16 4 - 23 - 1.4926810264587402 1
16 4 - 24 - 1.5433661937713623 0
16 4 - 25 - 1.6723055839538574 1
16 4 - 26 - 1.3287672996520996 1
16 4 - 27 - 1.494568109512329 1
16 4 - 28 - 2.0613343715667725 1
16 4 - 29 - 1.6238653659820557 1
16 4 - 30 - 1.5312743186950684 1
16 4 - 31 - 1.5352792739868164 1
16 4 - 32 - 1.4117236137390137 1
16 4 - 33 - 1.973120927810669 1
16 4 - 34 - 1.553755521774292 1
16 4 - 35 - 1.3531124591827393 1
16 4 - 36 - 1.4756758213043213 1
16 4 - 37 - 1.5491442680358887 1
16 4 - 38 - 1.4244234561920166 1
16 4 - 39 - 1.5895757675170898 1
16 4 - 40 - 1.4597973823547363 0
16 4 - 41 - 1.439586877822876 1
16 4 - 42 - 1.5141832828521729 1
16 4 - 43 - 1.2879760265350342 1
16 4 - 44 - 1.4705073833465576 1
16 4 - 45 - 1.4076778888702393 1
16 4 - 46 - 1.529597282409668 1
16 4 - 47 - 1.3381202220916748 1
16 4 - 48 - 3.001962184906006 1
16 4 - 49 - 1.4463942050933838 1
16 4 - 50 - 1.647801399230957 1
16 4 - 51 - 1.5517680644989014 1
16 4 - 52 - 1.4642469882965088 1
16 4 - 53 - 1.5743567943572998 1
16 4 - 54 - 1.5428285598754883 1
16 4 - 55 - 1.3850488662719727 1
16 4 - 56 - 1.8344471454620361 1
16 4 - 57 - 1.4085195064544678 1
16 4 - 58 - 1.8738298416137695 1
16 4 - 59 - 1.5852460861206055 1
16 4 - 60 - 1.37955641746521 1
16 4 - 61 - 1.4969375133514404 1
16 4 - 62 - 1.410330057144165 1
16 4 - 63 - 1.5772733688354492 1
16 4 - 64 - 1.591933012008667 1
16 4 - 65 - 1.5779385566711426 1
16 4 - 66 - 1.608940839767456 1
16 4 - 67 - 1.569765567779541 1
16 4 - 68 - 1.5106992721557617 1
16 4 - 69 - 1.6056017875671387 1
16 4 - 70 - 1.3845033645629883 1
16 4 - 71 - 1.6731758117675781 1
16 4 - 72 - 1.6916987895965576 1
16 4 - 73 - 1.4741897583007812 1
16 4 - 74 - 2.123903274536133 1
16 4 - 75 - 1.6436057090759277 1
16 4 - 76 - 1.3195221424102783 1
16 4 - 77 - 1.5605692863464355 1
16 4 - 78 - 1.4555606842041016 1
16 4 - 79 - 1.793802261352539 1
16 4 - 80 - 1.419205904006958 1
16 4 - 81 - 1.3124175071716309 1
16 4 - 82 - 1.7384796142578125 1
16 4 - 83 - 1.5142536163330078 1
16 4 - 84 - 1.5346713066101074 1
16 4 - 85 - 1.6327674388885498 1
16 4 - 86 - 1.3155934810638428 0
16 4 - 87 - 1.6696465015411377 1
16 4 - 88 - 1.5625851154327393 1
16 4 - 89 - 1.4591751098632812 1
16 4 - 90 - 1.7695598602294922 1
16 4 - 91 - 1.431230068206787 1
16 4 - 92 - 1.5549051761627197 1
16 4 - 93 - 2.0437862873077393 1
16 4 - 94 - 1.8512744903564453 1
16 4 - 95 - 1.4475975036621094 1
16 4 - 96 - 1.4869754314422607 1
16 4 - 97 - 1.6635446548461914 1
16 4 - 98 - 1.7646119594573975 1
16 4 - 99 - 3.1367130279541016 1
16 8 - 0 - 3.0560648441314697 1
16 8 - 1 - 2.9263062477111816 1
16 8 - 2 - 2.771850109100342 1
16 8 - 3 - 2.7753829956054688 1
16 8 - 4 - 2.8791072368621826 1
16 8 - 5 - 2.80379319190979 1
16 8 - 6 - 2.6962618827819824 1
16 8 - 7 - 3.1753909587860107 1
16 8 - 8 - 3.028393507003784 1
16 8 - 9 - 2.933907985687256 1
16 8 - 10 - 5.189911842346191 1
16 8 - 11 - 2.612239360809326 1
16 8 - 12 - 2.787043333053589 1
16 8 - 13 - 2.8412461280822754 1
16 8 - 14 - 2.756075143814087 1
16 8 - 15 - 2.98880934715271 1
16 8 - 16 - 3.073369026184082 1
16 8 - 17 - 2.6769466400146484 1
16 8 - 18 - 2.8433876037597656 1
16 8 - 19 - 2.6961777210235596 1
16 8 - 20 - 2.908079147338867 1
16 8 - 21 - 2.815052032470703 1
16 8 - 22 - 3.0503604412078857 1
16 8 - 23 - 2.7527663707733154 1
16 8 - 24 - 3.5226924419403076 1
16 8 - 25 - 2.6189072132110596 1
16 8 - 26 - 3.4742982387542725 1
16 8 - 27 - 2.9582154750823975 1
16 8 - 28 - 2.6366126537323 1
16 8 - 29 - 3.291067600250244 1
16 8 - 30 - 2.996032238006592 1
16 8 - 31 - 3.2752480506896973 1
16 8 - 32 - 2.6962783336639404 1
16 8 - 33 - 2.8654720783233643 1
16 8 - 34 - 3.1803646087646484 1
16 8 - 35 - 2.8212456703186035 1
16 8 - 36 - 3.3719165325164795 1
16 8 - 37 - 2.752406358718872 1
16 8 - 38 - 2.7681028842926025 1
16 8 - 39 - 3.0653276443481445 1
16 8 - 40 - 3.1856608390808105 1
16 8 - 41 - 3.0077390670776367 1
16 8 - 42 - 2.4218688011169434 1
16 8 - 43 - 3.358978033065796 1
16 8 - 44 - 3.0295488834381104 1
16 8 - 45 - 3.0601413249969482 1
16 8 - 46 - 2.9562458992004395 1
16 8 - 47 - 2.8907532691955566 1
16 8 - 48 - 3.1724836826324463 1
16 8 - 49 - 2.8245913982391357 1
16 8 - 50 - 2.6131420135498047 1
16 8 - 51 - 3.2449939250946045 1
16 8 - 52 - 2.7614147663116455 1
16 8 - 53 - 2.541069746017456 1
16 8 - 54 - 3.2642884254455566 1
16 8 - 55 - 2.926290512084961 1
16 8 - 56 - 2.978654384613037 1
16 8 - 57 - 2.6032018661499023 1
16 8 - 58 - 3.1299495697021484 1
16 8 - 59 - 2.73557448387146 1
16 8 - 60 - 2.6587538719177246 1
16 8 - 61 - 2.777092456817627 1
16 8 - 62 - 4.42258620262146 1
16 8 - 63 - 2.5567970275878906 1
16 8 - 64 - 2.644907236099243 1
16 8 - 65 - 3.1274166107177734 1
16 8 - 66 - 3.2092907428741455 1
16 8 - 67 - 2.72037935256958 1
16 8 - 68 - 2.5597782135009766 1
16 8 - 69 - 2.871540069580078 1
16 8 - 70 - 2.7066519260406494 1
16 8 - 71 - 2.7285499572753906 1
16 8 - 72 - 3.255356788635254 1
16 8 - 73 - 2.633868455886841 1
16 8 - 74 - 2.606015920639038 1
16 8 - 75 - 2.5602965354919434 1
16 8 - 76 - 2.7939186096191406 1
16 8 - 77 - 2.613543748855591 1
16 8 - 78 - 2.548544406890869 1
16 8 - 79 - 3.796598434448242 1
16 8 - 80 - 3.006875991821289 1
16 8 - 81 - 2.933314561843872 1
16 8 - 82 - 2.7457172870635986 1
16 8 - 83 - 3.404747724533081 1
16 8 - 84 - 2.9230270385742188 1
16 8 - 85 - 2.610224485397339 1
16 8 - 86 - 3.316316604614258 1
16 8 - 87 - 2.557051181793213 1
16 8 - 88 - 2.9705986976623535 1
16 8 - 89 - 2.5418355464935303 1
16 8 - 90 - 2.930518627166748 1
16 8 - 91 - 2.8399155139923096 1
16 8 - 92 - 2.8350322246551514 1
16 8 - 93 - 3.9542346000671387 1
16 8 - 94 - 2.979672431945801 1
16 8 - 95 - 3.4683423042297363 1
16 8 - 96 - 2.9523985385894775 1
16 8 - 97 - 2.8970673084259033 1
16 8 - 98 - 2.857156991958618 1
16 8 - 99 - 2.7710022926330566 1
32 1 - 0 - 2.638259172439575 0
32 1 - 1 - 2.4846439361572266 0
32 1 - 2 - 2.6163783073425293 0
32 1 - 3 - 2.583361864089966 0
32 1 - 4 - 2.5604639053344727 0
32 1 - 5 - 2.70003080368042 0
32 1 - 6 - 2.7091596126556396 0
32 1 - 7 - 2.494494915008545 0
32 1 - 8 - 2.611283302307129 0
32 1 - 9 - 2.4870572090148926 0
32 1 - 10 - 2.487706422805786 0
32 1 - 11 - 2.494978189468384 0
32 1 - 12 - 2.4902215003967285 0
32 1 - 13 - 2.491183280944824 0
32 1 - 14 - 2.490414619445801 0
32 1 - 15 - 2.6062920093536377 0
32 1 - 16 - 2.4901785850524902 0
32 1 - 17 - 2.4923133850097656 0
32 1 - 18 - 2.498020648956299 0
32 1 - 19 - 2.491670608520508 0
32 1 - 20 - 2.7112319469451904 0
32 1 - 21 - 2.679328441619873 0
32 1 - 22 - 2.486863136291504 0
32 1 - 23 - 2.5002307891845703 0
32 1 - 24 - 2.486978769302368 0
32 1 - 25 - 2.4946773052215576 0
32 1 - 26 - 2.497948408126831 0
32 1 - 27 - 2.4899063110351562 0
32 1 - 28 - 2.5168051719665527 0
32 1 - 29 - 2.697174549102783 0
32 1 - 30 - 2.4345295429229736 0
32 1 - 31 - 2.401630163192749 0
32 1 - 32 - 2.414907217025757 0
32 1 - 33 - 2.6173202991485596 0
32 1 - 34 - 2.7310426235198975 0
32 1 - 35 - 2.3982856273651123 0
32 1 - 36 - 2.555631399154663 0
32 1 - 37 - 2.5576720237731934 0
32 1 - 38 - 2.4264774322509766 0
32 1 - 39 - 2.39644193649292 0
32 1 - 40 - 2.5149176120758057 0
32 1 - 41 - 2.5863349437713623 0
32 1 - 42 - 2.67779541015625 0
32 1 - 43 - 2.548755168914795 0
32 1 - 44 - 2.74881911277771 0
32 1 - 45 - 2.4044713973999023 0
32 1 - 46 - 2.443061351776123 0
32 1 - 47 - 2.3991029262542725 0
32 1 - 48 - 2.4045965671539307 0
32 1 - 49 - 2.395888090133667 0
32 1 - 50 - 2.402501106262207 0
32 1 - 51 - 2.396355390548706 0
32 1 - 52 - 2.4060425758361816 0
32 1 - 53 - 2.3923330307006836 0
32 1 - 54 - 2.4007041454315186 0
32 1 - 55 - 2.5855846405029297 0
32 1 - 56 - 2.5434396266937256 0
32 1 - 57 - 2.5612714290618896 0
32 1 - 58 - 2.4168338775634766 0
32 1 - 59 - 2.5553550720214844 0
32 1 - 60 - 2.5422604084014893 0
32 1 - 61 - 2.631197214126587 0
32 1 - 62 - 2.4028897285461426 0
32 1 - 63 - 2.6032440662384033 0
32 1 - 64 - 2.4139649868011475 0
32 1 - 65 - 2.421269416809082 0
32 1 - 66 - 2.6071388721466064 0
32 1 - 67 - 2.5222816467285156 0
32 1 - 68 - 2.40807843208313 0
32 1 - 69 - 2.3988258838653564 0
32 1 - 70 - 2.6031136512756348 0
32 1 - 71 - 2.409425735473633 0
32 1 - 72 - 2.4012041091918945 0
32 1 - 73 - 2.399468183517456 0
32 1 - 74 - 2.3960728645324707 0
32 1 - 75 - 2.4081308841705322 0
32 1 - 76 - 2.4132683277130127 0
32 1 - 77 - 2.401716709136963 0
32 1 - 78 - 2.3986923694610596 0
32 1 - 79 - 2.547800302505493 0
32 1 - 80 - 2.402224540710449 0
32 1 - 81 - 2.407062292098999 0
32 1 - 82 - 2.408024549484253 0
32 1 - 83 - 2.515817642211914 0
32 1 - 84 - 2.421379327774048 0
32 1 - 85 - 2.4424378871917725 0
32 1 - 86 - 2.4066970348358154 0
32 1 - 87 - 2.503462314605713 0
32 1 - 88 - 2.522871494293213 0
32 1 - 89 - 2.404961585998535 0
32 1 - 90 - 2.4334309101104736 0
32 1 - 91 - 2.4061033725738525 0
32 1 - 92 - 2.4045803546905518 0
32 1 - 93 - 2.5694127082824707 0
32 1 - 94 - 2.425234079360962 0
32 1 - 95 - 2.426806688308716 0
32 1 - 96 - 2.4030094146728516 0
32 1 - 97 - 2.3998923301696777 0
32 1 - 98 - 2.3971335887908936 0
32 1 - 99 - 2.406813144683838 0
32 2 - 0 - 3.737602472305298 1
32 2 - 1 - 2.8189871311187744 0
32 2 - 2 - 2.911074161529541 0
32 2 - 3 - 4.340005874633789 1
32 2 - 4 - 3.0216360092163086 0
32 2 - 5 - 3.072181224822998 0
32 2 - 6 - 3.229196071624756 0
32 2 - 7 - 2.813206195831299 0
32 2 - 8 - 2.8177618980407715 0
32 2 - 9 - 2.9652786254882812 0
32 2 - 10 - 2.7844982147216797 0
32 2 - 11 - 4.628139495849609 1
32 2 - 12 - 3.0003855228424072 0
32 2 - 13 - 3.1150214672088623 0
32 2 - 14 - 3.224295139312744 0
32 2 - 15 - 3.3846170902252197 0
32 2 - 16 - 4.164838552474976 1
32 2 - 17 - 3.2214040756225586 0
32 2 - 18 - 3.263747453689575 0
32 2 - 19 - 4.167473554611206 1
32 2 - 20 - 2.956763744354248 0
32 2 - 21 - 3.039992570877075 0
32 2 - 22 - 4.2589335441589355 1
32 2 - 23 - 2.83548903465271 0
32 2 - 24 - 3.5419559478759766 0
32 2 - 25 - 3.694756269454956 1
32 2 - 26 - 3.7866158485412598 1
32 2 - 27 - 3.2642006874084473 0
32 2 - 28 - 4.135746955871582 1
32 2 - 29 - 2.75890851020813 0
32 2 - 30 - 4.186183452606201 0
32 2 - 31 - 3.1224420070648193 0
32 2 - 32 - 3.6508543491363525 1
32 2 - 33 - 4.171365022659302 1
32 2 - 34 - 3.8631436824798584 1
32 2 - 35 - 3.293137788772583 0
32 2 - 36 - 3.0409390926361084 0
32 2 - 37 - 3.2188687324523926 0
32 2 - 38 - 4.73136043548584 1
32 2 - 39 - 3.1345391273498535 0
32 2 - 40 - 2.966494560241699 0
32 2 - 41 - 3.8198022842407227 0
32 2 - 42 - 3.0955817699432373 0
32 2 - 43 - 3.957981824874878 1
32 2 - 44 - 3.2281973361968994 0
32 2 - 45 - 4.078346014022827 1
32 2 - 46 - 4.30574631690979 1
32 2 - 47 - 3.654407262802124 0
32 2 - 48 - 3.1084389686584473 0
32 2 - 49 - 6.067536354064941 1
32 2 - 50 - 3.060081958770752 0
32 2 - 51 - 2.8658816814422607 0
32 2 - 52 - 4.580030679702759 0
32 2 - 53 - 3.0359201431274414 0
32 2 - 54 - 3.8549294471740723 0
32 2 - 55 - 3.303297996520996 0
32 2 - 56 - 3.1714422702789307 0
32 2 - 57 - 4.024630069732666 1
32 2 - 58 - 2.9974255561828613 0
32 2 - 59 - 3.1353583335876465 0
32 2 - 60 - 4.834432125091553 1
32 2 - 61 - 4.0147385597229 1
32 2 - 62 - 3.988161087036133 1
32 2 - 63 - 3.0959904193878174 0
32 2 - 64 - 2.982903480529785 0
32 2 - 65 - 4.274902820587158 1
32 2 - 66 - 4.755589723587036 1
32 2 - 67 - 4.140462875366211 1
32 2 - 68 - 3.1167731285095215 0
32 2 - 69 - 3.976273536682129 1
32 2 - 70 - 3.1493730545043945 0
32 2 - 71 - 3.3887295722961426 0
32 2 - 72 - 3.449200391769409 0
32 2 - 73 - 3.1083199977874756 0
32 2 - 74 - 3.1867525577545166 0
32 2 - 75 - 3.9598891735076904 1
32 2 - 76 - 4.134184837341309 1
32 2 - 77 - 3.0775551795959473 0
32 2 - 78 - 3.4352078437805176 0
32 2 - 79 - 3.9238836765289307 0
32 2 - 80 - 4.522993326187134 1
32 2 - 81 - 2.869306802749634 0
32 2 - 82 - 4.301206827163696 1
32 2 - 83 - 3.3851826190948486 0
32 2 - 84 - 3.2964670658111572 0
32 2 - 85 - 3.2345597743988037 0
32 2 - 86 - 3.2203094959259033 0
32 2 - 87 - 2.9665234088897705 0
32 2 - 88 - 4.346126556396484 0
32 2 - 89 - 3.2256340980529785 0
32 2 - 90 - 3.884913444519043 1
32 2 - 91 - 4.075148105621338 1
32 2 - 92 - 3.497053384780884 0
32 2 - 93 - 2.9710676670074463 0
32 2 - 94 - 3.810168743133545 1
32 2 - 95 - 3.1384878158569336 0
32 2 - 96 - 4.290029048919678 1
32 2 - 97 - 3.1417620182037354 0
32 2 - 98 - 3.120913505554199 0
32 2 - 99 - 3.5167112350463867 0
32 4 - 0 - 4.923815011978149 1
32 4 - 1 - 7.22021746635437 1
32 4 - 2 - 5.6517653465271 1
32 4 - 3 - 5.492974758148193 1
32 4 - 4 - 5.869704008102417 1
32 4 - 5 - 6.102042198181152 1
32 4 - 6 - 5.252120018005371 1
32 4 - 7 - 6.423418283462524 1
32 4 - 8 - 5.955809593200684 1
32 4 - 9 - 6.6888415813446045 1
32 4 - 10 - 6.40168023109436 1
32 4 - 11 - 6.766799688339233 1
32 4 - 12 - 5.852025270462036 1
32 4 - 13 - 7.103379249572754 0
32 4 - 14 - 6.337971448898315 1
32 4 - 15 - 6.506092071533203 1
32 4 - 16 - 5.726392984390259 1
32 4 - 17 - 6.2290122509002686 1
32 4 - 18 - 5.427542448043823 1
32 4 - 19 - 6.691276550292969 1
32 4 - 20 - 6.825086355209351 1
32 4 - 21 - 5.266435623168945 1
32 4 - 22 - 5.722680568695068 1
32 4 - 23 - 6.983837604522705 1
32 4 - 24 - 6.5282135009765625 1
32 4 - 25 - 6.6644158363342285 1
32 4 - 26 - 6.030059576034546 1
32 4 - 27 - 4.579574823379517 0
32 4 - 28 - 5.366122484207153 1
32 4 - 29 - 6.8153533935546875 1
32 4 - 30 - 4.419985294342041 1
32 4 - 31 - 6.657708168029785 1
32 4 - 32 - 5.307788133621216 1
32 4 - 33 - 7.3930344581604 1
32 4 - 34 - 6.062708854675293 1
32 4 - 35 - 6.128827333450317 1
32 4 - 36 - 6.7399680614471436 1
32 4 - 37 - 5.502177953720093 1
32 4 - 38 - 5.288872241973877 1
32 4 - 39 - 6.854027509689331 1
32 4 - 40 - 4.398614883422852 0
32 4 - 41 - 7.074077844619751 1
32 4 - 42 - 6.26339864730835 1
32 4 - 43 - 5.5130226612091064 1
32 4 - 44 - 5.211727857589722 1
32 4 - 45 - 6.155897617340088 1
32 4 - 46 - 5.9576826095581055 1
32 4 - 47 - 6.356780529022217 1
32 4 - 48 - 6.47879433631897 1
32 4 - 49 - 6.240311622619629 1
32 4 - 50 - 5.684709548950195 1
32 4 - 51 - 6.019195556640625 1
32 4 - 52 - 5.7897984981536865 1
32 4 - 53 - 5.7378950119018555 1
32 4 - 54 - 4.752684116363525 1
32 4 - 55 - 5.932498455047607 1
32 4 - 56 - 6.103978633880615 1
32 4 - 57 - 6.180764198303223 1
32 4 - 58 - 4.8188157081604 1
32 4 - 59 - 6.484414577484131 1
32 4 - 60 - 5.489824533462524 1
32 4 - 61 - 5.237707853317261 1
32 4 - 62 - 5.1841559410095215 1
32 4 - 63 - 6.079785346984863 1
32 4 - 64 - 3.8662264347076416 0
32 4 - 65 - 5.6088221073150635 1
32 4 - 66 - 6.461024045944214 1
32 4 - 67 - 5.838098526000977 1
32 4 - 68 - 6.965230464935303 1
32 4 - 69 - 6.130821704864502 1
32 4 - 70 - 8.69212007522583 1
32 4 - 71 - 6.358074903488159 1
32 4 - 72 - 6.1941423416137695 1
32 4 - 73 - 6.804741621017456 1
32 4 - 74 - 4.055416584014893 0
32 4 - 75 - 6.1401588916778564 1
32 4 - 76 - 6.037477016448975 1
32 4 - 77 - 5.579333066940308 1
32 4 - 78 - 6.440713882446289 1
32 4 - 79 - 5.978181600570679 1
32 4 - 80 - 4.987684011459351 1
32 4 - 81 - 6.5621795654296875 1
32 4 - 82 - 5.887115955352783 1
32 4 - 83 - 5.864135265350342 1
32 4 - 84 - 5.198732852935791 1
32 4 - 85 - 7.013307809829712 1
32 4 - 86 - 5.377143383026123 1
32 4 - 87 - 6.1515092849731445 1
32 4 - 88 - 5.9247190952301025 1
32 4 - 89 - 5.2229063510894775 1
32 4 - 90 - 5.662779331207275 1
32 4 - 91 - 5.851231575012207 1
32 4 - 92 - 6.903347015380859 1
32 4 - 93 - 5.9014036655426025 1
32 4 - 94 - 6.131550312042236 1
32 4 - 95 - 5.925141334533691 1
32 4 - 96 - 5.3094093799591064 1
32 4 - 97 - 6.567111968994141 1
32 4 - 98 - 6.261789083480835 1
32 4 - 99 - 6.298860311508179 1
32 8 - 0 - 12.66986608505249 1
32 8 - 1 - 10.340458393096924 1
32 8 - 2 - 10.189556360244751 1
32 8 - 3 - 13.267723798751831 1
32 8 - 4 - 10.924618005752563 1
32 8 - 5 - 12.58971881866455 1
32 8 - 6 - 12.423750638961792 1
32 8 - 7 - 10.496139526367188 1
32 8 - 8 - 9.85500693321228 1
32 8 - 9 - 12.848696947097778 1
32 8 - 10 - 11.19892692565918 1
32 8 - 11 - 12.209784030914307 1
32 8 - 12 - 10.058756828308105 1
32 8 - 13 - 11.389522552490234 1
32 8 - 14 - 10.942024230957031 1
32 8 - 15 - 12.082003355026245 1
32 8 - 16 - 11.079333543777466 1
32 8 - 17 - 12.321470975875854 1
32 8 - 18 - 11.261932611465454 1
32 8 - 19 - 10.946212768554688 1
32 8 - 20 - 9.990505695343018 1
32 8 - 21 - 12.58461308479309 1
32 8 - 22 - 10.004602193832397 1
32 8 - 23 - 11.3605637550354 1
32 8 - 24 - 12.05659794807434 1
32 8 - 25 - 11.160552501678467 1
32 8 - 26 - 11.349845886230469 1
32 8 - 27 - 10.250888109207153 1
32 8 - 28 - 11.849843263626099 1
32 8 - 29 - 10.058341979980469 1
32 8 - 30 - 16.940433740615845 1
32 8 - 31 - 10.83846402168274 1
32 8 - 32 - 10.316486120223999 1
32 8 - 33 - 12.598681688308716 1
32 8 - 34 - 11.509845733642578 1
32 8 - 35 - 13.218287229537964 1
32 8 - 36 - 12.16795802116394 1
32 8 - 37 - 11.292476177215576 1
32 8 - 38 - 11.16755723953247 1
32 8 - 39 - 10.837717056274414 1
32 8 - 40 - 10.823243141174316 1
32 8 - 41 - 19.278521060943604 1
32 8 - 42 - 11.019902467727661 1
32 8 - 43 - 12.566154479980469 1
32 8 - 44 - 13.422091007232666 1
32 8 - 45 - 12.875500202178955 1
32 8 - 46 - 10.303279638290405 1
32 8 - 47 - 12.817307710647583 1
32 8 - 48 - 10.744988679885864 1
32 8 - 49 - 11.15480089187622 1
32 8 - 50 - 11.000642538070679 1
32 8 - 51 - 10.626710891723633 1
32 8 - 52 - 11.749470949172974 1
32 8 - 53 - 12.901420831680298 1
32 8 - 54 - 11.859627962112427 1
32 8 - 55 - 9.522566556930542 1
32 8 - 56 - 19.26505208015442 1
32 8 - 57 - 10.38874101638794 1
32 8 - 58 - 11.583696842193604 1
32 8 - 59 - 10.355096340179443 1
32 8 - 60 - 11.838222980499268 1
32 8 - 61 - 13.082260608673096 1
32 8 - 62 - 10.223421335220337 1
32 8 - 63 - 12.00693655014038 1
32 8 - 64 - 11.046606302261353 1
32 8 - 65 - 11.932002067565918 1
32 8 - 66 - 12.305731534957886 1
32 8 - 67 - 11.451017618179321 1
32 8 - 68 - 13.525501728057861 1
32 8 - 69 - 11.477586030960083 1
32 8 - 70 - 12.130601406097412 1
32 8 - 71 - 11.235653162002563 1
32 8 - 72 - 11.847869873046875 1
32 8 - 73 - 14.1577308177948 1
32 8 - 74 - 12.332008123397827 1
32 8 - 75 - 12.243907451629639 1
32 8 - 76 - 11.230222940444946 1
32 8 - 77 - 12.670323371887207 1
32 8 - 78 - 9.893973112106323 1
32 8 - 79 - 11.199365854263306 1
32 8 - 80 - 12.140989303588867 1
32 8 - 81 - 12.678833723068237 1
32 8 - 82 - 12.059956073760986 1
32 8 - 83 - 9.552969694137573 1
32 8 - 84 - 11.412544012069702 1
32 8 - 85 - 12.532329559326172 1
32 8 - 86 - 11.294471740722656 1
32 8 - 87 - 11.045827627182007 1
32 8 - 88 - 10.149176597595215 1
32 8 - 89 - 12.00031065940857 1
32 8 - 90 - 20.056484937667847 1
32 8 - 91 - 10.85558032989502 1
32 8 - 92 - 10.76377272605896 1
32 8 - 93 - 19.245177268981934 1
32 8 - 94 - 9.952946424484253 1
32 8 - 95 - 11.823764324188232 1
32 8 - 96 - 10.584429264068604 1
32 8 - 97 - 11.695679187774658 1
32 8 - 98 - 11.412453889846802 1
32 8 - 99 - 12.201077938079834 1
