4 1 - 0 - 0.17576289176940918 0
4 1 - 1 - 0.1390824317932129 0
4 1 - 2 - 0.1288914680480957 0
4 1 - 3 - 0.12859702110290527 0
4 1 - 4 - 0.13094305992126465 0
4 1 - 5 - 0.12945151329040527 0
4 1 - 6 - 0.12601804733276367 0
4 1 - 7 - 0.12556028366088867 0
4 1 - 8 - 0.12850117683410645 0
4 1 - 9 - 0.1254732608795166 0
4 1 - 10 - 0.12940692901611328 0
4 1 - 11 - 0.12659811973571777 0
4 1 - 12 - 0.17523860931396484 1
4 1 - 13 - 0.14440679550170898 0
4 1 - 14 - 0.14477968215942383 0
4 1 - 15 - 0.13792824745178223 0
4 1 - 16 - 0.13535141944885254 0
4 1 - 17 - 0.13065147399902344 0
4 1 - 18 - 0.12560820579528809 0
4 1 - 19 - 0.13464760780334473 0
4 1 - 20 - 0.12740492820739746 0
4 1 - 21 - 0.12472033500671387 0
4 1 - 22 - 0.12794065475463867 0
4 1 - 23 - 0.12544965744018555 0
4 1 - 24 - 0.12473535537719727 0
4 1 - 25 - 0.12513256072998047 0
4 1 - 26 - 0.12704992294311523 0
4 1 - 27 - 0.12759971618652344 0
4 1 - 28 - 0.12470149993896484 0
4 1 - 29 - 0.12420201301574707 0
4 1 - 30 - 0.16477632522583008 1
4 1 - 31 - 0.12555980682373047 0
4 1 - 32 - 0.12284088134765625 0
4 1 - 33 - 0.12775564193725586 0
4 1 - 34 - 0.1277787685394287 0
4 1 - 35 - 0.16150307655334473 1
4 1 - 36 - 0.12496829032897949 0
4 1 - 37 - 0.1262528896331787 0
4 1 - 38 - 0.12508535385131836 0
4 1 - 39 - 0.12660002708435059 0
4 1 - 40 - 0.13114714622497559 0
4 1 - 41 - 0.12460851669311523 0
4 1 - 42 - 0.12430620193481445 0
4 1 - 43 - 0.1234433650970459 0
4 1 - 44 - 0.12972497940063477 0
4 1 - 45 - 0.1250600814819336 0
4 1 - 46 - 0.12526559829711914 0
4 1 - 47 - 0.12847900390625 0
4 1 - 48 - 0.12428784370422363 0
4 1 - 49 - 0.16559720039367676 1
4 1 - 50 - 0.12289738655090332 0
4 1 - 51 - 0.1261444091796875 0
4 1 - 52 - 0.1251509189605713 0
4 1 - 53 - 0.12497115135192871 0
4 1 - 54 - 0.1255042552947998 0
4 1 - 55 - 0.12523722648620605 0
4 1 - 56 - 0.12970399856567383 0
4 1 - 57 - 0.13094878196716309 0
4 1 - 58 - 0.12941789627075195 0
4 1 - 59 - 0.13010430335998535 0
4 1 - 60 - 0.12347984313964844 0
4 1 - 61 - 0.1282656192779541 0
4 1 - 62 - 0.12466311454772949 0
4 1 - 63 - 0.12476348876953125 0
4 1 - 64 - 0.12423110008239746 0
4 1 - 65 - 0.1247713565826416 0
4 1 - 66 - 0.12910246849060059 0
4 1 - 67 - 0.12458634376525879 0
4 1 - 68 - 0.12386250495910645 0
4 1 - 69 - 0.1276254653930664 0
4 1 - 70 - 0.12826895713806152 0
4 1 - 71 - 0.13166308403015137 0
4 1 - 72 - 0.125962495803833 0
4 1 - 73 - 0.16036748886108398 1
4 1 - 74 - 0.12385344505310059 0
4 1 - 75 - 0.12329816818237305 0
4 1 - 76 - 0.16972994804382324 1
4 1 - 77 - 0.1296525001525879 0
4 1 - 78 - 0.12985920906066895 0
4 1 - 79 - 0.13013887405395508 0
4 1 - 80 - 0.1298673152923584 0
4 1 - 81 - 0.16460204124450684 1
4 1 - 82 - 0.12234854698181152 0
4 1 - 83 - 0.12741446495056152 0
4 1 - 84 - 0.12510943412780762 0
4 1 - 85 - 0.1274113655090332 0
4 1 - 86 - 0.1259911060333252 0
4 1 - 87 - 0.1240382194519043 0
4 1 - 88 - 0.12435150146484375 0
4 1 - 89 - 0.1253948211669922 0
4 1 - 90 - 0.12548160552978516 0
4 1 - 91 - 0.13728666305541992 0
4 1 - 92 - 0.12670373916625977 0
4 1 - 93 - 0.16689252853393555 1
4 1 - 94 - 0.12241840362548828 0
4 1 - 95 - 0.12633347511291504 0
4 1 - 96 - 0.12437319755554199 0
4 1 - 97 - 0.12345719337463379 0
4 1 - 98 - 0.12366318702697754 0
4 1 - 99 - 0.13117361068725586 0
4 2 - 0 - 0.21285319328308105 1
4 2 - 1 - 0.2160022258758545 1
4 2 - 2 - 0.21483564376831055 1
4 2 - 3 - 0.20211553573608398 1
4 2 - 4 - 0.21036934852600098 1
4 2 - 5 - 0.21627068519592285 1
4 2 - 6 - 0.21422338485717773 1
4 2 - 7 - 0.21576189994812012 1
4 2 - 8 - 0.1982710361480713 1
4 2 - 9 - 0.21089959144592285 1
4 2 - 10 - 0.20414423942565918 1
4 2 - 11 - 0.15320611000061035 0
4 2 - 12 - 0.2151775360107422 1
4 2 - 13 - 0.21553850173950195 1
4 2 - 14 - 0.2316439151763916 1
4 2 - 15 - 0.2082808017730713 1
4 2 - 16 - 0.21489906311035156 1
4 2 - 17 - 0.15628767013549805 0
4 2 - 18 - 0.15005946159362793 0
4 2 - 19 - 0.21303892135620117 1
4 2 - 20 - 0.1549837589263916 0
4 2 - 21 - 0.15050363540649414 0
4 2 - 22 - 0.20488834381103516 1
4 2 - 23 - 0.21268963813781738 1
4 2 - 24 - 0.21868491172790527 1
4 2 - 25 - 0.2136399745941162 1
4 2 - 26 - 0.2056875228881836 1
4 2 - 27 - 0.21433329582214355 1
4 2 - 28 - 0.21634268760681152 1
4 2 - 29 - 0.21797847747802734 1
4 2 - 30 - 0.20499897003173828 1
4 2 - 31 - 0.2110435962677002 1
4 2 - 32 - 0.21655964851379395 1
4 2 - 33 - 0.2267131805419922 1
4 2 - 34 - 0.19944405555725098 1
4 2 - 35 - 0.2094409465789795 1
4 2 - 36 - 0.20015454292297363 1
4 2 - 37 - 0.21117234230041504 1
4 2 - 38 - 0.22113347053527832 1
4 2 - 39 - 0.20130038261413574 1
4 2 - 40 - 0.21779561042785645 1
4 2 - 41 - 0.15144991874694824 0
4 2 - 42 - 0.21597790718078613 1
4 2 - 43 - 0.2110280990600586 1
4 2 - 44 - 0.21726775169372559 1
4 2 - 45 - 0.21270132064819336 1
4 2 - 46 - 0.21743559837341309 1
4 2 - 47 - 0.20559144020080566 1
4 2 - 48 - 0.213179349899292 1
4 2 - 49 - 0.22103095054626465 1
4 2 - 50 - 0.21430683135986328 1
4 2 - 51 - 0.20835375785827637 1
4 2 - 52 - 0.14672350883483887 0
4 2 - 53 - 0.21640753746032715 1
4 2 - 54 - 0.14269208908081055 0
4 2 - 55 - 0.2186870574951172 1
4 2 - 56 - 0.2141437530517578 1
4 2 - 57 - 0.2093977928161621 1
4 2 - 58 - 0.2194991111755371 1
4 2 - 59 - 0.20816993713378906 1
4 2 - 60 - 0.14437603950500488 0
4 2 - 61 - 0.203171968460083 1
4 2 - 62 - 0.21223831176757812 1
4 2 - 63 - 0.14973115921020508 0
4 2 - 64 - 0.14309930801391602 0
4 2 - 65 - 0.26499319076538086 0
4 2 - 66 - 0.2221996784210205 1
4 2 - 67 - 0.19971108436584473 1
4 2 - 68 - 0.21282696723937988 1
4 2 - 69 - 0.2133502960205078 1
4 2 - 70 - 0.2090437412261963 1
4 2 - 71 - 0.2163248062133789 1
4 2 - 72 - 0.21692609786987305 1
4 2 - 73 - 0.20716452598571777 1
4 2 - 74 - 0.2226095199584961 1
4 2 - 75 - 0.21074414253234863 1
4 2 - 76 - 0.2221825122833252 1
4 2 - 77 - 0.21896076202392578 1
4 2 - 78 - 0.21817493438720703 1
4 2 - 79 - 0.21789884567260742 1
4 2 - 80 - 0.21787619590759277 1
4 2 - 81 - 0.22051620483398438 1
4 2 - 82 - 0.22183489799499512 1
4 2 - 83 - 0.21399736404418945 1
4 2 - 84 - 0.17478203773498535 0
4 2 - 85 - 0.23460102081298828 1
4 2 - 86 - 0.21940827369689941 1
4 2 - 87 - 0.14623141288757324 0
4 2 - 88 - 0.22358250617980957 1
4 2 - 89 - 0.2060990333557129 1
4 2 - 90 - 0.2193622589111328 1
4 2 - 91 - 0.21556758880615234 1
4 2 - 92 - 0.21923184394836426 1
4 2 - 93 - 0.1914200782775879 1
4 2 - 94 - 0.21697640419006348 1
4 2 - 95 - 0.20419001579284668 1
4 2 - 96 - 0.20960521697998047 1
4 2 - 97 - 0.14725589752197266 0
4 2 - 98 - 0.15449142456054688 0
4 2 - 99 - 0.2126767635345459 1
4 4 - 0 - 0.30864787101745605 1
4 4 - 1 - 0.319058895111084 1
4 4 - 2 - 0.32352662086486816 1
4 4 - 3 - 0.3255124092102051 1
4 4 - 4 - 0.3405463695526123 1
4 4 - 5 - 0.32202672958374023 1
4 4 - 6 - 0.3324575424194336 1
4 4 - 7 - 0.3288888931274414 1
4 4 - 8 - 0.3132021427154541 1
4 4 - 9 - 0.35060691833496094 1
4 4 - 10 - 0.334028959274292 1
4 4 - 11 - 0.3310544490814209 1
4 4 - 12 - 0.33339786529541016 1
4 4 - 13 - 0.32210350036621094 1
4 4 - 14 - 0.3132302761077881 1
4 4 - 15 - 0.3286736011505127 1
4 4 - 16 - 0.33297109603881836 1
4 4 - 17 - 0.3266890048980713 1
4 4 - 18 - 0.349315881729126 1
4 4 - 19 - 0.3356783390045166 1
4 4 - 20 - 0.32213354110717773 1
4 4 - 21 - 0.32463812828063965 1
4 4 - 22 - 0.31854987144470215 1
4 4 - 23 - 0.3278369903564453 1
4 4 - 24 - 0.3160061836242676 1
4 4 - 25 - 0.3184993267059326 1
4 4 - 26 - 0.3144857883453369 1
4 4 - 27 - 0.3362298011779785 1
4 4 - 28 - 0.3536810874938965 1
4 4 - 29 - 0.30370616912841797 1
4 4 - 30 - 0.3235189914703369 1
4 4 - 31 - 0.3251831531524658 1
4 4 - 32 - 0.34157609939575195 1
4 4 - 33 - 0.34749317169189453 1
4 4 - 34 - 0.3257014751434326 1
4 4 - 35 - 0.3339874744415283 1
4 4 - 36 - 0.3119502067565918 1
4 4 - 37 - 0.32619357109069824 1
4 4 - 38 - 0.3293943405151367 1
4 4 - 39 - 0.2954888343811035 1
4 4 - 40 - 0.3332865238189697 1
4 4 - 41 - 0.33945202827453613 1
4 4 - 42 - 0.31520557403564453 1
4 4 - 43 - 0.3378288745880127 1
4 4 - 44 - 0.3158538341522217 1
4 4 - 45 - 0.32657456398010254 1
4 4 - 46 - 0.3138558864593506 1
4 4 - 47 - 0.33035755157470703 1
4 4 - 48 - 0.32660388946533203 1
4 4 - 49 - 0.33122920989990234 1
4 4 - 50 - 0.3305647373199463 1
4 4 - 51 - 0.34119439125061035 1
4 4 - 52 - 0.33267903327941895 1
4 4 - 53 - 0.3314793109893799 1
4 4 - 54 - 0.3290364742279053 1
4 4 - 55 - 0.3201110363006592 1
4 4 - 56 - 0.32074880599975586 1
4 4 - 57 - 0.32213544845581055 1
4 4 - 58 - 0.32476043701171875 1
4 4 - 59 - 0.3224329948425293 1
4 4 - 60 - 0.318697452545166 1
4 4 - 61 - 0.3367946147918701 1
4 4 - 62 - 0.32656288146972656 1
4 4 - 63 - 0.3318312168121338 1
4 4 - 64 - 0.3219106197357178 1
4 4 - 65 - 0.3314986228942871 1
4 4 - 66 - 0.3176534175872803 1
4 4 - 67 - 0.33078551292419434 1
4 4 - 68 - 0.3247206211090088 1
4 4 - 69 - 0.33807921409606934 1
4 4 - 70 - 0.3192927837371826 1
4 4 - 71 - 0.32300686836242676 1
4 4 - 72 - 0.3293116092681885 1
4 4 - 73 - 0.3224968910217285 1
4 4 - 74 - 0.314054012298584 1
4 4 - 75 - 0.336928129196167 1
4 4 - 76 - 0.32440781593322754 1
4 4 - 77 - 0.32449769973754883 1
4 4 - 78 - 0.32664918899536133 1
4 4 - 79 - 0.3254964351654053 1
4 4 - 80 - 0.3286614418029785 1
4 4 - 81 - 0.3247828483581543 1
4 4 - 82 - 0.3299269676208496 1
4 4 - 83 - 0.3283042907714844 1
4 4 - 84 - 0.3297603130340576 1
4 4 - 85 - 0.35042858123779297 1
4 4 - 86 - 0.3231618404388428 1
4 4 - 87 - 0.3343660831451416 1
4 4 - 88 - 0.3193361759185791 1
4 4 - 89 - 0.3394162654876709 1
4 4 - 90 - 0.3363497257232666 1
4 4 - 91 - 0.3407707214355469 1
4 4 - 92 - 0.3468186855316162 1
4 4 - 93 - 0.32092881202697754 1
4 4 - 94 - 0.32859086990356445 1
4 4 - 95 - 0.3312194347381592 1
4 4 - 96 - 0.3338489532470703 1
4 4 - 97 - 0.3316004276275635 1
4 4 - 98 - 0.3332858085632324 1
4 4 - 99 - 0.32813119888305664 1
8 1 - 0 - 0.2787761688232422 0
8 1 - 1 - 0.27878332138061523 0
8 1 - 2 - 0.2803165912628174 0
8 1 - 3 - 0.2801942825317383 0
8 1 - 4 - 0.2759368419647217 0
8 1 - 5 - 0.2811586856842041 0
8 1 - 6 - 0.28722310066223145 0
8 1 - 7 - 0.281463623046875 0
8 1 - 8 - 0.29464244842529297 0
8 1 - 9 - 0.26833033561706543 0
8 1 - 10 - 0.27658605575561523 0
8 1 - 11 - 0.268535852432251 0
8 1 - 12 - 0.2946603298187256 0
8 1 - 13 - 0.28261590003967285 0
8 1 - 14 - 0.27158188819885254 0
8 1 - 15 - 0.26820802688598633 0
8 1 - 16 - 0.27230262756347656 0
8 1 - 17 - 0.28215932846069336 0
8 1 - 18 - 0.26874756813049316 0
8 1 - 19 - 0.26993632316589355 0
8 1 - 20 - 0.2769508361816406 0
8 1 - 21 - 0.28081274032592773 0
8 1 - 22 - 0.27560877799987793 0
8 1 - 23 - 0.2744615077972412 0
8 1 - 24 - 0.27321648597717285 0
8 1 - 25 - 0.2705223560333252 0
8 1 - 26 - 0.2828996181488037 0
8 1 - 27 - 0.28444504737854004 0
8 1 - 28 - 0.27498364448547363 0
8 1 - 29 - 0.2683422565460205 0
8 1 - 30 - 0.27047085762023926 0
8 1 - 31 - 0.2747516632080078 0
8 1 - 32 - 0.2700474262237549 0
8 1 - 33 - 0.26973390579223633 0
8 1 - 34 - 0.3354806900024414 1
8 1 - 35 - 0.27373266220092773 0
8 1 - 36 - 0.2734673023223877 0
8 1 - 37 - 0.2753152847290039 0
8 1 - 38 - 0.27388882637023926 0
8 1 - 39 - 0.28240299224853516 0
8 1 - 40 - 0.2736020088195801 0
8 1 - 41 - 0.270214319229126 0
8 1 - 42 - 0.27314066886901855 0
8 1 - 43 - 0.2740054130554199 0
8 1 - 44 - 0.28055405616760254 0
8 1 - 45 - 0.2771625518798828 0
8 1 - 46 - 0.2816641330718994 0
8 1 - 47 - 0.27062296867370605 0
8 1 - 48 - 0.28078579902648926 0
8 1 - 49 - 0.278226375579834 0
8 1 - 50 - 0.2824997901916504 0
8 1 - 51 - 0.2952897548675537 0
8 1 - 52 - 0.3452894687652588 1
8 1 - 53 - 0.2716491222381592 0
8 1 - 54 - 0.2788853645324707 0
8 1 - 55 - 0.28467249870300293 0
8 1 - 56 - 0.2822697162628174 0
8 1 - 57 - 0.27734899520874023 0
8 1 - 58 - 0.2831392288208008 0
8 1 - 59 - 0.2885854244232178 0
8 1 - 60 - 0.27985525131225586 0
8 1 - 61 - 0.2739741802215576 0
8 1 - 62 - 0.26861143112182617 0
8 1 - 63 - 0.29162073135375977 0
8 1 - 64 - 0.27184081077575684 0
8 1 - 65 - 0.2705202102661133 0
8 1 - 66 - 0.27222132682800293 0
8 1 - 67 - 0.27615809440612793 0
8 1 - 68 - 0.2682344913482666 0
8 1 - 69 - 0.26874780654907227 0
8 1 - 70 - 0.26979684829711914 0
8 1 - 71 - 0.2789430618286133 0
8 1 - 72 - 0.2680220603942871 0
8 1 - 73 - 0.2824580669403076 0
8 1 - 74 - 0.2754061222076416 0
8 1 - 75 - 0.2703266143798828 0
8 1 - 76 - 0.2875056266784668 0
8 1 - 77 - 0.27167415618896484 0
8 1 - 78 - 0.2856714725494385 0
8 1 - 79 - 0.2762930393218994 0
8 1 - 80 - 0.27347755432128906 0
8 1 - 81 - 0.2722651958465576 0
8 1 - 82 - 0.32404494285583496 1
8 1 - 83 - 0.28383302688598633 0
8 1 - 84 - 0.27283263206481934 0
8 1 - 85 - 0.27663707733154297 0
8 1 - 86 - 0.272930383682251 0
8 1 - 87 - 0.2727539539337158 0
8 1 - 88 - 0.2738230228424072 0
8 1 - 89 - 0.28348350524902344 0
8 1 - 90 - 0.35577821731567383 1
8 1 - 91 - 0.29007458686828613 0
8 1 - 92 - 0.2826673984527588 0
8 1 - 93 - 0.2754204273223877 0
8 1 - 94 - 0.2787034511566162 0
8 1 - 95 - 0.33585214614868164 1
8 1 - 96 - 0.2757120132446289 0
8 1 - 97 - 0.2915158271789551 0
8 1 - 98 - 0.27690696716308594 0
8 1 - 99 - 0.28362250328063965 0
8 2 - 0 - 0.3999626636505127 1
8 2 - 1 - 0.3785998821258545 1
8 2 - 2 - 0.39730048179626465 1
8 2 - 3 - 0.46544909477233887 1
8 2 - 4 - 0.41600918769836426 1
8 2 - 5 - 0.3269517421722412 0
8 2 - 6 - 0.3954343795776367 1
8 2 - 7 - 0.4092090129852295 1
8 2 - 8 - 0.3363192081451416 0
8 2 - 9 - 0.3325669765472412 0
8 2 - 10 - 0.40485191345214844 1
8 2 - 11 - 0.3146815299987793 0
8 2 - 12 - 0.39749908447265625 1
8 2 - 13 - 0.403611421585083 1
8 2 - 14 - 0.39716410636901855 1
8 2 - 15 - 0.4003157615661621 1
8 2 - 16 - 0.40265679359436035 1
8 2 - 17 - 0.4024839401245117 1
8 2 - 18 - 0.3269634246826172 0
8 2 - 19 - 0.4209616184234619 1
8 2 - 20 - 0.4143695831298828 0
8 2 - 21 - 0.4119563102722168 1
8 2 - 22 - 0.4191601276397705 1
8 2 - 23 - 0.40839195251464844 1
8 2 - 24 - 0.4227774143218994 1
8 2 - 25 - 0.5071849822998047 1
8 2 - 26 - 0.48111510276794434 1
8 2 - 27 - 0.33306312561035156 0
8 2 - 28 - 0.4370443820953369 1
8 2 - 29 - 0.39470481872558594 1
8 2 - 30 - 0.4012174606323242 1
8 2 - 31 - 0.4372282028198242 1
8 2 - 32 - 0.33246374130249023 0
8 2 - 33 - 0.31986212730407715 0
8 2 - 34 - 0.38442564010620117 1
8 2 - 35 - 0.3495941162109375 0
8 2 - 36 - 0.8428356647491455 1
8 2 - 37 - 0.4093289375305176 1
8 2 - 38 - 0.40331172943115234 1
8 2 - 39 - 0.4077126979827881 1
8 2 - 40 - 0.8122239112854004 1
8 2 - 41 - 0.31731677055358887 0
8 2 - 42 - 0.48091745376586914 1
8 2 - 43 - 0.394942045211792 1
8 2 - 44 - 0.3920128345489502 1
8 2 - 45 - 0.4111640453338623 1
8 2 - 46 - 0.4527161121368408 1
8 2 - 47 - 0.4145991802215576 1
8 2 - 48 - 0.41730403900146484 1
8 2 - 49 - 0.3938779830932617 1
8 2 - 50 - 0.401547908782959 1
8 2 - 51 - 0.4056253433227539 1
8 2 - 52 - 0.4466531276702881 1
8 2 - 53 - 0.44061899185180664 1
8 2 - 54 - 0.4940602779388428 1
8 2 - 55 - 0.4313051700592041 1
8 2 - 56 - 0.3336777687072754 0
8 2 - 57 - 0.46129775047302246 1
8 2 - 58 - 0.4963996410369873 1
8 2 - 59 - 0.34222984313964844 0
8 2 - 60 - 0.4063374996185303 1
8 2 - 61 - 0.39637255668640137 1
8 2 - 62 - 0.417142391204834 1
8 2 - 63 - 0.400632381439209 1
8 2 - 64 - 0.4293324947357178 1
8 2 - 65 - 0.560927152633667 1
8 2 - 66 - 0.40196943283081055 1
8 2 - 67 - 0.4639303684234619 1
8 2 - 68 - 0.5653727054595947 1
8 2 - 69 - 0.4138200283050537 1
8 2 - 70 - 0.40825724601745605 1
8 2 - 71 - 0.5297133922576904 1
8 2 - 72 - 0.41149425506591797 1
8 2 - 73 - 0.41582512855529785 1
8 2 - 74 - 0.32364678382873535 0
8 2 - 75 - 0.4027421474456787 1
8 2 - 76 - 0.418956995010376 1
8 2 - 77 - 0.4488494396209717 1
8 2 - 78 - 0.40450072288513184 1
8 2 - 79 - 0.3208432197570801 0
8 2 - 80 - 0.4410817623138428 1
8 2 - 81 - 0.40534400939941406 1
8 2 - 82 - 0.43115878105163574 1
8 2 - 83 - 0.40683913230895996 1
8 2 - 84 - 0.4400010108947754 1
8 2 - 85 - 0.4228250980377197 1
8 2 - 86 - 0.3308863639831543 0
8 2 - 87 - 0.382706880569458 1
8 2 - 88 - 0.41131138801574707 1
8 2 - 89 - 0.40465760231018066 1
8 2 - 90 - 0.42407894134521484 1
8 2 - 91 - 0.43810009956359863 1
8 2 - 92 - 0.4134800434112549 1
8 2 - 93 - 0.3825051784515381 1
8 2 - 94 - 0.44191431999206543 1
8 2 - 95 - 0.394179105758667 1
8 2 - 96 - 0.43886470794677734 1
8 2 - 97 - 0.42281341552734375 1
8 2 - 98 - 0.3954446315765381 1
8 2 - 99 - 0.3544168472290039 0
8 4 - 0 - 0.6308896541595459 1
8 4 - 1 - 0.6188571453094482 1
8 4 - 2 - 0.5662202835083008 1
8 4 - 3 - 0.5681416988372803 1
8 4 - 4 - 0.5313026905059814 1
8 4 - 5 - 1.1145687103271484 1
8 4 - 6 - 0.5547480583190918 1
8 4 - 7 - 0.6381282806396484 1
8 4 - 8 - 0.5826716423034668 1
8 4 - 9 - 0.5714390277862549 1
8 4 - 10 - 0.6366279125213623 1
8 4 - 11 - 0.61686110496521 1
8 4 - 12 - 0.6021578311920166 1
8 4 - 13 - 0.5776162147521973 1
8 4 - 14 - 0.6587684154510498 1
8 4 - 15 - 0.5929951667785645 1
8 4 - 16 - 0.5810863971710205 1
8 4 - 17 - 0.6103701591491699 1
8 4 - 18 - 0.5783498287200928 1
8 4 - 19 - 0.5834307670593262 1
8 4 - 20 - 0.5588712692260742 1
8 4 - 21 - 0.519587516784668 1
8 4 - 22 - 0.5495388507843018 1
8 4 - 23 - 0.6721475124359131 1
8 4 - 24 - 0.6408421993255615 1
8 4 - 25 - 0.5794785022735596 1
8 4 - 26 - 0.5867471694946289 1
8 4 - 27 - 0.5696203708648682 1
8 4 - 28 - 0.8967471122741699 1
8 4 - 29 - 0.5389502048492432 1
8 4 - 30 - 0.7958903312683105 1
8 4 - 31 - 0.6035330295562744 1
8 4 - 32 - 0.6172182559967041 1
8 4 - 33 - 0.6295547485351562 1
8 4 - 34 - 0.5641531944274902 1
8 4 - 35 - 0.5309622287750244 1
8 4 - 36 - 0.5657219886779785 1
8 4 - 37 - 0.5369746685028076 1
8 4 - 38 - 0.6790993213653564 1
8 4 - 39 - 0.5800683498382568 1
8 4 - 40 - 0.592454195022583 1
8 4 - 41 - 0.6068825721740723 1
8 4 - 42 - 0.6038806438446045 1
8 4 - 43 - 0.5839905738830566 1
8 4 - 44 - 0.6494979858398438 1
8 4 - 45 - 0.6015081405639648 1
8 4 - 46 - 0.5824868679046631 1
8 4 - 47 - 0.577425479888916 1
8 4 - 48 - 0.8181314468383789 1
8 4 - 49 - 0.6706933975219727 1
8 4 - 50 - 0.5587937831878662 1
8 4 - 51 - 0.7659127712249756 1
8 4 - 52 - 0.5426042079925537 1
8 4 - 53 - 0.540917158126831 1
8 4 - 54 - 0.5346505641937256 1
8 4 - 55 - 0.5602951049804688 1
8 4 - 56 - 0.611553430557251 1
8 4 - 57 - 0.5904350280761719 1
8 4 - 58 - 0.5801346302032471 1
8 4 - 59 - 0.7284488677978516 1
8 4 - 60 - 0.5777342319488525 1
8 4 - 61 - 0.5781955718994141 1
8 4 - 62 - 0.6573560237884521 1
8 4 - 63 - 0.561089277267456 1
8 4 - 64 - 0.6781227588653564 1
8 4 - 65 - 0.5782074928283691 1
8 4 - 66 - 0.5460364818572998 1
8 4 - 67 - 0.5647807121276855 1
8 4 - 68 - 0.5692315101623535 1
8 4 - 69 - 0.6070940494537354 1
8 4 - 70 - 0.6116187572479248 1
8 4 - 71 - 0.7348413467407227 1
8 4 - 72 - 0.5735743045806885 1
8 4 - 73 - 0.5934352874755859 1
8 4 - 74 - 0.5811760425567627 1
8 4 - 75 - 0.6425559520721436 1
8 4 - 76 - 0.5873312950134277 1
8 4 - 77 - 0.6287546157836914 1
8 4 - 78 - 0.5786828994750977 1
8 4 - 79 - 0.6131131649017334 1
8 4 - 80 - 0.5623462200164795 1
8 4 - 81 - 0.6581482887268066 1
8 4 - 82 - 0.788994312286377 1
8 4 - 83 - 0.5707733631134033 1
8 4 - 84 - 0.7294361591339111 1
8 4 - 85 - 0.552119255065918 1
8 4 - 86 - 0.5870537757873535 1
8 4 - 87 - 0.577937126159668 1
8 4 - 88 - 0.5946841239929199 1
8 4 - 89 - 0.6390290260314941 1
8 4 - 90 - 0.5713589191436768 1
8 4 - 91 - 0.6083638668060303 1
8 4 - 92 - 0.5394227504730225 1
8 4 - 93 - 0.5408778190612793 1
8 4 - 94 - 0.516620397567749 1
8 4 - 95 - 0.571713924407959 1
8 4 - 96 - 0.5983316898345947 1
8 4 - 97 - 0.6686687469482422 1
8 4 - 98 - 0.6109883785247803 1
8 4 - 99 - 0.5683815479278564 1
8 8 - 0 - 1.224829912185669 1
8 8 - 1 - 1.5394248962402344 1
8 8 - 2 - 1.1624178886413574 1
8 8 - 3 - 1.3190631866455078 1
8 8 - 4 - 1.1833302974700928 1
8 8 - 5 - 1.1245715618133545 1
8 8 - 6 - 1.208543062210083 1
8 8 - 7 - 1.7570507526397705 1
8 8 - 8 - 1.0884037017822266 1
8 8 - 9 - 1.4135751724243164 1
8 8 - 10 - 1.208829402923584 1
8 8 - 11 - 1.1654877662658691 1
8 8 - 12 - 1.2859704494476318 1
8 8 - 13 - 1.4896657466888428 1
8 8 - 14 - 1.5160884857177734 1
8 8 - 15 - 1.639495611190796 1
8 8 - 16 - 1.1526753902435303 1
8 8 - 17 - 1.1654458045959473 1
8 8 - 18 - 1.1882374286651611 1
8 8 - 19 - 1.5627968311309814 1
8 8 - 20 - 1.2297978401184082 1
8 8 - 21 - 1.2584974765777588 1
8 8 - 22 - 1.2703559398651123 1
8 8 - 23 - 1.2324285507202148 1
8 8 - 24 - 1.4405837059020996 1
8 8 - 25 - 1.2488329410552979 1
8 8 - 26 - 1.197894811630249 1
8 8 - 27 - 1.311234712600708 1
8 8 - 28 - 1.2536275386810303 1
8 8 - 29 - 1.2173702716827393 1
8 8 - 30 - 1.284252405166626 1
8 8 - 31 - 1.0265285968780518 1
8 8 - 32 - 1.274338722229004 1
8 8 - 33 - 1.3778212070465088 1
8 8 - 34 - 1.1267545223236084 1
8 8 - 35 - 1.2235562801361084 1
8 8 - 36 - 1.2794342041015625 1
8 8 - 37 - 1.1835994720458984 1
8 8 - 38 - 1.3161675930023193 1
8 8 - 39 - 1.1553740501403809 1
8 8 - 40 - 1.0476844310760498 1
8 8 - 41 - 1.1505866050720215 1
8 8 - 42 - 1.1816468238830566 1
8 8 - 43 - 1.1166937351226807 1
8 8 - 44 - 1.3560161590576172 1
8 8 - 45 - 1.1983439922332764 1
8 8 - 46 - 1.1088001728057861 1
8 8 - 47 - 1.0978238582611084 1
8 8 - 48 - 1.1269047260284424 1
8 8 - 49 - 1.2690351009368896 1
8 8 - 50 - 2.000319719314575 1
8 8 - 51 - 1.2657966613769531 1
8 8 - 52 - 1.2084879875183105 1
8 8 - 53 - 1.2831566333770752 1
8 8 - 54 - 1.6646323204040527 1
8 8 - 55 - 1.6326565742492676 1
8 8 - 56 - 1.1668436527252197 1
8 8 - 57 - 1.2668437957763672 1
8 8 - 58 - 1.252103328704834 1
8 8 - 59 - 1.2437105178833008 1
8 8 - 60 - 1.2058145999908447 1
8 8 - 61 - 1.126873254776001 1
8 8 - 62 - 1.092127799987793 1
8 8 - 63 - 1.2377121448516846 1
8 8 - 64 - 1.2335050106048584 1
8 8 - 65 - 1.2577540874481201 1
8 8 - 66 - 1.2432384490966797 1
8 8 - 67 - 1.4348936080932617 1
8 8 - 68 - 1.2205748558044434 1
8 8 - 69 - 1.1936414241790771 1
8 8 - 70 - 1.189232349395752 1
8 8 - 71 - 1.1602520942687988 1
8 8 - 72 - 1.2031171321868896 1
8 8 - 73 - 1.303065299987793 1
8 8 - 74 - 1.1348645687103271 1
8 8 - 75 - 1.2564797401428223 1
8 8 - 76 - 1.3025825023651123 1
8 8 - 77 - 1.1695044040679932 1
8 8 - 78 - 1.5225183963775635 1
8 8 - 79 - 1.2485620975494385 1
8 8 - 80 - 1.5128204822540283 1
8 8 - 81 - 1.1469035148620605 1
8 8 - 82 - 1.242342233657837 1
8 8 - 83 - 1.1046605110168457 1
8 8 - 84 - 1.156318187713623 1
8 8 - 85 - 1.5116534233093262 1
8 8 - 86 - 1.4870173931121826 1
8 8 - 87 - 1.1200106143951416 1
8 8 - 88 - 1.1749207973480225 1
8 8 - 89 - 1.1774425506591797 1
8 8 - 90 - 1.2105889320373535 1
8 8 - 91 - 1.1697745323181152 1
8 8 - 92 - 1.2306487560272217 1
8 8 - 93 - 1.1744089126586914 1
8 8 - 94 - 1.2871284484863281 1
8 8 - 95 - 1.0437142848968506 1
8 8 - 96 - 1.1884171962738037 1
8 8 - 97 - 1.3606305122375488 1
8 8 - 98 - 1.2140719890594482 1
8 8 - 99 - 1.24904203414917 1
16 1 - 0 - 0.7750265598297119 0
16 1 - 1 - 0.7644069194793701 0
16 1 - 2 - 0.7759814262390137 0
16 1 - 3 - 0.7702860832214355 0
16 1 - 4 - 0.7985866069793701 0
16 1 - 5 - 0.7956836223602295 0
16 1 - 6 - 0.7612209320068359 0
16 1 - 7 - 0.771735429763794 0
16 1 - 8 - 0.7830030918121338 0
16 1 - 9 - 0.7620561122894287 0
16 1 - 10 - 0.7695181369781494 0
16 1 - 11 - 0.7798025608062744 0
16 1 - 12 - 0.7818124294281006 0
16 1 - 13 - 0.7966232299804688 0
16 1 - 14 - 0.767683744430542 0
16 1 - 15 - 0.8172271251678467 0
16 1 - 16 - 0.7615759372711182 0
16 1 - 17 - 0.8409085273742676 0
16 1 - 18 - 0.7910974025726318 0
16 1 - 19 - 0.788475751876831 0
16 1 - 20 - 0.7796688079833984 0
16 1 - 21 - 0.7848594188690186 0
16 1 - 22 - 0.7694394588470459 0
16 1 - 23 - 0.7770047187805176 0
16 1 - 24 - 0.773221492767334 0
16 1 - 25 - 0.8870575428009033 1
16 1 - 26 - 0.7570846080780029 0
16 1 - 27 - 0.7748510837554932 0
16 1 - 28 - 0.8325097560882568 0
16 1 - 29 - 0.7733302116394043 0
16 1 - 30 - 0.762171745300293 0
16 1 - 31 - 0.7702755928039551 0
16 1 - 32 - 0.7671492099761963 0
16 1 - 33 - 0.7763619422912598 0
16 1 - 34 - 0.767003059387207 0
16 1 - 35 - 0.8085477352142334 0
16 1 - 36 - 0.7714705467224121 0
16 1 - 37 - 0.7914679050445557 0
16 1 - 38 - 0.7859861850738525 0
16 1 - 39 - 0.7801146507263184 0
16 1 - 40 - 0.7720320224761963 0
16 1 - 41 - 0.7692990303039551 0
16 1 - 42 - 0.7827074527740479 0
16 1 - 43 - 0.7974033355712891 0
16 1 - 44 - 0.7697267532348633 0
16 1 - 45 - 0.7662336826324463 0
16 1 - 46 - 0.777921199798584 0
16 1 - 47 - 0.7658343315124512 0
16 1 - 48 - 0.7720737457275391 0
16 1 - 49 - 0.762455940246582 0
16 1 - 50 - 0.8037495613098145 0
16 1 - 51 - 0.85542893409729 0
16 1 - 52 - 0.8818380832672119 1
16 1 - 53 - 0.7603349685668945 0
16 1 - 54 - 0.7773525714874268 0
16 1 - 55 - 0.7792215347290039 0
16 1 - 56 - 0.7728469371795654 0
16 1 - 57 - 0.7852993011474609 0
16 1 - 58 - 0.7597036361694336 0
16 1 - 59 - 0.790895938873291 0
16 1 - 60 - 0.7583675384521484 0
16 1 - 61 - 0.7752237319946289 0
16 1 - 62 - 0.7643539905548096 0
16 1 - 63 - 0.7732884883880615 0
16 1 - 64 - 0.7667558193206787 0
16 1 - 65 - 0.7660322189331055 0
16 1 - 66 - 0.8017141819000244 0
16 1 - 67 - 0.7587969303131104 0
16 1 - 68 - 0.7760975360870361 0
16 1 - 69 - 0.7660040855407715 0
16 1 - 70 - 0.8269240856170654 0
16 1 - 71 - 0.7841320037841797 0
16 1 - 72 - 0.7597188949584961 0
16 1 - 73 - 0.7849347591400146 0
16 1 - 74 - 0.7900891304016113 0
16 1 - 75 - 0.7734158039093018 0
16 1 - 76 - 0.7684576511383057 0
16 1 - 77 - 0.7762560844421387 0
16 1 - 78 - 0.7653844356536865 0
16 1 - 79 - 0.7758452892303467 0
16 1 - 80 - 0.796865701675415 0
16 1 - 81 - 0.7748279571533203 0
16 1 - 82 - 0.7851681709289551 0
16 1 - 83 - 0.8083779811859131 0
16 1 - 84 - 0.7857601642608643 0
16 1 - 85 - 0.7714717388153076 0
16 1 - 86 - 0.7701125144958496 0
16 1 - 87 - 0.8094565868377686 0
16 1 - 88 - 0.8203506469726562 0
16 1 - 89 - 0.8032345771789551 0
16 1 - 90 - 0.7731478214263916 0
16 1 - 91 - 0.7781031131744385 0
16 1 - 92 - 0.7862532138824463 0
16 1 - 93 - 0.7724399566650391 0
16 1 - 94 - 0.780778169631958 0
16 1 - 95 - 0.7593917846679688 0
16 1 - 96 - 0.799619197845459 0
16 1 - 97 - 0.766791820526123 0
16 1 - 98 - 0.773590087890625 0
16 1 - 99 - 0.764716386795044 0
16 2 - 0 - 1.1081154346466064 1
16 2 - 1 - 1.1416215896606445 1
16 2 - 2 - 1.310225486755371 0
16 2 - 3 - 1.124861240386963 1
16 2 - 4 - 1.3405020236968994 1
16 2 - 5 - 0.968022346496582 0
16 2 - 6 - 1.1688308715820312 1
16 2 - 7 - 1.0540580749511719 1
16 2 - 8 - 1.0687382221221924 1
16 2 - 9 - 0.973961591720581 0
16 2 - 10 - 0.9320085048675537 0
16 2 - 11 - 1.1328954696655273 1
16 2 - 12 - 0.9652965068817139 0
16 2 - 13 - 1.0856902599334717 1
16 2 - 14 - 1.3860821723937988 0
16 2 - 15 - 0.9389493465423584 0
16 2 - 16 - 0.9784140586853027 0
16 2 - 17 - 1.0346002578735352 0
16 2 - 18 - 0.9608166217803955 0
16 2 - 19 - 0.9526844024658203 0
16 2 - 20 - 1.0653345584869385 1
16 2 - 21 - 1.1981496810913086 1
16 2 - 22 - 0.9536252021789551 0
16 2 - 23 - 0.9422726631164551 0
16 2 - 24 - 0.9808297157287598 0
16 2 - 25 - 1.3428702354431152 1
16 2 - 26 - 0.90399169921875 0
16 2 - 27 - 0.8978328704833984 0
16 2 - 28 - 1.6930296421051025 1
16 2 - 29 - 1.0922021865844727 1
16 2 - 30 - 1.0796103477478027 1
16 2 - 31 - 1.0388853549957275 0
16 2 - 32 - 1.5051908493041992 1
16 2 - 33 - 1.2085988521575928 0
16 2 - 34 - 0.9618473052978516 0
16 2 - 35 - 1.0552241802215576 1
16 2 - 36 - 1.047957420349121 1
16 2 - 37 - 0.9351909160614014 0
16 2 - 38 - 1.3415610790252686 1
16 2 - 39 - 1.8267886638641357 0
16 2 - 40 - 0.9674801826477051 0
16 2 - 41 - 1.6861598491668701 1
16 2 - 42 - 1.0079314708709717 1
16 2 - 43 - 1.1273581981658936 1
16 2 - 44 - 1.1045703887939453 1
16 2 - 45 - 1.1909151077270508 1
16 2 - 46 - 0.9562349319458008 0
16 2 - 47 - 0.9307801723480225 0
16 2 - 48 - 1.0726900100708008 1
16 2 - 49 - 1.094506025314331 1
16 2 - 50 - 0.938751220703125 0
16 2 - 51 - 1.1063659191131592 1
16 2 - 52 - 1.0554347038269043 1
16 2 - 53 - 1.112546682357788 1
16 2 - 54 - 0.9483084678649902 0
16 2 - 55 - 0.8868167400360107 0
16 2 - 56 - 0.9877610206604004 0
16 2 - 57 - 1.637108564376831 1
16 2 - 58 - 1.1309685707092285 1
16 2 - 59 - 1.5371532440185547 1
16 2 - 60 - 0.9165482521057129 0
16 2 - 61 - 0.8476243019104004 0
16 2 - 62 - 1.213932991027832 0
16 2 - 63 - 0.9691617488861084 0
16 2 - 64 - 1.2541589736938477 1
16 2 - 65 - 0.9126768112182617 0
16 2 - 66 - 1.8245139122009277 0
16 2 - 67 - 1.143390417098999 0
16 2 - 68 - 0.9494822025299072 0
16 2 - 69 - 1.1554820537567139 0
16 2 - 70 - 0.9297335147857666 0
16 2 - 71 - 1.3193838596343994 1
16 2 - 72 - 1.6781208515167236 1
16 2 - 73 - 1.0108411312103271 0
16 2 - 74 - 2.0217905044555664 1
16 2 - 75 - 1.4326462745666504 1
16 2 - 76 - 1.5198888778686523 0
16 2 - 77 - 1.076111078262329 1
16 2 - 78 - 1.1894173622131348 1
16 2 - 79 - 0.9922909736633301 0
16 2 - 80 - 1.047814130783081 1
16 2 - 81 - 1.0665357112884521 1
16 2 - 82 - 1.0490410327911377 1
16 2 - 83 - 1.1634435653686523 0
16 2 - 84 - 3.044217586517334 1
16 2 - 85 - 1.1544413566589355 1
16 2 - 86 - 0.9321768283843994 0
16 2 - 87 - 0.89845871925354 0
16 2 - 88 - 1.2018845081329346 1
16 2 - 89 - 1.1827623844146729 1
16 2 - 90 - 1.4899146556854248 1
16 2 - 91 - 1.0879559516906738 1
16 2 - 92 - 1.2969706058502197 1
16 2 - 93 - 1.084455966949463 1
16 2 - 94 - 1.3898019790649414 1
16 2 - 95 - 0.9279489517211914 0
16 2 - 96 - 1.068861961364746 1
16 2 - 97 - 1.1485042572021484 0
16 2 - 98 - 1.4223124980926514 0
16 2 - 99 - 1.4736053943634033 1
16 4 - 0 - 1.4530746936798096 1
16 4 - 1 - 1.3262832164764404 1
16 4 - 2 - 1.60646390914917 1
16 4 - 3 - 1.8002862930297852 1
16 4 - 4 - 1.8987107276916504 1
16 4 - 5 - 1.351658582687378 1
16 4 - 6 - 1.3931965827941895 1
16 4 - 7 - 1.4937028884887695 1
16 4 - 8 - 1.9083139896392822 1
16 4 - 9 - 1.522942304611206 1
16 4 - 10 - 1.4552044868469238 1
16 4 - 11 - 1.5426092147827148 1
16 4 - 12 - 1.4884121417999268 1
16 4 - 13 - 1.4796741008758545 1
16 4 - 14 - 1.867875576019287 1
16 4 - 15 - 1.3073625564575195 1
16 4 - 16 - 1.3970210552215576 1
16 4 - 17 - 1.3466823101043701 1
16 4 - 18 - 1.479130506515503 1
16 4 - 19 - 1.4441020488739014 1
16 4 - 20 - 1.4371371269226074 1
16 4 - 21 - 1.423863172531128 1
16 4 - 22 - 1.4227931499481201 1
16 4 - 23 - 1.448868751525879 1
16 4 - 24 - 1.5168426036834717 0
16 4 - 25 - 1.607384443283081 1
16 4 - 26 - 1.2953541278839111 1
16 4 - 27 - 1.4491894245147705 1
16 4 - 28 - 1.962557077407837 1
16 4 - 29 - 1.5677564144134521 1
16 4 - 30 - 1.4837543964385986 1
16 4 - 31 - 1.4942219257354736 1
16 4 - 32 - 1.3696882724761963 1
16 4 - 33 - 1.9472451210021973 1
16 4 - 34 - 1.523728847503662 1
16 4 - 35 - 1.3244292736053467 1
16 4 - 36 - 1.4346482753753662 1
16 4 - 37 - 1.5027358531951904 1
16 4 - 38 - 1.3787274360656738 1
16 4 - 39 - 1.5539166927337646 1
16 4 - 40 - 1.4298648834228516 0
16 4 - 41 - 1.3903725147247314 1
16 4 - 42 - 1.504532814025879 1
16 4 - 43 - 1.2959578037261963 1
16 4 - 44 - 1.4661550521850586 1
16 4 - 45 - 1.4037442207336426 1
16 4 - 46 - 1.5268352031707764 1
16 4 - 47 - 1.333794116973877 1
16 4 - 48 - 3.0421793460845947 1
16 4 - 49 - 1.4784152507781982 1
16 4 - 50 - 1.659372329711914 1
16 4 - 51 - 1.5526056289672852 1
16 4 - 52 - 1.4604651927947998 1
16 4 - 53 - 1.5823516845703125 1
16 4 - 54 - 1.5245463848114014 1
16 4 - 55 - 1.3513681888580322 1
16 4 - 56 - 1.773855447769165 1
16 4 - 57 - 1.3854777812957764 1
16 4 - 58 - 1.8204607963562012 1
16 4 - 59 - 1.5223798751831055 1
16 4 - 60 - 1.3459124565124512 1
16 4 - 61 - 1.4553558826446533 1
16 4 - 62 - 1.37156081199646 1
16 4 - 63 - 1.5523290634155273 1
16 4 - 64 - 1.5657603740692139 1
16 4 - 65 - 1.5549895763397217 1
16 4 - 66 - 1.5749142169952393 1
16 4 - 67 - 1.5404422283172607 1
16 4 - 68 - 1.4729890823364258 1
16 4 - 69 - 1.5841593742370605 1
16 4 - 70 - 1.3666915893554688 1
16 4 - 71 - 1.6080083847045898 1
16 4 - 72 - 1.6401865482330322 1
16 4 - 73 - 1.4237055778503418 1
16 4 - 74 - 2.070563316345215 1
16 4 - 75 - 1.5739195346832275 1
16 4 - 76 - 1.2662475109100342 1
16 4 - 77 - 1.5273725986480713 1
16 4 - 78 - 1.4375338554382324 1
16 4 - 79 - 1.7789545059204102 1
16 4 - 80 - 1.4006125926971436 1
16 4 - 81 - 1.2846810817718506 1
16 4 - 82 - 1.6833126544952393 1
16 4 - 83 - 1.4691298007965088 1
16 4 - 84 - 1.4928374290466309 1
16 4 - 85 - 1.595517873764038 1
16 4 - 86 - 1.282616376876831 0
16 4 - 87 - 1.6419484615325928 1
16 4 - 88 - 1.5358705520629883 1
16 4 - 89 - 1.4395756721496582 1
16 4 - 90 - 1.7354192733764648 1
16 4 - 91 - 1.4138739109039307 1
16 4 - 92 - 1.5406839847564697 1
16 4 - 93 - 2.0003952980041504 1
16 4 - 94 - 1.8159635066986084 1
16 4 - 95 - 1.4317457675933838 1
16 4 - 96 - 1.4680252075195312 1
16 4 - 97 - 1.6359820365905762 1
16 4 - 98 - 1.7366089820861816 1
16 4 - 99 - 3.1101698875427246 1
16 8 - 0 - 2.996311902999878 1
16 8 - 1 - 2.8778727054595947 1
16 8 - 2 - 2.720864772796631 1
16 8 - 3 - 2.694357395172119 1
16 8 - 4 - 2.8149423599243164 1
16 8 - 5 - 2.7500803470611572 1
16 8 - 6 - 2.660813093185425 1
16 8 - 7 - 3.0880537033081055 1
16 8 - 8 - 2.9636361598968506 1
16 8 - 9 - 2.8408098220825195 1
16 8 - 10 - 5.107194662094116 1
16 8 - 11 - 2.6094448566436768 1
16 8 - 12 - 2.786510467529297 1
16 8 - 13 - 2.8267064094543457 1
16 8 - 14 - 2.723665952682495 1
16 8 - 15 - 3.0182454586029053 1
16 8 - 16 - 3.0802290439605713 1
16 8 - 17 - 2.671717405319214 1
16 8 - 18 - 2.8516123294830322 1
16 8 - 19 - 2.68631649017334 1
16 8 - 20 - 2.9199118614196777 1
16 8 - 21 - 2.847590923309326 1
16 8 - 22 - 3.0567190647125244 1
16 8 - 23 - 2.748195171356201 1
16 8 - 24 - 3.5250742435455322 1
16 8 - 25 - 2.63145112991333 1
16 8 - 26 - 3.477086067199707 1
16 8 - 27 - 2.983461618423462 1
16 8 - 28 - 2.657360076904297 1
16 8 - 29 - 3.275813579559326 1
16 8 - 30 - 3.0355398654937744 1
16 8 - 31 - 3.2948014736175537 1
16 8 - 32 - 2.6826560497283936 1
16 8 - 33 - 2.8690524101257324 1
16 8 - 34 - 3.190114974975586 1
16 8 - 35 - 2.854884624481201 1
16 8 - 36 - 3.3390913009643555 1
16 8 - 37 - 2.7674381732940674 1
16 8 - 38 - 2.7555902004241943 1
16 8 - 39 - 3.0750234127044678 1
16 8 - 40 - 3.1771187782287598 1
16 8 - 41 - 3.015291690826416 1
16 8 - 42 - 2.416109561920166 1
16 8 - 43 - 3.384608268737793 1
16 8 - 44 - 3.022329807281494 1
16 8 - 45 - 3.0526480674743652 1
16 8 - 46 - 2.9630117416381836 1
16 8 - 47 - 2.8741745948791504 1
16 8 - 48 - 3.1484289169311523 1
16 8 - 49 - 2.8389692306518555 1
16 8 - 50 - 2.675279140472412 1
16 8 - 51 - 3.2521698474884033 1
16 8 - 52 - 2.7726187705993652 1
16 8 - 53 - 2.5404975414276123 1
16 8 - 54 - 3.0803983211517334 1
16 8 - 55 - 2.924739122390747 1
16 8 - 56 - 2.9761946201324463 1
16 8 - 57 - 2.6144778728485107 1
16 8 - 58 - 3.1277074813842773 1
16 8 - 59 - 2.7447214126586914 1
16 8 - 60 - 2.657339572906494 1
16 8 - 61 - 2.856585741043091 1
16 8 - 62 - 4.416708946228027 1
16 8 - 63 - 2.613936185836792 1
16 8 - 64 - 2.7174460887908936 1
16 8 - 65 - 3.159801721572876 1
16 8 - 66 - 3.2181310653686523 1
16 8 - 67 - 2.7675702571868896 1
16 8 - 68 - 2.5979676246643066 1
16 8 - 69 - 2.8342761993408203 1
16 8 - 70 - 2.662961959838867 1
16 8 - 71 - 2.682966947555542 1
16 8 - 72 - 3.2133066654205322 1
16 8 - 73 - 2.6345059871673584 1
16 8 - 74 - 2.597627878189087 1
16 8 - 75 - 2.537559986114502 1
16 8 - 76 - 2.7855241298675537 1
16 8 - 77 - 2.6227502822875977 1
16 8 - 78 - 2.5336453914642334 1
16 8 - 79 - 3.7261404991149902 1
16 8 - 80 - 2.9706454277038574 1
16 8 - 81 - 2.9044573307037354 1
16 8 - 82 - 2.715897560119629 1
16 8 - 83 - 3.339414358139038 1
16 8 - 84 - 2.983335256576538 1
16 8 - 85 - 2.606799840927124 1
16 8 - 86 - 3.2631943225860596 1
16 8 - 87 - 2.5351643562316895 1
16 8 - 88 - 2.9479777812957764 1
16 8 - 89 - 2.4617626667022705 1
16 8 - 90 - 2.839752197265625 1
16 8 - 91 - 2.708880662918091 1
16 8 - 92 - 2.7376720905303955 1
16 8 - 93 - 3.761685609817505 1
16 8 - 94 - 3.5302958488464355 1
16 8 - 95 - 3.499300956726074 1
16 8 - 96 - 3.1555609703063965 1
16 8 - 97 - 2.9002232551574707 1
16 8 - 98 - 2.8035473823547363 1
16 8 - 99 - 2.7289133071899414 1
32 1 - 0 - 2.5831844806671143 0
32 1 - 1 - 2.514681816101074 0
32 1 - 2 - 2.6312363147735596 0
32 1 - 3 - 2.606146812438965 0
32 1 - 4 - 2.616039752960205 0
32 1 - 5 - 2.706329107284546 0
32 1 - 6 - 2.7171359062194824 0
32 1 - 7 - 2.496067523956299 0
32 1 - 8 - 2.6329572200775146 0
32 1 - 9 - 2.476541519165039 0
32 1 - 10 - 2.4988200664520264 0
32 1 - 11 - 2.5252952575683594 0
32 1 - 12 - 2.5094611644744873 0
32 1 - 13 - 2.510955333709717 0
32 1 - 14 - 2.488391399383545 0
32 1 - 15 - 2.6260621547698975 0
32 1 - 16 - 2.491508960723877 0
32 1 - 17 - 2.499553680419922 0
32 1 - 18 - 2.5136239528656006 0
32 1 - 19 - 2.502333641052246 0
32 1 - 20 - 2.723592519760132 0
32 1 - 21 - 2.6976938247680664 0
32 1 - 22 - 2.532505512237549 0
32 1 - 23 - 2.5251195430755615 0
32 1 - 24 - 2.4933621883392334 0
32 1 - 25 - 2.5112972259521484 0
32 1 - 26 - 2.4994051456451416 0
32 1 - 27 - 2.517091989517212 0
32 1 - 28 - 2.521463632583618 0
32 1 - 29 - 2.7051727771759033 0
32 1 - 30 - 2.500389575958252 0
32 1 - 31 - 2.505976438522339 0
32 1 - 32 - 2.492417097091675 0
32 1 - 33 - 2.730555295944214 0
32 1 - 34 - 2.880399703979492 0
32 1 - 35 - 2.4932119846343994 0
32 1 - 36 - 2.6845803260803223 0
32 1 - 37 - 2.669713258743286 0
32 1 - 38 - 2.5375800132751465 0
32 1 - 39 - 2.5425455570220947 0
32 1 - 40 - 2.61256742477417 0
32 1 - 41 - 2.698672294616699 0
32 1 - 42 - 2.735086441040039 0
32 1 - 43 - 2.5817184448242188 0
32 1 - 44 - 2.8545477390289307 0
32 1 - 45 - 2.5159902572631836 0
32 1 - 46 - 2.5339338779449463 0
32 1 - 47 - 2.509214162826538 0
32 1 - 48 - 2.53275728225708 0
32 1 - 49 - 2.5095808506011963 0
32 1 - 50 - 2.4998586177825928 0
32 1 - 51 - 2.514983892440796 0
32 1 - 52 - 2.5201871395111084 0
32 1 - 53 - 2.478355884552002 0
32 1 - 54 - 2.5270464420318604 0
32 1 - 55 - 2.6926488876342773 0
32 1 - 56 - 2.6417086124420166 0
32 1 - 57 - 2.663381814956665 0
32 1 - 58 - 2.496096134185791 0
32 1 - 59 - 2.6435635089874268 0
32 1 - 60 - 2.6433846950531006 0
32 1 - 61 - 2.732635259628296 0
32 1 - 62 - 2.4903182983398438 0
32 1 - 63 - 2.700124740600586 0
32 1 - 64 - 2.4912261962890625 0
32 1 - 65 - 2.505274534225464 0
32 1 - 66 - 2.6866531372070312 0
32 1 - 67 - 2.6155481338500977 0
32 1 - 68 - 2.493814706802368 0
32 1 - 69 - 2.4988296031951904 0
32 1 - 70 - 2.7422282695770264 0
32 1 - 71 - 2.5316154956817627 0
32 1 - 72 - 2.5046768188476562 0
32 1 - 73 - 2.5358777046203613 0
32 1 - 74 - 2.5072429180145264 0
32 1 - 75 - 2.531048536300659 0
32 1 - 76 - 2.5067436695098877 0
32 1 - 77 - 2.4898252487182617 0
32 1 - 78 - 2.4983537197113037 0
32 1 - 79 - 2.645296096801758 0
32 1 - 80 - 2.488213300704956 0
32 1 - 81 - 2.5353548526763916 0
32 1 - 82 - 2.5089592933654785 0
32 1 - 83 - 2.6470303535461426 0
32 1 - 84 - 2.530299663543701 0
32 1 - 85 - 2.5490546226501465 0
32 1 - 86 - 2.506657123565674 0
32 1 - 87 - 2.612131118774414 0
32 1 - 88 - 2.6286981105804443 0
32 1 - 89 - 2.510983467102051 0
32 1 - 90 - 2.5750839710235596 0
32 1 - 91 - 2.5158872604370117 0
32 1 - 92 - 2.495311737060547 0
32 1 - 93 - 2.674058675765991 0
32 1 - 94 - 2.5069336891174316 0
32 1 - 95 - 2.5238213539123535 0
32 1 - 96 - 2.4903042316436768 0
32 1 - 97 - 2.5051045417785645 0
32 1 - 98 - 2.5181589126586914 0
32 1 - 99 - 2.5118417739868164 0
32 2 - 0 - 3.8778774738311768 1
32 2 - 1 - 2.934375286102295 0
32 2 - 2 - 3.030970811843872 0
32 2 - 3 - 4.497660875320435 1
32 2 - 4 - 3.141855239868164 0
32 2 - 5 - 3.1791093349456787 0
32 2 - 6 - 3.3414323329925537 0
32 2 - 7 - 2.9542489051818848 0
32 2 - 8 - 2.9326186180114746 0
32 2 - 9 - 3.100501298904419 0
32 2 - 10 - 2.8997511863708496 0
32 2 - 11 - 4.531792640686035 1
32 2 - 12 - 3.11857008934021 0
32 2 - 13 - 3.2294750213623047 0
32 2 - 14 - 3.3041396141052246 0
32 2 - 15 - 3.495607376098633 0
32 2 - 16 - 4.289623737335205 1
32 2 - 17 - 3.3566417694091797 0
32 2 - 18 - 3.381887197494507 0
32 2 - 19 - 4.30537223815918 1
32 2 - 20 - 3.06065034866333 0
32 2 - 21 - 3.153102397918701 0
32 2 - 22 - 4.365986347198486 1
32 2 - 23 - 2.9688198566436768 0
32 2 - 24 - 3.647736072540283 0
32 2 - 25 - 3.8081438541412354 1
32 2 - 26 - 3.9248545169830322 1
32 2 - 27 - 3.3787505626678467 0
32 2 - 28 - 4.257713556289673 1
32 2 - 29 - 2.872868537902832 0
32 2 - 30 - 4.325043678283691 0
32 2 - 31 - 3.2358558177948 0
32 2 - 32 - 3.7967629432678223 1
32 2 - 33 - 4.309215784072876 1
32 2 - 34 - 3.9942831993103027 1
32 2 - 35 - 3.4143526554107666 0
32 2 - 36 - 3.1549558639526367 0
32 2 - 37 - 3.2871055603027344 0
32 2 - 38 - 4.765284538269043 1
32 2 - 39 - 3.1490206718444824 0
32 2 - 40 - 3.0074117183685303 0
32 2 - 41 - 3.8791401386260986 0
32 2 - 42 - 3.119586706161499 0
32 2 - 43 - 3.9684484004974365 1
32 2 - 44 - 3.2147247791290283 0
32 2 - 45 - 4.042248010635376 1
32 2 - 46 - 4.249337196350098 1
32 2 - 47 - 3.1729185581207275 0
32 2 - 48 - 3.047698974609375 0
32 2 - 49 - 6.187350273132324 1
32 2 - 50 - 3.1141700744628906 0
32 2 - 51 - 2.9221041202545166 0
32 2 - 52 - 4.612172603607178 0
32 2 - 53 - 3.0212490558624268 0
32 2 - 54 - 3.867666006088257 0
32 2 - 55 - 3.2754592895507812 0
32 2 - 56 - 3.1820664405822754 0
32 2 - 57 - 3.99037504196167 1
32 2 - 58 - 3.0147926807403564 0
32 2 - 59 - 3.1576952934265137 0
32 2 - 60 - 4.774471044540405 1
32 2 - 61 - 4.020120859146118 1
32 2 - 62 - 3.9542477130889893 1
32 2 - 63 - 3.1063051223754883 0
32 2 - 64 - 2.977881908416748 0
32 2 - 65 - 4.298135280609131 1
32 2 - 66 - 4.742063999176025 1
32 2 - 67 - 4.051364183425903 1
32 2 - 68 - 3.06842303276062 0
32 2 - 69 - 3.8892993927001953 1
32 2 - 70 - 3.1226344108581543 0
32 2 - 71 - 3.323221445083618 0
32 2 - 72 - 3.486577033996582 0
32 2 - 73 - 3.1089580059051514 0
32 2 - 74 - 3.1700539588928223 0
32 2 - 75 - 3.9040567874908447 1
32 2 - 76 - 4.148401260375977 1
32 2 - 77 - 3.099762201309204 0
32 2 - 78 - 3.4668362140655518 0
32 2 - 79 - 3.9121077060699463 0
32 2 - 80 - 4.476028203964233 1
32 2 - 81 - 2.879031181335449 0
32 2 - 82 - 4.291163444519043 1
32 2 - 83 - 3.392848491668701 0
32 2 - 84 - 3.312967538833618 0
32 2 - 85 - 3.2404308319091797 0
32 2 - 86 - 3.2184295654296875 0
32 2 - 87 - 3.0024750232696533 0
32 2 - 88 - 4.3289101123809814 0
32 2 - 89 - 3.1811466217041016 0
32 2 - 90 - 3.8947818279266357 1
32 2 - 91 - 4.056931018829346 1
32 2 - 92 - 3.5405187606811523 0
32 2 - 93 - 3.0040318965911865 0
32 2 - 94 - 3.8351004123687744 1
32 2 - 95 - 3.1399803161621094 0
32 2 - 96 - 4.292715072631836 1
32 2 - 97 - 3.151301622390747 0
32 2 - 98 - 3.0883705615997314 0
32 2 - 99 - 3.5255484580993652 0
32 4 - 0 - 4.869220018386841 1
32 4 - 1 - 7.239785432815552 1
32 4 - 2 - 5.6717915534973145 1
32 4 - 3 - 5.580463171005249 1
32 4 - 4 - 5.954762697219849 1
32 4 - 5 - 6.222384929656982 1
32 4 - 6 - 5.321549654006958 1
32 4 - 7 - 6.993010997772217 1
32 4 - 8 - 6.083204030990601 1
32 4 - 9 - 6.480754852294922 1
32 4 - 10 - 6.536511182785034 1
32 4 - 11 - 6.802436590194702 1
32 4 - 12 - 6.034795045852661 1
32 4 - 13 - 7.234009742736816 0
32 4 - 14 - 6.407437801361084 1
32 4 - 15 - 6.581826210021973 1
32 4 - 16 - 5.866250038146973 1
32 4 - 17 - 6.389309883117676 1
32 4 - 18 - 5.477447748184204 1
32 4 - 19 - 6.831718921661377 1
32 4 - 20 - 6.990368366241455 1
32 4 - 21 - 5.319654941558838 1
32 4 - 22 - 5.87302041053772 1
32 4 - 23 - 7.0770087242126465 1
32 4 - 24 - 6.6476099491119385 1
32 4 - 25 - 6.735950231552124 1
32 4 - 26 - 6.100045442581177 1
32 4 - 27 - 4.707554340362549 0
32 4 - 28 - 5.502882242202759 1
32 4 - 29 - 6.933652639389038 1
32 4 - 30 - 4.503341197967529 1
32 4 - 31 - 6.809656620025635 1
32 4 - 32 - 5.391735076904297 1
32 4 - 33 - 7.561375856399536 1
32 4 - 34 - 6.185387134552002 1
32 4 - 35 - 5.983985424041748 1
32 4 - 36 - 6.744020938873291 1
32 4 - 37 - 5.568074464797974 1
32 4 - 38 - 5.4135754108428955 1
32 4 - 39 - 7.079963445663452 1
32 4 - 40 - 4.490451097488403 0
32 4 - 41 - 7.175648212432861 1
32 4 - 42 - 6.366485118865967 1
32 4 - 43 - 5.642153024673462 1
32 4 - 44 - 5.3191306591033936 1
32 4 - 45 - 6.311858892440796 1
32 4 - 46 - 5.930217981338501 1
32 4 - 47 - 6.391145467758179 1
32 4 - 48 - 6.465363502502441 1
32 4 - 49 - 6.2531654834747314 1
32 4 - 50 - 5.631169319152832 1
32 4 - 51 - 6.034534931182861 1
32 4 - 52 - 5.781703233718872 1
32 4 - 53 - 5.741376161575317 1
32 4 - 54 - 4.751815319061279 1
32 4 - 55 - 5.875319242477417 1
32 4 - 56 - 6.052432298660278 1
32 4 - 57 - 6.117950677871704 1
32 4 - 58 - 4.7738566398620605 1
32 4 - 59 - 6.455993175506592 1
32 4 - 60 - 5.444479703903198 1
32 4 - 61 - 5.222045183181763 1
32 4 - 62 - 5.2059080600738525 1
32 4 - 63 - 6.070979356765747 1
32 4 - 64 - 3.897620439529419 0
32 4 - 65 - 5.626914978027344 1
32 4 - 66 - 6.4404637813568115 1
32 4 - 67 - 5.787600994110107 1
32 4 - 68 - 6.997335195541382 1
32 4 - 69 - 6.058664083480835 1
32 4 - 70 - 7.424372911453247 1
32 4 - 71 - 6.3649516105651855 1
32 4 - 72 - 6.154522180557251 1
32 4 - 73 - 6.78437352180481 1
32 4 - 74 - 4.059057235717773 0
32 4 - 75 - 6.145360469818115 1
32 4 - 76 - 6.278987407684326 1
32 4 - 77 - 5.640730142593384 1
32 4 - 78 - 6.37608790397644 1
32 4 - 79 - 6.000501394271851 1
32 4 - 80 - 4.993866443634033 1
32 4 - 81 - 6.596437692642212 1
32 4 - 82 - 5.886233329772949 1
32 4 - 83 - 5.760932207107544 1
32 4 - 84 - 5.068078279495239 1
32 4 - 85 - 6.9341208934783936 1
32 4 - 86 - 5.343608140945435 1
32 4 - 87 - 6.118593215942383 1
32 4 - 88 - 5.928938150405884 1
32 4 - 89 - 5.172738790512085 1
32 4 - 90 - 5.688494443893433 1
32 4 - 91 - 5.83199405670166 1
32 4 - 92 - 6.804807186126709 1
32 4 - 93 - 5.853984117507935 1
32 4 - 94 - 6.062720775604248 1
32 4 - 95 - 5.923863649368286 1
32 4 - 96 - 5.328764915466309 1
32 4 - 97 - 6.5003416538238525 1
32 4 - 98 - 6.301631927490234 1
32 4 - 99 - 6.192569732666016 1
32 8 - 0 - 12.695083379745483 1
32 8 - 1 - 10.227193593978882 1
32 8 - 2 - 10.171952486038208 1
32 8 - 3 - 13.145526647567749 1
32 8 - 4 - 10.948540687561035 1
32 8 - 5 - 11.908572435379028 1
32 8 - 6 - 12.063249588012695 1
32 8 - 7 - 10.281304597854614 1
32 8 - 8 - 9.603115797042847 1
32 8 - 9 - 12.385234832763672 1
32 8 - 10 - 10.854098796844482 1
32 8 - 11 - 11.828401803970337 1
32 8 - 12 - 9.686113119125366 1
32 8 - 13 - 11.122722625732422 1
32 8 - 14 - 10.898426532745361 1
32 8 - 15 - 11.891106843948364 1
32 8 - 16 - 10.870514869689941 1
32 8 - 17 - 12.266335725784302 1
32 8 - 18 - 11.095876693725586 1
32 8 - 19 - 10.926346778869629 1
32 8 - 20 - 9.990854978561401 1
32 8 - 21 - 12.57157564163208 1
32 8 - 22 - 9.931575775146484 1
32 8 - 23 - 10.99990177154541 1
32 8 - 24 - 11.603789567947388 1
32 8 - 25 - 10.787558794021606 1
32 8 - 26 - 11.055310487747192 1
32 8 - 27 - 9.950562953948975 1
32 8 - 28 - 11.644038677215576 1
32 8 - 29 - 10.001726150512695 1
32 8 - 30 - 16.740453958511353 1
32 8 - 31 - 11.1423180103302 1
32 8 - 32 - 10.342221021652222 1
32 8 - 33 - 12.65024471282959 1
32 8 - 34 - 11.571563959121704 1
32 8 - 35 - 13.330393075942993 1
32 8 - 36 - 11.970888614654541 1
32 8 - 37 - 10.976501226425171 1
32 8 - 38 - 10.833983659744263 1
32 8 - 39 - 10.466771602630615 1
32 8 - 40 - 10.731484413146973 1
32 8 - 41 - 19.090340614318848 1
32 8 - 42 - 10.8724365234375 1
32 8 - 43 - 12.438331842422485 1
32 8 - 44 - 13.406327486038208 1
32 8 - 45 - 12.774957656860352 1
32 8 - 46 - 10.291242599487305 1
32 8 - 47 - 12.75645899772644 1
32 8 - 48 - 10.645918369293213 1
32 8 - 49 - 11.229538202285767 1
32 8 - 50 - 11.084164381027222 1
32 8 - 51 - 10.64888334274292 1
32 8 - 52 - 11.278941869735718 1
32 8 - 53 - 12.499511003494263 1
32 8 - 54 - 11.522930145263672 1
32 8 - 55 - 9.344637870788574 1
32 8 - 56 - 19.38122296333313 1
32 8 - 57 - 10.33233904838562 1
32 8 - 58 - 10.976738214492798 1
32 8 - 59 - 10.40631890296936 1
32 8 - 60 - 11.832027435302734 1
32 8 - 61 - 12.961666345596313 1
32 8 - 62 - 10.23200511932373 1
32 8 - 63 - 11.780929565429688 1
32 8 - 64 - 10.79115891456604 1
32 8 - 65 - 11.578447341918945 1
32 8 - 66 - 11.968700885772705 1
32 8 - 67 - 11.047966003417969 1
32 8 - 68 - 13.00292158126831 1
32 8 - 69 - 11.048091411590576 1
32 8 - 70 - 11.801133394241333 1
32 8 - 71 - 10.87737250328064 1
32 8 - 72 - 11.567137002944946 1
32 8 - 73 - 13.891679286956787 1
32 8 - 74 - 12.084909439086914 1
32 8 - 75 - 12.236726999282837 1
32 8 - 76 - 11.179315567016602 1
32 8 - 77 - 12.715306282043457 1
32 8 - 78 - 9.860952854156494 1
32 8 - 79 - 11.134513139724731 1
32 8 - 80 - 11.990470170974731 1
32 8 - 81 - 12.206183433532715 1
32 8 - 82 - 12.144195318222046 1
32 8 - 83 - 9.414630889892578 1
32 8 - 84 - 11.395225048065186 1
32 8 - 85 - 12.511823177337646 1
32 8 - 86 - 11.22018814086914 1
32 8 - 87 - 10.944652080535889 1
32 8 - 88 - 10.139025688171387 1
32 8 - 89 - 11.986215114593506 1
32 8 - 90 - 19.980448007583618 1
32 8 - 91 - 10.847636699676514 1
32 8 - 92 - 10.621421098709106 1
32 8 - 93 - 19.00951838493347 1
32 8 - 94 - 9.910741806030273 1
32 8 - 95 - 11.768545627593994 1
32 8 - 96 - 9.915961980819702 1
32 8 - 97 - 11.427803993225098 1
32 8 - 98 - 11.46818208694458 1
32 8 - 99 - 12.19803500175476 1
