4 1 - 0 - 0.3355557918548584 1
4 1 - 1 - 0.3171842098236084 1
4 1 - 2 - 0.31972408294677734 1
4 1 - 3 - 0.3103952407836914 1
4 1 - 4 - 0.29842114448547363 1
4 1 - 5 - 0.2801377773284912 1
4 1 - 6 - 0.200958251953125 0
4 1 - 7 - 0.28629517555236816 1
4 1 - 8 - 0.25623512268066406 1
4 1 - 9 - 0.2735903263092041 1
4 1 - 10 - 0.26485586166381836 1
4 1 - 11 - 0.20320534706115723 0
4 1 - 12 - 0.3107450008392334 1
4 1 - 13 - 0.25700926780700684 1
4 1 - 14 - 0.19293856620788574 0
4 1 - 15 - 0.2643454074859619 1
4 1 - 16 - 0.26836347579956055 1
4 1 - 17 - 0.19442105293273926 0
4 1 - 18 - 0.2627840042114258 1
4 1 - 19 - 0.2573857307434082 1
4 1 - 20 - 0.2091968059539795 0
4 1 - 21 - 0.20612883567810059 0
4 1 - 22 - 0.2704298496246338 1
4 1 - 23 - 0.2567470073699951 1
4 1 - 24 - 0.24948430061340332 1
4 1 - 25 - 0.2625761032104492 1
4 1 - 26 - 0.2660841941833496 1
4 1 - 27 - 0.25811767578125 1
4 1 - 28 - 0.26738643646240234 1
4 1 - 29 - 0.26490020751953125 1
4 1 - 30 - 0.26104307174682617 1
4 1 - 31 - 0.21001315116882324 0
4 1 - 32 - 0.256577730178833 1
4 1 - 33 - 0.2006845474243164 0
4 1 - 34 - 0.25045037269592285 1
4 1 - 35 - 0.25846385955810547 1
4 1 - 36 - 0.2502925395965576 1
4 1 - 37 - 0.26128721237182617 1
4 1 - 38 - 0.2717301845550537 1
4 1 - 39 - 0.26282262802124023 1
4 1 - 40 - 0.19670653343200684 0
4 1 - 41 - 0.21867799758911133 0
4 1 - 42 - 0.20503664016723633 0
4 1 - 43 - 0.261974573135376 1
4 1 - 44 - 0.21391797065734863 0
4 1 - 45 - 0.2617664337158203 1
4 1 - 46 - 0.22329449653625488 0
4 1 - 47 - 0.2564702033996582 1
4 1 - 48 - 0.2652912139892578 1
4 1 - 49 - 0.2662334442138672 1
4 1 - 50 - 0.2484755516052246 1
4 1 - 51 - 0.259044885635376 1
4 1 - 52 - 0.19567584991455078 0
4 1 - 53 - 0.26458144187927246 1
4 1 - 54 - 0.19689536094665527 0
4 1 - 55 - 0.2546651363372803 1
4 1 - 56 - 0.2649199962615967 1
4 1 - 57 - 0.2552490234375 1
4 1 - 58 - 0.26189327239990234 1
4 1 - 59 - 0.26285576820373535 1
4 1 - 60 - 0.2554585933685303 1
4 1 - 61 - 0.1967768669128418 0
4 1 - 62 - 0.2580232620239258 1
4 1 - 63 - 0.209930419921875 0
4 1 - 64 - 0.25656795501708984 1
4 1 - 65 - 0.2531278133392334 1
4 1 - 66 - 0.257495641708374 1
4 1 - 67 - 0.19823503494262695 0
4 1 - 68 - 0.2512176036834717 1
4 1 - 69 - 0.20297622680664062 0
4 1 - 70 - 0.2720768451690674 1
4 1 - 71 - 0.2702305316925049 1
4 1 - 72 - 0.2040572166442871 0
4 1 - 73 - 0.2633194923400879 1
4 1 - 74 - 0.26355791091918945 1
4 1 - 75 - 0.27037906646728516 1
4 1 - 76 - 0.2615485191345215 1
4 1 - 77 - 0.27631521224975586 1
4 1 - 78 - 0.25829005241394043 1
4 1 - 79 - 0.20555996894836426 0
4 1 - 80 - 0.2546656131744385 1
4 1 - 81 - 0.2639784812927246 1
4 1 - 82 - 0.25359225273132324 1
4 1 - 83 - 0.27288174629211426 1
4 1 - 84 - 0.19391131401062012 0
4 1 - 85 - 0.20742535591125488 0
4 1 - 86 - 0.2828350067138672 1
4 1 - 87 - 0.19512391090393066 0
4 1 - 88 - 0.1962878704071045 0
4 1 - 89 - 0.19823002815246582 0
4 1 - 90 - 0.26873016357421875 1
4 1 - 91 - 0.20707988739013672 0
4 1 - 92 - 0.20568251609802246 0
4 1 - 93 - 0.2660503387451172 1
4 1 - 94 - 0.2545804977416992 1
4 1 - 95 - 0.26903796195983887 1
4 1 - 96 - 0.2663428783416748 1
4 1 - 97 - 0.2680959701538086 1
4 1 - 98 - 0.20670866966247559 0
4 1 - 99 - 0.1995096206665039 0
4 2 - 0 - 0.3313145637512207 1
4 2 - 1 - 0.3137989044189453 1
4 2 - 2 - 0.3274116516113281 1
4 2 - 3 - 0.33862996101379395 1
4 2 - 4 - 0.330120325088501 1
4 2 - 5 - 0.33184003829956055 1
4 2 - 6 - 0.3877861499786377 1
4 2 - 7 - 0.33704519271850586 1
4 2 - 8 - 0.31166768074035645 1
4 2 - 9 - 0.3241546154022217 1
4 2 - 10 - 0.3178589344024658 1
4 2 - 11 - 0.3668196201324463 1
4 2 - 12 - 0.3470430374145508 1
4 2 - 13 - 0.32552242279052734 1
4 2 - 14 - 0.36685895919799805 1
4 2 - 15 - 0.3137786388397217 1
4 2 - 16 - 0.3158409595489502 1
4 2 - 17 - 0.3340792655944824 1
4 2 - 18 - 0.309906005859375 1
4 2 - 19 - 0.29735684394836426 1
4 2 - 20 - 0.3152766227722168 1
4 2 - 21 - 0.3221158981323242 1
4 2 - 22 - 0.3220560550689697 1
4 2 - 23 - 0.31727099418640137 1
4 2 - 24 - 0.29929685592651367 1
4 2 - 25 - 0.295304536819458 1
4 2 - 26 - 0.30993080139160156 1
4 2 - 27 - 0.3204526901245117 1
4 2 - 28 - 0.3211216926574707 1
4 2 - 29 - 0.31618642807006836 1
4 2 - 30 - 0.31612586975097656 1
4 2 - 31 - 0.315720796585083 1
4 2 - 32 - 0.3624308109283447 1
4 2 - 33 - 0.3365800380706787 1
4 2 - 34 - 0.32328128814697266 1
4 2 - 35 - 0.3306717872619629 1
4 2 - 36 - 0.32619714736938477 1
4 2 - 37 - 0.3329331874847412 1
4 2 - 38 - 0.3264625072479248 1
4 2 - 39 - 0.32051587104797363 1
4 2 - 40 - 0.37432026863098145 1
4 2 - 41 - 0.3177833557128906 1
4 2 - 42 - 0.30260252952575684 1
4 2 - 43 - 0.31128907203674316 1
4 2 - 44 - 0.3230292797088623 1
4 2 - 45 - 0.31281232833862305 1
4 2 - 46 - 0.3072960376739502 1
4 2 - 47 - 0.30513501167297363 1
4 2 - 48 - 0.31316232681274414 1
4 2 - 49 - 0.3051595687866211 1
4 2 - 50 - 0.3050572872161865 1
4 2 - 51 - 0.29645752906799316 1
4 2 - 52 - 0.30582284927368164 1
4 2 - 53 - 0.31443238258361816 1
4 2 - 54 - 0.33711814880371094 1
4 2 - 55 - 0.31371545791625977 1
4 2 - 56 - 0.3359949588775635 1
4 2 - 57 - 0.32261228561401367 1
4 2 - 58 - 0.35924673080444336 1
4 2 - 59 - 0.32326173782348633 1
4 2 - 60 - 0.39978504180908203 1
4 2 - 61 - 0.3448758125305176 1
4 2 - 62 - 0.30742621421813965 1
4 2 - 63 - 0.37868452072143555 1
4 2 - 64 - 0.32738161087036133 1
4 2 - 65 - 0.3281242847442627 1
4 2 - 66 - 0.33957600593566895 1
4 2 - 67 - 0.3088197708129883 1
4 2 - 68 - 0.319427490234375 1
4 2 - 69 - 0.32860255241394043 1
4 2 - 70 - 0.35112428665161133 1
4 2 - 71 - 0.30450010299682617 1
4 2 - 72 - 0.30823373794555664 1
4 2 - 73 - 0.29950475692749023 1
4 2 - 74 - 0.32024145126342773 1
4 2 - 75 - 0.32805538177490234 1
4 2 - 76 - 0.3321194648742676 1
4 2 - 77 - 0.3200228214263916 1
4 2 - 78 - 0.3372046947479248 1
4 2 - 79 - 0.32039952278137207 1
4 2 - 80 - 0.3229074478149414 1
4 2 - 81 - 0.29903435707092285 1
4 2 - 82 - 0.29639530181884766 1
4 2 - 83 - 0.31537485122680664 1
4 2 - 84 - 0.361558198928833 1
4 2 - 85 - 0.34220290184020996 1
4 2 - 86 - 0.3043041229248047 1
4 2 - 87 - 0.32120299339294434 1
4 2 - 88 - 0.37249207496643066 1
4 2 - 89 - 0.31575798988342285 1
4 2 - 90 - 0.3074946403503418 1
4 2 - 91 - 0.3088798522949219 1
4 2 - 92 - 0.32816076278686523 1
4 2 - 93 - 0.31777381896972656 1
4 2 - 94 - 0.316328763961792 1
4 2 - 95 - 0.3029520511627197 1
4 2 - 96 - 0.3040201663970947 1
4 2 - 97 - 0.35630106925964355 1
4 2 - 98 - 0.3302130699157715 1
4 2 - 99 - 0.2998807430267334 1
4 4 - 0 - 0.4576232433319092 1
4 4 - 1 - 0.4676547050476074 1
4 4 - 2 - 0.46546173095703125 1
4 4 - 3 - 0.4560718536376953 1
4 4 - 4 - 0.4403529167175293 1
4 4 - 5 - 0.4284050464630127 1
4 4 - 6 - 0.4438169002532959 1
4 4 - 7 - 0.4761934280395508 1
4 4 - 8 - 0.43006348609924316 1
4 4 - 9 - 0.4725062847137451 1
4 4 - 10 - 0.46558189392089844 1
4 4 - 11 - 6.491559743881226 1
4 4 - 12 - 0.44504427909851074 1
4 4 - 13 - 0.44826531410217285 1
4 4 - 14 - 0.4379560947418213 1
4 4 - 15 - 0.4627845287322998 1
4 4 - 16 - 0.4650745391845703 1
4 4 - 17 - 0.44446682929992676 1
4 4 - 18 - 0.44063282012939453 1
4 4 - 19 - 0.45502471923828125 1
4 4 - 20 - 0.4452941417694092 1
4 4 - 21 - 0.4712839126586914 1
4 4 - 22 - 0.45745038986206055 1
4 4 - 23 - 0.46285557746887207 1
4 4 - 24 - 0.46080493927001953 1
4 4 - 25 - 0.44816160202026367 1
4 4 - 26 - 0.4434800148010254 1
4 4 - 27 - 0.4590928554534912 1
4 4 - 28 - 0.47118687629699707 1
4 4 - 29 - 0.4325833320617676 1
4 4 - 30 - 0.47386932373046875 1
4 4 - 31 - 0.4743666648864746 1
4 4 - 32 - 0.45709776878356934 1
4 4 - 33 - 0.44718313217163086 1
4 4 - 34 - 0.4607424736022949 1
4 4 - 35 - 0.5457990169525146 1
4 4 - 36 - 0.5049970149993896 1
4 4 - 37 - 0.520986795425415 1
4 4 - 38 - 0.46466755867004395 1
4 4 - 39 - 0.44756054878234863 1
4 4 - 40 - 0.484173059463501 1
4 4 - 41 - 0.45271992683410645 1
4 4 - 42 - 1.6584458351135254 1
4 4 - 43 - 0.4947521686553955 1
4 4 - 44 - 0.5079560279846191 1
4 4 - 45 - 0.49559640884399414 1
4 4 - 46 - 0.4541759490966797 1
4 4 - 47 - 0.4543900489807129 1
4 4 - 48 - 0.4600856304168701 1
4 4 - 49 - 0.4540379047393799 1
4 4 - 50 - 0.4477417469024658 1
4 4 - 51 - 0.4876699447631836 1
4 4 - 52 - 1.285388708114624 1
4 4 - 53 - 0.486159086227417 1
4 4 - 54 - 0.45952296257019043 1
4 4 - 55 - 0.47211384773254395 1
4 4 - 56 - 0.4521300792694092 1
4 4 - 57 - 0.45273566246032715 1
4 4 - 58 - 0.4750542640686035 1
4 4 - 59 - 0.45732951164245605 1
4 4 - 60 - 0.4772613048553467 1
4 4 - 61 - 0.4580354690551758 1
4 4 - 62 - 0.45479798316955566 1
4 4 - 63 - 0.4624443054199219 1
4 4 - 64 - 0.44439172744750977 1
4 4 - 65 - 0.46974849700927734 1
4 4 - 66 - 0.4512825012207031 1
4 4 - 67 - 0.46065521240234375 1
4 4 - 68 - 0.6527392864227295 1
4 4 - 69 - 0.46543264389038086 1
4 4 - 70 - 0.4997224807739258 1
4 4 - 71 - 0.47986841201782227 1
4 4 - 72 - 0.5303468704223633 1
4 4 - 73 - 0.44376492500305176 1
4 4 - 74 - 0.4509255886077881 1
4 4 - 75 - 0.4474759101867676 1
4 4 - 76 - 0.4422330856323242 1
4 4 - 77 - 0.45701098442077637 1
4 4 - 78 - 0.4416158199310303 1
4 4 - 79 - 0.4570658206939697 1
4 4 - 80 - 0.46929240226745605 1
4 4 - 81 - 0.45760416984558105 1
4 4 - 82 - 0.49111008644104004 1
4 4 - 83 - 0.4665849208831787 1
4 4 - 84 - 0.578035831451416 1
4 4 - 85 - 0.49955248832702637 1
4 4 - 86 - 0.4527587890625 1
4 4 - 87 - 0.4774363040924072 1
4 4 - 88 - 0.47140955924987793 1
4 4 - 89 - 0.47894883155822754 1
4 4 - 90 - 0.4732048511505127 1
4 4 - 91 - 0.46136951446533203 1
4 4 - 92 - 0.4575164318084717 1
4 4 - 93 - 0.4771084785461426 1
4 4 - 94 - 0.4875307083129883 1
4 4 - 95 - 0.49994349479675293 1
4 4 - 96 - 0.7791354656219482 1
4 4 - 97 - 0.47411537170410156 1
4 4 - 98 - 0.48262619972229004 1
4 4 - 99 - 0.5307137966156006 1
8 1 - 0 - 0.7296099662780762 1
8 1 - 1 - 0.6503279209136963 0
8 1 - 2 - 0.7673077583312988 1
8 1 - 3 - 0.7690474987030029 1
8 1 - 4 - 0.7279162406921387 1
8 1 - 5 - 0.6874754428863525 1
8 1 - 6 - 0.5707094669342041 0
8 1 - 7 - 0.5825543403625488 0
8 1 - 8 - 0.579702615737915 1
8 1 - 9 - 0.47289586067199707 0
8 1 - 10 - 0.6719954013824463 1
8 1 - 11 - 0.7464265823364258 1
8 1 - 12 - 0.7598345279693604 1
8 1 - 13 - 0.7909302711486816 1
8 1 - 14 - 0.7664427757263184 1
8 1 - 15 - 0.7556600570678711 1
8 1 - 16 - 0.641310453414917 0
8 1 - 17 - 1.121946096420288 1
8 1 - 18 - 0.6416869163513184 0
8 1 - 19 - 0.7820835113525391 1
8 1 - 20 - 0.8019936084747314 1
8 1 - 21 - 0.787522554397583 1
8 1 - 22 - 0.788806676864624 1
8 1 - 23 - 0.7777156829833984 1
8 1 - 24 - 0.7534372806549072 1
8 1 - 25 - 0.8020098209381104 1
8 1 - 26 - 0.7701776027679443 1
8 1 - 27 - 0.7349851131439209 1
8 1 - 28 - 0.7062749862670898 1
8 1 - 29 - 0.7232077121734619 1
8 1 - 30 - 0.6677792072296143 1
8 1 - 31 - 0.64573073387146 1
8 1 - 32 - 0.6055433750152588 1
8 1 - 33 - 0.5784604549407959 1
8 1 - 34 - 0.5761082172393799 1
8 1 - 35 - 0.5091507434844971 0
8 1 - 36 - 0.5606262683868408 1
8 1 - 37 - 0.5193450450897217 0
8 1 - 38 - 0.5110738277435303 0
8 1 - 39 - 0.5810809135437012 1
8 1 - 40 - 0.4845132827758789 0
8 1 - 41 - 0.561671257019043 1
8 1 - 42 - 0.561896800994873 1
8 1 - 43 - 0.48948049545288086 0
8 1 - 44 - 0.5776753425598145 1
8 1 - 45 - 0.5675287246704102 1
8 1 - 46 - 0.5304648876190186 1
8 1 - 47 - 0.4518394470214844 0
8 1 - 48 - 0.5966010093688965 1
8 1 - 49 - 0.5331871509552002 1
8 1 - 50 - 0.4675004482269287 0
8 1 - 51 - 0.545276403427124 1
8 1 - 52 - 0.5442967414855957 1
8 1 - 53 - 0.525580883026123 1
8 1 - 54 - 0.5127542018890381 1
8 1 - 55 - 0.4451897144317627 0
8 1 - 56 - 0.5484671592712402 1
8 1 - 57 - 0.5402896404266357 1
8 1 - 58 - 0.5066807270050049 1
8 1 - 59 - 0.5149974822998047 1
8 1 - 60 - 0.4506669044494629 0
8 1 - 61 - 0.5721495151519775 1
8 1 - 62 - 0.5459399223327637 1
8 1 - 63 - 0.5456991195678711 1
8 1 - 64 - 0.5705621242523193 1
8 1 - 65 - 0.525109052658081 1
8 1 - 66 - 0.4355900287628174 0
8 1 - 67 - 0.5413532257080078 1
8 1 - 68 - 0.5225086212158203 1
8 1 - 69 - 0.45153045654296875 0
8 1 - 70 - 0.5103068351745605 1
8 1 - 71 - 0.5060348510742188 1
8 1 - 72 - 0.5148563385009766 1
8 1 - 73 - 0.5215086936950684 1
8 1 - 74 - 0.5116040706634521 1
8 1 - 75 - 0.5034980773925781 1
8 1 - 76 - 0.5081954002380371 1
8 1 - 77 - 0.4895443916320801 1
8 1 - 78 - 0.5089268684387207 1
8 1 - 79 - 0.49057793617248535 1
8 1 - 80 - 0.43468761444091797 0
8 1 - 81 - 0.4927792549133301 1
8 1 - 82 - 0.47647809982299805 1
8 1 - 83 - 0.46688103675842285 1
8 1 - 84 - 0.47882986068725586 1
8 1 - 85 - 0.4299614429473877 0
8 1 - 86 - 0.42398571968078613 0
8 1 - 87 - 0.4981513023376465 1
8 1 - 88 - 0.4895644187927246 1
8 1 - 89 - 0.4278378486633301 0
8 1 - 90 - 0.49849820137023926 1
8 1 - 91 - 0.48449158668518066 1
8 1 - 92 - 0.4578733444213867 0
8 1 - 93 - 0.4912445545196533 1
8 1 - 94 - 0.49536824226379395 1
8 1 - 95 - 0.4970405101776123 1
8 1 - 96 - 0.4585232734680176 0
8 1 - 97 - 0.5127997398376465 1
8 1 - 98 - 0.5230259895324707 1
8 1 - 99 - 0.49454450607299805 1
8 2 - 0 - 0.5869226455688477 1
8 2 - 1 - 0.6061367988586426 1
8 2 - 2 - 0.7062821388244629 1
8 2 - 3 - 0.5891752243041992 1
8 2 - 4 - 0.595853328704834 1
8 2 - 5 - 0.6073591709136963 1
8 2 - 6 - 0.5902931690216064 1
8 2 - 7 - 0.6044626235961914 1
8 2 - 8 - 0.5808746814727783 1
8 2 - 9 - 0.6168396472930908 1
8 2 - 10 - 0.6156597137451172 1
8 2 - 11 - 0.5991702079772949 1
8 2 - 12 - 0.8198881149291992 1
8 2 - 13 - 0.6083090305328369 1
8 2 - 14 - 0.5848608016967773 1
8 2 - 15 - 0.585747480392456 1
8 2 - 16 - 0.5887846946716309 1
8 2 - 17 - 0.5954959392547607 1
8 2 - 18 - 0.6291344165802002 1
8 2 - 19 - 0.5846951007843018 1
8 2 - 20 - 0.5707297325134277 1
8 2 - 21 - 0.5698568820953369 1
8 2 - 22 - 0.6973059177398682 1
8 2 - 23 - 0.655158281326294 1
8 2 - 24 - 0.5771632194519043 1
8 2 - 25 - 0.6588637828826904 1
8 2 - 26 - 0.6468925476074219 1
8 2 - 27 - 0.6311171054840088 1
8 2 - 28 - 0.6313328742980957 1
8 2 - 29 - 0.6336855888366699 1
8 2 - 30 - 0.6456472873687744 1
8 2 - 31 - 0.6457664966583252 1
8 2 - 32 - 0.5805060863494873 1
8 2 - 33 - 0.5735981464385986 1
8 2 - 34 - 0.5639240741729736 1
8 2 - 35 - 0.5726635456085205 1
8 2 - 36 - 0.5716569423675537 1
8 2 - 37 - 0.5719766616821289 1
8 2 - 38 - 0.5481083393096924 1
8 2 - 39 - 0.5904479026794434 1
8 2 - 40 - 0.572213888168335 1
8 2 - 41 - 0.5514132976531982 1
8 2 - 42 - 0.567054033279419 1
8 2 - 43 - 0.5970747470855713 1
8 2 - 44 - 0.57840895652771 1
8 2 - 45 - 0.5958521366119385 1
8 2 - 46 - 0.6054568290710449 1
8 2 - 47 - 0.6010520458221436 1
8 2 - 48 - 0.6320533752441406 1
8 2 - 49 - 0.5538372993469238 1
8 2 - 50 - 0.8301031589508057 1
8 2 - 51 - 0.5819089412689209 1
8 2 - 52 - 0.5525789260864258 1
8 2 - 53 - 0.5940079689025879 1
8 2 - 54 - 0.5777924060821533 1
8 2 - 55 - 0.603851318359375 1
8 2 - 56 - 0.5678727626800537 1
8 2 - 57 - 0.6165969371795654 1
8 2 - 58 - 0.6083559989929199 1
8 2 - 59 - 0.5749061107635498 1
8 2 - 60 - 0.5550746917724609 1
8 2 - 61 - 0.5413439273834229 1
8 2 - 62 - 0.565645694732666 1
8 2 - 63 - 0.5739939212799072 1
8 2 - 64 - 0.5547187328338623 1
8 2 - 65 - 0.5499441623687744 1
8 2 - 66 - 0.5799295902252197 1
8 2 - 67 - 0.5533733367919922 1
8 2 - 68 - 0.536095380783081 1
8 2 - 69 - 0.633469820022583 1
8 2 - 70 - 0.5563428401947021 1
8 2 - 71 - 0.5384674072265625 1
8 2 - 72 - 0.5758938789367676 1
8 2 - 73 - 0.5654714107513428 1
8 2 - 74 - 0.5396184921264648 1
8 2 - 75 - 0.5341336727142334 1
8 2 - 76 - 0.5679364204406738 1
8 2 - 77 - 0.5661764144897461 1
8 2 - 78 - 0.5541772842407227 1
8 2 - 79 - 0.5963866710662842 1
8 2 - 80 - 1.4141082763671875 1
8 2 - 81 - 0.5482478141784668 1
8 2 - 82 - 0.555016279220581 1
8 2 - 83 - 0.5798275470733643 1
8 2 - 84 - 0.6482443809509277 1
8 2 - 85 - 0.5903959274291992 1
8 2 - 86 - 0.5728452205657959 1
8 2 - 87 - 0.5299603939056396 1
8 2 - 88 - 0.5425689220428467 1
8 2 - 89 - 0.5347015857696533 1
8 2 - 90 - 0.5216267108917236 1
8 2 - 91 - 0.5310835838317871 1
8 2 - 92 - 0.5670855045318604 1
8 2 - 93 - 0.527735710144043 1
8 2 - 94 - 0.563793420791626 1
8 2 - 95 - 0.5315032005310059 1
8 2 - 96 - 0.5952084064483643 1
8 2 - 97 - 0.5841922760009766 1
8 2 - 98 - 0.5712885856628418 1
8 2 - 99 - 0.593181848526001 1
8 4 - 0 - 0.802685022354126 1
8 4 - 1 - 0.8498973846435547 1
8 4 - 2 - 0.8845086097717285 1
8 4 - 3 - 2.4704430103302 1
8 4 - 4 - 0.8065776824951172 1
8 4 - 5 - 0.7368431091308594 1
8 4 - 6 - 0.7598135471343994 1
8 4 - 7 - 0.7490410804748535 1
8 4 - 8 - 0.7205240726470947 1
8 4 - 9 - 0.822303056716919 1
8 4 - 10 - 0.9013679027557373 1
8 4 - 11 - 1.091733694076538 1
8 4 - 12 - 0.8465161323547363 1
8 4 - 13 - 0.8059115409851074 1
8 4 - 14 - 0.8153142929077148 1
8 4 - 15 - 0.7803847789764404 1
8 4 - 16 - 0.7712874412536621 1
8 4 - 17 - 0.760930061340332 1
8 4 - 18 - 0.737480640411377 1
8 4 - 19 - 0.9348664283752441 1
8 4 - 20 - 0.803983211517334 1
8 4 - 21 - 0.7752177715301514 1
8 4 - 22 - 0.7777471542358398 1
8 4 - 23 - 0.7535858154296875 1
8 4 - 24 - 0.8149392604827881 1
8 4 - 25 - 0.7920963764190674 1
8 4 - 26 - 0.7160460948944092 1
8 4 - 27 - 0.7223691940307617 1
8 4 - 28 - 0.7375216484069824 1
8 4 - 29 - 0.7118678092956543 1
8 4 - 30 - 0.7727541923522949 1
8 4 - 31 - 0.7719142436981201 1
8 4 - 32 - 0.7621958255767822 1
8 4 - 33 - 0.7443382740020752 1
8 4 - 34 - 0.7468008995056152 1
8 4 - 35 - 0.788623571395874 1
8 4 - 36 - 0.7518577575683594 1
8 4 - 37 - 0.73899245262146 1
8 4 - 38 - 0.8446216583251953 1
8 4 - 39 - 0.7242090702056885 1
8 4 - 40 - 0.7090659141540527 1
8 4 - 41 - 0.7738866806030273 1
8 4 - 42 - 0.7850899696350098 1
8 4 - 43 - 0.7271902561187744 1
8 4 - 44 - 0.745492696762085 1
8 4 - 45 - 0.7134394645690918 1
8 4 - 46 - 0.7045094966888428 1
8 4 - 47 - 0.7263619899749756 1
8 4 - 48 - 0.740816593170166 1
8 4 - 49 - 0.8331778049468994 1
8 4 - 50 - 0.8063366413116455 1
8 4 - 51 - 0.7322466373443604 1
8 4 - 52 - 0.7160391807556152 1
8 4 - 53 - 0.7118871212005615 1
8 4 - 54 - 0.7724430561065674 1
8 4 - 55 - 0.779726505279541 1
8 4 - 56 - 0.7446317672729492 1
8 4 - 57 - 0.742762565612793 1
8 4 - 58 - 0.7653541564941406 1
8 4 - 59 - 0.9083352088928223 1
8 4 - 60 - 1.961111307144165 1
8 4 - 61 - 1.2050154209136963 1
8 4 - 62 - 0.7225544452667236 1
8 4 - 63 - 0.772406816482544 1
8 4 - 64 - 0.7627074718475342 1
8 4 - 65 - 1.0524811744689941 1
8 4 - 66 - 0.7413156032562256 1
8 4 - 67 - 0.8151261806488037 1
8 4 - 68 - 0.7103753089904785 1
8 4 - 69 - 0.8333158493041992 1
8 4 - 70 - 0.7705576419830322 1
8 4 - 71 - 0.7938640117645264 1
8 4 - 72 - 0.7487349510192871 1
8 4 - 73 - 0.7198569774627686 1
8 4 - 74 - 1.0518279075622559 1
8 4 - 75 - 0.867145299911499 1
8 4 - 76 - 0.7818570137023926 1
8 4 - 77 - 0.9105396270751953 1
8 4 - 78 - 0.7491495609283447 1
8 4 - 79 - 0.7066102027893066 1
8 4 - 80 - 0.7787821292877197 1
8 4 - 81 - 0.7121484279632568 1
8 4 - 82 - 0.7226743698120117 1
8 4 - 83 - 0.7381441593170166 1
8 4 - 84 - 0.716850757598877 1
8 4 - 85 - 0.7345130443572998 1
8 4 - 86 - 0.7679991722106934 1
8 4 - 87 - 0.7857415676116943 1
8 4 - 88 - 0.8532717227935791 1
8 4 - 89 - 0.7726738452911377 1
8 4 - 90 - 0.8529634475708008 1
8 4 - 91 - 0.758479118347168 1
8 4 - 92 - 0.8545210361480713 1
8 4 - 93 - 0.7458891868591309 1
8 4 - 94 - 2.402071237564087 1
8 4 - 95 - 0.7508206367492676 1
8 4 - 96 - 0.7081100940704346 1
8 4 - 97 - 0.7952377796173096 1
8 4 - 98 - 0.7517454624176025 1
8 4 - 99 - 0.7423098087310791 1
8 8 - 0 - 1.4213368892669678 1
8 8 - 1 - 1.7035551071166992 1
8 8 - 2 - 1.3467915058135986 1
8 8 - 3 - 2.662867784500122 1
8 8 - 4 - 1.3432230949401855 1
8 8 - 5 - 1.3640458583831787 1
8 8 - 6 - 1.365929365158081 1
8 8 - 7 - 1.5514018535614014 1
8 8 - 8 - 1.4262146949768066 1
8 8 - 9 - 1.504124402999878 1
8 8 - 10 - 1.7770001888275146 1
8 8 - 11 - 1.3250839710235596 1
8 8 - 12 - 1.2736198902130127 1
8 8 - 13 - 1.57576322555542 1
8 8 - 14 - 1.304567575454712 1
8 8 - 15 - 1.2941153049468994 1
8 8 - 16 - 1.504042625427246 1
8 8 - 17 - 1.2808444499969482 1
8 8 - 18 - 1.3632686138153076 1
8 8 - 19 - 1.4578635692596436 1
8 8 - 20 - 1.547118902206421 1
8 8 - 21 - 1.3772075176239014 1
8 8 - 22 - 1.4516053199768066 1
8 8 - 23 - 1.2486071586608887 1
8 8 - 24 - 1.3434853553771973 1
8 8 - 25 - 1.900822401046753 1
8 8 - 26 - 1.851142406463623 1
8 8 - 27 - 1.7347071170806885 1
8 8 - 28 - 1.6154530048370361 1
8 8 - 29 - 1.3213284015655518 1
8 8 - 30 - 1.6425793170928955 1
8 8 - 31 - 1.482248306274414 1
8 8 - 32 - 1.6300592422485352 1
8 8 - 33 - 1.3931217193603516 1
8 8 - 34 - 1.6626489162445068 1
8 8 - 35 - 1.4928326606750488 1
8 8 - 36 - 1.4525935649871826 1
8 8 - 37 - 1.4038538932800293 1
8 8 - 38 - 1.741663932800293 1
8 8 - 39 - 1.4835624694824219 1
8 8 - 40 - 1.808372974395752 1
8 8 - 41 - 4.178714990615845 1
8 8 - 42 - 1.7476108074188232 1
8 8 - 43 - 1.6369993686676025 1
8 8 - 44 - 1.6131319999694824 1
8 8 - 45 - 6.68574595451355 1
8 8 - 46 - 1.5659434795379639 1
8 8 - 47 - 1.583329439163208 1
8 8 - 48 - 1.5813965797424316 1
8 8 - 49 - 1.5796339511871338 1
8 8 - 50 - 2.169022560119629 1
8 8 - 51 - 1.846398115158081 1
8 8 - 52 - 1.7139408588409424 1
8 8 - 53 - 2.247276782989502 1
8 8 - 54 - 2.010429859161377 1
8 8 - 55 - 1.7051758766174316 1
8 8 - 56 - 1.5370993614196777 1
8 8 - 57 - 1.6441841125488281 1
8 8 - 58 - 1.78475022315979 1
8 8 - 59 - 1.6627111434936523 1
8 8 - 60 - 1.6119582653045654 1
8 8 - 61 - 1.6785573959350586 1
8 8 - 62 - 1.6065552234649658 1
8 8 - 63 - 1.4108374118804932 1
8 8 - 64 - 1.506742238998413 1
8 8 - 65 - 1.846555233001709 1
8 8 - 66 - 1.5135090351104736 1
8 8 - 67 - 1.5108816623687744 1
8 8 - 68 - 1.6945466995239258 1
8 8 - 69 - 2.2322144508361816 1
8 8 - 70 - 1.6562540531158447 1
8 8 - 71 - 1.578843593597412 1
8 8 - 72 - 1.4931304454803467 1
8 8 - 73 - 1.704444408416748 1
8 8 - 74 - 2.5604615211486816 1
8 8 - 75 - 1.5578863620758057 1
8 8 - 76 - 1.6621615886688232 1
8 8 - 77 - 1.6175625324249268 1
8 8 - 78 - 1.4832978248596191 1
8 8 - 79 - 1.7590327262878418 1
8 8 - 80 - 1.8700580596923828 1
8 8 - 81 - 1.6254100799560547 1
8 8 - 82 - 1.6474320888519287 1
8 8 - 83 - 1.9386563301086426 1
8 8 - 84 - 2.386932611465454 1
8 8 - 85 - 2.8000948429107666 1
8 8 - 86 - 4.242905855178833 1
8 8 - 87 - 1.513305425643921 1
8 8 - 88 - 2.0370326042175293 1
8 8 - 89 - 2.8846511840820312 1
8 8 - 90 - 1.8887333869934082 1
8 8 - 91 - 5.65731954574585 1
8 8 - 92 - 1.71994948387146 1
8 8 - 93 - 2.0214390754699707 1
8 8 - 94 - 1.8533120155334473 1
8 8 - 95 - 1.6897366046905518 1
8 8 - 96 - 1.7113161087036133 1
8 8 - 97 - 1.6596179008483887 1
8 8 - 98 - 3.345134735107422 1
8 8 - 99 - 1.9452276229858398 1
16 1 - 0 - 1.3372540473937988 0
16 1 - 1 - 1.3609468936920166 1
16 1 - 2 - 1.4541230201721191 1
16 1 - 3 - 1.2960033416748047 0
16 1 - 4 - 1.4299328327178955 1
16 1 - 5 - 1.2861979007720947 0
16 1 - 6 - 1.4531152248382568 1
16 1 - 7 - 1.4466369152069092 1
16 1 - 8 - 1.4235823154449463 1
16 1 - 9 - 1.3118164539337158 0
16 1 - 10 - 1.467155933380127 1
16 1 - 11 - 1.3809947967529297 1
16 1 - 12 - 1.3538987636566162 0
16 1 - 13 - 1.398162841796875 1
16 1 - 14 - 1.5364696979522705 1
16 1 - 15 - 1.3404135704040527 0
16 1 - 16 - 1.583855152130127 1
16 1 - 17 - 1.4221503734588623 1
16 1 - 18 - 1.3580372333526611 0
16 1 - 19 - 1.396381139755249 1
16 1 - 20 - 1.4086511135101318 1
16 1 - 21 - 1.4438157081604004 1
16 1 - 22 - 1.4496040344238281 1
16 1 - 23 - 1.361525535583496 0
16 1 - 24 - 1.4735946655273438 1
16 1 - 25 - 1.4586808681488037 1
16 1 - 26 - 1.2796211242675781 0
16 1 - 27 - 1.4517335891723633 1
16 1 - 28 - 1.469076156616211 1
16 1 - 29 - 1.4339704513549805 1
16 1 - 30 - 1.3491077423095703 0
16 1 - 31 - 1.34700345993042 0
16 1 - 32 - 1.905261754989624 1
16 1 - 33 - 1.295548439025879 0
16 1 - 34 - 1.4227802753448486 1
16 1 - 35 - 1.3176500797271729 0
16 1 - 36 - 1.3670578002929688 0
16 1 - 37 - 1.3139545917510986 0
16 1 - 38 - 1.3723986148834229 0
16 1 - 39 - 1.5001389980316162 1
16 1 - 40 - 1.3926231861114502 0
16 1 - 41 - 1.5351481437683105 1
16 1 - 42 - 1.4245984554290771 1
16 1 - 43 - 1.5276556015014648 1
16 1 - 44 - 1.301720380783081 0
16 1 - 45 - 1.455937147140503 1
16 1 - 46 - 1.420213222503662 1
16 1 - 47 - 1.3228278160095215 0
16 1 - 48 - 1.5961220264434814 1
16 1 - 49 - 1.3087880611419678 0
16 1 - 50 - 1.2586071491241455 0
16 1 - 51 - 2.2691993713378906 1
16 1 - 52 - 1.3874378204345703 1
16 1 - 53 - 1.4167346954345703 1
16 1 - 54 - 1.3098621368408203 0
16 1 - 55 - 1.5066616535186768 1
16 1 - 56 - 1.3075618743896484 0
16 1 - 57 - 1.2840168476104736 0
16 1 - 58 - 1.4268717765808105 1
16 1 - 59 - 1.404270887374878 1
16 1 - 60 - 1.2712550163269043 0
16 1 - 61 - 1.2578647136688232 0
16 1 - 62 - 1.2701210975646973 0
16 1 - 63 - 1.2687616348266602 0
16 1 - 64 - 1.3324215412139893 1
16 1 - 65 - 1.711352825164795 1
16 1 - 66 - 1.3496589660644531 1
16 1 - 67 - 1.3062851428985596 0
16 1 - 68 - 1.494490623474121 1
16 1 - 69 - 1.4748423099517822 1
16 1 - 70 - 1.4409244060516357 1
16 1 - 71 - 1.384688377380371 1
16 1 - 72 - 1.5233516693115234 1
16 1 - 73 - 1.518927812576294 1
16 1 - 74 - 1.3683197498321533 1
16 1 - 75 - 1.3036396503448486 0
16 1 - 76 - 1.4828259944915771 1
16 1 - 77 - 1.2739887237548828 0
16 1 - 78 - 1.2640161514282227 0
16 1 - 79 - 1.2799944877624512 0
16 1 - 80 - 1.464728593826294 1
16 1 - 81 - 1.3946115970611572 1
16 1 - 82 - 1.444812297821045 1
16 1 - 83 - 1.4218616485595703 1
16 1 - 84 - 1.4308602809906006 1
16 1 - 85 - 1.4432308673858643 1
16 1 - 86 - 1.5803592205047607 1
16 1 - 87 - 1.4325170516967773 1
16 1 - 88 - 1.3052330017089844 0
16 1 - 89 - 1.3177695274353027 0
16 1 - 90 - 1.5731728076934814 1
16 1 - 91 - 1.4115707874298096 1
16 1 - 92 - 1.378188133239746 1
16 1 - 93 - 1.3861396312713623 1
16 1 - 94 - 1.4163274765014648 1
16 1 - 95 - 1.3022043704986572 0
16 1 - 96 - 1.3017523288726807 0
16 1 - 97 - 1.4442906379699707 1
16 1 - 98 - 1.4848473072052002 1
16 1 - 99 - 1.5095534324645996 1
16 2 - 0 - 1.6723735332489014 1
16 2 - 1 - 1.5108013153076172 1
16 2 - 2 - 1.620523452758789 1
16 2 - 3 - 1.4875249862670898 1
16 2 - 4 - 1.8308782577514648 1
16 2 - 5 - 1.8238329887390137 1
16 2 - 6 - 1.5827140808105469 1
16 2 - 7 - 1.552370309829712 1
16 2 - 8 - 1.8180108070373535 1
16 2 - 9 - 1.6080858707427979 1
16 2 - 10 - 1.8374488353729248 1
16 2 - 11 - 1.5917251110076904 1
16 2 - 12 - 1.8465015888214111 1
16 2 - 13 - 1.592860221862793 1
16 2 - 14 - 2.3608319759368896 1
16 2 - 15 - 1.6456694602966309 1
16 2 - 16 - 1.7721154689788818 1
16 2 - 17 - 3.4453935623168945 1
16 2 - 18 - 1.6492714881896973 1
16 2 - 19 - 1.6839594841003418 1
16 2 - 20 - 1.6846792697906494 1
16 2 - 21 - 1.697688102722168 1
16 2 - 22 - 1.6538341045379639 1
16 2 - 23 - 1.7805073261260986 1
16 2 - 24 - 1.6857011318206787 1
16 2 - 25 - 1.5153517723083496 1
16 2 - 26 - 1.629112958908081 1
16 2 - 27 - 1.5489072799682617 1
16 2 - 28 - 1.5729632377624512 1
16 2 - 29 - 1.5711963176727295 1
16 2 - 30 - 1.6022753715515137 1
16 2 - 31 - 1.537593126296997 1
16 2 - 32 - 1.5351479053497314 1
16 2 - 33 - 2.236787796020508 1
16 2 - 34 - 1.5817842483520508 1
16 2 - 35 - 1.6061387062072754 1
16 2 - 36 - 1.5730178356170654 1
16 2 - 37 - 1.6300086975097656 1
16 2 - 38 - 1.663644552230835 1
16 2 - 39 - 1.610435962677002 1
16 2 - 40 - 1.6253783702850342 1
16 2 - 41 - 1.715566635131836 1
16 2 - 42 - 1.6364166736602783 1
16 2 - 43 - 1.590116262435913 1
16 2 - 44 - 1.5698583126068115 1
16 2 - 45 - 1.545529842376709 1
16 2 - 46 - 1.8384766578674316 1
16 2 - 47 - 1.7069997787475586 1
16 2 - 48 - 1.6867716312408447 1
16 2 - 49 - 1.7059154510498047 1
16 2 - 50 - 1.5975568294525146 1
16 2 - 51 - 1.543128490447998 1
16 2 - 52 - 1.5760862827301025 1
16 2 - 53 - 1.5827698707580566 1
16 2 - 54 - 1.713714361190796 1
16 2 - 55 - 1.6520862579345703 1
16 2 - 56 - 1.7132744789123535 1
16 2 - 57 - 1.657198190689087 1
16 2 - 58 - 1.6756503582000732 1
16 2 - 59 - 1.7767295837402344 1
16 2 - 60 - 1.673523187637329 1
16 2 - 61 - 1.6536815166473389 1
16 2 - 62 - 1.658520221710205 1
16 2 - 63 - 1.6691961288452148 1
16 2 - 64 - 1.651878833770752 1
16 2 - 65 - 1.5741662979125977 1
16 2 - 66 - 1.7112829685211182 1
16 2 - 67 - 1.721648931503296 1
16 2 - 68 - 1.5546090602874756 1
16 2 - 69 - 1.5827879905700684 1
16 2 - 70 - 2.073582410812378 1
16 2 - 71 - 2.229111909866333 1
16 2 - 72 - 1.6379694938659668 1
16 2 - 73 - 1.5611085891723633 1
16 2 - 74 - 1.62839937210083 1
16 2 - 75 - 1.5795352458953857 1
16 2 - 76 - 1.6158652305603027 1
16 2 - 77 - 1.6661314964294434 1
16 2 - 78 - 1.6492409706115723 1
16 2 - 79 - 1.593782663345337 1
16 2 - 80 - 1.698241949081421 1
16 2 - 81 - 1.63008451461792 1
16 2 - 82 - 1.6413006782531738 1
16 2 - 83 - 1.7875211238861084 1
16 2 - 84 - 1.5302836894989014 1
16 2 - 85 - 1.7725937366485596 1
16 2 - 86 - 1.4676544666290283 1
16 2 - 87 - 1.5187363624572754 1
16 2 - 88 - 1.5548877716064453 1
16 2 - 89 - 1.7705509662628174 1
16 2 - 90 - 1.4818084239959717 1
16 2 - 91 - 1.520442008972168 1
16 2 - 92 - 1.4600484371185303 1
16 2 - 93 - 1.531503438949585 1
16 2 - 94 - 1.494621753692627 1
16 2 - 95 - 2.270982265472412 1
16 2 - 96 - 1.5950534343719482 1
16 2 - 97 - 1.5202772617340088 1
16 2 - 98 - 1.6413824558258057 1
16 2 - 99 - 1.6905434131622314 1
16 4 - 0 - 2.1325817108154297 1
16 4 - 1 - 2.2063393592834473 1
16 4 - 2 - 1.8267567157745361 1
16 4 - 3 - 1.8945724964141846 1
16 4 - 4 - 2.2427966594696045 1
16 4 - 5 - 1.8374738693237305 1
16 4 - 6 - 1.917598009109497 1
16 4 - 7 - 1.8658697605133057 1
16 4 - 8 - 1.9865834712982178 1
16 4 - 9 - 1.9755735397338867 1
16 4 - 10 - 2.120713710784912 1
16 4 - 11 - 1.9508352279663086 1
16 4 - 12 - 2.442753314971924 1
16 4 - 13 - 2.099472761154175 1
16 4 - 14 - 2.1035468578338623 1
16 4 - 15 - 2.0954928398132324 1
16 4 - 16 - 4.209892749786377 1
16 4 - 17 - 2.1889638900756836 1
16 4 - 18 - 2.4107730388641357 1
16 4 - 19 - 2.2493584156036377 1
16 4 - 20 - 2.1094038486480713 1
16 4 - 21 - 2.160296678543091 1
16 4 - 22 - 2.0704116821289062 1
16 4 - 23 - 2.320082664489746 1
16 4 - 24 - 2.1672160625457764 1
16 4 - 25 - 3.315922737121582 1
16 4 - 26 - 2.295849561691284 1
16 4 - 27 - 2.4295156002044678 1
16 4 - 28 - 3.0151162147521973 1
16 4 - 29 - 18.249502658843994 1
16 4 - 30 - 2.1782066822052 1
16 4 - 31 - 7.218616247177124 1
16 4 - 32 - 2.123136043548584 1
16 4 - 33 - 2.154778242111206 1
16 4 - 34 - 2.086921453475952 1
16 4 - 35 - 2.1618404388427734 1
16 4 - 36 - 2.832017660140991 1
16 4 - 37 - 2.169787883758545 1
16 4 - 38 - 5.186357498168945 1
16 4 - 39 - 2.35687518119812 1
16 4 - 40 - 2.648249626159668 1
16 4 - 41 - 2.2959794998168945 1
16 4 - 42 - 2.1625566482543945 1
16 4 - 43 - 2.052513360977173 1
16 4 - 44 - 2.4953861236572266 1
16 4 - 45 - 2.762336254119873 1
16 4 - 46 - 2.162224054336548 1
16 4 - 47 - 2.3267033100128174 1
16 4 - 48 - 2.4646475315093994 1
16 4 - 49 - 2.530426502227783 1
16 4 - 50 - 2.4872593879699707 1
16 4 - 51 - 2.3584017753601074 1
16 4 - 52 - 2.339776039123535 1
16 4 - 53 - 2.4272658824920654 1
16 4 - 54 - 2.5572245121002197 1
16 4 - 55 - 2.6823458671569824 1
16 4 - 56 - 2.589271068572998 1
16 4 - 57 - 2.2185895442962646 1
16 4 - 58 - 2.5782723426818848 1
16 4 - 59 - 2.3123409748077393 1
16 4 - 60 - 2.1938626766204834 1
16 4 - 61 - 2.38017201423645 1
16 4 - 62 - 2.3682167530059814 1
16 4 - 63 - 2.829341173171997 1
16 4 - 64 - 2.3564834594726562 1
16 4 - 65 - 4.41786789894104 1
16 4 - 66 - 2.3850083351135254 1
16 4 - 67 - 2.4161460399627686 1
16 4 - 68 - 2.297872543334961 1
16 4 - 69 - 2.3358983993530273 1
16 4 - 70 - 2.271568775177002 1
16 4 - 71 - 2.2918007373809814 1
16 4 - 72 - 2.2743923664093018 1
16 4 - 73 - 2.332628011703491 1
16 4 - 74 - 2.217604160308838 1
16 4 - 75 - 2.420189142227173 1
16 4 - 76 - 2.3164448738098145 1
16 4 - 77 - 2.360590934753418 1
16 4 - 78 - 2.272401809692383 1
16 4 - 79 - 2.5391294956207275 1
16 4 - 80 - 2.276702880859375 1
16 4 - 81 - 2.7309534549713135 1
16 4 - 82 - 2.3250973224639893 1
16 4 - 83 - 2.1863853931427 1
16 4 - 84 - 2.3035643100738525 1
16 4 - 85 - 2.3442294597625732 1
16 4 - 86 - 2.5744283199310303 1
16 4 - 87 - 2.1829140186309814 1
16 4 - 88 - 2.5053789615631104 1
16 4 - 89 - 3.106315851211548 1
16 4 - 90 - 6.264410972595215 1
16 4 - 91 - 2.049750566482544 1
16 4 - 92 - 2.0258290767669678 1
16 4 - 93 - 1.9919683933258057 1
16 4 - 94 - 2.1139721870422363 1
16 4 - 95 - 2.434272050857544 1
16 4 - 96 - 2.155301332473755 1
16 4 - 97 - 2.1241044998168945 1
16 4 - 98 - 2.2776596546173096 1
16 4 - 99 - 2.1716468334198 1
16 8 - 0 - 2.7522783279418945 1
16 8 - 1 - 2.7787845134735107 1
16 8 - 2 - 3.446983814239502 1
16 8 - 3 - 2.624807834625244 1
16 8 - 4 - 3.0552687644958496 1
16 8 - 5 - 19.463998317718506 1
16 8 - 6 - 3.411574125289917 1
16 8 - 7 - 4.4909656047821045 1
16 8 - 8 - 2.9055960178375244 1
16 8 - 9 - 4.026009798049927 1
16 8 - 10 - 5.08697247505188 1
16 8 - 11 - 2.6016058921813965 1
16 8 - 12 - 2.710810422897339 1
16 8 - 13 - 51.49212884902954 1
16 8 - 14 - 2.690873861312866 1
16 8 - 15 - 2.748772144317627 1
16 8 - 16 - 2.4089293479919434 1
16 8 - 17 - 3.850247859954834 1
16 8 - 18 - 2.6082234382629395 1
16 8 - 19 - 6.329775333404541 1
16 8 - 20 - 2.6854145526885986 1
16 8 - 21 - 4.454240322113037 1
16 8 - 22 - 2.77276349067688 1
16 8 - 23 - 3.3504815101623535 1
16 8 - 24 - 3.3988819122314453 1
16 8 - 25 - 6.532787322998047 1
16 8 - 26 - 4.433218479156494 1
16 8 - 27 - 3.076652765274048 1
16 8 - 28 - 2.436738967895508 1
16 8 - 29 - 3.2710442543029785 1
16 8 - 30 - 2.8161380290985107 1
16 8 - 31 - 9.294072389602661 1
16 8 - 32 - 2.5588414669036865 1
16 8 - 33 - 4.742359161376953 1
16 8 - 34 - 2.448580026626587 1
16 8 - 35 - 26.664250135421753 1
16 8 - 36 - 2.633176326751709 1
16 8 - 37 - 7.429003477096558 1
16 8 - 38 - 4.242037296295166 1
16 8 - 39 - 2.712038278579712 1
16 8 - 40 - 3.531883716583252 1
16 8 - 41 - 2.9349284172058105 1
16 8 - 42 - 2.6277265548706055 1
16 8 - 43 - 3.982515335083008 1
16 8 - 44 - 3.5935938358306885 1
16 8 - 45 - 2.740931510925293 1
16 8 - 46 - 3.181048631668091 1
16 8 - 47 - 2.7951583862304688 1
16 8 - 48 - 3.157698154449463 1
16 8 - 49 - 3.3874902725219727 1
16 8 - 50 - 2.6994848251342773 1
16 8 - 51 - 2.67893648147583 1
16 8 - 52 - 2.656769275665283 1
16 8 - 53 - 3.540041208267212 1
16 8 - 54 - 3.576669216156006 1
16 8 - 55 - 4.724974155426025 1
16 8 - 56 - 7.777866363525391 1
16 8 - 57 - 2.6386196613311768 1
16 8 - 58 - 3.7856171131134033 1
16 8 - 59 - 8.798600673675537 1
16 8 - 60 - 4.042284965515137 1
16 8 - 61 - 99.06761455535889 1
16 8 - 62 - 3.7732043266296387 1
16 8 - 63 - 11.750059127807617 1
16 8 - 64 - 3.0435423851013184 1
16 8 - 65 - 3.8028743267059326 1
16 8 - 66 - 2.4073312282562256 1
16 8 - 67 - 2.6195931434631348 1
16 8 - 68 - 4.659204483032227 1
16 8 - 69 - 2.4820380210876465 1
16 8 - 70 - 2.690521240234375 1
16 8 - 71 - 4.951181650161743 1
16 8 - 72 - 2.6451923847198486 1
16 8 - 73 - 3.531507730484009 1
16 8 - 74 - 2.9737980365753174 1
16 8 - 75 - 3.1940758228302 1
16 8 - 76 - 3.1111621856689453 1
16 8 - 77 - 5.360332012176514 1
16 8 - 78 - 24.455403089523315 1
16 8 - 79 - 3.4664745330810547 1
16 8 - 80 - 4.488897800445557 1
16 8 - 81 - 7.277289628982544 1
16 8 - 82 - 2.866677761077881 1
16 8 - 83 - 6.229599714279175 1
16 8 - 84 - 4.312414169311523 1
16 8 - 85 - 4.792946815490723 1
16 8 - 86 - 7.013248920440674 1
16 8 - 87 - 2.735664129257202 1
16 8 - 88 - 3.3527050018310547 1
16 8 - 89 - 4.597003221511841 1
16 8 - 90 - 2.8059844970703125 1
16 8 - 91 - 2.533695936203003 1
16 8 - 92 - 3.3561322689056396 1
16 8 - 93 - 4.1476216316223145 1
16 8 - 94 - 4.671934366226196 1
16 8 - 95 - 3.084829092025757 1
16 8 - 96 - 7.481388568878174 1
16 8 - 97 - 3.03743577003479 1
16 8 - 98 - 2.785140037536621 1
16 8 - 99 - 4.109435796737671 1
32 1 - 0 - 3.895200252532959 1
32 1 - 1 - 4.071760416030884 1
32 1 - 2 - 4.025897741317749 1
32 1 - 3 - 3.6458396911621094 0
32 1 - 4 - 3.5571823120117188 0
32 1 - 5 - 4.486488342285156 1
32 1 - 6 - 4.472589015960693 0
32 1 - 7 - 3.5723354816436768 0
32 1 - 8 - 3.5817477703094482 0
32 1 - 9 - 4.000736951828003 0
32 1 - 10 - 4.198314428329468 1
32 1 - 11 - 3.556671619415283 0
32 1 - 12 - 3.9987049102783203 0
32 1 - 13 - 3.631185531616211 0
32 1 - 14 - 3.602762460708618 0
32 1 - 15 - 3.9095818996429443 0
32 1 - 16 - 3.9690728187561035 1
32 1 - 17 - 3.587955951690674 0
32 1 - 18 - 3.621711254119873 0
32 1 - 19 - 4.45574426651001 1
32 1 - 20 - 3.968876361846924 1
32 1 - 21 - 3.677877426147461 0
32 1 - 22 - 4.756899833679199 1
32 1 - 23 - 4.520591735839844 1
32 1 - 24 - 3.6435790061950684 0
32 1 - 25 - 3.602574348449707 0
32 1 - 26 - 4.107974529266357 1
32 1 - 27 - 3.720052480697632 0
32 1 - 28 - 4.06628155708313 1
32 1 - 29 - 4.959401369094849 1
32 1 - 30 - 4.049962997436523 0
32 1 - 31 - 4.121784210205078 1
32 1 - 32 - 4.282466888427734 0
32 1 - 33 - 3.9325082302093506 1
32 1 - 34 - 3.875696897506714 1
32 1 - 35 - 4.193332195281982 1
32 1 - 36 - 3.563291549682617 0
32 1 - 37 - 3.747567653656006 0
32 1 - 38 - 4.698599815368652 1
32 1 - 39 - 3.5515239238739014 0
32 1 - 40 - 4.793299674987793 1
32 1 - 41 - 4.018075466156006 0
32 1 - 42 - 3.9450652599334717 1
32 1 - 43 - 4.020509243011475 1
32 1 - 44 - 4.376788377761841 0
32 1 - 45 - 3.5774264335632324 0
32 1 - 46 - 5.079599380493164 1
32 1 - 47 - 3.5869345664978027 0
32 1 - 48 - 3.864556312561035 0
32 1 - 49 - 3.8424925804138184 0
32 1 - 50 - 3.961087703704834 1
32 1 - 51 - 3.576537609100342 0
32 1 - 52 - 3.568438768386841 0
32 1 - 53 - 3.8639047145843506 0
32 1 - 54 - 3.860318899154663 0
32 1 - 55 - 3.919818878173828 1
32 1 - 56 - 4.118727922439575 1
32 1 - 57 - 3.9617271423339844 1
32 1 - 58 - 4.151566982269287 1
32 1 - 59 - 3.782827615737915 0
32 1 - 60 - 3.6950247287750244 0
32 1 - 61 - 4.059901475906372 1
32 1 - 62 - 4.294658899307251 1
32 1 - 63 - 3.9991962909698486 1
32 1 - 64 - 4.07622766494751 1
32 1 - 65 - 4.045410633087158 1
32 1 - 66 - 3.827350378036499 1
32 1 - 67 - 3.853482484817505 1
32 1 - 68 - 3.5232808589935303 0
32 1 - 69 - 3.5287108421325684 0
32 1 - 70 - 3.784777879714966 1
32 1 - 71 - 3.7072062492370605 0
32 1 - 72 - 4.179372072219849 1
32 1 - 73 - 3.757368326187134 0
32 1 - 74 - 3.8310844898223877 0
32 1 - 75 - 3.9172980785369873 1
32 1 - 76 - 3.52010178565979 0
32 1 - 77 - 3.5212368965148926 0
32 1 - 78 - 3.5171525478363037 0
32 1 - 79 - 3.998584032058716 1
32 1 - 80 - 3.5308659076690674 0
32 1 - 81 - 4.329735517501831 1
32 1 - 82 - 3.566167116165161 0
32 1 - 83 - 3.97450590133667 0
32 1 - 84 - 4.096693515777588 1
32 1 - 85 - 3.898447036743164 1
32 1 - 86 - 3.536625385284424 0
32 1 - 87 - 3.8194379806518555 1
32 1 - 88 - 4.102266550064087 1
32 1 - 89 - 3.9995534420013428 0
32 1 - 90 - 4.020127534866333 1
32 1 - 91 - 3.830622911453247 1
32 1 - 92 - 3.949068546295166 0
32 1 - 93 - 3.5647597312927246 0
32 1 - 94 - 5.353877782821655 1
32 1 - 95 - 3.553740978240967 0
32 1 - 96 - 3.575934886932373 0
32 1 - 97 - 3.5564606189727783 0
32 1 - 98 - 3.8376054763793945 1
32 1 - 99 - 3.8543314933776855 1
32 2 - 0 - 5.620073080062866 1
32 2 - 1 - 5.887368202209473 1
32 2 - 2 - 4.46550989151001 1
32 2 - 3 - 4.7073915004730225 1
32 2 - 4 - 4.443345785140991 1
32 2 - 5 - 5.633883714675903 1
32 2 - 6 - 4.8851540088653564 1
32 2 - 7 - 4.272705554962158 1
32 2 - 8 - 4.744755506515503 1
32 2 - 9 - 4.261721849441528 1
32 2 - 10 - 4.4924843311309814 1
32 2 - 11 - 4.4996044635772705 1
32 2 - 12 - 4.431637763977051 0
32 2 - 13 - 5.42388391494751 1
32 2 - 14 - 5.014167547225952 1
32 2 - 15 - 4.393913269042969 1
32 2 - 16 - 7.135382413864136 1
32 2 - 17 - 5.113361597061157 0
32 2 - 18 - 4.775269269943237 1
32 2 - 19 - 6.223595142364502 1
32 2 - 20 - 6.863209962844849 1
32 2 - 21 - 4.267239570617676 1
32 2 - 22 - 4.749327659606934 1
32 2 - 23 - 4.627861499786377 1
32 2 - 24 - 5.464712142944336 1
32 2 - 25 - 4.241842269897461 1
32 2 - 26 - 4.8325324058532715 1
32 2 - 27 - 4.9462504386901855 1
32 2 - 28 - 4.786650657653809 1
32 2 - 29 - 4.7361369132995605 1
32 2 - 30 - 5.569959402084351 1
32 2 - 31 - 5.337293863296509 1
32 2 - 32 - 4.55998158454895 1
32 2 - 33 - 4.942694425582886 1
32 2 - 34 - 4.18096661567688 1
32 2 - 35 - 4.473967552185059 1
32 2 - 36 - 4.828739404678345 1
32 2 - 37 - 5.409265518188477 1
32 2 - 38 - 4.971727609634399 1
32 2 - 39 - 4.309391021728516 1
32 2 - 40 - 5.6142096519470215 1
32 2 - 41 - 4.658767223358154 1
32 2 - 42 - 4.570105314254761 1
32 2 - 43 - 4.433801651000977 1
32 2 - 44 - 4.2816321849823 1
32 2 - 45 - 5.548136472702026 1
32 2 - 46 - 5.232225179672241 1
32 2 - 47 - 4.169032096862793 1
32 2 - 48 - 4.570582151412964 1
32 2 - 49 - 4.634109735488892 1
32 2 - 50 - 4.617664575576782 1
32 2 - 51 - 4.704397916793823 1
32 2 - 52 - 5.105497598648071 1
32 2 - 53 - 4.80527925491333 1
32 2 - 54 - 4.891387462615967 1
32 2 - 55 - 4.38982081413269 1
32 2 - 56 - 4.5753045082092285 1
32 2 - 57 - 4.4947028160095215 1
32 2 - 58 - 6.042794227600098 1
32 2 - 59 - 4.851848840713501 1
32 2 - 60 - 5.084683895111084 1
32 2 - 61 - 5.046982765197754 1
32 2 - 62 - 5.636452674865723 1
32 2 - 63 - 4.437005043029785 1
32 2 - 64 - 4.802719831466675 1
32 2 - 65 - 4.2474188804626465 1
32 2 - 66 - 4.334824085235596 1
32 2 - 67 - 5.498878240585327 1
32 2 - 68 - 4.330337047576904 1
32 2 - 69 - 4.426136493682861 1
32 2 - 70 - 4.384526014328003 1
32 2 - 71 - 4.44570255279541 1
32 2 - 72 - 4.954026222229004 1
32 2 - 73 - 5.114800691604614 1
32 2 - 74 - 4.254670143127441 1
32 2 - 75 - 8.81765604019165 1
32 2 - 76 - 4.17918062210083 1
32 2 - 77 - 4.801744699478149 1
32 2 - 78 - 9.681704759597778 1
32 2 - 79 - 4.663160800933838 1
32 2 - 80 - 5.083188056945801 1
32 2 - 81 - 5.486404180526733 1
32 2 - 82 - 4.619395017623901 1
32 2 - 83 - 4.900341749191284 1
32 2 - 84 - 5.193700313568115 1
32 2 - 85 - 4.4418559074401855 1
32 2 - 86 - 4.585770130157471 1
32 2 - 87 - 5.5010292530059814 1
32 2 - 88 - 4.584831953048706 1
32 2 - 89 - 4.595673084259033 1
32 2 - 90 - 5.702564001083374 1
32 2 - 91 - 4.2239906787872314 1
32 2 - 92 - 5.514305591583252 1
32 2 - 93 - 4.515059232711792 1
32 2 - 94 - 6.394839525222778 1
32 2 - 95 - 4.559671401977539 1
32 2 - 96 - 4.238888502120972 1
32 2 - 97 - 3.9842517375946045 0
32 2 - 98 - 6.083160161972046 1
32 2 - 99 - 4.51696515083313 1
32 4 - 0 - 5.497290849685669 1
32 4 - 1 - 5.272246837615967 1
32 4 - 2 - 5.623255968093872 1
32 4 - 3 - 6.15088963508606 1
32 4 - 4 - 6.128140449523926 1
32 4 - 5 - 6.851687669754028 1
32 4 - 6 - 5.777258634567261 1
32 4 - 7 - 5.513309717178345 1
32 4 - 8 - 6.785743474960327 1
32 4 - 9 - 5.731239557266235 1
32 4 - 10 - 5.925508975982666 1
32 4 - 11 - 5.157950401306152 1
32 4 - 12 - 7.182542562484741 1
32 4 - 13 - 5.472590684890747 1
32 4 - 14 - 5.522470474243164 1
32 4 - 15 - 6.295714855194092 1
32 4 - 16 - 5.311774253845215 1
32 4 - 17 - 5.158608675003052 1
32 4 - 18 - 5.162816762924194 1
32 4 - 19 - 5.713691234588623 1
32 4 - 20 - 5.414390802383423 1
32 4 - 21 - 4.967667818069458 1
32 4 - 22 - 6.279577255249023 1
32 4 - 23 - 5.827890634536743 1
32 4 - 24 - 5.685372352600098 1
32 4 - 25 - 5.1160805225372314 1
32 4 - 26 - 8.074910163879395 1
32 4 - 27 - 7.726358413696289 1
32 4 - 28 - 6.304372787475586 1
32 4 - 29 - 6.749624013900757 1
32 4 - 30 - 6.109780550003052 1
32 4 - 31 - 6.05639386177063 1
32 4 - 32 - 6.381006479263306 1
32 4 - 33 - 6.205296993255615 1
32 4 - 34 - 15.316252708435059 1
32 4 - 35 - 5.2405478954315186 1
32 4 - 36 - 9.793951272964478 1
32 4 - 37 - 6.068470001220703 1
32 4 - 38 - 5.029099941253662 1
32 4 - 39 - 7.852910757064819 1
32 4 - 40 - 5.588727235794067 1
32 4 - 41 - 6.784543752670288 1
32 4 - 42 - 5.934431552886963 1
32 4 - 43 - 5.227319717407227 1
32 4 - 44 - 5.451658248901367 1
32 4 - 45 - 7.1015119552612305 1
32 4 - 46 - 6.612443208694458 1
32 4 - 47 - 5.974115610122681 1
32 4 - 48 - 5.564398527145386 1
32 4 - 49 - 6.30301308631897 1
32 4 - 50 - 6.249813556671143 1
32 4 - 51 - 5.574375867843628 1
32 4 - 52 - 6.329565048217773 1
32 4 - 53 - 5.260421991348267 1
32 4 - 54 - 5.077973127365112 1
32 4 - 55 - 4.980017423629761 1
32 4 - 56 - 9.114699125289917 1
32 4 - 57 - 5.699275016784668 1
32 4 - 58 - 6.542094707489014 1
32 4 - 59 - 5.433105230331421 1
32 4 - 60 - 5.336300849914551 1
32 4 - 61 - 5.577897548675537 1
32 4 - 62 - 5.191053152084351 1
32 4 - 63 - 4.842036724090576 1
32 4 - 64 - 7.475067615509033 1
32 4 - 65 - 13.465036153793335 1
32 4 - 66 - 5.30790114402771 1
32 4 - 67 - 6.457610130310059 1
32 4 - 68 - 5.361112833023071 1
32 4 - 69 - 6.185621976852417 1
32 4 - 70 - 5.4021830558776855 1
32 4 - 71 - 5.32925009727478 1
32 4 - 72 - 5.3014140129089355 1
32 4 - 73 - 5.213033437728882 1
32 4 - 74 - 5.759413957595825 1
32 4 - 75 - 5.414139986038208 1
32 4 - 76 - 5.336524724960327 1
32 4 - 77 - 12.373481273651123 1
32 4 - 78 - 5.683405637741089 1
32 4 - 79 - 5.695677280426025 1
32 4 - 80 - 7.3399412631988525 1
32 4 - 81 - 8.876890420913696 1
32 4 - 82 - 5.775439262390137 1
32 4 - 83 - 6.1708433628082275 1
32 4 - 84 - 8.55463719367981 1
32 4 - 85 - 5.865396499633789 1
32 4 - 86 - 5.530170679092407 1
32 4 - 87 - 6.35614013671875 1
32 4 - 88 - 32.831331729888916 1
32 4 - 89 - 5.696259021759033 1
32 4 - 90 - 6.46306586265564 1
32 4 - 91 - 6.628261089324951 1
32 4 - 92 - 5.136564254760742 1
32 4 - 93 - 5.464632987976074 1
32 4 - 94 - 5.378808259963989 1
32 4 - 95 - 5.566286325454712 1
32 4 - 96 - 5.95541787147522 1
32 4 - 97 - 6.1033935546875 1
32 4 - 98 - 7.994780540466309 1
32 4 - 99 - 5.269084453582764 1
32 8 - 0 - 15.780748128890991 1
32 8 - 1 - 9.863139867782593 1
32 8 - 2 - 10.862301111221313 1
32 8 - 3 - 11.365156412124634 1
32 8 - 4 - 15.238290071487427 1
32 8 - 5 - 9.757646083831787 1
32 8 - 6 - 12.758216381072998 1
32 8 - 7 - 12.062074661254883 1
32 8 - 8 - 9.598416805267334 1
32 8 - 9 - 19.53261423110962 1
32 8 - 10 - 9.91449522972107 1
32 8 - 11 - 10.938982248306274 1
32 8 - 12 - 13.547458171844482 1
32 8 - 13 - 12.918565034866333 1
32 8 - 14 - 14.29092025756836 1
32 8 - 15 - 8.786389589309692 1
32 8 - 16 - 15.303768396377563 1
32 8 - 17 - 10.077433347702026 1
32 8 - 18 - 15.836650133132935 1
32 8 - 19 - 12.67824912071228 1
32 8 - 20 - 10.632903575897217 1
32 8 - 21 - 9.513162851333618 1
32 8 - 22 - 13.1873037815094 1
32 8 - 23 - 11.911430835723877 1
32 8 - 24 - 9.61583161354065 1
32 8 - 25 - 8.99705696105957 1
32 8 - 26 - 9.575678586959839 1
32 8 - 27 - 8.634917497634888 1
32 8 - 28 - 14.330827236175537 1
32 8 - 29 - 13.780834674835205 1
32 8 - 30 - 12.369377374649048 1
32 8 - 31 - 14.675721406936646 1
32 8 - 32 - 9.269989967346191 1
32 8 - 33 - 8.905677556991577 1
32 8 - 34 - 21.7621328830719 1
32 8 - 35 - 11.976797103881836 1
32 8 - 36 - 14.81897234916687 1
32 8 - 37 - 8.39863109588623 1
32 8 - 38 - 20.83713936805725 1
32 8 - 39 - 13.507511854171753 1
32 8 - 40 - 10.854406356811523 1
32 8 - 41 - 16.52706813812256 1
32 8 - 42 - 10.240915536880493 1
32 8 - 43 - 9.948072910308838 1
32 8 - 44 - 9.592509269714355 1
32 8 - 45 - 17.068164587020874 1
32 8 - 46 - 20.001883506774902 1
32 8 - 47 - 12.405694246292114 1
32 8 - 48 - 12.432634353637695 1
32 8 - 49 - 13.663500785827637 1
32 8 - 50 - 84.62229990959167 1
32 8 - 51 - 10.28832745552063 1
32 8 - 52 - 10.735894203186035 1
32 8 - 53 - 10.355894804000854 1
32 8 - 54 - 15.157656908035278 1
32 8 - 55 - 16.884880542755127 1
32 8 - 56 - 15.52307391166687 1
32 8 - 57 - 70.19564294815063 1
32 8 - 58 - 79.4209041595459 1
32 8 - 57 - 9.021591424942017 1
32 8 - 58 - 7.581373929977417 1
32 8 - 59 - 10.143229007720947 1
32 8 - 60 - 12.973411798477173 1
32 8 - 61 - 22.029770851135254 1
32 8 - 62 - 8.910213232040405 1
32 8 - 63 - 10.304363489151001 1
32 8 - 64 - 13.398786783218384 1
32 8 - 65 - 9.415140151977539 1
32 8 - 66 - 8.422791719436646 1
32 8 - 67 - 27.917484521865845 1
32 8 - 68 - 7.998013734817505 1
32 8 - 69 - 16.344340801239014 1
32 8 - 70 - 9.046822547912598 1
