D: 16 1 1 1 1 - 0.07788348197937012 0
D: 16 1 1 1 2 - 0.07890176773071289 0
D: 16 1 1 1 4 - 0.07857632637023926 0
D: 16 1 1 1 8 - 0.07951807975769043 0
D: 16 1 1 1 16 - 0.07956647872924805 0
D: 16 1 1 2 2 - 0.07996249198913574 0
D: 16 1 1 2 4 - 0.07524490356445312 0
D: 16 1 1 2 8 - 0.07756900787353516 0
D: 16 1 1 2 16 - 0.07988834381103516 0
D: 16 1 1 4 4 - 0.07862257957458496 0
D: 16 1 1 4 8 - 0.07533073425292969 0
D: 16 1 1 4 16 - 0.0800468921661377 0
D: 16 1 1 8 8 - 0.08052325248718262 0
D: 16 1 1 8 16 - 0.08147788047790527 0
D: 16 1 1 16 16 - 0.07858586311340332 0
D: 16 2 1 1 1 - 0.08467364311218262 1
D: 16 2 1 1 2 - 0.08462071418762207 1
D: 16 2 1 1 4 - 0.10302472114562988 1
D: 16 2 1 1 8 - 0.082427978515625 1
D: 16 2 1 1 16 - 0.08128213882446289 1
D: 16 2 1 2 2 - 0.07939791679382324 1
D: 16 2 1 2 4 - 0.0793147087097168 1
D: 16 2 1 2 8 - 0.07878375053405762 1
D: 16 2 1 2 16 - 0.07996416091918945 1
D: 16 2 1 4 4 - 0.08152389526367188 1
D: 16 2 1 4 8 - 0.08014583587646484 1
D: 16 2 1 4 16 - 0.07985711097717285 1
D: 16 2 1 8 8 - 0.0815727710723877 1
D: 16 2 1 8 16 - 0.08026742935180664 1
D: 16 2 1 16 16 - 0.08002853393554688 1
D: 16 2 2 1 1 - 0.08086585998535156 1
D: 16 2 2 1 2 - 0.0822608470916748 1
D: 16 2 2 1 4 - 0.07849383354187012 1
D: 16 2 2 1 8 - 0.08329033851623535 1
D: 16 2 2 2 2 - 0.08391237258911133 1
D: 16 2 2 2 4 - 0.0800480842590332 1
D: 16 2 2 2 8 - 0.09036445617675781 1
D: 16 2 2 4 4 - 0.08675718307495117 1
D: 16 2 2 4 8 - 0.08576631546020508 1
D: 16 2 2 8 8 - 0.08857345581054688 1
D: 16 4 1 1 1 - 0.09275960922241211 1
D: 16 4 1 1 2 - 0.09456706047058105 1
D: 16 4 1 1 4 - 0.09833669662475586 1
D: 16 4 1 1 8 - 0.08960866928100586 1
D: 16 4 1 1 16 - 0.09012031555175781 1
D: 16 4 1 2 2 - 0.08988523483276367 1
D: 16 4 1 2 4 - 0.08991241455078125 1
D: 16 4 1 2 8 - 0.08999276161193848 1
D: 16 4 1 2 16 - 0.09160184860229492 1
D: 16 4 1 4 4 - 0.08983659744262695 1
D: 16 4 1 4 8 - 0.08993029594421387 1
D: 16 4 1 4 16 - 0.09105277061462402 1
D: 16 4 1 8 8 - 0.09343600273132324 1
D: 16 4 1 8 16 - 0.09048581123352051 1
D: 16 4 1 16 16 - 0.0904994010925293 1
D: 16 4 2 1 1 - 0.08992815017700195 1
D: 16 4 2 1 2 - 0.08886241912841797 1
D: 16 4 2 1 4 - 0.08888626098632812 1
D: 16 4 2 1 8 - 0.10018181800842285 1
D: 16 4 2 2 2 - 0.09578108787536621 1
D: 16 4 2 2 4 - 0.08939528465270996 1
D: 16 4 2 2 8 - 0.09003949165344238 1
D: 16 4 2 4 4 - 0.09059786796569824 1
D: 16 4 2 4 8 - 0.09309267997741699 1
D: 16 4 2 8 8 - 0.09320259094238281 1
D: 16 4 4 1 1 - 0.09090852737426758 1
D: 16 4 4 1 2 - 0.08978080749511719 1
D: 16 4 4 1 4 - 0.08994841575622559 1
D: 16 4 4 2 2 - 0.09049391746520996 1
D: 16 4 4 2 4 - 0.09320068359375 1
D: 16 4 4 4 4 - 0.09157299995422363 1
D: 32 1 1 1 1 - 0.08647441864013672 1
D: 32 1 1 1 2 - 0.08234477043151855 1
D: 32 1 1 1 4 - 0.08638262748718262 1
D: 32 1 1 1 8 - 0.08113384246826172 1
D: 32 1 1 1 16 - 0.08181095123291016 1
D: 32 1 1 1 32 - 0.07542061805725098 1
D: 32 1 1 2 2 - 0.07700634002685547 1
D: 32 1 1 2 4 - 0.08208560943603516 0
D: 32 1 1 2 8 - 0.07350349426269531 1
D: 32 1 1 2 16 - 0.07435894012451172 1
D: 32 1 1 2 32 - 0.07406783103942871 0
D: 32 1 1 4 4 - 0.08274674415588379 1
D: 32 1 1 4 8 - 0.07905411720275879 1
D: 32 1 1 4 16 - 0.07520437240600586 1
D: 32 1 1 4 32 - 0.07442474365234375 1
D: 32 1 1 8 8 - 0.07585430145263672 1
D: 32 1 1 8 16 - 0.07703185081481934 1
D: 32 1 1 8 32 - 0.07577633857727051 1
D: 32 1 1 16 16 - 0.07583904266357422 1
D: 32 1 1 16 32 - 0.07634806632995605 0
D: 32 1 1 32 32 - 0.07532429695129395 1
D: 32 2 1 1 1 - 0.0815572738647461 1
D: 32 2 1 1 2 - 0.08139705657958984 1
D: 32 2 1 1 4 - 0.08638787269592285 1
D: 32 2 1 1 8 - 0.08135032653808594 1
D: 32 2 1 1 16 - 0.08096623420715332 1
D: 32 2 1 1 32 - 0.08386516571044922 1
D: 32 2 1 2 2 - 0.08286356925964355 1
D: 32 2 1 2 4 - 0.08283066749572754 1
D: 32 2 1 2 8 - 0.08155059814453125 1
D: 32 2 1 2 16 - 0.07982730865478516 1
D: 32 2 1 2 32 - 0.08074188232421875 1
D: 32 2 1 4 4 - 0.07966327667236328 1
D: 32 2 1 4 8 - 0.08022522926330566 1
D: 32 2 1 4 16 - 0.07956242561340332 1
D: 32 2 1 4 32 - 0.0807809829711914 1
D: 32 2 1 8 8 - 0.0811758041381836 1
D: 32 2 1 8 16 - 0.08140754699707031 1
D: 32 2 1 8 32 - 0.08057355880737305 1
D: 32 2 1 16 16 - 0.08196139335632324 1
D: 32 2 1 16 32 - 0.08248567581176758 1
D: 32 2 1 32 32 - 0.08545303344726562 1
D: 32 2 2 1 1 - 0.07972478866577148 1
D: 32 2 2 1 2 - 0.07933354377746582 1
D: 32 2 2 1 4 - 0.08006095886230469 1
D: 32 2 2 1 8 - 0.08333730697631836 1
D: 32 2 2 1 16 - 0.08112144470214844 1
D: 32 2 2 2 2 - 0.08192586898803711 1
D: 32 2 2 2 4 - 0.08337855339050293 1
D: 32 2 2 2 8 - 0.0799417495727539 1
D: 32 2 2 2 16 - 0.08259773254394531 1
D: 32 2 2 4 4 - 0.08021712303161621 1
D: 32 2 2 4 8 - 0.08092689514160156 1
D: 32 2 2 4 16 - 0.08250546455383301 1
D: 32 2 2 8 8 - 0.08148407936096191 1
D: 32 2 2 8 16 - 0.08131194114685059 1
D: 32 2 2 16 16 - 0.07895565032958984 1
D: 32 4 1 1 1 - 0.0924522876739502 1
D: 32 4 1 1 2 - 0.08894991874694824 1
D: 32 4 1 1 4 - 0.09237861633300781 1
D: 32 4 1 1 8 - 0.08947992324829102 1
D: 32 4 1 1 16 - 0.09038257598876953 1
D: 32 4 1 1 32 - 0.08916831016540527 1
D: 32 4 1 2 2 - 0.09011721611022949 1
D: 32 4 1 2 4 - 0.09257268905639648 1
D: 32 4 1 2 8 - 0.09531617164611816 1
D: 32 4 1 2 16 - 0.09791159629821777 1
D: 32 4 1 2 32 - 0.08970069885253906 1
D: 32 4 1 4 4 - 0.09225249290466309 1
D: 32 4 1 4 8 - 0.0957636833190918 1
D: 32 4 1 4 16 - 0.09420275688171387 1
D: 32 4 1 4 32 - 0.09065461158752441 1
D: 32 4 1 8 8 - 0.09054183959960938 1
D: 32 4 1 8 16 - 0.1076960563659668 1
D: 32 4 1 8 32 - 0.09452962875366211 1
D: 32 4 1 16 16 - 0.10135293006896973 1
D: 32 4 1 16 32 - 0.09902215003967285 1
D: 32 4 1 32 32 - 0.09167981147766113 1
D: 32 4 2 1 1 - 0.09018516540527344 1
D: 32 4 2 1 2 - 0.08967232704162598 1
D: 32 4 2 1 4 - 0.09503293037414551 1
D: 32 4 2 1 8 - 0.10109233856201172 1
D: 32 4 2 1 16 - 0.09916853904724121 1
D: 32 4 2 2 2 - 0.0903010368347168 1
D: 32 4 2 2 4 - 0.0921318531036377 1
D: 32 4 2 2 8 - 0.10368824005126953 1
D: 32 4 2 2 16 - 0.09224748611450195 1
D: 32 4 2 4 4 - 0.09971928596496582 1
D: 32 4 2 4 8 - 0.08952713012695312 1
D: 32 4 2 4 16 - 0.08922576904296875 1
D: 32 4 2 8 8 - 0.09580588340759277 1
D: 32 4 2 8 16 - 0.08964657783508301 1
D: 32 4 2 16 16 - 0.09749412536621094 1
D: 32 4 4 1 1 - 0.09616851806640625 1
D: 32 4 4 1 2 - 0.08932638168334961 1
D: 32 4 4 1 4 - 0.09103512763977051 1
D: 32 4 4 1 8 - 0.09092497825622559 1
D: 32 4 4 2 2 - 0.09250426292419434 1
D: 32 4 4 2 4 - 0.09716558456420898 1
D: 32 4 4 2 8 - 0.09162664413452148 1
D: 32 4 4 4 4 - 0.08944272994995117 1
D: 32 4 4 4 8 - 0.09640240669250488 1
D: 32 4 4 8 8 - 0.09450745582580566 1
D: 32 8 1 1 1 - 0.11303329467773438 1
D: 32 8 1 1 2 - 0.11206698417663574 1
D: 32 8 1 1 4 - 0.11335039138793945 1
D: 32 8 1 1 8 - 0.1199040412902832 1
D: 32 8 1 1 16 - 0.10800385475158691 1
D: 32 8 1 1 32 - 0.1262834072113037 1
D: 32 8 1 2 2 - 0.11382675170898438 1
D: 32 8 1 2 4 - 0.11258673667907715 1
D: 32 8 1 2 8 - 0.1116950511932373 1
D: 32 8 1 2 16 - 0.11294293403625488 1
D: 32 8 1 2 32 - 0.10835742950439453 1
D: 32 8 1 4 4 - 0.1248788833618164 1
D: 32 8 1 4 8 - 0.11681628227233887 1
D: 32 8 1 4 16 - 0.12663650512695312 1
D: 32 8 1 4 32 - 0.11700439453125 1
D: 32 8 1 8 8 - 0.11783528327941895 1
D: 32 8 1 8 16 - 0.11542916297912598 1
D: 32 8 1 8 32 - 0.11409902572631836 1
D: 32 8 1 16 16 - 0.1197974681854248 1
D: 32 8 1 16 32 - 0.11246609687805176 1
D: 32 8 1 32 32 - 0.11250567436218262 1
D: 32 8 2 1 1 - 0.1113595962524414 1
D: 32 8 2 1 2 - 0.10928082466125488 1
D: 32 8 2 1 4 - 0.11047768592834473 1
D: 32 8 2 1 8 - 0.11025071144104004 1
D: 32 8 2 1 16 - 0.11138367652893066 1
D: 32 8 2 2 2 - 0.1157524585723877 1
D: 32 8 2 2 4 - 0.10826492309570312 1
D: 32 8 2 2 8 - 0.10956573486328125 1
D: 32 8 2 2 16 - 0.11094546318054199 1
D: 32 8 2 4 4 - 0.10954856872558594 1
D: 32 8 2 4 8 - 0.10859251022338867 1
D: 32 8 2 4 16 - 0.10895586013793945 1
D: 32 8 2 8 8 - 0.10975265502929688 1
D: 32 8 2 8 16 - 0.12011241912841797 1
D: 32 8 2 16 16 - 0.11686468124389648 1
D: 32 8 4 1 1 - 0.11368560791015625 1
D: 32 8 4 1 2 - 0.11467480659484863 1
D: 32 8 4 1 4 - 0.11639881134033203 1
D: 32 8 4 1 8 - 0.11004090309143066 1
D: 32 8 4 2 2 - 0.10990166664123535 1
D: 32 8 4 2 4 - 0.10954165458679199 1
D: 32 8 4 2 8 - 0.1086125373840332 1
D: 32 8 4 4 4 - 0.11244440078735352 1
D: 32 8 4 4 8 - 0.11565351486206055 1
D: 32 8 4 8 8 - 0.12102913856506348 1
D: 32 8 8 1 1 - 0.11068916320800781 1
D: 32 8 8 1 2 - 0.11943888664245605 1
D: 32 8 8 1 4 - 0.11754679679870605 1
D: 32 8 8 2 2 - 0.1174619197845459 1
D: 32 8 8 2 4 - 0.10938620567321777 1
D: 32 8 8 4 4 - 0.11252355575561523 1
D: 64 1 1 1 1 - 0.07392573356628418 0
D: 64 1 1 1 2 - 0.07521843910217285 1
D: 64 1 1 1 4 - 0.07430362701416016 0
D: 64 1 1 1 8 - 0.08254504203796387 1
D: 64 1 1 1 16 - 0.08018875122070312 0
D: 64 1 1 1 32 - 0.07645463943481445 1
D: 64 1 1 1 64 - 0.07613158226013184 1
D: 64 1 1 2 2 - 0.07830119132995605 0
D: 64 1 1 2 4 - 0.08007287979125977 0
D: 64 1 1 2 8 - 0.0802907943725586 1
D: 64 1 1 2 16 - 0.07836294174194336 0
D: 64 1 1 2 32 - 0.07401823997497559 1
D: 64 1 1 2 64 - 0.0751197338104248 1
D: 64 1 1 4 4 - 0.07551074028015137 0
D: 64 1 1 4 8 - 0.07454919815063477 1
D: 64 1 1 4 16 - 0.07918834686279297 0
D: 64 1 1 4 32 - 0.07459163665771484 1
D: 64 1 1 4 64 - 0.07982897758483887 0
D: 64 1 1 8 8 - 0.0773768424987793 1
D: 64 1 1 8 16 - 0.07746028900146484 0
D: 64 1 1 8 32 - 0.07585740089416504 1
D: 64 1 1 8 64 - 0.07545185089111328 1
D: 64 1 1 16 16 - 0.07445740699768066 0
D: 64 1 1 16 32 - 0.07558894157409668 1
D: 64 1 1 16 64 - 0.07437372207641602 1
D: 64 1 1 32 32 - 0.07815194129943848 1
D: 64 1 1 32 64 - 0.08185935020446777 0
D: 64 1 1 64 64 - 0.07656335830688477 1
D: 64 2 1 1 1 - 0.07949542999267578 1
D: 64 2 1 1 2 - 0.08106613159179688 1
D: 64 2 1 1 4 - 0.08354830741882324 1
D: 64 2 1 1 8 - 0.08186721801757812 1
D: 64 2 1 1 16 - 0.08147692680358887 1
D: 64 2 1 1 32 - 0.08179306983947754 1
D: 64 2 1 1 64 - 0.08170151710510254 1
D: 64 2 1 2 2 - 0.08151698112487793 1
D: 64 2 1 2 4 - 0.08089017868041992 1
D: 64 2 1 2 8 - 0.08585906028747559 1
D: 64 2 1 2 16 - 0.08014464378356934 1
D: 64 2 1 2 32 - 0.0799260139465332 1
D: 64 2 1 2 64 - 0.07979011535644531 1
D: 64 2 1 4 4 - 0.07962679862976074 1
D: 64 2 1 4 8 - 0.08014178276062012 1
D: 64 2 1 4 16 - 0.08341455459594727 1
D: 64 2 1 4 32 - 0.0816338062286377 1
D: 64 2 1 4 64 - 0.08246636390686035 1
D: 64 2 1 8 8 - 0.08078193664550781 1
D: 64 2 1 8 16 - 0.08012175559997559 1
D: 64 2 1 8 32 - 0.08060812950134277 1
D: 64 2 1 8 64 - 0.08091998100280762 1
D: 64 2 1 16 16 - 0.0816802978515625 1
D: 64 2 1 16 32 - 0.08056235313415527 1
D: 64 2 1 16 64 - 0.08084273338317871 1
D: 64 2 1 32 32 - 0.0803840160369873 1
D: 64 2 1 32 64 - 0.08029747009277344 1
D: 64 2 1 64 64 - 0.08232402801513672 1
D: 64 2 2 1 1 - 0.08670711517333984 1
D: 64 2 2 1 2 - 0.08347773551940918 1
D: 64 2 2 1 4 - 0.08186674118041992 1
D: 64 2 2 1 8 - 0.08044791221618652 1
D: 64 2 2 1 16 - 0.0794379711151123 1
D: 64 2 2 1 32 - 0.07953548431396484 1
D: 64 2 2 2 2 - 0.08077764511108398 1
D: 64 2 2 2 4 - 0.08089375495910645 1
D: 64 2 2 2 8 - 0.07976412773132324 1
D: 64 2 2 2 16 - 0.07899165153503418 1
D: 64 2 2 2 32 - 0.07946062088012695 1
D: 64 2 2 4 4 - 0.0820472240447998 1
D: 64 2 2 4 8 - 0.08155989646911621 1
D: 64 2 2 4 16 - 0.07987141609191895 1
D: 64 2 2 4 32 - 0.08276844024658203 1
D: 64 2 2 8 8 - 0.08100533485412598 1
D: 64 2 2 8 16 - 0.08074235916137695 1
D: 64 2 2 8 32 - 0.08043909072875977 1
D: 64 2 2 16 16 - 0.08412671089172363 1
D: 64 2 2 16 32 - 0.08153986930847168 1
D: 64 2 2 32 32 - 0.08124661445617676 1
D: 64 4 1 1 1 - 0.08949494361877441 1
D: 64 4 1 1 2 - 0.0893714427947998 1
D: 64 4 1 1 4 - 0.09476256370544434 1
D: 64 4 1 1 8 - 0.09347105026245117 1
D: 64 4 1 1 16 - 0.10341930389404297 1
D: 64 4 1 1 32 - 0.09610486030578613 1
D: 64 4 1 1 64 - 0.09085631370544434 1
D: 64 4 1 2 2 - 0.09241509437561035 1
D: 64 4 1 2 4 - 0.09516000747680664 1
D: 64 4 1 2 8 - 0.09077167510986328 1
D: 64 4 1 2 16 - 0.09015274047851562 1
D: 64 4 1 2 32 - 0.08994770050048828 1
D: 64 4 1 2 64 - 0.09264063835144043 1
D: 64 4 1 4 4 - 0.09387373924255371 1
D: 64 4 1 4 8 - 0.08851003646850586 1
D: 64 4 1 4 16 - 0.09217429161071777 1
D: 64 4 1 4 32 - 0.0978858470916748 1
D: 64 4 1 4 64 - 0.09378385543823242 1
D: 64 4 1 8 8 - 0.09756922721862793 1
D: 64 4 1 8 16 - 0.09592223167419434 1
D: 64 4 1 8 32 - 0.10433721542358398 1
D: 64 4 1 8 64 - 0.09223651885986328 1
D: 64 4 1 16 16 - 0.09258723258972168 1
D: 64 4 1 16 32 - 0.09209370613098145 1
D: 64 4 1 16 64 - 0.09453821182250977 1
D: 64 4 1 32 32 - 0.10377955436706543 1
D: 64 4 1 32 64 - 0.09084367752075195 1
D: 64 4 1 64 64 - 0.08960509300231934 1
D: 64 4 2 1 1 - 0.09036660194396973 1
D: 64 4 2 1 2 - 0.1013338565826416 1
D: 64 4 2 1 4 - 0.10054779052734375 1
D: 64 4 2 1 8 - 0.09428954124450684 1
D: 64 4 2 1 16 - 0.09299659729003906 1
D: 64 4 2 1 32 - 0.09409832954406738 1
D: 64 4 2 2 2 - 0.09188079833984375 1
D: 64 4 2 2 4 - 0.0895390510559082 1
D: 64 4 2 2 8 - 0.09027719497680664 1
D: 64 4 2 2 16 - 0.08893918991088867 1
D: 64 4 2 2 32 - 0.08931088447570801 1
D: 64 4 2 4 4 - 0.09043741226196289 1
D: 64 4 2 4 8 - 0.09204459190368652 1
D: 64 4 2 4 16 - 0.0913381576538086 1
D: 64 4 2 4 32 - 0.09004878997802734 1
D: 64 4 2 8 8 - 0.08941054344177246 1
D: 64 4 2 8 16 - 0.08975672721862793 1
D: 64 4 2 8 32 - 0.09410738945007324 1
D: 64 4 2 16 16 - 0.09465885162353516 1
D: 64 4 2 16 32 - 0.09607481956481934 1
D: 64 4 2 32 32 - 0.09239387512207031 1
D: 64 4 4 1 1 - 0.0904541015625 1
D: 64 4 4 1 2 - 0.09329533576965332 1
D: 64 4 4 1 4 - 0.09259295463562012 1
D: 64 4 4 1 8 - 0.09227490425109863 1
D: 64 4 4 1 16 - 0.09112858772277832 1
D: 64 4 4 2 2 - 0.09155583381652832 1
D: 64 4 4 2 4 - 0.09492921829223633 1
D: 64 4 4 2 8 - 0.09102916717529297 1
D: 64 4 4 2 16 - 0.09035563468933105 1
D: 64 4 4 4 4 - 0.08906984329223633 1
D: 64 4 4 4 8 - 0.0882558822631836 1
D: 64 4 4 4 16 - 0.09009051322937012 1
D: 64 4 4 8 8 - 0.09170961380004883 1
D: 64 4 4 8 16 - 0.09086847305297852 1
D: 64 4 4 16 16 - 0.08941793441772461 1
D: 64 8 1 1 1 - 0.10861444473266602 1
D: 64 8 1 1 2 - 0.11072492599487305 1
D: 64 8 1 1 4 - 0.11616253852844238 1
D: 64 8 1 1 8 - 0.11193609237670898 1
D: 64 8 1 1 16 - 0.11047649383544922 1
D: 64 8 1 1 32 - 0.10849857330322266 1
D: 64 8 1 1 64 - 0.11017179489135742 1
D: 64 8 1 2 2 - 0.11043953895568848 1
D: 64 8 1 2 4 - 0.10802364349365234 1
D: 64 8 1 2 8 - 0.10928106307983398 1
D: 64 8 1 2 16 - 0.1089487075805664 1
D: 64 8 1 2 32 - 0.11041855812072754 1
D: 64 8 1 2 64 - 0.10912132263183594 1
D: 64 8 1 4 4 - 0.10776424407958984 1
D: 64 8 1 4 8 - 0.10999464988708496 1
D: 64 8 1 4 16 - 0.10941028594970703 1
D: 64 8 1 4 32 - 0.10952329635620117 1
D: 64 8 1 4 64 - 0.10809826850891113 1
D: 64 8 1 8 8 - 0.10870814323425293 1
D: 64 8 1 8 16 - 0.10777568817138672 1
D: 64 8 1 8 32 - 0.11251544952392578 1
D: 64 8 1 8 64 - 0.11130523681640625 1
D: 64 8 1 16 16 - 0.11057066917419434 1
D: 64 8 1 16 32 - 0.10867094993591309 1
D: 64 8 1 16 64 - 0.10967040061950684 1
D: 64 8 1 32 32 - 0.1117863655090332 1
D: 64 8 1 32 64 - 0.1101064682006836 1
D: 64 8 1 64 64 - 0.10858607292175293 1
D: 64 8 2 1 1 - 0.11102962493896484 1
D: 64 8 2 1 2 - 0.11274218559265137 1
D: 64 8 2 1 4 - 0.11052393913269043 1
D: 64 8 2 1 8 - 0.1111154556274414 1
D: 64 8 2 1 16 - 0.1110532283782959 1
D: 64 8 2 1 32 - 0.10941123962402344 1
D: 64 8 2 2 2 - 0.10832476615905762 1
D: 64 8 2 2 4 - 0.10937309265136719 1
D: 64 8 2 2 8 - 0.11019754409790039 1
D: 64 8 2 2 16 - 0.10967803001403809 1
D: 64 8 2 2 32 - 0.11931920051574707 1
D: 64 8 2 4 4 - 0.12394475936889648 1
D: 64 8 2 4 8 - 0.10910701751708984 1
D: 64 8 2 4 16 - 0.10689020156860352 1
D: 64 8 2 4 32 - 0.10869288444519043 1
D: 64 8 2 8 8 - 0.11654019355773926 1
D: 64 8 2 8 16 - 0.10998201370239258 1
D: 64 8 2 8 32 - 0.10825061798095703 1
D: 64 8 2 16 16 - 0.10914158821105957 1
D: 64 8 2 16 32 - 0.11199259757995605 1
D: 64 8 2 32 32 - 0.11031866073608398 1
D: 64 8 4 1 1 - 0.10900330543518066 1
D: 64 8 4 1 2 - 0.11196589469909668 1
D: 64 8 4 1 4 - 0.11016321182250977 1
D: 64 8 4 1 8 - 0.1108555793762207 1
D: 64 8 4 1 16 - 0.10774850845336914 1
D: 64 8 4 2 2 - 0.10746622085571289 1
D: 64 8 4 2 4 - 0.1079111099243164 1
D: 64 8 4 2 8 - 0.11102843284606934 1
D: 64 8 4 2 16 - 0.10935449600219727 1
D: 64 8 4 4 4 - 0.11189746856689453 1
D: 64 8 4 4 8 - 0.11238670349121094 1
D: 64 8 4 4 16 - 0.10722780227661133 1
D: 64 8 4 8 8 - 0.10855674743652344 1
D: 64 8 4 8 16 - 0.10782456398010254 1
D: 64 8 4 16 16 - 0.10751748085021973 1
D: 64 8 8 1 1 - 0.10860204696655273 1
D: 64 8 8 1 2 - 0.11328721046447754 1
D: 64 8 8 1 4 - 0.10766482353210449 1
D: 64 8 8 1 8 - 0.10744357109069824 1
D: 64 8 8 2 2 - 0.1069796085357666 1
D: 64 8 8 2 4 - 0.10825800895690918 1
D: 64 8 8 2 8 - 0.11085867881774902 1
D: 64 8 8 4 4 - 0.10675048828125 1
D: 64 8 8 4 8 - 0.1078031063079834 1
D: 64 8 8 8 8 - 0.10866069793701172 1
