4 1 - 400 - 0.8118708372116089 0 1
4 2 - 400 - 0.4617799997329712 1 1
4 4 - 400 - 0.541901683807373 1 1
8 1 - 400 - 1.5068026065826416 0 1
8 2 - 400 - 0.8418246746063233 1 1
8 4 - 400 - 0.8555237054824829 1 1
8 8 - 400 - 1.0597650766372682 1 1
16 1 - 400 - 3.1214696168899536 0 1
16 2 - 400 - 1.7506088495254517 1 1
16 4 - 400 - 1.8268914222717285 1 1
16 8 - 400 - 2.0702473163604735 1 1
32 1 - 400 - 11.481812572479248 0 1
32 2 - 400 - 4.827336955070495 1 1
32 4 - 400 - 4.733281826972961 1 1
32 8 - 400 - 5.316661405563354 1 1
4 1 - 400 - 0.6076692342758179 0 2
4 2 - 400 - 0.2163386821746826 1 2
4 4 - 400 - 0.24939281940460206 1 2
8 1 - 400 - 0.9190235137939453 0 2
8 2 - 400 - 0.3176309585571289 1 2
8 4 - 400 - 0.3679941415786743 1 2
8 8 - 400 - 0.47541940212249756 1 2
16 1 - 400 - 1.850225043296814 0 2
16 2 - 400 - 0.6571236371994018 1 2
16 4 - 400 - 0.6636725902557373 1 2
16 8 - 400 - 0.8238188982009887 1 2
32 1 - 400 - 4.789861488342285 0 2
32 2 - 400 - 1.5777938842773438 1 2
32 4 - 400 - 1.5421755075454713 1 2
32 8 - 400 - 1.8765560150146485 1 2
4 1 - 400 - 0.6906948566436768 0 4
4 2 - 400 - 0.11156268119812011 1 4
4 4 - 400 - 0.12859439849853516 1 4
8 1 - 400 - 0.8664100408554077 0 4
8 2 - 400 - 0.1459244966506958 1 4
8 4 - 400 - 0.17206425666809083 1 4
8 8 - 400 - 0.21897826194763184 1 4
16 1 - 400 - 1.327206015586853 0 4
16 2 - 400 - 0.2472303867340088 1 4
16 4 - 400 - 0.26770451068878176 1 4
16 8 - 400 - 0.34674270153045655 1 4
32 1 - 400 - 2.751883888244629 0 4
32 2 - 400 - 0.4773656606674194 1 4
32 4 - 400 - 0.5369014978408814 1 4
32 8 - 400 - 0.6731160879135132 1 4
8 1 - 400 - 1.1547172307968139 0 8
8 2 - 400 - 0.08850946426391601 1 8
8 4 - 400 - 0.10138638019561767 1 8
8 8 - 400 - 0.13037824630737305 1 8
16 1 - 400 - 1.5051805973052979 0 8
16 2 - 400 - 0.12384493350982666 1 8
16 4 - 400 - 0.14172899723052979 1 8
16 8 - 400 - 0.1881570816040039 1 8
32 1 - 400 - 2.41617865562439 0 8
32 2 - 400 - 0.20678372383117677 1 8
32 4 - 400 - 0.2354350805282593 1 8
32 8 - 400 - 0.308449912071228 1 8
16 1 - 400 - 2.1152803182601927 0 16
16 2 - 400 - 0.08001384735107422 1 16
16 4 - 400 - 0.09276304244995118 1 16
16 8 - 400 - 0.11789650917053222 1 16
32 1 - 400 - 2.779721474647522 0 16
32 2 - 400 - 0.10918965339660644 1 16
32 4 - 400 - 0.1262972116470337 1 16
32 8 - 400 - 0.16401731967926025 1 16
32 1 - 400 - 3.9153199195861816 0 32
32 2 - 400 - 0.07916810512542724 1 32
32 4 - 400 - 0.09014434814453125 1 32
32 8 - 400 - 0.11539249420166016 1 32
