4 1 - 0 - 0.2760007381439209 0.26999998092651367 1 0
4 1 - 1 - 0.13602280616760254 0.13500666618347168 0 1
4 1 - 2 - 0.13702106475830078 0.1349959373474121 0 1
4 1 - 3 - 0.29499292373657227 0.28999829292297363 0 1
4 1 - 4 - 0.2820158004760742 0.2810080051422119 1 0
4 1 - 5 - 0.3039979934692383 0.3021891117095947 0 1
4 1 - 6 - 0.2809906005859375 0.2770075798034668 0 1
4 1 - 7 - 0.1510028839111328 0.14699625968933105 0 1
4 1 - 8 - 0.2939794063568115 0.2920222282409668 1 0
4 1 - 9 - 0.1359999179840088 0.13299775123596191 0 1
4 1 - 10 - 0.30402231216430664 0.301987886428833 0 1
4 1 - 11 - 0.2690160274505615 0.2650022506713867 0 1
4 1 - 12 - 0.1490180492401123 0.3149988651275635 0 1
4 1 - 13 - 0.15001201629638672 0.30397772789001465 0 0
4 1 - 14 - 0.12489962577819824 0.12199687957763672 0 1
4 1 - 15 - 0.29001903533935547 0.2899758815765381 0 1
4 1 - 16 - 0.1490185260772705 0.3049774169921875 0 0
4 1 - 17 - 0.1250019073486328 0.12099838256835938 0 1
4 1 - 18 - 0.1360180377960205 0.13397836685180664 0 1
4 1 - 19 - 0.2950010299682617 0.2910003662109375 0 0
4 1 - 20 - 0.1360018253326416 0.13299798965454102 0 1
4 1 - 21 - 0.26800084114074707 0.26599550247192383 0 1
4 1 - 22 - 0.3040018081665039 0.3019979000091553 0 1
4 1 - 23 - 0.1360011100769043 0.1329975128173828 0 1
4 1 - 24 - 0.1360001564025879 0.1340014934539795 0 1
4 1 - 25 - 0.13799524307250977 0.13399791717529297 0 1
4 1 - 26 - 0.30700087547302246 0.30300140380859375 0 0
4 1 - 27 - 0.1459956169128418 0.3039987087249756 0 0
4 1 - 28 - 0.13599276542663574 0.13398981094360352 0 1
4 1 - 29 - 0.1379985809326172 0.134019136428833 0 1
4 1 - 30 - 0.1490163803100586 0.14399433135986328 0 1
4 1 - 31 - 0.13700079917907715 0.1329970359802246 0 1
4 1 - 32 - 0.15000033378601074 0.3020026683807373 0 0
4 1 - 33 - 0.2899963855743408 0.28999805450439453 0 1
4 1 - 34 - 0.3040006160736084 0.30300021171569824 0 0
4 1 - 35 - 0.14500141143798828 0.14499735832214355 0 1
4 1 - 36 - 0.31599998474121094 0.31400489807128906 0 0
4 1 - 37 - 0.13500189781188965 0.13399791717529297 0 1
4 1 - 38 - 0.14798951148986816 0.14500784873962402 0 1
4 1 - 39 - 0.270017147064209 0.26699280738830566 1 0
4 1 - 40 - 0.14799261093139648 0.31099748611450195 0 1
4 1 - 41 - 0.2679901123046875 0.2649996280670166 0 1
4 1 - 42 - 0.15000104904174805 0.2869870662689209 0 1
4 1 - 43 - 0.2790067195892334 0.2780001163482666 0 1
4 1 - 44 - 0.2910158634185791 0.28699827194213867 0 1
4 1 - 45 - 0.304004430770874 0.29999852180480957 0 1
4 1 - 46 - 0.12399959564208984 0.12299776077270508 0 1
4 1 - 47 - 0.28101301193237305 0.27899956703186035 1 0
4 1 - 48 - 0.13500070571899414 0.1319880485534668 0 1
4 1 - 49 - 0.14900565147399902 0.1439988613128662 0 1
4 1 - 50 - 0.27901744842529297 0.2780008316040039 1 0
4 1 - 51 - 0.13499975204467773 0.1330101490020752 0 1
4 1 - 52 - 0.1269838809967041 0.12499737739562988 0 1
4 1 - 53 - 0.3130166530609131 0.3089942932128906 0 1
4 1 - 54 - 0.26702094078063965 0.26898789405822754 0 1
4 1 - 55 - 0.2820003032684326 0.2809910774230957 1 0
4 1 - 56 - 0.14998793601989746 0.3040127754211426 0 1
4 1 - 57 - 0.2840158939361572 0.2790031433105469 1 0
4 1 - 58 - 0.14800286293029785 0.1449873447418213 0 1
4 1 - 59 - 0.16099238395690918 0.30600643157958984 0 0
4 1 - 60 - 0.29001903533935547 0.28596019744873047 0 1
4 1 - 61 - 0.2940034866333008 0.29101014137268066 0 1
4 1 - 62 - 0.33499884605407715 0.39600086212158203 1 0
4 1 - 63 - 0.15299129486083984 0.13799595832824707 0 1
4 1 - 64 - 0.13600802421569824 0.13501238822937012 0 1
4 1 - 65 - 0.29200291633605957 0.29201793670654297 0 1
4 1 - 66 - 0.14802050590515137 0.14499855041503906 0 1
4 1 - 67 - 0.1269981861114502 0.12401771545410156 0 1
4 1 - 68 - 0.30700182914733887 0.2949965000152588 1 0
4 1 - 69 - 0.13900232315063477 0.13658976554870605 0 1
4 1 - 70 - 0.1680006980895996 0.33699750900268555 0 0
4 1 - 71 - 0.30698680877685547 0.30103468894958496 0 1
4 1 - 72 - 0.28500962257385254 0.2839970588684082 0 1
4 1 - 73 - 0.28501272201538086 0.27900242805480957 1 0
4 1 - 74 - 0.1469879150390625 0.14701581001281738 0 1
4 1 - 75 - 0.28000831604003906 0.27899909019470215 1 0
4 1 - 76 - 0.3020200729370117 0.3020188808441162 0 1
4 1 - 77 - 0.3069798946380615 0.3099997043609619 0 1
4 1 - 78 - 0.2820010185241699 0.27899956703186035 1 0
4 1 - 79 - 0.15002155303955078 0.1459825038909912 0 1
4 1 - 80 - 0.30600452423095703 0.30397701263427734 0 0
4 1 - 81 - 0.301008939743042 0.3010120391845703 1 0
4 1 - 82 - 0.28600525856018066 0.2819788455963135 1 0
4 1 - 83 - 0.29900693893432617 0.30199193954467773 0 1
4 1 - 84 - 0.13998937606811523 0.12500739097595215 0 1
4 1 - 85 - 0.2999899387359619 0.29599928855895996 0 1
4 1 - 86 - 0.14998745918273926 0.14902043342590332 0 1
4 1 - 87 - 0.13996386528015137 0.1409924030303955 0 1
4 1 - 88 - 0.1259908676147461 0.12399840354919434 0 1
4 1 - 89 - 0.28699398040771484 0.2830212116241455 0 1
4 1 - 90 - 0.13899755477905273 0.13402915000915527 0 1
4 1 - 91 - 0.30800819396972656 0.31099891662597656 0 1
4 1 - 92 - 0.15499496459960938 0.2939879894256592 0 1
4 1 - 93 - 0.2990000247955322 0.2949950695037842 1 0
4 1 - 94 - 0.2890009880065918 0.283005952835083 0 0
4 1 - 95 - 0.13700270652770996 0.13699579238891602 0 1
4 1 - 96 - 0.13926482200622559 0.13600850105285645 0 1
4 1 - 97 - 0.1390094757080078 0.1369800567626953 0 1
4 1 - 98 - 0.1359870433807373 0.13600993156433105 0 1
4 1 - 99 - 0.29599952697753906 0.2999856472015381 0 1
4 2 - 0 - 0.34899044036865234 0.3478982448577881 1 0
4 2 - 1 - 0.16505885124206543 0.16512632369995117 0 1
4 2 - 2 - 0.16700029373168945 0.16299867630004883 0 1
4 2 - 3 - 0.37499260902404785 0.3740570545196533 0 1
4 2 - 4 - 0.35801219940185547 0.3610653877258301 1 0
4 2 - 5 - 0.4000101089477539 0.39523816108703613 0 1
4 2 - 6 - 0.3599824905395508 0.3590271472930908 0 1
4 2 - 7 - 0.18003082275390625 0.17699933052062988 0 1
4 2 - 8 - 0.4020040035247803 0.38666558265686035 1 0
4 2 - 9 - 0.16801786422729492 0.1679975986480713 0 1
4 2 - 10 - 0.399029016494751 0.3969902992248535 0 1
4 2 - 11 - 0.3479950428009033 0.3500545024871826 0 1
4 2 - 12 - 0.1819922924041748 0.41759300231933594 0 1
4 2 - 13 - 0.17964386940002441 0.4086728096008301 0 0
4 2 - 14 - 0.1540069580078125 0.15199899673461914 0 1
4 2 - 15 - 0.3905308246612549 0.38402676582336426 0 1
4 2 - 16 - 0.18046283721923828 0.41097164154052734 0 0
4 2 - 17 - 0.1529989242553711 0.15688514709472656 0 1
4 2 - 18 - 0.16799712181091309 0.1650984287261963 0 1
4 2 - 19 - 0.38708019256591797 0.39159226417541504 1 0
4 2 - 20 - 0.16802191734313965 0.16598010063171387 0 1
4 2 - 21 - 0.3520185947418213 0.34603214263916016 0 1
4 2 - 22 - 0.4015164375305176 0.40299201011657715 0 1
4 2 - 23 - 0.1759941577911377 0.17200779914855957 0 1
4 2 - 24 - 0.16399836540222168 0.1620192527770996 0 1
4 2 - 25 - 0.16499853134155273 0.16199612617492676 0 1
4 2 - 26 - 0.3970003128051758 0.40001749992370605 1 0
4 2 - 27 - 0.17899346351623535 0.40199780464172363 0 0
4 2 - 28 - 0.16500282287597656 0.16300463676452637 0 1
4 2 - 29 - 0.16402125358581543 0.1629786491394043 0 1
4 2 - 30 - 0.17500042915344238 0.17299747467041016 0 1
4 2 - 31 - 0.16199994087219238 0.16099858283996582 0 1
4 2 - 32 - 0.1790022850036621 0.4010002613067627 0 0
4 2 - 33 - 0.3770020008087158 0.3739960193634033 0 1
4 2 - 34 - 0.3919999599456787 0.3900008201599121 1 0
4 2 - 35 - 0.17400074005126953 0.17499709129333496 0 1
4 2 - 36 - 0.4060242176055908 0.40297889709472656 1 0
4 2 - 37 - 0.16299986839294434 0.16299772262573242 0 1
4 2 - 38 - 0.17899703979492188 0.17299723625183105 0 1
4 2 - 39 - 0.34399986267089844 0.34400248527526855 1 0
4 2 - 40 - 0.17999982833862305 0.4139978885650635 0 1
4 2 - 41 - 0.341998815536499 0.339998722076416 0 1
4 2 - 42 - 0.17800092697143555 0.3869965076446533 0 1
4 2 - 43 - 0.35500121116638184 0.3529989719390869 0 1
4 2 - 44 - 0.37799811363220215 0.378997802734375 0 1
4 2 - 45 - 0.3969991207122803 0.3869955539703369 0 1
4 2 - 46 - 0.15199661254882812 0.14999818801879883 0 1
4 2 - 47 - 0.3710050582885742 0.36299562454223633 1 0
4 2 - 48 - 0.1700282096862793 0.16597199440002441 0 1
4 2 - 49 - 0.17500066757202148 0.17399811744689941 0 1
4 2 - 50 - 0.35399365425109863 0.3570284843444824 1 0
4 2 - 51 - 0.16300225257873535 0.1609954833984375 0 1
4 2 - 52 - 0.1510004997253418 0.15099859237670898 0 1
4 2 - 53 - 0.39200520515441895 0.38599371910095215 0 1
4 2 - 54 - 0.3430037498474121 0.3380155563354492 0 1
4 2 - 55 - 0.3559994697570801 0.3540017604827881 1 0
4 2 - 56 - 0.17499804496765137 0.40000104904174805 0 1
4 2 - 57 - 0.36802101135253906 0.36498355865478516 1 0
4 2 - 58 - 0.175001859664917 0.17299318313598633 0 1
4 2 - 59 - 0.1750016212463379 0.40000176429748535 0 0
4 2 - 60 - 0.3510017395019531 0.35599660873413086 0 1
4 2 - 61 - 0.38000059127807617 0.3780081272125244 0 1
4 2 - 62 - 0.34299516677856445 0.34426069259643555 1 0
4 2 - 63 - 0.1620006561279297 0.16199874877929688 0 1
4 2 - 64 - 0.1640019416809082 0.1629962921142578 0 1
4 2 - 65 - 0.37302160263061523 0.35797834396362305 0 1
4 2 - 66 - 0.175980806350708 0.1730186939239502 0 1
4 2 - 67 - 0.15198135375976562 0.14899802207946777 0 1
4 2 - 68 - 0.35500001907348633 0.355008602142334 1 0
4 2 - 69 - 0.1620006561279297 0.16199636459350586 0 1
4 2 - 70 - 0.1790015697479248 0.4010012149810791 0 0
4 2 - 71 - 0.38899850845336914 0.3869950771331787 0 1
4 2 - 72 - 0.35399913787841797 0.3509962558746338 0 1
4 2 - 73 - 0.3589954376220703 0.3560006618499756 1 0
4 2 - 74 - 0.1750044822692871 0.17399358749389648 0 1
4 2 - 75 - 0.35500192642211914 0.3529989719390869 1 0
4 2 - 76 - 0.38199853897094727 0.37599658966064453 0 1
4 2 - 77 - 0.3930211067199707 0.38797831535339355 0 1
4 2 - 78 - 0.3659992218017578 0.36400318145751953 1 0
4 2 - 79 - 0.1750032901763916 0.173994779586792 0 1
4 2 - 80 - 0.3919973373413086 0.3880016803741455 1 0
4 2 - 81 - 0.3790018558502197 0.38101983070373535 1 0
4 2 - 82 - 0.3560004234313965 0.35802769660949707 1 0
4 2 - 83 - 0.3790004253387451 0.3750178813934326 0 1
4 2 - 84 - 0.15200066566467285 0.14999723434448242 0 1
4 2 - 85 - 0.3789987564086914 0.377000093460083 0 1
4 2 - 86 - 0.17599892616271973 0.17299890518188477 0 1
4 2 - 87 - 0.16099929809570312 0.16099953651428223 0 1
4 2 - 88 - 0.15218615531921387 0.15081381797790527 0 1
4 2 - 89 - 0.3540017604827881 0.34999656677246094 0 1
4 2 - 90 - 0.1640000343322754 0.16299819946289062 0 1
4 2 - 91 - 0.38900113105773926 0.3860163688659668 0 1
4 2 - 92 - 0.18100190162658691 0.38599681854248047 0 1
4 2 - 93 - 0.37999677658081055 0.3760035037994385 1 0
4 2 - 94 - 0.3559997081756592 0.3580014705657959 1 0
4 2 - 95 - 0.16298747062683105 0.16199946403503418 0 1
4 2 - 96 - 0.16499805450439453 0.16099977493286133 0 1
4 2 - 97 - 0.16200542449951172 0.16202092170715332 0 1
4 2 - 98 - 0.16302013397216797 0.16098999977111816 0 1
4 2 - 99 - 0.3770127296447754 0.37600016593933105 0 1
4 4 - 0 - 0.47202086448669434 0.4660003185272217 1 0
4 4 - 1 - 0.2150096893310547 0.2159895896911621 0 1
4 4 - 2 - 0.21799921989440918 0.21399998664855957 0 1
4 4 - 3 - 0.4910123348236084 0.49199986457824707 0 1
4 4 - 4 - 0.48099446296691895 0.48002099990844727 1 0
4 4 - 5 - 0.5170094966888428 0.5139997005462646 0 1
4 4 - 6 - 0.47901034355163574 0.48000025749206543 0 1
4 4 - 7 - 0.23299956321716309 0.22697925567626953 0 1
4 4 - 8 - 0.5030064582824707 0.502000093460083 1 0
4 4 - 9 - 0.21601438522338867 0.21600008010864258 0 1
4 4 - 10 - 0.5170283317565918 0.5129997730255127 0 1
4 4 - 11 - 0.46600937843322754 0.4680001735687256 0 1
4 4 - 12 - 0.23028826713562012 0.5387279987335205 0 1
4 4 - 13 - 0.22901368141174316 0.5279998779296875 0 0
4 4 - 14 - 0.20500779151916504 0.2039790153503418 0 1
4 4 - 15 - 0.5040209293365479 0.5019998550415039 0 1
4 4 - 16 - 0.23000311851501465 0.5299787521362305 0 0
4 4 - 17 - 0.20499277114868164 0.20302128791809082 0 1
4 4 - 18 - 0.2180180549621582 0.21499991416931152 0 1
4 4 - 19 - 0.5060241222381592 0.503000020980835 1 0
4 4 - 20 - 0.2150130271911621 0.21799993515014648 0 1
4 4 - 21 - 0.4680204391479492 0.46700024604797363 0 1
4 4 - 22 - 0.5160143375396729 0.5129997730255127 0 1
4 4 - 23 - 0.21701860427856445 0.21600008010864258 0 1
4 4 - 24 - 0.21599245071411133 0.21702098846435547 0 1
4 4 - 25 - 0.2199997901916504 0.21698999404907227 0 1
4 4 - 26 - 0.5150091648101807 0.5159997940063477 1 0
4 4 - 27 - 0.22899293899536133 0.5259914398193359 0 0
4 4 - 28 - 0.2189788818359375 0.21500015258789062 0 1
4 4 - 29 - 0.21701502799987793 0.21600008010864258 0 1
4 4 - 30 - 0.23002028465270996 0.22697830200195312 0 1
4 4 - 31 - 0.21701765060424805 0.2159898281097412 0 1
4 4 - 32 - 0.23102879524230957 0.528994083404541 0 0
4 4 - 33 - 0.5049862861633301 0.5020003318786621 0 1
4 4 - 34 - 0.5169992446899414 0.5149896144866943 1 0
4 4 - 35 - 0.22801899909973145 0.22699999809265137 0 1
4 4 - 36 - 0.5290114879608154 0.5280008316040039 1 0
4 4 - 37 - 0.21697521209716797 0.21602106094360352 0 1
4 4 - 38 - 0.2300102710723877 0.22697877883911133 0 1
4 4 - 39 - 0.469010591506958 0.4680032730102539 1 0
4 4 - 40 - 0.23098206520080566 0.5440266132354736 0 1
4 4 - 41 - 0.4690234661102295 0.4669787883758545 0 1
4 4 - 42 - 0.2290189266204834 0.5160002708435059 0 1
4 4 - 43 - 0.4849991798400879 0.4820067882537842 0 1
4 4 - 44 - 0.5040180683135986 0.5009791851043701 0 1
4 4 - 45 - 0.5169954299926758 0.5140211582183838 0 1
4 4 - 46 - 0.20497918128967285 0.20502066612243652 0 1
4 4 - 47 - 0.49800968170166016 0.49199986457824707 1 0
4 4 - 48 - 0.21601366996765137 0.21699976921081543 0 1
4 4 - 49 - 0.23102545738220215 0.22699999809265137 0 1
4 4 - 50 - 0.482013463973999 0.4809727668762207 1 0
4 4 - 51 - 0.21701407432556152 0.21497893333435059 0 1
4 4 - 52 - 0.20501494407653809 0.20400023460388184 0 1
4 4 - 53 - 0.5270206928253174 0.5149998664855957 0 1
4 4 - 54 - 0.46802544593811035 0.4670069217681885 0 1
4 4 - 55 - 0.4830172061920166 0.4830000400543213 1 0
4 4 - 56 - 0.23202109336853027 0.5259997844696045 0 1
4 4 - 57 - 0.4970097541809082 0.4929790496826172 1 0
4 4 - 58 - 0.2280271053314209 0.22699999809265137 0 1
4 4 - 59 - 0.22901034355163574 0.527010440826416 0 0
4 4 - 60 - 0.47901415824890137 0.4759993553161621 0 1
4 4 - 61 - 0.5040087699890137 0.5050003528594971 0 1
4 4 - 62 - 0.4720170497894287 0.4699981212615967 1 0
4 4 - 63 - 0.21694636344909668 0.21600031852722168 0 1
4 4 - 64 - 0.2180194854736328 0.2169792652130127 0 1
4 4 - 65 - 0.48401498794555664 0.48200416564941406 0 1
4 4 - 66 - 0.22901511192321777 0.2279796600341797 0 1
4 4 - 67 - 0.20501255989074707 0.2049999237060547 0 1
4 4 - 68 - 0.4820096492767334 0.48000049591064453 1 0
4 4 - 69 - 0.216019868850708 0.21699953079223633 0 1
4 4 - 70 - 0.23001933097839355 0.5319790840148926 0 0
4 4 - 71 - 0.5179967880249023 0.5140209197998047 0 1
4 4 - 72 - 0.4800074100494385 0.4780001640319824 0 1
4 4 - 73 - 0.48300981521606445 0.48000001907348633 1 0
4 4 - 74 - 0.22899985313415527 0.22700047492980957 0 1
4 4 - 75 - 0.481006383895874 0.48000025749206543 1 0
4 4 - 76 - 0.501978874206543 0.504021167755127 0 1
4 4 - 77 - 0.5149927139282227 0.5519936084747314 0 1
4 4 - 78 - 0.49701976776123047 0.4949936866760254 1 0
4 4 - 79 - 0.23102641105651855 0.22896957397460938 0 1
4 4 - 80 - 0.5180177688598633 0.5160026550292969 1 0
4 4 - 81 - 0.5060102939605713 0.5069892406463623 1 0
4 4 - 82 - 0.48300909996032715 0.48101019859313965 1 0
4 4 - 83 - 0.5030210018157959 0.5029995441436768 0 1
4 4 - 84 - 0.20797204971313477 0.20602774620056152 0 1
4 4 - 85 - 0.5040183067321777 0.502000093460083 0 1
4 4 - 86 - 0.23002076148986816 0.22799992561340332 0 1
4 4 - 87 - 0.21601366996765137 0.21597909927368164 0 1
4 4 - 88 - 0.20702099800109863 0.20300006866455078 0 1
4 4 - 89 - 0.48001980781555176 0.477999210357666 0 1
4 4 - 90 - 0.21702051162719727 0.21499991416931152 0 1
4 4 - 91 - 0.5140132904052734 0.5130000114440918 0 1
4 4 - 92 - 0.22899484634399414 0.5140209197998047 0 1
4 4 - 93 - 0.5089981555938721 0.5029788017272949 1 0
4 4 - 94 - 0.4831657409667969 0.4821648597717285 1 0
4 4 - 95 - 0.2159891128540039 0.21502017974853516 0 1
4 4 - 96 - 0.2160193920135498 0.21599984169006348 0 1
4 4 - 97 - 0.21500730514526367 0.2159900665283203 0 1
4 4 - 98 - 0.2180159091949463 0.2169795036315918 0 1
4 4 - 99 - 0.5050144195556641 0.5029895305633545 0 1
8 1 - 0 - 0.34000062942504883 0.33299970626831055 0 1
8 1 - 1 - 0.3385634422302246 0.3339991569519043 0 1
8 1 - 2 - 0.36502718925476074 0.35900020599365234 0 1
8 1 - 3 - 0.387009859085083 0.3809802532196045 0 1
8 1 - 4 - 0.7569968700408936 0.6960210800170898 0 0
8 1 - 5 - 0.6860213279724121 0.6799826622009277 0 1
8 1 - 6 - 0.37000608444213867 0.35997962951660156 0 1
8 1 - 7 - 0.3320024013519287 0.3310098648071289 0 1
8 1 - 8 - 0.34902334213256836 0.682978630065918 0 1
8 1 - 9 - 0.33904552459716797 0.337932825088501 0 1
8 1 - 10 - 0.3669893741607666 0.35898923873901367 0 1
8 1 - 11 - 0.36198949813842773 0.3590102195739746 0 1
8 1 - 12 - 0.4121379852294922 0.41087865829467773 0 1
8 1 - 13 - 0.3920166492462158 0.8340005874633789 0 1
8 1 - 14 - 0.33900880813598633 0.33500099182128906 0 1
8 1 - 15 - 0.36300015449523926 0.3619997501373291 0 1
8 1 - 16 - 0.33902668952941895 0.3340001106262207 0 1
8 1 - 17 - 0.3399789333343506 0.33602094650268555 0 1
8 1 - 18 - 0.33802151679992676 0.3349928855895996 0 1
8 1 - 19 - 0.33956456184387207 0.33699893951416016 0 1
8 1 - 20 - 0.3910207748413086 0.3860006332397461 0 1
8 1 - 21 - 0.3390004634857178 0.3339998722076416 0 1
8 1 - 22 - 0.7900090217590332 0.7839717864990234 0 1
8 1 - 23 - 0.7930200099945068 0.7829999923706055 0 1
8 1 - 24 - 0.34306836128234863 0.712010383605957 0 0
8 1 - 25 - 0.34001994132995605 0.34003710746765137 0 1
8 1 - 26 - 0.3880276679992676 0.3859999179840088 0 1
8 1 - 27 - 0.3379960060119629 0.33500051498413086 0 1
8 1 - 28 - 0.7899792194366455 0.779010534286499 0 1
8 1 - 29 - 0.36499786376953125 0.3610231876373291 0 1
8 1 - 30 - 0.4120190143585205 0.4105865955352783 0 1
8 1 - 31 - 0.41202807426452637 0.8079996109008789 0 0
8 1 - 32 - 0.3370060920715332 0.334991455078125 0 1
8 1 - 33 - 0.31599974632263184 0.31525659561157227 0 1
8 1 - 34 - 0.771019697189331 0.7569997310638428 0 1
8 1 - 35 - 0.6969940662384033 0.6850059032440186 0 1
8 1 - 36 - 0.3859989643096924 0.3819997310638428 0 1
8 1 - 37 - 0.33899998664855957 0.3369786739349365 0 1
8 1 - 38 - 0.33899927139282227 0.3349897861480713 0 1
8 1 - 39 - 0.4151272773742676 0.8298726081848145 0 1
8 1 - 40 - 0.33899998664855957 0.3360002040863037 0 1
8 1 - 41 - 0.3399999141693115 0.33700013160705566 0 1
8 1 - 42 - 0.36499929428100586 0.36100006103515625 0 1
8 1 - 43 - 0.43599987030029297 0.4310009479522705 0 1
8 1 - 44 - 0.39601731300354004 0.7550103664398193 0 1
8 1 - 45 - 0.3640000820159912 0.3639869689941406 0 1
8 1 - 46 - 0.4129946231842041 0.4059789180755615 0 1
8 1 - 47 - 0.7259876728057861 0.7090094089508057 0 1
8 1 - 48 - 0.745999813079834 0.7319998741149902 0 1
8 1 - 49 - 0.3680105209350586 0.738978385925293 0 0
8 1 - 50 - 0.43300819396972656 0.4309730529785156 0 1
8 1 - 51 - 0.400982141494751 0.8080160617828369 0 1
8 1 - 52 - 0.4110112190246582 0.40898704528808594 0 1
8 1 - 53 - 0.33857178688049316 0.3359999656677246 0 1
8 1 - 54 - 0.365009069442749 0.35899972915649414 0 1
8 1 - 55 - 0.36302614212036133 0.3579897880554199 0 1
8 1 - 56 - 0.7440207004547119 0.7309999465942383 0 1
8 1 - 57 - 0.36500024795532227 0.36298704147338867 0 1
8 1 - 58 - 0.39002132415771484 0.3840000629425049 0 1
8 1 - 59 - 0.4099998474121094 0.4050002098083496 0 1
8 1 - 60 - 0.3899998664855957 0.384000301361084 0 1
8 1 - 61 - 0.38802552223205566 0.3840000629425049 0 1
8 1 - 62 - 0.7415342330932617 0.7340004444122314 0 1
8 1 - 63 - 0.3629889488220215 0.35802125930786133 0 1
8 1 - 64 - 0.3880000114440918 0.3860008716583252 0 1
8 1 - 65 - 0.34400224685668945 0.7859940528869629 0 1
8 1 - 66 - 0.3380002975463867 0.33499979972839355 0 1
8 1 - 67 - 0.38700008392333984 0.38999032974243164 0 1
8 1 - 68 - 0.36460280418395996 0.35899972915649414 0 1
8 1 - 69 - 0.41099977493286133 0.4069998264312744 0 1
8 1 - 70 - 0.38802170753479004 0.381000280380249 0 1
8 1 - 71 - 0.7879993915557861 0.7815349102020264 0 1
8 1 - 72 - 0.38600826263427734 0.3819997310638428 0 1
8 1 - 73 - 0.3919789791107178 0.38601088523864746 0 1
8 1 - 74 - 0.7219967842102051 0.7079999446868896 0 1
8 1 - 75 - 0.3399999141693115 0.3360002040863037 0 1
8 1 - 76 - 0.41500020027160645 0.4069991111755371 0 1
8 1 - 77 - 0.3929736614227295 0.3980264663696289 0 1
8 1 - 78 - 0.7409899234771729 0.7350106239318848 0 1
8 1 - 79 - 0.3399996757507324 0.33700037002563477 0 1
8 1 - 80 - 0.4139997959136963 0.4100503921508789 0 1
8 1 - 81 - 0.3400266170501709 0.3380000591278076 0 1
8 1 - 82 - 0.7220053672790527 0.7190048694610596 0 0
8 1 - 83 - 0.750999927520752 0.7390000820159912 0 0
8 1 - 84 - 0.3429996967315674 0.7319900989532471 0 1
8 1 - 85 - 0.38701748847961426 0.3839998245239258 0 1
8 1 - 86 - 0.3397955894470215 0.3360104560852051 0 1
8 1 - 87 - 0.3379998207092285 0.3380000591278076 0 1
8 1 - 88 - 0.38602137565612793 0.3839895725250244 0 1
8 1 - 89 - 0.386014461517334 0.38299989700317383 0 1
8 1 - 90 - 0.3959991931915283 0.8031539916992188 0 1
8 1 - 91 - 0.3660004138946533 0.3580000400543213 0 1
8 1 - 92 - 0.4109995365142822 0.40699148178100586 0 1
8 1 - 93 - 0.3670158386230469 0.3599998950958252 0 1
8 1 - 94 - 0.4119997024536133 0.4099998474121094 0 1
8 1 - 95 - 0.8190202713012695 0.8049876689910889 0 1
8 1 - 96 - 0.3399970531463623 0.33500027656555176 0 1
8 1 - 97 - 0.7697641849517822 0.7540004253387451 0 1
8 1 - 98 - 0.363999605178833 0.3600003719329834 0 1
8 1 - 99 - 0.36697888374328613 0.35802125930786133 0 1
8 2 - 0 - 0.3959965705871582 0.3950002193450928 0 1
8 2 - 1 - 0.39900755882263184 0.3940000534057617 0 1
8 2 - 2 - 0.423004150390625 0.4200003147125244 0 1
8 2 - 3 - 0.46100807189941406 0.4690215587615967 0 1
8 2 - 4 - 0.4260087013244629 0.8579823970794678 0 0
8 2 - 5 - 0.8149995803833008 0.8139996528625488 0 1
8 2 - 6 - 0.4200000762939453 0.4230003356933594 0 1
8 2 - 7 - 0.37902092933654785 0.3689868450164795 0 1
8 2 - 8 - 0.39699888229370117 0.8329997062683105 0 1
8 2 - 9 - 0.400007963180542 0.4029996395111084 0 1
8 2 - 10 - 0.42202043533325195 0.41700005531311035 0 1
8 2 - 11 - 0.42402029037475586 0.41900014877319336 0 1
8 2 - 12 - 0.46802496910095215 0.9550061225891113 0 0
8 2 - 13 - 0.44802069664001465 1.0350000858306885 0 0
8 2 - 14 - 0.4009990692138672 0.3949899673461914 0 1
8 2 - 15 - 0.42301368713378906 0.9320003986358643 0 0
8 2 - 16 - 0.3979988098144531 0.3950209617614746 0 1
8 2 - 17 - 0.40199923515319824 0.39600062370300293 0 1
8 2 - 18 - 0.40001606941223145 0.3950004577636719 0 1
8 2 - 19 - 0.4010145664215088 0.8519797325134277 0 0
8 2 - 20 - 0.4479990005493164 0.4530212879180908 0 1
8 2 - 21 - 0.3980100154876709 0.4005146026611328 0 1
8 2 - 22 - 0.9420206546783447 0.9260003566741943 0 0
8 2 - 23 - 0.44202136993408203 0.9539997577667236 0 0
8 2 - 24 - 0.39998722076416016 0.8570046424865723 0 0
8 2 - 25 - 0.3970165252685547 0.9309999942779541 0 0
8 2 - 26 - 0.4489884376525879 0.9510319232940674 0 1
8 2 - 27 - 0.39699625968933105 0.39202141761779785 0 1
8 2 - 28 - 0.9620137214660645 0.9519786834716797 0 0
8 2 - 29 - 0.4180138111114502 0.4159994125366211 0 1
8 2 - 30 - 0.4785799980163574 0.9749996662139893 0 0
8 2 - 31 - 0.49100637435913086 1.0081233978271484 0 0
8 2 - 32 - 0.40001392364501953 0.39599037170410156 0 1
8 2 - 33 - 0.3810136318206787 0.37000608444213867 0 1
8 2 - 34 - 0.971015214920044 0.9340000152587891 0 1
8 2 - 35 - 0.8390183448791504 0.8329794406890869 0 1
8 2 - 36 - 0.44402599334716797 0.44199037551879883 0 1
8 2 - 37 - 0.3969998359680176 0.39799928665161133 0 1
8 2 - 38 - 0.40300512313842773 0.4019792079925537 0 1
8 2 - 39 - 0.47499895095825195 1.0060007572174072 0 0
8 2 - 40 - 0.3969998359680176 0.39499974250793457 0 1
8 2 - 41 - 0.3999924659729004 0.403270959854126 0 1
8 2 - 42 - 0.4270031452178955 0.8880093097686768 0 0
8 2 - 43 - 0.4890153408050537 0.4910001754760742 0 1
8 2 - 44 - 0.44600677490234375 0.9569792747497559 0 0
8 2 - 45 - 0.41800951957702637 0.42099881172180176 0 1
8 2 - 46 - 0.47157788276672363 0.46801018714904785 0 1
8 2 - 47 - 0.893024206161499 0.8690004348754883 0 1
8 2 - 48 - 0.9130175113677979 0.9039790630340576 0 1
8 2 - 49 - 0.43601036071777344 0.8809788227081299 0 0
8 2 - 50 - 0.4910163879394531 0.49397850036621094 0 1
8 2 - 51 - 0.45497870445251465 0.9770209789276123 0 0
8 2 - 52 - 0.4689218997955322 1.0390005111694336 0 1
8 2 - 53 - 0.39900970458984375 0.3949894905090332 0 1
8 2 - 54 - 0.421994686126709 0.42002177238464355 0 1
8 2 - 55 - 0.42500948905944824 0.4199998378753662 0 1
8 2 - 56 - 0.9080255031585693 0.9040000438690186 0 1
8 2 - 57 - 0.4255483150482178 0.9739995002746582 0 1
8 2 - 58 - 0.44400835037231445 0.4451897144317627 0 1
8 2 - 59 - 0.4699990749359131 0.46700024604797363 0 1
8 2 - 60 - 0.4450089931488037 0.44299983978271484 0 1
8 2 - 61 - 0.44499921798706055 0.9589998722076416 0 0
8 2 - 62 - 0.9200177192687988 0.9009997844696045 0 0
8 2 - 63 - 0.42400598526000977 0.4220001697540283 0 1
8 2 - 64 - 0.4470231533050537 0.995999813079834 0 1
8 2 - 65 - 0.4200136661529541 0.9319789409637451 0 0
8 2 - 66 - 0.39699697494506836 0.3969919681549072 0 1
8 2 - 67 - 0.4460170269012451 0.4530000686645508 0 1
8 2 - 68 - 0.42101550102233887 0.4189791679382324 0 1
8 2 - 69 - 0.47001004219055176 0.4729893207550049 0 1
8 2 - 70 - 0.44399404525756836 0.4420003890991211 0 1
8 2 - 71 - 0.9416153430938721 0.9269998073577881 0 0
8 2 - 72 - 0.4430515766143799 0.44300031661987305 0 1
8 2 - 73 - 0.44899940490722656 0.447021484375 0 1
8 2 - 74 - 0.8940346240997314 0.8739895820617676 0 0
8 2 - 75 - 0.39801907539367676 0.39398932456970215 0 1
8 2 - 76 - 0.4700169563293457 0.4660000801086426 0 1
8 2 - 77 - 0.4470083713531494 0.9930000305175781 0 1
8 2 - 78 - 0.8900139331817627 0.8819897174835205 0 1
8 2 - 79 - 0.4009971618652344 0.3989999294281006 0 1
8 2 - 80 - 0.4730055332183838 1.0430097579956055 0 1
8 2 - 81 - 0.39700889587402344 0.9090442657470703 0 0
8 2 - 82 - 0.878018856048584 0.862999439239502 0 0
8 2 - 83 - 0.4070250988006592 0.8800044059753418 0 0
8 2 - 84 - 0.40001940727233887 0.9290001392364502 0 0
8 2 - 85 - 0.44399404525756836 0.4430210590362549 0 1
8 2 - 86 - 0.3989889621734619 0.3910207748413086 0 1
8 2 - 87 - 0.40154218673706055 0.875 0 0
8 2 - 88 - 0.4590268135070801 0.9569995403289795 0 1
8 2 - 89 - 0.4430100917816162 0.44100022315979004 0 1
8 2 - 90 - 0.44300293922424316 0.9670009613037109 0 0
8 2 - 91 - 0.42902064323425293 0.4250061511993408 0 1
8 2 - 92 - 0.4780266284942627 0.4680001735687256 0 1
8 2 - 93 - 0.42102694511413574 0.4230008125305176 0 1
8 2 - 94 - 0.47499990463256836 0.9809930324554443 0 0
8 2 - 95 - 0.43396759033203125 0.9970126152038574 0 0
8 2 - 96 - 0.3990321159362793 0.3959996700286865 0 1
8 2 - 97 - 0.9099893569946289 0.9089889526367188 0 0
8 2 - 98 - 0.4200150966644287 0.9590003490447998 0 0
8 2 - 99 - 0.4219963550567627 0.4200115203857422 0 1
8 4 - 0 - 0.5110275745391846 0.5100002288818359 0 1
8 4 - 1 - 0.5090122222900391 0.5120000839233398 0 1
8 4 - 2 - 0.5350148677825928 0.5330002307891846 0 1
8 4 - 3 - 0.5540168285369873 0.5590000152587891 0 1
8 4 - 4 - 0.5180153846740723 1.1679999828338623 0 0
8 4 - 5 - 1.1140096187591553 1.0960001945495605 0 1
8 4 - 6 - 0.5330197811126709 0.5349996089935303 0 1
8 4 - 7 - 0.48206019401550293 0.48800015449523926 0 1
8 4 - 8 - 0.5100204944610596 1.1689999103546143 0 1
8 4 - 9 - 0.5069997310638428 1.1830213069915771 0 1
8 4 - 10 - 0.5359876155853271 0.5300045013427734 0 1
8 4 - 11 - 0.5390090942382812 0.5359997749328613 0 1
8 4 - 12 - 0.5829973220825195 1.3370001316070557 0 1
8 4 - 13 - 0.5590164661407471 1.3610002994537354 0 1
8 4 - 14 - 0.5091204643249512 0.510021448135376 0 1
8 4 - 15 - 0.5530130863189697 1.2790002822875977 0 1
8 4 - 16 - 0.5089879035949707 0.5170102119445801 0 1
8 4 - 17 - 0.5110201835632324 0.5129997730255127 0 1
8 4 - 18 - 0.5070164203643799 0.5029997825622559 0 1
8 4 - 19 - 0.5219974517822266 1.2260258197784424 0 1
8 4 - 20 - 0.5539965629577637 1.323000431060791 0 1
8 4 - 21 - 0.5090136528015137 0.5060000419616699 0 1
8 4 - 22 - 1.2870163917541504 1.262000560760498 0 1
8 4 - 23 - 0.5519993305206299 1.2920000553131104 0 1
8 4 - 24 - 0.5110092163085938 1.194000005722046 0 0
8 4 - 25 - 0.5080204010009766 1.268000602722168 0 1
8 4 - 26 - 0.5590059757232666 1.3159770965576172 0 1
8 4 - 27 - 0.5070252418518066 0.5059998035430908 0 1
8 4 - 28 - 1.3040263652801514 1.2809998989105225 0 1
8 4 - 29 - 0.529015302658081 0.5340003967285156 0 1
8 4 - 30 - 0.5916986465454102 1.3699791431427002 0 1
8 4 - 31 - 0.5920209884643555 1.364989995956421 0 0
8 4 - 32 - 0.5079975128173828 0.5059792995452881 0 1
8 4 - 33 - 0.4919896125793457 0.49199914932250977 0 1
8 4 - 34 - 0.5359909534454346 1.2839877605438232 0 1
8 4 - 35 - 1.1800048351287842 1.140016794204712 0 1
8 4 - 36 - 0.5609972476959229 0.5630147457122803 0 1
8 4 - 37 - 0.5150070190429688 0.5109989643096924 0 1
8 4 - 38 - 0.5130088329315186 0.5130002498626709 0 1
8 4 - 39 - 0.5800268650054932 1.4099998474121094 0 1
8 4 - 40 - 0.5190162658691406 0.5159945487976074 0 1
8 4 - 41 - 0.5080127716064453 0.5569756031036377 0 1
8 4 - 42 - 0.541006326675415 1.2580366134643555 0 1
8 4 - 43 - 0.6040089130401611 0.6090004444122314 0 1
8 4 - 44 - 0.5630264282226562 1.2979803085327148 0 1
8 4 - 45 - 0.5319974422454834 0.5389816761016846 0 1
8 4 - 46 - 0.5830142498016357 0.5860002040863037 0 1
8 4 - 47 - 1.2300095558166504 1.1939787864685059 0 1
8 4 - 48 - 1.2730154991149902 1.2219700813293457 0 1
8 4 - 49 - 0.5440268516540527 1.244978904724121 0 0
8 4 - 50 - 0.6030230522155762 0.6120002269744873 0 1
8 4 - 51 - 0.5570123195648193 1.3459999561309814 0 1
8 4 - 52 - 0.5820157527923584 1.3979802131652832 0 1
8 4 - 53 - 0.5109913349151611 0.5110218524932861 0 1
8 4 - 54 - 0.5320093631744385 0.5300002098083496 0 1
8 4 - 55 - 0.5369908809661865 0.5309789180755615 0 1
8 4 - 56 - 1.269547939300537 1.227022647857666 0 1
8 4 - 57 - 0.5379822254180908 1.317981243133545 0 1
8 4 - 58 - 0.5550093650817871 0.565995454788208 0 1
8 4 - 59 - 0.5839946269989014 0.5869996547698975 0 1
8 4 - 60 - 0.5589957237243652 0.563021183013916 0 1
8 4 - 61 - 0.5570099353790283 1.307978868484497 0 1
8 4 - 62 - 1.2139787673950195 1.1920216083526611 0 1
8 4 - 63 - 0.5340087413787842 0.5379965305328369 0 1
8 4 - 64 - 0.5633566379547119 1.3969941139221191 0 1
8 4 - 65 - 0.5513880252838135 1.281020164489746 0 1
8 4 - 66 - 0.511591911315918 0.5039806365966797 0 1
8 4 - 67 - 0.5620152950286865 1.3549787998199463 0 1
8 4 - 68 - 0.5360209941864014 0.5369787216186523 0 1
8 4 - 69 - 0.5780124664306641 0.5850000381469727 0 1
8 4 - 70 - 0.5559403896331787 0.5570111274719238 0 1
8 4 - 71 - 1.260019302368164 1.2450001239776611 0 1
8 4 - 72 - 0.5530145168304443 0.5609793663024902 0 1
8 4 - 73 - 0.5580203533172607 0.5619785785675049 0 1
8 4 - 74 - 1.220993995666504 1.1929996013641357 0 1
8 4 - 75 - 0.5089983940124512 0.5070061683654785 0 1
8 4 - 76 - 0.5830097198486328 0.5780003070831299 0 1
8 4 - 77 - 0.571019172668457 1.3349995613098145 0 1
8 4 - 78 - 1.2340209484100342 1.2139790058135986 0 1
8 4 - 79 - 0.5140151977539062 0.5160002708435059 0 1
8 4 - 80 - 0.5820226669311523 1.3989932537078857 0 1
8 4 - 81 - 0.5109984874725342 1.246000051498413 0 1
8 4 - 82 - 1.1889996528625488 1.16798996925354 1 0
8 4 - 83 - 0.5155642032623291 1.2210001945495605 0 0
8 4 - 84 - 0.5189926624298096 1.2140002250671387 0 1
8 4 - 85 - 0.5610275268554688 0.5559999942779541 0 1
8 4 - 86 - 0.5350186824798584 0.506000280380249 0 1
8 4 - 87 - 0.5279936790466309 1.2200038433074951 0 1
8 4 - 88 - 0.5690040588378906 1.3200163841247559 0 1
8 4 - 89 - 0.5610170364379883 0.5659890174865723 0 1
8 4 - 90 - 0.5730090141296387 1.4149985313415527 0 1
8 4 - 91 - 0.5580165386199951 0.5449831485748291 0 1
8 4 - 92 - 0.5820081233978271 0.5869991779327393 0 1
8 4 - 93 - 0.53902268409729 0.5319812297821045 0 1
8 4 - 94 - 0.5799989700317383 1.357020616531372 0 1
8 4 - 95 - 0.5579900741577148 1.3299946784973145 0 1
8 4 - 96 - 0.5250205993652344 0.5109786987304688 0 1
8 4 - 97 - 1.269007921218872 1.239999532699585 0 1
8 4 - 98 - 0.5349891185760498 1.3139996528625488 0 1
8 4 - 99 - 0.5439960956573486 0.5361490249633789 0 1
8 8 - 0 - 0.7300066947937012 0.7359981536865234 0 1
8 8 - 1 - 0.7329990863800049 0.748009443283081 0 1
8 8 - 2 - 0.7560138702392578 0.7570004463195801 0 1
8 8 - 3 - 0.7920060157775879 0.7800014019012451 0 1
8 8 - 4 - 0.7479944229125977 1.711998462677002 0 0
8 8 - 5 - 1.636993646621704 1.6130216121673584 0 1
8 8 - 6 - 0.7670094966888428 0.7500102519989014 0 1
8 8 - 7 - 0.7090113162994385 0.7019999027252197 0 1
8 8 - 8 - 0.7400190830230713 1.6862211227416992 0 1
8 8 - 9 - 0.7310183048248291 1.7249791622161865 0 1
8 8 - 10 - 0.7570216655731201 0.755000114440918 0 1
8 8 - 11 - 0.7660000324249268 0.7569980621337891 0 1
8 8 - 12 - 0.8050143718719482 1.863999605178833 0 1
8 8 - 13 - 0.7789885997772217 1.8741755485534668 0 1
8 8 - 14 - 0.7330124378204346 0.7240076065063477 0 1
8 8 - 15 - 0.759016752243042 1.8169786930084229 0 1
8 8 - 16 - 0.7409837245941162 0.7350311279296875 0 1
8 8 - 17 - 0.7445306777954102 0.7309997081756592 0 1
8 8 - 18 - 0.7370061874389648 0.7259836196899414 0 1
8 8 - 19 - 0.7350075244903564 1.7160000801086426 0 1
8 8 - 20 - 0.7759993076324463 1.828012466430664 0 1
8 8 - 21 - 0.7290048599243164 0.73201584815979 0 1
8 8 - 22 - 1.80000901222229 1.7799999713897705 0 1
8 8 - 23 - 0.7670199871063232 1.809000015258789 0 1
8 8 - 24 - 0.7289979457855225 1.7059998512268066 0 0
8 8 - 25 - 0.7340197563171387 1.794999599456787 0 1
8 8 - 26 - 0.7830047607421875 1.8329672813415527 0 1
8 8 - 27 - 0.7335622310638428 0.7190001010894775 0 1
8 8 - 28 - 1.809995174407959 1.7930009365081787 0 1
8 8 - 29 - 0.7490148544311523 0.7530002593994141 0 1
8 8 - 30 - 0.799015998840332 1.886000156402588 0 1
8 8 - 31 - 0.8080124855041504 1.885000228881836 0 0
8 8 - 32 - 0.7310101985931396 0.7272119522094727 0 1
8 8 - 33 - 0.705010175704956 0.7019999027252197 0 1
8 8 - 34 - 0.7416512966156006 1.757000207901001 0 1
8 8 - 35 - 1.6790144443511963 1.6439995765686035 0 1
8 8 - 36 - 0.7750096321105957 0.7720098495483398 0 1
8 8 - 37 - 0.7300150394439697 0.7309999465942383 0 1
8 8 - 38 - 0.7290005683898926 0.7309997081756592 0 1
8 8 - 39 - 0.8089792728424072 1.9040191173553467 0 1
8 8 - 40 - 0.7290103435516357 0.738999605178833 0 1
8 8 - 41 - 0.7310161590576172 0.7390003204345703 0 1
8 8 - 42 - 0.7610213756561279 1.7579998970031738 0 1
8 8 - 43 - 0.8190140724182129 0.8309996128082275 0 1
8 8 - 44 - 0.7790076732635498 1.8041067123413086 0 1
8 8 - 45 - 0.7509982585906982 0.7500100135803223 0 1
8 8 - 46 - 0.8000462055206299 0.8009469509124756 0 1
8 8 - 47 - 1.7310137748718262 1.698000431060791 0 1
8 8 - 48 - 1.7609832286834717 1.7573416233062744 0 1
8 8 - 49 - 0.7639963626861572 1.7720208168029785 0 0
8 8 - 50 - 0.8279950618743896 0.8340253829956055 0 1
8 8 - 51 - 0.8350021839141846 1.8710100650787354 0 1
8 8 - 52 - 0.7990119457244873 1.9149997234344482 0 1
8 8 - 53 - 0.7349779605865479 0.7280001640319824 0 1
8 8 - 54 - 0.772632360458374 0.7550053596496582 0 1
8 8 - 55 - 0.749000072479248 0.7450001239776611 0 1
8 8 - 56 - 1.7600042819976807 1.7230100631713867 0 1
8 8 - 57 - 0.7530107498168945 1.8290205001831055 0 1
8 8 - 58 - 0.7729825973510742 0.7770209312438965 0 1
8 8 - 59 - 0.7969977855682373 0.8040006160736084 0 1
8 8 - 60 - 0.777015209197998 0.7789788246154785 0 1
8 8 - 61 - 0.7820098400115967 1.8309903144836426 0 1
8 8 - 62 - 1.739022970199585 1.7109978199005127 0 1
8 8 - 63 - 0.7505733966827393 0.7469785213470459 0 1
8 8 - 64 - 0.7840175628662109 1.88100004196167 0 1
8 8 - 65 - 0.7390210628509521 1.7819998264312744 0 1
8 8 - 66 - 0.7510056495666504 0.7310154438018799 0 1
8 8 - 67 - 0.7856135368347168 1.8640000820159912 0 1
8 8 - 68 - 0.7509751319885254 0.7540206909179688 0 1
8 8 - 69 - 0.7970128059387207 0.8050003051757812 0 1
8 8 - 70 - 0.7760162353515625 0.7709996700286865 0 1
8 8 - 71 - 1.782013177871704 1.7529995441436768 0 1
8 8 - 72 - 0.7750258445739746 0.7749793529510498 0 1
8 8 - 73 - 0.7820158004760742 0.7770063877105713 0 1
8 8 - 74 - 1.7239959239959717 1.7040009498596191 0 1
8 8 - 75 - 0.7360038757324219 0.7660174369812012 0 1
8 8 - 76 - 0.7990097999572754 0.806990385055542 0 1
8 8 - 77 - 0.793999195098877 1.8680040836334229 0 1
8 8 - 78 - 1.749014139175415 1.7159998416900635 0 1
8 8 - 79 - 0.7281203269958496 0.7320001125335693 0 1
8 8 - 80 - 0.8069579601287842 1.9249958992004395 0 1
8 8 - 81 - 0.7360124588012695 1.750999927520752 0 1
8 8 - 82 - 1.7239904403686523 1.6790211200714111 1 0
8 8 - 83 - 0.7376554012298584 1.7420003414154053 0 0
8 8 - 84 - 0.7439970970153809 1.7260000705718994 0 1
8 8 - 85 - 0.7740309238433838 0.7760388851165771 0 1
8 8 - 86 - 0.7250058650970459 0.7200000286102295 0 1
8 8 - 87 - 0.7250146865844727 1.729989767074585 0 1
8 8 - 88 - 0.7810144424438477 1.8119995594024658 0 1
8 8 - 89 - 0.7740194797515869 0.7720000743865967 0 1
8 8 - 90 - 0.7870113849639893 1.8400001525878906 0 1
8 8 - 91 - 0.7556018829345703 0.7569997310638428 0 1
8 8 - 92 - 0.8066325187683105 0.800999641418457 0 1
8 8 - 93 - 0.752007246017456 0.7539999485015869 0 1
8 8 - 94 - 0.8070111274719238 1.885000228881836 0 1
8 8 - 95 - 0.7699978351593018 1.8350517749786377 0 1
8 8 - 96 - 0.734041690826416 0.7270002365112305 0 1
8 8 - 97 - 1.766003131866455 1.7520229816436768 0 1
8 8 - 98 - 0.7560145854949951 1.8199999332427979 0 1
8 8 - 99 - 0.7500064373016357 0.7500002384185791 0 1
16 1 - 0 - 1.1699998378753662 1.1549739837646484 0 1
16 1 - 1 - 1.0290014743804932 2.123028039932251 0 0
16 1 - 2 - 1.1299159526824951 2.477999448776245 0 1
16 1 - 3 - 1.1779983043670654 1.1709990501403809 0 1
16 1 - 4 - 1.1665194034576416 1.1559970378875732 0 1
16 1 - 5 - 1.27801513671875 2.320007085800171 0 1
16 1 - 6 - 1.1160035133361816 1.1199967861175537 0 1
16 1 - 7 - 1.2720041275024414 1.2629961967468262 0 1
16 1 - 8 - 1.2150037288665771 1.2030038833618164 0 1
16 1 - 9 - 1.0369858741760254 1.0409948825836182 0 1
16 1 - 10 - 1.07301664352417 1.058976650238037 0 1
16 1 - 11 - 1.1290011405944824 1.1209971904754639 0 1
16 1 - 12 - 1.0233736038208008 1.003999948501587 0 1
16 1 - 13 - 1.2630000114440918 1.248999834060669 0 1
16 1 - 14 - 1.162029504776001 1.1560001373291016 0 1
16 1 - 15 - 1.2310082912445068 2.3965632915496826 0 1
16 1 - 16 - 1.1649951934814453 1.1559855937957764 0 1
16 1 - 17 - 1.171018362045288 1.1549999713897705 0 1
16 1 - 18 - 1.1165623664855957 1.102997064590454 0 1
16 1 - 19 - 1.1209993362426758 1.1079998016357422 0 1
16 1 - 20 - 1.255000114440918 1.2630000114440918 0 1
16 1 - 21 - 1.3569998741149902 1.3470206260681152 0 1
16 1 - 22 - 1.1275355815887451 1.120999813079834 0 1
16 1 - 23 - 1.0230002403259277 1.0259995460510254 0 1
16 1 - 24 - 1.1649737358093262 1.155562162399292 0 1
16 1 - 25 - 1.0719995498657227 1.068000078201294 0 1
16 1 - 26 - 0.9680101871490479 0.9830000400543213 0 1
16 1 - 27 - 1.273000717163086 1.2499992847442627 0 1
16 1 - 28 - 1.1619892120361328 1.1660106182098389 0 1
16 1 - 29 - 1.117999792098999 1.1120002269744873 0 1
16 1 - 30 - 1.2080104351043701 1.1970107555389404 0 1
16 1 - 31 - 1.2109997272491455 1.2039999961853027 0 1
16 1 - 32 - 1.2569992542266846 1.248990774154663 0 1
16 1 - 33 - 1.0750000476837158 1.059000015258789 0 1
16 1 - 34 - 1.3020002841949463 1.2899994850158691 0 1
16 1 - 35 - 1.2630069255828857 1.2510101795196533 0 1
16 1 - 36 - 1.158019781112671 1.1480002403259277 0 1
16 1 - 37 - 1.2628366947174072 1.2470002174377441 0 1
16 1 - 38 - 1.2527179718017578 1.2430000305175781 0 1
16 1 - 39 - 1.0709953308105469 1.0670223236083984 0 1
16 1 - 40 - 0.9659998416900635 0.9739792346954346 0 1
16 1 - 41 - 1.2609965801239014 1.255021095275879 0 1
16 1 - 42 - 1.064021348953247 1.05299973487854 0 1
16 1 - 43 - 1.3129997253417969 1.3100006580352783 0 1
16 1 - 44 - 1.3439996242523193 1.3390347957611084 0 1
16 1 - 45 - 1.0739972591400146 1.0649998188018799 0 1
16 1 - 46 - 1.1090211868286133 1.1000001430511475 0 1
16 1 - 47 - 0.9700000286102295 0.9650003910064697 0 1
16 1 - 48 - 1.077000379562378 1.051999807357788 0 1
16 1 - 49 - 1.1180241107940674 1.1129894256591797 0 1
16 1 - 50 - 1.0830214023590088 2.187000274658203 0 1
16 1 - 51 - 1.2606477737426758 1.2650001049041748 0 1
16 1 - 52 - 1.1630580425262451 1.1500003337860107 0 1
16 1 - 53 - 0.9729998111724854 0.9679999351501465 0 1
16 1 - 54 - 1.247999906539917 1.2410004138946533 0 1
16 1 - 55 - 1.2229928970336914 1.2220284938812256 0 1
16 1 - 56 - 1.1119792461395264 1.1040208339691162 0 1
16 1 - 57 - 1.0299997329711914 1.0289902687072754 0 1
16 1 - 58 - 1.1570212841033936 1.1500000953674316 0 1
16 1 - 59 - 1.2789998054504395 2.513979434967041 0 1
16 1 - 60 - 1.303008794784546 1.292989730834961 0 1
16 1 - 61 - 1.259535312652588 1.2590000629425049 0 1
16 1 - 62 - 1.3020002841949463 1.2959785461425781 0 1
16 1 - 63 - 1.0278120040893555 1.0249998569488525 0 1
16 1 - 64 - 1.1559932231903076 1.146003007888794 0 1
16 1 - 65 - 1.1670258045196533 1.1519999504089355 0 1
16 1 - 66 - 1.205988883972168 1.209010124206543 0 1
16 1 - 67 - 1.2100210189819336 1.202000379562378 0 1
16 1 - 68 - 1.0280210971832275 1.013000249862671 0 1
16 1 - 69 - 1.0689997673034668 1.0709896087646484 0 1
16 1 - 70 - 1.0650246143341064 1.0509998798370361 0 1
16 1 - 71 - 1.2609789371490479 1.251021146774292 0 1
16 1 - 72 - 1.3499791622161865 1.3410208225250244 0 1
16 1 - 73 - 1.1170096397399902 1.1060001850128174 0 1
16 1 - 74 - 1.1529998779296875 1.1610000133514404 0 1
16 1 - 75 - 0.9769999980926514 0.9629998207092285 0 1
16 1 - 76 - 1.160536527633667 1.1449999809265137 0 1
16 1 - 77 - 1.2630207538604736 1.250000238418579 0 1
16 1 - 78 - 1.191978931427002 1.1550209522247314 0 1
16 1 - 79 - 1.215010643005371 1.2129998207092285 0 1
16 1 - 80 - 1.2989788055419922 1.298020362854004 0 1
16 1 - 81 - 1.123999834060669 1.1069903373718262 0 1
16 1 - 82 - 1.3510000705718994 1.3340001106262207 0 1
16 1 - 83 - 1.1170098781585693 1.107010841369629 0 1
16 1 - 84 - 1.1095633506774902 1.1040103435516357 0 1
16 1 - 85 - 1.2729997634887695 1.2490003108978271 0 1
16 1 - 86 - 1.159536600112915 1.1470000743865967 0 1
16 1 - 87 - 1.125 1.1059999465942383 0 1
16 1 - 88 - 1.250000238418579 1.2419788837432861 0 1
16 1 - 89 - 1.363990068435669 1.3450007438659668 0 1
16 1 - 90 - 1.063000202178955 1.0570003986358643 0 1
16 1 - 91 - 1.2090210914611816 1.2009999752044678 0 1
16 1 - 92 - 1.2070000171661377 1.1959917545318604 0 1
16 1 - 93 - 1.3560216426849365 1.3569998741149902 0 1
16 1 - 94 - 1.1550087928771973 1.1500000953674316 0 1
16 1 - 95 - 1.1150195598602295 1.1106595993041992 0 1
16 1 - 96 - 1.1580212116241455 1.148989200592041 0 1
16 1 - 97 - 1.2239899635314941 1.2019898891448975 0 1
16 1 - 98 - 1.1110000610351562 1.105989933013916 0 1
16 1 - 99 - 1.3239789009094238 1.318021297454834 0 1
16 2 - 0 - 1.2889776229858398 1.306020736694336 0 1
16 2 - 1 - 1.1990065574645996 2.509000301361084 0 0
16 2 - 2 - 1.2550089359283447 2.913997173309326 0 1
16 2 - 3 - 1.3510103225708008 2.7729997634887695 0 1
16 2 - 4 - 1.2999496459960938 1.2919833660125732 0 1
16 2 - 5 - 1.3730242252349854 2.6189794540405273 0 1
16 2 - 6 - 1.247016191482544 2.843003988265991 0 0
16 2 - 7 - 1.4030208587646484 1.3809895515441895 0 1
16 2 - 8 - 1.3419857025146484 1.3260111808776855 0 1
16 2 - 9 - 1.1659998893737793 1.1569066047668457 0 1
16 2 - 10 - 1.1820061206817627 1.1660001277923584 0 1
16 2 - 11 - 1.2689931392669678 1.2880117893218994 0 1
16 2 - 12 - 1.1589901447296143 1.134021282196045 0 1
16 2 - 13 - 1.4229958057403564 1.36799955368042 0 1
16 2 - 14 - 1.2930214405059814 1.3169784545898438 0 1
16 2 - 15 - 1.3505330085754395 2.8169898986816406 0 1
16 2 - 16 - 1.2890205383300781 1.2909698486328125 0 1
16 2 - 17 - 1.3290073871612549 1.3080015182495117 0 1
16 2 - 18 - 1.2519986629486084 1.2210211753845215 0 1
16 2 - 19 - 1.255995273590088 1.252000093460083 0 1
16 2 - 20 - 1.3770203590393066 1.4330003261566162 0 1
16 2 - 21 - 1.492992639541626 1.4829998016357422 0 1
16 2 - 22 - 1.2630102634429932 2.6539700031280518 0 1
16 2 - 23 - 1.1620280742645264 1.1539790630340576 0 1
16 2 - 24 - 1.2950215339660645 1.2879996299743652 0 1
16 2 - 25 - 1.2429492473602295 2.7990000247955322 0 1
16 2 - 26 - 1.1080150604248047 1.1099998950958252 0 1
16 2 - 27 - 1.3895256519317627 1.3660099506378174 0 1
16 2 - 28 - 1.281919002532959 1.319000005722046 0 1
16 2 - 29 - 1.239985704421997 1.243990421295166 0 1
16 2 - 30 - 1.351012945175171 1.3250091075897217 0 1
16 2 - 31 - 1.3473880290985107 1.3698315620422363 0 1
16 2 - 32 - 1.3959870338439941 1.42802095413208 0 1
16 2 - 33 - 1.2230002880096436 1.2000000476837158 0 1
16 2 - 34 - 1.4270098209381104 1.448000431060791 0 1
16 2 - 35 - 1.3779897689819336 1.398010492324829 0 1
16 2 - 36 - 1.2870099544525146 1.2919995784759521 0 1
16 2 - 37 - 1.4049992561340332 1.4050214290618896 0 1
16 2 - 38 - 1.3700227737426758 1.3999996185302734 0 1
16 2 - 39 - 1.1990094184875488 2.645000457763672 0 1
16 2 - 40 - 1.1146724224090576 1.1110002994537354 0 1
16 2 - 41 - 1.4159996509552002 1.4289793968200684 0 1
16 2 - 42 - 1.2225618362426758 1.1800005435943604 0 1
16 2 - 43 - 1.4489307403564453 3.022000312805176 0 1
16 2 - 44 - 1.5119972229003906 2.9620211124420166 0 1
16 2 - 45 - 1.2479984760284424 2.65101957321167 0 1
16 2 - 46 - 1.236027479171753 1.234999656677246 0 1
16 2 - 47 - 1.1240155696868896 1.0879786014556885 0 1
16 2 - 48 - 1.1949312686920166 1.179020881652832 0 1
16 2 - 49 - 1.2380118370056152 2.6390106678009033 0 1
16 2 - 50 - 1.234025478363037 2.5094873905181885 0 1
16 2 - 51 - 1.3900294303894043 2.936999797821045 0 0
16 2 - 52 - 1.312018871307373 1.3019790649414062 0 1
16 2 - 53 - 1.105013132095337 1.1290004253387451 0 1
16 2 - 54 - 1.4010257720947266 1.3689994812011719 0 1
16 2 - 55 - 1.3580138683319092 1.3680000305175781 0 1
16 2 - 56 - 1.264618158340454 1.2170002460479736 0 1
16 2 - 57 - 1.1589891910552979 1.1740002632141113 0 1
16 2 - 58 - 1.2820076942443848 1.2700002193450928 0 1
16 2 - 59 - 1.4120244979858398 2.900583505630493 0 1
16 2 - 60 - 1.427978515625 1.4340214729309082 0 1
16 2 - 61 - 1.3945894241333008 2.7810094356536865 0 1
16 2 - 62 - 1.4445617198944092 2.9240000247955322 0 1
16 2 - 63 - 1.171999454498291 1.1715569496154785 0 1
16 2 - 64 - 1.3019957542419434 1.305020809173584 0 1
16 2 - 65 - 1.312004804611206 1.3139984607696533 0 1
16 2 - 66 - 1.3410193920135498 1.373999834060669 0 1
16 2 - 67 - 1.334017038345337 1.356990098953247 0 1
16 2 - 68 - 1.1472222805023193 1.152803659439087 0 1
16 2 - 69 - 1.2210206985473633 1.1789894104003906 0 1
16 2 - 70 - 1.216026782989502 1.185990810394287 0 1
16 2 - 71 - 1.4080278873443604 1.3709790706634521 0 1
16 2 - 72 - 1.4810090065002441 3.048051357269287 0 0
16 2 - 73 - 1.2350285053253174 1.246000051498413 0 1
16 2 - 74 - 1.2920112609863281 2.7089996337890625 0 1
16 2 - 75 - 1.1190180778503418 1.08597993850708 0 1
16 2 - 76 - 1.297020673751831 1.2660000324249268 0 1
16 2 - 77 - 1.3750007152557373 1.3729889392852783 0 1
16 2 - 78 - 1.2939891815185547 2.798021078109741 0 1
16 2 - 79 - 1.3370001316070557 2.748969793319702 0 1
16 2 - 80 - 1.4560205936431885 2.9080002307891846 0 1
16 2 - 81 - 1.2510216236114502 1.240999698638916 0 1
16 2 - 82 - 1.4900240898132324 1.4779794216156006 0 1
16 2 - 83 - 1.2559995651245117 1.2240004539489746 0 1
16 2 - 84 - 1.2359964847564697 1.2680001258850098 0 1
16 2 - 85 - 1.400989294052124 1.3650202751159668 0 1
16 2 - 86 - 1.2889764308929443 1.2650203704833984 0 1
16 2 - 87 - 1.2659964561462402 1.2400000095367432 0 1
16 2 - 88 - 1.3780131340026855 1.3509995937347412 0 1
16 2 - 89 - 1.5069828033447266 1.4780004024505615 0 1
16 2 - 90 - 1.203019618988037 1.1810002326965332 0 1
16 2 - 91 - 1.3620004653930664 1.3360514640808105 0 1
16 2 - 92 - 1.3494184017181396 1.3168840408325195 0 1
16 2 - 93 - 1.4870946407318115 3.046999931335449 0 1
16 2 - 94 - 1.3128552436828613 2.8319993019104004 0 1
16 2 - 95 - 1.2560091018676758 1.2229790687561035 0 1
16 2 - 96 - 1.3060200214385986 1.2599999904632568 0 1
16 2 - 97 - 1.362999439239502 1.3529787063598633 0 1
16 2 - 98 - 1.263563632965088 1.2609999179840088 0 1
16 2 - 99 - 1.4280178546905518 1.4701757431030273 0 1
16 4 - 0 - 1.5360000133514404 1.5220036506652832 0 1
16 4 - 1 - 1.3921997547149658 3.1529788970947266 0 0
16 4 - 2 - 1.4840002059936523 3.4149999618530273 0 0
16 4 - 3 - 1.5480098724365234 3.4620001316070557 0 1
16 4 - 4 - 1.5439996719360352 1.5129790306091309 0 1
16 4 - 5 - 1.5960016250610352 3.2770004272460938 0 1
16 4 - 6 - 1.471996784210205 3.5169994831085205 0 0
16 4 - 7 - 1.6390495300292969 1.6010408401489258 0 1
16 4 - 8 - 1.5770537853240967 1.5469791889190674 0 1
16 4 - 9 - 1.4270250797271729 1.430999994277954 0 1
16 4 - 10 - 1.4339287281036377 1.3909611701965332 0 1
16 4 - 11 - 1.4861950874328613 3.258999824523926 0 1
16 4 - 12 - 1.4070210456848145 1.406999111175537 0 1
16 4 - 13 - 1.6475739479064941 1.6030104160308838 0 1
16 4 - 14 - 1.5830533504486084 3.4480209350585938 0 1
16 4 - 15 - 1.5879778861999512 3.4870007038116455 0 1
16 4 - 16 - 1.5319955348968506 3.384978771209717 0 1
16 4 - 17 - 1.5529870986938477 1.5400316715240479 0 1
16 4 - 18 - 1.492978811264038 1.455000400543213 0 1
16 4 - 19 - 1.4900197982788086 1.5299725532531738 0 1
16 4 - 20 - 1.6500203609466553 3.685978651046753 0 0
16 4 - 21 - 1.7260193824768066 1.7020061016082764 0 1
16 4 - 22 - 1.480999231338501 3.3630001544952393 0 0
16 4 - 23 - 1.4140236377716064 1.4560000896453857 0 1
16 4 - 24 - 1.534027338027954 1.507978916168213 0 1
16 4 - 25 - 1.4700002670288086 3.482010841369629 0 0
16 4 - 26 - 1.3950204849243164 2.9010002613067627 0 1
16 4 - 27 - 1.6350250244140625 1.6049797534942627 0 1
16 4 - 28 - 1.556997299194336 3.431999921798706 0 0
16 4 - 29 - 1.4929988384246826 1.4789717197418213 0 1
16 4 - 30 - 1.592008113861084 1.5430214405059814 0 1
16 4 - 31 - 1.608999490737915 1.5730211734771729 0 1
16 4 - 32 - 1.6496028900146484 3.5470001697540283 0 1
16 4 - 33 - 1.4605319499969482 1.4059903621673584 0 1
16 4 - 34 - 1.6669981479644775 1.6790001392364502 0 1
16 4 - 35 - 1.621023178100586 1.6090002059936523 0 1
16 4 - 36 - 1.5359880924224854 1.504028081893921 0 1
16 4 - 37 - 1.6280245780944824 1.6389992237091064 0 1
16 4 - 38 - 1.6290125846862793 1.6389997005462646 0 1
16 4 - 39 - 1.4789979457855225 3.2719995975494385 0 1
16 4 - 40 - 1.3560247421264648 2.869999408721924 0 1
16 4 - 41 - 1.6290247440338135 3.518000364303589 0 1
16 4 - 42 - 1.4560248851776123 1.4230000972747803 0 1
16 4 - 43 - 1.6799876689910889 3.670010566711426 0 0
16 4 - 44 - 1.7170002460479736 3.686020612716675 0 1
16 4 - 45 - 1.4575562477111816 3.3250010013580322 0 0
16 4 - 46 - 1.4775474071502686 1.4549999237060547 0 1
16 4 - 47 - 1.384697675704956 1.330000400543213 0 1
16 4 - 48 - 1.4530222415924072 1.4140005111694336 0 1
16 4 - 49 - 1.48602294921875 3.320176601409912 0 1
16 4 - 50 - 1.396970510482788 3.0550293922424316 0 1
16 4 - 51 - 1.6449999809265137 3.571000099182129 0 1
16 4 - 52 - 1.5499918460845947 1.5242149829864502 0 1
16 4 - 53 - 1.417001485824585 3.0950207710266113 0 0
16 4 - 54 - 1.6129825115203857 1.6409826278686523 0 1
16 4 - 55 - 1.6110279560089111 3.4644412994384766 0 1
16 4 - 56 - 1.5080287456512451 1.4799737930297852 0 1
16 4 - 57 - 1.4399988651275635 3.318998098373413 0 1
16 4 - 58 - 1.544001579284668 1.5929980278015137 0 1
16 4 - 59 - 1.6532723903656006 3.5987284183502197 0 0
16 4 - 60 - 1.683002233505249 1.6569993495941162 0 1
16 4 - 61 - 1.6360223293304443 3.4489760398864746 0 1
16 4 - 62 - 1.7139990329742432 3.6179983615875244 0 1
16 4 - 63 - 1.4060001373291016 1.4569981098175049 0 1
16 4 - 64 - 1.5470001697540283 1.5330283641815186 0 1
16 4 - 65 - 1.5659880638122559 1.5479979515075684 0 1
16 4 - 66 - 1.5750014781951904 3.4780187606811523 0 0
16 4 - 67 - 1.5967466831207275 1.6179964542388916 0 1
16 4 - 68 - 1.3990027904510498 3.356997013092041 0 1
16 4 - 69 - 1.4510009288787842 1.4019982814788818 0 1
16 4 - 70 - 1.4695370197296143 1.393998384475708 0 1
16 4 - 71 - 1.6509168148040771 1.6299965381622314 0 1
16 4 - 72 - 1.7325100898742676 3.767995595932007 0 1
16 4 - 73 - 1.522001028060913 1.5019972324371338 0 1
16 4 - 74 - 1.5710210800170898 3.37497878074646 0 1
16 4 - 75 - 1.3695166110992432 1.310007095336914 0 1
16 4 - 76 - 1.5255088806152344 1.4959967136383057 0 1
16 4 - 77 - 1.6509954929351807 1.6075046062469482 0 1
16 4 - 78 - 1.5490012168884277 3.531018018722534 0 1
16 4 - 79 - 1.6240196228027344 3.347996473312378 0 1
16 4 - 80 - 1.7080011367797852 3.631998300552368 0 1
16 4 - 81 - 1.5110223293304443 1.4829754829406738 0 1
16 4 - 82 - 1.7250018119812012 1.732996940612793 0 1
16 4 - 83 - 1.5040028095245361 1.4730165004730225 0 1
16 4 - 84 - 1.4839975833892822 3.4085302352905273 0 1
16 4 - 85 - 1.6419966220855713 1.6379973888397217 0 1
16 4 - 86 - 1.5345356464385986 1.5049970149993896 0 1
16 4 - 87 - 1.5150015354156494 1.4579966068267822 0 1
16 4 - 88 - 1.6239933967590332 1.6379978656768799 0 1
16 4 - 89 - 1.747997760772705 1.7320172786712646 0 1
16 4 - 90 - 1.4529922008514404 1.4280126094818115 0 1
16 4 - 91 - 1.6120195388793945 1.5589962005615234 0 1
16 4 - 92 - 1.58701753616333 1.5779962539672852 0 1
16 4 - 93 - 1.7589988708496094 3.868549108505249 0 0
16 4 - 94 - 1.5870084762573242 3.59599232673645 0 0
16 4 - 95 - 1.5300002098083496 1.489018440246582 0 1
16 4 - 96 - 1.544018268585205 1.5089771747589111 0 1
16 4 - 97 - 1.6050002574920654 1.581012487411499 0 1
16 4 - 98 - 1.5430028438568115 3.555994987487793 0 1
16 4 - 99 - 1.7220005989074707 3.885000228881836 0 0
16 8 - 0 - 1.9919040203094482 1.992844820022583 0 1
16 8 - 1 - 1.9450089931488037 4.42905068397522 0 0
16 8 - 2 - 1.946021318435669 4.791997671127319 0 1
16 8 - 3 - 2.041908025741577 4.819481611251831 0 1
16 8 - 4 - 1.9819962978363037 2.003999710083008 0 1
16 8 - 5 - 2.052016496658325 4.843000650405884 0 1
16 8 - 6 - 1.9480013847351074 4.930018901824951 0 1
16 8 - 7 - 2.107999324798584 2.1279964447021484 0 1
16 8 - 8 - 2.0260210037231445 2.04400634765625 0 1
16 8 - 9 - 1.88702392578125 4.585970640182495 0 1
16 8 - 10 - 1.9040019512176514 1.9230265617370605 0 1
16 8 - 11 - 1.9829943180084229 4.682999849319458 0 1
16 8 - 12 - 1.8520162105560303 1.8960075378417969 0 1
16 8 - 13 - 2.1079962253570557 2.090522050857544 0 1
16 8 - 14 - 1.9839999675750732 4.727508306503296 0 1
16 8 - 15 - 2.0529956817626953 4.865459442138672 0 1
16 8 - 16 - 1.9780023097991943 4.776508092880249 0 1
16 8 - 17 - 1.9989993572235107 1.9869985580444336 0 1
16 8 - 18 - 1.9825491905212402 1.9120182991027832 0 1
16 8 - 19 - 1.9439990520477295 1.9859955310821533 0 1
16 8 - 20 - 2.1190011501312256 5.010012865066528 0 1
16 8 - 21 - 2.1790013313293457 2.1979973316192627 0 1
16 8 - 22 - 1.96000075340271 4.721019506454468 0 1
16 8 - 23 - 1.8590013980865479 4.758027076721191 0 1
16 8 - 24 - 2.0019726753234863 1.9980182647705078 0 1
16 8 - 25 - 1.9290010929107666 4.709510087966919 0 1
16 8 - 26 - 1.813002109527588 4.329252004623413 0 1
16 8 - 27 - 2.0730159282684326 2.097978353500366 0 1
16 8 - 28 - 2.0175390243530273 4.812585353851318 0 1
16 8 - 29 - 1.9950037002563477 1.947995662689209 0 1
16 8 - 30 - 2.040001630783081 2.0659966468811035 0 1
16 8 - 31 - 2.0680019855499268 2.074025869369507 0 1
16 8 - 32 - 2.0759992599487305 4.967023611068726 0 1
16 8 - 33 - 1.9042987823486328 1.911010980606079 0 1
16 8 - 34 - 2.1444294452667236 2.1430065631866455 0 1
16 8 - 35 - 2.087000846862793 2.1189959049224854 0 1
16 8 - 36 - 2.0219902992248535 1.9890074729919434 0 1
16 8 - 37 - 2.10400128364563 2.1119894981384277 0 1
16 8 - 38 - 2.09053897857666 2.0919957160949707 0 1
16 8 - 39 - 1.9079530239105225 4.701999187469482 0 1
16 8 - 40 - 1.8259990215301514 4.287566661834717 0 1
16 8 - 41 - 2.0939834117889404 5.043550729751587 0 1
16 8 - 42 - 1.8870000839233398 1.846008539199829 0 1
16 8 - 43 - 2.1060187816619873 5.186015844345093 0 1
16 8 - 44 - 2.1583006381988525 5.171057224273682 0 1
16 8 - 45 - 1.9370191097259521 4.6366353034973145 0 1
16 8 - 46 - 1.972991704940796 1.936927080154419 0 1
16 8 - 47 - 1.82655930519104 1.832998514175415 0 1
16 8 - 48 - 1.901968002319336 1.88299560546875 0 1
16 8 - 49 - 1.9690160751342773 4.637238502502441 0 1
16 8 - 50 - 1.8510119915008545 4.410560846328735 0 1
16 8 - 51 - 2.098940849304199 5.0809242725372314 0 1
16 8 - 52 - 1.9979939460754395 2.0069973468780518 0 1
16 8 - 53 - 1.8550114631652832 4.494104623794556 0 1
16 8 - 54 - 2.074000120162964 2.0629994869232178 0 1
16 8 - 55 - 2.035003423690796 4.938546895980835 0 1
16 8 - 56 - 1.9629883766174316 1.95100736618042 0 1
16 8 - 57 - 1.8675556182861328 4.521888971328735 0 1
16 8 - 58 - 1.9880027770996094 1.9609973430633545 0 1
16 8 - 59 - 2.095097303390503 5.017382621765137 0 1
16 8 - 60 - 2.1140029430389404 2.124992847442627 0 1
16 8 - 61 - 2.0930099487304688 4.95399808883667 0 1
16 8 - 62 - 2.1136205196380615 5.108997344970703 0 1
16 8 - 63 - 1.8919925689697266 4.67050838470459 0 1
16 8 - 64 - 2.0426275730133057 1.9841735363006592 0 1
16 8 - 65 - 2.010002613067627 1.9969968795776367 0 1
16 8 - 66 - 2.0599942207336426 4.882439136505127 0 1
16 8 - 67 - 2.0355606079101562 2.0690901279449463 0 1
16 8 - 68 - 1.9010019302368164 4.6509974002838135 0 1
16 8 - 69 - 1.9144129753112793 1.9129958152770996 0 1
16 8 - 70 - 1.8929998874664307 1.8821134567260742 0 1
16 8 - 71 - 2.0930073261260986 2.096998929977417 0 1
16 8 - 72 - 2.169001579284668 5.220307111740112 0 1
16 8 - 73 - 1.9649999141693115 1.9279975891113281 0 1
16 8 - 74 - 1.9860036373138428 4.754624366760254 0 1
16 8 - 75 - 1.8189356327056885 1.7920072078704834 0 1
16 8 - 76 - 1.98002028465271 2.0070066452026367 0 1
16 8 - 77 - 2.0985512733459473 2.1139988899230957 0 1
16 8 - 78 - 2.017012596130371 4.833996534347534 0 1
16 8 - 79 - 2.0419962406158447 4.905996322631836 0 1
16 8 - 80 - 2.1349997520446777 5.00199818611145 0 1
16 8 - 81 - 1.9800026416778564 1.9170570373535156 0 1
16 8 - 82 - 2.168994903564453 2.2040181159973145 0 1
16 8 - 83 - 1.9540023803710938 1.9809751510620117 0 1
16 8 - 84 - 1.9400029182434082 4.812995672225952 0 1
16 8 - 85 - 2.113001585006714 2.112997055053711 0 1
16 8 - 86 - 2.0080301761627197 1.959970474243164 0 1
16 8 - 87 - 1.9440412521362305 1.9649701118469238 0 1
16 8 - 88 - 2.0903091430664062 2.0779976844787598 0 1
16 8 - 89 - 2.159998655319214 2.1289987564086914 0 1
16 8 - 90 - 1.8990025520324707 1.9139981269836426 0 1
16 8 - 91 - 2.0544590950012207 2.0679967403411865 0 1
16 8 - 92 - 2.016038417816162 2.0119986534118652 0 1
16 8 - 93 - 2.17400860786438 5.257152080535889 0 1
16 8 - 94 - 2.0339980125427246 4.8910627365112305 0 1
16 8 - 95 - 1.9859955310821533 1.9409968852996826 0 1
16 8 - 96 - 1.985001802444458 1.9711172580718994 0 1
16 8 - 97 - 2.0589969158172607 2.0730018615722656 0 1
16 8 - 98 - 1.959000587463379 4.885996341705322 0 1
16 8 - 99 - 2.129563093185425 5.25999641418457 0 1
32 1 - 0 - 4.309280872344971 4.171537637710571 0 1
32 1 - 1 - 4.1789984703063965 4.09799861907959 0 1
32 1 - 2 - 4.354999542236328 4.274047374725342 0 1
32 1 - 3 - 4.3530542850494385 4.2789998054504395 0 1
32 1 - 4 - 4.45208215713501 4.502000331878662 0 1
32 1 - 5 - 4.138000965118408 4.029989004135132 0 1
32 1 - 6 - 4.5300374031066895 4.390028238296509 0 1
32 1 - 7 - 3.7100021839141846 3.7969985008239746 0 1
32 1 - 8 - 3.9110000133514404 4.041095972061157 0 1
32 1 - 9 - 4.08757472038269 4.042027473449707 0 1
32 1 - 10 - 4.12458872795105 4.056023359298706 0 1
32 1 - 11 - 4.512507677078247 4.383000612258911 0 1
32 1 - 12 - 3.7110276222229004 3.6354775428771973 0 1
32 1 - 13 - 4.994037389755249 4.941248893737793 0 1
32 1 - 14 - 4.441996335983276 4.486996650695801 0 1
32 1 - 15 - 4.359994173049927 4.2965087890625 0 1
32 1 - 16 - 4.449000597000122 4.373507022857666 0 1
32 1 - 17 - 4.193534851074219 4.096507549285889 0 1
32 1 - 18 - 4.093000173568726 4.050508260726929 0 1
32 1 - 19 - 4.589507579803467 4.481508255004883 0 1
32 1 - 20 - 4.176011085510254 4.090499639511108 0 1
32 1 - 21 - 4.364001035690308 4.3380186557769775 0 1
32 1 - 22 - 4.57302713394165 4.4830002784729 0 1
32 1 - 23 - 4.466999292373657 4.510846138000488 0 1
32 1 - 24 - 4.114003658294678 4.029015302658081 0 1
32 1 - 25 - 3.9976613521575928 3.888106346130371 0 1
32 1 - 26 - 4.295034646987915 4.352423667907715 0 1
32 1 - 27 - 3.7000951766967773 3.6103007793426514 0 1
32 1 - 28 - 4.675999641418457 4.4840006828308105 0 1
32 1 - 29 - 4.9780004024505615 4.847506999969482 0 1
32 1 - 30 - 4.213997840881348 4.238668203353882 0 1
32 1 - 31 - 4.042508602142334 3.914106607437134 0 1
32 1 - 32 - 4.110996961593628 4.008000373840332 0 1
32 1 - 33 - 3.751554489135742 3.7045648097991943 0 1
32 1 - 34 - 4.473001003265381 4.291059970855713 0 1
32 1 - 35 - 4.165574073791504 4.080018520355225 0 1
32 1 - 36 - 4.289999723434448 4.24099588394165 0 1
32 1 - 37 - 3.8616225719451904 3.8005549907684326 0 1
32 1 - 38 - 4.2135913372039795 4.284978866577148 0 1
32 1 - 39 - 3.7655534744262695 3.68703556060791 0 1
32 1 - 40 - 4.0284423828125 3.933976411819458 0 1
32 1 - 41 - 4.399119853973389 4.299001455307007 0 1
32 1 - 42 - 4.519970893859863 4.678001165390015 0 1
32 1 - 43 - 4.619997262954712 4.540999889373779 0 1
32 1 - 44 - 4.457009792327881 4.465987205505371 0 1
32 1 - 45 - 4.270003795623779 4.137995719909668 0 1
32 1 - 46 - 4.313536167144775 4.199989557266235 0 1
32 1 - 47 - 3.9130022525787354 3.9540181159973145 0 1
32 1 - 48 - 3.77199649810791 3.6739985942840576 0 1
32 1 - 49 - 4.134000539779663 4.042999267578125 0 1
32 1 - 50 - 4.741999387741089 4.636998653411865 0 1
32 1 - 51 - 4.175996780395508 4.225999593734741 0 1
32 1 - 52 - 3.8539960384368896 3.769524574279785 0 1
16 1 - 0 - 1.1879780292510986 1.1740186214447021 0 1
16 1 - 1 - 1.0599987506866455 2.171999931335449 0 0
16 1 - 2 - 1.1969807147979736 2.529007911682129 0 1
16 1 - 3 - 1.201982021331787 1.1849968433380127 0 1
16 1 - 4 - 1.2010114192962646 1.1869878768920898 0 1
16 1 - 5 - 1.2479991912841797 2.367018222808838 0 1
16 1 - 6 - 1.2080025672912598 1.1440057754516602 0 1
16 1 - 7 - 1.284998893737793 1.2719995975494385 0 1
16 1 - 8 - 1.2410001754760742 1.2149968147277832 0 1
4 1 - 0 - 0.28000378608703613 0.27701640129089355 1 0
4 1 - 1 - 0.1739957332611084 0.13800549507141113 0 1
4 1 - 2 - 0.14599967002868652 0.1410081386566162 0 1
4 1 - 3 - 0.311004638671875 0.2951202392578125 0 1
4 1 - 4 - 0.2880268096923828 0.28497314453125 1 0
4 1 - 5 - 0.30700254440307617 0.3100261688232422 0 1
4 1 - 6 - 0.2820017337799072 0.2799968719482422 0 1
4 1 - 7 - 0.15100669860839844 0.14899110794067383 0 1
4 1 - 0 - 0.28199195861816406 0.2710075378417969 1 0
4 1 - 1 - 0.13799047470092773 0.13499712944030762 0 1
4 1 - 2 - 0.13899779319763184 0.13402056694030762 0 1
4 1 - 3 - 0.29401373863220215 0.2909975051879883 0 1
4 1 - 4 - 0.28299999237060547 0.28400206565856934 1 0
4 1 - 5 - 0.30791139602661133 0.30799031257629395 0 1
4 1 - 6 - 0.2830018997192383 0.27899861335754395 0 1
4 1 - 7 - 0.14799857139587402 0.14599823951721191 0 1
4 1 - 8 - 0.29398584365844727 0.2929861545562744 1 0
4 1 - 9 - 0.13701319694519043 0.133986234664917 0 1
4 1 - 10 - 0.3050119876861572 0.30399489402770996 0 1
4 1 - 11 - 0.2700035572052002 0.26599645614624023 0 1
4 1 - 12 - 0.15000700950622559 0.3159630298614502 0 1
4 1 - 13 - 0.15001583099365234 0.3059823513031006 0 0
4 1 - 14 - 0.12399101257324219 0.12100768089294434 0 1
4 1 - 15 - 0.295989990234375 0.2920091152191162 0 1
4 1 - 16 - 0.15100312232971191 0.30299878120422363 0 0
4 1 - 17 - 0.12500214576721191 0.12299728393554688 0 1
4 1 - 18 - 0.13701272010803223 0.13399648666381836 0 1
4 1 - 19 - 0.2960023880004883 0.2930009365081787 0 0
4 1 - 20 - 0.1350090503692627 0.13299870491027832 0 1
4 1 - 21 - 0.272000789642334 0.271026611328125 0 1
4 1 - 22 - 0.3040192127227783 0.3039982318878174 0 1
4 1 - 23 - 0.13698911666870117 0.1360151767730713 0 1
4 1 - 24 - 0.13800477981567383 0.13502192497253418 0 1
4 1 - 25 - 0.1360030174255371 0.1329948902130127 0 1
4 1 - 26 - 0.30900001525878906 0.3100090026855469 0 0
4 1 - 27 - 0.15099358558654785 0.3089902400970459 0 0
4 1 - 28 - 0.13799023628234863 0.134016752243042 0 1
4 1 - 29 - 0.13800406455993652 0.13598394393920898 0 1
4 1 - 30 - 0.14899373054504395 0.145005464553833 0 1
4 1 - 31 - 0.13499951362609863 0.13399863243103027 0 1
4 1 - 32 - 0.1490011215209961 0.3040013313293457 0 0
4 1 - 33 - 0.2930004596710205 0.2889981269836426 0 1
4 1 - 34 - 0.30300211906433105 0.3039875030517578 0 0
4 1 - 35 - 0.14601659774780273 0.14499831199645996 0 1
4 1 - 36 - 0.3169980049133301 0.31599998474121094 0 0
4 1 - 37 - 0.14998197555541992 0.17100286483764648 0 1
4 1 - 38 - 0.15099501609802246 0.14801383018493652 0 1
4 1 - 39 - 0.27900052070617676 0.2720060348510742 1 0
4 1 - 40 - 0.1509840488433838 0.3230164051055908 0 1
4 1 - 41 - 0.26900291442871094 0.2709848880767822 0 1
4 1 - 42 - 0.15199518203735352 0.30199718475341797 0 1
4 1 - 43 - 0.30901575088500977 0.27898073196411133 0 1
4 1 - 44 - 0.29100847244262695 0.2969985008239746 0 1
4 1 - 45 - 0.3079948425292969 0.30600619316101074 0 1
4 1 - 46 - 0.12400388717651367 0.12198495864868164 0 1
4 1 - 47 - 0.2829861640930176 0.2800126075744629 1 0
4 1 - 48 - 0.13701295852661133 0.1339867115020752 0 1
4 1 - 49 - 0.14901208877563477 0.14699268341064453 0 1
4 1 - 50 - 0.28000497817993164 0.28098630905151367 1 0
4 1 - 51 - 0.13401341438293457 0.1329965591430664 0 1
4 1 - 52 - 0.12500619888305664 0.12299108505249023 0 1
4 1 - 53 - 0.30400872230529785 0.3049964904785156 0 1
4 1 - 54 - 0.27000999450683594 0.2669987678527832 0 1
4 1 - 0 - 1.0119881629943848 0.2600088119506836 1 0
4 1 - 0 - 0.2689948081970215 0.26503610610961914 1 0
4 1 - 1 - 0.1320028305053711 0.1329963207244873 0 1
4 1 - 2 - 0.13399934768676758 0.12999773025512695 0 1
4 1 - 3 - 0.28400373458862305 0.28499579429626465 0 1
4 1 - 4 - 0.27500009536743164 0.27300143241882324 1 0
4 1 - 5 - 0.2980213165283203 0.29697608947753906 0 1
4 1 - 6 - 0.271975040435791 0.26999783515930176 0 1
4 1 - 7 - 0.14400148391723633 0.1419987678527832 0 1
4 1 - 8 - 0.2840001583099365 0.2830018997192383 1 0
4 1 - 9 - 0.12999820709228516 0.12999701499938965 0 1
4 1 - 10 - 0.29700255393981934 0.2949957847595215 0 1
4 1 - 11 - 0.2609975337982178 0.25699710845947266 0 1
4 1 - 12 - 0.14500164985656738 0.3070192337036133 0 1
4 1 - 13 - 0.14602923393249512 0.2979724407196045 0 0
4 1 - 14 - 0.12099409103393555 0.11703133583068848 0 1
4 1 - 15 - 0.28400325775146484 0.2819945812225342 0 1
4 1 - 16 - 0.14600133895874023 0.296001672744751 0 0
4 1 - 17 - 0.12000155448913574 0.1179964542388916 0 1
4 1 - 18 - 0.13199639320373535 0.13202834129333496 0 1
4 1 - 19 - 0.28800058364868164 0.2840001583099365 0 0
4 1 - 20 - 0.13100337982177734 0.12999701499938965 0 1
4 1 - 21 - 0.2610032558441162 0.25899434089660645 0 1
4 1 - 22 - 0.2969973087310791 0.29599809646606445 0 1
4 1 - 23 - 0.13300204277038574 0.12901782989501953 0 1
4 1 - 24 - 0.13300085067749023 0.13000011444091797 0 1
4 1 - 25 - 0.13402175903320312 0.1299762725830078 0 1
4 1 - 26 - 0.29700326919555664 0.2969970703125 0 0
4 1 - 27 - 0.14300012588500977 0.2970004081726074 0 0
4 1 - 28 - 0.13100171089172363 0.12999725341796875 0 1
4 1 - 29 - 0.13200068473815918 0.12999749183654785 0 1
4 1 - 30 - 0.1439979076385498 0.14300870895385742 0 1
4 1 - 31 - 0.13300085067749023 0.1289980411529541 0 1
4 1 - 32 - 0.14599609375 0.2980003356933594 0 0
4 1 - 33 - 0.2820007801055908 0.28099799156188965 0 1
4 1 - 34 - 0.2950003147125244 0.29602813720703125 0 0
4 1 - 35 - 0.14300084114074707 0.1419990062713623 0 1
4 1 - 36 - 0.30900025367736816 0.30699872970581055 0 0
4 1 - 37 - 0.13000059127807617 0.128997802734375 0 1
4 1 - 38 - 0.14799833297729492 0.1419994831085205 0 1
4 1 - 39 - 0.2610025405883789 0.25902581214904785 1 0
4 1 - 40 - 0.14300107955932617 0.30499720573425293 0 1
4 1 - 41 - 0.2579984664916992 0.2579977512359619 0 1
4 1 - 42 - 0.14499306678771973 0.2819986343383789 0 1
4 1 - 43 - 0.27300214767456055 0.2689967155456543 0 1
4 1 - 44 - 0.28999805450439453 0.2840297222137451 0 1
4 1 - 45 - 0.3060140609741211 0.2989788055419922 0 1
4 1 - 46 - 0.1300051212310791 0.11999130249023438 0 1
4 1 - 47 - 0.27201128005981445 0.271989107131958 1 0
4 1 - 48 - 0.1309812068939209 0.13199901580810547 0 1
4 1 - 49 - 0.1490035057067871 0.14799904823303223 0 1
4 1 - 50 - 0.2739989757537842 0.27202463150024414 1 0
4 1 - 51 - 0.13100171089172363 0.1309967041015625 0 1
4 1 - 52 - 0.12301850318908691 0.11798954010009766 0 1
4 1 - 53 - 0.29799675941467285 0.30404210090637207 0 1
4 1 - 54 - 0.2639949321746826 0.26399922370910645 0 1
4 1 - 55 - 0.28400158882141113 0.27700042724609375 0 0
4 1 - 56 - 0.14500188827514648 0.29399561882019043 0 1
4 1 - 57 - 0.2720050811767578 0.2709970474243164 1 0
4 1 - 58 - 0.14199614524841309 0.1419968605041504 0 1
4 1 - 59 - 0.145003080368042 0.2929975986480713 0 0
4 1 - 60 - 0.2689995765686035 0.26999902725219727 0 1
4 1 - 61 - 0.2929966449737549 0.2839994430541992 0 1
4 1 - 62 - 0.306002140045166 0.2589998245239258 1 0
4 1 - 63 - 0.13100123405456543 0.1320040225982666 0 1
4 1 - 64 - 0.13300514221191406 0.12999415397644043 0 1
4 1 - 65 - 0.2690000534057617 0.27199721336364746 0 1
4 1 - 66 - 0.14400100708007812 0.1419973373413086 0 1
4 1 - 67 - 0.11899900436401367 0.11799860000610352 0 1
4 1 - 68 - 0.2709994316101074 0.2700021266937256 1 0
4 1 - 69 - 0.13100051879882812 0.1289975643157959 0 1
4 1 - 70 - 0.14499950408935547 0.29700207710266113 0 0
4 1 - 71 - 0.2960031032562256 0.2969779968261719 0 1
4 1 - 72 - 0.27100086212158203 0.26999473571777344 0 1
4 1 - 73 - 0.27199721336364746 0.27100586891174316 1 0
4 1 - 74 - 0.14500808715820312 0.14598989486694336 0 1
4 1 - 75 - 0.2710227966308594 0.27197813987731934 1 0
4 1 - 76 - 0.29700565338134766 0.2939941883087158 0 1
4 1 - 77 - 0.29602885246276855 0.2929694652557373 0 1
4 1 - 78 - 0.27300477027893066 0.27199888229370117 1 0
4 1 - 79 - 0.1419992446899414 0.14099669456481934 0 1
4 1 - 80 - 0.2949991226196289 0.29602789878845215 0 0
4 1 - 81 - 0.28499484062194824 0.28200531005859375 1 0
4 1 - 82 - 0.27098965644836426 0.27102208137512207 0 0
4 1 - 83 - 0.28299760818481445 0.28099727630615234 0 1
4 1 - 84 - 0.11899781227111816 0.11902070045471191 0 1
4 1 - 85 - 0.2830023765563965 0.27899599075317383 0 1
4 1 - 86 - 0.14300060272216797 0.14099717140197754 0 1
4 1 - 87 - 0.13199639320373535 0.1289963722229004 0 1
4 1 - 88 - 0.11899781227111816 0.1179962158203125 0 1
4 1 - 89 - 0.2700045108795166 0.26699352264404297 0 1
4 1 - 90 - 0.13100075721740723 0.1289985179901123 0 1
4 1 - 91 - 0.2980005741119385 0.2929973602294922 0 1
4 1 - 92 - 0.1450023651123047 0.2809929847717285 0 1
4 1 - 93 - 0.28299927711486816 0.28100037574768066 1 0
4 1 - 94 - 0.2709965705871582 0.270000696182251 0 0
4 1 - 95 - 0.12999653816223145 0.1300203800201416 0 1
4 1 - 96 - 0.13300323486328125 0.13000059127807617 0 1
4 1 - 97 - 0.1340038776397705 0.12899446487426758 0 1
4 1 - 98 - 0.13100051879882812 0.128997802734375 0 1
4 1 - 99 - 0.28200340270996094 0.28299689292907715 0 1
4 2 - 0 - 0.29399991035461426 0.29500269889831543 1 0
4 2 - 1 - 0.13902020454406738 0.13997840881347656 0 1
4 1 - 0 - 0.372999906539917 0.28699827194213867 1 0
4 1 - 1 - 0.23299884796142578 0.15399813652038574 0 1
4 1 - 2 - 0.249006986618042 0.16499876976013184 0 1
4 1 - 3 - 0.232011079788208 0.14999818801879883 0 1
4 1 - 4 - 0.37198400497436523 0.29401373863220215 1 0
4 1 - 5 - 0.25005483627319336 0.16500020027160645 0 1
4 1 - 6 - 0.351024866104126 0.27998995780944824 0 1
4 1 - 7 - 0.23200058937072754 0.1529996395111084 0 1
4 1 - 8 - 0.3889899253845215 0.3080098628997803 1 0
4 1 - 9 - 0.21802115440368652 0.13999557495117188 0 1
4 1 - 10 - 0.2519998550415039 0.16299986839294434 0 1
4 1 - 11 - 0.21613144874572754 0.13988828659057617 0 1
4 1 - 12 - 0.24999713897705078 0.1640000343322754 0 1
4 1 - 13 - 0.23701024055480957 0.3080008029937744 0 0
4 1 - 14 - 0.21197986602783203 0.13901996612548828 0 1
4 1 - 15 - 0.2320241928100586 0.1519794464111328 0 1
4 1 - 16 - 0.23699712753295898 0.30699968338012695 0 0
4 1 - 17 - 0.21100831031799316 0.13898968696594238 0 1
4 1 - 18 - 0.2129991054534912 0.1400001049041748 0 1
4 1 - 19 - 0.3750159740447998 0.2929997444152832 0 0
4 1 - 20 - 0.2130262851715088 0.1380000114440918 0 1
4 1 - 21 - 0.3429405689239502 0.2679915428161621 0 1
4 1 - 22 - 0.2530028820037842 0.16401958465576172 0 1
4 1 - 23 - 0.2320094108581543 0.15199971199035645 0 1
4 1 - 24 - 0.23099946975708008 0.15200018882751465 0 1
4 1 - 25 - 0.23097968101501465 0.15400004386901855 0 1
4 1 - 26 - 0.40001511573791504 0.31897974014282227 0 0
4 1 - 27 - 0.27101874351501465 0.33797454833984375 0 0
4 1 - 28 - 0.23200201988220215 0.15301728248596191 0 1
4 1 - 29 - 0.2569890022277832 0.16601991653442383 0 1
4 1 - 30 - 0.25200414657592773 0.1680011749267578 0 1
4 1 - 31 - 0.23299741744995117 0.15302038192749023 0 1
4 1 - 32 - 0.23699402809143066 0.30600476264953613 0 0
4 1 - 33 - 0.38701438903808594 0.30699944496154785 0 1
4 1 - 34 - 0.404024600982666 0.32097530364990234 0 0
4 1 - 35 - 0.23200464248657227 0.15300917625427246 0 1
4 1 - 36 - 0.25398969650268555 0.3569974899291992 0 0
4 1 - 37 - 0.2309877872467041 0.16799449920654297 0 1
4 1 - 38 - 0.23298978805541992 0.1549849510192871 0 1
4 1 - 39 - 0.36301302909851074 0.31499195098876953 1 0
4 1 - 40 - 0.2680177688598633 0.3400001525878906 0 1
4 1 - 41 - 0.34197092056274414 0.2720191478729248 0 1
4 1 - 42 - 0.23602938652038574 0.2999999523162842 0 1
4 1 - 43 - 0.21501421928405762 0.14000940322875977 0 1
4 1 - 44 - 0.3829987049102783 0.31101083755493164 0 1
4 1 - 45 - 0.2603778839111328 0.18699145317077637 0 1
4 1 - 46 - 0.24088072776794434 0.1549382209777832 0 1
4 1 - 47 - 0.3840141296386719 0.3010103702545166 1 0
4 1 - 48 - 0.255997896194458 0.1659986972808838 0 1
4 1 - 49 - 0.2760179042816162 0.1834726333618164 0 1
4 1 - 50 - 0.3979952335357666 0.30100297927856445 1 0
4 1 - 51 - 0.2369983196258545 0.15599489212036133 0 1
4 1 - 52 - 0.23899149894714355 0.15107274055480957 0 1
4 1 - 53 - 0.25899791717529297 0.16801953315734863 0 1
4 1 - 54 - 0.2177259922027588 0.14411711692810059 0 1
4 1 - 55 - 0.24151968955993652 0.31899118423461914 0 0
4 1 - 56 - 0.2560079097747803 0.17699480056762695 0 1
4 1 - 57 - 0.3879990577697754 0.3050088882446289 1 0
4 1 - 58 - 0.2580082416534424 0.16698932647705078 0 1
4 1 - 59 - 0.2669825553894043 0.3414120674133301 0 0
4 1 - 60 - 0.24957633018493652 0.15618610382080078 0 1
4 1 - 61 - 0.4149966239929199 0.3190031051635742 0 1
4 1 - 62 - 0.3540070056915283 0.2879984378814697 1 0
4 1 - 63 - 0.23701000213623047 0.15399432182312012 0 1
4 1 - 64 - 0.2359926700592041 0.1759796142578125 0 1
4 1 - 65 - 0.21899628639221191 0.14207077026367188 0 1
4 1 - 66 - 0.2570004463195801 0.16802525520324707 0 1
4 1 - 67 - 0.23498821258544922 0.1560201644897461 0 1
4 1 - 68 - 0.3869941234588623 0.30800509452819824 1 0
4 1 - 69 - 0.2859992980957031 0.1680006980895996 0 1
4 1 - 70 - 0.28209853172302246 0.3269474506378174 0 0
4 1 - 71 - 0.25499987602233887 0.16901540756225586 0 1
4 1 - 72 - 0.24101853370666504 0.1526017189025879 0 1
4 1 - 73 - 0.38400959968566895 0.29999232292175293 1 0
4 1 - 74 - 0.252396821975708 0.16871285438537598 0 1
4 1 - 75 - 0.38297033309936523 0.31400465965270996 1 0
4 1 - 76 - 0.2431013584136963 0.17399883270263672 0 1
4 1 - 77 - 0.26600193977355957 0.17702531814575195 0 1
4 1 - 78 - 0.39498329162597656 0.3090033531188965 1 0
4 1 - 79 - 0.25901150703430176 0.1750030517578125 0 1
4 1 - 80 - 0.42301464080810547 0.33064746856689453 0 0
4 1 - 81 - 0.4006164073944092 0.31398725509643555 1 0
4 1 - 82 - 0.2409965991973877 0.31599974632263184 0 0
4 1 - 83 - 0.24299860000610352 0.15500640869140625 0 1
4 1 - 84 - 0.1990199089050293 0.12800288200378418 0 1
4 1 - 85 - 0.43300890922546387 0.3100168704986572 0 1
4 1 - 86 - 0.2700049877166748 0.17600369453430176 0 1
4 1 - 87 - 0.2350165843963623 0.1529996395111084 0 1
4 1 - 88 - 0.23897695541381836 0.15800786018371582 0 1
4 1 - 89 - 0.3829963207244873 0.30906176567077637 0 1
4 1 - 90 - 0.2630188465118408 0.16998624801635742 0 1
4 1 - 91 - 0.29599523544311523 0.3380253314971924 0 1
4 1 - 92 - 0.25598692893981934 0.17100930213928223 0 1
4 1 - 93 - 0.39922213554382324 0.3139801025390625 1 0
4 1 - 94 - 0.38610291481018066 0.29198527336120605 0 0
4 1 - 95 - 0.23956632614135742 0.157487154006958 0 1
4 1 - 96 - 0.2550063133239746 0.16902494430541992 0 1
4 1 - 97 - 0.21600008010864258 0.14249873161315918 0 1
4 1 - 98 - 0.2570774555206299 0.15300893783569336 0 1
4 1 - 99 - 0.40700197219848633 0.31600308418273926 0 1
4 2 - 0 - 0.4300196170806885 0.348980188369751 1 0
4 2 - 1 - 0.28600478172302246 0.1969919204711914 0 1
4 2 - 0 - 0.3160209655761719 0.3019988536834717 1 0
4 2 - 1 - 0.17800068855285645 0.17499852180480957 0 1
4 2 - 2 - 0.17500615119934082 0.34999847412109375 0 0
4 2 - 3 - 0.17898774147033691 0.3530268669128418 0 0
4 2 - 4 - 0.33000826835632324 0.3230118751525879 1 0
4 2 - 5 - 0.1920015811920166 0.3750016689300537 0 0
4 2 - 6 - 0.1640005111694336 0.32097697257995605 0 1
4 2 - 7 - 0.1750047206878662 0.17499470710754395 0 1
4 2 - 8 - 0.3560216426849365 0.3499782085418701 1 0
4 2 - 9 - 0.17302155494689941 0.17399859428405762 0 1
4 2 - 10 - 0.18800067901611328 0.37600183486938477 0 0
4 2 - 11 - 0.15002179145812988 0.2949960231781006 0 1
4 2 - 12 - 0.20299839973449707 0.40799975395202637 0 0
4 2 - 13 - 0.18800115585327148 0.3770101070404053 0 0
4 2 - 14 - 0.17501211166381836 0.17597532272338867 0 1
4 2 - 15 - 0.2729191780090332 1.3649911880493164 0 0
4 2 - 0 - 0.31599974632263184 0.2860105037689209 1 0
4 2 - 1 - 0.17406964302062988 0.16594910621643066 0 1
4 2 - 2 - 0.1760084629058838 0.33899974822998047 0 0
4 2 - 0 - 0.31101560592651367 0.2989962100982666 1 0
4 2 - 1 - 0.17200350761413574 0.17999601364135742 0 1
4 2 - 2 - 0.17400312423706055 0.37200045585632324 0 0
4 2 - 3 - 0.17399930953979492 0.3829801082611084 0 0
4 2 - 4 - 0.32801032066345215 0.32499170303344727 1 0
4 2 - 5 - 0.18700337409973145 0.4129958152770996 0 0
4 2 - 6 - 0.16300225257873535 0.32599735260009766 0 1
4 2 - 7 - 0.1740117073059082 0.18099761009216309 0 1
4 2 - 8 - 0.35500168800354004 0.3569977283477783 1 0
4 2 - 9 - 0.17299413681030273 0.18099761009216309 0 1
4 2 - 10 - 0.18901538848876953 0.41199517250061035 0 0
4 2 - 11 - 0.1498088836669922 0.29599785804748535 0 1
4 2 - 12 - 0.2000129222869873 0.4479951858520508 0 0
4 2 - 13 - 0.18601083755493164 0.41100001335144043 0 0
4 2 - 14 - 0.17200064659118652 0.17999887466430664 0 1
4 2 - 15 - 0.1750011444091797 0.3729991912841797 0 1
4 2 - 16 - 0.18602204322814941 0.414980411529541 0 0
4 2 - 17 - 0.14600110054016113 0.14299559593200684 0 1
4 2 - 18 - 0.16099977493286133 0.16398859024047852 0 1
4 2 - 19 - 0.17501068115234375 0.37199831008911133 0 0
4 2 - 20 - 0.157989501953125 0.16101527214050293 0 1
4 2 - 21 - 0.1479947566986084 0.28800201416015625 0 1
4 2 - 22 - 0.1900033950805664 0.4159986972808838 0 0
4 2 - 23 - 0.17100882530212402 0.17899727821350098 0 1
4 2 - 24 - 0.17400765419006348 0.1809990406036377 0 1
4 2 - 25 - 0.18600058555603027 0.19899868965148926 0 1
4 2 - 26 - 0.18800044059753418 0.4049980640411377 0 0
4 2 - 27 - 0.18500351905822754 0.4109983444213867 0 0
4 2 - 28 - 0.18698573112487793 0.20000553131103516 0 1
4 2 - 29 - 0.1840071678161621 0.40800046920776367 0 0
4 2 - 30 - 0.18399882316589355 0.4049971103668213 0 0
4 2 - 31 - 0.18402385711669922 0.1959972381591797 0 1
4 2 - 32 - 0.186021089553833 0.41299915313720703 0 0
4 2 - 33 - 0.17401647567749023 0.3660006523132324 0 1
4 2 - 34 - 0.18801569938659668 0.41599059104919434 0 0
4 2 - 35 - 0.15900492668151855 0.15999412536621094 0 1
4 2 - 36 - 0.2000102996826172 0.43900012969970703 0 0
4 2 - 37 - 0.17100119590759277 0.17899823188781738 0 1
4 2 - 38 - 0.1730027198791504 0.18099713325500488 0 1
4 2 - 39 - 0.3009982109069824 0.29200077056884766 1 0
4 2 - 40 - 0.19900202751159668 0.44499707221984863 0 1
4 2 - 41 - 0.147003173828125 0.28798580169677734 0 1
4 2 - 42 - 0.17400312423706055 0.3719966411590576 0 1
4 2 - 43 - 0.1600022315979004 0.3250007629394531 0 0
4 2 - 44 - 0.17599987983703613 0.36699724197387695 0 1
4 2 - 45 - 0.18700170516967773 0.4109992980957031 0 0
4 2 - 46 - 0.17100119590759277 0.17799901962280273 0 1
4 2 - 47 - 0.3269991874694824 0.335003137588501 1 0
4 2 - 48 - 0.1710047721862793 0.1789999008178711 0 1
4 2 - 49 - 0.20999979972839355 0.23299956321716309 0 1
4 2 - 50 - 0.3300013542175293 0.3279998302459717 1 0
4 2 - 51 - 0.16100287437438965 0.16099786758422852 0 1
4 2 - 52 - 0.14700102806091309 0.1419987678527832 0 1
4 2 - 53 - 0.19100189208984375 0.4069998264312744 0 0
4 2 - 54 - 0.14800477027893066 0.2939951419830322 0 1
4 2 - 55 - 0.16500020027160645 0.32599830627441406 0 0
4 2 - 56 - 0.18400216102600098 0.4119994640350342 0 0
4 2 - 57 - 0.32400965690612793 0.32599782943725586 1 0
4 2 - 58 - 0.1990201473236084 0.4409952163696289 0 0
4 2 - 59 - 0.18599295616149902 0.40500855445861816 0 0
4 2 - 60 - 0.16298365592956543 0.3320188522338867 0 1
4 2 - 61 - 0.1750011444091797 0.36499500274658203 0 1
4 2 - 62 - 0.299999475479126 0.2980003356933594 1 0
4 2 - 63 - 0.15800046920776367 0.16099858283996582 0 1
4 2 - 64 - 0.15999579429626465 0.1620042324066162 0 1
4 2 - 65 - 0.16000008583068848 0.3250002861022949 0 1
4 2 - 0 - 0.314011812210083 0.29599761962890625 1 0
4 2 - 1 - 0.17101502418518066 0.18200016021728516 0 1
4 2 - 2 - 0.17300009727478027 0.3690001964569092 0 0
