4 1 - 0 - 0.5470168590545654 0.252000093460083 1 0
4 1 - 1 - 0.33202099800109863 0.13498854637145996 0 1
4 1 - 2 - 0.36002063751220703 0.1339733600616455 0 1
4 1 - 3 - 0.336026668548584 0.2590000629425049 0 1
4 1 - 4 - 0.5650103092193604 0.26297926902770996 1 0
4 1 - 5 - 0.3560001850128174 0.2709794044494629 0 1
4 1 - 6 - 0.28600025177001953 0.270979642868042 0 1
4 1 - 7 - 0.33602094650268555 0.14599990844726562 0 1
4 1 - 8 - 0.5809895992279053 0.27201008796691895 1 0
4 1 - 9 - 0.30900001525878906 0.13399982452392578 0 1
4 1 - 10 - 0.3569812774658203 0.26999998092651367 0 1
4 1 - 11 - 0.30900025367736816 0.247999906539917 0 1
4 1 - 12 - 0.36002445220947266 0.2949795722961426 0 1
4 1 - 13 - 0.3399996757507324 0.2970004081726074 0 0
4 1 - 14 - 0.3089888095855713 0.12400007247924805 0 1
4 1 - 15 - 0.3339962959289551 0.272000789642334 0 1
4 1 - 16 - 0.34298086166381836 0.2969985008239746 0 0
4 1 - 17 - 0.30902099609375 0.12200021743774414 0 1
4 1 - 18 - 0.3110055923461914 0.13600683212280273 0 1
4 1 - 19 - 0.3349893093109131 0.3080291748046875 0 0
4 1 - 20 - 0.3139793872833252 0.1349935531616211 0 1
4 1 - 21 - 0.29300642013549805 0.2589998245239258 0 1
4 1 - 22 - 0.36499881744384766 0.2760012149810791 0 1
4 1 - 23 - 0.3330202102661133 0.1359856128692627 0 1
4 1 - 24 - 0.3409857749938965 0.1345210075378418 0 1
4 1 - 25 - 0.335003137588501 0.13402295112609863 0 1
4 1 - 26 - 0.3349487781524658 0.287975549697876 0 0
4 1 - 27 - 0.40004920959472656 0.2839996814727783 0 0
4 1 - 28 - 0.34199953079223633 0.1370084285736084 0 1
4 1 - 29 - 0.36000823974609375 0.13399982452392578 0 1
4 1 - 30 - 0.36099982261657715 0.1459794044494629 0 1
4 1 - 31 - 0.33502888679504395 0.13398981094360352 0 1
4 1 - 32 - 0.3390195369720459 0.29600048065185547 0 0
4 1 - 33 - 0.331939697265625 0.26999998092651367 0 1
4 1 - 34 - 0.3339998722076416 0.28597545623779297 0 0
4 1 - 35 - 0.33400988578796387 0.14500021934509277 0 1
4 1 - 36 - 0.36099958419799805 0.28600001335144043 0 0
4 1 - 37 - 0.3319997787475586 0.13400006294250488 0 1
4 1 - 38 - 0.334026575088501 0.14700031280517578 0 1
4 1 - 39 - 0.5430002212524414 0.24900007247924805 1 0
4 1 - 40 - 0.3800203800201416 0.2839996814727783 0 1
4 1 - 41 - 0.2849998474121094 0.25799989700317383 0 1
4 1 - 42 - 0.33598828315734863 0.2830204963684082 0 1
4 1 - 43 - 0.30899953842163086 0.2589998245239258 0 1
4 1 - 44 - 0.31099629402160645 0.28502893447875977 0 1
4 1 - 45 - 0.36100101470947266 0.27301907539367676 0 1
4 1 - 46 - 0.335968017578125 0.12300992012023926 0 1
8 1 - 0 - 0.6430091857910156 7.287874221801758 0 1
8 1 - 1 - 0.6240053176879883 14.207915782928467 0 1
4 1 - 0 - 0.5589735507965088 0.45502567291259766 1 0
4 1 - 1 - 0.3349928855895996 0.23599576950073242 0 1
4 1 - 2 - 0.37702083587646484 0.2639765739440918 0 1
4 1 - 3 - 0.33502650260925293 0.23597121238708496 0 1
4 1 - 4 - 0.5690293312072754 0.4530003070831299 1 0
4 1 - 5 - 0.357999324798584 0.2529795169830322 0 1
4 1 - 6 - 0.2869992256164551 0.43599987030029297 0 1
4 1 - 7 - 0.3350260257720947 0.23408126831054688 0 1
4 1 - 8 - 0.5840027332305908 0.4750072956085205 1 0
4 1 - 9 - 0.3100156784057617 0.21597909927368164 0 1
4 1 - 10 - 0.3579995632171631 0.25100016593933105 0 1
4 1 - 11 - 0.31102490425109863 0.21499991416931152 0 1
4 1 - 12 - 0.357011079788208 0.25100016593933105 0 1
4 1 - 13 - 0.3399620056152344 0.4740002155303955 0 0
4 1 - 14 - 0.30902624130249023 0.21600008010864258 0 1
4 1 - 15 - 0.33400821685791016 0.23300623893737793 0 1
4 1 - 16 - 0.34102821350097656 0.47300004959106445 0 0
4 1 - 17 - 0.30902647972106934 0.21597886085510254 0 1
4 1 - 18 - 0.30899691581726074 0.21602106094360352 0 1
4 1 - 19 - 0.3150191307067871 0.45399999618530273 0 0
4 1 - 20 - 0.30800533294677734 0.21460342407226562 0 1
4 1 - 21 - 0.28507494926452637 0.41700005531311035 0 1
4 1 - 22 - 0.35699987411499023 0.24997830390930176 0 1
4 1 - 23 - 0.33301568031311035 0.2329998016357422 0 1
4 1 - 24 - 0.33498144149780273 0.23299646377563477 0 1
4 1 - 25 - 0.33503007888793945 0.2350001335144043 0 1
4 1 - 26 - 0.34001660346984863 0.4910001754760742 0 0
4 1 - 27 - 0.3840155601501465 0.5080001354217529 0 0
4 1 - 28 - 0.33202075958251953 0.23400020599365234 0 1
4 1 - 29 - 0.3560140132904053 0.25300025939941406 0 1
4 1 - 30 - 0.3560221195220947 0.25300002098083496 0 1
4 1 - 31 - 0.333024263381958 0.2319784164428711 0 1
4 1 - 32 - 0.3380157947540283 0.4729788303375244 0 0
4 1 - 33 - 0.3319995403289795 0.4680209159851074 0 1
4 1 - 34 - 0.33501386642456055 0.492002010345459 0 0
4 1 - 35 - 0.33306312561035156 0.23395490646362305 0 1
4 1 - 36 - 0.36301660537719727 0.5269908905029297 0 0
4 1 - 37 - 0.3310220241546631 0.23297882080078125 0 1
4 1 - 38 - 0.33197641372680664 0.23302149772644043 0 1
4 1 - 39 - 0.538978099822998 0.4360213279724121 1 0
4 1 - 40 - 0.38402366638183594 0.5270004272460938 0 1
4 1 - 41 - 0.28602075576782227 0.4199850559234619 0 1
4 1 - 42 - 0.3340160846710205 0.4540078639984131 0 1
4 1 - 43 - 0.31100964546203613 0.21700024604797363 0 1
4 1 - 44 - 0.3089778423309326 0.4540219306945801 0 1
4 1 - 45 - 0.35698890686035156 0.2510206699371338 0 1
4 1 - 46 - 0.3370020389556885 0.23400521278381348 0 1
4 1 - 47 - 0.5894045829772949 0.4620051383972168 1 0
4 1 - 48 - 0.3570210933685303 0.2520005702972412 0 1
4 1 - 49 - 0.38199925422668457 0.26899003982543945 0 1
4 1 - 50 - 0.561016321182251 0.4530000686645508 1 0
4 1 - 51 - 0.3310096263885498 0.23399949073791504 0 1
4 1 - 52 - 0.3099818229675293 0.21699762344360352 0 1
4 1 - 53 - 0.3680295944213867 0.25099992752075195 0 1
4 1 - 54 - 0.31000399589538574 0.21502423286437988 0 1
4 1 - 55 - 0.340010404586792 0.4740102291107178 0 0
4 1 - 56 - 0.36002230644226074 0.25098633766174316 0 1
4 1 - 57 - 0.5610060691833496 0.4550211429595947 1 0
4 1 - 58 - 0.355013370513916 0.25300097465515137 0 1
4 1 - 59 - 0.37999963760375977 0.4910259246826172 0 0
4 1 - 60 - 0.3120243549346924 0.21498966217041016 0 1
4 1 - 61 - 0.33502817153930664 0.47300028800964355 0 1
4 1 - 62 - 0.5180244445800781 0.4199864864349365 1 0
4 1 - 63 - 0.3320274353027344 0.2639768123626709 0 1
4 1 - 64 - 0.33301877975463867 0.23700976371765137 0 1
4 1 - 65 - 0.3110015392303467 0.21700310707092285 0 1
4 1 - 66 - 0.359999418258667 0.2510194778442383 0 1
4 1 - 67 - 0.33199214935302734 0.23302888870239258 0 1
4 1 - 68 - 0.5589993000030518 0.45600008964538574 1 0
4 1 - 69 - 0.3600151538848877 0.25598931312561035 0 1
4 1 - 70 - 0.36202073097229004 0.49001026153564453 0 0
4 1 - 71 - 0.35401034355163574 0.2509784698486328 0 1
4 1 - 72 - 0.33402132987976074 0.23399996757507324 0 1
4 1 - 73 - 0.5590033531188965 0.4570469856262207 1 0
4 1 - 74 - 0.3609476089477539 0.25499677658081055 0 1
4 1 - 75 - 0.5610246658325195 0.4539778232574463 1 0
4 1 - 76 - 0.33300089836120605 0.23499822616577148 0 1
4 1 - 77 - 0.3580038547515869 0.25499916076660156 0 1
4 1 - 78 - 0.5670022964477539 0.45599865913391113 1 0
4 1 - 79 - 0.3560030460357666 0.2509951591491699 0 1
4 1 - 80 - 0.3449983596801758 0.5000083446502686 0 0
4 1 - 81 - 0.582982063293457 0.475017786026001 1 0
4 1 - 82 - 0.3469998836517334 0.4750065803527832 0 0
4 1 - 83 - 0.3460044860839844 0.23899102210998535 0 1
4 1 - 84 - 0.29200148582458496 0.19899725914001465 0 1
4 1 - 85 - 0.34002137184143066 0.4719977378845215 0 1
4 1 - 86 - 0.38399434089660645 0.26900792121887207 0 1
4 1 - 87 - 0.3320014476776123 0.23601841926574707 0 1
4 1 - 88 - 0.33699893951416016 0.23299145698547363 0 1
4 1 - 89 - 0.312028169631958 0.45797181129455566 0 1
4 1 - 90 - 0.3640000820159912 0.253997802734375 0 1
4 1 - 91 - 0.3599998950958252 0.5080010890960693 0 1
4 1 - 92 - 0.35800719261169434 0.2549889087677002 0 1
4 1 - 93 - 0.584019660949707 0.48897552490234375 1 0
4 1 - 94 - 0.30399656295776367 0.4430079460144043 0 0
4 1 - 95 - 0.3329927921295166 0.23599529266357422 0 1
4 1 - 96 - 0.36300086975097656 0.2570006847381592 0 1
4 1 - 97 - 0.31000185012817383 0.21800518035888672 0 1
4 1 - 98 - 0.3399946689605713 0.23299860954284668 0 1
4 1 - 99 - 0.33699917793273926 0.4720170497894287 0 1
4 2 - 0 - 0.7979767322540283 0.7660055160522461 1 0
4 2 - 1 - 0.42200136184692383 0.42000699043273926 0 1
4 2 - 2 - 0.43401074409484863 0.9569940567016602 0 0
4 2 - 3 - 0.625 0.9019935131072998 0 0
4 2 - 4 - 0.8699960708618164 0.816002607345581 1 0
4 2 - 5 - 0.4479987621307373 0.9209985733032227 0 0
4 2 - 6 - 0.41300296783447266 0.3970158100128174 0 1
4 2 - 7 - 0.424990177154541 0.43700742721557617 0 1
4 2 - 8 - 0.9020013809204102 0.8500006198883057 1 0
4 2 - 9 - 0.45600342750549316 0.44899988174438477 0 1
4 2 - 10 - 0.46500444412231445 0.9279944896697998 0 0
4 2 - 11 - 0.3939969539642334 0.3999960422515869 0 1
4 2 - 12 - 0.47300052642822266 0.9710009098052979 0 0
4 2 - 13 - 0.47099995613098145 0.9050002098083496 0 0
4 2 - 14 - 0.4250020980834961 0.4250068664550781 0 1
4 2 - 15 - 0.4309990406036377 0.43399953842163086 0 1
4 2 - 16 - 0.4490017890930176 0.9030055999755859 0 0
4 2 - 17 - 0.3809969425201416 0.3730015754699707 0 1
4 2 - 18 - 0.40199923515319824 0.41699719429016113 0 1
4 2 - 19 - 0.43300533294677734 0.8789944648742676 0 0
4 2 - 20 - 0.40799665451049805 0.39499545097351074 0 1
4 2 - 21 - 0.37800025939941406 0.3770010471343994 0 1
4 2 - 22 - 0.4689981937408447 0.9010007381439209 0 0
4 2 - 23 - 0.43000102043151855 0.4269905090332031 0 1
4 2 - 24 - 0.4280097484588623 0.42801928520202637 0 1
4 2 - 25 - 0.4470047950744629 0.4559969902038574 0 1
4 2 - 26 - 0.45400071144104004 0.9180023670196533 0 0
4 2 - 27 - 0.44900083541870117 0.9109978675842285 0 0
4 2 - 28 - 0.4490029811859131 0.4570159912109375 0 1
4 2 - 29 - 0.45299553871154785 0.9210014343261719 0 0
4 2 - 30 - 0.44999170303344727 0.908022403717041 0 0
4 2 - 31 - 0.45099806785583496 0.44499635696411133 0 1
4 2 - 32 - 0.4490020275115967 0.8960037231445312 0 0
4 2 - 33 - 0.4270007610321045 0.42699646949768066 0 1
4 2 - 34 - 0.45099878311157227 0.9180078506469727 0 0
4 2 - 35 - 0.40200138092041016 0.4009983539581299 0 1
4 2 - 36 - 0.4849998950958252 0.9520003795623779 0 0
4 2 - 37 - 0.42799997329711914 0.42200422286987305 0 1
4 2 - 38 - 0.4230082035064697 0.43499112129211426 0 1
4 2 - 39 - 0.8060064315795898 0.761995792388916 1 0
4 2 - 40 - 0.4730215072631836 0.47198915481567383 0 1
4 2 - 41 - 0.38000965118408203 0.3869915008544922 0 1
4 2 - 42 - 0.45599913597106934 0.4469947814941406 0 1
4 2 - 43 - 0.4149937629699707 0.8169975280761719 0 0
4 2 - 44 - 0.4330024719238281 0.4259953498840332 0 1
4 2 - 45 - 0.45000243186950684 0.9000275135040283 0 0
4 2 - 46 - 0.4269983768463135 0.43201398849487305 0 1
4 2 - 47 - 0.839989423751831 0.8020017147064209 1 0
4 2 - 48 - 0.4270009994506836 0.4260063171386719 0 1
4 2 - 49 - 0.5189764499664307 0.5120036602020264 0 1
4 2 - 50 - 0.8810007572174072 0.8020024299621582 1 0
4 2 - 51 - 0.4040038585662842 0.401993989944458 0 1
4 2 - 52 - 0.38100576400756836 0.37299227714538574 0 1
4 2 - 53 - 0.44900035858154297 0.8970091342926025 0 0
4 2 - 54 - 0.37999558448791504 0.37199926376342773 0 1
4 2 - 55 - 0.4080007076263428 0.8090019226074219 0 0
4 2 - 56 - 0.4439997673034668 0.898998498916626 0 0
4 2 - 57 - 0.8550000190734863 0.8059992790222168 1 0
4 2 - 58 - 0.46799492835998535 0.945000171661377 0 0
4 2 - 59 - 0.4530003070831299 0.9040002822875977 0 0
4 2 - 60 - 0.40200114250183105 0.40602803230285645 0 1
4 2 - 61 - 0.42701220512390137 0.4259815216064453 0 1
4 2 - 62 - 0.8040006160736084 0.7640032768249512 1 0
4 2 - 63 - 0.4010002613067627 0.4009974002838135 0 1
4 2 - 64 - 0.4009997844696045 0.41199755668640137 0 1
4 2 - 65 - 0.4049997329711914 0.40799570083618164 0 1
4 2 - 66 - 0.4800288677215576 0.9619755744934082 0 0
4 2 - 67 - 0.4010028839111328 0.39699578285217285 0 1
4 2 - 68 - 0.8449981212615967 0.8140311241149902 1 0
4 2 - 69 - 0.46799659729003906 0.4740018844604492 0 1
4 2 - 70 - 0.4570028781890869 0.9029996395111084 0 0
4 2 - 71 - 0.4460124969482422 0.9079883098602295 0 0
4 2 - 72 - 0.3990011215209961 0.3980271816253662 0 1
4 2 - 73 - 0.850003719329834 0.8129980564117432 1 0
4 2 - 74 - 0.4270009994506836 0.8570010662078857 0 0
4 2 - 75 - 0.8480002880096436 0.8139979839324951 1 0
4 2 - 76 - 0.4490010738372803 0.9540033340454102 0 0
4 2 - 77 - 0.4720194339752197 0.9319796562194824 0 0
4 2 - 78 - 0.9230000972747803 0.8780004978179932 1 0
4 2 - 79 - 0.4579927921295166 0.45799684524536133 0 1
4 2 - 80 - 0.4660022258758545 0.9229485988616943 0 0
4 2 - 81 - 0.45299839973449707 0.8699944019317627 0 0
4 2 - 82 - 0.43164992332458496 0.8260047435760498 0 0
4 2 - 83 - 0.4360170364379883 0.4460020065307617 0 1
4 2 - 84 - 0.3829972743988037 0.37676405906677246 0 1
4 2 - 85 - 0.42953062057495117 0.4275200366973877 0 1
4 2 - 86 - 0.4799976348876953 0.9657189846038818 0 0
4 2 - 87 - 0.42499637603759766 0.4230523109436035 0 1
4 2 - 88 - 0.43738389015197754 0.4239952564239502 0 1
4 2 - 89 - 0.4018101692199707 0.4040346145629883 0 1
4 2 - 90 - 0.4513072967529297 0.923994779586792 0 0
4 2 - 91 - 0.4519975185394287 0.4477651119232178 0 1
4 2 - 92 - 0.4347856044769287 0.4299936294555664 0 1
4 2 - 93 - 0.9050509929656982 0.8610007762908936 1 0
4 2 - 94 - 0.4045102596282959 0.8129158020019531 0 0
4 2 - 95 - 0.4273035526275635 0.4320716857910156 0 1
4 2 - 96 - 0.4480295181274414 0.9370007514953613 0 0
4 2 - 97 - 0.4060192108154297 0.4080357551574707 0 1
4 2 - 98 - 0.4010183811187744 0.39897942543029785 0 1
4 2 - 99 - 0.43222713470458984 0.42504286766052246 0 1
4 4 - 0 - 1.0293028354644775 0.9845123291015625 1 0
4 4 - 1 - 0.5388054847717285 0.5402483940124512 0 1
4 4 - 2 - 0.5602123737335205 1.1031460762023926 0 0
4 4 - 3 - 0.5500233173370361 1.087904930114746 0 0
4 4 - 4 - 1.0904781818389893 1.0392482280731201 1 0
4 4 - 5 - 0.5600199699401855 1.1511569023132324 0 0
4 4 - 6 - 0.5230019092559814 0.524059534072876 0 1
4 4 - 7 - 0.5499999523162842 1.084989309310913 0 0
4 4 - 8 - 1.1379764080047607 1.0891411304473877 1 0
4 4 - 9 - 0.5436313152313232 0.5450000762939453 0 1
4 4 - 10 - 0.5689983367919922 1.146989345550537 0 0
4 4 - 11 - 0.49000048637390137 0.49922919273376465 0 1
4 4 - 12 - 0.5901141166687012 1.1910054683685303 0 0
4 4 - 13 - 0.5770242214202881 1.1340000629425049 0 0
4 4 - 14 - 0.5439379215240479 0.5370810031890869 0 1
4 4 - 15 - 0.545933723449707 1.1019115447998047 0 0
4 4 - 16 - 0.5669887065887451 1.1334426403045654 0 0
4 4 - 17 - 0.49046969413757324 0.4970097541809082 0 1
4 4 - 18 - 0.5269999504089355 1.0503292083740234 0 0
4 4 - 19 - 0.5397639274597168 1.0784528255462646 0 0
4 4 - 20 - 0.5158135890960693 0.5110917091369629 0 1
4 4 - 21 - 0.48967599868774414 0.4979896545410156 0 1
4 4 - 22 - 0.5732016563415527 1.1426937580108643 0 0
4 4 - 23 - 0.5430135726928711 0.5399894714355469 0 1
4 4 - 24 - 0.5449995994567871 0.5393228530883789 0 1
4 4 - 25 - 0.5698559284210205 1.141507863998413 0 0
4 4 - 26 - 0.5602765083312988 1.1741220951080322 0 0
4 4 - 27 - 0.5757591724395752 1.143160104751587 0 0
4 4 - 28 - 0.560999870300293 1.161557912826538 0 0
4 4 - 29 - 0.5627524852752686 1.1490366458892822 0 0
4 4 - 30 - 0.5807163715362549 1.154038667678833 0 0
4 4 - 31 - 0.5727863311767578 0.5640106201171875 0 1
4 4 - 32 - 0.576014518737793 1.1402161121368408 0 0
4 4 - 33 - 0.5398445129394531 0.5397334098815918 0 1
4 4 - 34 - 0.5859920978546143 1.146315097808838 0 0
4 4 - 35 - 0.5125038623809814 0.5054945945739746 0 1
4 4 - 36 - 0.6009993553161621 1.190028429031372 0 0
4 4 - 37 - 0.548008918762207 0.548119068145752 0 1
4 4 - 38 - 0.5375123023986816 1.0935933589935303 0 0
4 4 - 39 - 1.0430712699890137 0.9946091175079346 1 0
4 4 - 40 - 0.5832109451293945 0.5929832458496094 0 1
4 4 - 41 - 0.49140429496765137 0.48905491828918457 0 1
4 4 - 42 - 0.5517454147338867 0.5380187034606934 0 1
4 4 - 43 - 0.5329935550689697 1.0466809272766113 0 0
4 4 - 44 - 0.5410242080688477 0.5352180004119873 0 1
4 4 - 45 - 0.5621962547302246 1.1453464031219482 0 0
4 4 - 46 - 0.5381879806518555 0.5392441749572754 0 1
4 4 - 47 - 1.097214698791504 1.0417237281799316 1 0
4 4 - 48 - 0.5450077056884766 0.5350193977355957 0 1
4 4 - 49 - 0.6050317287445068 0.6200246810913086 0 1
4 4 - 50 - 1.0910072326660156 1.0549860000610352 1 0
4 4 - 51 - 0.515242338180542 0.5217797756195068 0 1
4 4 - 52 - 0.498004674911499 0.49495816230773926 0 1
4 4 - 53 - 0.56681227684021 1.1480026245117188 0 0
4 4 - 54 - 0.5039968490600586 0.49100637435913086 0 1
4 4 - 55 - 0.5730197429656982 1.0560104846954346 0 0
4 4 - 56 - 0.5650148391723633 1.1689891815185547 0 0
4 4 - 57 - 1.0789973735809326 1.0592305660247803 1 0
4 4 - 58 - 0.5888171195983887 1.1986889839172363 0 0
4 4 - 59 - 0.5780363082885742 1.1506364345550537 0 0
4 4 - 60 - 0.5223467350006104 0.5436499118804932 0 1
4 4 - 61 - 0.5433626174926758 0.5473527908325195 0 1
4 4 - 62 - 1.0470130443572998 0.989140510559082 1 0
4 4 - 63 - 0.514091968536377 0.5140902996063232 0 1
4 4 - 64 - 0.5181996822357178 0.524202823638916 0 1
4 4 - 65 - 0.5161569118499756 0.5309896469116211 0 1
4 4 - 66 - 0.5870099067687988 1.19704270362854 0 0
4 4 - 67 - 0.5170176029205322 0.5200128555297852 0 1
4 4 - 68 - 1.110999584197998 1.0439953804016113 1 0
4 4 - 69 - 0.5949966907501221 0.6010217666625977 0 1
4 4 - 70 - 0.5713026523590088 1.1627252101898193 0 0
4 4 - 71 - 0.5609793663024902 1.1599996089935303 0 0
4 4 - 72 - 0.5200116634368896 0.5199990272521973 0 1
4 4 - 73 - 1.0906016826629639 1.0449552536010742 1 0
4 4 - 74 - 0.5529870986938477 1.0910060405731201 0 0
4 4 - 75 - 1.0781021118164062 1.040419340133667 1 0
4 4 - 76 - 0.5750102996826172 1.1441664695739746 0 0
4 4 - 77 - 0.5698990821838379 1.1606180667877197 0 0
4 4 - 78 - 1.096247673034668 1.043001413345337 1 0
4 4 - 79 - 0.5639996528625488 0.5622291564941406 0 1
4 4 - 80 - 0.5750749111175537 1.1680312156677246 0 0
4 4 - 81 - 0.5610091686248779 1.0927762985229492 0 0
4 4 - 82 - 0.5233614444732666 1.039987325668335 0 0
4 4 - 83 - 0.5360321998596191 1.1034929752349854 0 0
4 4 - 84 - 0.48801612854003906 0.4849894046783447 0 1
4 4 - 85 - 0.5480098724365234 0.535973310470581 0 1
4 4 - 86 - 0.6710054874420166 1.2409520149230957 0 0
4 4 - 87 - 0.5439975261688232 0.5470209121704102 0 1
4 4 - 88 - 0.556004524230957 0.5339183807373047 0 1
4 4 - 89 - 0.5181500911712646 0.510977029800415 0 1
4 4 - 90 - 0.5790128707885742 1.1590385437011719 0 0
4 4 - 91 - 0.5630009174346924 0.5953502655029297 0 1
4 4 - 92 - 0.5460200309753418 0.5379476547241211 0 1
4 4 - 93 - 1.1381402015686035 1.0817344188690186 1 0
4 4 - 94 - 0.5236103534698486 1.0445051193237305 0 0
4 4 - 95 - 0.5390579700469971 1.0859999656677246 0 0
4 4 - 96 - 0.5720057487487793 1.1252517700195312 0 0
4 4 - 97 - 0.5178024768829346 0.5127708911895752 0 1
4 4 - 98 - 0.5220084190368652 0.5144386291503906 0 1
4 4 - 99 - 0.5409364700317383 0.5373387336730957 0 1
8 1 - 0 - 0.6345343589782715 0.4975731372833252 0 1
8 1 - 1 - 0.6343469619750977 0.49892520904541016 0 1
8 1 - 2 - 0.6300144195556641 0.4920210838317871 0 1
8 1 - 3 - 0.7074193954467773 0.5362241268157959 0 1
8 1 - 4 - 1.155463457107544 0.9598195552825928 0 0
8 1 - 5 - 0.5982129573822021 0.46566128730773926 0 1
8 1 - 6 - 0.667426347732544 0.5246028900146484 0 1
8 1 - 7 - 0.6310138702392578 0.4939999580383301 0 1
8 1 - 8 - 0.6459896564483643 0.49499988555908203 0 1
8 1 - 9 - 0.6679978370666504 0.551002025604248 0 1
8 1 - 10 - 0.7250034809112549 0.5919895172119141 0 1
8 1 - 11 - 0.6759955883026123 0.5370235443115234 0 1
8 1 - 12 - 0.7116389274597168 0.5553860664367676 0 1
8 1 - 13 - 0.7110133171081543 0.5512194633483887 0 1
8 1 - 14 - 0.6608412265777588 0.49781346321105957 0 1
8 1 - 15 - 0.7104692459106445 0.5537290573120117 0 1
8 1 - 16 - 0.6331703662872314 0.48996901512145996 0 1
8 1 - 17 - 0.670018196105957 0.5279712677001953 0 1
8 1 - 18 - 0.5980174541473389 0.4600105285644531 0 1
8 1 - 19 - 0.6859893798828125 0.5240311622619629 0 1
8 1 - 20 - 0.7190186977386475 0.5560104846954346 0 1
8 1 - 21 - 0.6109898090362549 0.47400975227355957 0 1
8 1 - 22 - 0.645007848739624 1.0869977474212646 0 1
8 1 - 23 - 0.7210197448730469 0.5529978275299072 0 1
8 1 - 24 - 0.6200299263000488 0.9779791831970215 0 0
8 1 - 25 - 0.6012263298034668 0.46213722229003906 0 1
8 1 - 26 - 0.741279125213623 0.600020170211792 0 1
8 1 - 27 - 0.652273416519165 0.4960923194885254 0 1
8 1 - 28 - 0.6987085342407227 0.5459945201873779 0 1
8 1 - 29 - 0.7270042896270752 0.5617694854736328 0 1
8 1 - 30 - 0.774543285369873 0.6116664409637451 0 1
8 1 - 31 - 0.7145006656646729 1.1000635623931885 0 0
8 1 - 32 - 0.6310203075408936 0.4946434497833252 0 1
8 1 - 33 - 0.6150054931640625 0.46401000022888184 0 1
8 1 - 34 - 0.6390252113342285 1.0592365264892578 0 1
8 1 - 35 - 0.6030054092407227 0.4598546028137207 0 1
8 1 - 36 - 0.7140700817108154 0.548112154006958 0 1
8 1 - 37 - 0.6513581275939941 0.49297356605529785 0 1
8 1 - 38 - 0.6833698749542236 0.493638277053833 0 1
8 1 - 39 - 0.7430109977722168 1.158003330230713 0 1
8 1 - 40 - 0.6059267520904541 0.47116804122924805 0 1
8 1 - 41 - 0.6374101638793945 0.5049710273742676 0 1
8 1 - 42 - 0.6870098114013672 0.5309600830078125 0 1
8 1 - 43 - 0.7710914611816406 0.6219346523284912 0 1
8 1 - 44 - 0.7130241394042969 0.5509076118469238 0 1
8 1 - 45 - 0.6710107326507568 0.525998592376709 0 1
8 1 - 46 - 0.7554652690887451 0.581000566482544 0 1
8 1 - 47 - 0.6137881278991699 0.9572274684906006 0 1
8 1 - 48 - 0.6049959659576416 0.9928336143493652 0 1
8 1 - 49 - 0.6482443809509277 0.9976089000701904 0 0
8 1 - 50 - 0.7360203266143799 0.5800354480743408 0 1
8 1 - 51 - 0.7169947624206543 0.551990270614624 0 1
8 1 - 52 - 0.7450108528137207 0.5812435150146484 0 1
8 1 - 53 - 0.672868013381958 0.5150001049041748 0 1
8 1 - 54 - 0.6640167236328125 0.5249991416931152 0 1
8 1 - 55 - 0.6703798770904541 0.523662805557251 0 1
8 1 - 56 - 0.6389706134796143 0.4920189380645752 0 1
8 1 - 57 - 0.6300849914550781 0.501000165939331 0 1
8 1 - 58 - 0.712024450302124 0.5779225826263428 0 1
8 1 - 59 - 0.7088966369628906 0.5550968647003174 0 1
8 1 - 60 - 0.7467532157897949 0.5830082893371582 0 1
8 1 - 61 - 0.7020063400268555 0.5486011505126953 0 1
8 1 - 62 - 0.5690023899078369 0.9946620464324951 0 1
8 1 - 63 - 0.6778481006622314 0.5211930274963379 0 1
8 1 - 64 - 0.7458915710449219 0.5810103416442871 0 1
8 1 - 65 - 0.627765417098999 1.1410024166107178 0 1
8 1 - 66 - 0.6400160789489746 0.5120093822479248 0 1
8 1 - 67 - 0.7470076084136963 0.5881879329681396 0 1
8 1 - 68 - 0.7090685367584229 0.5558357238769531 0 1
8 1 - 69 - 0.7460112571716309 0.5840022563934326 0 1
8 1 - 70 - 0.7713139057159424 0.5936253070831299 0 1
8 1 - 71 - 0.6471846103668213 0.49730420112609863 0 1
8 1 - 72 - 0.7135612964630127 0.5592405796051025 0 1
8 1 - 73 - 0.7239980697631836 0.5569989681243896 0 1
8 1 - 74 - 0.6779978275299072 0.5480005741119385 0 1
8 1 - 75 - 0.635338306427002 0.5130009651184082 0 1
8 1 - 76 - 0.7030086517333984 0.5571050643920898 0 1
8 1 - 77 - 0.7160069942474365 0.5536386966705322 0 1
8 1 - 78 - 1.1980020999908447 1.018028736114502 0 1
8 1 - 79 - 0.5990102291107178 0.46708035469055176 0 1
8 1 - 80 - 0.7880573272705078 0.6204049587249756 0 1
8 1 - 81 - 0.6434910297393799 0.4947700500488281 0 1
8 1 - 82 - 1.144455909729004 0.992302417755127 0 0
8 1 - 83 - 0.7184834480285645 1.0730834007263184 0 0
8 1 - 84 - 0.6560359001159668 0.49160289764404297 0 1
8 1 - 85 - 0.6832938194274902 0.5226356983184814 0 1
8 1 - 86 - 0.6034471988677979 0.4689905643463135 0 1
8 1 - 87 - 0.676903486251831 0.5330643653869629 0 1
8 1 - 88 - 0.6778550148010254 0.5250191688537598 0 1
8 1 - 89 - 0.7755200862884521 0.5803534984588623 0 1
8 1 - 90 - 0.6859962940216064 1.0827302932739258 0 1
8 1 - 91 - 0.6790177822113037 0.5290000438690186 0 1
8 1 - 92 - 0.7609999179840088 0.5818073749542236 0 1
8 1 - 93 - 0.6727588176727295 0.5329811573028564 0 1
8 1 - 94 - 0.7440874576568604 0.597667932510376 0 1
8 1 - 95 - 0.7070095539093018 1.114011526107788 0 1
8 1 - 96 - 0.6020095348358154 0.4709792137145996 0 1
8 1 - 97 - 0.632317304611206 0.4981677532196045 0 1
8 1 - 98 - 0.7084503173828125 0.5520608425140381 0 1
8 1 - 99 - 0.7067928314208984 0.5531082153320312 0 1
8 2 - 0 - 0.9930882453918457 0.8357322216033936 0 1
8 2 - 1 - 0.909365177154541 0.7479772567749023 0 1
8 2 - 2 - 1.028210163116455 0.8320205211639404 0 1
8 2 - 3 - 1.0098283290863037 0.8230218887329102 0 1
8 2 - 4 - 0.9288544654846191 1.5078892707824707 0 0
8 2 - 5 - 0.8592157363891602 0.6990666389465332 0 1
8 2 - 6 - 1.0140042304992676 0.8090107440948486 0 1
8 2 - 7 - 0.9230043888092041 1.5720160007476807 0 1
8 2 - 8 - 0.9109950065612793 0.7210214138031006 0 1
8 2 - 9 - 0.8989913463592529 0.7223310470581055 0 1
8 2 - 10 - 0.9840257167816162 0.8499877452850342 0 1
8 2 - 11 - 0.9429886341094971 0.757000207901001 0 1
8 2 - 12 - 1.0019426345825195 1.6500039100646973 0 0
8 2 - 13 - 1.0640068054199219 1.8313755989074707 0 0
8 2 - 14 - 0.955751895904541 0.841519832611084 0 1
8 2 - 15 - 1.0541095733642578 1.6989398002624512 0 0
8 2 - 16 - 0.9840044975280762 0.7700216770172119 0 1
8 2 - 17 - 1.0010108947753906 0.8213517665863037 0 1
8 2 - 18 - 0.9500072002410889 0.7929911613464355 0 1
8 2 - 19 - 1.0162808895111084 1.5744655132293701 0 0
8 2 - 20 - 1.004995584487915 0.8238277435302734 0 1
8 2 - 21 - 0.911085844039917 0.7283670902252197 0 1
8 2 - 22 - 1.0069565773010254 0.8115689754486084 0 1
8 2 - 23 - 1.1037285327911377 1.7716617584228516 0 0
8 2 - 24 - 0.9592504501342773 1.5475490093231201 0 0
8 2 - 25 - 0.9590275287628174 1.652097225189209 0 0
8 2 - 26 - 1.0409913063049316 1.7006752490997314 0 1
8 2 - 27 - 0.9680352210998535 0.7860710620880127 0 1
8 2 - 28 - 1.0044105052947998 1.7040209770202637 0 0
8 2 - 29 - 1.039982557296753 0.8547215461730957 0 1
8 2 - 30 - 1.0624873638153076 1.709101676940918 0 0
8 2 - 31 - 1.0882248878479004 1.756363868713379 0 0
8 2 - 32 - 0.9020199775695801 0.7480003833770752 0 1
8 2 - 33 - 0.9249980449676514 0.7210109233856201 0 1
8 2 - 34 - 0.9940304756164551 0.8050041198730469 0 1
8 2 - 35 - 0.9159998893737793 1.458009958267212 0 1
8 2 - 36 - 1.0239076614379883 0.8559887409210205 0 1
8 2 - 37 - 0.9679789543151855 0.7849893569946289 0 1
8 2 - 38 - 0.976776123046875 0.7622213363647461 0 1
8 2 - 39 - 1.082409381866455 0.8890078067779541 0 1
8 2 - 40 - 0.9060206413269043 0.7394287586212158 0 1
8 2 - 41 - 1.0131120681762695 0.7972719669342041 0 1
8 2 - 42 - 0.9997131824493408 1.5611796379089355 0 0
8 2 - 43 - 1.0922322273254395 1.745786428451538 0 1
8 2 - 44 - 1.0549957752227783 1.6801531314849854 0 0
8 2 - 45 - 0.9976699352264404 0.8032426834106445 0 1
8 2 - 46 - 1.1224002838134766 0.929286003112793 0 1
8 2 - 47 - 0.9989931583404541 1.5402710437774658 0 1
8 2 - 48 - 0.9339272975921631 0.7254655361175537 0 1
8 2 - 49 - 0.9380092620849609 1.5189032554626465 0 0
8 2 - 50 - 1.1149895191192627 0.9170994758605957 0 1
8 2 - 51 - 1.0576262474060059 1.7521686553955078 0 0
8 2 - 52 - 1.0821771621704102 1.8078420162200928 0 1
8 2 - 53 - 1.0260155200958252 0.8519883155822754 0 1
8 2 - 54 - 1.0070044994354248 0.8340110778808594 0 1
8 2 - 55 - 0.9709765911102295 0.7929456233978271 0 1
8 2 - 56 - 0.9682693481445312 1.6292860507965088 0 1
8 2 - 57 - 1.022268295288086 1.731264352798462 0 1
8 2 - 58 - 1.0589962005615234 0.838019609451294 0 1
8 2 - 59 - 1.0209848880767822 0.7957830429077148 0 1
8 2 - 60 - 1.0970056056976318 0.8941888809204102 0 1
8 2 - 61 - 1.0461995601654053 1.7049429416656494 0 0
8 2 - 62 - 0.9040002822875977 0.7250113487243652 0 1
8 2 - 63 - 1.0210084915161133 0.8316056728363037 0 1
8 2 - 64 - 1.0855920314788818 0.8959982395172119 0 1
8 2 - 65 - 0.9940299987792969 0.8045573234558105 0 1
8 2 - 66 - 0.9670236110687256 0.8057100772857666 0 1
8 2 - 67 - 1.1441774368286133 0.947197675704956 0 1
8 2 - 68 - 1.0739903450012207 0.9000213146209717 0 1
8 2 - 69 - 1.1290171146392822 0.9171743392944336 0 1
8 2 - 70 - 1.0481090545654297 1.6947016716003418 0 0
8 2 - 71 - 1.0150299072265625 1.711329460144043 0 0
8 2 - 72 - 1.0747950077056885 0.882925271987915 0 1
8 2 - 73 - 0.9870548248291016 0.8050050735473633 0 1
8 2 - 74 - 1.0260045528411865 1.594259262084961 0 0
8 2 - 75 - 0.9450247287750244 0.7619788646697998 0 1
8 2 - 76 - 1.1151812076568604 0.9060070514678955 0 1
8 2 - 77 - 1.0978083610534668 1.7596845626831055 0 1
8 2 - 78 - 1.0120081901550293 1.579730749130249 0 1
8 2 - 79 - 0.9424839019775391 0.7701194286346436 0 1
8 2 - 80 - 1.1517932415008545 1.8801608085632324 0 1
8 2 - 81 - 1.0119826793670654 1.6787588596343994 0 0
8 2 - 82 - 0.8723201751708984 1.511972188949585 0 0
8 2 - 83 - 0.9970247745513916 1.594550371170044 0 0
8 2 - 84 - 0.9982247352600098 1.7035136222839355 0 0
8 2 - 85 - 1.0467824935913086 0.8634762763977051 0 1
8 2 - 86 - 0.9221432209014893 0.7550053596496582 0 1
8 2 - 87 - 1.014988660812378 1.630049228668213 0 0
8 2 - 88 - 0.9599995613098145 1.635232925415039 0 1
8 2 - 89 - 1.0374765396118164 0.8509209156036377 0 1
8 2 - 90 - 1.037006139755249 1.749605417251587 0 0
8 2 - 91 - 0.973006010055542 0.8065056800842285 0 1
8 2 - 92 - 1.0594394207000732 0.8600161075592041 0 1
8 2 - 93 - 0.9469997882843018 0.7630975246429443 0 1
8 2 - 94 - 1.1019058227539062 1.7394156455993652 0 0
8 2 - 95 - 1.0591707229614258 1.779081106185913 0 0
8 2 - 96 - 0.8650109767913818 0.7081634998321533 0 1
8 2 - 97 - 0.9827687740325928 1.6282126903533936 0 0
8 2 - 98 - 1.1039533615112305 1.7949905395507812 0 0
8 2 - 99 - 1.0336558818817139 0.8372306823730469 0 1
8 4 - 0 - 1.5418853759765625 3.057152271270752 0 0
8 4 - 1 - 1.5124127864837646 1.5245776176452637 0 1
8 4 - 2 - 1.6220002174377441 3.294022798538208 0 0
8 4 - 3 - 1.6009607315063477 1.5043487548828125 0 1
8 4 - 4 - 1.4334840774536133 2.882387161254883 0 0
8 4 - 5 - 1.3849997520446777 2.8098061084747314 0 0
8 4 - 6 - 1.6293177604675293 1.5548312664031982 0 1
8 4 - 7 - 1.4759833812713623 1.4399998188018799 0 1
8 4 - 8 - 1.4222218990325928 1.4535408020019531 0 1
8 4 - 9 - 1.459981918334961 1.4393055438995361 0 1
8 4 - 10 - 1.5700228214263916 1.571702241897583 0 1
8 4 - 11 - 1.4600212574005127 1.4184844493865967 0 1
8 4 - 12 - 1.6087801456451416 3.3121557235717773 0 0
8 4 - 13 - 1.7020111083984375 3.4720966815948486 0 0
8 4 - 14 - 1.5983104705810547 1.5285985469818115 0 1
8 4 - 15 - 1.6107213497161865 3.2449889183044434 0 0
8 2 - 22 - 0.0 5.807304382324219 0 1
8 2 - 22 - 0.0 37.30694770812988 0 1
