32 1 - 0 - 13.742507219314575 14.121134757995605 1 0
32 1 - 1 - 13.737862825393677 14.192855834960938 1 0
32 1 - 2 - 14.036601543426514 14.350292921066284 1 0
32 1 - 3 - 13.778428316116333 14.623456954956055 1 0
32 1 - 4 - 13.930033683776855 14.388648509979248 1 0
32 1 - 5 - 14.579886436462402 14.054756164550781 1 0
32 1 - 6 - 14.176079273223877 15.252439975738525 1 0
32 1 - 7 - 11.500683546066284 12.135791063308716 1 0
32 1 - 8 - 13.679889678955078 14.07954216003418 1 0
32 1 - 9 - 13.312107563018799 14.040827512741089 1 0
32 1 - 10 - 13.363092184066772 13.921737909317017 1 0
32 1 - 11 - 14.6805739402771 15.079269647598267 1 0
32 1 - 12 - 13.357855796813965 13.79568362236023 1 0
32 1 - 13 - 13.819247961044312 14.20947003364563 1 0
32 1 - 14 - 13.302389860153198 13.779147863388062 1 0
32 1 - 15 - 14.283602237701416 15.20281195640564 1 0
32 1 - 16 - 15.18545913696289 16.222623348236084 1 0
32 1 - 17 - 14.044508934020996 14.985714435577393 1 0
32 1 - 18 - 14.173860311508179 14.437655687332153 1 0
32 1 - 19 - 15.660593032836914 16.588399410247803 1 0
32 1 - 20 - 13.877705335617065 14.684323787689209 1 0
32 1 - 21 - 13.598269939422607 14.480694770812988 1 0
32 1 - 22 - 15.421289205551147 16.32594609260559 1 0
32 1 - 23 - 15.538809537887573 14.872932434082031 1 0
32 1 - 24 - 13.730685472488403 14.189213991165161 1 0
32 1 - 25 - 13.735384225845337 13.205407857894897 1 0
32 1 - 26 - 14.106900215148926 14.936986207962036 1 0
32 1 - 27 - 12.616108417510986 13.323771238327026 1 0
32 1 - 28 - 14.622827053070068 15.294947862625122 1 0
32 1 - 29 - 16.184497594833374 15.48812747001648 1 0
32 1 - 30 - 13.602910995483398 14.170093297958374 1 0
32 1 - 31 - 13.988929748535156 14.27016305923462 1 0
32 1 - 32 - 13.377692937850952 13.77733826637268 1 0
32 1 - 33 - 12.625605583190918 13.051235914230347 1 0
32 1 - 34 - 14.416044473648071 15.15142011642456 1 0
32 1 - 35 - 13.99832534790039 13.781302452087402 1 0
32 1 - 36 - 13.92697286605835 14.872784614562988 1 0
32 1 - 37 - 12.90279221534729 13.372315406799316 1 0
32 1 - 38 - 13.513743877410889 13.851511478424072 1 0
32 1 - 39 - 13.635971784591675 12.73768663406372 1 0
32 1 - 40 - 13.893371105194092 14.028217792510986 1 0
32 1 - 41 - 14.555840253829956 14.283249378204346 1 0
32 1 - 42 - 13.451854467391968 14.329820394515991 1 0
32 1 - 43 - 13.649097442626953 14.459779500961304 1 0
32 1 - 44 - 13.699845790863037 14.491484642028809 1 0
32 1 - 45 - 14.857807397842407 15.600326538085938 1 0
32 1 - 46 - 14.018263339996338 15.104491949081421 1 0
32 1 - 47 - 14.160667657852173 14.027831315994263 1 0
32 1 - 48 - 11.765928268432617 12.778768539428711 1 0
32 1 - 49 - 14.63848328590393 14.471355199813843 1 0
32 1 - 50 - 14.110521793365479 14.266953706741333 1 0
32 1 - 51 - 13.072760343551636 13.578308820724487 1 0
32 1 - 52 - 13.050234317779541 14.07547926902771 1 0
32 1 - 53 - 14.147477626800537 14.310000658035278 1 0
32 1 - 54 - 12.57083535194397 13.188536882400513 1 0
32 1 - 55 - 13.169603824615479 12.679247856140137 1 0
32 1 - 56 - 13.691948652267456 14.33215594291687 1 0
32 1 - 57 - 14.207287788391113 15.163435220718384 1 0
32 1 - 58 - 14.486210346221924 15.353200435638428 1 0
32 1 - 59 - 12.8042311668396 13.349326133728027 1 0
32 1 - 60 - 15.128010034561157 15.977012872695923 1 0
32 1 - 61 - 13.680541753768921 15.228587627410889 1 0
32 1 - 62 - 13.829198598861694 15.237286806106567 1 0
32 1 - 63 - 12.944350242614746 13.55953574180603 1 0
32 1 - 64 - 14.19633412361145 13.685494661331177 1 0
32 1 - 65 - 14.137865543365479 14.968644142150879 1 0
32 1 - 66 - 14.33730936050415 14.129520177841187 1 0
32 1 - 67 - 14.774752616882324 15.008066654205322 1 0
32 1 - 68 - 12.615151405334473 13.922171354293823 1 0
32 1 - 69 - 13.098901510238647 14.265174865722656 1 0
32 1 - 70 - 12.991365671157837 12.78352403640747 1 0
32 1 - 71 - 13.786881685256958 14.675898551940918 1 0
32 1 - 72 - 13.145644903182983 13.583818674087524 1 0
32 1 - 73 - 14.044705390930176 14.87729525566101 1 0
32 1 - 74 - 13.857373714447021 13.880918025970459 1 0
32 1 - 75 - 13.02043867111206 14.075411081314087 1 0
32 1 - 76 - 13.999021768569946 15.161840200424194 1 0
32 1 - 77 - 14.417089462280273 15.355608701705933 1 0
32 1 - 78 - 13.088642120361328 13.931324481964111 1 0
32 1 - 79 - 13.497066974639893 14.789457559585571 1 0
32 1 - 80 - 13.367874145507812 14.022583246231079 1 0
32 1 - 81 - 14.486684799194336 15.23267149925232 1 0
32 1 - 82 - 15.24012279510498 14.881650686264038 1 0
32 1 - 83 - 12.695146799087524 13.556761026382446 1 0
32 1 - 84 - 14.754102945327759 15.35529899597168 1 0
32 1 - 85 - 13.875052690505981 14.096625328063965 1 0
32 1 - 86 - 13.380365133285522 14.009411096572876 1 0
32 1 - 87 - 12.742019414901733 13.57554292678833 1 0
32 1 - 88 - 12.844025135040283 13.692195892333984 1 0
32 1 - 89 - 13.824671268463135 13.797361135482788 1 0
32 1 - 90 - 13.549046277999878 14.220089673995972 1 0
32 1 - 91 - 14.975696563720703 14.713577508926392 1 0
32 1 - 92 - 13.778829336166382 13.339378118515015 1 0
32 1 - 93 - 13.314002275466919 13.45548939704895 1 0
32 1 - 94 - 14.733723402023315 14.171804189682007 1 0
32 1 - 95 - 11.897316455841064 13.068065881729126 1 0
32 1 - 96 - 14.008080244064331 14.185655355453491 1 0
32 1 - 97 - 13.349778890609741 13.40117335319519 1 0
32 1 - 98 - 15.721801996231079 15.720521926879883 1 0
32 1 - 99 - 13.537547588348389 13.976142644882202 1 0
32 2 - 0 - 16.46903347969055 15.201866149902344 1 0
32 2 - 1 - 15.20627760887146 14.826866388320923 1 0
32 2 - 2 - 17.05552387237549 15.143000602722168 1 0
32 2 - 3 - 13.744975805282593 14.353531837463379 1 0
32 2 - 4 - 17.126181602478027 14.837451219558716 1 0
32 2 - 5 - 16.414800882339478 14.247530221939087 1 0
32 2 - 6 - 17.859012603759766 15.765887260437012 1 0
32 2 - 7 - 12.265957832336426 12.577275276184082 1 0
32 2 - 8 - 17.026217699050903 14.396412134170532 1 0
32 2 - 9 - 13.834466934204102 14.396059036254883 1 0
32 2 - 10 - 14.770575761795044 14.584927320480347 1 0
32 2 - 11 - 16.37631368637085 15.970606088638306 1 0
32 2 - 12 - 15.171999454498291 14.09757375717163 1 0
32 2 - 13 - 14.204403400421143 15.190963506698608 1 0
32 2 - 14 - 14.034941911697388 14.598590850830078 1 0
32 2 - 15 - 16.509827613830566 15.855319738388062 1 0
32 2 - 16 - 17.754223585128784 15.96928071975708 1 0
32 2 - 17 - 16.58487606048584 14.473002195358276 1 0
32 2 - 18 - 14.368626356124878 14.485444784164429 1 0
32 2 - 19 - 19.8778178691864 17.223098754882812 1 0
32 2 - 20 - 13.790693283081055 14.836538553237915 1 0
32 2 - 21 - 13.56018590927124 14.994450807571411 1 0
32 2 - 22 - 15.682090044021606 15.942561864852905 1 0
32 2 - 23 - 14.145539999008179 15.146939992904663 1 0
32 2 - 24 - 14.599640130996704 14.41851019859314 1 0
32 2 - 25 - 16.414161920547485 13.917165279388428 1 0
32 2 - 26 - 14.017001628875732 15.284032583236694 1 0
32 2 - 27 - 13.2674241065979 13.342614889144897 1 0
32 2 - 28 - 18.121716260910034 15.189203977584839 1 0
32 2 - 29 - 15.951912641525269 16.03348159790039 1 0
32 2 - 30 - 15.017266035079956 14.310570001602173 1 0
32 2 - 31 - 15.118890762329102 14.898175716400146 1 0
32 2 - 32 - 13.631739616394043 14.116689682006836 1 0
32 2 - 33 - 13.050916910171509 13.932878494262695 1 0
32 2 - 34 - 15.195482730865479 15.330419540405273 1 0
32 2 - 35 - 15.239436864852905 14.553141593933105 1 0
32 2 - 36 - 18.095593452453613 14.756851196289062 1 0
32 2 - 37 - 14.670944690704346 14.137415170669556 1 0
32 2 - 38 - 13.928486347198486 14.73291277885437 1 0
32 2 - 39 - 13.9153311252594 13.153465747833252 1 0
32 2 - 40 - 16.672500371932983 14.263099193572998 1 0
32 2 - 41 - 18.597307682037354 14.628382682800293 1 0
32 2 - 42 - 15.651755332946777 14.023104667663574 1 0
32 2 - 43 - 13.631481647491455 15.289213180541992 1 0
32 2 - 44 - 17.01876711845398 14.712888240814209 1 0
32 2 - 45 - 16.938942670822144 15.939406156539917 1 0
32 2 - 46 - 14.121673583984375 15.197670936584473 1 0
32 2 - 47 - 16.519290685653687 14.830294847488403 1 0
32 2 - 48 - 13.139721155166626 12.39695692062378 1 0
32 2 - 49 - 16.158586740493774 14.998945951461792 1 0
32 2 - 50 - 16.023494720458984 14.82800006866455 1 0
32 2 - 51 - 13.291345357894897 14.148134708404541 1 0
32 2 - 52 - 16.727835655212402 14.169586896896362 0 0
32 2 - 53 - 15.127238512039185 14.516384601593018 1 0
32 2 - 54 - 14.270848751068115 13.743921518325806 1 0
32 2 - 55 - 14.95584487915039 12.581759691238403 1 0
32 2 - 56 - 16.90058994293213 14.612801790237427 1 0
32 2 - 57 - 16.472314596176147 14.997300386428833 1 0
32 2 - 58 - 15.789618015289307 15.366113662719727 1 0
32 2 - 59 - 13.068302631378174 13.706941366195679 1 0
32 2 - 60 - 19.562347173690796 15.510287523269653 1 0
32 2 - 61 - 14.042902946472168 15.102174282073975 1 0
32 2 - 62 - 15.915744066238403 14.957632303237915 1 0
32 2 - 63 - 14.750146865844727 13.932563066482544 1 0
32 2 - 64 - 15.018418073654175 14.165751218795776 1 0
32 2 - 65 - 16.49639916419983 15.584264278411865 1 0
32 2 - 66 - 16.429677724838257 14.364720582962036 1 0
32 2 - 67 - 15.970267295837402 15.479967832565308 1 0
32 2 - 68 - 12.515666484832764 13.638654708862305 1 0
32 2 - 69 - 15.801620721817017 14.029124736785889 1 0
32 2 - 70 - 13.803137063980103 13.145488262176514 1 0
32 2 - 71 - 14.580337285995483 15.145239114761353 1 0
32 2 - 72 - 13.665670156478882 14.117263317108154 1 0
32 2 - 73 - 15.534344673156738 15.19027042388916 1 0
32 2 - 74 - 16.040828704833984 14.421294212341309 1 0
32 2 - 75 - 17.481911659240723 13.961861371994019 1 0
32 2 - 76 - 16.169462203979492 15.21011996269226 1 0
32 2 - 77 - 16.3931143283844 15.692206382751465 1 0
32 2 - 78 - 13.32572317123413 14.208245754241943 1 0
32 2 - 79 - 16.64847159385681 14.321050643920898 1 0
32 2 - 80 - 15.172670364379883 13.84018325805664 1 0
32 2 - 81 - 18.255555868148804 15.47578477859497 1 0
32 2 - 82 - 15.677319288253784 15.37552809715271 1 0
32 2 - 83 - 14.75015115737915 14.064924955368042 1 0
32 2 - 84 - 19.299042463302612 15.921050310134888 1 0
32 2 - 85 - 14.750834465026855 14.961984157562256 1 0
32 2 - 86 - 15.07295846939087 14.140198469161987 1 0
32 2 - 87 - 16.18365740776062 14.126713514328003 1 0
32 2 - 88 - 14.878687620162964 13.937532663345337 1 0
32 2 - 89 - 13.470153331756592 14.546279907226562 1 0
32 2 - 90 - 16.12759780883789 15.169045686721802 1 0
32 2 - 91 - 16.607475519180298 15.341445446014404 1 0
32 2 - 92 - 13.674374103546143 13.988554000854492 1 0
32 2 - 93 - 15.862732172012329 14.080524206161499 1 0
32 2 - 94 - 16.09580969810486 14.583950757980347 1 0
32 2 - 95 - 12.1017746925354 13.084990501403809 1 0
32 2 - 96 - 15.965170860290527 14.95299482345581 1 0
32 2 - 97 - 13.500472068786621 14.241091012954712 1 0
32 2 - 98 - 15.738942384719849 15.706343650817871 1 0
32 2 - 99 - 13.611440896987915 14.71716833114624 1 0
