4 1 - 0 - 0.3125131130218506 1
4 1 - 1 - 0.23582768440246582 1
4 1 - 2 - 0.30606985092163086 1
4 1 - 3 - 0.25815534591674805 1
4 1 - 4 - 0.3262166976928711 1
4 1 - 5 - 0.3276669979095459 1
4 1 - 6 - 0.2560250759124756 1
4 1 - 7 - 0.2480466365814209 1
4 1 - 8 - 0.31513476371765137 1
4 1 - 9 - 0.18641376495361328 1
4 1 - 10 - 0.276456356048584 1
4 1 - 11 - 0.09853911399841309 1
4 1 - 12 - 0.25342822074890137 0
4 1 - 13 - 0.268826961517334 1
4 1 - 14 - 0.23345184326171875 1
4 1 - 15 - 0.2644224166870117 1
4 1 - 16 - 0.234022855758667 1
4 1 - 17 - 0.2611100673675537 1
4 1 - 18 - 0.37263941764831543 1
4 1 - 19 - 0.2898561954498291 1
4 1 - 20 - 0.23537778854370117 1
4 1 - 21 - 0.2667570114135742 1
4 1 - 22 - 0.3363063335418701 1
4 1 - 23 - 0.2698235511779785 1
4 1 - 24 - 0.2933530807495117 1
4 1 - 25 - 0.2543776035308838 1
4 1 - 26 - 0.275799036026001 1
4 1 - 27 - 0.3203423023223877 1
4 1 - 28 - 0.27980542182922363 1
4 1 - 29 - 0.20640301704406738 1
4 1 - 30 - 0.2923853397369385 0
4 1 - 31 - 0.24956679344177246 1
4 1 - 32 - 0.24822473526000977 1
4 1 - 33 - 0.22189903259277344 1
4 1 - 34 - 0.31849193572998047 1
4 1 - 35 - 0.25859498977661133 0
4 1 - 36 - 0.21381521224975586 1
4 1 - 37 - 0.2295675277709961 1
4 1 - 38 - 0.289276123046875 1
4 1 - 39 - 0.289381742477417 1
4 1 - 40 - 0.27312493324279785 1
4 1 - 41 - 0.31571197509765625 1
4 1 - 42 - 0.31617164611816406 1
4 1 - 43 - 0.30817079544067383 1
4 1 - 44 - 0.2656979560852051 1
4 1 - 45 - 0.394301176071167 1
4 1 - 46 - 0.3279860019683838 1
4 1 - 47 - 0.3232121467590332 1
4 1 - 48 - 0.33372068405151367 1
4 1 - 49 - 0.24495220184326172 0
4 1 - 50 - 0.17853164672851562 1
4 1 - 51 - 0.3018074035644531 1
4 1 - 52 - 0.21281218528747559 1
4 1 - 53 - 0.21837830543518066 1
4 1 - 54 - 0.29691123962402344 1
4 1 - 55 - 0.28184080123901367 1
4 1 - 56 - 0.38107919692993164 1
4 1 - 57 - 0.25763916969299316 1
4 1 - 58 - 0.3447859287261963 1
4 1 - 59 - 0.3145792484283447 1
4 1 - 60 - 0.2796061038970947 1
4 1 - 61 - 0.25699591636657715 1
4 1 - 62 - 0.29873013496398926 1
4 1 - 63 - 0.2796187400817871 1
4 1 - 64 - 0.28026342391967773 1
4 1 - 65 - 0.24997663497924805 1
4 1 - 66 - 0.2669520378112793 1
4 1 - 67 - 0.23011255264282227 1
4 1 - 68 - 0.22269558906555176 1
4 1 - 69 - 0.22635817527770996 1
4 1 - 70 - 0.30521225929260254 1
4 1 - 71 - 0.256103515625 1
4 1 - 72 - 0.2547898292541504 1
4 1 - 73 - 0.30111074447631836 0
4 1 - 74 - 0.27138781547546387 1
4 1 - 75 - 0.3313422203063965 1
4 1 - 76 - 0.24208378791809082 0
4 1 - 77 - 0.29669809341430664 1
4 1 - 78 - 0.10625243186950684 1
4 1 - 79 - 0.2871232032775879 1
4 1 - 80 - 0.2637200355529785 1
4 1 - 81 - 0.32611775398254395 0
4 1 - 82 - 0.2078850269317627 1
4 1 - 83 - 0.18917322158813477 1
4 1 - 84 - 0.10040140151977539 1
4 1 - 85 - 0.33067893981933594 1
4 1 - 86 - 0.21658611297607422 1
4 1 - 87 - 0.2919921875 1
4 1 - 88 - 0.21202611923217773 1
4 1 - 89 - 0.30214762687683105 1
4 1 - 90 - 0.28922343254089355 1
4 1 - 91 - 0.2978675365447998 1
4 1 - 92 - 0.2466731071472168 1
4 1 - 93 - 0.3250260353088379 0
4 1 - 94 - 0.2604544162750244 1
4 1 - 95 - 0.2730376720428467 1
4 1 - 96 - 0.2676358222961426 1
4 1 - 97 - 0.3447763919830322 1
4 1 - 98 - 0.25325608253479004 1
4 1 - 99 - 0.1921696662902832 1
4 2 - 0 - 0.24187135696411133 1
4 2 - 1 - 0.25994086265563965 0
4 2 - 2 - 0.17603349685668945 0
4 2 - 3 - 0.3354158401489258 1
4 2 - 4 - 0.28560566902160645 0
4 2 - 5 - 0.2680072784423828 1
4 2 - 6 - 0.26500558853149414 0
4 2 - 7 - 0.25627923011779785 1
4 2 - 8 - 0.2447376251220703 0
4 2 - 9 - 0.21689963340759277 1
4 2 - 10 - 0.2698993682861328 1
4 2 - 11 - 0.3072638511657715 1
4 2 - 12 - 0.36773228645324707 0
4 2 - 13 - 0.33965253829956055 0
4 2 - 14 - 0.305370569229126 1
4 2 - 15 - 0.370697021484375 1
4 2 - 16 - 0.407193660736084 0
4 2 - 17 - 0.29683947563171387 1
4 2 - 18 - 0.295351505279541 1
4 2 - 19 - 0.3951272964477539 0
4 2 - 20 - 0.3532886505126953 1
4 2 - 21 - 0.4017603397369385 1
4 2 - 22 - 0.11892962455749512 1
4 2 - 23 - 0.32150769233703613 0
4 2 - 24 - 0.2685263156890869 0
4 2 - 25 - 0.27849888801574707 1
4 2 - 26 - 0.4505889415740967 0
4 2 - 27 - 0.30168747901916504 1
4 2 - 28 - 0.2443678379058838 1
4 2 - 29 - 0.32648587226867676 0
4 2 - 30 - 0.3039562702178955 0
4 2 - 31 - 0.33769893646240234 0
4 2 - 32 - 0.2975754737854004 0
4 2 - 33 - 0.26676249504089355 1
4 2 - 34 - 0.23375415802001953 0
4 2 - 35 - 0.3358182907104492 0
4 2 - 36 - 0.2779221534729004 0
4 2 - 37 - 0.33579397201538086 0
4 2 - 38 - 0.2199258804321289 1
4 2 - 39 - 0.34403276443481445 0
4 2 - 40 - 0.22949910163879395 1
4 2 - 41 - 0.22357535362243652 1
4 2 - 42 - 0.1675412654876709 1
4 2 - 43 - 0.23299551010131836 1
4 2 - 44 - 0.28301191329956055 0
4 2 - 45 - 0.2906210422515869 1
4 2 - 46 - 0.197584867477417 0
4 2 - 47 - 0.32631444931030273 1
4 2 - 48 - 0.4905891418457031 1
4 2 - 49 - 0.24331068992614746 0
4 2 - 50 - 0.34258389472961426 0
4 2 - 51 - 0.24337220191955566 0
4 2 - 52 - 0.3180685043334961 1
4 2 - 53 - 0.32407307624816895 1
4 2 - 54 - 0.3229947090148926 1
4 2 - 55 - 0.34254026412963867 1
4 2 - 56 - 0.24950456619262695 1
4 2 - 57 - 0.21530961990356445 1
4 2 - 58 - 0.3283998966217041 0
4 2 - 59 - 0.22647428512573242 0
4 2 - 60 - 0.2937583923339844 1
4 2 - 61 - 0.414257287979126 1
4 2 - 62 - 0.30602002143859863 0
4 2 - 63 - 0.23787403106689453 1
4 2 - 64 - 0.22524285316467285 1
4 2 - 65 - 0.2771952152252197 1
4 2 - 66 - 0.28978490829467773 0
4 2 - 67 - 0.2796294689178467 0
4 2 - 68 - 0.44456934928894043 0
4 2 - 69 - 0.22302603721618652 0
4 2 - 70 - 0.29848337173461914 0
4 2 - 71 - 0.1960768699645996 1
4 2 - 72 - 0.31269359588623047 1
4 2 - 73 - 0.372361421585083 0
4 2 - 74 - 0.39134883880615234 1
4 2 - 75 - 0.31006693840026855 0
4 2 - 76 - 0.3167550563812256 0
4 2 - 77 - 0.411301851272583 1
4 2 - 78 - 0.2558012008666992 1
4 2 - 79 - 0.2351856231689453 1
4 2 - 80 - 0.2377924919128418 0
4 2 - 81 - 0.3433997631072998 0
4 2 - 82 - 0.24694514274597168 1
4 2 - 83 - 0.3117990493774414 1
4 2 - 84 - 0.21682500839233398 1
4 2 - 85 - 0.26010680198669434 1
4 2 - 86 - 0.28908658027648926 0
4 2 - 87 - 0.2905590534210205 1
4 2 - 88 - 0.3251805305480957 0
4 2 - 89 - 0.19438409805297852 1
4 2 - 90 - 0.27087950706481934 0
4 2 - 91 - 0.24109888076782227 1
4 2 - 92 - 0.21764063835144043 1
4 2 - 93 - 0.29329586029052734 0
4 2 - 94 - 0.33213162422180176 1
4 2 - 95 - 0.2631826400756836 1
4 2 - 96 - 0.2465496063232422 0
4 2 - 97 - 0.1886134147644043 1
4 2 - 98 - 0.29742908477783203 1
4 2 - 99 - 0.2501029968261719 1
4 4 - 0 - 0.2851855754852295 0
4 4 - 1 - 0.15220403671264648 0
4 4 - 2 - 0.38086366653442383 0
4 4 - 3 - 0.30200767517089844 0
4 4 - 4 - 0.32420825958251953 0
4 4 - 5 - 0.3549497127532959 0
4 4 - 6 - 0.32727909088134766 0
4 4 - 7 - 0.28363680839538574 0
4 4 - 8 - 0.32597923278808594 0
4 4 - 9 - 0.2652120590209961 0
4 4 - 10 - 0.37317705154418945 0
4 4 - 11 - 0.31513381004333496 1
4 4 - 12 - 0.44458460807800293 0
4 4 - 13 - 0.36786627769470215 0
4 4 - 14 - 0.26868700981140137 0
4 4 - 15 - 0.3891298770904541 0
4 4 - 16 - 0.241668701171875 0
4 4 - 17 - 0.2689507007598877 1
4 4 - 18 - 0.37558817863464355 0
4 4 - 19 - 0.24820566177368164 0
4 4 - 20 - 0.36748600006103516 1
4 4 - 21 - 0.13155460357666016 1
4 4 - 22 - 0.33850765228271484 0
4 4 - 23 - 0.25629234313964844 0
4 4 - 24 - 0.3196449279785156 0
4 4 - 25 - 0.38571834564208984 0
4 4 - 26 - 0.2778787612915039 0
4 4 - 27 - 0.19429922103881836 0
4 4 - 28 - 0.3493170738220215 0
4 4 - 29 - 0.27248191833496094 0
4 4 - 30 - 0.3502695560455322 0
4 4 - 31 - 0.48723745346069336 0
4 4 - 32 - 0.34697866439819336 0
4 4 - 33 - 0.25866103172302246 0
4 4 - 34 - 0.2958662509918213 0
4 4 - 35 - 0.2630016803741455 0
4 4 - 36 - 0.2675011157989502 0
4 4 - 37 - 0.26465439796447754 0
4 4 - 38 - 0.26528358459472656 0
4 4 - 39 - 0.2925102710723877 0
4 4 - 40 - 0.37572240829467773 0
4 4 - 41 - 0.25084567070007324 1
4 4 - 42 - 0.31896138191223145 0
4 4 - 43 - 0.30597352981567383 0
4 4 - 44 - 0.37790393829345703 0
4 4 - 45 - 0.29535603523254395 0
4 4 - 46 - 0.29079651832580566 0
4 4 - 47 - 0.36911439895629883 0
4 4 - 48 - 0.332763671875 0
4 4 - 49 - 0.3942372798919678 0
4 4 - 50 - 0.2484910488128662 0
4 4 - 51 - 0.36815571784973145 0
4 4 - 52 - 0.32205963134765625 1
4 4 - 53 - 0.2764098644256592 0
4 4 - 54 - 0.28735780715942383 1
4 4 - 55 - 0.3701910972595215 0
4 4 - 56 - 0.29479384422302246 0
4 4 - 57 - 0.29935288429260254 0
4 4 - 58 - 0.34459567070007324 0
4 4 - 59 - 0.3913547992706299 0
4 4 - 60 - 0.2555668354034424 1
4 4 - 61 - 0.31639528274536133 0
4 4 - 62 - 0.2857024669647217 0
4 4 - 63 - 0.3410618305206299 1
4 4 - 64 - 0.3769867420196533 1
4 4 - 65 - 0.2626078128814697 1
4 4 - 66 - 0.3669404983520508 0
4 4 - 67 - 0.23427820205688477 0
4 4 - 68 - 0.33249998092651367 0
4 4 - 69 - 0.3015570640563965 0
4 4 - 70 - 0.27092409133911133 0
4 4 - 71 - 0.3174471855163574 0
4 4 - 72 - 0.15139150619506836 0
4 4 - 73 - 0.3080594539642334 0
4 4 - 74 - 0.3579437732696533 0
4 4 - 75 - 0.28069067001342773 0
4 4 - 76 - 0.35277509689331055 0
4 4 - 77 - 0.2312009334564209 0
4 4 - 78 - 0.41332483291625977 0
4 4 - 79 - 0.1476449966430664 0
4 4 - 80 - 0.36211609840393066 0
4 4 - 81 - 0.28919196128845215 0
4 4 - 82 - 0.2937021255493164 0
4 4 - 83 - 0.28885340690612793 0
4 4 - 84 - 0.13006186485290527 1
4 4 - 85 - 0.3919801712036133 0
4 4 - 86 - 0.33211469650268555 0
4 4 - 87 - 0.25354957580566406 1
4 4 - 88 - 0.29964184761047363 0
4 4 - 89 - 0.3008437156677246 0
4 4 - 90 - 0.3677082061767578 0
4 4 - 91 - 0.40796446800231934 0
4 4 - 92 - 0.2321910858154297 0
4 4 - 93 - 0.44199061393737793 0
4 4 - 94 - 0.3425564765930176 0
4 4 - 95 - 0.36618995666503906 0
4 4 - 96 - 0.23737335205078125 0
4 4 - 97 - 0.29596567153930664 1
4 4 - 98 - 0.27059388160705566 1
4 4 - 99 - 0.568474531173706 0
8 1 - 0 - 0.814385175704956 1
8 1 - 1 - 0.5025675296783447 1
8 1 - 2 - 0.6616427898406982 1
