4 1 - 0 - 0.5450012683868408 0.5329916477203369 1 0
4 1 - 1 - 0.33301806449890137 0.33098721504211426 0 1
4 1 - 2 - 0.3579995632171631 0.356997013092041 0 1
4 1 - 3 - 0.3339982032775879 0.5889763832092285 0 1
4 1 - 4 - 0.5600230693817139 0.5450007915496826 1 0
4 1 - 5 - 0.35698723793029785 0.6130106449127197 0 1
4 1 - 6 - 0.28600072860717773 0.28200840950012207 0 1
4 1 - 7 - 0.332991361618042 0.3330087661743164 0 1
4 1 - 8 - 0.5870025157928467 0.5680005550384521 1 0
4 1 - 9 - 0.30800294876098633 0.306988000869751 0 1
4 1 - 10 - 0.358018159866333 0.611994743347168 0 1
4 1 - 11 - 0.3149993419647217 0.31601858139038086 0 1
4 1 - 12 - 0.35700345039367676 0.6119866371154785 0 1
4 1 - 13 - 0.33802127838134766 0.5729982852935791 0 0
4 1 - 14 - 0.3080000877380371 0.3059957027435303 0 1
4 1 - 15 - 0.3320033550262451 0.3329958915710449 0 1
4 1 - 16 - 0.34098076820373535 0.5690233707427979 0 0
4 1 - 17 - 0.3080000877380371 0.30699968338012695 0 1
4 1 - 18 - 0.309006929397583 0.30799341201782227 0 1
4 1 - 19 - 0.31398987770080566 0.5470118522644043 0 0
4 1 - 20 - 0.3079955577850342 0.3050076961517334 0 1
4 1 - 21 - 0.2880120277404785 0.28299880027770996 0 1
4 1 - 22 - 0.35701799392700195 0.6139986515045166 0 1
4 1 - 23 - 0.3330199718475342 0.3299901485443115 0 1
4 1 - 24 - 0.3339848518371582 0.3310267925262451 0 1
4 1 - 25 - 0.3329925537109375 0.33300042152404785 0 1
4 1 - 26 - 0.33402371406555176 0.5890007019042969 0 0
4 1 - 27 - 0.3860204219818115 0.6189987659454346 0 0
4 1 - 28 - 0.33398866653442383 0.3339982032775879 0 1
4 1 - 29 - 0.3559987545013428 0.3569955825805664 0 1
4 1 - 30 - 0.35700058937072754 0.354996919631958 0 1
4 1 - 31 - 0.33600449562072754 0.3289754390716553 0 1
4 1 - 32 - 0.33901524543762207 0.5699999332427979 0 0
4 1 - 33 - 0.33100271224975586 0.3309967517852783 0 1
4 1 - 34 - 0.33300352096557617 0.5879867076873779 0 0
4 1 - 35 - 0.3320012092590332 0.32898831367492676 0 1
4 1 - 36 - 0.3569979667663574 0.6319987773895264 0 0
4 1 - 37 - 0.3350071907043457 0.33199286460876465 0 1
4 1 - 38 - 0.33300256729125977 0.33199596405029297 0 1
4 1 - 39 - 0.5390064716339111 0.5280108451843262 1 0
4 1 - 40 - 0.3780195713043213 0.37599778175354004 0 1
4 1 - 41 - 0.28800272941589355 0.28099703788757324 0 1
4 1 - 42 - 0.33501315116882324 0.3289937973022461 0 1
4 1 - 43 - 0.3080024719238281 0.544996976852417 0 1
4 1 - 44 - 0.3080005645751953 0.30699872970581055 0 1
4 1 - 45 - 0.3580043315887451 0.6109960079193115 0 1
4 1 - 46 - 0.3320164680480957 0.3309791088104248 0 1
4 1 - 47 - 0.562023401260376 0.5519759654998779 1 0
4 1 - 48 - 0.35699963569641113 0.352999210357666 0 1
4 1 - 49 - 0.38100504875183105 0.3749871253967285 0 1
4 1 - 50 - 0.5619893074035645 0.5490117073059082 1 0
4 1 - 51 - 0.3310220241546631 0.33098554611206055 0 1
4 1 - 52 - 0.30901145935058594 0.30699968338012695 0 1
4 1 - 53 - 0.3580031394958496 0.6149959564208984 0 1
4 1 - 54 - 0.30901122093200684 0.3070058822631836 0 1
4 1 - 55 - 0.3390188217163086 0.5709748268127441 0 0
4 1 - 56 - 0.36101198196411133 0.592998743057251 0 1
4 1 - 57 - 0.5660049915313721 0.5500125885009766 1 0
4 1 - 58 - 0.35706305503845215 0.35393667221069336 0 1
4 1 - 59 - 0.362001895904541 0.5939795970916748 0 0
4 1 - 60 - 0.3070230484008789 0.30899858474731445 0 1
4 1 - 61 - 0.3320138454437256 0.32799673080444336 0 1
4 1 - 62 - 0.5193619728088379 0.5040004253387451 1 0
4 1 - 63 - 0.3320193290710449 0.32699108123779297 0 1
4 1 - 64 - 0.3319857120513916 0.3310239315032959 0 1
4 1 - 65 - 0.31001710891723633 0.30699992179870605 0 1
4 1 - 66 - 0.35501837730407715 0.3560001850128174 0 1
4 1 - 67 - 0.33101463317871094 0.3279998302459717 0 1
4 1 - 68 - 0.5580081939697266 0.5479991436004639 1 0
4 1 - 69 - 0.3559889793395996 0.35402822494506836 0 1
4 1 - 70 - 0.3639969825744629 0.5899996757507324 0 0
4 1 - 71 - 0.3549997806549072 0.6099791526794434 0 1
4 1 - 72 - 0.3319888114929199 0.3280210494995117 0 1
4 1 - 73 - 0.557999849319458 0.5450000762939453 1 0
4 1 - 74 - 0.35698986053466797 0.35801029205322266 0 1
4 1 - 75 - 0.5539991855621338 0.5460000038146973 1 0
4 1 - 76 - 0.3309977054595947 0.6039996147155762 0 1
4 1 - 77 - 0.356997013092041 0.608989953994751 0 1
4 1 - 78 - 0.5640130043029785 0.5500001907348633 1 0
4 1 - 79 - 0.3540201187133789 0.35199952125549316 0 1
4 1 - 80 - 0.33397912979125977 0.5880112648010254 0 0
4 1 - 81 - 0.5838737487792969 0.5680105686187744 1 0
4 1 - 82 - 0.33902549743652344 0.5699996948242188 0 0
4 1 - 83 - 0.32999563217163086 0.33299994468688965 0 1
4 1 - 84 - 0.28502774238586426 0.2819998264312744 0 1
4 1 - 85 - 0.33301448822021484 0.32899999618530273 0 1
4 1 - 86 - 0.3800027370452881 0.37999987602233887 0 1
4 1 - 87 - 0.33202147483825684 0.3269994258880615 0 1
4 1 - 88 - 0.33201026916503906 0.3279995918273926 0 1
4 1 - 89 - 0.30705714225769043 0.30495309829711914 0 1
4 1 - 90 - 0.3580186367034912 0.3539736270904541 0 1
4 1 - 91 - 0.35500454902648926 0.3539888858795166 0 1
4 1 - 92 - 0.3680086135864258 0.3540070056915283 0 1
4 1 - 93 - 0.5810232162475586 0.5679998397827148 1 0
4 1 - 94 - 0.28494906425476074 0.5209991931915283 0 0
4 1 - 95 - 0.33001017570495605 0.32997894287109375 0 1
4 1 - 96 - 0.3590102195739746 0.3559997081756592 0 1
4 1 - 97 - 0.307999849319458 0.3080000877380371 0 1
4 1 - 98 - 0.3309967517852783 0.32899022102355957 0 1
4 1 - 99 - 0.3330094814300537 0.3280000686645508 0 1
4 2 - 0 - 0.7909941673278809 0.7539999485015869 1 0
4 2 - 1 - 0.41901493072509766 0.41899991035461426 0 1
4 2 - 2 - 0.4219968318939209 0.8459999561309814 0 0
4 2 - 3 - 0.4249997138977051 0.8510003089904785 0 0
4 2 - 4 - 0.8469784259796143 0.8010210990905762 1 0
4 2 - 5 - 0.44500041007995605 0.9010000228881836 0 0
4 2 - 6 - 0.39799928665161133 0.3940002918243408 0 1
4 2 - 7 - 0.4209914207458496 0.4260084629058838 0 1
4 2 - 8 - 0.8810276985168457 0.8439993858337402 1 0
4 2 - 9 - 0.42100024223327637 0.4209787845611572 0 1
4 2 - 10 - 0.45398902893066406 0.8970210552215576 0 0
4 2 - 11 - 0.3780064582824707 0.3740196228027344 0 1
4 2 - 12 - 0.4889836311340332 0.9660277366638184 0 0
4 2 - 13 - 0.44902753829956055 0.9109792709350586 0 0
4 2 - 14 - 0.42601919174194336 0.43900012969970703 0 1
4 2 - 15 - 0.42300987243652344 0.43297290802001953 0 1
4 2 - 16 - 0.4580066204071045 0.9070127010345459 0 0
4 2 - 17 - 0.3789994716644287 0.37600040435791016 0 1
4 2 - 18 - 0.40302109718322754 0.40800023078918457 0 1
4 2 - 19 - 0.4450254440307617 0.856989860534668 0 0
4 2 - 20 - 0.3970000743865967 0.3930208683013916 0 1
4 2 - 21 - 0.3750145435333252 0.3759779930114746 0 1
4 2 - 22 - 0.45899295806884766 0.8980209827423096 0 0
4 2 - 23 - 0.4260084629058838 0.4239785671234131 0 1
4 2 - 24 - 0.425001859664917 0.42799997329711914 0 1
4 2 - 25 - 0.45702123641967773 0.4839789867401123 0 1
4 2 - 26 - 0.44799184799194336 0.9290101528167725 0 0
4 2 - 27 - 0.448012113571167 0.9040172100067139 0 0
4 2 - 28 - 0.4500107765197754 0.4560103416442871 0 1
4 2 - 29 - 0.45099925994873047 0.914989709854126 0 0
4 2 - 30 - 0.4470210075378418 0.8939712047576904 0 0
4 2 - 31 - 0.44401049613952637 0.4419996738433838 0 1
4 2 - 32 - 0.4450185298919678 0.8919773101806641 0 0
4 2 - 33 - 0.43100523948669434 0.4260108470916748 0 1
4 2 - 34 - 0.4529910087585449 0.9040074348449707 0 0
4 2 - 35 - 0.40996503829956055 0.3940300941467285 0 1
4 2 - 36 - 0.47400474548339844 0.983001708984375 0 0
4 2 - 37 - 0.42401981353759766 0.424999475479126 0 1
4 2 - 38 - 0.4220144748687744 0.43000006675720215 0 1
4 2 - 39 - 0.7910254001617432 0.7519795894622803 1 0
4 2 - 40 - 0.46501803398132324 0.46698975563049316 0 1
4 2 - 41 - 0.37399888038635254 0.3680000305175781 0 1
4 2 - 42 - 0.4229888916015625 0.4190213680267334 0 1
4 2 - 43 - 0.4019918441772461 0.8089971542358398 0 0
4 2 - 44 - 0.4219987392425537 0.42202138900756836 0 1
4 2 - 45 - 0.44602322578430176 0.8949794769287109 0 0
4 2 - 46 - 0.4209890365600586 0.4250209331512451 0 1
4 2 - 47 - 0.8529989719390869 0.8021829128265381 1 0
4 2 - 48 - 0.42101430892944336 0.42501020431518555 0 1
4 2 - 49 - 0.49200963973999023 0.503000020980835 0 1
4 2 - 50 - 0.8540258407592773 0.8029763698577881 1 0
4 2 - 51 - 0.4020082950592041 0.39998912811279297 0 1
4 2 - 52 - 0.37401580810546875 0.3749880790710449 0 1
4 2 - 53 - 0.45300936698913574 0.903994083404541 0 0
4 2 - 54 - 0.37897825241088867 0.37901973724365234 0 1
4 2 - 55 - 0.40999579429626465 0.8070111274719238 0 0
4 2 - 56 - 0.44600439071655273 0.9029984474182129 0 0
4 2 - 57 - 0.8390161991119385 0.8139708042144775 1 0
4 2 - 58 - 0.4680030345916748 0.9449994564056396 0 0
4 2 - 59 - 0.467029333114624 0.8999998569488525 0 0
4 2 - 60 - 0.40097570419311523 0.40702080726623535 0 1
4 2 - 61 - 0.4260275363922119 0.4189772605895996 0 1
4 2 - 62 - 0.7930209636688232 0.7589826583862305 1 0
4 2 - 63 - 0.4139847755432129 0.3970012664794922 0 1
4 2 - 64 - 0.4000236988067627 0.406980037689209 0 1
4 2 - 65 - 0.3990185260772705 0.40399980545043945 0 1
4 2 - 66 - 0.47499918937683105 0.9510102272033691 0 0
4 2 - 67 - 0.39901304244995117 0.41997289657592773 0 1
4 2 - 68 - 0.8590054512023926 0.8010008335113525 1 0
4 2 - 69 - 0.4710218906402588 0.477980375289917 0 1
4 2 - 70 - 0.46100282669067383 0.9139864444732666 0 0
4 2 - 71 - 0.4520297050476074 0.9089789390563965 0 0
4 2 - 72 - 0.40197086334228516 0.3949708938598633 0 1
4 2 - 73 - 0.84501051902771 0.8109896183013916 1 0
4 2 - 74 - 0.428971529006958 0.8660266399383545 0 0
4 2 - 75 - 0.8540241718292236 0.8029999732971191 1 0
4 2 - 76 - 0.4560089111328125 0.8989994525909424 0 0
4 2 - 77 - 0.4520144462585449 0.9069817066192627 0 0
4 2 - 78 - 0.8410077095031738 0.8029935359954834 1 0
4 2 - 79 - 0.4430274963378906 0.44797801971435547 0 1
4 2 - 80 - 0.443988561630249 0.8910002708435059 0 0
4 2 - 81 - 0.44699954986572266 0.8679945468902588 0 0
4 2 - 82 - 0.41942429542541504 0.8110165596008301 0 0
4 2 - 83 - 0.4219970703125 0.4349968433380127 0 1
4 2 - 84 - 0.3750026226043701 0.37099623680114746 0 1
4 2 - 85 - 0.42299699783325195 0.42001843452453613 0 1
4 2 - 86 - 0.4810004234313965 0.9429993629455566 0 0
4 2 - 87 - 0.41700100898742676 0.4190182685852051 0 1
4 2 - 88 - 0.42999982833862305 0.4219970703125 0 1
4 2 - 89 - 0.40702080726623535 0.3979766368865967 0 1
4 2 - 90 - 0.4420199394226074 0.9009997844696045 0 0
4 2 - 91 - 0.44101548194885254 0.4399995803833008 0 1
4 2 - 92 - 0.42001819610595703 0.41899991035461426 0 1
4 2 - 93 - 0.8889997005462646 0.8450078964233398 1 0
4 2 - 94 - 0.4040031433105469 0.800978422164917 0 0
4 2 - 95 - 0.42201900482177734 0.4319791793823242 0 1
4 2 - 96 - 0.4470212459564209 0.8969995975494385 0 0
4 2 - 97 - 0.39601874351501465 0.4049999713897705 0 1
4 2 - 98 - 0.3990139961242676 0.39100003242492676 0 1
4 2 - 99 - 0.424025297164917 0.4219999313354492 0 1
4 4 - 0 - 1.0249862670898438 0.9710218906402588 1 0
4 4 - 1 - 0.5299968719482422 0.5260000228881836 0 1
4 4 - 2 - 0.5329887866973877 1.0750117301940918 0 0
4 4 - 3 - 0.5360021591186523 1.074018955230713 0 0
4 4 - 4 - 1.0680217742919922 1.026998519897461 1 0
4 4 - 5 - 0.5520222187042236 1.128999948501587 0 0
4 4 - 6 - 0.5110101699829102 0.5119788646697998 0 1
4 4 - 7 - 0.5340092182159424 1.0740094184875488 0 0
4 4 - 8 - 1.1170148849487305 1.0689997673034668 1 0
4 4 - 9 - 0.5310194492340088 0.529991626739502 0 1
4 4 - 10 - 0.5720007419586182 1.1270101070404053 0 0
4 4 - 11 - 0.4849855899810791 0.49102139472961426 0 1
4 4 - 12 - 0.5750186443328857 1.1740002632141113 0 0
4 4 - 13 - 0.5530178546905518 1.1220002174377441 0 0
4 4 - 14 - 0.529026985168457 0.5319998264312744 0 1
4 4 - 15 - 0.534013032913208 1.0799999237060547 0 0
4 4 - 16 - 0.5549962520599365 1.1150100231170654 0 0
4 4 - 17 - 0.4860100746154785 0.4829890727996826 0 1
4 4 - 18 - 0.5060110092163086 1.0290098190307617 0 0
4 4 - 19 - 0.5440053939819336 1.0669996738433838 0 0
4 4 - 20 - 0.5059957504272461 0.5010066032409668 0 1
4 4 - 21 - 0.48502397537231445 0.4809999465942383 0 1
4 4 - 22 - 0.5519859790802002 1.132021427154541 0 0
4 4 - 23 - 0.5350251197814941 0.5279996395111084 0 1
4 4 - 24 - 0.532020092010498 0.5280003547668457 0 1
4 4 - 25 - 0.5600101947784424 1.1260106563568115 0 0
4 4 - 26 - 0.5560076236724854 1.118999719619751 0 0
4 4 - 27 - 0.5540177822113037 1.1169791221618652 0 0
4 4 - 28 - 0.5510127544403076 1.1180000305175781 0 0
4 4 - 29 - 0.5529983043670654 1.125000238418579 0 0
4 4 - 30 - 0.5590198040008545 1.1229798793792725 0 0
4 4 - 31 - 0.5540273189544678 0.5559778213500977 0 1
4 4 - 32 - 0.5570118427276611 1.118999719619751 0 0
4 4 - 33 - 0.5350122451782227 0.5299897193908691 0 1
4 4 - 34 - 0.5710270404815674 1.1209895610809326 0 0
4 4 - 35 - 0.5070080757141113 0.4989793300628662 0 1
4 4 - 36 - 0.5769972801208496 1.1659998893737793 0 0
4 4 - 37 - 0.5309996604919434 0.5330264568328857 0 1
4 4 - 38 - 0.5360190868377686 1.0779993534088135 0 0
4 4 - 39 - 0.9999992847442627 0.9949789047241211 1 0
4 4 - 40 - 0.5860202312469482 0.5889906883239746 0 1
4 4 - 41 - 0.4890096187591553 0.4790003299713135 0 1
4 4 - 42 - 0.535999059677124 0.5360205173492432 0 1
4 4 - 43 - 0.5090160369873047 1.0369763374328613 0 0
4 4 - 44 - 0.5320026874542236 0.5280208587646484 0 1
4 4 - 45 - 0.5589754581451416 1.1280014514923096 0 0
4 4 - 46 - 0.5320236682891846 0.5329997539520264 0 1
4 4 - 47 - 1.0899925231933594 1.0270209312438965 1 0
4 4 - 48 - 0.5379972457885742 0.5370159149169922 0 1
4 4 - 49 - 0.6109912395477295 0.6090185642242432 0 1
4 4 - 50 - 1.0890042781829834 1.0400032997131348 1 0
4 4 - 51 - 0.5100083351135254 0.509000301361084 0 1
4 4 - 52 - 0.4910247325897217 0.4859793186187744 0 1
4 4 - 53 - 0.5730209350585938 1.1479997634887695 0 0
4 4 - 54 - 0.48799848556518555 0.4809994697570801 0 1
4 4 - 55 - 0.5169870853424072 1.0380136966705322 0 0
4 4 - 56 - 0.5590264797210693 1.1379790306091309 0 0
4 4 - 57 - 1.0710179805755615 1.0329999923706055 1 0
4 4 - 58 - 0.5809905529022217 1.179020881652832 0 0
4 4 - 59 - 0.556006908416748 1.1220180988311768 0 0
4 4 - 60 - 0.524005651473999 0.5269832611083984 0 1
4 4 - 61 - 0.5400180816650391 0.5329997539520264 0 1
4 4 - 62 - 1.0559885501861572 0.9910018444061279 1 0
4 4 - 63 - 0.5169880390167236 0.526010274887085 0 1
4 4 - 64 - 0.516991138458252 0.5270190238952637 0 1
4 4 - 65 - 0.5150208473205566 0.5339999198913574 0 1
4 4 - 66 - 0.5989923477172852 1.183020830154419 0 0
4 4 - 67 - 0.5139946937561035 0.5140037536621094 0 1
4 4 - 68 - 1.0770084857940674 1.0420002937316895 1 0
4 4 - 69 - 0.5929760932922363 0.5970232486724854 0 1
4 4 - 70 - 0.5729789733886719 1.1360206604003906 0 0
4 4 - 71 - 0.56998610496521 1.1450250148773193 0 0
4 4 - 72 - 0.5110161304473877 0.5059795379638672 0 1
4 4 - 73 - 1.070000410079956 1.027989387512207 1 0
4 4 - 74 - 0.5370252132415771 1.0930001735687256 0 0
4 4 - 75 - 1.0810248851776123 1.0329997539520264 1 0
4 4 - 76 - 0.5690295696258545 1.1339786052703857 0 0
4 4 - 77 - 0.5550229549407959 1.134000539779663 0 0
4 4 - 78 - 1.0629990100860596 1.0310096740722656 1 0
4 4 - 79 - 0.5559916496276855 0.552020788192749 0 1
4 4 - 80 - 0.5590274333953857 1.1299750804901123 0 0
4 4 - 81 - 0.5480074882507324 1.071021318435669 0 0
4 4 - 82 - 0.5200269222259521 1.0299997329711914 0 0
4 4 - 83 - 0.5330183506011963 1.0809969902038574 0 0
4 4 - 84 - 0.48598170280456543 0.48500895500183105 0 1
4 4 - 85 - 0.5440201759338379 0.5300004482269287 0 1
4 4 - 86 - 0.5840013027191162 1.1790101528167725 0 0
4 4 - 87 - 0.5310018062591553 0.5279946327209473 0 1
4 4 - 88 - 0.5330250263214111 0.5369758605957031 0 1
4 4 - 89 - 0.5110085010528564 0.5110001564025879 0 1
4 4 - 90 - 0.5610148906707764 1.1309993267059326 0 0
4 4 - 91 - 0.5620002746582031 0.5589966773986816 0 1
4 4 - 92 - 0.5390036106109619 0.5339946746826172 0 1
4 4 - 93 - 1.1190297603607178 1.0749759674072266 1 0
4 4 - 94 - 0.5200073719024658 1.0319912433624268 0 0
4 4 - 95 - 0.5340015888214111 1.0840201377868652 0 0
4 4 - 96 - 0.556997537612915 1.1299901008605957 0 0
4 4 - 97 - 0.5349931716918945 0.523005485534668 0 1
4 4 - 98 - 0.5090000629425049 0.5119969844818115 0 1
4 4 - 99 - 0.537999153137207 0.5360026359558105 0 1
8 1 - 0 - 0.6330018043518066 0.6289937496185303 0 1
8 1 - 1 - 0.6840040683746338 0.640995979309082 0 1
8 1 - 2 - 0.6520111560821533 0.6319875717163086 0 1
8 1 - 3 - 0.6660127639770508 0.6590068340301514 0 1
8 1 - 4 - 1.0920023918151855 1.0770037174224854 0 0
8 1 - 5 - 0.590017557144165 0.5899825096130371 0 1
8 1 - 6 - 0.6670196056365967 0.6619784832000732 0 1
8 1 - 7 - 0.6430008411407471 0.6269972324371338 0 1
8 1 - 8 - 0.6250243186950684 0.6239757537841797 0 1
8 1 - 9 - 0.636986494064331 0.6429896354675293 0 1
8 1 - 10 - 0.7070066928863525 0.6982889175415039 0 1
8 1 - 11 - 0.630000114440918 0.6210088729858398 0 1
8 1 - 12 - 0.704017162322998 0.706989049911499 0 1
8 1 - 13 - 0.6999979019165039 1.2940011024475098 0 1
8 1 - 14 - 0.6270060539245605 0.6220009326934814 0 1
8 1 - 15 - 0.7000091075897217 0.7039999961853027 0 1
8 1 - 16 - 0.6369705200195312 0.6290009021759033 0 1
8 1 - 17 - 0.6660149097442627 0.6690001487731934 0 1
8 1 - 18 - 0.5999948978424072 0.5900158882141113 0 1
8 1 - 19 - 0.667985200881958 0.6699895858764648 0 1
8 1 - 20 - 0.7030210494995117 0.699009895324707 0 1
8 1 - 21 - 0.6040177345275879 0.5919899940490723 0 1
8 1 - 22 - 0.6260154247283936 0.6239721775054932 0 1
8 1 - 23 - 0.699023962020874 1.262000560760498 0 1
8 1 - 24 - 0.6339683532714844 1.1410202980041504 0 0
8 1 - 25 - 0.5969977378845215 0.6039941310882568 0 1
8 1 - 26 - 0.7450215816497803 0.7419793605804443 0 1
8 1 - 27 - 0.6420245170593262 0.6279788017272949 0 1
8 1 - 28 - 0.6680071353912354 1.2220211029052734 0 1
8 1 - 29 - 0.6980185508728027 0.7000002861022949 0 1
8 1 - 30 - 0.7770018577575684 0.7730255126953125 0 1
8 1 - 31 - 0.7139992713928223 1.2410213947296143 0 0
8 1 - 32 - 0.6300146579742432 0.6289899349212646 0 1
8 1 - 33 - 0.593008279800415 0.5869722366333008 0 1
8 1 - 34 - 0.627018928527832 0.6299901008605957 0 1
8 1 - 35 - 0.5960056781768799 1.0959997177124023 0 1
8 1 - 36 - 0.7020068168640137 0.6930208206176758 0 1
8 1 - 37 - 0.6330084800720215 0.6260082721710205 0 1
8 1 - 38 - 0.6400063037872314 0.625007152557373 0 1
8 1 - 39 - 0.739013671875 0.7309985160827637 0 1
8 1 - 40 - 0.6030213832855225 0.5880067348480225 0 1
8 1 - 41 - 0.6369993686676025 0.636009931564331 0 1
8 1 - 42 - 0.6669905185699463 0.6640253067016602 0 1
8 1 - 43 - 0.770014762878418 0.774174690246582 0 1
8 1 - 44 - 0.6990129947662354 1.1959786415100098 0 1
8 1 - 45 - 0.6680076122283936 0.6629836559295654 0 1
8 1 - 46 - 0.7449922561645508 0.7380015850067139 0 1
8 1 - 47 - 0.6120009422302246 1.0969791412353516 0 1
8 1 - 48 - 0.5990128517150879 0.5879967212677002 0 1
8 1 - 49 - 0.6560192108154297 1.126978874206543 0 0
8 1 - 50 - 0.7350032329559326 0.7669808864593506 0 1
8 1 - 51 - 0.7129848003387451 1.2610015869140625 0 1
8 1 - 52 - 0.7460136413574219 0.74800705909729 0 1
8 1 - 53 - 0.6690201759338379 0.6559998989105225 0 1
8 1 - 54 - 0.6610181331634521 0.6669726371765137 0 1
8 1 - 55 - 0.6650130748748779 0.6681146621704102 0 1
8 1 - 56 - 0.6860191822052002 1.177978754043579 0 1
8 1 - 57 - 0.6353733539581299 0.6390125751495361 0 1
8 1 - 58 - 0.6999943256378174 0.697009801864624 0 1
8 1 - 59 - 0.7060215473175049 0.693000078201294 0 1
8 1 - 60 - 0.7359907627105713 0.7300183773040771 0 1
8 1 - 61 - 0.6980104446411133 0.7009997367858887 0 1
8 1 - 62 - 0.5589942932128906 0.5500228404998779 0 1
8 1 - 63 - 0.6640200614929199 0.6600000858306885 0 1
8 1 - 64 - 0.7310035228729248 0.729020357131958 0 1
8 1 - 65 - 0.6279885768890381 0.6210174560546875 0 1
8 1 - 66 - 0.6309926509857178 0.6250209808349609 0 1
8 1 - 67 - 0.7330260276794434 0.7420001029968262 0 1
8 1 - 68 - 0.7009994983673096 0.6909887790679932 0 1
8 1 - 69 - 0.7310261726379395 0.7310001850128174 0 1
8 1 - 70 - 0.7350163459777832 0.7319784164428711 0 1
8 1 - 71 - 0.634005069732666 1.2470166683197021 0 1
8 1 - 72 - 0.697005033493042 0.6970207691192627 0 1
8 1 - 73 - 0.6969788074493408 0.6920211315155029 0 1
8 1 - 74 - 0.6690146923065186 1.1610002517700195 0 1
8 1 - 75 - 0.626014232635498 0.6200001239776611 0 1
8 1 - 76 - 0.6940279006958008 0.6970005035400391 0 1
8 1 - 77 - 0.6979904174804688 0.6970059871673584 0 1
8 1 - 78 - 1.1780242919921875 1.1489999294281006 0 1
8 1 - 79 - 0.5880155563354492 0.5889995098114014 0 1
8 1 - 80 - 0.773019552230835 0.7721638679504395 0 1
8 1 - 81 - 0.6279935836791992 0.6320016384124756 0 1
8 1 - 82 - 1.101999282836914 1.0769996643066406 0 0
8 1 - 83 - 0.6890110969543457 1.186000108718872 0 0
8 1 - 84 - 0.6240198612213135 1.1570003032684326 0 1
8 1 - 85 - 0.663994312286377 0.6569995880126953 0 1
8 1 - 86 - 0.5860195159912109 0.5829994678497314 0 1
8 1 - 87 - 0.6609768867492676 0.6630213260650635 0 1
8 1 - 88 - 0.6750195026397705 0.6669909954071045 0 1
8 1 - 89 - 0.7309885025024414 0.7301108837127686 0 1
8 1 - 90 - 0.691988468170166 1.2150249481201172 0 1
8 1 - 91 - 0.6620161533355713 0.6620001792907715 0 1
8 1 - 92 - 0.7330152988433838 0.7250001430511475 0 1
8 1 - 93 - 0.6610300540924072 0.6539995670318604 0 1
8 1 - 94 - 0.7420263290405273 0.7339997291564941 0 1
8 1 - 95 - 0.6749920845031738 1.2460215091705322 0 1
8 1 - 96 - 0.5879771709442139 0.5840034484863281 0 1
8 1 - 97 - 0.6260192394256592 1.188978910446167 0 1
8 1 - 98 - 0.6960294246673584 0.6979997158050537 0 1
8 1 - 99 - 0.7020080089569092 0.692000150680542 0 1
8 2 - 0 - 0.9700174331665039 0.9879887104034424 0 1
8 2 - 1 - 0.8970131874084473 0.8840000629425049 0 1
8 2 - 2 - 0.9869992733001709 1.0030004978179932 0 1
8 2 - 3 - 0.9789853096008301 0.958021879196167 0 1
8 2 - 4 - 0.8759779930114746 1.6140210628509521 0 0
8 2 - 5 - 0.854020357131958 1.6089704036712646 0 1
8 2 - 6 - 0.9700284004211426 0.9579730033874512 0 1
8 2 - 7 - 0.8890285491943359 1.7149996757507324 0 1
8 2 - 8 - 0.8980062007904053 0.9070212841033936 0 1
8 2 - 9 - 0.8860137462615967 0.9039883613586426 0 1
8 2 - 10 - 0.9739978313446045 0.9670207500457764 0 1
8 2 - 11 - 0.8909900188446045 0.8720211982727051 0 1
8 2 - 12 - 0.9670138359069824 1.770000696182251 0 0
8 2 - 13 - 1.062983751296997 1.9840116500854492 0 0
8 2 - 14 - 0.9240314960479736 0.9379997253417969 0 1
8 2 - 15 - 1.0260124206542969 1.8540003299713135 0 0
8 2 - 16 - 0.9370119571685791 0.9269998073577881 0 1
8 2 - 17 - 0.9890077114105225 0.9939999580383301 0 1
8 2 - 18 - 0.9309930801391602 0.9240214824676514 0 1
8 2 - 19 - 0.9699916839599609 1.742020845413208 0 0
8 2 - 20 - 0.9680156707763672 1.0009996891021729 0 1
8 2 - 21 - 0.8940036296844482 0.8770098686218262 0 1
8 2 - 22 - 0.9730067253112793 1.8360059261322021 0 0
8 2 - 23 - 1.0809996128082275 1.91098952293396 0 0
8 2 - 24 - 0.9440014362335205 1.6970133781433105 0 0
8 2 - 25 - 0.9280173778533936 1.8209788799285889 0 0
8 2 - 26 - 1.0140068531036377 1.8590223789215088 0 1
8 2 - 27 - 0.9579904079437256 0.9260046482086182 0 1
8 2 - 28 - 0.9750058650970459 1.8459792137145996 0 0
8 2 - 29 - 1.0060112476348877 1.0369999408721924 0 1
8 2 - 30 - 1.0890107154846191 1.8870000839233398 0 0
8 2 - 31 - 1.053981065750122 1.9190287590026855 0 0
8 2 - 32 - 0.8910140991210938 0.9059996604919434 0 1
8 2 - 33 - 0.8930253982543945 0.8970003128051758 0 1
8 2 - 34 - 0.9679992198944092 0.9570214748382568 0 1
8 2 - 35 - 0.8990030288696289 1.635010004043579 0 1
8 2 - 36 - 1.0190136432647705 1.0059998035430908 0 1
8 2 - 37 - 0.937025785446167 0.9259803295135498 0 1
8 2 - 38 - 0.9450211524963379 0.9399993419647217 0 1
8 2 - 39 - 1.0700123310089111 1.930999994277954 0 0
8 2 - 40 - 0.8990027904510498 0.8989999294281006 0 1
8 2 - 41 - 0.941992998123169 0.9550216197967529 0 1
8 2 - 42 - 0.932009220123291 1.6979997158050537 0 0
8 2 - 43 - 1.0870001316070557 1.8839998245239258 0 1
8 2 - 44 - 1.0549983978271484 1.8480007648468018 0 0
8 2 - 45 - 0.9850287437438965 0.9630000591278076 0 1
8 2 - 46 - 1.1019947528839111 1.0932846069335938 0 1
8 2 - 47 - 0.9380016326904297 1.7112500667572021 0 1
8 2 - 48 - 0.9069886207580566 0.9080080986022949 0 1
8 2 - 49 - 0.9410128593444824 1.65199875831604 0 0
8 2 - 50 - 1.0949876308441162 1.0870087146759033 0 1
8 2 - 51 - 1.0310180187225342 1.8929932117462158 0 0
8 2 - 52 - 1.0670032501220703 2.0009958744049072 0 1
8 2 - 53 - 1.0108997821807861 1.0359992980957031 0 1
8 2 - 54 - 0.9770023822784424 0.9959993362426758 0 1
8 2 - 55 - 0.9410011768341064 0.9169988632202148 0 1
8 2 - 56 - 0.9409809112548828 1.789018154144287 0 1
8 2 - 57 - 1.0020203590393066 1.8699688911437988 0 1
8 2 - 58 - 1.0190014839172363 1.0279967784881592 0 1
8 2 - 59 - 0.9660005569458008 0.959017276763916 0 1
8 2 - 60 - 1.0639843940734863 1.065014123916626 0 1
8 2 - 61 - 1.020000696182251 1.852001667022705 0 0
8 2 - 62 - 0.8939990997314453 1.763000726699829 0 0
8 2 - 63 - 0.9839968681335449 1.002997636795044 0 1
8 2 - 64 - 1.0849714279174805 1.975017786026001 0 1
8 2 - 65 - 0.975996732711792 1.8600189685821533 0 0
8 2 - 66 - 0.9290187358856201 0.9529976844787598 0 1
8 2 - 67 - 1.104008436203003 1.1199686527252197 0 1
8 2 - 68 - 1.0650017261505127 1.05401611328125 0 1
8 2 - 69 - 1.0999882221221924 1.0820186138153076 0 1
8 2 - 70 - 1.0170211791992188 1.8239986896514893 0 0
8 2 - 71 - 0.9989950656890869 1.8910069465637207 0 0
8 2 - 72 - 1.0609042644500732 1.0690202713012695 0 1
8 2 - 73 - 1.0059878826141357 0.9590089321136475 0 1
8 2 - 74 - 1.0059864521026611 1.773015022277832 0 0
8 2 - 75 - 0.9349963665008545 0.9140000343322754 0 1
8 2 - 76 - 1.0660018920898438 1.0789966583251953 0 1
8 2 - 77 - 1.049989938735962 1.9330105781555176 0 1
8 2 - 78 - 0.9700038433074951 1.7199971675872803 0 1
8 2 - 79 - 0.8990013599395752 0.9089999198913574 0 1
8 2 - 80 - 1.113016128540039 2.006993293762207 0 1
8 2 - 81 - 0.9810028076171875 1.819977045059204 0 0
8 2 - 82 - 0.8800249099731445 1.6399977207183838 0 0
8 2 - 83 - 0.9490017890930176 1.7249996662139893 0 0
8 2 - 84 - 0.9799578189849854 1.8389959335327148 0 0
8 2 - 85 - 1.0160176753997803 1.0119969844818115 0 1
8 2 - 86 - 0.8990015983581543 0.8779981136322021 0 1
8 2 - 87 - 0.9670121669769287 1.7639999389648438 0 0
8 2 - 88 - 0.9650049209594727 1.7450058460235596 0 1
8 2 - 89 - 1.0079917907714844 1.0010082721710205 0 1
8 2 - 90 - 1.0249793529510498 1.8750207424163818 0 0
8 2 - 91 - 0.9470064640045166 0.9590065479278564 0 1
8 2 - 92 - 1.014000654220581 1.0029969215393066 0 1
8 2 - 93 - 0.9300000667572021 0.9199967384338379 0 1
8 2 - 94 - 1.0660405158996582 1.9089972972869873 0 0
8 2 - 95 - 1.0630011558532715 1.9650003910064697 0 0
8 2 - 96 - 0.8800032138824463 0.8679952621459961 0 1
8 2 - 97 - 0.9490211009979248 1.7750003337860107 0 0
8 2 - 98 - 1.0929992198944092 1.9109992980957031 0 0
8 2 - 99 - 1.0310022830963135 1.016016960144043 0 1
8 4 - 0 - 1.479001760482788 3.044999361038208 0 0
8 4 - 1 - 1.4670016765594482 1.4899992942810059 0 1
8 4 - 2 - 1.6229979991912842 3.2579994201660156 0 0
8 4 - 3 - 1.5400285720825195 1.4869990348815918 0 1
8 4 - 4 - 1.4249975681304932 2.859999418258667 0 0
8 4 - 5 - 1.3330023288726807 2.751000165939331 0 0
8 4 - 6 - 1.5780236721038818 1.5469753742218018 0 1
8 4 - 7 - 1.4810123443603516 1.4309883117675781 0 1
8 4 - 8 - 1.3900015354156494 1.462996482849121 0 1
8 4 - 9 - 1.4279935359954834 1.3949980735778809 0 1
8 4 - 10 - 1.5540008544921875 1.5700170993804932 0 1
8 4 - 11 - 1.4500017166137695 1.4130141735076904 0 1
8 4 - 12 - 1.5939974784851074 3.2360033988952637 0 0
8 4 - 13 - 1.7079956531524658 3.446000099182129 0 0
8 4 - 14 - 1.6540191173553467 1.542978286743164 0 1
8 4 - 15 - 1.6320018768310547 3.304382801055908 0 0
8 4 - 16 - 1.528991460800171 1.4629976749420166 0 1
8 4 - 17 - 1.623992919921875 3.2610223293304443 0 0
8 4 - 18 - 1.557995319366455 1.5560028553009033 0 1
8 4 - 19 - 1.5199947357177734 2.9579997062683105 0 0
8 4 - 20 - 1.5949983596801758 3.3020002841949463 0 0
8 4 - 21 - 1.4520151615142822 1.409989833831787 0 1
8 4 - 22 - 1.5840072631835938 3.2490017414093018 0 0
8 4 - 23 - 1.6370012760162354 3.2390031814575195 0 0
8 4 - 24 - 1.4660024642944336 3.006992816925049 0 0
8 4 - 25 - 1.6219964027404785 3.1840012073516846 0 0
8 4 - 26 - 1.640019178390503 3.294001817703247 0 0
8 4 - 27 - 1.6020033359527588 1.6239979267120361 0 1
8 4 - 28 - 1.5910007953643799 3.3120276927948 0 0
