4 1 - 0 - 0.0 0.37700891494750977 0 0
4 1 - 1 - 0.0 0.23700642585754395 0 1
4 1 - 2 - 0.0 0.25699639320373535 0 1
4 1 - 3 - 0.0 0.2369983196258545 0 1
4 1 - 4 - 0.0 0.3840019702911377 0 0
4 1 - 5 - 0.0 0.25499844551086426 0 1
4 1 - 6 - 0.0 0.36099672317504883 0 1
4 1 - 7 - 0.0 0.23499751091003418 0 1
4 1 - 8 - 0.0 0.4010014533996582 0 0
4 1 - 9 - 0.0 0.21699762344360352 0 1
4 1 - 10 - 0.0 0.25299715995788574 0 1
4 1 - 11 - 0.0 0.21799564361572266 0 1
4 1 - 12 - 0.0 0.25299811363220215 0 1
4 1 - 13 - 0.0 0.3998596668243408 0 0
4 1 - 14 - 0.0009403228759765625 0.21593809127807617 0 1
4 1 - 15 - 0.0 0.23500919342041016 0 1
4 1 - 16 - 0.0 0.40101027488708496 0 0
4 1 - 17 - 0.0 0.2180156707763672 0 1
4 1 - 18 - 0.0 0.21700787544250488 0 1
4 1 - 19 - 0.0 0.3780221939086914 0 0
4 1 - 20 - 0.0010073184967041016 0.2170102596282959 0 1
4 1 - 21 - 0.0 0.3510005474090576 0 1
4 1 - 22 - 0.0 0.25299930572509766 0 1
4 1 - 23 - 0.0 0.2349989414215088 0 1
4 1 - 24 - 0.0 0.23601102828979492 0 1
4 1 - 25 - 0.0 0.23700881004333496 0 1
4 1 - 26 - 0.0 0.4120180606842041 0 0
4 1 - 27 - 0.0 0.43298912048339844 0 0
4 1 - 28 - 0.0 0.23399734497070312 0 1
4 1 - 29 - 0.0 0.2550077438354492 0 1
4 1 - 30 - 0.0 0.2570154666900635 0 1
4 1 - 31 - 0.0 0.23599743843078613 0 1
4 1 - 32 - 0.0 0.4000089168548584 0 0
4 1 - 33 - 0.0 0.39399051666259766 0 1
4 1 - 34 - 0.0 0.41301989555358887 0 0
4 1 - 35 - 0.0 0.2369980812072754 0 1
4 1 - 36 - 0.0 0.44400787353515625 0 0
4 1 - 37 - 0.0 0.23800110816955566 0 1
4 1 - 38 - 0.0 0.23899555206298828 0 1
4 1 - 39 - 0.0 0.3730127811431885 0 0
4 1 - 40 - 0.0 0.4448971748352051 0 1
4 1 - 41 - 0.0 0.35298585891723633 0 1
4 1 - 42 - 0.0 0.38302063941955566 0 1
4 1 - 43 - 0.0 0.21599721908569336 0 1
4 1 - 44 - 0.0 0.3780181407928467 0 1
4 1 - 45 - 0.0 0.2520163059234619 0 1
4 1 - 46 - 0.0 0.23802566528320312 0 1
4 1 - 47 - 0.0 0.3830068111419678 0 0
4 1 - 48 - 0.0 0.2510206699371338 0 1
4 1 - 49 - 0.0 0.2730076313018799 0 1
4 1 - 50 - 0.0 0.3820168972015381 0 0
4 1 - 51 - 0.0 0.2340087890625 0 1
4 1 - 52 - 0.0 0.21800827980041504 0 1
4 1 - 53 - 0.0 0.2539989948272705 0 1
4 1 - 54 - 0.0 0.21701574325561523 0 1
4 1 - 55 - 0.0 0.40299391746520996 0 0
4 1 - 56 - 0.0 0.25499987602233887 0 1
4 1 - 57 - 0.0 0.39601588249206543 0 0
4 1 - 58 - 0.0 0.25699758529663086 0 1
4 1 - 59 - 0.0 0.41301512718200684 0 0
4 1 - 60 - 0.0 0.21600031852722168 0 1
4 1 - 61 - 0.0 0.393998384475708 0 1
4 1 - 62 - 0.0 0.35001373291015625 0 0
4 1 - 63 - 0.0 0.2370142936706543 0 1
4 1 - 64 - 0.0 0.23999714851379395 0 1
4 1 - 65 - 0.0 0.21700572967529297 0 1
4 1 - 66 - 0.0 0.25501203536987305 0 1
4 1 - 67 - 0.0 0.23700809478759766 0 1
4 1 - 68 - 0.0 0.3790104389190674 0 0
4 1 - 69 - 0.0 0.2570021152496338 0 1
4 1 - 70 - 0.0 0.42099833488464355 0 0
4 1 - 71 - 0.0 0.2579977512359619 0 1
4 1 - 72 - 0.0 0.23700761795043945 0 1
4 1 - 73 - 0.0 0.38100194931030273 0 0
4 1 - 74 - 0.0 0.25300049781799316 0 1
4 1 - 75 - 0.0 0.37801265716552734 0 0
4 1 - 76 - 0.0 0.23601770401000977 0 1
4 1 - 77 - 0.0 0.25299763679504395 0 1
4 1 - 78 - 0.0 0.3848838806152344 0 0
4 1 - 79 - 0.0 0.2520108222961426 0 1
4 1 - 80 - 0.0 0.4070136547088623 0 0
4 1 - 81 - 0.0 0.39402151107788086 0 0
4 1 - 82 - 0.0 0.39501166343688965 0 0
4 1 - 83 - 0.0 0.2330176830291748 0 1
4 1 - 84 - 0.0 0.2040092945098877 0 1
4 1 - 85 - 0.0 0.4019887447357178 0 1
4 1 - 86 - 0.0 0.2800142765045166 0 1
4 1 - 87 - 0.0 0.2399897575378418 0 1
4 1 - 88 - 0.0 0.2340085506439209 0 1
4 1 - 89 - 0.0 0.37798237800598145 0 1
4 1 - 90 - 0.0 0.2540135383605957 0 1
4 1 - 91 - 0.0 0.42799830436706543 0 1
4 1 - 92 - 0.0 0.25601649284362793 0 1
4 1 - 93 - 0.0 0.40099167823791504 0 0
4 1 - 94 - 0.0 0.36202359199523926 0 0
4 1 - 95 - 0.0 0.23699617385864258 0 1
4 1 - 96 - 0.0 0.26001858711242676 0 1
4 1 - 97 - 0.0 0.21799731254577637 0 1
4 1 - 98 - 0.0 0.23699617385864258 0 1
4 1 - 99 - 0.0 0.39600706100463867 0 1
4 2 - 0 - 0.0 0.27400803565979004 0 1
4 2 - 1 - 0.0 0.30899763107299805 0 1
4 2 - 2 - 0.0 0.31098031997680664 0 1
4 2 - 3 - 0.0 0.31301403045654297 0 1
4 2 - 4 - 0.0 0.29317188262939453 0 1
4 2 - 5 - 0.0 0.3280067443847656 0 1
4 2 - 6 - 0.0 0.29201531410217285 0 1
4 2 - 7 - 0.0 0.30900001525878906 0 1
4 2 - 8 - 0.0 0.3079977035522461 0 1
4 2 - 9 - 0.0010082721710205078 0.3090064525604248 0 1
4 2 - 10 - 0.0 0.3249983787536621 0 1
4 2 - 11 - 0.0 0.2730062007904053 0 1
4 2 - 12 - 0.0 0.3450162410736084 0 1
4 2 - 13 - 0.0 0.3270087242126465 0 1
4 2 - 14 - 0.0 0.3120138645172119 0 1
4 2 - 15 - 0.0 0.3120110034942627 0 1
4 2 - 16 - 0.0 0.32601284980773926 0 1
4 2 - 17 - 0.0 0.27200913429260254 0 1
4 2 - 18 - 0.0 0.289017915725708 0 1
4 2 - 19 - 0.0 0.3080005645751953 0 1
4 2 - 20 - 0.0 0.2920112609863281 0 1
4 2 - 21 - 0.0 0.2720158100128174 0 1
4 2 - 22 - 0.0 0.3249983787536621 0 1
4 2 - 23 - 0.0 0.30899858474731445 0 1
4 2 - 24 - 0.0 0.3070070743560791 0 1
4 2 - 25 - 0.0 0.3270118236541748 0 1
4 2 - 26 - 0.0 0.3249990940093994 0 1
4 2 - 27 - 0.0 0.3249986171722412 0 1
4 2 - 28 - 0.0 0.32599663734436035 0 1
4 2 - 29 - 0.0 0.32501697540283203 0 1
4 2 - 30 - 0.0 0.3309800624847412 0 1
4 2 - 31 - 0.0 0.3330202102661133 0 1
4 2 - 32 - 0.0 0.32901883125305176 0 1
4 2 - 33 - 0.0 0.31300854682922363 0 1
4 2 - 34 - 0.0 0.3309047222137451 0 1
4 2 - 35 - 0.0 0.2950093746185303 0 1
4 2 - 36 - 0.0 0.34897756576538086 0 1
4 2 - 37 - 0.0 0.31201791763305664 0 1
4 2 - 38 - 0.0 0.31397557258605957 0 1
4 2 - 39 - 0.0 0.27500367164611816 0 1
4 2 - 40 - 0.0 0.34500956535339355 0 1
4 2 - 41 - 0.0 0.2769923210144043 0 1
4 2 - 42 - 0.0 0.31700754165649414 0 1
4 2 - 43 - 0.0 0.2940099239349365 0 1
4 2 - 44 - 0.0 0.3079965114593506 0 1
4 2 - 45 - 0.0 0.32601094245910645 0 1
4 2 - 46 - 0.0 0.30901575088500977 0 1
4 2 - 47 - 0.0 0.2909979820251465 0 1
4 2 - 48 - 0.0 0.3119983673095703 0 1
4 2 - 49 - 0.0 0.36501598358154297 0 1
4 2 - 50 - 0.0 0.2889986038208008 0 1
4 2 - 51 - 0.0 0.2920069694519043 0 1
4 2 - 52 - 0.0 0.27687859535217285 0 1
4 2 - 53 - 0.0 0.3270106315612793 0 1
4 2 - 54 - 0.0 0.27200770378112793 0 1
4 2 - 55 - 0.0 0.29401707649230957 0 1
4 2 - 56 - 0.0 0.32500529289245605 0 1
4 2 - 57 - 0.0 0.2919893264770508 0 1
4 2 - 58 - 0.0 0.3490273952484131 0 1
4 2 - 59 - 0.0 0.3310067653656006 0 1
4 2 - 60 - 0.0 0.2909982204437256 0 1
4 2 - 61 - 0.0 0.30699753761291504 0 1
4 2 - 62 - 0.0 0.2760188579559326 0 1
4 2 - 63 - 0.0 0.2940027713775635 0 1
4 2 - 64 - 0.0 0.29999732971191406 0 1
4 2 - 65 - 0.0 0.2929985523223877 0 1
4 2 - 66 - 0.0 0.3469963073730469 0 1
4 2 - 67 - 0.0 0.2960069179534912 0 1
4 2 - 68 - 0.0 0.29601407051086426 0 1
4 2 - 69 - 0.0 0.3490159511566162 0 1
4 2 - 70 - 0.0 0.337007999420166 0 1
4 2 - 71 - 0.0 0.33826756477355957 0 1
4 2 - 72 - 0.0 0.2919921875 0 1
4 2 - 73 - 0.0 0.2900080680847168 0 1
4 2 - 74 - 0.0 0.31087779998779297 0 1
4 2 - 75 - 0.0 0.29198527336120605 0 1
4 2 - 76 - 0.0 0.33600497245788574 0 1
4 2 - 77 - 0.0 0.3310105800628662 0 1
4 2 - 78 - 0.0 0.29100990295410156 0 1
4 2 - 79 - 0.0 0.3279991149902344 0 1
4 2 - 80 - 0.0 0.33202075958251953 0 1
4 2 - 81 - 0.0 0.31101059913635254 0 1
4 2 - 82 - 0.0 0.2909975051879883 0 1
4 2 - 83 - 0.0 0.30899882316589355 0 1
4 2 - 84 - 0.0 0.2709972858428955 0 1
4 2 - 85 - 0.0 0.3099980354309082 0 1
4 2 - 86 - 0.0 0.35399532318115234 0 1
4 2 - 87 - 0.0 0.3110177516937256 0 1
4 2 - 88 - 0.0 0.31100034713745117 0 1
4 2 - 89 - 0.0 0.29899168014526367 0 1
4 2 - 90 - 0.0 0.3359975814819336 0 1
4 2 - 91 - 0.0 0.3280181884765625 0 1
4 2 - 92 - 0.0 0.3100101947784424 0 1
4 2 - 93 - 0.0 0.3140106201171875 0 1
4 2 - 94 - 0.0 0.2960026264190674 0 1
4 2 - 95 - 0.0 0.3129866123199463 0 1
4 2 - 96 - 0.0 0.32900190353393555 0 1
4 2 - 97 - 0.0 0.2920088768005371 0 1
4 2 - 98 - 0.0 0.29094386100769043 0 1
4 2 - 99 - 0.0 0.3130033016204834 0 1
4 4 - 0 - 0.0 0.3650214672088623 0 1
4 4 - 1 - 0.0 0.4040040969848633 0 1
4 4 - 2 - 0.0 0.40299010276794434 0 1
4 4 - 3 - 0.0 0.40701889991760254 0 1
4 4 - 4 - 0.0 0.38200831413269043 0 1
4 4 - 5 - 0.0 0.4212312698364258 0 1
