4	1	-	0	-	0.34200048446655273	0.3240206241607666	1	0
4	1	-	1	-	0.3759903907775879	0.37000083923339844	0	1
4	1	-	2	-	0.37903475761413574	0.36998820304870605	0	1
4	1	-	3	-	0.3700137138366699	0.37297701835632324	0	1
4	1	-	4	-	0.3590257167816162	0.35299253463745117	1	0
4	1	-	5	-	0.3950080871582031	0.3909792900085449	0	1
4	1	-	6	-	0.3489720821380615	0.34802770614624023	0	1
4	1	-	7	-	0.37100934982299805	0.3699815273284912	0	1
4	1	-	8	-	0.38000988960266113	0.37701892852783203	1	0
4	1	-	9	-	0.371995210647583	0.36697888374328613	0	1
4	1	-	10	-	0.39699244499206543	0.3949697017669678	0	1
4	1	-	11	-	0.32061195373535156	0.3219716548919678	0	1
4	1	-	12	-	0.42101216316223145	0.42099881172180176	0	1
4	1	-	13	-	0.40299296379089355	0.3979923725128174	0	0
4	1	-	14	-	0.3740224838256836	0.3710060119628906	0	1
4	1	-	15	-	0.3789823055267334	0.375018835067749	0	1
4	1	-	16	-	0.40200018882751465	0.3981165885925293	0	0
4	1	-	17	-	0.32352137565612793	0.3188004493713379	0	1
4	1	-	18	-	0.34859681129455566	0.346027135848999	0	1
4	1	-	19	-	0.37805938720703125	0.3739902973175049	0	0
4	1	-	20	-	0.34604310989379883	0.3459904193878174	0	1
4	1	-	21	-	0.32298707962036133	0.3200187683105469	0	1
4	1	-	22	-	0.3999910354614258	0.39687204360961914	0	1
4	1	-	23	-	0.3795907497406006	0.372999906539917	0	1
4	1	-	24	-	0.3800008296966553	0.3729991912841797	0	1
4	1	-	25	-	0.3959989547729492	0.39666199684143066	0	1
4	1	-	26	-	0.4020414352416992	0.4009687900543213	0	0
4	1	-	27	-	0.4009974002838135	0.4006385803222656	0	0
4	1	-	28	-	0.39771509170532227	0.399975061416626	0	1
4	1	-	29	-	0.4000098705291748	0.3980085849761963	0	1
4	1	-	30	-	0.4020071029663086	0.39598679542541504	0	1
4	1	-	31	-	0.40000081062316895	0.39401912689208984	0	1
4	1	-	32	-	0.4110081195831299	0.40098071098327637	0	0
4	1	-	33	-	0.3720083236694336	0.3729875087738037	0	1
4	1	-	34	-	0.40102219581604004	0.3970000743865967	0	0
4	1	-	35	-	0.3477058410644531	0.35247349739074707	0	1
4	1	-	36	-	0.4338860511779785	0.4270174503326416	0	0
4	1	-	37	-	0.371002197265625	0.3700218200683594	0	1
4	1	-	38	-	0.3809835910797119	0.3716762065887451	0	1
4	1	-	39	-	0.33913660049438477	0.3270072937011719	1	0
4	1	-	40	-	0.42742061614990234	0.42202115058898926	0	1
4	1	-	41	-	0.32302212715148926	0.3227865695953369	0	1
4	1	-	42	-	0.3766162395477295	0.3711283206939697	0	1
4	1	-	43	-	0.3509981632232666	0.3522822856903076	0	1
4	1	-	44	-	0.40399909019470215	0.3840067386627197	0	1
4	1	-	45	-	0.4050004482269287	0.40298891067504883	0	1
4	1	-	46	-	0.3729987144470215	0.3680276870727539	0	1
4	1	-	47	-	0.3600194454193115	0.3519918918609619	1	0
4	1	-	48	-	0.3920001983642578	0.3759899139404297	0	1
4	1	-	49	-	0.45000624656677246	0.4449796676635742	0	1
4	1	-	50	-	0.3570280075073242	0.3559694290161133	1	0
4	1	-	51	-	0.3500251770019531	0.34267616271972656	0	1
4	1	-	52	-	0.3236420154571533	0.31806063652038574	0	1
4	1	-	53	-	0.396989107131958	0.39498448371887207	0	1
4	1	-	54	-	0.32202720642089844	0.31899094581604004	0	1
4	1	-	55	-	0.35698962211608887	0.34900999069213867	0	0
4	1	-	56	-	0.3989748954772949	0.3989982604980469	0	1
4	1	-	57	-	0.3560194969177246	0.34800004959106445	1	0
4	1	-	58	-	0.41699957847595215	0.42096924781799316	0	1
4	1	-	59	-	0.3990190029144287	0.39797401428222656	0	0
4	1	-	60	-	0.3480064868927002	0.3509998321533203	0	1
4	1	-	61	-	0.3760206699371338	0.3709733486175537	0	1
4	1	-	62	-	0.3310282230377197	0.32328152656555176	1	0
4	1	-	63	-	0.34665465354919434	0.34752750396728516	0	1
4	1	-	64	-	0.3450031280517578	0.34510278701782227	0	1
4	1	-	65	-	0.35505151748657227	0.34803271293640137	0	1
4	1	-	66	-	0.42301464080810547	0.41899561882019043	0	1
4	1	-	67	-	0.3510096073150635	0.3469722270965576	0	1
4	1	-	68	-	0.36101245880126953	0.34699487686157227	1	0
4	1	-	69	-	0.42100000381469727	0.41697239875793457	0	1
4	1	-	70	-	0.3969995975494385	0.39402031898498535	0	0
4	1	-	71	-	0.3970003128051758	0.39700937271118164	0	1
4	1	-	72	-	0.3500204086303711	0.3434414863586426	0	1
4	1	-	73	-	0.3595864772796631	0.3470156192779541	1	0
4	1	-	74	-	0.37089109420776367	0.3710207939147949	0	1
4	1	-	75	-	0.36084794998168945	0.35203981399536133	1	0
4	1	-	76	-	0.3931150436401367	0.39900875091552734	0	1
4	1	-	77	-	0.3980143070220947	0.393996000289917	0	1
4	1	-	78	-	0.354015588760376	0.3469822406768799	1	0
4	1	-	79	-	0.39604783058166504	0.3960113525390625	0	1
4	1	-	80	-	0.4189927577972412	0.4010164737701416	0	0
4	1	-	81	-	0.3950033187866211	0.37401747703552246	1	0
4	1	-	82	-	0.3619968891143799	0.3510162830352783	0	0
4	1	-	83	-	0.37697649002075195	0.38900160789489746	0	1
4	1	-	84	-	0.32999706268310547	0.3246607780456543	0	1
4	1	-	85	-	0.37773561477661133	0.37630558013916016	0	1
4	1	-	86	-	0.42301082611083984	0.42401909828186035	0	1
4	1	-	87	-	0.3750123977661133	0.37201595306396484	0	1
4	1	-	88	-	0.3780972957611084	0.3748800754547119	0	1
4	1	-	89	-	0.3490180969238281	0.34699058532714844	0	1
4	1	-	90	-	0.4009990692138672	0.40101122856140137	0	1
4	1	-	91	-	0.4039943218231201	0.39402031898498535	0	1
4	1	-	92	-	0.3779785633087158	0.3695344924926758	0	1
4	1	-	93	-	0.3869919776916504	0.3779909610748291	1	0
4	1	-	94	-	0.3600044250488281	0.3510134220123291	0	0
4	1	-	95	-	0.3789942264556885	0.37566351890563965	0	1
4	1	-	96	-	0.39815711975097656	0.40097594261169434	0	1
4	1	-	97	-	0.3470005989074707	0.34705495834350586	0	1
4	1	-	98	-	0.35613155364990234	0.35701823234558105	0	1
4	1	-	99	-	0.3730123043060303	0.3661997318267822	0	1
4	2	-	0	-	1.28507399559021	1.1997458934783936	1	0
4	2	-	1	-	1.288548469543457	1.2760727405548096	0	1
4	2	-	2	-	1.3381996154785156	1.2900896072387695	0	0
4	2	-	3	-	1.3249866962432861	1.3059566020965576	0	0
4	2	-	4	-	1.3539953231811523	1.2771542072296143	1	0
4	2	-	5	-	1.3060004711151123	1.332542896270752	0	0
4	2	-	6	-	1.2584800720214844	1.2220001220703125	0	1
4	2	-	7	-	1.254664659500122	1.2901875972747803	0	1
4	2	-	8	-	1.3750035762786865	1.2946240901947021	1	0
4	2	-	9	-	1.2814788818359375	1.2466111183166504	0	1
4	2	-	10	-	1.3784584999084473	1.335341215133667	0	0
4	2	-	11	-	1.1746556758880615	1.1481711864471436	0	1
4	2	-	12	-	1.3849844932556152	1.3663699626922607	0	0
4	2	-	13	-	1.3415322303771973	1.3070001602172852	0	0
4	2	-	14	-	1.2581069469451904	1.268162727355957	0	1
4	2	-	15	-	1.2707340717315674	1.3142733573913574	0	1
4	2	-	16	-	1.347996473312378	1.298938274383545	0	0
4	2	-	17	-	1.1900568008422852	1.1648190021514893	0	1
4	2	-	18	-	1.2421371936798096	1.2431728839874268	0	1
4	2	-	19	-	1.3705029487609863	1.285374402999878	0	0
4	2	-	20	-	1.229539394378662	1.2054197788238525	0	1
4	2	-	21	-	1.182769775390625	1.1572680473327637	0	1
4	2	-	22	-	1.3350377082824707	1.3179852962493896	0	0
4	2	-	23	-	1.2629024982452393	1.2490086555480957	0	1
4	2	-	24	-	1.2779898643493652	1.276010274887085	0	1
4	2	-	25	-	1.334022045135498	1.3509891033172607	0	1
4	2	-	26	-	1.3081276416778564	1.3350861072540283	0	0
4	2	-	27	-	1.3329989910125732	1.3398592472076416	0	0
4	2	-	28	-	1.2951149940490723	1.3480799198150635	0	1
4	2	-	29	-	1.3491933345794678	1.336970329284668	0	0
4	2	-	30	-	1.3264436721801758	1.3162403106689453	0	0
4	2	-	31	-	1.3082940578460693	1.2949938774108887	0	1
4	2	-	32	-	1.3249921798706055	1.3060271739959717	0	0
4	2	-	33	-	1.2739784717559814	1.2550239562988281	0	1
4	2	-	34	-	1.3800630569458008	1.3450183868408203	0	0
4	2	-	35	-	1.227006435394287	1.1988427639007568	0	1
4	2	-	36	-	1.3940753936767578	1.3588378429412842	0	0
4	2	-	37	-	1.258615493774414	1.2568671703338623	0	1
4	2	-	38	-	1.2624073028564453	1.3002893924713135	0	1
4	2	-	39	-	1.2982192039489746	1.2018771171569824	1	0
4	2	-	40	-	1.3629834651947021	1.3459973335266113	0	1
4	2	-	41	-	1.193471908569336	1.1529796123504639	0	1
4	2	-	42	-	1.2570018768310547	1.240006923675537	0	1
4	2	-	43	-	1.2570075988769531	1.247009515762329	0	0
4	2	-	44	-	1.2809796333312988	1.2532329559326172	0	1
4	2	-	45	-	1.3340272903442383	1.3479773998260498	0	0
4	2	-	46	-	1.2610180377960205	1.2529642581939697	0	1
4	2	-	47	-	1.3165912628173828	1.2363638877868652	1	0
4	2	-	48	-	1.2680106163024902	1.2519729137420654	0	1
4	2	-	49	-	1.3998034000396729	1.3913242816925049	0	1
4	2	-	50	-	1.378868818283081	1.2431020736694336	1	0
4	2	-	51	-	1.2289769649505615	1.2029969692230225	0	1
4	2	-	52	-	1.1810040473937988	1.1489958763122559	0	1
4	2	-	53	-	1.3269891738891602	1.3020098209381104	0	0
4	2	-	54	-	1.1971418857574463	1.1506824493408203	0	1
4	2	-	55	-	1.242340326309204	1.2546982765197754	0	0
4	2	-	56	-	1.3067095279693604	1.3270301818847656	0	0
4	2	-	57	-	1.3400294780731201	1.2441470623016357	1	0
4	2	-	58	-	1.3968751430511475	1.3550050258636475	0	0
4	2	-	59	-	1.3273053169250488	1.3499443531036377	0	0
4	2	-	60	-	1.246023416519165	1.2509760856628418	0	1
4	2	-	61	-	1.2659931182861328	1.2640161514282227	0	1
4	2	-	62	-	1.3009834289550781	1.1990268230438232	1	0
4	2	-	63	-	1.2160084247589111	1.2029917240142822	0	1
4	2	-	64	-	1.2219786643981934	1.2660205364227295	0	1
4	2	-	65	-	1.2670035362243652	1.2639975547790527	0	1
4	2	-	66	-	1.3970119953155518	1.3592891693115234	0	0
4	2	-	67	-	1.2319841384887695	1.2019944190979004	0	1
4	2	-	68	-	1.3310892581939697	1.243973970413208	1	0
4	2	-	69	-	1.3999981880187988	1.3579959869384766	0	1
4	2	-	70	-	1.317972183227539	1.3230230808258057	0	0
4	2	-	71	-	1.3269984722137451	1.3450226783752441	0	0
4	2	-	72	-	1.2550010681152344	1.2059988975524902	0	1
4	2	-	73	-	1.318009376525879	1.2579879760742188	1	0
4	2	-	74	-	1.2960200309753418	1.290978193283081	0	0
4	2	-	75	-	1.3550045490264893	1.2370223999023438	1	0
4	2	-	76	-	1.3479914665222168	1.3140203952789307	0	0
4	2	-	77	-	1.3470218181610107	1.373976469039917	0	0
4	2	-	78	-	1.5249240398406982	1.315218210220337	1	0
4	2	-	79	-	1.3673784732818604	1.3299987316131592	0	1
4	2	-	80	-	1.3710026741027832	1.3390247821807861	0	0
4	2	-	81	-	1.518035888671875	1.4165904521942139	0	0
4	2	-	82	-	1.3280024528503418	1.3061370849609375	0	0
4	2	-	83	-	1.304006576538086	1.3620035648345947	0	1
4	2	-	84	-	1.2099642753601074	1.1779723167419434	0	1
4	2	-	85	-	1.3080294132232666	1.2689874172210693	0	1
4	2	-	86	-	1.4417133331298828	1.4962797164916992	0	0
4	2	-	87	-	1.3104863166809082	1.281989336013794	0	1
4	2	-	88	-	1.3789851665496826	1.324103593826294	0	1
4	2	-	89	-	1.3080379962921143	1.298058271408081	0	1
4	2	-	90	-	1.4555366039276123	1.4529826641082764	0	0
4	2	-	91	-	1.388000726699829	1.3540210723876953	0	1
4	2	-	92	-	1.4999613761901855	1.491997480392456	0	1
4	2	-	93	-	1.5039293766021729	1.3181381225585938	1	0
4	2	-	94	-	1.2827117443084717	1.2788784503936768	0	0
4	2	-	95	-	1.3132214546203613	1.3330986499786377	0	1
4	2	-	96	-	1.3695085048675537	1.3999829292297363	0	0
4	2	-	97	-	1.2501678466796875	1.2611169815063477	0	1
4	2	-	98	-	1.2490134239196777	1.233985185623169	0	1
4	2	-	99	-	1.3170113563537598	1.2899937629699707	0	1
4	4	-	0	-	1.7203278541564941	1.6527466773986816	1	0
4	4	-	1	-	1.740999698638916	1.7299985885620117	0	1
4	4	-	2	-	1.7959785461425781	1.7270174026489258	0	0
4	4	-	3	-	1.7969856262207031	1.717993974685669	0	0
4	4	-	4	-	1.7679965496063232	1.6830158233642578	1	0
4	4	-	5	-	1.735001564025879	1.7249987125396729	0	0
4	4	-	6	-	1.655012607574463	1.620652198791504	0	1
4	4	-	7	-	1.7610034942626953	1.7639946937561035	0	0
4	4	-	8	-	1.8483819961547852	1.6799914836883545	1	0
4	4	-	9	-	1.690995454788208	1.712007999420166	0	1
4	4	-	10	-	1.8450138568878174	1.871983528137207	0	0
4	4	-	11	-	1.6189906597137451	1.6019988059997559	0	1
4	4	-	12	-	1.8390076160430908	1.7780110836029053	0	0
4	4	-	13	-	1.7660019397735596	1.8450050354003906	0	0
4	4	-	14	-	1.760000467300415	1.7118220329284668	0	1
4	4	-	15	-	1.7420532703399658	1.7566444873809814	0	0
4	4	-	16	-	1.769294261932373	1.759995698928833	0	0
4	4	-	17	-	1.6050128936767578	1.5985844135284424	0	1
4	4	-	18	-	1.6870062351226807	1.6987664699554443	0	0
4	4	-	19	-	1.774529218673706	1.7148222923278809	0	0
4	4	-	20	-	1.6740202903747559	1.6349964141845703	0	1
4	4	-	21	-	1.6499872207641602	1.639601230621338	0	1
4	4	-	22	-	1.7360079288482666	1.7218492031097412	0	0
4	4	-	23	-	1.7569959163665771	1.676027774810791	0	1
4	4	-	24	-	1.6841883659362793	1.718381404876709	0	1
4	4	-	25	-	1.7339441776275635	1.7720980644226074	0	0
4	4	-	26	-	1.794642686843872	1.7602999210357666	0	0
4	4	-	27	-	1.7653725147247314	1.8043689727783203	0	0
4	4	-	28	-	1.7821166515350342	1.805513858795166	0	0
4	4	-	29	-	1.7899830341339111	1.7459874153137207	0	0
4	4	-	30	-	1.7657690048217773	1.7616281509399414	0	0
4	4	-	31	-	1.7360029220581055	1.952986478805542	0	1
4	4	-	32	-	2.0110080242156982	1.8989880084991455	0	0
4	4	-	33	-	1.7839958667755127	1.7110011577606201	0	1
4	4	-	34	-	1.7580013275146484	1.7639997005462646	0	0
4	4	-	35	-	1.686359167098999	1.5980007648468018	0	1
4	4	-	36	-	1.799015998840332	1.764991044998169	0	0
4	4	-	37	-	1.695014238357544	1.7249705791473389	0	1
4	4	-	38	-	1.748051404953003	1.7050707340240479	0	0
4	4	-	39	-	1.7256605625152588	1.6053566932678223	1	0
4	4	-	40	-	1.919609546661377	1.8049919605255127	0	1
4	4	-	41	-	1.5740888118743896	1.5711479187011719	0	1
4	4	-	42	-	1.6780097484588623	1.6769905090332031	0	1
4	4	-	43	-	1.7236955165863037	1.6966445446014404	0	0
4	4	-	44	-	1.6930341720581055	1.6586358547210693	0	1
4	4	-	45	-	1.7280104160308838	1.780930519104004	0	0
4	4	-	46	-	1.742220401763916	1.6785292625427246	0	1
4	4	-	47	-	1.804025411605835	1.6479787826538086	1	0
4	4	-	48	-	1.7328088283538818	1.7820382118225098	0	1
4	4	-	49	-	1.8504960536956787	1.8217337131500244	0	1
4	4	-	50	-	1.7841565608978271	1.6701054573059082	1	0
4	4	-	51	-	1.635451316833496	1.6290152072906494	0	1
4	4	-	52	-	1.6030244827270508	1.5760540962219238	0	1
4	4	-	53	-	1.8056435585021973	1.736994743347168	0	0
4	4	-	54	-	1.570993185043335	1.6060104370117188	0	1
4	4	-	55	-	1.8127799034118652	1.671776533126831	0	0
4	4	-	56	-	1.8106420040130615	1.7599937915802002	0	0
4	4	-	57	-	1.8189904689788818	1.6607418060302734	1	0
4	4	-	58	-	1.894639015197754	1.8719918727874756	0	0
4	4	-	59	-	1.8569860458374023	1.7611083984375	0	0
4	4	-	60	-	1.7086775302886963	1.6800086498260498	0	1
4	4	-	61	-	1.7470035552978516	1.715996265411377	0	1
4	4	-	62	-	1.6842408180236816	1.6588163375854492	1	0
4	4	-	63	-	1.7810113430023193	1.6989941596984863	0	1
4	4	-	64	-	1.648005485534668	1.689246416091919	0	1
4	4	-	65	-	1.7187271118164062	1.6713025569915771	0	1
4	4	-	66	-	1.7980825901031494	1.7769982814788818	0	0
4	4	-	67	-	1.6890008449554443	1.6980018615722656	0	1
4	4	-	68	-	1.8620085716247559	1.6679935455322266	1	0
4	4	-	69	-	1.799015760421753	1.7679824829101562	0	1
4	4	-	70	-	1.7899971008300781	1.808441162109375	0	0
4	4	-	71	-	1.7998790740966797	1.7638535499572754	0	0
4	4	-	72	-	1.679001808166504	1.5947363376617432	0	1
4	4	-	73	-	1.7551395893096924	1.6638197898864746	1	0
4	4	-	74	-	1.6932928562164307	1.6870059967041016	0	0
4	4	-	75	-	1.7513682842254639	1.6325163841247559	1	0
4	4	-	76	-	1.7569220066070557	1.7276158332824707	0	0
4	4	-	77	-	1.7702000141143799	1.7322909832000732	0	0
4	4	-	78	-	1.7802329063415527	1.6598060131072998	1	0
4	4	-	79	-	1.7410109043121338	1.7091295719146729	0	1
4	4	-	80	-	1.7700636386871338	1.7322196960449219	0	0
4	4	-	81	-	1.7113604545593262	1.7509872913360596	0	0
4	4	-	82	-	1.7090144157409668	1.6722350120544434	0	0
4	4	-	83	-	1.7007358074188232	1.709993839263916	0	0
4	4	-	84	-	1.6180074214935303	1.5529959201812744	0	1
4	4	-	85	-	1.6980178356170654	1.681001901626587	0	1
4	4	-	86	-	1.7753386497497559	1.7737994194030762	0	0
4	4	-	87	-	1.6800005435943604	1.6943771839141846	0	1
4	4	-	88	-	1.6805791854858398	1.67789626121521	0	1
4	4	-	89	-	1.6919991970062256	1.5966176986694336	0	1
4	4	-	90	-	1.7570009231567383	1.7300090789794922	0	0
4	4	-	91	-	1.7337522506713867	1.721855640411377	0	1
4	4	-	92	-	1.6588003635406494	1.6629917621612549	0	1
4	4	-	93	-	1.823734998703003	1.6975374221801758	1	0
4	4	-	94	-	1.7363917827606201	1.6401288509368896	0	0
4	4	-	95	-	1.668412446975708	1.6951990127563477	0	0
4	4	-	96	-	1.7336351871490479	1.7240002155303955	0	0
4	4	-	97	-	1.6580049991607666	1.6629853248596191	0	1
4	4	-	98	-	1.6136763095855713	1.6237876415252686	0	1
4	4	-	99	-	1.6820018291473389	1.6461117267608643	0	1
8	1	-	0	-	1.203009843826294	1.1499900817871094	0	1
8	1	-	1	-	1.148622989654541	1.1510248184204102	0	1
8	1	-	2	-	1.2730011940002441	1.2535476684570312	0	1
8	1	-	3	-	1.1998887062072754	1.206160545349121	0	1
8	1	-	4	-	1.1246824264526367	1.059647560119629	0	0
8	1	-	5	-	1.0008268356323242	0.9940049648284912	0	1
8	1	-	6	-	1.2922863960266113	1.2359769344329834	0	1
8	1	-	7	-	1.1163275241851807	1.1037302017211914	0	1
8	1	-	8	-	1.0453195571899414	1.055462121963501	0	1
8	1	-	9	-	1.1021983623504639	1.1150283813476562	0	1
8	1	-	10	-	1.1985914707183838	1.188023328781128	0	1
8	1	-	11	-	1.1050026416778564	1.0929818153381348	0	1
8	1	-	12	-	1.2677021026611328	1.2486886978149414	0	1
8	1	-	13	-	1.3809990882873535	1.3514912128448486	0	1
8	1	-	14	-	1.237464427947998	1.2007477283477783	0	1
8	1	-	15	-	1.2490277290344238	1.2601628303527832	0	1
8	1	-	16	-	1.1460051536560059	1.1519999504089355	0	1
8	1	-	17	-	1.2770121097564697	1.2439780235290527	0	1
8	1	-	18	-	1.196021556854248	1.1839890480041504	0	1
8	1	-	19	-	1.1100103855133057	1.1149787902832031	0	1
8	1	-	20	-	1.2500033378601074	1.2359898090362549	0	1
8	1	-	21	-	1.1108336448669434	1.0946054458618164	0	1
8	1	-	22	-	1.2796812057495117	1.2530765533447266	0	1
8	1	-	23	-	1.2749993801116943	1.239989995956421	0	1
8	1	-	24	-	1.141087293624878	1.127598762512207	0	0
8	1	-	25	-	1.2405288219451904	1.2373826503753662	0	1
8	1	-	26	-	1.255053997039795	1.2562129497528076	0	1
8	1	-	27	-	1.2487409114837646	1.3090133666992188	0	1
8	1	-	28	-	1.2540173530578613	1.253972053527832	0	1
8	1	-	29	-	1.2052485942840576	1.259472370147705	0	1
8	1	-	30	-	1.3635356426239014	1.5577032566070557	0	1
8	1	-	31	-	1.3323934078216553	1.3182311058044434	0	0
8	1	-	32	-	1.1015923023223877	1.147995948791504	0	1
8	1	-	33	-	1.1720170974731445	1.1939976215362549	0	1
8	1	-	34	-	1.1929733753204346	1.198998212814331	0	1
8	1	-	35	-	1.0590040683746338	1.0470151901245117	0	1
8	1	-	36	-	1.2650256156921387	1.2319998741149902	0	1
8	1	-	37	-	1.1590194702148438	1.1539909839630127	0	1
8	1	-	38	-	1.2699987888336182	1.239989995956421	0	1
8	1	-	39	-	1.3620002269744873	1.377638578414917	0	1
8	1	-	40	-	1.1125965118408203	1.0999927520751953	0	1
8	1	-	41	-	1.0530154705047607	1.0429844856262207	0	1
8	1	-	42	-	1.1539981365203857	1.1530108451843262	0	1
8	1	-	43	-	1.3560168743133545	1.3380002975463867	0	1
8	1	-	44	-	1.2090132236480713	1.1800076961517334	0	1
8	1	-	45	-	1.134979248046875	1.1369907855987549	0	1
8	1	-	46	-	1.3990087509155273	1.3680145740509033	0	1
8	1	-	47	-	1.0940072536468506	1.0970101356506348	0	1
8	1	-	48	-	1.167008638381958	1.1539714336395264	0	1
8	1	-	49	-	1.1830012798309326	1.1510004997253418	0	0
8	1	-	50	-	1.3320040702819824	1.328026533126831	0	1
8	1	-	51	-	1.2819993495941162	1.3070001602172852	0	1
8	1	-	52	-	1.4240002632141113	1.4409899711608887	0	1
8	1	-	53	-	1.291978359222412	1.2917265892028809	0	1
8	1	-	54	-	1.155989170074463	1.1460204124450684	0	1
8	1	-	55	-	1.190000295639038	1.1390101909637451	0	1
8	1	-	56	-	1.1559929847717285	1.1929795742034912	0	1
8	1	-	57	-	1.2999982833862305	1.3060076236724854	0	1
8	1	-	58	-	1.3130230903625488	1.2899894714355469	0	1
8	1	-	59	-	1.2770216464996338	1.251990556716919	0	1
8	1	-	60	-	1.3760101795196533	1.3359906673431396	0	1
8	1	-	61	-	1.2359893321990967	1.2429964542388916	0	1
8	1	-	62	-	1.1370205879211426	1.1950099468231201	0	1
8	1	-	63	-	1.2430059909820557	1.2559890747070312	0	1
8	1	-	64	-	1.3680171966552734	1.3619999885559082	0	1
8	1	-	65	-	1.2485222816467285	1.236006736755371	0	1
8	1	-	66	-	1.1449594497680664	1.141063928604126	0	1
8	1	-	67	-	1.3389782905578613	1.3560209274291992	0	1
8	1	-	68	-	1.2439930438995361	1.2550063133239746	0	1
8	1	-	69	-	1.2429840564727783	1.2300055027008057	0	1
8	1	-	70	-	1.2090015411376953	1.1829948425292969	0	1
8	1	-	71	-	1.2470030784606934	1.2380077838897705	0	1
8	1	-	72	-	1.2349889278411865	1.2300004959106445	0	1
8	1	-	73	-	1.2979979515075684	1.3009960651397705	0	1
8	1	-	74	-	1.0920319557189941	1.1648039817810059	0	1
8	1	-	75	-	1.2370352745056152	1.1959896087646484	0	1
8	1	-	76	-	1.3170082569122314	1.3009727001190186	0	1
8	1	-	77	-	1.3050005435943604	1.2850172519683838	0	1
8	1	-	78	-	1.1479816436767578	1.143996238708496	0	1
8	1	-	79	-	0.9939970970153809	1.0070137977600098	0	1
8	1	-	80	-	1.4080188274383545	1.3829996585845947	0	1
8	1	-	81	-	1.1929748058319092	1.2550110816955566	0	1
8	1	-	82	-	1.1779863834381104	1.16599702835083	0	0
8	1	-	83	-	1.2029974460601807	1.1709964275360107	0	0
8	1	-	84	-	1.1680233478546143	1.1469814777374268	0	1
8	1	-	85	-	1.2459981441497803	1.23299241065979	0	1
8	1	-	86	-	1.2680282592773438	1.2139801979064941	0	1
8	1	-	87	-	1.1520094871520996	1.1469719409942627	0	1
8	1	-	88	-	1.2310144901275635	1.229996681213379	0	1
8	1	-	89	-	1.2890098094940186	1.224989652633667	0	1
8	1	-	90	-	1.306976318359375	1.268993616104126	0	1
8	1	-	91	-	1.1630313396453857	1.1376323699951172	0	1
8	1	-	92	-	1.2449734210968018	1.2329976558685303	0	1
8	1	-	93	-	1.062004566192627	1.0389997959136963	0	1
8	1	-	94	-	1.307051181793213	1.296990156173706	0	1
8	1	-	95	-	1.2840101718902588	1.2769999504089355	0	1
8	1	-	96	-	1.0819909572601318	1.085026741027832	0	1
8	1	-	97	-	1.1863210201263428	1.1800000667572021	0	1
8	1	-	98	-	1.28397536277771	1.2840211391448975	0	1
8	1	-	99	-	1.1899774074554443	1.170994758605957	0	1
8	2	-	0	-	4.1119773387908936	4.160000801086426	0	1
8	2	-	1	-	4.020718336105347	3.944000244140625	0	1
8	2	-	2	-	4.221176385879517	4.199997901916504	0	1
8	2	-	3	-	4.2190101146698	4.03350567817688	0	1
8	2	-	4	-	3.91599178314209	3.947019100189209	0	0
8	2	-	5	-	3.741978883743286	3.8479971885681152	0	1
8	2	-	6	-	4.293997764587402	4.093998670578003	0	1
8	2	-	7	-	3.9838571548461914	3.7850093841552734	0	1
8	2	-	8	-	3.936016321182251	4.10200047492981	0	1
8	2	-	9	-	3.9940149784088135	3.816988706588745	0	1
8	2	-	10	-	4.210979461669922	4.069997787475586	0	1
8	2	-	11	-	3.92500901222229	3.883439064025879	0	1
8	2	-	12	-	4.3749754428863525	4.338020324707031	0	0
8	2	-	13	-	4.420987606048584	4.621330261230469	0	0
8	2	-	14	-	4.234997034072876	4.079000234603882	0	1
8	2	-	15	-	4.392009258270264	4.4149909019470215	0	0
8	2	-	16	-	4.119998931884766	3.9160196781158447	0	1
8	2	-	17	-	4.219296932220459	4.459380626678467	0	1
8	2	-	18	-	4.074988842010498	4.016009569168091	0	1
8	2	-	19	-	4.0250160694122314	4.0249693393707275	0	0
8	2	-	20	-	4.271996021270752	4.320997953414917	0	1
8	2	-	21	-	3.9360222816467285	3.8240091800689697	0	1
8	2	-	22	-	4.142014980316162	4.3159708976745605	0	0
8	2	-	23	-	4.156360387802124	4.345980167388916	0	0
8	2	-	24	-	3.913012981414795	4.116971731185913	0	0
8	2	-	25	-	4.220028877258301	4.268993616104126	0	0
8	2	-	26	-	4.167981147766113	4.379029035568237	0	0
8	2	-	27	-	4.227983474731445	4.159996271133423	0	1
8	2	-	28	-	4.314003944396973	4.272995710372925	0	0
8	2	-	29	-	4.091001749038696	4.311004877090454	0	1
8	2	-	30	-	4.2950170040130615	4.347982406616211	0	0
8	2	-	31	-	4.273031234741211	4.373975038528442	0	0
8	2	-	32	-	3.9564216136932373	4.214216470718384	0	1
8	2	-	33	-	4.039661645889282	4.133016347885132	0	1
8	2	-	34	-	4.211305618286133	4.183978319168091	0	1
8	2	-	35	-	3.9520204067230225	3.7329301834106445	0	1
8	2	-	36	-	4.13399863243103	4.109001159667969	0	1
8	2	-	37	-	3.99499773979187	4.025026082992554	0	1
8	2	-	38	-	4.266190052032471	4.266997575759888	0	1
8	2	-	39	-	4.448103904724121	4.451893329620361	0	0
8	2	-	40	-	3.9919989109039307	3.797020196914673	0	1
8	2	-	41	-	3.9779856204986572	3.9820032119750977	0	1
8	2	-	42	-	4.185992956161499	4.131981611251831	0	0
8	2	-	43	-	4.4879984855651855	4.45399808883667	0	1
8	2	-	44	-	4.2110066413879395	4.452979803085327	0	0
8	2	-	45	-	4.397416830062866	4.112021446228027	0	1
8	2	-	46	-	4.615995645523071	4.5791175365448	0	1
8	2	-	47	-	3.993990421295166	3.885991334915161	0	1
8	2	-	48	-	4.035017013549805	4.135977029800415	0	1
8	2	-	49	-	4.1710193157196045	4.048973798751831	0	0
8	2	-	50	-	4.402000904083252	4.23999810218811	0	1
8	2	-	51	-	4.316000699996948	4.410030841827393	0	0
8	2	-	52	-	4.475996732711792	4.775993585586548	0	0
8	2	-	53	-	4.367025136947632	4.53597354888916	0	1
8	2	-	54	-	4.0780205726623535	4.088982343673706	0	1
8	2	-	55	-	4.020004987716675	3.8320252895355225	0	1
8	2	-	56	-	3.9829907417297363	4.224978685379028	0	1
8	2	-	57	-	4.4049999713897705	4.277969837188721	0	0
8	2	-	58	-	4.404001474380493	4.201005220413208	0	1
8	2	-	59	-	4.182030439376831	4.12697696685791	0	1
8	2	-	60	-	4.337028741836548	4.257989168167114	0	1
8	2	-	61	-	4.49898362159729	4.290001630783081	0	0
8	2	-	62	-	3.9680004119873047	4.037998199462891	0	0
8	2	-	63	-	4.193068981170654	4.300990104675293	0	1
8	2	-	64	-	4.5210206508636475	4.6092212200164795	0	0
8	2	-	65	-	4.239001035690308	4.2799975872039795	0	0
8	2	-	66	-	4.112015247344971	3.91597843170166	0	1
8	2	-	67	-	4.465483903884888	4.619009017944336	0	1
8	2	-	68	-	4.233989477157593	4.335008144378662	0	1
8	2	-	69	-	4.330043792724609	4.142995119094849	0	1
8	2	-	70	-	4.385019540786743	4.235970973968506	0	0
8	2	-	71	-	4.430999279022217	4.359989166259766	0	0
8	2	-	72	-	4.185028553009033	4.151986122131348	0	1
8	2	-	73	-	4.394999742507935	4.318989992141724	0	1
8	2	-	74	-	4.018999814987183	4.036980390548706	0	0
8	2	-	75	-	4.164999485015869	4.161027908325195	0	1
8	2	-	76	-	4.350681781768799	4.444090127944946	0	1
8	2	-	77	-	4.3230204582214355	4.3819990158081055	0	0
8	2	-	78	-	4.065000534057617	4.213476657867432	0	1
8	2	-	79	-	3.7259724140167236	3.887464761734009	0	1
8	2	-	80	-	4.491379261016846	4.292990207672119	0	1
8	2	-	81	-	4.197002172470093	4.236989974975586	0	0
8	2	-	82	-	4.003000259399414	4.012999773025513	0	0
8	2	-	83	-	4.025944709777832	4.130011320114136	0	0
8	2	-	84	-	4.100024223327637	4.143891096115112	0	0
8	2	-	85	-	4.21399712562561	4.0469794273376465	0	1
8	2	-	86	-	4.148013591766357	4.088999509811401	0	1
8	2	-	87	-	4.102015972137451	4.105872392654419	0	0
8	2	-	88	-	4.34000039100647	4.209001302719116	0	0
8	2	-	89	-	4.183028936386108	4.189990043640137	0	1
8	2	-	90	-	4.242002010345459	4.39200758934021	0	0
8	2	-	91	-	4.066027641296387	4.142969369888306	0	1
8	2	-	92	-	4.226330518722534	4.03734827041626	0	1
8	2	-	93	-	3.8501391410827637	3.6949856281280518	0	1
8	2	-	94	-	4.363016128540039	4.419999361038208	0	0
8	2	-	95	-	4.437009811401367	4.316988468170166	0	0
8	2	-	96	-	3.951009750366211	3.9529778957366943	0	1
8	2	-	97	-	4.185993909835815	4.300002574920654	0	0
8	2	-	98	-	4.376003265380859	4.420997858047485	0	0
8	2	-	99	-	4.153470277786255	4.046998977661133	0	1
8	4	-	0	-	20.036244869232178	18.911999225616455	0	0
8	4	-	1	-	16.441015005111694	17.361144065856934	0	1
8	4	-	2	-	19.18461585044861	22.093275785446167	0	0
8	4	-	3	-	18.144206047058105	17.740231037139893	0	1
8	4	-	4	-	18.724016666412354	18.26360583305359	0	0
8	4	-	5	-	19.76041603088379	20.464775323867798	0	0
8	4	-	6	-	18.171989679336548	17.633614540100098	0	1
8	4	-	7	-	18.877708435058594	15.856927633285522	0	1
8	4	-	8	-	19.132269144058228	21.76242446899414	0	1
8	4	-	9	-	17.30091905593872	15.856274127960205	0	1
8	4	-	10	-	17.76730442047119	19.281863689422607	0	1
8	4	-	11	-	17.605018377304077	18.89198923110962	0	1
8	4	-	12	-	19.363663911819458	19.058005332946777	0	0
8	4	-	13	-	18.0719952583313	20.820000648498535	0	0
8	4	-	14	-	18.03600025177002	17.969998359680176	0	1
8	4	-	15	-	17.015265703201294	20.40933656692505	0	0
8	4	-	16	-	18.5063157081604	17.328973054885864	0	1
8	4	-	17	-	18.67501187324524	18.282553672790527	0	0
8	4	-	18	-	18.20790433883667	17.60426139831543	0	1
8	4	-	19	-	18.161237478256226	19.257550716400146	0	0
8	4	-	20	-	17.181015014648438	20.777517080307007	0	0
8	4	-	21	-	18.322710037231445	18.528001308441162	0	1
8	4	-	22	-	17.466323375701904	17.909370183944702	0	0
8	4	-	23	-	18.09300971031189	18.66093897819519	0	0
8	4	-	24	-	20.25821304321289	20.163161993026733	0	0
8	4	-	25	-	18.22235417366028	18.013972997665405	0	0
8	4	-	26	-	18.272235870361328	21.018022060394287	0	0
8	4	-	27	-	19.754236698150635	17.55325746536255	0	1
8	4	-	28	-	17.938234090805054	20.49409818649292	0	0
8	4	-	29	-	19.54499363899231	21.974960565567017	0	0
8	4	-	30	-	19.50601887702942	20.326411962509155	0	0
8	4	-	31	-	19.990880250930786	20.02500295639038	0	0
8	4	-	32	-	19.093000411987305	21.119669675827026	0	1
8	4	-	33	-	19.437633275985718	21.52312684059143	0	1
8	4	-	34	-	17.477240324020386	17.791029930114746	0	0
8	4	-	35	-	19.386997938156128	17.68613076210022	0	1
8	4	-	36	-	19.291998624801636	18.62553858757019	0	1
8	4	-	37	-	19.79298233985901	18.545010089874268	0	1
8	4	-	38	-	18.40740942955017	18.36947989463806	0	1
8	4	-	39	-	19.11851930618286	21.07297921180725	0	0
8	4	-	40	-	17.612473249435425	18.02200198173523	0	1
8	4	-	41	-	20.433985233306885	22.9602313041687	0	1
8	4	-	42	-	17.365413427352905	19.05363941192627	0	0
8	4	-	43	-	18.5705406665802	20.163480520248413	0	1
8	4	-	44	-	18.095563650131226	20.023783445358276	0	0
8	4	-	45	-	19.13969898223877	19.17081594467163	0	1
8	4	-	46	-	20.68011236190796	20.243215799331665	0	1
8	4	-	47	-	19.72312903404236	17.516645431518555	0	1
8	4	-	48	-	16.90330481529236	18.028002977371216	0	0
8	4	-	49	-	18.44000792503357	18.67876100540161	0	0
8	4	-	50	-	17.72301721572876	19.59000039100647	0	1
8	4	-	51	-	19.87600016593933	19.289981365203857	0	0
8	4	-	52	-	19.040998697280884	20.804445028305054	0	0
8	4	-	53	-	18.965802431106567	17.97401189804077	0	1
8	4	-	54	-	18.020491361618042	17.73643922805786	0	0
8	4	-	55	-	18.68899917602539	17.301815032958984	0	1
8	4	-	56	-	19.30919098854065	19.978992462158203	0	0
8	4	-	57	-	17.763000965118408	21.788899898529053	0	0
8	4	-	58	-	17.565431833267212	19.501001119613647	0	1
8	4	-	59	-	19.37699556350708	17.99494433403015	0	1
8	4	-	60	-	19.807981967926025	18.149007081985474	0	1
8	4	-	61	-	19.371989488601685	19.775566339492798	0	0
8	4	-	62	-	19.468090295791626	17.367733001708984	0	0
8	4	-	63	-	17.240235805511475	18.943999767303467	0	0
8	4	-	64	-	19.5798180103302	19.189220666885376	0	0
8	4	-	65	-	18.48201823234558	18.68399930000305	0	0
8	4	-	66	-	18.048975944519043	17.187020540237427	0	1
8	4	-	67	-	18.98300576210022	21.200010776519775	0	0
8	4	-	68	-	19.53135871887207	17.53452491760254	0	1
8	4	-	69	-	18.268893718719482	17.556960582733154	0	1
8	4	-	70	-	18.57601761817932	19.42521333694458	0	0
8	4	-	71	-	18.49900507926941	17.949990034103394	0	0
8	4	-	72	-	19.1843421459198	18.7127845287323	0	1
8	4	-	73	-	18.25726842880249	19.888004302978516	0	1
8	4	-	74	-	21.327510118484497	20.66700005531311	0	0
8	4	-	75	-	17.284998893737793	17.60102677345276	0	1
8	4	-	76	-	17.904969930648804	19.75000262260437	0	0
8	4	-	77	-	17.806998014450073	20.785211086273193	0	0
8	4	-	78	-	21.202991008758545	20.570001125335693	0	0
8	4	-	79	-	21.666027784347534	23.289960384368896	0	0
8	4	-	80	-	19.296207666397095	17.969722270965576	0	1
8	4	-	81	-	17.662445545196533	17.54295253753662	0	0
8	4	-	82	-	19.233980178833008	18.777042627334595	0	0
8	4	-	83	-	18.811989784240723	20.49856162071228	0	0
8	4	-	84	-	18.870893001556396	19.820000886917114	0	0
8	4	-	85	-	19.80798316001892	18.150865077972412	0	1
8	4	-	86	-	17.64678168296814	17.814638137817383	0	1
8	4	-	87	-	17.376440048217773	20.40096926689148	0	0
8	4	-	88	-	21.003167390823364	18.165361642837524	0	0
8	4	-	89	-	18.433616638183594	18.20197868347168	0	1
8	4	-	90	-	17.38902735710144	20.350319623947144	0	0
8	4	-	91	-	21.308507680892944	19.467780113220215	0	0
8	4	-	92	-	18.596487760543823	18.99837303161621	0	1
8	4	-	93	-	18.497114658355713	16.48156714439392	0	1
8	4	-	94	-	19.809016942977905	19.78976321220398	0	0
8	4	-	95	-	19.02748394012451	19.27717924118042	0	0
8	4	-	96	-	17.26797652244568	19.36100697517395	0	0
8	4	-	97	-	20.626446962356567	19.898977756500244	0	0
8	4	-	98	-	19.942548036575317	22.108150959014893	0	0
8	4	-	99	-	19.824939250946045	17.715174198150635	0	1
8	8	-	0	-	25.60463285446167	25.812399864196777	0	0
8	8	-	1	-	25.592417001724243	22.779985427856445	0	1
8	8	-	2	-	24.59024667739868	25.51105046272278	0	0
8	8	-	3	-	24.617780208587646	23.12064003944397	0	1
8	8	-	4	-	24.81653928756714	26.105019569396973	0	0
8	8	-	5	-	25.893413543701172	27.021860361099243	0	0
8	8	-	6	-	23.40711736679077	22.638813734054565	0	1
8	8	-	7	-	26.695980310440063	21.452893495559692	0	1
8	8	-	8	-	23.68336534500122	26.497776985168457	0	0
8	8	-	9	-	23.598196029663086	22.38341236114502	0	1
8	8	-	10	-	24.125767946243286	24.55083203315735	0	1
8	8	-	11	-	23.99012517929077	22.35274648666382	0	1
8	8	-	12	-	26.390195846557617	25.92884612083435	0	0
8	8	-	13	-	25.59727120399475	26.670053958892822	0	0
8	8	-	14	-	25.461753606796265	24.430877208709717	0	1
8	8	-	15	-	26.23223876953125	27.9351966381073	0	0
8	8	-	16	-	27.46728515625	24.76405429840088	0	1
8	8	-	17	-	26.09221339225769	27.019901990890503	0	0
8	8	-	18	-	24.549251079559326	24.315460920333862	0	1
8	8	-	19	-	25.265016317367554	24.03185749053955	0	0
8	8	-	20	-	24.18733859062195	24.80288314819336	0	0
8	8	-	21	-	23.572983503341675	21.7520010471344	0	1
8	8	-	22	-	23.697253227233887	24.41202187538147	0	0
8	8	-	23	-	24.38601565361023	26.514517307281494	0	0
8	8	-	24	-	24.585001707077026	24.160205841064453	0	0
8	8	-	25	-	24.117790699005127	25.272000074386597	0	0
8	8	-	26	-	24.847792387008667	24.775278568267822	0	0
8	8	-	27	-	25.652313947677612	24.2940034866333	0	1
8	8	-	28	-	26.294881105422974	26.59859013557434	0	0
8	8	-	29	-	24.626421689987183	28.131648540496826	0	0
8	8	-	30	-	22.922998189926147	25.505991220474243	0	0
8	8	-	31	-	24.92800521850586	26.181227684020996	0	0
8	8	-	32	-	24.597538948059082	24.240000247955322	0	0
8	8	-	33	-	23.047999143600464	27.03861665725708	0	0
8	8	-	34	-	25.227808952331543	23.329695224761963	0	0
8	8	-	35	-	24.82099437713623	26.249226570129395	0	1
8	8	-	36	-	26.22113037109375	23.73830485343933	0	1
8	8	-	37	-	24.89799475669861	22.931000232696533	0	1
8	8	-	38	-	24.849009037017822	24.700427770614624	0	1
8	8	-	39	-	23.878947496414185	24.62398934364319	0	0
8	8	-	40	-	25.069422006607056	22.884971857070923	0	1
8	8	-	41	-	25.663132667541504	26.547979831695557	0	0
8	8	-	42	-	24.60856056213379	24.15876078605652	0	0
8	8	-	43	-	24.035999059677124	23.151628017425537	0	1
8	8	-	44	-	23.49451780319214	24.14577078819275	0	0
8	8	-	45	-	24.00100040435791	22.395111799240112	0	1
8	8	-	46	-	24.909199476242065	22.946868896484375	0	1
8	8	-	47	-	24.156999111175537	24.093266487121582	0	1
8	8	-	48	-	25.8104031085968	25.46306824684143	0	0
8	8	-	49	-	23.161494255065918	24.772201538085938	0	0
8	8	-	50	-	23.832309007644653	23.269296407699585	0	1
8	8	-	51	-	24.064687252044678	24.853999376296997	0	0
8	8	-	52	-	23.543995141983032	26.034398317337036	0	0
8	8	-	53	-	24.60420322418213	25.02293562889099	0	1
8	8	-	54	-	23.719132661819458	25.449281215667725	0	0
8	8	-	55	-	24.01200246810913	22.76430082321167	0	1
8	8	-	56	-	24.69539475440979	25.92099905014038	0	0
8	8	-	57	-	22.831377744674683	24.953481435775757	0	0
8	8	-	58	-	24.945557594299316	26.22762680053711	0	1
8	8	-	59	-	23.29395294189453	24.167838096618652	0	1
8	8	-	60	-	25.0054452419281	22.35401153564453	0	1
8	8	-	61	-	25.302019357681274	25.255554914474487	0	0
8	8	-	62	-	24.55867576599121	24.13768434524536	0	0
8	8	-	63	-	25.29210090637207	23.58824896812439	0	0
8	8	-	64	-	23.986827611923218	26.691617965698242	0	0
8	8	-	65	-	23.509995937347412	24.946022748947144	0	0
8	8	-	66	-	24.91223955154419	23.243671894073486	0	1
8	8	-	67	-	23.828826189041138	26.135279178619385	0	0
8	8	-	68	-	24.634861946105957	25.407310724258423	0	1
8	8	-	69	-	24.20491909980774	23.634305477142334	0	1
8	8	-	70	-	25.89786958694458	24.331010818481445	0	0
8	8	-	71	-	24.35798454284668	24.8119478225708	0	0
8	8	-	72	-	24.152585744857788	24.46171998977661	0	1
8	8	-	73	-	24.024099826812744	23.84432291984558	0	1
8	8	-	74	-	24.709152698516846	26.174678087234497	0	0
8	8	-	75	-	23.520020484924316	24.234795570373535	0	1
8	8	-	76	-	23.47848391532898	23.740272045135498	0	0
8	8	-	77	-	25.21899962425232	24.645001649856567	0	0
8	8	-	78	-	23.302001953125	24.981000900268555	0	0
8	8	-	79	-	25.37100100517273	25.14049005508423	0	0
8	8	-	80	-	24.970388889312744	23.68355083465576	0	1
8	8	-	81	-	24.6398184299469	23.69214415550232	0	0
8	8	-	82	-	24.795015573501587	24.34340476989746	0	0
8	8	-	83	-	23.53127956390381	24.47700023651123	0	0
8	8	-	84	-	24.36415410041809	23.54300045967102	0	0
8	8	-	85	-	24.136016607284546	22.82900094985962	0	1
8	8	-	86	-	24.10753870010376	23.503000497817993	0	1
8	8	-	87	-	25.457399606704712	24.08398413658142	0	0
8	8	-	88	-	25.045331239700317	24.659446001052856	0	0
8	8	-	89	-	24.85773253440857	22.202000856399536	0	1
8	8	-	90	-	23.82265567779541	24.184018850326538	0	0
8	8	-	91	-	25.42716932296753	25.0968074798584	0	0
8	8	-	92	-	24.470153093338013	22.956416606903076	0	1
8	8	-	93	-	23.390088081359863	22.693981170654297	0	1
8	8	-	94	-	23.850221633911133	23.58383321762085	0	0
8	8	-	95	-	23.634307861328125	25.33470058441162	0	0
8	8	-	96	-	24.890277862548828	26.67582893371582	0	0
8	8	-	97	-	24.73000741004944	25.91369342803955	0	0
8	8	-	98	-	23.1180739402771	24.86158323287964	0	0
8	8	-	99	-	24.19601798057556	22.829282522201538	0	1
16	1	-	0	-	4.565018177032471	4.473567724227905	0	1
16	1	-	1	-	4.2999889850616455	3.727010488510132	0	0
16	1	-	2	-	4.395015001296997	4.444987535476685	0	1
16	1	-	3	-	4.473914384841919	4.284003257751465	0	1
16	1	-	4	-	4.472313404083252	4.382019281387329	0	1
16	1	-	5	-	4.084989547729492	4.015998363494873	0	1
16	1	-	6	-	4.492027521133423	4.385987281799316	0	1
16	1	-	7	-	4.5499889850616455	4.392018795013428	0	1
16	1	-	8	-	4.442329406738281	4.311218023300171	0	1
16	1	-	9	-	4.078008651733398	3.9850099086761475	0	1
16	1	-	10	-	4.1101672649383545	3.979020118713379	0	1
16	1	-	11	-	4.073980093002319	4.0859997272491455	0	1
16	1	-	12	-	4.045011758804321	3.8909912109375	0	1
16	1	-	13	-	4.537006378173828	4.503988265991211	0	1
16	1	-	14	-	4.272985458374023	4.2930004596710205	0	1
16	1	-	15	-	4.309001207351685	4.20899772644043	0	1
16	1	-	16	-	4.292015314102173	4.277554273605347	0	1
16	1	-	17	-	4.332998037338257	4.276017189025879	0	1
16	1	-	18	-	4.20099949836731	4.084021091461182	0	1
16	1	-	19	-	4.226010322570801	4.188990116119385	0	1
16	1	-	20	-	4.743999481201172	4.603021144866943	0	1
16	1	-	21	-	4.676010608673096	4.585984706878662	0	1
16	1	-	22	-	4.200001239776611	4.18399977684021	0	1
16	1	-	23	-	4.2783284187316895	4.330991268157959	0	1
16	1	-	24	-	3.8950023651123047	3.7915399074554443	0	1
16	1	-	25	-	4.265299081802368	4.203019618988037	0	1
16	1	-	26	-	3.603273630142212	3.5139832496643066	0	1
16	1	-	27	-	4.0553059577941895	4.155000448226929	0	1
16	1	-	28	-	4.351374387741089	4.386255502700806	0	1
16	1	-	29	-	4.290786504745483	4.161919593811035	0	1
16	1	-	30	-	4.185011148452759	4.089308977127075	0	1
16	1	-	31	-	4.368978023529053	4.286022424697876	0	1
16	1	-	32	-	4.450996398925781	4.48900032043457	0	1
16	1	-	33	-	3.8679885864257812	3.795008420944214	0	1
16	1	-	34	-	4.468999862670898	4.3719751834869385	0	1
16	1	-	35	-	4.25	4.177000284194946	0	1
16	1	-	36	-	3.9770214557647705	3.881981134414673	0	1
16	1	-	37	-	4.2479987144470215	4.183000802993774	0	1
16	1	-	38	-	4.415987968444824	4.269009113311768	0	1
16	1	-	39	-	4.1959755420684814	4.066020250320435	0	1
16	1	-	40	-	3.5479989051818848	3.495999813079834	0	1
16	1	-	41	-	4.549012899398804	4.5259692668914795	0	1
16	1	-	42	-	3.9619903564453125	4.092990875244141	0	1
16	1	-	43	-	4.89000940322876	4.799244403839111	0	1
16	1	-	44	-	4.723024129867554	4.558983564376831	0	1
16	1	-	45	-	4.0439794063568115	4.014007806777954	0	1
16	1	-	46	-	4.335000514984131	4.183998107910156	0	1
16	1	-	47	-	3.7629823684692383	3.7680177688598633	0	1
16	1	-	48	-	4.306736946105957	4.331372499465942	0	1
16	1	-	49	-	3.976296901702881	3.8919994831085205	0	1
16	1	-	50	-	3.867979049682617	3.8013079166412354	0	1
16	1	-	51	-	4.536316633224487	4.58699369430542	0	1
16	1	-	52	-	4.2090003490448	4.085999965667725	0	1
16	1	-	53	-	3.909999370574951	3.8959903717041016	0	1
16	1	-	54	-	4.270728349685669	4.19100022315979	0	1
16	1	-	55	-	4.360004663467407	4.298018217086792	0	1
16	1	-	56	-	4.048982381820679	3.984006404876709	0	1
16	1	-	57	-	4.109995126724243	3.9890005588531494	0	1
16	1	-	58	-	4.5033276081085205	4.397283315658569	0	1
16	1	-	59	-	4.551476240158081	4.538000106811523	0	1
16	1	-	60	-	4.576000928878784	4.46599817276001	0	1
16	1	-	61	-	4.361021280288696	4.288372755050659	0	1
16	1	-	62	-	4.575010538101196	4.491988897323608	0	1
16	1	-	63	-	4.209021329879761	4.152998924255371	0	1
16	1	-	64	-	4.1569905281066895	4.092309474945068	0	1
16	1	-	65	-	4.251020431518555	4.181979179382324	0	1
16	1	-	66	-	4.389997482299805	4.303766250610352	0	1
16	1	-	67	-	4.53221321105957	4.468991994857788	0	1
16	1	-	68	-	4.184011459350586	4.128231525421143	0	1
16	1	-	69	-	3.7749996185302734	3.6829898357391357	0	1
16	1	-	70	-	3.908970832824707	3.7900192737579346	0	1
16	1	-	71	-	4.740028381347656	4.670000076293945	0	1
16	1	-	72	-	4.852996110916138	4.881030321121216	0	1
16	1	-	73	-	4.061016321182251	4.01015567779541	0	1
16	1	-	74	-	4.214645147323608	4.11098051071167	0	1
16	1	-	75	-	3.7248117923736572	3.603999614715576	0	1
16	1	-	76	-	4.509000062942505	4.383000135421753	0	1
16	1	-	77	-	4.428269863128662	4.359981536865234	0	1
16	1	-	78	-	4.317995071411133	4.261999607086182	0	1
16	1	-	79	-	4.282971143722534	4.1719982624053955	0	1
16	1	-	80	-	4.5223400592803955	4.570990324020386	0	1
16	1	-	81	-	4.5010106563568115	4.3729987144470215	0	1
16	1	-	82	-	4.653008460998535	4.563967704772949	0	1
16	1	-	83	-	4.17101263999939	4.137554883956909	0	1
16	1	-	84	-	4.3910017013549805	4.307008266448975	0	1
16	1	-	85	-	4.710768938064575	4.734868764877319	0	1
16	1	-	86	-	4.160968780517578	4.198009490966797	0	1
16	1	-	87	-	4.075998783111572	3.966010332107544	0	1
16	1	-	88	-	4.784999370574951	4.713015079498291	0	1
16	1	-	89	-	4.795996427536011	4.641026973724365	0	1
16	1	-	90	-	4.376972675323486	4.2560272216796875	0	1
16	1	-	91	-	4.338363885879517	4.298998117446899	0	1
16	1	-	92	-	4.072526693344116	4.13799524307251	0	1
16	1	-	93	-	4.862002611160278	4.819017648696899	0	1
16	1	-	94	-	4.536066770553589	4.478990077972412	0	1
16	1	-	95	-	4.189000606536865	4.0879998207092285	0	1
16	1	-	96	-	4.236016035079956	4.201985836029053	0	1
16	1	-	97	-	4.476041078567505	4.3815741539001465	0	1
16	1	-	98	-	4.585999965667725	4.510022401809692	0	1
16	1	-	99	-	4.963040590286255	4.880876302719116	0	1
16	2	-	0	-	16.30486273765564	15.754010438919067	0	1
16	2	-	1	-	15.141986846923828	18.050520658493042	0	0
16	2	-	2	-	16.66444444656372	18.735018491744995	0	1
16	2	-	3	-	16.388325929641724	14.00858736038208	0	1
16	2	-	4	-	16.57312297821045	15.888382911682129	0	1
16	2	-	5	-	16.087082862854004	14.69535779953003	0	1
16	2	-	6	-	16.853084325790405	17.883621215820312	0	0
16	2	-	7	-	16.307189226150513	18.94698929786682	0	0
16	2	-	8	-	16.598660707473755	17.358001470565796	0	0
16	2	-	9	-	15.381998538970947	13.88400673866272	0	1
16	2	-	10	-	15.706340551376343	15.2110013961792	0	1
16	2	-	11	-	16.917275190353394	16.68831729888916	0	1
16	2	-	12	-	15.953291177749634	13.711273431777954	0	1
16	2	-	13	-	16.066383838653564	18.32301163673401	0	1
16	2	-	14	-	16.24201202392578	16.000457525253296	0	1
16	2	-	15	-	16.210999727249146	14.627310276031494	0	1
16	2	-	16	-	16.75399422645569	17.675313711166382	0	1
16	2	-	17	-	16.31933879852295	15.080012321472168	0	1
16	2	-	18	-	15.51099967956543	14.316093444824219	0	1
16	2	-	19	-	16.020995378494263	14.49119758605957	0	1
16	2	-	20	-	17.56197714805603	17.7944815158844	0	1
16	2	-	21	-	17.036317110061646	15.30125117301941	0	1
16	2	-	22	-	16.35299825668335	16.90476107597351	0	1
16	2	-	23	-	16.98099970817566	15.967853546142578	0	1
16	2	-	24	-	16.173996686935425	13.401779413223267	0	1
16	2	-	25	-	16.09402585029602	16.53500008583069	0	1
16	2	-	26	-	14.793999910354614	14.13456916809082	0	1
16	2	-	27	-	15.65499758720398	15.530662059783936	0	1
16	2	-	28	-	16.09449577331543	17.82601833343506	0	1
16	2	-	29	-	17.231415033340454	15.403305530548096	0	1
16	2	-	30	-	15.785708904266357	16.05199146270752	0	1
16	2	-	31	-	16.362016439437866	14.244000673294067	0	1
16	2	-	32	-	16.181846618652344	17.583433151245117	0	1
16	2	-	33	-	15.071002721786499	13.165988206863403	0	1
16	2	-	34	-	17.676995992660522	14.597999095916748	0	1
16	2	-	35	-	17.012999057769775	15.823018074035645	0	1
16	2	-	36	-	16.215555429458618	13.886871337890625	0	1
16	2	-	37	-	16.511005401611328	15.769997596740723	0	1
16	2	-	38	-	17.261459350585938	15.161569118499756	0	1
16	2	-	39	-	15.5700101852417	14.93834662437439	0	1
16	2	-	40	-	14.12598991394043	12.705001592636108	0	1
16	2	-	41	-	16.580999851226807	17.62404179573059	0	1
16	2	-	42	-	16.13691520690918	14.576982021331787	0	1
16	2	-	43	-	16.704367637634277	18.39827823638916	0	1
16	2	-	44	-	17.85001850128174	15.963629007339478	0	1
16	2	-	45	-	16.37218713760376	16.79749345779419	0	0
16	2	-	46	-	15.994008302688599	14.811010837554932	0	1
16	2	-	47	-	14.713335990905762	14.071614980697632	0	1
16	2	-	48	-	16.23825240135193	16.467000007629395	0	1
16	2	-	49	-	17.049018383026123	13.821160554885864	0	1
16	2	-	50	-	15.966988801956177	13.599371194839478	0	1
16	2	-	51	-	16.649384260177612	18.09902000427246	0	0
16	2	-	52	-	15.859581232070923	15.867932319641113	0	1
16	2	-	53	-	15.379988431930542	17.80278992652893	0	1
16	2	-	54	-	15.795659065246582	15.85806679725647	0	1
16	2	-	55	-	16.021119356155396	18.429693460464478	0	1
16	2	-	56	-	15.756994485855103	16.067016124725342	0	1
16	2	-	57	-	16.242016553878784	13.281991958618164	0	1
16	2	-	58	-	16.076712131500244	15.329981327056885	0	1
16	2	-	59	-	17.335590600967407	17.576000213623047	0	1
16	2	-	60	-	18.100109815597534	17.213215589523315	0	1
16	2	-	61	-	16.30632758140564	15.708980560302734	0	1
16	2	-	62	-	16.30617666244507	16.76528549194336	0	1
16	2	-	63	-	16.01500630378723	15.044979333877563	0	1
16	2	-	64	-	17.884753227233887	14.196980953216553	0	1
16	2	-	65	-	15.849168539047241	14.2330002784729	0	1
16	2	-	66	-	16.87260103225708	16.82723617553711	0	1
16	2	-	67	-	17.136008501052856	14.285244703292847	0	1
16	2	-	68	-	15.370197057723999	17.28699493408203	0	1
16	2	-	69	-	14.845925092697144	13.358983039855957	0	1
16	2	-	70	-	15.70901608467102	15.40580153465271	0	1
16	2	-	71	-	17.13136315345764	17.564000606536865	0	1
16	2	-	72	-	16.503997564315796	18.66100025177002	0	0
16	2	-	73	-	16.8309645652771	14.91836667060852	0	1
16	2	-	74	-	17.00300645828247	16.278303384780884	0	1
16	2	-	75	-	15.844288349151611	12.497912168502808	0	1
16	2	-	76	-	16.112499713897705	16.44732141494751	0	1
16	2	-	77	-	17.70869016647339	15.678630113601685	0	1
16	2	-	78	-	16.629324436187744	13.916451215744019	0	1
16	2	-	79	-	15.940892696380615	14.013000965118408	0	1
16	2	-	80	-	17.64301562309265	17.09499979019165	0	1
16	2	-	81	-	16.37554144859314	16.416010856628418	0	1
16	2	-	82	-	16.53299641609192	15.237010478973389	0	1
16	2	-	83	-	16.474000453948975	17.69598698616028	0	1
16	2	-	84	-	16.831006288528442	18.56828498840332	0	1
16	2	-	85	-	16.784298419952393	16.981000185012817	0	1
16	2	-	86	-	16.23500967025757	16.406988620758057	0	1
16	2	-	87	-	15.87131118774414	15.19401478767395	0	1
16	2	-	88	-	18.048839569091797	16.325260400772095	0	1
16	2	-	89	-	17.142027139663696	15.545979499816895	0	1
16	2	-	90	-	17.010200023651123	14.264488935470581	0	1
16	2	-	91	-	16.6074321269989	17.253519773483276	0	1
16	2	-	92	-	17.35503101348877	16.768728017807007	0	1
16	2	-	93	-	18.04128408432007	18.76300072669983	0	1
16	2	-	94	-	18.254976987838745	17.992509841918945	0	0
16	2	-	95	-	15.92300295829773	14.14298963546753	0	1
16	2	-	96	-	15.719017505645752	15.739477634429932	0	1
16	2	-	97	-	16.32139778137207	15.17900013923645	0	1
16	2	-	98	-	16.837844610214233	17.589139699935913	0	1
16	2	-	99	-	18.31129264831543	19.516000270843506	0	1
16	4	-	0	-	87.43825483322144	90.19255208969116	0	1
16	4	-	1	-	106.11235690116882	112.01820945739746	0	0
16	4	-	2	-	90.44413614273071	106.78098392486572	0	0
16	4	-	3	-	103.41735339164734	82.94936037063599	0	1
16	4	-	4	-	99.87112855911255	73.4520616531372	0	1
16	4	-	5	-	96.95801043510437	67.11009049415588	0	1
16	4	-	6	-	86.69105339050293	84.09087133407593	0	0
16	4	-	7	-	107.17980742454529	87.93301963806152	0	0
16	4	-	8	-	100.47039341926575	114.71614146232605	0	0
16	4	-	9	-	126.91968584060669	72.61504673957825	0	1
16	4	-	10	-	106.01833820343018	79.67836332321167	0	1
16	4	-	11	-	116.50536465644836	108.59586238861084	0	0
16	4	-	12	-	111.41748118400574	62.68904376029968	0	1
16	4	-	13	-	97.4318060874939	91.41491913795471	0	0
16	4	-	14	-	105.72585582733154	94.597012758255	0	0
16	4	-	15	-	101.42603540420532	73.83218836784363	0	1
16	4	-	16	-	100.11205220222473	108.67092108726501	0	0
16	4	-	17	-	86.99071335792542	74.73518824577332	0	1
16	4	-	18	-	111.1838059425354	65.16201305389404	0	1
16	4	-	19	-	97.26931691169739	75.43758177757263	0	1
16	4	-	20	-	99.08251118659973	95.79398798942566	0	0
16	4	-	21	-	83.79837322235107	62.982821226119995	0	1
16	4	-	22	-	110.12121605873108	102.38513135910034	0	0
16	4	-	23	-	91.94322395324707	78.03705668449402	0	0
16	4	-	24	-	100.49513006210327	60.259299755096436	0	1
16	4	-	25	-	117.62059831619263	77.99298071861267	0	0
16	4	-	26	-	121.16856646537781	51.48547005653381	0	1
16	4	-	27	-	101.87952542304993	91.96949625015259	0	0
16	4	-	28	-	93.92205739021301	103.55934000015259	0	0
16	4	-	29	-	106.27943420410156	71.1328911781311	0	1
16	4	-	30	-	106.57257986068726	91.84554696083069	0	1
16	4	-	31	-	89.46029710769653	69.78488254547119	0	1
16	4	-	32	-	99.11969566345215	101.5582172870636	0	0
16	4	-	33	-	87.0426299571991	60.51334023475647	0	1
16	4	-	34	-	95.19927024841309	81.57672548294067	0	1
16	4	-	35	-	112.42116808891296	70.43300700187683	0	1
16	4	-	36	-	109.09798574447632	89.15233993530273	0	1
16	4	-	37	-	109.0109212398529	76.51173710823059	0	1
16	4	-	38	-	100.69833493232727	63.964412450790405	0	1
16	4	-	39	-	97.5028510093689	107.55303859710693	0	0
16	4	-	40	-	95.1178970336914	86.44415235519409	0	1
16	4	-	41	-	99.09422564506531	101.90257334709167	0	0
16	4	-	42	-	94.52010178565979	101.44643235206604	0	0
16	4	-	43	-	104.66537022590637	118.97726845741272	0	0
16	4	-	44	-	89.39837384223938	65.19938611984253	0	1
16	4	-	45	-	104.62259554862976	107.54972839355469	0	0
16	4	-	46	-	102.40359497070312	90.36898994445801	0	1
16	4	-	47	-	103.04853320121765	85.83252835273743	0	0
16	4	-	48	-	94.13183808326721	89.17188024520874	0	0
16	4	-	49	-	91.55646204948425	63.23208522796631	0	1
16	4	-	50	-	106.88271260261536	58.90367650985718	0	1
16	4	-	51	-	92.66616559028625	95.9925651550293	0	0
16	4	-	52	-	92.87026786804199	73.53207349777222	0	1
16	4	-	53	-	102.07737135887146	93.77564287185669	0	0
16	4	-	54	-	83.40736961364746	88.94405150413513	0	1
16	4	-	55	-	106.07736730575562	114.81058239936829	0	0
16	4	-	56	-	90.90971970558167	71.43910479545593	0	1
16	4	-	57	-	108.26389598846436	58.403756856918335	0	1
16	4	-	58	-	106.38419079780579	76.22885870933533	0	1
16	4	-	59	-	121.62562322616577	101.51995182037354	0	0
16	4	-	60	-	108.42293119430542	80.4214780330658	0	1
16	4	-	61	-	98.2356927394867	63.13448905944824	0	1
16	4	-	62	-	92.51970863342285	107.81476092338562	0	0
16	4	-	63	-	85.13312649726868	102.56588745117188	0	1
16	4	-	64	-	97.47791647911072	80.69526362419128	0	1
16	4	-	65	-	83.67231941223145	87.84520244598389	0	1
16	4	-	66	-	88.01037955284119	91.99490094184875	0	0
16	4	-	67	-	78.16002225875854	63.93941593170166	0	1
16	4	-	68	-	91.33484101295471	97.6302273273468	0	0
16	4	-	69	-	91.70189714431763	65.29647922515869	0	1
16	4	-	70	-	104.79475593566895	100.20106983184814	0	1
16	4	-	71	-	90.07544565200806	97.12276983261108	0	1
16	4	-	72	-	99.37553191184998	99.59827971458435	0	0
16	4	-	73	-	82.4435076713562	95.41495943069458	0	0
16	4	-	74	-	97.57394528388977	101.71155142784119	0	0
16	4	-	75	-	106.47953820228577	54.099724769592285	0	1
16	4	-	76	-	109.09917902946472	92.65965342521667	0	0
16	4	-	77	-	95.76649594306946	84.64011216163635	0	1
16	4	-	78	-	83.69887685775757	85.85191702842712	0	1
16	4	-	79	-	96.26349306106567	93.35901379585266	0	1
16	4	-	80	-	86.06223058700562	102.12073230743408	0	0
16	4	-	81	-	101.73951315879822	80.51889944076538	0	1
16	4	-	82	-	111.23670744895935	80.20230150222778	0	1
16	4	-	83	-	99.11655879020691	99.36084270477295	0	0
16	4	-	84	-	98.15454697608948	112.74426412582397	0	0
16	4	-	85	-	102.57968163490295	98.15730333328247	0	0
16	4	-	86	-	110.44309043884277	113.37260174751282	0	1
16	4	-	87	-	105.68121242523193	67.34205412864685	0	1
16	4	-	88	-	106.38904690742493	88.61827254295349	0	0
16	4	-	89	-	141.90727853775024	79.68892455101013	0	1
16	4	-	90	-	91.07370710372925	92.30039167404175	0	1
16	4	-	91	-	98.80866765975952	105.56155729293823	0	0
16	4	-	92	-	109.2342517375946	99.05147933959961	0	0
16	4	-	93	-	87.68465185165405	110.06358981132507	0	0
16	4	-	94	-	83.07750463485718	104.57578206062317	0	0
16	4	-	95	-	98.62920260429382	65.06666445732117	0	1
16	4	-	96	-	102.12222099304199	65.87619161605835	0	1
16	4	-	97	-	118.59648013114929	65.22727704048157	0	1
16	4	-	98	-	78.26209616661072	100.88897347450256	0	0
16	4	-	99	-	97.35742354393005	114.03569054603577	0	0
16	8	-	0	-	582.8415071964264	626.744714975357	0	1
16	8	-	1	-	1065.7188985347748	563.6771092414856	0	0
16	8	-	2	-	713.4728322029114	483.3991189002991	0	0
16	8	-	3	-	662.6544337272644	275.41122221946716	0	1
16	8	-	4	-	798.44606757164	810.9553661346436	0	1
16	8	-	5	-	599.8060638904572	465.87273120880127	0	1
16	8	-	6	-	702.9222559928894	743.0482859611511	0	0
16	8	-	7	-	712.9150822162628	658.0550060272217	0	0
16	8	-	8	-	694.536541223526	739.8850317001343	0	0
16	8	-	9	-	860.7755334377289	437.7758367061615	0	1
16	8	-	10	-	909.4586424827576	571.5787780284882	0	1
4	2	-	0	-	1.355630874633789	0.39000892639160156	1	0
4	2	-	1	-	1.2490043640136719	0.4279923439025879	0	1
4	2	-	2	-	1.2650134563446045	0.4309859275817871	0	0
4	2	-	3	-	1.2650196552276611	0.4339792728424072	0	0
4	2	-	0	-	0.3980133533477783	0.38399720191955566	1	0
4	2	-	1	-	0.43200063705444336	0.4289989471435547	0	1
4	2	-	2	-	0.43700575828552246	0.4310116767883301	0	0
4	2	-	3	-	0.42598390579223633	0.4330179691314697	0	0
4	2	-	4	-	0.42799925804138184	0.4109985828399658	1	0
4	2	-	5	-	0.44701313972473145	0.45600056648254395	0	0
4	2	-	6	-	0.40502476692199707	0.39699649810791016	0	1
4	2	-	7	-	0.42600083351135254	0.43300771713256836	0	1
4	2	-	8	-	0.44802331924438477	0.4250009059906006	1	0
4	2	-	9	-	0.4280240535736084	0.4219961166381836	0	1
4	2	-	10	-	0.4490222930908203	0.46000027656555176	0	0
4	2	-	11	-	0.3790156841278076	0.3730049133300781	0	1
4	2	-	12	-	0.47301244735717773	0.475980281829834	0	0
4	2	-	13	-	0.4510176181793213	0.45600128173828125	0	0
4	2	-	14	-	0.4260225296020508	0.4219985008239746	0	1
4	2	-	15	-	0.4260120391845703	0.43199682235717773	0	1
4	2	-	16	-	0.45060300827026367	0.4530022144317627	0	0
4	2	-	17	-	0.38001298904418945	0.37599611282348633	0	1
4	2	-	18	-	0.4029998779296875	0.4099996089935303	0	1
4	2	-	19	-	0.4260072708129883	0.4300119876861572	0	0
4	2	-	20	-	0.4020226001739502	0.3959949016571045	0	1
4	2	-	21	-	0.37902259826660156	0.37398743629455566	0	1
4	2	-	22	-	0.4600231647491455	0.4510018825531006	0	0
4	2	-	23	-	0.42301011085510254	0.42699718475341797	0	1
4	2	-	24	-	0.4300119876861572	0.42099618911743164	0	1
4	2	-	25	-	0.45002245903015137	0.4619877338409424	0	1
4	2	-	26	-	0.45900988578796387	0.4499986171722412	0	0
4	2	-	27	-	0.46102166175842285	0.45098018646240234	0	0
4	2	-	28	-	0.45502233505249023	0.45799779891967773	0	1
4	2	-	29	-	0.45322275161743164	0.4547891616821289	0	0
4	2	-	30	-	0.460010290145874	0.4490020275115967	0	0
4	2	-	31	-	0.44901490211486816	0.45000457763671875	0	1
4	2	-	32	-	0.46302223205566406	0.45198822021484375	0	0
4	2	-	33	-	0.43001794815063477	0.42799806594848633	0	1
4	2	-	34	-	0.4710087776184082	0.46001267433166504	0	0
4	2	-	35	-	0.40398550033569336	0.3970210552215576	0	1
4	2	-	36	-	0.4760117530822754	0.4790012836456299	0	0
4	2	-	37	-	0.4320218563079834	0.4239933490753174	0	1
4	2	-	38	-	0.42902445793151855	0.43399596214294434	0	1
4	2	-	39	-	0.4090094566345215	0.38199710845947266	1	0
4	2	-	40	-	0.47902393341064453	0.47099804878234863	0	1
4	2	-	41	-	0.3770151138305664	0.3709874153137207	0	1
4	2	-	42	-	0.4260237216949463	0.423997163772583	0	1
4	2	-	43	-	0.4070169925689697	0.4060063362121582	0	0
4	2	-	44	-	0.4330134391784668	0.4279932975769043	0	1
4	2	-	45	-	0.46302151679992676	0.45999622344970703	0	0
4	2	-	46	-	0.4280240535736084	0.42499661445617676	0	1
4	2	-	47	-	0.42702174186706543	0.41100096702575684	1	0
4	2	-	48	-	0.4279923439025879	0.4309852123260498	0	1
4	2	-	49	-	0.49502086639404297	0.4979977607727051	0	1
4	2	-	50	-	0.42402052879333496	0.40498948097229004	1	0
4	2	-	51	-	0.41002726554870605	0.4029860496520996	0	1
4	2	-	52	-	0.37799954414367676	0.37599706649780273	0	1
4	2	-	53	-	0.46302294731140137	0.45900940895080566	0	0
4	2	-	54	-	0.38401126861572266	0.3719973564147949	0	1
4	2	-	55	-	0.4180026054382324	0.40899205207824707	0	0
4	2	-	56	-	0.45601773262023926	0.46000027656555176	0	0
4	2	-	57	-	0.42800116539001465	0.4060187339782715	1	0
4	2	-	58	-	0.47301673889160156	0.48200058937072754	0	0
4	2	-	59	-	0.4630117416381836	0.45800161361694336	0	0
4	2	-	60	-	0.404019832611084	0.41896891593933105	0	1
4	2	-	61	-	0.43602585792541504	0.42998433113098145	0	1
4	2	-	62	-	0.4090127944946289	0.3859992027282715	1	0
4	2	-	63	-	0.4059586524963379	0.4030017852783203	0	1
4	2	-	64	-	0.40200209617614746	0.4159977436065674	0	1
4	2	-	65	-	0.4060220718383789	0.41300511360168457	0	1
4	2	-	66	-	0.47701382637023926	0.4849991798400879	0	0
4	2	-	67	-	0.4060239791870117	0.4029958248138428	0	1
4	2	-	68	-	0.4230217933654785	0.40598320960998535	1	0
4	2	-	69	-	0.4690208435058594	0.47500109672546387	0	1
4	2	-	70	-	0.4580237865447998	0.4570012092590332	0	0
4	2	-	71	-	0.44901299476623535	0.459989070892334	0	0
4	2	-	72	-	0.4060099124908447	0.39998769760131836	0	1
4	2	-	73	-	0.4270143508911133	0.4050002098083496	1	0
4	2	-	74	-	0.42401123046875	0.43399834632873535	0	0
4	2	-	75	-	0.42701053619384766	0.40900540351867676	1	0
4	2	-	76	-	0.45200276374816895	0.45200085639953613	0	0
4	2	-	77	-	0.4639928340911865	0.4868786334991455	0	0
4	2	-	78	-	0.4415321350097656	0.43699169158935547	1	0
4	2	-	79	-	0.46524548530578613	0.45382237434387207	0	1
4	2	-	80	-	0.4599430561065674	0.4545283317565918	0	0
4	2	-	81	-	0.43238282203674316	0.4290122985839844	0	0
4	2	-	82	-	0.4223599433898926	0.40482640266418457	0	0
4	2	-	83	-	0.4269828796386719	0.43921375274658203	0	1
4	2	-	84	-	0.3779902458190918	0.37801051139831543	0	1
4	2	-	85	-	0.43000245094299316	0.4239962100982666	0	1
4	2	-	86	-	0.477001428604126	0.49098777770996094	0	0
4	2	-	87	-	0.4290144443511963	0.4239959716796875	0	1
4	2	-	88	-	0.4239962100982666	0.42599010467529297	0	1
4	2	-	89	-	0.4079906940460205	0.4050009250640869	0	1
4	2	-	90	-	0.451002836227417	0.46098875999450684	0	0
4	2	-	91	-	0.44900012016296387	0.45099925994873047	0	1
4	2	-	92	-	0.43300509452819824	0.4299960136413574	0	1
4	2	-	93	-	0.44826221466064453	0.43374013900756836	1	0
4	2	-	94	-	0.4371628761291504	0.411146879196167	0	0
4	2	-	95	-	0.4334907531738281	0.44335389137268066	0	1
4	2	-	96	-	0.45535874366760254	0.4651954174041748	0	0
4	2	-	97	-	0.40452027320861816	0.402998685836792	0	1
4	2	-	98	-	0.4010040760040283	0.3959956169128418	0	1
4	2	-	99	-	0.42798709869384766	0.42300915718078613	0	1
4	4	-	0	-	0.5219869613647461	0.5040090084075928	1	0
4	4	-	1	-	0.5419943332672119	0.5370070934295654	0	1
4	4	-	2	-	0.5439999103546143	0.5449879169464111	0	0
4	4	-	3	-	0.5450174808502197	0.556981086730957	0	0
4	4	-	4	-	0.5400104522705078	0.5209989547729492	1	0
4	4	-	5	-	0.5626029968261719	0.5783641338348389	0	0
4	4	-	6	-	0.5159883499145508	0.5180082321166992	0	1
4	4	-	7	-	0.5420012474060059	0.5550103187561035	0	0
4	4	-	8	-	0.5679900646209717	0.5433268547058105	1	0
4	4	-	9	-	0.5460014343261719	0.5449864864349365	0	1
4	4	-	10	-	0.565997838973999	0.5800132751464844	0	0
4	4	-	11	-	0.4970121383666992	0.5059962272644043	0	1
4	4	-	12	-	0.5850138664245605	0.5939993858337402	0	0
4	4	-	13	-	0.5680031776428223	0.5720088481903076	0	0
4	4	-	14	-	0.5390021800994873	0.5439858436584473	0	1
4	4	-	15	-	0.540999174118042	0.5470056533813477	0	0
4	4	-	16	-	0.5682907104492188	0.5750110149383545	0	0
4	4	-	17	-	0.5120124816894531	0.4959871768951416	0	1
4	4	-	18	-	0.5150110721588135	0.5280008316040039	0	0
4	4	-	19	-	0.551002025604248	0.5449912548065186	0	0
4	4	-	20	-	0.5149691104888916	0.5150108337402344	0	1
4	4	-	21	-	0.49399471282958984	0.4889967441558838	0	1
4	4	-	22	-	0.5689914226531982	0.5730023384094238	0	0
4	4	-	23	-	0.5380094051361084	0.5399892330169678	0	1
4	4	-	24	-	0.5489792823791504	0.5440192222595215	0	1
4	4	-	25	-	0.575263261795044	0.5737221240997314	0	0
4	4	-	26	-	0.573014497756958	0.5659968852996826	0	0
4	4	-	27	-	0.5739903450012207	0.5700101852416992	0	0
4	4	-	28	-	0.5660040378570557	0.5849781036376953	0	0
4	4	-	29	-	0.5740253925323486	0.5709977149963379	0	0
4	4	-	30	-	0.5729866027832031	0.5830111503601074	0	0
4	4	-	31	-	0.5640058517456055	0.5639908313751221	0	1
4	4	-	32	-	0.5740156173706055	0.5749971866607666	0	0
4	4	-	33	-	0.5449893474578857	0.5469896793365479	0	1
4	4	-	34	-	0.5700027942657471	0.5960063934326172	0	0
4	4	-	35	-	0.5250122547149658	0.5109918117523193	0	1
4	4	-	36	-	0.6160023212432861	0.6029889583587646	0	0
4	4	-	37	-	0.5489861965179443	0.5470123291015625	0	1
4	4	-	38	-	0.5569870471954346	0.6100234985351562	0	0
4	4	-	39	-	0.5259983539581299	0.5249941349029541	1	0
4	4	-	40	-	0.62400221824646	0.6029994487762451	0	1
4	4	-	41	-	0.5000159740447998	0.4909942150115967	0	1
4	4	-	42	-	0.5569868087768555	0.5559959411621094	0	1
4	4	-	43	-	0.5310235023498535	0.5299904346466064	0	0
4	4	-	44	-	0.5479936599731445	0.5500168800354004	0	1
4	4	-	45	-	0.5740084648132324	0.5810112953186035	0	0
4	4	-	46	-	0.5450105667114258	0.537245512008667	0	1
4	4	-	47	-	0.5500168800354004	0.5240039825439453	1	0
4	4	-	48	-	0.5449943542480469	0.536994457244873	0	1
4	4	-	49	-	0.609001874923706	0.6199967861175537	0	1
4	4	-	50	-	0.5440037250518799	0.5239968299865723	1	0
4	4	-	51	-	0.5210118293762207	0.5199985504150391	0	1
4	4	-	52	-	0.4960136413574219	0.49199533462524414	0	1
4	4	-	53	-	0.5679948329925537	0.5739965438842773	0	0
4	4	-	54	-	0.49601316452026367	0.49401044845581055	0	1
4	4	-	55	-	0.5180075168609619	0.520000696182251	0	0
4	4	-	56	-	0.5660097599029541	0.5759930610656738	0	0
4	4	-	57	-	0.5470049381256104	0.5179967880249023	1	0
4	4	-	58	-	0.585019588470459	0.6029834747314453	0	0
4	4	-	59	-	0.5720038414001465	0.570000171661377	0	0
4	4	-	60	-	0.518991231918335	0.526010274887085	0	1
4	4	-	61	-	0.5440001487731934	0.5479886531829834	0	1
4	4	-	62	-	0.534005880355835	0.4970121383666992	1	0
4	4	-	63	-	0.5129921436309814	0.5119969844818115	0	1
4	4	-	64	-	0.5200018882751465	0.5280182361602783	0	1
4	4	-	65	-	0.52701735496521	0.5249874591827393	0	1
4	4	-	66	-	0.5910003185272217	0.6029887199401855	0	0
4	4	-	67	-	0.5189900398254395	0.5180089473724365	0	1
4	4	-	68	-	0.5440058708190918	0.5269896984100342	1	0
4	4	-	69	-	0.585005521774292	0.5979788303375244	0	1
4	4	-	70	-	0.5670120716094971	0.5739984512329102	0	0
4	4	-	71	-	0.571995735168457	0.5800142288208008	0	0
4	4	-	72	-	0.5160012245178223	0.5199885368347168	0	1
4	4	-	73	-	0.5500102043151855	0.5229899883270264	1	0
4	4	-	74	-	0.5470013618469238	0.5479977130889893	0	0
4	4	-	75	-	0.536017656326294	0.516995906829834	1	0
4	4	-	76	-	0.5750055313110352	0.5719919204711914	0	0
4	4	-	77	-	0.5590105056762695	0.575002908706665	0	0
4	4	-	78	-	0.5470128059387207	0.5170021057128906	1	0
4	4	-	79	-	0.5660028457641602	0.5669960975646973	0	1
4	4	-	80	-	0.5689806938171387	0.5700132846832275	0	0
4	4	-	81	-	0.5630016326904297	0.5430009365081787	0	0
4	4	-	82	-	0.5400052070617676	0.5279967784881592	0	0
4	4	-	83	-	0.547001838684082	0.5579776763916016	0	0
4	4	-	84	-	0.49401187896728516	0.4889953136444092	0	1
4	4	-	85	-	0.544013500213623	0.5459733009338379	0	1
4	4	-	86	-	0.601024866104126	0.5889759063720703	0	0
4	4	-	87	-	0.5340213775634766	0.5449986457824707	0	1
4	4	-	88	-	0.5510122776031494	0.5399801731109619	0	1
4	4	-	89	-	0.5220246315002441	0.5069947242736816	0	1
4	4	-	90	-	0.559002161026001	0.5709891319274902	0	0
4	4	-	91	-	0.5660052299499512	0.5679950714111328	0	1
4	4	-	92	-	0.5430018901824951	0.5459849834442139	0	1
4	4	-	93	-	0.5659911632537842	0.5459949970245361	1	0
4	4	-	94	-	0.5320193767547607	0.5239834785461426	0	0
4	4	-	95	-	0.5470161437988281	0.5489819049835205	0	0
4	4	-	96	-	0.5820209980010986	0.5779914855957031	0	0
4	4	-	97	-	0.5200107097625732	0.5171635150909424	0	1
4	4	-	98	-	0.5150082111358643	0.5219900608062744	0	1
4	4	-	99	-	0.5479710102081299	0.5399973392486572	0	1
8	2	-	0	-	1.2780086994171143	1.2950084209442139	0	1
