4 1 - 0 - 0.11699843406677246 0.26600098609924316 1 0
4 1 - 1 - 0.1100001335144043 0.28299975395202637 0 1
4 1 - 2 - 0.1080019474029541 0.29199695587158203 0 0
4 1 - 3 - 0.1100013256072998 0.2869992256164551 0 0
4 1 - 4 - 0.10400032997131348 0.27899789810180664 1 0
4 1 - 5 - 0.11400008201599121 0.3039991855621338 0 0
4 1 - 6 - 0.10302281379699707 0.2729794979095459 0 1
4 1 - 7 - 0.11002230644226074 0.28698158264160156 0 1
4 1 - 8 - 0.10799908638000488 0.29202818870544434 1 0
4 1 - 9 - 0.11097979545593262 0.28699779510498047 0 1
4 1 - 10 - 0.11401486396789551 0.3049800395965576 0 0
4 1 - 11 - 0.0969991683959961 0.2619967460632324 0 1
4 1 - 12 - 0.12099766731262207 0.30900073051452637 0 0
4 1 - 13 - 0.11200714111328125 0.3030049800872803 1 0
4 1 - 14 - 0.10999226570129395 0.31299495697021484 0 1
4 1 - 15 - 0.12099957466125488 0.3100111484527588 0 1
4 1 - 16 - 0.11999297142028809 0.3050041198730469 1 0
4 1 - 17 - 0.10699725151062012 0.2650010585784912 0 1
4 1 - 18 - 0.10299849510192871 0.27600622177124023 0 1
4 1 - 19 - 0.11000204086303711 0.29298877716064453 1 0
4 1 - 20 - 0.1040046215057373 0.2710084915161133 0 1
4 1 - 21 - 0.09699034690856934 0.2629883289337158 0 1
4 1 - 22 - 0.11300802230834961 0.3029806613922119 0 0
4 1 - 23 - 0.11101102828979492 0.2890026569366455 0 1
4 1 - 24 - 0.11000633239746094 0.2889862060546875 0 1
4 1 - 25 - 0.11800432205200195 0.30399417877197266 0 1
4 1 - 26 - 0.11600542068481445 0.30598974227905273 1 0
4 1 - 27 - 0.11499571800231934 0.3010084629058838 1 0
4 1 - 28 - 0.11699962615966797 0.3130013942718506 0 1
4 1 - 29 - 0.1260216236114502 0.30997204780578613 0 0
4 1 - 30 - 0.11500382423400879 0.3090217113494873 0 0
4 1 - 31 - 0.11599898338317871 0.298992395401001 0 1
4 1 - 32 - 0.11299920082092285 0.2990114688873291 1 0
4 1 - 33 - 0.10802102088928223 0.2859790325164795 0 1
4 1 - 34 - 0.11602067947387695 0.2980000972747803 1 0
4 1 - 35 - 0.10199999809265137 0.2735633850097656 0 1
4 1 - 36 - 0.11801886558532715 0.3109900951385498 1 0
4 1 - 37 - 0.1100001335144043 0.2840306758880615 0 1
4 1 - 38 - 0.10797905921936035 0.284010648727417 0 1
4 1 - 39 - 0.09799027442932129 0.2670094966888428 1 0
4 1 - 40 - 0.12002062797546387 0.3119997978210449 0 1
4 1 - 41 - 0.1069941520690918 0.2660200595855713 0 1
4 1 - 42 - 0.1099696159362793 0.28603053092956543 0 1
4 1 - 43 - 0.1020205020904541 0.2819998264312744 0 0
4 1 - 44 - 0.11097550392150879 0.2960054874420166 0 1
4 1 - 45 - 0.11599016189575195 0.30399489402770996 0 0
4 1 - 46 - 0.1100013256072998 0.28999948501586914 0 1
4 1 - 47 - 0.10500311851501465 0.2799990177154541 1 0
4 1 - 48 - 0.10900115966796875 0.2880129814147949 0 1
4 1 - 49 - 0.12900114059448242 0.3240170478820801 0 1
4 1 - 50 - 0.10299229621887207 0.2790207862854004 1 0
4 1 - 51 - 0.10400938987731934 0.2760012149810791 0 1
4 1 - 52 - 0.10126852989196777 0.2699875831604004 0 1
4 1 - 53 - 0.12201881408691406 0.3039889335632324 0 0
4 1 - 54 - 0.09600973129272461 0.2630000114440918 0 1
4 1 - 55 - 0.10397648811340332 0.2810201644897461 1 0
4 1 - 56 - 0.11299872398376465 0.30300045013427734 0 0
4 1 - 57 - 0.10500431060791016 0.2740209102630615 1 0
4 1 - 58 - 0.11899971961975098 0.3080000877380371 0 0
4 1 - 59 - 0.11399388313293457 0.301006555557251 1 0
4 1 - 60 - 0.10202240943908691 0.2759997844696045 0 1
4 1 - 61 - 0.10800361633300781 0.28301095962524414 0 1
4 1 - 62 - 0.09800076484680176 0.2649991512298584 1 0
4 1 - 63 - 0.10300993919372559 0.2709996700286865 0 1
4 1 - 64 - 0.10397911071777344 0.2750203609466553 0 1
4 1 - 65 - 0.10199999809265137 0.2769792079925537 0 1
4 1 - 66 - 0.12002277374267578 0.30700016021728516 0 0
4 1 - 67 - 0.10402441024780273 0.26999998092651367 0 1
4 1 - 68 - 0.10197234153747559 0.2760202884674072 1 0
4 1 - 69 - 0.1179971694946289 0.305999755859375 0 1
4 1 - 70 - 0.11401581764221191 0.30100059509277344 1 0
4 1 - 71 - 0.11500310897827148 0.3000068664550781 0 0
4 1 - 72 - 0.10197973251342773 0.2720205783843994 0 1
4 1 - 73 - 0.10301375389099121 0.27700042724609375 1 0
4 1 - 74 - 0.10699987411499023 0.2839798927307129 0 0
4 1 - 75 - 0.10300016403198242 0.27599310874938965 1 0
4 1 - 76 - 0.11201882362365723 0.30299973487854004 0 0
4 1 - 77 - 0.11402058601379395 0.2990000247955322 0 0
4 1 - 78 - 0.1029961109161377 0.27299976348876953 1 0
4 1 - 79 - 0.11300134658813477 0.2940089702606201 0 1
4 1 - 80 - 0.11300039291381836 0.3019998073577881 1 0
4 1 - 81 - 0.10799431800842285 0.2879791259765625 1 0
4 1 - 82 - 0.10199856758117676 0.27699995040893555 1 0
4 1 - 83 - 0.1100003719329834 0.28702831268310547 0 1
4 1 - 84 - 0.09799528121948242 0.2619771957397461 0 1
4 1 - 85 - 0.10901594161987305 0.28099608421325684 0 1
4 1 - 86 - 0.11899971961975098 0.3129997253417969 0 0
4 1 - 87 - 0.10902023315429688 0.2870006561279297 0 1
4 1 - 88 - 0.10702085494995117 0.28299999237060547 0 1
4 1 - 89 - 0.10199666023254395 0.2709999084472656 0 1
4 1 - 90 - 0.11300015449523926 0.3009788990020752 0 0
4 1 - 91 - 0.11399626731872559 0.29500341415405273 0 1
4 1 - 92 - 0.10798931121826172 0.2839996814727783 0 1
4 1 - 93 - 0.10798072814941406 0.28502893447875977 1 0
4 1 - 94 - 0.10197877883911133 0.27601170539855957 1 0
4 1 - 95 - 0.1100003719329834 0.2870190143585205 0 1
4 1 - 96 - 0.11300039291381836 0.30197930335998535 0 0
4 1 - 97 - 0.10301017761230469 0.27300000190734863 0 1
4 1 - 98 - 0.10099577903747559 0.2739698886871338 0 1
4 1 - 99 - 0.10802841186523438 0.2799999713897705 0 1
4 2 - 0 - 0.11199808120727539 1.1860263347625732 1 0
4 2 - 1 - 0.11802554130554199 1.089979648590088 0 1
4 2 - 2 - 0.11902594566345215 1.2589726448059082 0 0
4 2 - 3 - 0.11902880668640137 1.2110002040863037 0 0
4 2 - 4 - 0.11900043487548828 1.2190091609954834 1 0
4 2 - 5 - 0.12800192832946777 1.2129998207092285 0 0
4 2 - 6 - 0.11300945281982422 1.0570003986358643 0 1
4 2 - 7 - 0.11999988555908203 1.1990001201629639 0 0
4 2 - 8 - 0.12001991271972656 1.19100022315979 1 0
4 2 - 9 - 0.11999821662902832 1.0330166816711426 0 1
4 2 - 10 - 0.12502527236938477 1.2249791622161865 0 0
4 2 - 11 - 0.10897946357727051 1.0210106372833252 0 1
4 2 - 12 - 0.1280205249786377 1.2689998149871826 0 0
4 2 - 13 - 0.1270127296447754 1.2589993476867676 0 0
4 2 - 14 - 0.11999011039733887 1.0960197448730469 0 1
4 2 - 15 - 0.11800551414489746 1.1810190677642822 0 0
4 2 - 16 - 0.1270134449005127 1.2919790744781494 0 0
4 2 - 17 - 0.10800004005432129 1.0019757747650146 0 1
4 2 - 18 - 0.11902070045471191 1.1579997539520264 0 0
4 2 - 19 - 0.12401008605957031 1.2000000476837158 0 0
4 2 - 20 - 0.1129906177520752 1.0460093021392822 0 1
4 2 - 21 - 0.10898852348327637 1.0320215225219727 0 1
4 2 - 22 - 0.12600016593933105 1.2199997901916504 0 0
4 2 - 23 - 0.11798954010009766 1.1179895401000977 0 1
4 2 - 24 - 0.12100028991699219 1.0889973640441895 0 1
4 2 - 25 - 0.12502813339233398 1.2919905185699463 0 0
4 2 - 26 - 0.12700104713439941 1.2540168762207031 0 0
4 2 - 27 - 0.1279895305633545 1.2130203247070312 0 0
4 2 - 28 - 0.12299990653991699 1.2199795246124268 0 0
4 2 - 29 - 0.12797927856445312 1.221001148223877 0 0
4 2 - 30 - 0.12402200698852539 1.2829797267913818 0 0
4 2 - 31 - 0.12402081489562988 1.0579900741577148 0 1
4 2 - 32 - 0.1280074119567871 1.2060208320617676 0 0
4 2 - 33 - 0.11899971961975098 1.0359997749328613 0 1
4 2 - 34 - 0.12900018692016602 1.3429791927337646 0 0
4 2 - 35 - 0.11402058601379395 1.066999912261963 0 1
4 2 - 36 - 0.12999963760375977 1.2710001468658447 0 0
4 2 - 37 - 0.11899971961975098 1.0899999141693115 0 1
4 2 - 38 - 0.11801433563232422 1.2089900970458984 0 0
4 2 - 39 - 0.11198925971984863 1.1580088138580322 1 0
4 2 - 40 - 0.12999749183654785 1.0880002975463867 0 1
4 2 - 41 - 0.10699963569641113 1.0039997100830078 0 1
4 2 - 42 - 0.1179971694946289 1.0659761428833008 0 1
4 2 - 43 - 0.11400747299194336 1.1440205574035645 0 0
4 2 - 44 - 0.11902523040771484 1.1050148010253906 0 1
4 2 - 45 - 0.12497472763061523 1.2670204639434814 0 0
4 2 - 46 - 0.11902666091918945 1.1160264015197754 0 1
4 2 - 47 - 0.11902046203613281 1.188999891281128 1 0
4 2 - 48 - 0.1199796199798584 1.117999792098999 0 1
4 2 - 49 - 0.13800597190856934 1.1329941749572754 0 1
4 2 - 50 - 0.11699986457824707 1.1690001487731934 1 0
4 2 - 51 - 0.1130223274230957 1.0369901657104492 0 1
4 2 - 52 - 0.10702061653137207 1.0129997730255127 0 1
4 2 - 53 - 0.1259927749633789 1.269996166229248 0 0
4 2 - 54 - 0.10802578926086426 1.0119719505310059 0 1
4 2 - 55 - 0.1180272102355957 1.205981731414795 0 0
4 2 - 56 - 0.1289992332458496 1.251020908355713 0 0
4 2 - 57 - 0.11799263954162598 1.2070131301879883 1 0
4 2 - 58 - 0.1310107707977295 1.2860097885131836 0 0
4 2 - 59 - 0.12502527236938477 1.270000696182251 0 0
4 2 - 60 - 0.11299562454223633 1.3180105686187744 0 1
4 2 - 61 - 0.12100005149841309 1.2860209941864014 0 1
4 2 - 62 - 0.11398911476135254 1.1410210132598877 1 0
4 2 - 63 - 0.11398577690124512 1.068990707397461 0 1
4 2 - 64 - 0.11500144004821777 1.2860090732574463 0 1
4 2 - 65 - 0.11801409721374512 1.2900066375732422 0 1
4 2 - 66 - 0.13300561904907227 1.3009963035583496 0 0
4 2 - 67 - 0.11499929428100586 1.0160000324249268 0 1
4 2 - 68 - 0.11900949478149414 1.2239985466003418 1 0
4 2 - 69 - 0.13199973106384277 1.1539795398712158 0 1
4 2 - 70 - 0.1280210018157959 1.327979564666748 0 0
4 2 - 71 - 0.125990629196167 1.309009313583374 0 0
4 2 - 72 - 0.11396932601928711 1.0960206985473633 0 1
4 2 - 73 - 0.11802029609680176 1.1790006160736084 1 0
4 2 - 74 - 0.12099981307983398 1.201000452041626 0 0
4 2 - 75 - 0.11799263954162598 1.1840102672576904 1 0
4 2 - 76 - 0.12399983406066895 1.265000581741333 0 0
4 2 - 77 - 0.12999701499938965 1.220003604888916 0 0
4 2 - 78 - 0.11998939514160156 1.2040205001831055 1 0
4 2 - 79 - 0.12401723861694336 1.0969998836517334 0 1
4 2 - 80 - 0.12799978256225586 1.250000238418579 0 0
4 2 - 81 - 0.12199974060058594 1.1969821453094482 1 0
4 2 - 82 - 0.11600685119628906 1.1900010108947754 0 0
4 2 - 83 - 0.11901235580444336 1.2359998226165771 0 0
4 2 - 84 - 0.1070096492767334 1.0209765434265137 0 1
4 2 - 85 - 0.12202858924865723 1.0409998893737793 0 1
4 2 - 86 - 0.13100004196166992 1.2639999389648438 0 0
4 2 - 87 - 0.11999940872192383 1.0969798564910889 0 1
4 2 - 88 - 0.12002038955688477 1.128000259399414 0 1
4 2 - 89 - 0.11300063133239746 1.1420197486877441 0 1
4 2 - 90 - 0.125 1.2949998378753662 0 0
4 2 - 91 - 0.1250157356262207 1.130000114440918 0 1
4 2 - 92 - 0.11898565292358398 1.1439998149871826 0 1
4 2 - 93 - 0.12201786041259766 1.1999995708465576 1 0
4 2 - 94 - 0.1169884204864502 1.2090017795562744 0 0
4 2 - 95 - 0.1190187931060791 1.2269999980926514 0 0
4 2 - 96 - 0.12498807907104492 1.302015781402588 0 0
4 2 - 97 - 0.11401891708374023 1.246000051498413 0 1
4 2 - 98 - 0.11600804328918457 1.0390069484710693 0 1
4 2 - 99 - 0.11800479888916016 1.1200203895568848 0 1
4 4 - 0 - 0.1330258846282959 1.4829998016357422 1 0
4 4 - 1 - 0.1359996795654297 1.4740002155303955 0 1
4 4 - 2 - 0.14300012588500977 1.7209997177124023 0 0
4 4 - 3 - 0.14002037048339844 1.6000337600708008 0 0
4 4 - 4 - 0.14101052284240723 1.551990032196045 1 0
4 4 - 5 - 0.14402151107788086 1.7099997997283936 0 0
4 4 - 6 - 0.13100600242614746 1.3880469799041748 0 1
4 4 - 7 - 0.13803648948669434 1.6299734115600586 0 0
4 4 - 8 - 0.1399998664855957 1.5889999866485596 1 0
4 4 - 9 - 0.1380150318145752 1.5199995040893555 0 1
4 4 - 10 - 0.14602088928222656 1.6779794692993164 0 0
4 4 - 11 - 0.127000093460083 1.3540000915527344 0 1
4 4 - 12 - 0.14899873733520508 1.7399814128875732 0 0
4 4 - 13 - 0.1430206298828125 1.6989901065826416 0 0
4 4 - 14 - 0.13799715042114258 1.6559996604919434 0 1
4 4 - 15 - 0.1449735164642334 1.8582651615142822 0 0
4 4 - 16 - 0.14698243141174316 1.7166810035705566 0 0
4 4 - 17 - 0.12798595428466797 1.43599271774292 0 1
4 4 - 18 - 0.14100980758666992 1.6580002307891846 0 0
4 4 - 19 - 0.14599967002868652 1.6909816265106201 0 0
4 4 - 20 - 0.1320209503173828 1.435986042022705 0 1
4 4 - 21 - 0.12801480293273926 1.5969882011413574 0 1
4 4 - 22 - 0.14897966384887695 1.6899995803833008 0 0
4 4 - 23 - 0.1400003433227539 1.435009479522705 0 1
4 4 - 24 - 0.13798737525939941 1.5980205535888672 0 1
4 4 - 25 - 0.14499998092651367 1.63200044631958 0 0
4 4 - 26 - 0.14700984954833984 1.7650036811828613 0 0
4 4 - 27 - 0.14798569679260254 1.7380259037017822 0 0
4 4 - 28 - 0.14497852325439453 1.7070212364196777 0 0
4 4 - 29 - 0.14701509475708008 1.6189754009246826 0 0
4 4 - 30 - 0.14400410652160645 1.8200104236602783 0 0
4 4 - 31 - 0.14299988746643066 1.5700006484985352 0 1
4 4 - 32 - 0.14902853965759277 1.745999813079834 0 0
4 4 - 33 - 0.13699007034301758 1.4850099086761475 0 1
4 4 - 34 - 0.14699888229370117 1.6459758281707764 0 0
4 4 - 35 - 0.1330277919769287 1.454000473022461 0 1
4 4 - 36 - 0.15097928047180176 1.8119933605194092 0 0
4 4 - 37 - 0.1370229721069336 1.5729899406433105 0 1
4 4 - 38 - 0.13997936248779297 1.5940027236938477 0 0
4 4 - 39 - 0.13802313804626465 1.6059901714324951 1 0
4 4 - 40 - 0.1490004062652588 1.5949995517730713 0 1
4 4 - 41 - 0.12700438499450684 1.5320208072662354 0 1
4 4 - 42 - 0.13902068138122559 1.5649998188018799 0 1
4 4 - 43 - 0.1380157470703125 1.488999843597412 0 0
4 4 - 44 - 0.1400158405303955 1.4040005207061768 0 1
4 4 - 45 - 0.14399981498718262 1.686166763305664 0 0
4 4 - 46 - 0.13699960708618164 1.4640004634857178 0 1
4 4 - 47 - 0.14499950408935547 1.6019997596740723 1 0
4 4 - 48 - 0.14000964164733887 1.3939998149871826 0 1
4 4 - 49 - 0.15302109718322754 1.7541165351867676 0 1
4 4 - 50 - 0.13898992538452148 1.4990105628967285 1 0
4 4 - 51 - 0.13300013542175293 1.5250000953674316 0 1
4 4 - 52 - 0.1279892921447754 1.6100082397460938 0 1
4 4 - 53 - 0.14899969100952148 1.6779999732971191 0 0
4 4 - 54 - 0.12900447845458984 1.5590107440948486 0 1
4 4 - 55 - 0.13899612426757812 1.674020767211914 0 0
4 4 - 56 - 0.1481306552886963 1.764868974685669 0 0
4 4 - 57 - 0.1390824317932129 1.5829379558563232 1 0
4 4 - 58 - 0.1490166187286377 1.7959821224212646 0 0
4 4 - 59 - 0.14202570915222168 1.6170165538787842 0 0
4 4 - 60 - 0.1329784393310547 1.7570207118988037 0 1
4 4 - 61 - 0.13701725006103516 1.497014045715332 0 1
4 4 - 62 - 0.13400030136108398 1.6549997329711914 1 0
4 4 - 63 - 0.13300108909606934 1.400003433227539 0 1
4 4 - 64 - 0.1340041160583496 1.8550167083740234 0 1
4 4 - 65 - 0.13397932052612305 1.8870208263397217 0 1
4 4 - 66 - 0.15099811553955078 1.6469910144805908 0 0
4 4 - 67 - 0.13698983192443848 1.4630308151245117 0 1
4 4 - 68 - 0.1380000114440918 1.6470203399658203 1 0
4 4 - 69 - 0.14799952507019043 1.5529999732971191 0 1
4 4 - 70 - 0.14397931098937988 1.7660119533538818 0 0
4 4 - 71 - 0.14299988746643066 1.6600205898284912 0 0
4 4 - 72 - 0.130995512008667 1.677016019821167 0 1
4 4 - 73 - 0.13900971412658691 1.646000623703003 1 0
4 4 - 74 - 0.14400553703308105 1.7749757766723633 0 0
4 4 - 75 - 0.14202880859375 1.6240005493164062 1 0
4 4 - 76 - 0.14299702644348145 1.6600000858306885 0 0
4 4 - 77 - 0.1450202465057373 1.7389705181121826 0 0
4 4 - 78 - 0.13802504539489746 1.6469757556915283 1 0
4 4 - 79 - 0.14400053024291992 1.6159999370574951 0 1
4 4 - 80 - 0.14899659156799316 1.6710000038146973 0 0
4 4 - 81 - 0.14397978782653809 1.6930203437805176 0 0
4 4 - 82 - 0.13997578620910645 1.6110203266143799 0 0
4 4 - 83 - 0.13901472091674805 1.577979564666748 0 0
4 4 - 84 - 0.12900590896606445 1.4661035537719727 0 1
4 4 - 85 - 0.13901734352111816 1.5920000076293945 0 1
4 4 - 86 - 0.15000033378601074 1.6800096035003662 0 0
4 4 - 87 - 0.13798928260803223 1.5550203323364258 0 1
4 4 - 88 - 0.13701605796813965 1.4599790573120117 0 1
4 4 - 89 - 0.13200044631958008 1.4579997062683105 0 1
4 4 - 90 - 0.1420154571533203 1.692000150680542 0 0
4 4 - 91 - 0.14197254180908203 1.6720001697540283 0 1
4 4 - 92 - 0.14101004600524902 1.6949999332427979 0 1
4 4 - 93 - 0.15399599075317383 1.7030236721038818 1 0
4 4 - 94 - 0.14001178741455078 1.671997308731079 0 0
4 4 - 95 - 0.1430072784423828 1.5510175228118896 0 0
4 4 - 96 - 0.14901518821716309 1.6509840488433838 0 0
4 4 - 97 - 0.13602089881896973 1.8459994792938232 0 1
4 4 - 98 - 0.1320171356201172 1.5960006713867188 0 1
4 4 - 99 - 0.1399998664855957 1.5520000457763672 0 1
4 1 - 0 - 0.28301429748535156 0.2649998664855957 1 0
4 1 - 1 - 0.10901165008544922 0.10800051689147949 0 1
4 1 - 2 - 0.11100101470947266 0.10999083518981934 0 1
4 1 - 3 - 0.10801577568054199 0.10699987411499023 0 1
4 1 - 4 - 0.29201245307922363 0.27797913551330566 1 0
4 1 - 0 - 0.284991979598999 0.2660055160522461 1 0
4 1 - 1 - 0.10802316665649414 0.11197304725646973 0 1
4 1 - 2 - 0.10800433158874512 0.10900044441223145 0 1
4 1 - 3 - 0.10801267623901367 0.1090083122253418 0 1
4 1 - 4 - 0.29399681091308594 0.27899980545043945 1 0
4 1 - 5 - 0.11299681663513184 0.11500024795532227 0 1
4 1 - 6 - 0.10302090644836426 0.10200023651123047 0 1
4 1 - 7 - 0.10799455642700195 0.10700035095214844 0 1
4 1 - 8 - 0.3120248317718506 0.28800034523010254 1 0
4 1 - 9 - 0.1089787483215332 0.10902118682861328 0 1
4 1 - 10 - 0.11402010917663574 0.1120002269744873 0 1
4 1 - 11 - 0.2610208988189697 0.26000475883483887 0 1
4 1 - 12 - 0.12000250816345215 0.11901283264160156 0 1
4 1 - 13 - 0.1130211353302002 0.11599993705749512 1 0
4 1 - 14 - 0.10903048515319824 0.1069793701171875 0 1
4 1 - 15 - 0.1090078353881836 0.10802030563354492 0 1
4 1 - 16 - 0.11502647399902344 0.11500000953674316 1 0
4 1 - 17 - 0.2600255012512207 0.26200127601623535 0 1
4 1 - 18 - 0.10302543640136719 0.10199999809265137 0 1
4 1 - 19 - 0.1079862117767334 0.10900640487670898 1 0
4 1 - 20 - 0.27205610275268555 0.26995396614074707 0 1
4 1 - 21 - 0.26300573348999023 0.26302385330200195 0 1
4 1 - 22 - 0.11400580406188965 0.11402153968811035 0 1
4 1 - 23 - 0.10797905921936035 0.10802125930786133 0 1
4 1 - 24 - 0.10800361633300781 0.10702109336853027 0 1
4 1 - 25 - 0.11482739448547363 0.11301064491271973 0 1
4 1 - 26 - 0.11402606964111328 0.1139991283416748 1 0
4 1 - 27 - 0.11298394203186035 0.11503243446350098 1 0
4 1 - 28 - 0.11397886276245117 0.1130211353302002 0 1
4 1 - 29 - 0.11599898338317871 0.11400055885314941 0 1
4 1 - 30 - 0.1140139102935791 0.11600470542907715 0 1
4 1 - 31 - 0.11301016807556152 0.11400008201599121 0 1
4 1 - 32 - 0.11302423477172852 0.1149899959564209 1 0
4 1 - 33 - 0.11099576950073242 0.10702943801879883 0 1
4 1 - 34 - 0.11300301551818848 0.11602139472961426 1 0
4 1 - 35 - 0.10299873352050781 0.10102105140686035 0 1
4 1 - 36 - 0.11882209777832031 0.11997866630554199 1 0
4 1 - 37 - 0.10802555084228516 0.10799932479858398 0 1
4 1 - 38 - 0.10802578926086426 0.10799980163574219 0 1
4 1 - 39 - 0.28600001335144043 0.26199960708618164 1 0
4 1 - 40 - 0.11902332305908203 0.11897945404052734 0 1
4 1 - 41 - 0.25899648666381836 0.2589995861053467 0 1
4 1 - 42 - 0.10801100730895996 0.10799956321716309 0 1
4 1 - 43 - 0.10099601745605469 0.10298919677734375 0 1
4 1 - 44 - 0.10902142524719238 0.1089787483215332 0 1
4 1 - 45 - 0.11200928688049316 0.11400008201599121 0 1
4 1 - 46 - 0.10799980163574219 0.10797333717346191 0 1
4 1 - 47 - 0.30177927017211914 0.2779982089996338 1 0
4 1 - 48 - 0.10900259017944336 0.10699748992919922 0 1
4 1 - 49 - 0.1249990463256836 0.12400007247924805 0 1
4 1 - 50 - 0.29702091217041016 0.2749769687652588 1 0
4 1 - 51 - 0.10201287269592285 0.10198712348937988 0 1
4 1 - 52 - 0.2629878520965576 0.2649972438812256 0 1
4 1 - 53 - 0.11400055885314941 0.11401844024658203 0 1
4 1 - 54 - 0.2619812488555908 0.2610204219818115 0 1
4 1 - 55 - 0.10497593879699707 0.10308837890625 1 0
4 1 - 56 - 0.11299276351928711 0.11497855186462402 0 1
4 1 - 57 - 0.30100297927856445 0.2740168571472168 1 0
4 1 - 58 - 0.12299585342407227 0.12100768089294434 0 1
4 1 - 59 - 0.11401081085205078 0.11499929428100586 1 0
4 1 - 60 - 0.27700066566467285 0.27597880363464355 0 1
4 1 - 61 - 0.10802054405212402 0.1080012321472168 0 1
4 1 - 62 - 0.27999043464660645 0.2600095272064209 1 0
4 1 - 63 - 0.2729823589324951 0.2710001468658447 0 1
4 1 - 64 - 0.27300024032592773 0.2749977111816406 0 1
4 1 - 65 - 0.27199530601501465 0.27700018882751465 0 1
4 1 - 66 - 0.11902260780334473 0.12097716331481934 0 1
4 1 - 67 - 0.10399246215820312 0.10300540924072266 0 1
4 1 - 68 - 0.29799652099609375 0.2780001163482666 1 0
4 1 - 69 - 0.11899995803833008 0.11899924278259277 0 1
4 1 - 70 - 0.11399316787719727 0.11600089073181152 1 0
4 1 - 71 - 0.11301445960998535 0.11199951171875 0 1
4 1 - 72 - 0.10399413108825684 0.10199713706970215 0 1
4 1 - 73 - 0.29399919509887695 0.27900195121765137 1 0
4 1 - 74 - 0.10701656341552734 0.10798120498657227 0 1
4 1 - 75 - 0.2920114994049072 0.2769794464111328 1 0
4 1 - 76 - 0.11400318145751953 0.11300063133239746 0 1
4 1 - 77 - 0.11301994323730469 0.11498093605041504 0 1
4 1 - 78 - 0.2979907989501953 0.27900123596191406 1 0
4 1 - 79 - 0.11302018165588379 0.11199736595153809 0 1
4 1 - 80 - 0.1129918098449707 0.11500191688537598 1 0
4 1 - 81 - 0.10798954963684082 0.10900115966796875 1 0
4 1 - 82 - 0.10299968719482422 0.10299968719482422 1 0
4 1 - 83 - 0.10899901390075684 0.10902953147888184 0 1
4 1 - 84 - 0.25998759269714355 0.2620201110839844 0 1
4 1 - 85 - 0.11001157760620117 0.10798144340515137 0 1
4 1 - 86 - 0.11900877952575684 0.11799955368041992 0 1
4 1 - 87 - 0.2868325710296631 0.2829709053039551 0 1
4 1 - 88 - 0.11100363731384277 0.10799646377563477 0 1
4 1 - 89 - 0.10199475288391113 0.10300183296203613 0 1
4 1 - 90 - 0.1130213737487793 0.1119990348815918 0 1
4 1 - 91 - 0.11398077011108398 0.11400890350341797 0 1
4 1 - 92 - 0.10899829864501953 0.10800027847290039 0 1
4 1 - 93 - 0.31099963188171387 0.28699803352355957 1 0
4 1 - 94 - 0.1020195484161377 0.10397982597351074 1 0
4 1 - 95 - 0.10800480842590332 0.10700774192810059 0 1
4 1 - 96 - 0.11298108100891113 0.1120002269744873 0 1
4 1 - 97 - 0.2720015048980713 0.27699828147888184 0 1
4 1 - 98 - 0.2709994316101074 0.27100181579589844 0 1
4 1 - 99 - 0.11000204086303711 0.10700154304504395 0 1
4 2 - 0 - 1.3730041980743408 1.1999964714050293 1 0
4 2 - 1 - 0.6590275764465332 0.6449728012084961 0 1
4 2 - 2 - 0.6550288200378418 0.6999719142913818 0 0
4 2 - 3 - 0.6630024909973145 0.675999641418457 0 0
4 2 - 4 - 1.4910016059875488 1.1930012702941895 1 0
4 2 - 5 - 0.3359990119934082 0.3459970951080322 0 0
4 2 - 6 - 0.6259973049163818 0.6370012760162354 0 1
4 2 - 7 - 0.6970193386077881 0.6959829330444336 0 0
4 2 - 8 - 1.5100038051605225 1.2829992771148682 1 0
4 2 - 9 - 0.6505372524261475 0.6389989852905273 0 1
4 2 - 10 - 0.6819920539855957 0.7040283679962158 0 0
4 2 - 11 - 1.045990228652954 1.0229911804199219 0 1
4 2 - 12 - 0.3599996566772461 0.3640003204345703 0 0
4 2 - 13 - 0.3600292205810547 0.3489716053009033 0 0
4 2 - 14 - 0.6560003757476807 0.6500003337860107 0 1
4 2 - 15 - 0.6760010719299316 0.6820113658905029 0 0
4 2 - 16 - 0.3450188636779785 0.3449892997741699 0 0
4 2 - 17 - 1.074993371963501 1.1160144805908203 0 1
4 2 - 18 - 0.6519811153411865 0.6860027313232422 0 0
4 2 - 19 - 0.7239964008331299 0.7101154327392578 0 0
4 2 - 20 - 1.1333203315734863 1.031529188156128 0 1
4 2 - 21 - 1.0890309810638428 1.0165467262268066 0 1
4 2 - 22 - 0.33876681327819824 0.3559408187866211 0 0
4 2 - 23 - 0.681607723236084 0.6752171516418457 0 1
4 2 - 24 - 0.6581251621246338 0.6426131725311279 0 1
4 2 - 25 - 0.6809990406036377 0.7609982490539551 0 0
4 2 - 26 - 0.733999490737915 0.7569930553436279 0 0
4 2 - 27 - 0.3760242462158203 0.35497283935546875 0 0
4 2 - 28 - 0.6960101127624512 0.7119925022125244 0 0
4 2 - 29 - 0.3690001964569092 0.3450016975402832 0 0
4 2 - 30 - 0.3529984951019287 0.34800195693969727 0 0
4 2 - 31 - 0.34630656242370605 0.33501100540161133 0 1
4 2 - 32 - 0.33800339698791504 0.3560166358947754 0 0
4 2 - 33 - 0.6699934005737305 0.6340153217315674 0 1
4 2 - 34 - 0.6970036029815674 0.7089974880218506 0 0
4 2 - 35 - 0.6300013065338135 0.6089982986450195 0 1
4 2 - 36 - 0.3470027446746826 0.3549962043762207 0 0
4 2 - 37 - 0.6482276916503906 0.666001558303833 0 1
4 2 - 38 - 0.6580004692077637 0.705998420715332 0 0
4 2 - 39 - 1.4090275764465332 1.1159813404083252 1 0
4 2 - 40 - 0.3459947109222412 0.3560163974761963 0 1
4 2 - 41 - 1.105980396270752 1.0469999313354492 0 1
4 2 - 42 - 0.6610000133514404 0.6610004901885986 0 1
4 2 - 43 - 0.6329998970031738 0.7010078430175781 0 0
4 2 - 44 - 0.6609716415405273 0.6360037326812744 0 1
4 2 - 45 - 0.3360011577606201 0.34799957275390625 0 0
4 2 - 46 - 0.6670017242431641 0.668006420135498 0 1
4 2 - 47 - 1.4949936866760254 1.1589980125427246 1 0
4 2 - 48 - 0.6420185565948486 0.62998366355896 0 1
4 2 - 49 - 0.1340184211730957 0.1370081901550293 0 1
4 2 - 50 - 1.491976022720337 1.272012710571289 1 0
4 2 - 51 - 0.6490099430084229 0.6409735679626465 0 1
4 2 - 52 - 1.1349985599517822 1.0149993896484375 0 1
4 2 - 53 - 0.33700084686279297 0.35199999809265137 0 0
4 2 - 54 - 1.0530016422271729 1.0810012817382812 0 1
4 2 - 55 - 0.7090020179748535 0.665003776550293 0 0
4 2 - 56 - 0.3359982967376709 0.35002756118774414 0 0
4 2 - 57 - 1.5869991779327393 1.17100191116333 1 0
4 2 - 58 - 0.348020076751709 0.3639805316925049 0 0
4 2 - 59 - 0.689002513885498 0.6979959011077881 0 0
4 2 - 60 - 1.1019995212554932 1.3210034370422363 0 1
4 2 - 61 - 0.6550018787384033 0.6460261344909668 0 1
4 2 - 62 - 1.3760123252868652 1.171980857849121 1 0
4 2 - 63 - 1.1090023517608643 1.0249996185302734 0 1
4 2 - 64 - 1.1250009536743164 1.3160006999969482 0 1
4 2 - 65 - 1.1490020751953125 1.2670056819915771 0 1
4 2 - 66 - 0.3490102291107178 0.35897111892700195 0 0
4 2 - 67 - 0.6539998054504395 0.6380014419555664 0 1
4 2 - 68 - 1.430999994277954 1.2070002555847168 1 0
4 2 - 69 - 0.35599684715270996 0.3500039577484131 0 1
4 2 - 70 - 0.3540029525756836 0.35399651527404785 0 0
4 2 - 71 - 0.3370015621185303 0.3470015525817871 0 0
4 2 - 72 - 0.6390097141265869 0.6119914054870605 0 1
4 2 - 73 - 1.511000156402588 1.1959991455078125 1 0
4 2 - 74 - 0.6719996929168701 0.6950006484985352 0 0
4 2 - 75 - 1.632028579711914 1.1419711112976074 1 0
4 2 - 76 - 0.3370029926300049 0.34401917457580566 0 0
4 2 - 77 - 0.3369944095611572 0.352994441986084 0 0
4 2 - 78 - 1.4369947910308838 1.1250085830688477 1 0
4 2 - 79 - 0.3380544185638428 0.3339836597442627 0 1
4 2 - 80 - 0.3585631847381592 0.3459935188293457 0 0
4 2 - 81 - 0.7529926300048828 0.6599993705749512 0 0
4 2 - 82 - 0.6870009899139404 0.6990022659301758 0 0
4 2 - 83 - 0.677997350692749 0.7110011577606201 0 0
4 2 - 84 - 1.042999505996704 1.0369994640350342 0 1
4 2 - 85 - 0.6600005626678467 0.6830203533172607 0 1
4 2 - 86 - 0.35198354721069336 0.36099791526794434 0 0
4 2 - 87 - 1.1029984951019287 1.3269989490509033 0 1
4 2 - 88 - 0.6710000038146973 0.6529996395111084 0 1
4 2 - 89 - 0.6410024166107178 0.6289997100830078 0 1
4 2 - 90 - 0.7229998111724854 0.75 0 0
4 2 - 91 - 0.6730024814605713 0.6509978771209717 0 1
4 2 - 92 - 0.6639995574951172 0.6670079231262207 0 1
4 2 - 93 - 1.6019799709320068 1.2529923915863037 1 0
4 2 - 94 - 0.7150006294250488 0.6900005340576172 0 0
4 2 - 95 - 0.6540017127990723 0.7030186653137207 0 0
4 2 - 96 - 0.7659816741943359 0.7070021629333496 0 0
4 2 - 97 - 1.077030897140503 1.2759721279144287 0 1
4 2 - 98 - 1.1089990139007568 1.0130031108856201 0 1
4 2 - 99 - 0.6540286540985107 0.6849715709686279 0 1
4 4 - 0 - 1.8880081176757812 1.5980119705200195 1 0
4 4 - 1 - 0.8435001373291016 0.9160008430480957 0 1
4 4 - 2 - 0.8330204486846924 0.9179999828338623 0 0
4 4 - 3 - 0.8439822196960449 0.9070003032684326 0 0
4 4 - 4 - 1.9539999961853027 1.5729999542236328 1 0
4 4 - 5 - 0.4310011863708496 0.4219992160797119 0 0
4 4 - 6 - 0.8319923877716064 0.8410012722015381 0 1
4 4 - 7 - 0.8670217990875244 0.8879802227020264 0 0
4 4 - 8 - 1.9010019302368164 1.6290032863616943 1 0
4 4 - 9 - 0.8450026512145996 0.8629963397979736 0 1
4 4 - 10 - 0.846001148223877 0.9110004901885986 0 0
4 4 - 11 - 1.387000560760498 1.3389997482299805 0 1
4 4 - 12 - 0.45999932289123535 0.4420011043548584 0 0
4 4 - 13 - 0.44800877571105957 0.42699241638183594 0 0
4 4 - 14 - 0.8520007133483887 0.9420726299285889 0 1
4 4 - 15 - 0.8810222148895264 0.875 0 0
4 4 - 16 - 0.42798709869384766 0.4210209846496582 0 0
4 4 - 17 - 1.4170002937316895 1.4249751567840576 0 1
4 4 - 18 - 0.9180030822753906 0.9210178852081299 0 0
4 4 - 19 - 0.8510138988494873 0.89801025390625 0 0
4 4 - 20 - 1.4950010776519775 1.546020746231079 0 1
4 4 - 21 - 1.4489870071411133 1.6020102500915527 0 1
4 4 - 22 - 0.4340033531188965 0.4270210266113281 0 0
4 4 - 23 - 0.8360154628753662 0.8289740085601807 0 1
4 4 - 24 - 0.8389914035797119 0.8620083332061768 0 1
4 4 - 25 - 0.9019966125488281 0.9289851188659668 0 0
4 4 - 26 - 0.860008955001831 0.8980028629302979 0 0
4 4 - 27 - 0.44299960136413574 0.42599987983703613 0 0
4 4 - 28 - 0.8580210208892822 0.9349794387817383 0 0
4 4 - 29 - 0.45699381828308105 0.42699456214904785 0 0
4 4 - 30 - 0.4169783592224121 0.4250211715698242 0 0
4 4 - 31 - 0.4149901866912842 0.42298388481140137 0 1
4 4 - 32 - 0.4440290927886963 0.43100976943969727 0 0
4 4 - 33 - 0.8589878082275391 0.9030036926269531 0 1
4 4 - 34 - 0.8810241222381592 0.8869788646697998 0 0
4 4 - 35 - 0.8179998397827148 0.8239991664886475 0 1
4 4 - 36 - 0.4338834285736084 0.43699026107788086 0 0
4 4 - 37 - 0.8630197048187256 0.8779997825622559 0 1
4 4 - 38 - 0.9189858436584473 0.9150004386901855 0 0
4 4 - 39 - 1.8920207023620605 1.5109999179840088 1 0
4 4 - 40 - 0.4270000457763672 0.42902135848999023 0 1
4 4 - 41 - 1.4129717350006104 1.300027847290039 0 1
4 4 - 42 - 0.844001054763794 0.8660163879394531 0 1
4 4 - 43 - 0.8760080337524414 0.8749785423278809 0 0
4 4 - 44 - 0.850977897644043 0.8080301284790039 0 1
4 4 - 45 - 0.44702696800231934 0.4270033836364746 0 0
4 4 - 46 - 0.8610024452209473 0.9250049591064453 0 1
4 4 - 47 - 1.9949798583984375 1.5860204696655273 1 0
4 4 - 48 - 0.8359766006469727 0.8950202465057373 0 1
4 4 - 49 - 0.1560044288635254 0.15302133560180664 0 1
4 4 - 50 - 2.1880099773406982 1.5359995365142822 1 0
4 4 - 51 - 0.8290057182312012 0.8739914894104004 0 1
4 4 - 52 - 1.4239981174468994 1.4599790573120117 0 1
4 4 - 53 - 0.4329948425292969 0.4380002021789551 0 0
4 4 - 54 - 1.343017816543579 1.3649892807006836 0 1
4 4 - 55 - 0.8789999485015869 0.8910000324249268 0 0
4 4 - 56 - 0.45101213455200195 0.42398810386657715 0 0
4 4 - 57 - 1.9730000495910645 1.6350209712982178 1 0
4 4 - 58 - 0.42198920249938965 0.43900108337402344 0 0
4 4 - 59 - 0.9220044612884521 0.942995548248291 0 0
4 4 - 60 - 1.4530231952667236 1.7039999961853027 0 1
4 4 - 61 - 0.8509893417358398 0.867992639541626 0 1
4 4 - 62 - 1.8050274848937988 1.6189899444580078 1 0
4 4 - 63 - 1.4090197086334229 1.4499998092651367 0 1
4 4 - 64 - 1.4480280876159668 1.7830195426940918 0 1
4 4 - 65 - 1.4859957695007324 1.843533992767334 0 1
4 4 - 66 - 0.4330141544342041 0.44401097297668457 0 0
4 4 - 67 - 0.8310041427612305 0.9410073757171631 0 1
4 4 - 68 - 1.9300205707550049 1.623000144958496 1 0
4 4 - 69 - 0.4280130863189697 0.432999849319458 0 1
4 4 - 70 - 0.43500661849975586 0.42501044273376465 0 0
4 4 - 71 - 0.4250221252441406 0.43199992179870605 0 0
4 4 - 72 - 0.8149993419647217 0.8609793186187744 0 1
4 4 - 73 - 1.8529741764068604 1.637005090713501 1 0
4 4 - 74 - 0.906013011932373 0.8949875831604004 0 0
4 4 - 75 - 1.9630277156829834 1.5699710845947266 1 0
4 4 - 76 - 0.41799449920654297 0.42502713203430176 0 0
4 4 - 77 - 0.40702056884765625 0.42399048805236816 0 0
4 4 - 78 - 1.9790089130401611 1.5059998035430908 1 0
4 4 - 79 - 0.41100049018859863 0.4139997959136963 0 1
4 4 - 80 - 0.446000337600708 0.4269900321960449 0 0
4 4 - 81 - 0.840975284576416 0.9070003032684326 0 0
4 4 - 82 - 0.8649990558624268 0.9000005722045898 0 0
4 4 - 83 - 0.8389894962310791 0.8780105113983154 0 0
4 4 - 84 - 1.3959903717041016 1.5010192394256592 0 1
4 4 - 85 - 0.8176679611206055 0.8470003604888916 0 1
4 4 - 86 - 0.428020715713501 0.4349796772003174 0 0
4 4 - 87 - 1.4820060729980469 1.6979999542236328 0 1
4 4 - 88 - 0.8390135765075684 0.8819999694824219 0 1
4 4 - 89 - 0.8209998607635498 0.9220101833343506 0 1
4 4 - 90 - 0.8619744777679443 0.9139893054962158 0 0
4 4 - 91 - 0.8550097942352295 0.877000093460083 0 1
4 4 - 92 - 0.8439998626708984 0.7950108051300049 0 1
4 4 - 93 - 2.0200209617614746 1.6349999904632568 1 0
4 4 - 94 - 0.8710188865661621 0.8749995231628418 0 0
4 4 - 95 - 0.8729898929595947 0.8849990367889404 0 0
4 4 - 96 - 0.8749969005584717 0.9089891910552979 0 0
4 4 - 97 - 1.4709889888763428 1.7890214920043945 0 1
4 4 - 98 - 1.4659883975982666 1.4730207920074463 0 1
4 4 - 99 - 0.836003303527832 0.813021183013916 0 1
8 1 - 0 - 0.29099559783935547 0.29200005531311035 0 1
8 1 - 1 - 0.2940208911895752 0.2929999828338623 0 1
8 1 - 2 - 0.31302595138549805 0.31200432777404785 0 1
8 1 - 3 - 0.3050196170806885 0.3049893379211426 0 1
8 1 - 4 - 0.27191710472106934 0.2720000743865967 1 0
8 1 - 5 - 0.2610204219818115 0.25998997688293457 0 1
8 1 - 6 - 0.31697750091552734 0.313021183013916 0 1
8 1 - 7 - 0.2790100574493408 0.28199076652526855 0 1
8 1 - 8 - 0.27001047134399414 0.2719993591308594 0 1
8 1 - 9 - 0.28202390670776367 0.2810037136077881 0 1
8 1 - 10 - 0.3010108470916748 0.30299973487854004 0 1
8 1 - 11 - 0.2839822769165039 0.2840282917022705 0 1
8 1 - 12 - 0.31386351585388184 0.311978816986084 0 1
8 1 - 13 - 0.33502840995788574 0.33300018310546875 0 1
8 1 - 14 - 0.3020150661468506 0.3020000457763672 0 1
8 1 - 15 - 0.31301021575927734 0.3149716854095459 0 1
8 1 - 16 - 0.2940175533294678 0.2920098304748535 0 1
8 1 - 17 - 0.31300997734069824 0.31297874450683594 0 1
8 1 - 18 - 0.30201029777526855 0.3020000457763672 0 1
8 1 - 19 - 0.27997899055480957 0.2810208797454834 0 1
8 1 - 20 - 0.3159983158111572 0.31701016426086426 0 1
8 1 - 21 - 0.2839951515197754 0.2790212631225586 0 1
8 1 - 22 - 0.3130207061767578 0.31299924850463867 0 1
8 1 - 23 - 0.31299853324890137 0.3119792938232422 0 1
8 1 - 24 - 0.28102707862854004 0.28300023078918457 1 0
8 1 - 25 - 0.3149993419647217 0.312000036239624 0 1
8 1 - 26 - 0.3129889965057373 0.31899404525756836 0 1
8 1 - 27 - 0.3130207061767578 0.312999963760376 0 1
8 1 - 28 - 0.31299614906311035 0.3169999122619629 0 1
8 1 - 29 - 0.30300378799438477 0.3010213375091553 0 1
8 1 - 30 - 0.32298779487609863 0.32302069664001465 0 1
8 1 - 31 - 0.3240082263946533 0.32599973678588867 1 0
8 1 - 32 - 0.2799971103668213 0.2819786071777344 0 1
8 1 - 33 - 0.2919790744781494 0.29102110862731934 0 1
8 1 - 34 - 0.3020167350769043 0.30197906494140625 0 1
8 1 - 35 - 0.2719905376434326 0.27200913429260254 0 1
8 1 - 36 - 0.3130218982696533 0.3119962215423584 0 1
8 1 - 37 - 0.29100871086120605 0.29200029373168945 0 1
8 1 - 38 - 0.312999963760376 0.3129997253417969 0 1
8 1 - 39 - 0.33501553535461426 0.33300018310546875 0 1
8 1 - 40 - 0.2810206413269043 0.27997875213623047 0 1
8 1 - 41 - 0.27000975608825684 0.26997852325439453 0 1
8 1 - 42 - 0.2920095920562744 0.2930002212524414 0 1
8 1 - 43 - 0.335024356842041 0.3349792957305908 0 1
8 1 - 44 - 0.30201005935668945 0.3020000457763672 0 1
8 1 - 45 - 0.29201507568359375 0.29200005531311035 0 1
8 1 - 46 - 0.3440206050872803 0.34497952461242676 0 1
8 1 - 47 - 0.28302621841430664 0.280989408493042 0 1
8 1 - 48 - 0.29301953315734863 0.29097843170166016 0 1
8 1 - 49 - 0.29298901557922363 0.2920210361480713 1 0
8 1 - 50 - 0.3350179195404053 0.33300065994262695 0 1
8 1 - 51 - 0.32401418685913086 0.3230106830596924 0 1
8 1 - 52 - 0.3529937267303467 0.34802722930908203 0 1
8 1 - 53 - 0.32402539253234863 0.32200026512145996 0 1
8 1 - 54 - 0.30399370193481445 0.29601025581359863 0 1
8 1 - 55 - 0.29201817512512207 0.29099154472351074 0 1
8 1 - 56 - 0.2910280227661133 0.2910001277923584 0 1
8 1 - 57 - 0.3239912986755371 0.32301902770996094 0 1
8 1 - 58 - 0.323988676071167 0.32302117347717285 0 1
8 1 - 59 - 0.3119995594024658 0.3129920959472656 0 1
8 1 - 60 - 0.3339998722076416 0.3339998722076416 0 1
8 1 - 61 - 0.31400036811828613 0.3119993209838867 0 1
8 1 - 62 - 0.2920105457305908 0.28999996185302734 0 1
8 1 - 63 - 0.30198001861572266 0.30201029777526855 0 1
8 1 - 64 - 0.33499646186828613 0.33300018310546875 0 1
8 1 - 65 - 0.3149998188018799 0.312999963760376 0 1
8 1 - 66 - 0.29201292991638184 0.2909996509552002 0 1
8 1 - 67 - 0.33501172065734863 0.33400917053222656 0 1
8 1 - 68 - 0.3150162696838379 0.31399011611938477 0 1
8 1 - 69 - 0.3140089511871338 0.31500864028930664 0 1
8 1 - 70 - 0.3029916286468506 0.3070082664489746 0 1
8 1 - 71 - 0.315997838973999 0.3119988441467285 0 1
8 1 - 72 - 0.3120274543762207 0.3119997978210449 0 1
8 1 - 73 - 0.3239917755126953 0.32302021980285645 0 1
8 1 - 74 - 0.28102564811706543 0.2809906005859375 0 1
8 1 - 75 - 0.30200958251953125 0.3059999942779541 0 1
8 1 - 76 - 0.32401609420776367 0.32300519943237305 0 1
8 1 - 77 - 0.3239936828613281 0.32302117347717285 0 1
8 1 - 78 - 0.2910161018371582 0.29101037979125977 0 1
8 1 - 79 - 0.2599904537200928 0.2590198516845703 0 1
8 1 - 80 - 0.3470027446746826 0.3489949703216553 0 1
8 1 - 81 - 0.3069899082183838 0.30499863624572754 0 1
8 1 - 82 - 0.2830231189727783 0.28100013732910156 1 0
8 1 - 83 - 0.2910182476043701 0.293989896774292 1 0
8 1 - 84 - 0.29200005531311035 0.2900104522705078 0 1
8 1 - 85 - 0.3129751682281494 0.31300973892211914 0 1
8 1 - 86 - 0.3030107021331787 0.3019998073577881 0 1
8 1 - 87 - 0.29400110244750977 0.29497432708740234 0 1
8 1 - 88 - 0.30302858352661133 0.30100035667419434 0 1
8 1 - 89 - 0.3140108585357666 0.31198930740356445 0 1
8 1 - 90 - 0.323000431060791 0.3229997158050537 0 1
8 1 - 91 - 0.2920246124267578 0.29197263717651367 0 1
8 1 - 92 - 0.3140106201171875 0.3119995594024658 0 1
8 1 - 93 - 0.2720212936401367 0.26999998092651367 0 1
8 1 - 94 - 0.32399988174438477 0.3260002136230469 0 1
8 1 - 95 - 0.3239889144897461 0.32302093505859375 0 1
8 1 - 96 - 0.28336644172668457 0.28100085258483887 0 1
8 1 - 97 - 0.30300211906433105 0.3040015697479248 0 1
8 1 - 98 - 0.3240032196044922 0.32700181007385254 0 1
8 1 - 99 - 0.302992582321167 0.3040003776550293 0 1
8 2 - 0 - 1.0320031642913818 1.0430164337158203 0 0
8 2 - 1 - 0.3329944610595703 0.31599998474121094 0 1
8 2 - 2 - 0.3429999351501465 0.3490028381347656 0 0
8 2 - 3 - 0.3280031681060791 0.326995849609375 0 1
8 2 - 4 - 0.9469974040985107 0.9710006713867188 0 0
8 2 - 5 - 2.019001007080078 2.2315430641174316 0 0
8 2 - 6 - 1.0280005931854248 1.005002498626709 0 1
8 2 - 7 - 0.9670009613037109 0.9240012168884277 0 1
8 2 - 8 - 2.022008180618286 2.3880202770233154 0 1
8 2 - 9 - 0.9689724445343018 0.9319994449615479 0 1
8 2 - 10 - 0.32900071144104004 0.32799792289733887 0 1
8 2 - 11 - 0.9730019569396973 0.9409992694854736 0 1
8 2 - 12 - 0.34000158309936523 0.34199953079223633 0 0
8 2 - 13 - 0.3610081672668457 0.3699936866760254 0 0
8 2 - 14 - 0.3280019760131836 0.32599902153015137 0 1
8 2 - 15 - 0.3410000801086426 0.34800076484680176 0 0
8 2 - 16 - 0.9900016784667969 0.9789993762969971 0 1
8 2 - 17 - 0.3430016040802002 0.34599781036376953 0 0
8 2 - 18 - 1.0299971103668213 1.0010228157043457 0 1
8 2 - 19 - 0.9729816913604736 1.014007568359375 0 0
8 2 - 20 - 0.33599162101745605 0.34200024604797363 0 1
8 2 - 21 - 0.9585347175598145 0.9359996318817139 0 1
8 2 - 22 - 0.3610045909881592 0.34502577781677246 0 0
8 2 - 23 - 0.33797216415405273 0.34001970291137695 0 0
8 2 - 24 - 0.9479801654815674 1.0099999904632568 0 0
8 2 - 25 - 0.34000086784362793 0.3460197448730469 0 0
8 2 - 26 - 0.3539876937866211 0.3420143127441406 0 0
8 2 - 27 - 0.3390204906463623 0.34098005294799805 0 1
8 2 - 28 - 1.0280017852783203 1.0820271968841553 0 0
8 2 - 29 - 2.2279739379882812 2.4810261726379395 0 1
8 2 - 30 - 0.35202479362487793 0.35297727584838867 0 0
8 2 - 31 - 0.3500020503997803 0.3529987335205078 0 0
8 2 - 32 - 2.0840225219726562 2.2760002613067627 0 1
8 2 - 33 - 2.104011297225952 2.5999886989593506 0 1
8 2 - 34 - 0.3319966793060303 0.33800172805786133 0 0
8 2 - 35 - 2.0529987812042236 1.905001163482666 0 1
8 2 - 36 - 0.33902931213378906 0.33997225761413574 0 1
8 2 - 37 - 0.3170003890991211 0.3209996223449707 0 1
8 2 - 38 - 0.3410017490386963 0.3419976234436035 0 1
8 2 - 39 - 0.36299991607666016 0.3660004138946533 0 0
8 2 - 40 - 0.9670002460479736 0.9550027847290039 0 1
8 2 - 41 - 2.0780019760131836 2.525507926940918 0 1
8 2 - 42 - 0.3259999752044678 0.32900285720825195 0 0
8 2 - 43 - 0.36699891090393066 0.36299920082092285 0 1
8 2 - 44 - 0.3330209255218506 0.3369789123535156 0 0
8 2 - 45 - 0.3180105686187744 0.3199880123138428 0 1
8 2 - 46 - 0.37099647521972656 0.37200069427490234 0 1
8 2 - 47 - 2.0740017890930176 1.9400267601013184 0 1
8 2 - 48 - 0.31997132301330566 0.3189992904663086 0 1
8 2 - 49 - 0.9930007457733154 1.035998821258545 0 0
8 2 - 50 - 0.3599982261657715 0.36100196838378906 0 1
8 2 - 51 - 0.35100364685058594 0.3560051918029785 0 0
8 2 - 52 - 0.37998056411743164 0.37399911880493164 0 0
8 2 - 53 - 0.35003042221069336 0.35297179222106934 0 1
8 2 - 54 - 0.3169994354248047 0.3229990005493164 0 1
8 2 - 55 - 0.9950306415557861 0.9549715518951416 0 1
8 2 - 56 - 2.157021999359131 2.414979934692383 0 1
8 2 - 57 - 0.35100317001342773 0.35301733016967773 0 0
8 2 - 58 - 0.3489797115325928 0.350999116897583 0 1
8 2 - 59 - 0.33899664878845215 0.34102678298950195 0 1
8 2 - 60 - 0.35897183418273926 0.36099672317504883 0 1
8 2 - 61 - 0.3459961414337158 0.34399938583374023 0 0
8 2 - 62 - 0.32100582122802734 0.32399415969848633 0 0
8 2 - 63 - 0.3370194435119629 0.3309814929962158 0 0
8 2 - 64 - 0.36100101470947266 0.3699989318847656 0 0
8 2 - 65 - 0.33799242973327637 0.34600138664245605 0 0
8 2 - 66 - 0.31799936294555664 0.3190004825592041 0 1
8 2 - 67 - 0.37400221824645996 0.3639967441558838 0 1
8 2 - 68 - 0.3380002975463867 0.33899807929992676 0 1
8 2 - 69 - 0.33699965476989746 0.3399989604949951 0 1
8 2 - 70 - 0.3379974365234375 0.3320283889770508 0 0
8 2 - 71 - 0.33897924423217773 0.34600067138671875 0 0
8 2 - 72 - 0.34000062942504883 0.33899903297424316 0 1
8 2 - 73 - 0.3550291061401367 0.35297155380249023 0 1
8 2 - 74 - 2.201998472213745 2.32100510597229 0 0
8 2 - 75 - 1.0130019187927246 1.0089983940124512 0 1
8 2 - 76 - 0.34800004959106445 0.35700178146362305 0 0
8 2 - 77 - 0.35100293159484863 0.3540177345275879 0 0
8 2 - 78 - 2.1619796752929688 2.513005495071411 0 0
8 2 - 79 - 2.0859949588775635 2.565000295639038 0 1
8 2 - 80 - 0.38300228118896484 0.3769989013671875 0 1
8 2 - 81 - 0.3360013961791992 0.3350028991699219 0 0
8 2 - 82 - 0.9630060195922852 1.0149893760681152 0 0
8 2 - 83 - 0.32000136375427246 0.32300901412963867 0 0
8 2 - 84 - 0.9959797859191895 1.0520012378692627 0 0
8 2 - 85 - 0.34200167655944824 0.3379979133605957 0 1
8 2 - 86 - 0.3280041217803955 0.33399343490600586 0 1
8 2 - 87 - 0.32799458503723145 0.3210010528564453 0 0
8 2 - 88 - 0.3280007839202881 0.33299970626831055 0 0
8 2 - 89 - 0.33900022506713867 0.34200167655944824 0 1
8 2 - 90 - 0.35599851608276367 0.3580207824707031 0 0
8 2 - 91 - 0.9980008602142334 1.0640008449554443 0 0
8 2 - 92 - 0.33700084686279297 0.34098100662231445 0 1
8 2 - 93 - 2.038008451461792 1.9612979888916016 0 1
8 2 - 94 - 0.3489995002746582 0.35000038146972656 0 0
8 2 - 95 - 0.35098814964294434 0.3540008068084717 0 0
8 2 - 96 - 0.9740121364593506 0.9950006008148193 0 0
8 2 - 97 - 1.0210106372833252 1.0820000171661377 0 0
8 2 - 98 - 0.3499889373779297 0.35001039505004883 0 0
8 2 - 99 - 1.0070011615753174 0.9790024757385254 0 1
8 4 - 0 - 26.04061484336853 42.68183255195618 0 0
8 4 - 1 - 12.604935646057129 6.677557945251465 0 1
8 4 - 2 - 6.711004018783569 9.017559051513672 0 0
8 4 - 3 - 15.018006563186646 8.63948130607605 0 1
8 4 - 4 - 26.240061283111572 45.690410137176514 0 0
8 4 - 5 - 58.89851927757263 75.10775637626648 0 0
8 4 - 6 - 27.080179929733276 15.526776313781738 0 1
8 4 - 7 - 23.75101137161255 19.49603843688965 0 1
4 1 - 2 - 0.12099528312683105 0.11600089073181152 0 1
4 1 - 3 - 0.11102509498596191 0.11297488212585449 0 1
4 1 - 2 - 0.11201143264770508 0.10400032997131348 1 0
4 1 - 3 - 0.1030120849609375 0.10499858856201172 1 0
4 1 - 4 - 0.1029961109161377 0.10502099990844727 1 0
4 1 - 5 - 0.10300159454345703 0.10301685333251953 1 0
4 1 - 6 - 0.10201168060302734 0.10498905181884766 1 0
4 1 - 7 - 0.10297894477844238 0.10500049591064453 1 0
4 1 - 0 - 3.7512142658233643 0.1049814224243164 0 0
4 1 - 0 - 2.930854558944702 0.27502918243408203 0 0
4 1 - 1 - 0.28601503372192383 0.2759721279144287 0 0
4 1 - 0 - 0.3090026378631592 0.2830066680908203 1 0
4 1 - 1 - 0.30799365043640137 0.2890002727508545 1 0
4 1 - 2 - 0.3000199794769287 0.27500033378601074 1 0
4 1 - 3 - 0.3069934844970703 0.2800109386444092 1 0
4 1 - 0 - 0.5729997158050537 0.27797961235046387 0 0
4 1 - 1 - 0.5870158672332764 0.27900075912475586 0 0
