8 2 - 0 - 1.2950232028961182 1.2719943523406982 0 1
8 2 - 1 - 1.2520008087158203 1.2599971294403076 0 1
8 2 - 2 - 1.3650233745574951 1.3729968070983887 0 1
8 2 - 3 - 1.3269734382629395 1.299997091293335 0 1
8 2 - 4 - 1.2130253314971924 1.1869783401489258 0 0
8 2 - 5 - 1.1539983749389648 1.1530086994171143 0 1
8 2 - 6 - 1.3490195274353027 1.329996109008789 0 1
8 2 - 7 - 1.2310066223144531 1.1960108280181885 0 1
8 2 - 8 - 1.1800134181976318 1.1929972171783447 0 1
8 2 - 9 - 1.2209956645965576 1.2029943466186523 0 1
8 2 - 10 - 1.335005521774292 1.3089890480041504 0 1
8 2 - 11 - 1.245049238204956 1.2012073993682861 0 1
8 2 - 12 - 1.3460233211517334 1.3669884204864502 0 0
8 2 - 13 - 1.4869945049285889 1.5109977722167969 0 0
8 2 - 14 - 1.3305635452270508 1.3169684410095215 0 1
8 2 - 15 - 1.3870067596435547 1.387014627456665 0 0
8 2 - 16 - 1.2639744281768799 1.2350115776062012 0 1
8 2 - 17 - 1.3812737464904785 1.397998332977295 0 1
8 2 - 18 - 1.330017328262329 1.3119971752166748 0 1
8 2 - 19 - 1.2210173606872559 1.2379765510559082 0 0
8 2 - 20 - 1.3490056991577148 1.3759980201721191 0 1
8 2 - 21 - 1.2079963684082031 1.2130165100097656 0 1
8 2 - 22 - 1.3611743450164795 1.3727116584777832 0 0
8 2 - 23 - 1.3912904262542725 1.3839974403381348 0 0
8 2 - 24 - 1.2289960384368896 1.241004228591919 0 0
8 2 - 25 - 1.3809921741485596 1.3859989643096924 0 0
8 2 - 26 - 1.3605577945709229 1.3759829998016357 0 0
8 2 - 27 - 1.353008508682251 1.354008674621582 0 1
8 2 - 28 - 1.3799707889556885 1.38201904296875 0 0
8 2 - 29 - 1.3100025653839111 1.346998691558838 0 1
8 2 - 30 - 1.4300053119659424 1.4389967918395996 0 0
8 2 - 31 - 1.4500274658203125 1.434999704360962 0 0
8 2 - 32 - 1.2060127258300781 1.2619798183441162 0 1
8 2 - 33 - 1.2790191173553467 1.3219795227050781 0 1
8 2 - 34 - 1.336019515991211 1.3280112743377686 0 1
8 2 - 35 - 1.1780078411102295 1.1560754776000977 0 1
8 2 - 36 - 1.368023157119751 1.3709759712219238 0 1
8 2 - 37 - 1.2699992656707764 1.2720043659210205 0 1
8 2 - 38 - 1.3809983730316162 1.3630056381225586 0 1
8 2 - 39 - 1.479003667831421 1.5099952220916748 0 0
8 2 - 40 - 1.245999813079834 1.2310287952423096 0 1
8 2 - 41 - 1.180006742477417 1.2209885120391846 0 1
8 2 - 42 - 1.263002634048462 1.3079981803894043 0 0
8 2 - 43 - 1.479011058807373 1.4909937381744385 0 1
8 2 - 44 - 1.362004280090332 1.352997064590454 0 0
8 2 - 45 - 1.3030223846435547 1.2749760150909424 0 1
8 2 - 46 - 1.5136387348175049 1.4969942569732666 0 1
8 2 - 47 - 1.2360217571258545 1.207977294921875 0 1
8 2 - 48 - 1.2809746265411377 1.2849950790405273 0 1
8 2 - 49 - 1.3170015811920166 1.294020652770996 0 0
8 2 - 50 - 1.4429945945739746 1.4509963989257812 0 1
8 2 - 51 - 1.402982473373413 1.4529950618743896 0 0
8 2 - 52 - 1.528005838394165 1.5120165348052979 0 0
8 2 - 53 - 1.432002067565918 1.42197847366333 0 1
8 2 - 54 - 1.275008201599121 1.2949986457824707 0 1
8 2 - 55 - 1.30899977684021 1.2389984130859375 0 1
8 2 - 56 - 1.2890019416809082 1.2989978790283203 0 1
8 2 - 57 - 1.415001392364502 1.4289965629577637 0 0
8 2 - 58 - 1.4160027503967285 1.4192919731140137 0 1
8 2 - 59 - 1.3749797344207764 1.3670005798339844 0 1
8 2 - 60 - 1.4650049209594727 1.462425947189331 0 1
8 2 - 61 - 1.3475849628448486 1.3970017433166504 0 0
8 2 - 62 - 1.2589726448059082 1.2930026054382324 0 0
8 2 - 63 - 1.3280189037322998 1.3279991149902344 0 1
8 2 - 64 - 1.4459810256958008 1.4939918518066406 0 0
8 2 - 65 - 1.4049835205078125 1.4050266742706299 0 0
8 2 - 66 - 1.2539925575256348 1.2579951286315918 0 1
8 2 - 67 - 1.4630098342895508 1.4929697513580322 0 1
8 2 - 68 - 1.3830029964447021 1.339026689529419 0 1
8 2 - 69 - 1.3579800128936768 1.3550550937652588 0 1
8 2 - 70 - 1.3346140384674072 1.3449740409851074 0 0
8 2 - 71 - 1.3720073699951172 1.3950212001800537 0 0
8 2 - 72 - 1.3839824199676514 1.3500137329101562 0 1
8 2 - 73 - 1.4229817390441895 1.3945136070251465 0 1
8 2 - 74 - 1.2700095176696777 1.2280018329620361 0 0
8 2 - 75 - 1.3109967708587646 1.2940068244934082 0 1
8 2 - 76 - 1.4251856803894043 1.4279797077178955 0 1
8 2 - 77 - 1.4310142993927002 1.4569995403289795 0 0
8 2 - 78 - 1.2619965076446533 1.2880194187164307 0 1
8 2 - 79 - 1.1550166606903076 1.1649765968322754 0 1
8 2 - 80 - 1.4930009841918945 1.4820196628570557 0 1
8 2 - 81 - 1.3360159397125244 1.3520007133483887 0 0
8 2 - 82 - 1.2329697608947754 1.2400004863739014 0 0
8 2 - 83 - 1.283998966217041 1.3030028343200684 0 0
8 2 - 84 - 1.2599759101867676 1.2810611724853516 0 0
8 2 - 85 - 1.3680298328399658 1.3380002975463867 0 1
8 2 - 86 - 1.3230106830596924 1.315018653869629 0 1
8 2 - 87 - 1.2700209617614746 1.2879998683929443 0 0
8 2 - 88 - 1.3440158367156982 1.3460140228271484 0 0
8 2 - 89 - 1.3810298442840576 1.3490002155303955 0 1
8 2 - 90 - 1.4258654117584229 1.4229791164398193 0 0
8 2 - 91 - 1.2949986457824707 1.3050198554992676 0 1
8 2 - 92 - 1.3720033168792725 1.3360273838043213 0 1
8 2 - 93 - 1.1680092811584473 1.1610002517700195 0 1
8 2 - 94 - 1.4100186824798584 1.424999475479126 0 0
8 2 - 95 - 1.4289891719818115 1.4430286884307861 0 0
8 2 - 96 - 1.227029800415039 1.209991693496704 0 1
8 2 - 97 - 1.3359794616699219 1.3370158672332764 0 0
8 2 - 98 - 1.393995761871338 1.4350194931030273 0 0
8 2 - 99 - 1.33099365234375 1.308018684387207 0 1
8 4 - 0 - 1.5110037326812744 1.5200157165527344 0 0
8 4 - 1 - 1.5119962692260742 1.5340182781219482 0 1
8 4 - 2 - 1.6060256958007812 1.6219744682312012 0 0
8 4 - 3 - 1.5676400661468506 1.5399959087371826 0 1
8 4 - 4 - 1.4540002346038818 1.4320170879364014 0 0
8 4 - 5 - 1.3910202980041504 1.4049878120422363 0 0
8 4 - 6 - 1.6080026626586914 1.5849974155426025 0 1
8 4 - 7 - 1.4830012321472168 1.4349958896636963 0 1
8 4 - 8 - 1.4290087223052979 1.4329986572265625 0 1
8 4 - 9 - 1.460984230041504 1.4487559795379639 0 1
8 4 - 10 - 1.580005168914795 1.5889947414398193 0 1
8 4 - 11 - 1.4920189380645752 1.4739787578582764 0 1
8 4 - 12 - 1.6260228157043457 1.640984058380127 0 0
8 4 - 13 - 1.7151432037353516 1.720019817352295 0 0
8 4 - 14 - 1.591982364654541 1.547994613647461 0 1
8 4 - 15 - 1.6265075206756592 1.6380012035369873 0 0
8 4 - 16 - 1.4969675540924072 1.5315446853637695 0 1
8 4 - 17 - 1.602989673614502 1.6390001773834229 0 0
8 4 - 18 - 1.56502103805542 1.548978567123413 0 1
8 4 - 19 - 1.485978126525879 1.4859941005706787 0 0
8 4 - 20 - 1.6030006408691406 1.6750030517578125 0 0
8 4 - 21 - 1.492586374282837 1.4630002975463867 0 1
8 4 - 22 - 1.6100122928619385 1.6200084686279297 0 0
8 4 - 23 - 1.6249926090240479 1.61899733543396 0 0
8 4 - 24 - 1.4775278568267822 1.4879748821258545 0 0
8 4 - 25 - 1.6260292530059814 1.6259996891021729 0 0
8 4 - 26 - 1.608018398284912 1.611973762512207 0 0
8 4 - 27 - 1.6080408096313477 1.5920000076293945 0 1
8 4 - 28 - 1.6489956378936768 1.620025634765625 0 0
8 4 - 29 - 1.5649917125701904 1.6160242557525635 0 0
8 4 - 30 - 1.63850998878479 1.6640002727508545 0 0
8 4 - 31 - 1.6470208168029785 1.702993392944336 0 0
8 4 - 32 - 1.479006290435791 1.5070223808288574 0 1
8 4 - 33 - 1.5169949531555176 1.5580012798309326 0 1
8 4 - 34 - 1.542997121810913 1.5780000686645508 0 0
8 4 - 35 - 1.3970284461975098 1.3969721794128418 0 1
8 4 - 36 - 1.619037389755249 1.6069927215576172 0 1
8 4 - 37 - 1.5000019073486328 1.5160272121429443 0 1
8 4 - 38 - 1.6070094108581543 1.5779788494110107 0 1
8 4 - 39 - 1.6890208721160889 1.7339794635772705 0 0
8 4 - 40 - 1.4330017566680908 1.472994327545166 0 1
8 4 - 41 - 1.4420251846313477 1.4609997272491455 0 1
8 4 - 42 - 1.49397873878479 1.5119922161102295 0 0
8 4 - 43 - 1.7200298309326172 1.6899998188018799 0 1
8 4 - 44 - 1.5610065460205078 1.5889909267425537 0 0
8 4 - 45 - 1.508183240890503 1.503993272781372 0 1
8 4 - 46 - 1.7370293140411377 1.735990285873413 0 1
8 4 - 47 - 1.4929814338684082 1.4970290660858154 0 1
8 4 - 48 - 1.498016595840454 1.505000352859497 0 0
8 4 - 49 - 1.5030255317687988 1.5140199661254883 0 0
8 4 - 50 - 1.6845588684082031 1.6899707317352295 0 1
8 4 - 51 - 1.6410274505615234 1.6540002822875977 0 0
8 4 - 52 - 1.7483603954315186 1.7710001468658447 0 0
8 4 - 53 - 1.6809492111206055 1.6980171203613281 0 1
8 4 - 54 - 1.543980598449707 1.5570034980773926 0 0
8 4 - 55 - 1.5310208797454834 1.5699803829193115 0 1
8 4 - 56 - 1.5460009574890137 1.5820071697235107 0 0
8 4 - 57 - 1.656970500946045 1.7040176391601562 0 0
8 4 - 58 - 1.7190144062042236 1.7059812545776367 0 1
8 4 - 59 - 1.6249995231628418 1.6449990272521973 0 1
8 4 - 60 - 1.7000019550323486 1.7240171432495117 0 1
8 4 - 61 - 1.636981725692749 1.7130262851715088 0 0
8 4 - 62 - 1.5669841766357422 1.6160006523132324 0 0
8 4 - 63 - 1.5980010032653809 1.607999563217163 0 0
8 4 - 64 - 1.7520039081573486 1.7660133838653564 0 0
8 4 - 65 - 1.6439945697784424 1.6659986972808838 0 0
8 4 - 66 - 1.5620191097259521 1.5059876441955566 0 1
8 4 - 67 - 1.7810077667236328 1.8129916191101074 0 0
8 4 - 68 - 1.624999761581421 1.6490294933319092 0 1
8 4 - 69 - 1.6959812641143799 1.6090078353881836 0 1
8 4 - 70 - 1.6200034618377686 1.6079974174499512 0 0
8 4 - 71 - 1.6770033836364746 1.6864769458770752 0 0
8 4 - 72 - 1.6276986598968506 1.6386771202087402 0 1
8 4 - 73 - 1.678072214126587 1.7218077182769775 0 1
8 4 - 74 - 1.5042619705200195 1.5205698013305664 0 0
8 4 - 75 - 1.5900089740753174 1.5699901580810547 0 1
8 4 - 76 - 1.7210197448730469 1.6739983558654785 0 0
8 4 - 77 - 1.6780014038085938 1.7019765377044678 0 0
8 4 - 78 - 1.5360171794891357 1.5720021724700928 0 0
8 4 - 79 - 1.4389903545379639 1.4580202102661133 0 0
8 4 - 80 - 1.7920196056365967 1.7549750804901123 0 1
8 4 - 81 - 1.5960278511047363 1.6459712982177734 0 0
8 4 - 82 - 1.4990220069885254 1.544978141784668 0 0
8 4 - 83 - 1.5760016441345215 1.584019660949707 0 0
8 4 - 84 - 1.5729992389678955 1.571000576019287 0 0
8 4 - 85 - 1.6530001163482666 1.7020268440246582 0 1
8 4 - 86 - 1.5669927597045898 1.5380077362060547 0 1
8 4 - 87 - 1.550004243850708 1.5980076789855957 0 0
8 4 - 88 - 1.6000134944915771 1.5929899215698242 0 0
8 4 - 89 - 1.6199920177459717 1.5969977378845215 0 1
8 4 - 90 - 1.6520004272460938 1.703000545501709 0 0
8 4 - 91 - 1.5630006790161133 1.5909993648529053 0 0
8 4 - 92 - 1.621000051498413 1.604008436203003 0 1
8 4 - 93 - 1.429004192352295 1.4009754657745361 0 1
8 4 - 94 - 1.6490068435668945 1.7130126953125 0 0
8 4 - 95 - 1.6729998588562012 1.740020990371704 0 0
8 4 - 96 - 1.4499998092651367 1.4849989414215088 0 0
8 4 - 97 - 1.5839951038360596 1.597024917602539 0 0
8 4 - 98 - 1.6360008716583252 1.6895651817321777 0 0
8 4 - 99 - 1.580016851425171 1.5389723777770996 0 1
8 8 - 0 - 1.9810001850128174 2.0069971084594727 0 0
8 8 - 1 - 1.988001823425293 1.965017557144165 0 1
8 8 - 2 - 2.052046298980713 2.112482786178589 0 0
8 8 - 3 - 2.0099987983703613 1.988999605178833 0 1
8 8 - 4 - 1.924027442932129 1.9039719104766846 0 0
8 8 - 5 - 1.8439981937408447 1.876002311706543 0 0
8 8 - 6 - 2.043023109436035 2.047977924346924 0 1
8 8 - 7 - 1.9250001907348633 1.8909974098205566 0 1
8 8 - 8 - 1.8765125274658203 1.890002727508545 0 0
8 8 - 9 - 1.9645369052886963 1.9480023384094238 0 1
8 8 - 10 - 2.015018939971924 2.027017593383789 0 1
8 8 - 11 - 1.9509825706481934 1.923996925354004 0 1
8 8 - 12 - 2.1089987754821777 2.0990049839019775 0 0
8 8 - 13 - 2.145531415939331 2.189976215362549 0 0
8 8 - 14 - 2.0259971618652344 2.0224478244781494 0 1
8 8 - 15 - 2.093569040298462 2.1241230964660645 0 0
8 8 - 16 - 1.956021785736084 1.9579768180847168 0 1
8 8 - 17 - 2.0680220127105713 2.116563320159912 0 0
8 8 - 18 - 1.992997407913208 2.0330207347869873 0 1
8 8 - 19 - 1.9230191707611084 1.9769985675811768 0 0
8 8 - 20 - 2.051295042037964 2.0983524322509766 0 0
8 8 - 21 - 1.9339826107025146 1.9360063076019287 0 1
8 8 - 22 - 2.06099796295166 2.1080386638641357 0 0
8 8 - 23 - 2.0889999866485596 2.10099720954895 0 0
8 8 - 24 - 1.9275126457214355 1.9590013027191162 0 0
8 8 - 25 - 2.0655856132507324 2.0999979972839355 0 0
8 8 - 26 - 2.1249823570251465 2.1110191345214844 0 0
8 8 - 27 - 2.1110260486602783 2.1039719581604004 0 1
8 8 - 28 - 2.0880227088928223 2.082998752593994 0 0
8 8 - 29 - 1.9990026950836182 2.070005416870117 0 0
8 8 - 30 - 2.1044979095458984 2.144012212753296 0 0
8 8 - 31 - 2.103499174118042 2.1370127201080322 0 0
8 8 - 32 - 1.9079890251159668 2.0078041553497314 0 0
8 8 - 33 - 1.9796628952026367 2.0149998664855957 0 0
8 8 - 34 - 1.9989745616912842 2.034153699874878 0 0
8 8 - 35 - 1.8665854930877686 1.8799688816070557 0 1
8 8 - 36 - 2.0510077476501465 2.0829923152923584 0 1
8 8 - 37 - 1.9810097217559814 1.9580214023590088 0 1
8 8 - 38 - 2.0619754791259766 2.0638954639434814 0 1
8 8 - 39 - 2.1920180320739746 2.1834869384765625 0 0
8 8 - 40 - 1.9590017795562744 1.9339957237243652 0 1
8 8 - 41 - 1.8780186176300049 1.9339985847473145 0 0
8 8 - 42 - 1.9720017910003662 1.9866232872009277 0 0
8 8 - 43 - 2.1810014247894287 2.1705329418182373 0 1
8 8 - 44 - 1.9970149993896484 2.0189907550811768 0 0
8 8 - 45 - 1.9630076885223389 2.0009899139404297 0 1
8 8 - 46 - 2.2241857051849365 2.2377212047576904 0 1
8 8 - 47 - 1.9535200595855713 1.9239959716796875 0 1
8 8 - 48 - 2.006516218185425 1.9750103950500488 0 0
8 8 - 49 - 1.9610035419464111 2.0149881839752197 0 0
8 8 - 50 - 2.177536964416504 2.190553903579712 0 1
8 8 - 51 - 2.157515525817871 2.1556308269500732 0 0
8 8 - 52 - 2.230628728866577 2.235705614089966 0 0
8 8 - 53 - 2.107959747314453 2.150999069213867 0 1
8 8 - 54 - 1.9710335731506348 1.9959995746612549 0 0
8 8 - 55 - 1.9954328536987305 1.9499788284301758 0 1
8 8 - 56 - 1.9630188941955566 1.9789867401123047 0 0
8 8 - 57 - 2.1349916458129883 2.1640090942382812 0 0
8 8 - 58 - 2.1099960803985596 2.1540210247039795 0 1
8 8 - 59 - 2.0699987411499023 2.109999179840088 0 1
8 8 - 60 - 2.180999279022217 2.169018507003784 0 1
8 8 - 61 - 2.0839927196502686 2.095017910003662 0 0
8 8 - 62 - 1.980003833770752 1.9805333614349365 0 0
8 8 - 63 - 2.0330004692077637 2.0470192432403564 0 0
8 8 - 64 - 2.1525349617004395 2.1650197505950928 0 0
8 8 - 65 - 2.0699775218963623 2.123837471008301 0 0
8 8 - 66 - 1.9719910621643066 1.9640183448791504 0 1
8 8 - 67 - 2.157001495361328 2.2235467433929443 0 0
8 8 - 68 - 2.0530166625976562 2.075998067855835 0 1
8 8 - 69 - 2.0848536491394043 2.09298038482666 0 1
8 8 - 70 - 1.9970006942749023 2.0534677505493164 0 0
8 8 - 71 - 2.0750012397766113 2.097018003463745 0 0
8 8 - 72 - 2.0445094108581543 2.1009764671325684 0 1
8 8 - 73 - 2.109010934829712 2.1370036602020264 0 1
8 8 - 74 - 1.9329946041107178 1.9795441627502441 0 0
8 8 - 75 - 2.0440001487731934 2.0170304775238037 0 1
8 8 - 76 - 2.096015691757202 2.146979331970215 0 0
8 8 - 77 - 2.123889446258545 2.143627166748047 0 0
8 8 - 78 - 1.9610028266906738 2.0145442485809326 0 0
8 8 - 79 - 1.8439922332763672 1.877000093460083 0 0
8 8 - 80 - 2.1915054321289062 2.2199764251708984 0 1
8 8 - 81 - 2.0159990787506104 2.0310003757476807 0 0
8 8 - 82 - 1.9450123310089111 1.925981044769287 0 0
8 8 - 83 - 1.9825026988983154 2.0269992351531982 0 0
8 8 - 84 - 2.0060195922851562 1.9749786853790283 0 0
8 8 - 85 - 2.050997495651245 2.082357883453369 0 1
8 8 - 86 - 2.011536121368408 2.010995864868164 0 1
8 8 - 87 - 1.9629991054534912 1.9930124282836914 0 0
8 8 - 88 - 2.046999931335449 2.0409886837005615 0 0
8 8 - 89 - 2.0869991779327393 2.0595102310180664 0 1
8 8 - 90 - 2.1050219535827637 2.1249825954437256 0 0
8 8 - 91 - 1.9727654457092285 2.0009992122650146 0 0
8 8 - 92 - 2.0610053539276123 2.062049150466919 0 1
8 8 - 93 - 1.8849830627441406 1.8759968280792236 0 1
8 8 - 94 - 2.1310198307037354 2.1659793853759766 0 0
8 8 - 95 - 2.1090023517608643 2.139054298400879 0 0
8 8 - 96 - 1.930013656616211 1.9619989395141602 0 0
8 8 - 97 - 2.0234689712524414 2.0570008754730225 0 0
8 8 - 98 - 2.1221399307250977 2.1349785327911377 0 0
8 8 - 99 - 2.029001235961914 2.0209970474243164 0 1
16 2 - 0 - 4.9021852016448975 4.891549348831177 0 1
16 2 - 1 - 4.041995525360107 4.105079650878906 0 0
16 2 - 2 - 4.7870166301727295 4.964998960494995 0 1
16 2 - 3 - 4.680002450942993 4.470009088516235 0 1
16 2 - 4 - 4.804636478424072 4.7969443798065186 0 1
16 2 - 5 - 4.526991605758667 4.53402853012085 0 1
16 2 - 6 - 4.949008941650391 4.8399717807769775 0 0
16 2 - 7 - 5.031001806259155 5.194020509719849 0 0
16 2 - 8 - 4.665989637374878 4.790351629257202 0 0
16 2 - 9 - 4.4450201988220215 4.2455267906188965 0 1
16 2 - 10 - 4.444429636001587 4.377992153167725 0 1
16 2 - 11 - 4.385990619659424 4.510447025299072 0 1
16 2 - 12 - 4.3683483600616455 4.235016345977783 0 1
16 2 - 13 - 4.97698712348938 5.034017324447632 0 1
16 2 - 14 - 4.574198246002197 4.704019546508789 0 1
16 2 - 15 - 4.737982988357544 4.923032522201538 0 1
16 2 - 16 - 4.738538503646851 4.895522356033325 0 1
16 2 - 17 - 4.752991437911987 4.734519958496094 0 1
16 2 - 18 - 4.487004995346069 4.366425275802612 0 1
16 2 - 19 - 4.641627788543701 4.539988279342651 0 1
16 2 - 20 - 4.953528642654419 5.1295483112335205 0 1
16 2 - 21 - 5.001972198486328 4.938849210739136 0 1
16 2 - 22 - 4.522536277770996 4.612978935241699 0 1
16 2 - 23 - 4.63295578956604 4.472966432571411 0 1
16 2 - 24 - 4.109022855758667 4.116007328033447 0 1
16 2 - 25 - 4.569521188735962 4.746000289916992 0 1
16 2 - 26 - 3.962310552597046 3.7944581508636475 0 1
16 2 - 27 - 4.363991022109985 4.466918230056763 0 1
16 2 - 28 - 4.90701961517334 4.935690879821777 0 1
16 2 - 29 - 4.59797215461731 4.630635499954224 0 1
16 2 - 30 - 4.525003433227539 4.3900532722473145 0 1
16 2 - 31 - 4.765979766845703 4.690997362136841 0 1
16 2 - 32 - 4.911871910095215 4.78114914894104 0 1
16 2 - 33 - 4.235972166061401 4.137997150421143 0 1
16 2 - 34 - 4.866997241973877 4.798007965087891 0 1
16 2 - 35 - 4.743992328643799 4.67103123664856 0 1
16 2 - 36 - 4.383018493652344 4.297990560531616 0 1
16 2 - 37 - 4.782020807266235 4.627973556518555 0 1
16 2 - 38 - 4.930023670196533 4.666980743408203 0 1
16 2 - 39 - 4.491022109985352 4.419987201690674 0 1
16 2 - 40 - 4.1160125732421875 3.8629724979400635 0 1
16 2 - 41 - 4.983002185821533 5.098994731903076 0 1
16 2 - 42 - 4.395021200180054 4.441000461578369 0 1
16 2 - 43 - 5.220013380050659 5.370006799697876 0 1
16 2 - 44 - 5.222000598907471 4.877000331878662 0 1
16 2 - 45 - 4.480015516281128 4.70097804069519 0 0
16 2 - 46 - 4.808020114898682 4.683978319168091 0 1
16 2 - 47 - 4.200002431869507 4.058312654495239 0 1
16 2 - 48 - 4.7235682010650635 4.765980243682861 0 1
16 2 - 49 - 4.354522466659546 4.231011152267456 0 1
16 2 - 50 - 4.315572023391724 4.300527334213257 0 1
16 2 - 51 - 4.962970018386841 5.268287658691406 0 0
16 2 - 52 - 4.592045068740845 4.418410778045654 0 1
16 2 - 53 - 4.225982427597046 4.303845167160034 0 1
16 2 - 54 - 4.719994306564331 4.734018564224243 0 1
16 2 - 55 - 4.780996799468994 4.877988815307617 0 1
16 2 - 56 - 4.44056510925293 4.3809778690338135 0 1
16 2 - 57 - 4.460751533508301 4.325582265853882 0 1
16 2 - 58 - 4.9139745235443115 4.683015823364258 0 1
16 2 - 59 - 4.909980058670044 4.721487522125244 0 1
16 2 - 60 - 4.923016786575317 4.762516260147095 0 1
16 2 - 61 - 4.805998086929321 4.950016260147095 0 1
16 2 - 62 - 4.912993431091309 4.868506193161011 0 1
16 2 - 63 - 4.518014430999756 4.419501543045044 0 1
16 2 - 64 - 4.471017360687256 4.464000225067139 0 1
16 2 - 65 - 4.616739273071289 4.501813888549805 0 1
16 2 - 66 - 4.712994575500488 4.7570507526397705 0 1
16 2 - 67 - 4.924993276596069 4.673023462295532 0 1
16 2 - 68 - 4.510378360748291 4.867543697357178 0 1
16 2 - 69 - 4.213587999343872 3.9904367923736572 0 1
16 2 - 70 - 4.343564033508301 4.27273154258728 0 1
16 2 - 71 - 5.172994613647461 5.071589231491089 0 1
16 2 - 72 - 5.092997074127197 5.468515157699585 0 0
16 2 - 73 - 4.561006784439087 4.435803413391113 0 1
16 2 - 74 - 4.496981859207153 4.66656494140625 0 1
16 2 - 75 - 4.019536018371582 3.799978017807007 0 1
16 2 - 76 - 4.745021820068359 4.783548593521118 0 1
16 2 - 77 - 4.805248260498047 4.761420965194702 0 1
16 2 - 78 - 4.824491262435913 4.622280597686768 0 1
16 2 - 79 - 4.644009590148926 4.611008882522583 0 1
16 2 - 80 - 4.8130083084106445 4.854530096054077 0 1
16 2 - 81 - 4.769334554672241 4.827167510986328 0 1
16 2 - 82 - 5.079992771148682 5.057086229324341 0 1
16 2 - 83 - 4.576001405715942 4.698998689651489 0 1
16 2 - 84 - 4.732001781463623 4.862989664077759 0 1
16 2 - 85 - 5.109290361404419 4.902582168579102 0 1
16 2 - 86 - 4.466012239456177 4.535999298095703 0 1
16 2 - 87 - 4.52553915977478 4.423500061035156 0 1
16 2 - 88 - 5.259015798568726 5.15359091758728 0 1
16 2 - 89 - 5.253002882003784 5.0281171798706055 0 1
16 2 - 90 - 4.8474791049957275 4.659620046615601 0 1
16 2 - 91 - 4.810526371002197 4.861506223678589 0 1
16 2 - 92 - 4.4409894943237305 4.544981002807617 0 1
16 2 - 93 - 5.08900785446167 5.071524143218994 0 1
16 2 - 94 - 4.7869791984558105 5.060539245605469 0 0
16 2 - 95 - 4.465592861175537 4.30402946472168 0 1
16 2 - 96 - 4.701575756072998 4.676020860671997 0 1
16 2 - 97 - 4.756991147994995 4.950998306274414 0 1
16 2 - 98 - 4.828022480010986 4.976539611816406 0 1
16 2 - 99 - 5.305047988891602 5.524017810821533 0 1
16 4 - 0 - 5.557032108306885 5.309020042419434 0 1
16 4 - 1 - 4.778020620346069 4.8679749965667725 0 0
16 4 - 2 - 5.273563861846924 5.671901702880859 0 0
16 4 - 3 - 5.371012926101685 5.0613157749176025 0 1
16 4 - 4 - 5.582526922225952 5.426496744155884 0 1
16 4 - 5 - 5.250518321990967 4.885000705718994 0 1
16 4 - 6 - 5.492003917694092 5.707016944885254 0 0
16 4 - 7 - 5.524413108825684 5.671016693115234 0 0
16 4 - 8 - 5.32402777671814 5.288318395614624 0 0
16 4 - 9 - 5.173528432846069 4.826979875564575 0 1
16 4 - 10 - 5.077523231506348 5.057032346725464 0 1
16 4 - 11 - 5.021509885787964 5.213528633117676 0 0
16 4 - 12 - 4.924522161483765 4.672566175460815 0 1
16 4 - 13 - 5.614992380142212 5.634576797485352 0 0
16 4 - 14 - 5.3100056648254395 5.507523536682129 0 0
16 4 - 15 - 5.11399245262146 5.315507650375366 0 1
16 4 - 16 - 5.454030513763428 5.631495237350464 0 0
16 4 - 17 - 5.332022190093994 5.593582630157471 0 1
16 4 - 18 - 5.1703407764434814 4.889997959136963 0 1
16 4 - 19 - 5.209992408752441 5.0815041065216064 0 1
16 4 - 20 - 5.667994022369385 5.9815146923065186 0 0
16 4 - 21 - 5.78314733505249 5.891508102416992 0 1
16 4 - 22 - 5.162052154541016 5.344997882843018 0 0
16 4 - 23 - 5.27550196647644 5.505019903182983 0 0
16 4 - 24 - 4.944210767745972 4.622373819351196 0 1
16 4 - 25 - 5.189568042755127 5.37751030921936 0 0
16 4 - 26 - 4.619745254516602 4.334997177124023 0 1
16 4 - 27 - 5.00002908706665 5.134520769119263 0 0
16 4 - 28 - 5.284096717834473 5.719519376754761 0 0
16 4 - 29 - 5.221031427383423 5.381958961486816 0 1
16 4 - 30 - 5.32251763343811 5.349535942077637 0 1
16 4 - 31 - 5.429410934448242 5.350506067276001 0 1
16 4 - 32 - 5.300529956817627 5.94249415397644 0 0
16 4 - 33 - 5.027565002441406 5.043500661849976 0 1
16 4 - 34 - 5.522555589675903 5.4119813442230225 0 1
16 4 - 35 - 5.319530487060547 5.338998079299927 0 1
16 4 - 36 - 4.981510877609253 5.125998020172119 0 1
16 4 - 37 - 5.180020809173584 5.405024290084839 0 1
16 4 - 38 - 5.2692365646362305 5.239988565444946 0 1
16 4 - 39 - 5.218063116073608 5.26502251625061 0 0
16 4 - 40 - 4.874969720840454 4.377925872802734 0 1
16 4 - 41 - 5.390003442764282 5.615509271621704 0 0
16 4 - 42 - 5.090022563934326 5.281980037689209 0 0
16 4 - 43 - 5.884519815444946 6.287582874298096 0 0
16 4 - 44 - 5.99898362159729 5.884001016616821 0 1
16 4 - 45 - 5.251012086868286 5.371978998184204 0 0
16 4 - 46 - 5.385005950927734 5.252002239227295 0 1
16 4 - 47 - 4.911998271942139 4.880004405975342 0 0
16 4 - 48 - 5.232516765594482 5.36801815032959 0 0
16 4 - 49 - 4.925992250442505 4.8216588497161865 0 1
16 4 - 50 - 4.89999532699585 4.6320178508758545 0 1
16 4 - 51 - 5.462521076202393 5.76305079460144 0 0
16 4 - 52 - 5.072669744491577 5.114516019821167 0 1
16 4 - 53 - 4.933133363723755 5.192978382110596 0 0
16 4 - 54 - 5.158998250961304 5.302521228790283 0 1
16 4 - 55 - 5.422541856765747 5.571975469589233 0 0
16 4 - 56 - 5.022463321685791 5.103582859039307 0 1
16 4 - 57 - 5.043990135192871 5.02093243598938 0 1
16 4 - 58 - 5.809530735015869 5.661572456359863 0 1
16 4 - 59 - 5.5278685092926025 5.626550197601318 0 0
16 4 - 60 - 5.815087556838989 5.517937183380127 0 1
16 4 - 61 - 5.3988542556762695 5.369998455047607 0 1
16 4 - 62 - 5.542469024658203 5.695984125137329 0 0
16 4 - 63 - 5.077028512954712 5.801140069961548 0 1
16 4 - 64 - 5.151990175247192 5.220999479293823 0 1
16 4 - 65 - 5.29798436164856 5.375004768371582 0 1
16 4 - 66 - 5.3650031089782715 5.647442102432251 0 0
16 4 - 67 - 5.511998414993286 5.523017168045044 0 1
16 4 - 68 - 5.1729817390441895 5.357511281967163 0 0
16 4 - 69 - 4.742218017578125 4.55864691734314 0 1
16 4 - 70 - 4.878998279571533 5.0390095710754395 0 1
16 4 - 71 - 5.775970697402954 5.8819262981414795 0 1
16 4 - 72 - 5.907549619674683 6.0128326416015625 0 0
16 4 - 73 - 5.111721992492676 5.330000877380371 0 0
16 4 - 74 - 5.1975226402282715 5.273989200592041 0 0
16 4 - 75 - 4.724517583847046 4.431010484695435 0 1
16 4 - 76 - 5.439564228057861 6.072382211685181 0 0
16 4 - 77 - 5.368000745773315 5.246017217636108 0 1
16 4 - 78 - 5.3786842823028564 5.04861044883728 0 1
16 4 - 79 - 5.236817836761475 5.10599946975708 0 1
16 4 - 80 - 5.456311225891113 5.797035455703735 0 0
16 4 - 81 - 5.3860180377960205 5.610590934753418 0 1
16 4 - 82 - 5.505999326705933 5.699028491973877 0 1
16 4 - 83 - 5.204521656036377 5.454014301300049 0 0
16 4 - 84 - 5.492995023727417 5.504002332687378 0 0
16 4 - 85 - 5.573027610778809 5.916632890701294 0 0
16 4 - 86 - 5.23753809928894 5.185204029083252 0 1
16 4 - 87 - 5.083208799362183 5.298999071121216 0 1
16 4 - 88 - 5.560545206069946 5.844749927520752 0 0
16 4 - 89 - 5.975016832351685 5.537998914718628 0 1
16 4 - 90 - 5.363065242767334 5.421978950500488 0 1
16 4 - 91 - 5.326565265655518 5.953521728515625 0 0
16 4 - 92 - 5.196997404098511 5.282004356384277 0 0
16 4 - 93 - 5.804592609405518 5.871342182159424 0 0
16 4 - 94 - 5.4252800941467285 5.469017028808594 0 0
16 4 - 95 - 5.153553009033203 5.040120601654053 0 1
16 4 - 96 - 5.314063787460327 5.059000730514526 0 1
16 4 - 97 - 5.377559185028076 5.569095849990845 0 1
16 4 - 98 - 5.6065354347229 5.897095680236816 0 0
16 4 - 99 - 6.359019041061401 6.182042360305786 0 0
16 8 - 0 - 6.84100079536438 6.324014663696289 0 1
16 8 - 1 - 6.07300066947937 5.948001384735107 0 0
16 8 - 2 - 6.601007461547852 6.933014392852783 0 0
16 8 - 3 - 6.510994911193848 6.770006418228149 0 1
16 8 - 4 - 6.792022943496704 6.60415244102478 0 1
16 8 - 5 - 6.166510343551636 6.422904968261719 0 1
16 8 - 6 - 6.666019678115845 6.608043193817139 0 0
