4 1 - 0 - 0.35600996017456055 0.34900879859924316 1 0
4 1 - 1 - 0.13802766799926758 0.13899779319763184 0 1
4 1 - 2 - 0.14001035690307617 0.13797712326049805 0 1
4 1 - 3 - 0.38500285148620605 0.384995698928833 0 1
4 1 - 4 - 0.372999906539917 0.36602115631103516 1 0
4 1 - 5 - 0.39600133895874023 0.39499640464782715 0 1
4 1 - 6 - 0.3660001754760742 0.36299681663513184 0 1
4 1 - 7 - 0.15200257301330566 0.1470022201538086 0 1
4 1 - 8 - 0.3800053596496582 0.3759951591491699 1 0
4 1 - 9 - 0.1370079517364502 0.1359877586364746 0 1
4 1 - 10 - 0.39400196075439453 0.39499688148498535 0 1
4 1 - 11 - 0.3470010757446289 0.34601831436157227 0 1
4 1 - 12 - 0.15299177169799805 0.40799736976623535 0 1
4 1 - 13 - 0.15199995040893555 0.38900136947631836 0 0
4 1 - 14 - 0.1260087490081787 0.1240091323852539 0 1
4 1 - 15 - 0.37799859046936035 0.3749990463256836 0 1
4 1 - 16 - 0.15399932861328125 0.3930025100708008 0 0
4 1 - 17 - 0.12399935722351074 0.12399816513061523 0 1
4 1 - 18 - 0.13799834251403809 0.1360023021697998 0 1
4 1 - 19 - 0.3820180892944336 0.3809800148010254 0 0
4 1 - 20 - 0.1380150318145752 0.13597774505615234 0 1
4 1 - 21 - 0.3490016460418701 0.34700536727905273 0 1
4 1 - 22 - 0.40200018882751465 0.39299798011779785 0 1
4 1 - 23 - 0.1379997730255127 0.1349947452545166 0 1
4 1 - 24 - 0.13802814483642578 0.13696718215942383 0 1
4 1 - 25 - 0.1390230655670166 0.13698053359985352 0 1
4 1 - 26 - 0.39850687980651855 0.3950207233428955 0 0
4 1 - 27 - 0.15097713470458984 0.3919990062713623 0 0
4 1 - 28 - 0.13702154159545898 0.1379842758178711 0 1
4 1 - 29 - 0.13802170753479004 0.13797593116760254 0 1
4 1 - 30 - 0.14902091026306152 0.14796948432922363 0 1
4 1 - 31 - 0.1390228271484375 0.13697528839111328 0 1
4 1 - 32 - 0.1510179042816162 0.38899755477905273 0 0
4 1 - 33 - 0.37800121307373047 0.3739964962005615 0 1
4 1 - 34 - 0.3980109691619873 0.39598989486694336 0 0
4 1 - 35 - 0.1490023136138916 0.14699506759643555 0 1
4 1 - 36 - 0.41500043869018555 0.41300177574157715 0 0
4 1 - 37 - 0.1380000114440918 0.13500380516052246 0 1
4 1 - 38 - 0.15099883079528809 0.1459975242614746 0 1
4 1 - 39 - 0.3500034809112549 0.34799695014953613 1 0
4 1 - 40 - 0.15000247955322266 0.40299391746520996 0 1
4 1 - 41 - 0.34902310371398926 0.34697389602661133 0 1
4 1 - 42 - 0.15400290489196777 0.3710052967071533 0 1
4 1 - 43 - 0.3659212589263916 0.3670186996459961 0 1
4 1 - 44 - 0.37998175621032715 0.37799715995788574 0 1
4 1 - 45 - 0.3960137367248535 0.39710378646850586 0 1
4 1 - 46 - 0.1260085105895996 0.1289823055267334 0 1
4 1 - 47 - 0.37199926376342773 0.3639979362487793 1 0
4 1 - 48 - 0.13698983192443848 0.1369795799255371 0 1
4 1 - 49 - 0.1499934196472168 0.1640002727508545 0 1
4 1 - 50 - 0.3849978446960449 0.3669924736022949 1 0
4 1 - 51 - 0.1410207748413086 0.13697600364685059 0 1
4 1 - 52 - 0.12600111961364746 0.12499594688415527 0 1
4 1 - 53 - 0.3959949016571045 0.39499449729919434 0 1
4 1 - 54 - 0.34900736808776855 0.34798693656921387 0 1
4 1 - 55 - 0.36899375915527344 0.3660097122192383 0 0
4 1 - 56 - 0.15199923515319824 0.38899874687194824 0 1
4 1 - 57 - 0.3709981441497803 0.36699914932250977 1 0
4 1 - 58 - 0.1490015983581543 0.14901304244995117 0 1
4 1 - 59 - 0.15199851989746094 0.38799571990966797 0 0
4 1 - 60 - 0.36499929428100586 0.36501622200012207 0 1
4 1 - 61 - 0.38001132011413574 0.3789794445037842 0 1
4 1 - 62 - 0.36001014709472656 0.3619840145111084 1 0
4 1 - 63 - 0.14600038528442383 0.14399456977844238 0 1
4 1 - 64 - 0.15099382400512695 0.14000272750854492 0 1
4 1 - 65 - 0.38500308990478516 0.37699174880981445 0 1
4 1 - 66 - 0.15799355506896973 0.15302801132202148 0 1
4 1 - 67 - 0.1309969425201416 0.13498878479003906 0 1
4 1 - 68 - 0.37299418449401855 0.3650028705596924 1 0
4 1 - 69 - 0.13500642776489258 0.13499951362609863 0 1
4 1 - 70 - 0.1527090072631836 0.3920009136199951 0 0
4 1 - 71 - 0.3979983329772949 0.3970143795013428 0 1
4 1 - 72 - 0.367006778717041 0.35999083518981934 0 1
4 1 - 73 - 0.3700215816497803 0.36698102951049805 1 0
4 1 - 74 - 0.15102410316467285 0.14699077606201172 0 1
4 1 - 75 - 0.3729746341705322 0.36800551414489746 1 0
4 1 - 76 - 0.40000152587890625 0.40201234817504883 0 1
4 1 - 77 - 0.40091872215270996 0.39499664306640625 0 1
4 1 - 78 - 0.3650178909301758 0.359987735748291 1 0
4 1 - 79 - 0.1500256061553955 0.14597868919372559 0 1
4 1 - 80 - 0.40099453926086426 0.3970022201538086 0 0
4 1 - 81 - 0.38300204277038574 0.38001179695129395 1 0
4 1 - 82 - 0.371997594833374 0.3859884738922119 0 0
4 1 - 83 - 0.40400123596191406 0.38700127601623535 0 1
4 1 - 84 - 0.13001680374145508 0.12299704551696777 0 1
4 1 - 85 - 0.3819916248321533 0.3759946823120117 0 1
4 1 - 86 - 0.15099120140075684 0.14999842643737793 0 1
4 1 - 87 - 0.13899827003479004 0.13701558113098145 0 1
4 1 - 88 - 0.12800073623657227 0.1249849796295166 0 1
4 1 - 89 - 0.36800074577331543 0.36299562454223633 0 1
4 1 - 90 - 0.13799643516540527 0.13500285148620605 0 1
4 1 - 91 - 0.40199899673461914 0.3970053195953369 0 1
4 1 - 92 - 0.15398335456848145 0.37099647521972656 0 1
4 1 - 93 - 0.3809959888458252 0.4020059108734131 1 0
4 1 - 94 - 0.40000247955322266 0.3999929428100586 0 0
4 1 - 95 - 0.13900518417358398 0.14099955558776855 0 1
4 1 - 96 - 0.14100265502929688 0.13900423049926758 0 1
4 1 - 97 - 0.16999411582946777 0.17600750923156738 0 1
4 1 - 98 - 0.14400053024291992 0.1410045623779297 0 1
4 1 - 99 - 0.4270145893096924 0.39998364448547363 0 1
4 2 - 0 - 0.571016788482666 0.5550124645233154 1 0
4 2 - 1 - 0.16597986221313477 0.16699814796447754 0 1
4 2 - 2 - 0.16900324821472168 0.16999554634094238 0 1
4 2 - 3 - 0.6009972095489502 0.6019983291625977 0 0
4 2 - 4 - 0.5880043506622314 0.5649998188018799 1 0
4 2 - 5 - 0.6239945888519287 0.6259989738464355 0 0
4 2 - 6 - 0.5610184669494629 0.5639958381652832 0 1
4 2 - 7 - 0.17900848388671875 0.18099355697631836 0 1
4 2 - 8 - 0.6299910545349121 0.5940043926239014 1 0
4 2 - 9 - 0.16599774360656738 0.16699838638305664 0 1
4 2 - 10 - 0.6250042915344238 0.6269984245300293 0 0
4 2 - 11 - 0.5390059947967529 0.5379929542541504 0 1
4 2 - 12 - 0.18100357055664062 0.6649990081787109 0 0
4 2 - 13 - 0.18200373649597168 0.6379952430725098 0 0
4 2 - 14 - 0.15599346160888672 0.1539933681488037 0 1
4 2 - 15 - 0.5969934463500977 0.6100015640258789 0 1
4 2 - 16 - 0.18501663208007812 0.6459848880767822 0 0
4 2 - 17 - 0.1569979190826416 0.15299725532531738 0 1
4 2 - 18 - 0.16899895668029785 0.1679995059967041 0 1
4 2 - 19 - 0.6070139408111572 0.6009867191314697 0 0
4 2 - 20 - 0.1690080165863037 0.1649925708770752 0 1
4 2 - 21 - 0.5670328140258789 0.5659685134887695 0 1
4 2 - 22 - 0.6429905891418457 0.6909997463226318 0 0
4 2 - 23 - 0.17399930953979492 0.1699981689453125 0 1
4 2 - 24 - 0.17500829696655273 0.17898774147033691 0 1
4 2 - 25 - 0.17400503158569336 0.1719987392425537 0 1
4 2 - 26 - 0.6369996070861816 0.6400072574615479 0 0
4 2 - 27 - 0.17902183532714844 0.6459798812866211 0 0
4 2 - 28 - 0.1690046787261963 0.16600680351257324 0 1
4 2 - 29 - 0.16999197006225586 0.16800141334533691 0 1
4 2 - 30 - 0.18201613426208496 0.17999649047851562 0 1
4 2 - 31 - 0.17399072647094727 0.16898727416992188 0 1
4 2 - 32 - 0.18199729919433594 0.6350047588348389 0 0
4 2 - 33 - 0.5959129333496094 0.5990273952484131 0 1
4 2 - 34 - 0.6279997825622559 0.6199812889099121 0 0
4 2 - 35 - 0.17902708053588867 0.17499995231628418 0 1
4 2 - 36 - 0.6639964580535889 0.6429998874664307 0 0
4 2 - 37 - 0.1659994125366211 0.1660001277923584 0 1
4 2 - 38 - 0.17801451683044434 0.18097901344299316 0 1
4 2 - 39 - 0.5650091171264648 0.5389988422393799 1 0
4 2 - 40 - 0.17803025245666504 0.6509795188903809 0 1
4 2 - 41 - 0.5349986553192139 0.5320000648498535 0 1
4 2 - 42 - 0.17998003959655762 0.6000196933746338 0 1
4 2 - 43 - 0.567000150680542 0.5639998912811279 0 0
4 2 - 44 - 0.5969984531402588 0.5920000076293945 0 1
4 2 - 45 - 0.6189851760864258 0.6190004348754883 0 0
4 2 - 46 - 0.15400004386901855 0.15297389030456543 0 1
4 2 - 47 - 0.5920207500457764 0.5669925212860107 1 0
4 2 - 48 - 0.1670076847076416 0.1640000343322754 0 1
4 2 - 49 - 0.1779932975769043 0.17500662803649902 0 1
4 2 - 50 - 0.5810000896453857 0.5539999008178711 1 0
4 2 - 51 - 0.16391205787658691 0.1660003662109375 0 1
4 2 - 52 - 0.1530139446258545 0.15397953987121582 0 1
4 2 - 53 - 0.6159994602203369 0.6170003414154053 0 0
4 2 - 54 - 0.5330276489257812 0.5319983959197998 0 1
4 2 - 55 - 0.5629982948303223 0.558020830154419 0 0
4 2 - 56 - 0.1800251007080078 0.6329998970031738 0 0
4 2 - 57 - 0.5939426422119141 0.5689897537231445 1 0
4 2 - 58 - 0.17701935768127441 0.17599987983703613 0 1
4 2 - 59 - 0.1799781322479248 0.6379997730255127 0 0
4 2 - 60 - 0.5619792938232422 0.5640101432800293 0 1
4 2 - 61 - 0.6029996871948242 0.5909819602966309 0 1
4 2 - 62 - 0.5560288429260254 0.5369997024536133 1 0
4 2 - 63 - 0.16399478912353516 0.16402077674865723 0 1
4 2 - 64 - 0.16699004173278809 0.16401004791259766 0 1
4 2 - 65 - 0.5589642524719238 0.5709793567657471 0 1
4 2 - 66 - 0.17702054977416992 0.17897939682006836 0 1
4 2 - 67 - 0.15500617027282715 0.15502667427062988 0 1
4 2 - 68 - 0.5840208530426025 0.5570001602172852 1 0
4 2 - 69 - 0.16501331329345703 0.16598296165466309 0 1
4 2 - 70 - 0.17801928520202637 0.6359999179840088 0 0
4 2 - 71 - 0.619987964630127 0.6200046539306641 0 0
4 2 - 72 - 0.5599937438964844 0.5560014247894287 0 1
4 2 - 73 - 0.5829832553863525 0.5640251636505127 1 0
4 2 - 74 - 0.17800164222717285 0.17697668075561523 0 1
4 2 - 75 - 0.5750200748443604 0.5539994239807129 1 0
4 2 - 76 - 0.6019997596740723 0.6050002574920654 0 0
4 2 - 77 - 0.6239995956420898 0.6240005493164062 0 0
4 2 - 78 - 0.5930001735687256 0.5699999332427979 1 0
4 2 - 79 - 0.17699813842773438 0.17499971389770508 0 1
4 2 - 80 - 0.6160004138946533 0.6129789352416992 0 0
4 2 - 81 - 0.6030120849609375 0.5919797420501709 0 0
4 2 - 82 - 0.5699954032897949 0.5590083599090576 0 0
4 2 - 83 - 0.594027042388916 0.6039996147155762 0 1
4 2 - 84 - 0.1550002098083496 0.15197396278381348 0 1
4 2 - 85 - 0.5910205841064453 0.5859999656677246 0 1
4 2 - 86 - 0.17899751663208008 0.1770002841949463 0 1
4 2 - 87 - 0.16699981689453125 0.16499042510986328 0 1
4 2 - 88 - 0.1540224552154541 0.15300250053405762 0 1
4 2 - 89 - 0.565026044845581 0.5530002117156982 0 1
4 2 - 90 - 0.16700339317321777 0.16600990295410156 0 1
4 2 - 91 - 0.6159787178039551 0.613020658493042 0 1
4 2 - 92 - 0.1799938678741455 0.5990126132965088 0 1
4 2 - 93 - 0.6150133609771729 0.5930001735687256 1 0
4 2 - 94 - 0.5620119571685791 0.5580000877380371 0 0
4 2 - 95 - 0.16399335861206055 0.16500020027160645 0 1
4 2 - 96 - 0.1720142364501953 0.16500115394592285 0 1
4 2 - 97 - 0.16602611541748047 0.1640002727508545 0 1
4 2 - 98 - 0.16501307487487793 0.1629796028137207 0 1
4 2 - 99 - 0.5979998111724854 0.5889999866485596 0 1
4 4 - 0 - 0.7210252285003662 0.7029998302459717 1 0
4 4 - 1 - 0.21900606155395508 0.21797943115234375 0 1
4 4 - 2 - 0.22100019454956055 0.21799993515014648 0 1
4 4 - 3 - 0.7559947967529297 0.7550201416015625 0 0
4 4 - 4 - 0.7510004043579102 0.7290005683898926 1 0
4 4 - 5 - 0.7860198020935059 0.7850000858306885 0 0
4 4 - 6 - 0.7239990234375 0.7199795246124268 0 1
4 4 - 7 - 0.23502182960510254 0.23100042343139648 0 1
4 4 - 8 - 0.7840096950531006 0.7610001564025879 1 0
4 4 - 9 - 0.219008207321167 0.21800017356872559 0 1
4 4 - 10 - 0.7800195217132568 0.7839992046356201 0 0
4 4 - 11 - 0.709021806716919 0.6980001926422119 0 1
4 4 - 12 - 0.23399996757507324 0.8259999752044678 0 0
4 4 - 13 - 0.23199987411499023 0.8000001907348633 0 0
4 4 - 14 - 0.20699667930603027 0.2069997787475586 0 1
4 4 - 15 - 0.7619984149932861 0.7680001258850098 0 0
4 4 - 16 - 0.23398447036743164 0.80399489402771 0 0
4 4 - 17 - 0.208021879196167 0.2069854736328125 0 1
4 4 - 18 - 0.22197937965393066 0.2230207920074463 0 1
4 4 - 19 - 0.7689993381500244 0.7679793834686279 0 0
4 4 - 20 - 0.22100424766540527 0.21899986267089844 0 1
4 4 - 21 - 0.7049932479858398 0.7059860229492188 0 1
4 4 - 22 - 0.7859795093536377 0.791020393371582 0 0
4 4 - 23 - 0.2199995517730713 0.21900057792663574 0 1
4 4 - 24 - 0.22400999069213867 0.22099995613098145 0 1
4 4 - 25 - 0.22197937965393066 0.21802020072937012 0 1
4 4 - 26 - 0.7989792823791504 0.785010576248169 0 0
4 4 - 27 - 0.2340102195739746 0.80299973487854 0 0
4 4 - 28 - 0.21999692916870117 0.2180027961730957 0 1
4 4 - 29 - 0.22102069854736328 0.21799969673156738 0 1
4 4 - 30 - 0.23299121856689453 0.23099994659423828 0 1
4 4 - 31 - 0.2220163345336914 0.21800017356872559 0 1
4 4 - 32 - 0.23797941207885742 0.803020715713501 0 0
4 4 - 33 - 0.7629785537719727 0.7560126781463623 0 1
4 4 - 34 - 0.7969954013824463 0.7860202789306641 0 0
4 4 - 35 - 0.2349996566772461 0.23000025749206543 0 1
4 4 - 36 - 0.8209996223449707 0.8089900016784668 0 0
4 4 - 37 - 0.22301101684570312 0.2199997901916504 0 1
4 4 - 38 - 0.2319796085357666 0.23102045059204102 0 1
4 4 - 39 - 0.7279999256134033 0.699979305267334 1 0
4 4 - 40 - 0.23501920700073242 0.8209998607635498 0 1
4 4 - 41 - 0.7030153274536133 0.695000410079956 0 1
4 4 - 42 - 0.23400044441223145 0.7699899673461914 0 1
4 4 - 43 - 0.7390327453613281 0.7289941310882568 0 0
4 4 - 44 - 0.7579796314239502 0.7630205154418945 0 1
4 4 - 45 - 0.7909822463989258 0.7910263538360596 0 0
4 4 - 46 - 0.20701384544372559 0.20599007606506348 0 1
4 4 - 47 - 0.7589995861053467 0.7370102405548096 1 0
4 4 - 48 - 0.2199995517730713 0.21900033950805664 0 1
4 4 - 49 - 0.23299908638000488 0.23000001907348633 0 1
4 4 - 50 - 0.7550182342529297 0.7279930114746094 1 0
4 4 - 51 - 0.21998906135559082 0.21802091598510742 0 1
4 4 - 52 - 0.2070145606994629 0.2109994888305664 0 1
4 4 - 53 - 0.7919917106628418 0.7950198650360107 0 0
4 4 - 54 - 0.7039992809295654 0.6970100402832031 0 1
4 4 - 55 - 0.7370204925537109 0.7289812564849854 0 0
4 4 - 56 - 0.23201823234558105 0.8000001907348633 0 0
4 4 - 57 - 0.765979528427124 0.7420070171356201 1 0
4 4 - 58 - 0.23099040985107422 0.23099970817565918 0 1
4 4 - 59 - 0.23898744583129883 0.8010199069976807 0 0
4 4 - 60 - 0.7270004749298096 0.7309999465942383 0 1
4 4 - 61 - 0.7599756717681885 0.7640209197998047 0 1
4 4 - 62 - 0.7279994487762451 0.7069997787475586 1 0
4 4 - 63 - 0.2199993133544922 0.21899986267089844 0 1
4 4 - 64 - 0.2240123748779297 0.22099995613098145 0 1
4 4 - 65 - 0.728999137878418 0.7270007133483887 0 1
4 4 - 66 - 0.2359774112701416 0.23202276229858398 0 1
4 4 - 67 - 0.20799970626831055 0.20799994468688965 0 1
4 4 - 68 - 0.7509794235229492 0.7240002155303955 1 0
4 4 - 69 - 0.22001051902770996 0.21899962425231934 0 1
4 4 - 70 - 0.23598694801330566 0.8060207366943359 0 0
4 4 - 71 - 0.7839999198913574 0.7889997959136963 0 0
4 4 - 72 - 0.721980094909668 0.7210180759429932 0 1
4 4 - 73 - 0.760979175567627 0.7280209064483643 1 0
4 4 - 74 - 0.2329998016357422 0.2349998950958252 0 1
4 4 - 75 - 0.7440063953399658 0.7350084781646729 1 0
4 4 - 76 - 0.7900118827819824 0.7879817485809326 0 0
4 4 - 77 - 0.7940142154693604 0.7821869850158691 0 0
4 4 - 78 - 0.7609894275665283 0.73702073097229 1 0
4 4 - 79 - 0.2330152988433838 0.23098540306091309 0 1
4 4 - 80 - 0.8019967079162598 0.7890233993530273 0 0
4 4 - 81 - 0.779005765914917 0.7680001258850098 0 0
4 4 - 82 - 0.7270002365112305 0.7249999046325684 0 0
4 4 - 83 - 0.7589998245239258 0.7630002498626709 0 0
4 4 - 84 - 0.21001958847045898 0.2070002555847168 0 1
4 4 - 85 - 0.7660000324249268 0.7650206089019775 0 1
4 4 - 86 - 0.23299956321716309 0.23097944259643555 0 1
4 4 - 87 - 0.2239999771118164 0.22202086448669434 0 1
4 4 - 88 - 0.21202492713928223 0.2089998722076416 0 1
4 4 - 89 - 0.7320156097412109 0.7200045585632324 0 1
4 4 - 90 - 0.22499299049377441 0.21802067756652832 0 1
4 4 - 91 - 0.7850093841552734 0.7869997024536133 0 1
4 4 - 92 - 0.2349867820739746 0.7729897499084473 0 1
4 4 - 93 - 0.7850208282470703 0.7679734230041504 1 0
4 4 - 94 - 0.7230277061462402 0.7290003299713135 0 0
4 4 - 95 - 0.2199866771697998 0.22001028060913086 0 1
4 4 - 96 - 0.2199873924255371 0.21900200843811035 0 1
4 4 - 97 - 0.22101926803588867 0.2199997901916504 0 1
4 4 - 98 - 0.22200965881347656 0.22100043296813965 0 1
4 4 - 99 - 0.7600257396697998 0.7569997310638428 0 1
8 1 - 0 - 0.34300947189331055 0.33897900581359863 0 1
8 1 - 1 - 0.341998815536499 0.33901000022888184 0 1
8 1 - 2 - 0.36900877952575684 0.3660001754760742 0 1
8 1 - 3 - 0.3910081386566162 0.3859994411468506 0 1
8 1 - 4 - 0.8429889678955078 0.8151755332946777 0 0
8 1 - 5 - 0.8079988956451416 0.7960205078125 0 1
8 1 - 6 - 0.36700987815856934 0.3619997501373291 0 1
8 1 - 7 - 0.32098865509033203 0.3180561065673828 0 1
8 1 - 8 - 0.3480031490325928 0.8159945011138916 0 1
8 1 - 9 - 0.3520052433013916 0.3439962863922119 0 1
8 1 - 10 - 0.3699939250946045 0.36499619483947754 0 1
8 1 - 11 - 0.3720088005065918 0.36998891830444336 0 1
8 1 - 12 - 0.4179975986480713 0.420001745223999 0 1
8 1 - 13 - 0.40200376510620117 0.9829983711242676 0 1
8 1 - 14 - 0.34599924087524414 0.34099578857421875 0 1
8 1 - 15 - 0.3680000305175781 0.37099766731262207 0 1
8 1 - 16 - 0.34601902961730957 0.3399791717529297 0 1
8 1 - 17 - 0.34600162506103516 0.3399970531463623 0 1
8 1 - 18 - 0.34400439262390137 0.3399960994720459 0 1
8 1 - 19 - 0.3480031490325928 0.34099698066711426 0 1
8 1 - 20 - 0.3919966220855713 0.3899977207183838 0 1
8 1 - 21 - 0.3430018424987793 0.341017484664917 0 1
8 1 - 22 - 0.9389996528625488 0.9329943656921387 0 1
8 1 - 23 - 0.9330272674560547 0.9269754886627197 0 1
8 1 - 24 - 0.3469967842102051 0.8390028476715088 0 0
8 1 - 25 - 0.3430008888244629 0.3470180034637451 0 1
8 1 - 26 - 0.39101743698120117 0.39299988746643066 0 1
8 1 - 27 - 0.34602880477905273 0.34097909927368164 0 1
8 1 - 28 - 0.9280240535736084 0.9199998378753662 0 1
8 1 - 29 - 0.3660299777984619 0.3629789352416992 0 1
8 1 - 30 - 0.41801929473876953 0.41700029373168945 0 1
8 1 - 31 - 0.41800761222839355 0.9440016746520996 0 0
8 1 - 32 - 0.34180593490600586 0.33899974822998047 0 1
8 1 - 33 - 0.3180255889892578 0.3149998188018799 0 1
8 1 - 34 - 0.9050204753875732 0.8959994316101074 0 1
8 1 - 35 - 0.8230273723602295 0.8080003261566162 0 1
8 1 - 36 - 0.39002466201782227 0.3890044689178467 0 1
8 1 - 37 - 0.34401607513427734 0.3400001525878906 0 1
8 1 - 38 - 0.3440053462982178 0.34302258491516113 0 1
8 1 - 39 - 0.42102932929992676 0.9699909687042236 0 1
8 1 - 40 - 0.3470299243927002 0.3400001525878906 0 1
8 1 - 41 - 0.3480067253112793 0.341019868850708 0 1
8 1 - 42 - 0.370013952255249 0.3690001964569092 0 1
8 1 - 43 - 0.44502973556518555 0.437999963760376 0 1
8 1 - 44 - 0.4000258445739746 0.8909997940063477 0 1
8 1 - 45 - 0.3670072555541992 0.3649899959564209 0 1
8 1 - 46 - 0.4140169620513916 0.4120001792907715 0 1
8 1 - 47 - 0.8460235595703125 0.8350002765655518 0 1
8 1 - 48 - 0.882025957107544 0.8759775161743164 0 1
8 1 - 49 - 0.3770298957824707 0.8660004138946533 0 0
8 1 - 50 - 0.4430081844329834 0.4409921169281006 0 1
8 1 - 51 - 0.4030029773712158 0.9519953727722168 0 1
8 1 - 52 - 0.4209940433502197 0.41701436042785645 0 1
8 1 - 53 - 0.34801411628723145 0.3409998416900635 0 1
8 1 - 54 - 0.36801838874816895 0.36299991607666016 0 1
8 1 - 55 - 0.37001943588256836 0.3639981746673584 0 1
8 1 - 56 - 0.9013478755950928 0.8879735469818115 0 1
8 1 - 57 - 0.37000036239624023 0.3750009536743164 0 1
8 1 - 58 - 0.4100067615509033 0.3940103054046631 0 1
8 1 - 59 - 0.41999316215515137 0.425006628036499 0 1
8 1 - 60 - 0.4000282287597656 0.390239953994751 0 1
8 1 - 61 - 0.39200782775878906 0.39499521255493164 0 1
8 1 - 62 - 0.8860151767730713 0.8729794025421143 0 1
8 1 - 63 - 0.3669896125793457 0.36800551414489746 0 1
8 1 - 64 - 0.39301013946533203 0.39800047874450684 0 1
8 1 - 65 - 0.35100769996643066 0.9370002746582031 0 1
8 1 - 66 - 0.34300780296325684 0.3450002670288086 0 1
8 1 - 67 - 0.3939993381500244 0.39000988006591797 0 1
8 1 - 68 - 0.3670072555541992 0.36199021339416504 0 1
8 1 - 69 - 0.4159829616546631 0.4150264263153076 0 1
8 1 - 70 - 0.3920109272003174 0.3859899044036865 0 1
8 1 - 71 - 0.9400076866149902 0.93399977684021 0 1
8 1 - 72 - 0.39099836349487305 0.3889901638031006 0 1
8 1 - 73 - 0.39200735092163086 0.3860006332397461 0 1
8 1 - 74 - 0.8480072021484375 0.8430001735687256 0 1
8 1 - 75 - 0.3449862003326416 0.34299492835998535 0 1
8 1 - 76 - 0.4150097370147705 0.41098976135253906 0 1
8 1 - 77 - 0.39200854301452637 0.3929743766784668 0 1
8 1 - 78 - 0.8899881839752197 0.8710181713104248 0 1
8 1 - 79 - 0.3440060615539551 0.34297752380371094 0 1
8 1 - 80 - 0.4160034656524658 0.4139895439147949 0 1
8 1 - 81 - 0.34500741958618164 0.3470020294189453 0 1
8 1 - 82 - 0.8710095882415771 0.8610000610351562 0 0
8 1 - 83 - 0.878007173538208 0.8730001449584961 0 0
8 1 - 84 - 0.35600972175598145 0.8690047264099121 0 1
8 1 - 85 - 0.3930082321166992 0.38699984550476074 0 1
8 1 - 86 - 0.34398818016052246 0.34202051162719727 0 1
8 1 - 87 - 0.3459768295288086 0.3430311679840088 0 1
8 1 - 88 - 0.3950080871582031 0.39499998092651367 0 1
8 1 - 89 - 0.39700913429260254 0.3889896869659424 0 1
8 1 - 90 - 0.39700889587402344 0.9449999332427979 0 1
8 1 - 91 - 0.3669886589050293 0.3630204200744629 0 1
8 1 - 92 - 0.4151585102081299 0.41085124015808105 0 1
8 1 - 93 - 0.3670060634613037 0.36598992347717285 0 1
8 1 - 94 - 0.42300915718078613 0.4199793338775635 0 1
8 1 - 95 - 0.9749987125396729 0.9550096988677979 0 1
8 1 - 96 - 0.3460218906402588 0.33900022506713867 0 1
8 1 - 97 - 0.9100170135498047 0.8949875831604004 0 1
8 1 - 98 - 0.369006872177124 0.3660006523132324 0 1
8 1 - 99 - 0.36900830268859863 0.36300015449523926 0 1
8 2 - 0 - 0.4100000858306885 0.4010000228881836 0 1
8 2 - 1 - 0.40101170539855957 0.3999898433685303 0 1
8 2 - 2 - 0.4279906749725342 0.42799925804138184 0 1
8 2 - 3 - 0.45099782943725586 0.4509923458099365 0 1
8 2 - 4 - 0.43101000785827637 1.1599998474121094 0 0
8 2 - 5 - 1.1160094738006592 1.1089999675750732 0 1
8 2 - 6 - 0.4288609027862549 0.42399120330810547 0 1
8 2 - 7 - 0.38402581214904785 0.3759899139404297 0 1
8 2 - 8 - 0.4209883213043213 1.107011318206787 0 1
8 2 - 9 - 0.4019789695739746 0.41401076316833496 0 1
8 2 - 10 - 0.4279897212982178 0.42598962783813477 0 1
8 2 - 11 - 0.4280233383178711 0.4220004081726074 0 1
8 2 - 12 - 0.47698044776916504 1.2720191478729248 0 0
8 2 - 13 - 0.4550004005432129 1.383969783782959 0 0
8 2 - 14 - 0.40199756622314453 0.3970205783843994 0 1
8 2 - 15 - 0.43199992179870605 1.2549998760223389 0 0
8 2 - 16 - 0.40400075912475586 0.40301966667175293 0 1
8 2 - 17 - 0.4040086269378662 0.4010000228881836 0 1
8 2 - 18 - 0.4060187339782715 0.39897990226745605 0 1
8 2 - 19 - 0.4069983959197998 1.1669807434082031 0 0
8 2 - 20 - 0.4520149230957031 0.46100878715515137 0 1
8 2 - 21 - 0.4070000648498535 0.3970003128051758 0 1
8 2 - 22 - 1.264974594116211 1.2600200176239014 0 0
8 2 - 23 - 0.43899989128112793 1.2940001487731934 0 0
8 2 - 24 - 0.4020090103149414 1.1639792919158936 0 0
8 2 - 25 - 0.4040095806121826 1.2700002193450928 0 0
8 2 - 26 - 0.4540097713470459 1.2759997844696045 0 1
8 2 - 27 - 0.40298914909362793 0.39901065826416016 0 1
8 2 - 28 - 1.297999620437622 1.2989795207977295 0 0
8 2 - 29 - 0.42901039123535156 0.43600010871887207 0 1
8 2 - 30 - 0.4859933853149414 1.3020105361938477 0 0
8 2 - 31 - 0.4819965362548828 1.3439903259277344 0 0
8 2 - 32 - 0.4170234203338623 0.3999974727630615 0 1
8 2 - 33 - 0.37999844551086426 0.3786478042602539 0 1
8 2 - 34 - 1.2700128555297852 1.267989158630371 0 1
8 2 - 35 - 1.1470105648040771 1.1199986934661865 0 1
8 2 - 36 - 0.4489898681640625 0.4489896297454834 0 1
8 2 - 37 - 0.4099900722503662 0.4029998779296875 0 1
8 2 - 38 - 0.4050002098083496 0.40299177169799805 0 1
8 2 - 39 - 0.477020263671875 1.3290002346038818 0 0
8 2 - 40 - 0.40601015090942383 0.39800024032592773 0 1
8 2 - 41 - 0.407989501953125 0.40799999237060547 0 1
8 2 - 42 - 0.4280118942260742 1.1990079879760742 0 0
8 2 - 43 - 0.49699974060058594 0.49899983406066895 0 1
8 2 - 44 - 0.4499998092651367 1.2789745330810547 0 0
8 2 - 45 - 0.42602109909057617 0.4219796657562256 0 1
8 2 - 46 - 0.47501635551452637 0.47499990463256836 0 1
8 2 - 47 - 1.1999897956848145 1.1700105667114258 0 1
8 2 - 48 - 1.236001968383789 1.2320103645324707 0 1
8 2 - 49 - 0.44099974632263184 1.183976650238037 0 0
8 2 - 50 - 0.49602484703063965 0.5000002384185791 0 1
8 2 - 51 - 0.47098708152770996 1.3100099563598633 0 0
8 2 - 52 - 0.4760110378265381 1.3879997730255127 0 1
8 2 - 53 - 0.4020209312438965 0.4029858112335205 0 1
8 2 - 54 - 0.4340202808380127 0.42999958992004395 0 1
8 2 - 55 - 0.4291372299194336 0.422863245010376 0 1
8 2 - 56 - 1.238999843597412 1.233020305633545 0 1
8 2 - 57 - 0.43199968338012695 1.319000244140625 0 1
8 2 - 58 - 0.4529991149902344 0.4479997158050537 0 1
8 2 - 59 - 0.481980562210083 0.4710197448730469 0 1
8 2 - 60 - 0.453000545501709 0.45097899436950684 0 1
8 2 - 61 - 0.46800971031188965 1.2770001888275146 0 0
8 2 - 62 - 1.2570068836212158 1.2460203170776367 0 0
8 2 - 63 - 0.42702555656433105 0.4240000247955322 0 1
8 2 - 64 - 0.4499998092651367 1.3489999771118164 0 1
8 2 - 65 - 0.4139995574951172 1.2700002193450928 0 0
8 2 - 66 - 0.40491342544555664 0.39900994300842285 0 1
8 2 - 67 - 0.45100879669189453 0.4589996337890625 0 1
8 2 - 68 - 0.4289999008178711 0.42399001121520996 0 1
8 2 - 69 - 0.47900819778442383 0.47300052642822266 0 1
8 2 - 70 - 0.4519975185394287 0.44700002670288086 0 1
8 2 - 71 - 1.2759995460510254 1.2769999504089355 0 0
8 2 - 72 - 0.45097899436950684 0.44802045822143555 0 1
8 2 - 73 - 0.4540092945098877 0.4480104446411133 0 1
8 2 - 74 - 1.2050111293792725 1.1979961395263672 0 0
8 2 - 75 - 0.4070158004760742 0.40299057960510254 0 1
8 2 - 76 - 0.48300886154174805 0.47698497772216797 0 1
8 2 - 77 - 0.4530174732208252 1.3269999027252197 0 1
8 2 - 78 - 1.2069039344787598 1.1850001811981201 0 1
8 2 - 79 - 0.4039902687072754 0.4110100269317627 0 1
8 2 - 80 - 0.47802066802978516 1.3819997310638428 0 1
8 2 - 81 - 0.4070010185241699 1.237013578414917 0 0
8 2 - 82 - 1.170015573501587 1.1780004501342773 0 0
8 2 - 83 - 0.4239997863769531 1.19797945022583 0 0
8 2 - 84 - 0.4170210361480713 1.2709996700286865 0 0
8 2 - 85 - 0.4510002136230469 0.44698023796081543 0 1
8 2 - 86 - 0.4040210247039795 0.3959996700286865 0 1
8 2 - 87 - 0.4220142364501953 1.192000150680542 0 0
8 2 - 88 - 0.4530029296875 1.2650198936462402 0 1
8 2 - 89 - 0.4480102062225342 0.45101022720336914 0 1
8 2 - 90 - 0.45799684524536133 1.3149945735931396 0 0
8 2 - 91 - 0.42902708053588867 0.423001766204834 0 1
8 2 - 92 - 0.4729800224304199 0.4700198173522949 0 1
8 2 - 93 - 0.42799973487854004 0.4240000247955322 0 1
8 2 - 94 - 0.4809999465942383 1.2939999103546143 0 0
8 2 - 95 - 0.4309964179992676 1.3209795951843262 0 0
8 2 - 96 - 0.40799856185913086 0.4020204544067383 0 1
8 2 - 97 - 1.25400972366333 1.2299768924713135 0 0
8 2 - 98 - 0.42802000045776367 1.2929797172546387 0 0
8 2 - 99 - 0.4360196590423584 0.4250001907348633 0 1
8 4 - 0 - 0.5219883918762207 0.5179991722106934 0 1
8 4 - 1 - 0.5240099430084229 0.5229814052581787 0 1
8 4 - 2 - 0.5420234203338623 0.5389814376831055 0 1
8 4 - 3 - 0.5590100288391113 0.5590007305145264 0 1
8 4 - 4 - 0.5289807319641113 1.954012393951416 0 0
8 4 - 5 - 1.8700213432312012 1.8430063724517822 0 0
8 4 - 6 - 0.5400280952453613 0.5379998683929443 0 1
8 4 - 7 - 0.4899735450744629 0.4990260601043701 0 1
8 4 - 8 - 0.5200157165527344 1.984989881515503 0 1
8 4 - 9 - 0.5139999389648438 1.9610004425048828 0 1
8 4 - 10 - 0.5399959087371826 0.5430097579956055 0 1
8 4 - 11 - 0.5449972152709961 0.5400006771087646 0 1
8 4 - 12 - 0.5889897346496582 2.202009677886963 0 0
8 4 - 13 - 0.5669970512390137 2.2890002727508545 0 0
8 4 - 14 - 0.5159969329833984 0.5199997425079346 0 1
8 4 - 15 - 0.5450100898742676 2.1559998989105225 0 0
8 4 - 16 - 0.5119798183441162 0.5219941139221191 0 1
8 4 - 17 - 0.5189938545227051 0.5210237503051758 0 1
8 4 - 18 - 0.5179998874664307 0.5099802017211914 0 1
8 4 - 19 - 0.5190186500549316 2.0169718265533447 0 0
8 4 - 20 - 0.571021318435669 2.2709999084472656 0 0
8 4 - 21 - 0.5199999809265137 0.5099790096282959 0 1
8 4 - 22 - 2.1370227336883545 2.1299972534179688 0 0
8 4 - 23 - 0.5599792003631592 2.1570205688476562 0 0
8 4 - 24 - 0.5230002403259277 1.987999677658081 0 0
8 4 - 25 - 0.520061731338501 2.1189513206481934 0 0
8 4 - 26 - 0.5670111179351807 2.197009563446045 0 0
8 4 - 27 - 0.5139896869659424 0.5090100765228271 0 1
8 4 - 28 - 2.1609995365142822 2.1410000324249268 0 0
8 4 - 29 - 0.5370001792907715 0.5360000133514404 0 1
8 4 - 30 - 0.5870184898376465 2.263000011444092 0 0
8 4 - 31 - 0.5990087985992432 2.259979248046875 0 0
8 4 - 32 - 0.5130009651184082 0.5189988613128662 0 1
8 4 - 33 - 0.49700021743774414 0.49200010299682617 0 1
8 4 - 34 - 0.5390129089355469 2.0830001831054688 0 0
8 4 - 35 - 1.9100244045257568 1.9030001163482666 0 1
8 4 - 36 - 0.5629582405090332 0.5669801235198975 0 1
8 4 - 37 - 0.5169997215270996 0.5210096836090088 0 1
8 4 - 38 - 0.5289902687072754 0.514009952545166 0 1
8 4 - 39 - 0.5900142192840576 2.309000253677368 0 0
8 4 - 40 - 0.5190000534057617 0.5219998359680176 0 1
8 4 - 41 - 0.5209743976593018 0.5210258960723877 0 1
8 4 - 42 - 0.551999568939209 2.0459794998168945 0 0
8 4 - 43 - 0.6100175380706787 0.6109824180603027 0 1
8 4 - 44 - 0.5670087337493896 2.150010347366333 0 0
8 4 - 45 - 0.5470001697540283 0.5329773426055908 0 1
8 4 - 46 - 0.5870106220245361 0.5849888324737549 0 1
8 4 - 47 - 2.0319995880126953 1.9690101146697998 0 1
8 4 - 48 - 2.0700104236602783 2.02200984954834 0 0
8 4 - 49 - 0.5529899597167969 2.0360100269317627 0 0
8 4 - 50 - 0.6119999885559082 0.6039996147155762 0 1
8 4 - 51 - 0.5759994983673096 2.2579848766326904 0 0
8 4 - 52 - 0.5970206260681152 2.353999614715576 0 0
8 4 - 53 - 0.514101505279541 0.5138983726501465 0 1
8 4 - 54 - 0.5450088977813721 0.5409719944000244 0 1
8 4 - 55 - 0.5410170555114746 0.5349724292755127 0 1
8 4 - 56 - 2.0340025424957275 2.0349998474121094 0 0
8 4 - 57 - 0.5430104732513428 2.2159996032714844 0 0
8 4 - 58 - 0.5599997043609619 0.5699996948242188 0 1
8 4 - 59 - 0.5880000591278076 0.5810003280639648 0 1
8 4 - 60 - 0.5629997253417969 0.5649998188018799 0 1
8 4 - 61 - 0.5700094699859619 2.195000171661377 0 0
8 4 - 62 - 2.065999984741211 1.997999668121338 0 0
8 4 - 63 - 0.5449790954589844 0.5400080680847168 0 1
8 4 - 64 - 0.5659999847412109 2.2769901752471924 0 0
8 4 - 65 - 0.5349912643432617 2.1140191555023193 0 0
8 4 - 66 - 0.5139999389648438 0.5179994106292725 0 1
8 4 - 67 - 0.5710010528564453 2.2769875526428223 0 0
8 4 - 68 - 0.5380003452301025 0.5350000858306885 0 1
8 4 - 69 - 0.589975118637085 0.5810210704803467 0 1
8 4 - 70 - 0.5679996013641357 0.56600022315979 0 1
8 4 - 71 - 2.1059131622314453 2.1159796714782715 0 0
8 4 - 72 - 0.5679912567138672 0.5830073356628418 0 1
8 4 - 73 - 0.5639994144439697 0.557999849319458 0 1
8 4 - 74 - 2.0179994106292725 1.999999761581421 0 0
8 4 - 75 - 0.5219995975494385 0.5209794044494629 0 1
8 4 - 76 - 0.5910129547119141 0.5900070667266846 0 1
8 4 - 77 - 0.5630099773406982 2.2760002613067627 0 0
8 4 - 78 - 2.0649778842926025 2.0390219688415527 0 0
8 4 - 79 - 0.5120131969451904 0.5220077037811279 0 1
8 4 - 80 - 0.5910241603851318 2.3010001182556152 0 1
8 4 - 81 - 0.5299997329711914 2.062995195388794 0 0
8 4 - 82 - 1.979020118713379 1.9589905738830566 0 0
8 4 - 83 - 0.5370101928710938 2.062999963760376 0 0
8 4 - 84 - 0.5150244235992432 2.0310006141662598 0 0
8 4 - 85 - 0.566918134689331 0.5690000057220459 0 1
8 4 - 86 - 0.5190000534057617 0.5079996585845947 0 1
8 4 - 87 - 0.5290248394012451 2.0400002002716064 0 0
8 4 - 88 - 0.5629897117614746 2.1460001468658447 0 0
8 4 - 89 - 0.5619993209838867 0.5590000152587891 0 1
8 4 - 90 - 0.5809791088104248 2.2040205001831055 0 0
8 4 - 91 - 0.5430047512054443 0.5390093326568604 0 1
8 4 - 92 - 0.5849995613098145 0.5820102691650391 0 1
8 4 - 93 - 0.5420212745666504 0.5380001068115234 0 1
8 4 - 94 - 0.5859994888305664 2.2250006198883057 0 0
8 4 - 95 - 0.5509896278381348 2.209989547729492 0 0
8 4 - 96 - 0.5180001258850098 0.5129721164703369 0 1
8 4 - 97 - 2.120999336242676 2.0920186042785645 0 0
8 4 - 98 - 0.5420231819152832 2.2009999752044678 0 0
8 4 - 99 - 0.5479998588562012 0.5319998264312744 0 1
8 8 - 0 - 0.7401614189147949 0.7418384552001953 0 1
8 8 - 1 - 0.7399992942810059 0.7369904518127441 0 1
8 8 - 2 - 0.7589538097381592 0.7689995765686035 0 1
8 8 - 3 - 0.7919790744781494 0.7780206203460693 0 1
8 8 - 4 - 0.7450120449066162 2.6549997329711914 0 0
8 8 - 5 - 2.5320141315460205 2.5389997959136963 0 0
8 8 - 6 - 0.7630205154418945 0.7589733600616455 0 1
8 8 - 7 - 0.7260165214538574 0.7089946269989014 0 1
8 8 - 8 - 0.7619991302490234 2.6399998664855957 0 0
8 8 - 9 - 0.7399792671203613 2.661020517349243 0 1
8 8 - 10 - 0.765009880065918 0.7669796943664551 0 1
8 8 - 11 - 0.7640018463134766 0.7579832077026367 0 1
8 8 - 12 - 0.8080000877380371 2.900979518890381 0 0
8 8 - 13 - 0.787022590637207 2.9479880332946777 0 0
8 8 - 14 - 0.7390000820159912 0.7389993667602539 0 1
8 8 - 15 - 0.7649998664855957 2.859002113342285 0 0
8 8 - 16 - 0.7360000610351562 0.742999792098999 0 1
8 8 - 17 - 0.7379899024963379 0.7360098361968994 0 1
8 8 - 18 - 0.7339999675750732 0.7289996147155762 0 1
8 8 - 19 - 0.7450046539306641 2.6949996948242188 0 0
8 8 - 20 - 0.7829999923706055 2.8819901943206787 0 0
8 8 - 21 - 0.7399997711181641 0.7279999256134033 0 1
8 8 - 22 - 2.7940094470977783 2.815999984741211 0 0
8 8 - 23 - 0.778989315032959 2.811020612716675 0 0
8 8 - 24 - 0.7389998435974121 2.6640002727508545 0 0
8 8 - 25 - 0.741992712020874 2.809007167816162 0 0
8 8 - 26 - 0.7900071144104004 2.875999689102173 0 0
8 8 - 27 - 0.7430052757263184 0.7380080223083496 0 1
8 8 - 28 - 2.8573293685913086 2.8346846103668213 0 0
8 8 - 29 - 0.7599961757659912 0.7620096206665039 0 1
8 8 - 30 - 0.8139998912811279 2.9629998207092285 0 0
8 8 - 31 - 0.8249998092651367 2.944000005722046 0 0
8 8 - 32 - 0.7479994297027588 0.7460000514984131 0 1
8 8 - 33 - 0.7159996032714844 0.7160003185272217 0 1
8 8 - 34 - 0.7619998455047607 2.7859718799591064 0 0
8 8 - 35 - 2.6000125408172607 2.6020171642303467 0 1
8 8 - 36 - 0.7870264053344727 0.7879993915557861 0 1
8 8 - 37 - 0.7409980297088623 0.7419998645782471 0 1
8 8 - 38 - 0.738999605178833 0.7369904518127441 0 1
8 8 - 39 - 0.8169896602630615 2.982020616531372 0 0
8 8 - 40 - 0.7410147190093994 0.7429897785186768 0 1
8 8 - 41 - 0.7370090484619141 0.7489900588989258 0 1
8 8 - 42 - 0.7700092792510986 2.7679998874664307 0 0
8 8 - 43 - 0.8359999656677246 0.8329997062683105 0 1
8 8 - 44 - 0.7930197715759277 2.825978994369507 0 0
8 8 - 45 - 0.7689800262451172 0.7540206909179688 0 1
8 8 - 46 - 0.8050055503845215 0.8099808692932129 0 1
8 8 - 47 - 2.7759785652160645 2.6710078716278076 0 1
8 8 - 48 - 2.7310197353363037 2.7210001945495605 0 0
8 8 - 49 - 0.7659792900085449 2.741020441055298 0 0
8 8 - 50 - 0.8320002555847168 0.8250000476837158 0 1
8 8 - 51 - 0.7910168170928955 2.916985273361206 0 0
8 8 - 52 - 0.8070003986358643 3.027020215988159 0 0
8 8 - 53 - 0.7340474128723145 0.7349734306335449 0 1
8 8 - 54 - 0.7629997730255127 0.7590000629425049 0 1
8 8 - 55 - 0.7639994621276855 0.7579998970031738 0 1
8 8 - 56 - 2.7239999771118164 2.748999834060669 0 0
8 8 - 57 - 0.7659754753112793 2.916027069091797 0 0
8 8 - 58 - 0.7870304584503174 0.7889902591705322 0 1
8 8 - 59 - 0.8120098114013672 0.8040001392364502 0 1
8 8 - 60 - 0.778019905090332 0.7800002098083496 0 1
8 8 - 61 - 0.7869791984558105 2.897010564804077 0 0
8 8 - 62 - 2.704010248184204 2.6730000972747803 0 0
8 8 - 63 - 0.7620139122009277 0.7599995136260986 0 1
8 8 - 64 - 0.7940173149108887 2.958000421524048 0 0
8 8 - 65 - 0.7519993782043457 2.795999526977539 0 0
8 8 - 66 - 0.7430000305175781 0.7390000820159912 0 1
8 8 - 67 - 0.7850193977355957 2.9700000286102295 0 0
8 8 - 68 - 0.7610259056091309 0.7590005397796631 0 1
8 8 - 69 - 0.8060095310211182 0.812000036239624 0 1
8 8 - 70 - 0.7850110530853271 0.7889800071716309 0 1
8 8 - 71 - 2.77200984954834 2.7889997959136963 0 0
8 8 - 72 - 0.7870101928710938 0.7879996299743652 0 1
8 8 - 73 - 0.7920000553131104 0.7780096530914307 0 1
8 8 - 74 - 2.681025743484497 2.7130000591278076 0 0
8 8 - 75 - 0.7359967231750488 0.7310001850128174 0 1
8 8 - 76 - 0.8060002326965332 0.81199049949646 0 1
8 8 - 77 - 0.7880170345306396 2.932000160217285 0 0
8 8 - 78 - 2.7200100421905518 2.7329795360565186 0 0
8 8 - 79 - 0.7340102195739746 0.7409999370574951 0 1
8 8 - 80 - 0.8089582920074463 3.0169999599456787 0 1
8 8 - 81 - 0.7529993057250977 2.7780001163482666 0 0
8 8 - 82 - 2.661015272140503 2.6399998664855957 0 0
8 8 - 83 - 0.7580044269561768 2.716010332107544 0 0
8 8 - 84 - 0.7389731407165527 2.717026948928833 0 0
8 8 - 85 - 0.7949812412261963 0.7890181541442871 0 1
8 8 - 86 - 0.741976261138916 0.7300102710723877 0 1
8 8 - 87 - 0.755988359451294 2.7340211868286133 0 0
8 8 - 88 - 0.7930278778076172 2.8499996662139893 0 0
8 8 - 89 - 0.7829995155334473 0.7869997024536133 0 1
8 8 - 90 - 0.8000004291534424 2.9599997997283936 0 0
8 8 - 91 - 0.7629797458648682 0.7630209922790527 0 1
8 8 - 92 - 0.8030135631561279 0.8049790859222412 0 1
8 8 - 93 - 0.7720003128051758 0.7569897174835205 0 1
8 8 - 94 - 0.8120100498199463 2.930999755859375 0 0
8 8 - 95 - 0.7759995460510254 2.8979997634887695 0 0
8 8 - 96 - 0.739020586013794 0.7330002784729004 0 1
8 8 - 97 - 2.774019241333008 2.7629895210266113 0 0
8 8 - 98 - 0.766010046005249 2.8929901123046875 0 0
8 8 - 99 - 0.76200270652771 0.753018856048584 0 1
16 1 - 0 - 1.174009084701538 1.1629998683929443 0 1
16 1 - 1 - 1.0849967002868652 2.325993776321411 0 0
16 1 - 2 - 1.169018030166626 2.7129995822906494 0 1
16 1 - 3 - 1.1730282306671143 1.1719999313354492 0 1
16 1 - 4 - 1.170013427734375 1.1680092811584473 0 1
16 1 - 5 - 1.2720293998718262 2.4931716918945312 0 1
16 1 - 6 - 1.136028528213501 1.1540427207946777 0 1
16 1 - 7 - 1.2790987491607666 1.2930376529693604 0 1
16 1 - 8 - 1.244018316268921 1.2266576290130615 0 1
16 1 - 9 - 1.0441009998321533 1.035069465637207 0 1
16 1 - 10 - 1.0990078449249268 1.0709788799285889 0 1
16 1 - 11 - 1.1257164478302002 1.122657060623169 0 1
16 1 - 12 - 1.0260088443756104 1.0329899787902832 0 1
16 1 - 13 - 1.2690231800079346 1.255000114440918 0 1
16 1 - 14 - 1.1770150661468506 1.1820001602172852 0 1
16 1 - 15 - 1.2190089225769043 2.6029999256134033 0 1
16 1 - 16 - 1.17201828956604 1.180999994277954 0 1
16 1 - 17 - 1.1700115203857422 1.1590142250061035 0 1
16 1 - 18 - 1.1240177154541016 1.114999771118164 0 1
16 1 - 19 - 1.135009765625 1.1160001754760742 0 1
16 1 - 20 - 1.2780084609985352 1.2889997959136963 0 1
16 1 - 21 - 1.3690083026885986 1.3530001640319824 0 1
16 1 - 22 - 1.1280078887939453 1.128000259399414 0 1
16 1 - 23 - 1.0239818096160889 1.0230119228363037 0 1
16 1 - 24 - 1.1760165691375732 1.1579999923706055 0 1
16 1 - 25 - 1.085019588470459 1.0729997158050537 0 1
16 1 - 26 - 0.9810159206390381 0.9849996566772461 0 1
16 1 - 27 - 1.2680087089538574 1.253000259399414 0 1
16 1 - 28 - 1.1709864139556885 1.17802095413208 0 1
16 1 - 29 - 1.1290180683135986 1.1089918613433838 0 1
16 1 - 30 - 1.2230007648468018 1.2140090465545654 0 1
16 1 - 31 - 1.222020149230957 1.2059998512268066 0 1
16 1 - 32 - 1.269005537033081 1.2680001258850098 0 1
16 1 - 33 - 1.0770080089569092 1.0699999332427979 0 1
16 1 - 34 - 1.3119981288909912 1.2969892024993896 0 1
16 1 - 35 - 1.268021583557129 1.258000135421753 0 1
16 1 - 36 - 1.178009033203125 1.1589791774749756 0 1
16 1 - 37 - 1.272019863128662 1.2509992122650146 0 1
16 1 - 38 - 1.2760095596313477 1.2529995441436768 0 1
16 1 - 39 - 1.080014705657959 1.0740070343017578 0 1
16 1 - 40 - 0.9760053157806396 0.984058141708374 0 1
16 1 - 41 - 1.2780015468597412 1.260007619857788 0 1
16 1 - 42 - 1.081010341644287 1.0669987201690674 0 1
16 1 - 43 - 1.3130064010620117 1.3170104026794434 0 1
16 1 - 44 - 1.3670179843902588 1.3520100116729736 0 1
16 1 - 45 - 1.0740094184875488 1.0720000267028809 0 1
16 1 - 46 - 1.118009090423584 1.1119885444641113 0 1
16 1 - 47 - 0.9880237579345703 0.9699900150299072 0 1
16 1 - 48 - 1.0839884281158447 1.0680208206176758 0 1
16 1 - 49 - 1.1270089149475098 1.1169795989990234 0 1
16 1 - 50 - 1.0830268859863281 2.431999683380127 0 1
16 1 - 51 - 1.2770025730133057 1.263007402420044 0 1
16 1 - 52 - 1.1710081100463867 1.1590001583099365 0 1
16 1 - 53 - 0.9810037612915039 0.9770066738128662 0 1
16 1 - 54 - 1.2690155506134033 1.2600102424621582 0 1
16 1 - 55 - 1.2350084781646729 1.2269997596740723 0 1
16 1 - 56 - 1.1260097026824951 1.1210002899169922 0 1
16 1 - 57 - 1.0340096950531006 1.0270001888275146 0 1
16 1 - 58 - 1.1820096969604492 1.1719996929168701 0 1
16 1 - 59 - 1.30600905418396 2.746999979019165 0 1
16 1 - 60 - 1.3160090446472168 1.304999828338623 0 1
16 1 - 61 - 1.2750160694122314 1.2759695053100586 0 1
16 1 - 62 - 1.3150300979614258 1.317000150680542 0 1
16 1 - 63 - 1.0379786491394043 1.0260307788848877 0 1
16 1 - 64 - 1.1840097904205322 1.160001516342163 0 1
16 1 - 65 - 1.169008493423462 1.1619999408721924 0 1
16 1 - 66 - 1.2299957275390625 1.2240214347839355 0 1
16 1 - 67 - 1.2279958724975586 1.213010311126709 0 1
16 1 - 68 - 1.030979871749878 1.021028757095337 0 1
16 1 - 69 - 1.0760173797607422 1.0720000267028809 0 1
16 1 - 70 - 1.0730094909667969 1.0789930820465088 0 1
16 1 - 71 - 1.2709991931915283 1.257979393005371 0 1
16 1 - 72 - 1.372972011566162 1.368971586227417 0 1
16 1 - 73 - 1.131000280380249 1.118997573852539 0 1
16 1 - 74 - 1.1890020370483398 1.1749958992004395 0 1
16 1 - 75 - 0.9880146980285645 0.982975959777832 0 1
16 1 - 76 - 1.1740036010742188 1.1669938564300537 0 1
16 1 - 77 - 1.2739977836608887 1.2589993476867676 0 1
16 1 - 78 - 1.172992467880249 1.169997215270996 0 1
16 1 - 79 - 1.2250051498413086 1.2329976558685303 0 1
16 1 - 80 - 1.32899808883667 1.3239977359771729 0 1
16 1 - 81 - 1.1330018043518066 1.1170170307159424 0 1
16 1 - 82 - 1.3809840679168701 1.3579745292663574 0 1
16 1 - 83 - 1.127002477645874 1.117997646331787 0 1
16 1 - 84 - 1.1300053596496582 1.1210267543792725 0 1
16 1 - 85 - 1.2630178928375244 1.264979362487793 0 1
16 1 - 86 - 1.1719954013824463 1.1610283851623535 0 1
16 1 - 87 - 1.1280181407928467 1.1140010356903076 0 1
16 1 - 88 - 1.272998571395874 1.2610182762145996 0 1
16 1 - 89 - 1.3760089874267578 1.3570001125335693 0 1
16 1 - 90 - 1.0750246047973633 1.0629994869232178 0 1
16 1 - 91 - 1.233016014099121 1.2049999237060547 0 1
16 1 - 92 - 1.221015453338623 1.2139999866485596 0 1
16 1 - 93 - 1.3789985179901123 1.3730096817016602 0 1
16 1 - 94 - 1.1930084228515625 1.182999849319458 0 1
16 1 - 95 - 1.1220040321350098 1.112990379333496 0 1
16 1 - 96 - 1.174985408782959 1.1620233058929443 0 1
16 1 - 97 - 1.2220077514648438 1.2109730243682861 0 1
16 1 - 98 - 1.1270089149475098 1.126000165939331 0 1
16 1 - 99 - 1.314009666442871 1.311999797821045 0 1
16 2 - 0 - 1.3240156173706055 1.299999475479126 0 1
16 2 - 1 - 1.176997423171997 2.9970004558563232 0 0
16 2 - 2 - 1.2649853229522705 3.509376049041748 0 1
16 2 - 3 - 1.3440182209014893 3.3180091381073 0 1
16 2 - 4 - 1.3209795951843262 1.2979998588562012 0 1
16 2 - 5 - 1.407979965209961 3.1379988193511963 0 1
16 2 - 6 - 1.2869925498962402 3.46802020072937 0 0
16 2 - 7 - 1.4069995880126953 1.3800005912780762 0 1
16 2 - 8 - 1.3649969100952148 1.3370003700256348 0 1
16 2 - 9 - 1.1630001068115234 1.1829900741577148 0 1
16 2 - 10 - 1.1979782581329346 1.1810204982757568 0 1
16 2 - 11 - 1.2670040130615234 1.2700104713439941 0 1
16 2 - 12 - 1.173020839691162 1.1399996280670166 0 1
16 2 - 13 - 1.418997049331665 1.373969554901123 0 1
16 2 - 14 - 1.3080289363861084 1.3320000171661377 0 1
16 2 - 15 - 1.379016399383545 3.2940096855163574 0 1
16 2 - 16 - 1.3050000667572021 1.3229789733886719 0 1
16 2 - 17 - 1.312999963760376 1.303020715713501 0 1
16 2 - 18 - 1.265979290008545 1.2530202865600586 0 1
16 2 - 19 - 1.2579991817474365 1.2400000095367432 0 1
16 2 - 20 - 1.4089891910552979 1.4390208721160889 0 1
16 2 - 21 - 1.5239996910095215 1.4759998321533203 0 1
16 2 - 22 - 1.2889997959136963 3.2199795246124268 0 1
16 2 - 23 - 1.1569993495941162 1.177999496459961 0 1
16 2 - 24 - 1.3099884986877441 1.2940001487731934 0 1
16 2 - 25 - 1.2379891872406006 3.3020200729370117 0 1
16 2 - 26 - 1.1290247440338135 1.1249794960021973 0 1
16 2 - 27 - 1.410020351409912 1.4009730815887451 0 1
16 2 - 28 - 1.3380203247070312 1.3349997997283936 0 1
16 2 - 29 - 1.2729787826538086 1.2710206508636475 0 1
16 2 - 30 - 1.3719675540924072 1.3410003185272217 0 1
16 2 - 31 - 1.3400146961212158 1.3610000610351562 0 1
16 2 - 32 - 1.4159793853759766 1.4259998798370361 0 1
16 2 - 33 - 1.2269999980926514 1.2150001525878906 0 1
16 2 - 34 - 1.456000566482544 1.4399993419647217 0 1
16 2 - 35 - 1.3969998359680176 1.4299795627593994 0 1
16 2 - 36 - 1.3310208320617676 1.2879900932312012 0 1
16 2 - 37 - 1.388010025024414 1.3899996280670166 0 1
16 2 - 38 - 1.4200103282928467 1.394979476928711 0 1
16 2 - 39 - 1.234999418258667 3.1030001640319824 0 1
16 2 - 40 - 1.121999979019165 1.1290006637573242 0 1
16 2 - 41 - 1.4179160594940186 1.430021047592163 0 1
16 2 - 42 - 1.2200253009796143 1.1890003681182861 0 1
16 2 - 43 - 1.450979232788086 3.536020517349243 0 1
16 2 - 44 - 1.499016284942627 3.4670000076293945 0 1
16 2 - 45 - 1.2340247631072998 3.2319998741149902 0 1
16 2 - 46 - 1.265977382659912 1.2440223693847656 0 1
16 2 - 47 - 1.1390044689178467 1.110020399093628 0 1
16 2 - 48 - 1.2419795989990234 1.215010643005371 0 1
16 2 - 49 - 1.2560205459594727 3.117999792098999 0 1
16 2 - 50 - 1.254969835281372 2.948030471801758 0 1
16 2 - 51 - 1.4239997863769531 3.4579997062683105 0 0
16 2 - 52 - 1.3009915351867676 1.2859795093536377 0 1
16 2 - 53 - 1.1310203075408936 1.126000165939331 0 1
16 2 - 54 - 1.3899877071380615 1.402021884918213 0 1
16 2 - 55 - 1.3689789772033691 1.3990683555603027 0 1
16 2 - 56 - 1.2680203914642334 1.2320005893707275 0 1
16 2 - 57 - 1.1729795932769775 1.1800203323364258 0 1
16 2 - 58 - 1.3349995613098145 1.315000057220459 0 1
16 2 - 59 - 1.42799973487854 3.437999963760376 0 1
16 2 - 60 - 1.4499993324279785 1.4529902935028076 0 1
16 2 - 61 - 1.417020320892334 3.2850000858306885 0 1
16 2 - 62 - 1.4430134296417236 3.4769999980926514 0 1
16 2 - 63 - 1.168013095855713 1.1709997653961182 0 1
16 2 - 64 - 1.331895112991333 1.3259999752044678 0 1
16 2 - 65 - 1.3469994068145752 1.3189842700958252 0 1
16 2 - 66 - 1.3700206279754639 1.3709795475006104 0 1
16 2 - 67 - 1.3370003700256348 1.3689992427825928 0 1
16 2 - 68 - 1.1589937210083008 1.1860270500183105 0 1
16 2 - 69 - 1.2149791717529297 1.2090203762054443 0 1
16 2 - 70 - 1.2091186046600342 1.2249023914337158 0 1
16 2 - 71 - 1.4280238151550293 1.3849999904632568 0 1
16 2 - 72 - 1.4910001754760742 3.6310088634490967 0 0
16 2 - 73 - 1.2670204639434814 1.2789795398712158 0 1
16 2 - 74 - 1.3410000801086426 3.2089903354644775 0 1
16 2 - 75 - 1.11202073097229 1.1140000820159912 0 1
16 2 - 76 - 1.3489997386932373 1.3090002536773682 0 1
16 2 - 77 - 1.4149997234344482 1.3899800777435303 0 1
16 2 - 78 - 1.3680040836334229 3.3450005054473877 0 1
16 2 - 79 - 1.366999626159668 3.2049827575683594 0 1
16 2 - 80 - 1.4610271453857422 3.4350006580352783 0 1
16 2 - 81 - 1.2549769878387451 1.2569999694824219 0 1
16 2 - 82 - 1.5219998359680176 1.4769997596740723 0 1
16 2 - 83 - 1.2570030689239502 1.2820172309875488 0 1
16 2 - 84 - 1.2569994926452637 1.2730000019073486 0 1
16 2 - 85 - 1.403003215789795 1.3699791431427002 0 1
16 2 - 86 - 1.3240203857421875 1.2739996910095215 0 1
16 2 - 87 - 1.2950122356414795 1.2349998950958252 0 1
16 2 - 88 - 1.4100167751312256 1.371999979019165 0 1
16 2 - 89 - 1.5079984664916992 1.4769999980926514 0 1
16 2 - 90 - 1.2349793910980225 1.2030205726623535 0 1
16 2 - 91 - 1.361952781677246 1.3579797744750977 0 1
16 2 - 92 - 1.3800134658813477 1.3380074501037598 0 1
16 2 - 93 - 1.5179994106292725 3.6060001850128174 0 1
16 2 - 94 - 1.2970199584960938 3.4270007610321045 0 1
16 2 - 95 - 1.259026288986206 1.2260000705718994 0 1
16 2 - 96 - 1.3299314975738525 1.2769999504089355 0 1
16 2 - 97 - 1.354999303817749 1.3520002365112305 0 1
16 2 - 98 - 1.2700202465057373 1.2729902267456055 0 1
16 2 - 99 - 1.4540205001831055 1.4609708786010742 0 1
16 4 - 0 - 1.5590288639068604 1.5360000133514404 0 1
16 4 - 1 - 1.3959996700286865 4.483000040054321 0 0
16 4 - 2 - 1.5060195922851562 4.6610002517700195 0 0
16 4 - 3 - 1.56500244140625 4.696009635925293 0 1
16 4 - 4 - 1.562971591949463 1.5390284061431885 0 1
16 4 - 5 - 1.6259846687316895 4.441999912261963 0 1
16 4 - 6 - 1.4950203895568848 4.914999723434448 0 0
16 4 - 7 - 1.6520001888275146 1.6269993782043457 0 1
16 4 - 8 - 1.609999656677246 1.5729999542236328 0 1
16 4 - 9 - 1.3989999294281006 1.4359796047210693 0 1
16 4 - 10 - 1.4880006313323975 1.4039998054504395 0 1
16 4 - 11 - 1.5228960514068604 4.385990142822266 0 1
16 4 - 12 - 1.443000078201294 1.4019794464111328 0 1
16 4 - 13 - 1.6590054035186768 1.6129891872406006 0 1
16 4 - 14 - 1.5590007305145264 4.737999677658081 0 0
16 4 - 15 - 1.5849900245666504 4.7350099086761475 0 1
16 4 - 16 - 1.5569994449615479 4.806999921798706 0 0
16 4 - 17 - 1.5380151271820068 1.509979486465454 0 1
16 4 - 18 - 1.4909999370574951 1.4790098667144775 0 1
16 4 - 19 - 1.5169994831085205 1.4780001640319824 0 1
16 4 - 20 - 1.6429996490478516 5.098999738693237 0 0
16 4 - 21 - 1.7439994812011719 1.702000379562378 0 1
16 4 - 22 - 1.5309898853302002 4.767001152038574 0 0
16 4 - 23 - 1.4080095291137695 1.4809999465942383 0 1
16 4 - 24 - 1.5649971961975098 1.5109996795654297 0 1
16 4 - 25 - 1.4599997997283936 4.958000183105469 0 0
16 4 - 26 - 1.3780205249786377 3.9900200366973877 0 1
16 4 - 27 - 1.6309995651245117 1.6169993877410889 0 1
16 4 - 28 - 1.5650203227996826 4.772970676422119 0 0
16 4 - 29 - 1.5080235004425049 1.488999605178833 0 1
16 4 - 30 - 1.6239778995513916 1.563028335571289 0 1
16 4 - 31 - 1.5830252170562744 1.6099998950958252 0 1
16 4 - 32 - 1.6480000019073486 5.134999752044678 0 0
16 4 - 33 - 1.4669713973999023 1.4920282363891602 0 1
16 4 - 34 - 1.7070200443267822 1.6749799251556396 0 1
16 4 - 35 - 1.6369996070861816 1.6170001029968262 0 1
16 4 - 36 - 1.548999309539795 1.5489990711212158 0 1
16 4 - 37 - 1.6499993801116943 1.6050209999084473 0 1
16 4 - 38 - 1.6440002918243408 1.6279990673065186 0 1
16 4 - 39 - 1.4589996337890625 4.6549999713897705 0 0
16 4 - 40 - 1.3759891986846924 3.8950204849243164 0 1
16 4 - 41 - 1.625992774963379 4.871020555496216 0 1
16 4 - 42 - 1.4520246982574463 1.4259998798370361 0 1
16 4 - 43 - 1.7070000171661377 4.981000185012817 0 0
16 4 - 44 - 1.7370002269744873 4.977999448776245 0 1
16 4 - 45 - 1.450230598449707 4.675769329071045 0 0
16 4 - 46 - 1.5100069046020508 1.485999584197998 0 1
16 4 - 47 - 1.3760054111480713 1.314979076385498 0 1
16 4 - 48 - 1.452988862991333 1.4380073547363281 0 1
16 4 - 49 - 1.4819998741149902 4.490999698638916 0 1
16 4 - 50 - 1.4469940662384033 4.182031154632568 0 1
16 4 - 51 - 1.6359992027282715 5.032000303268433 0 1
16 4 - 52 - 1.5680272579193115 1.5079882144927979 0 1
16 4 - 53 - 1.4129998683929443 4.405003070831299 0 0
16 4 - 54 - 1.649005651473999 1.6359999179840088 0 1
16 4 - 55 - 1.606999397277832 4.889991283416748 0 1
16 4 - 56 - 1.4949970245361328 1.4629998207092285 0 1
16 4 - 57 - 1.4060003757476807 4.4340105056762695 0 1
16 4 - 58 - 1.5300211906433105 1.5559790134429932 0 1
16 4 - 59 - 1.6499767303466797 4.945019721984863 0 0
16 4 - 60 - 1.690000057220459 1.7040002346038818 0 1
16 4 - 61 - 1.6400160789489746 4.562999725341797 0 1
16 4 - 62 - 1.6938786506652832 4.859919786453247 0 1
16 4 - 63 - 1.3990001678466797 1.440000057220459 0 1
16 4 - 64 - 1.5400002002716064 1.5569994449615479 0 1
16 4 - 65 - 1.5779802799224854 1.5669991970062256 0 1
16 4 - 66 - 1.5910248756408691 4.7340004444122314 0 0
16 4 - 67 - 1.597996711730957 1.5989997386932373 0 1
16 4 - 68 - 1.4139995574951172 4.63797926902771 0 1
16 4 - 69 - 1.4709997177124023 1.4199998378753662 0 1
16 4 - 70 - 1.4600250720977783 1.442979335784912 0 1
16 4 - 71 - 1.63802170753479 1.7009999752044678 0 1
16 4 - 72 - 1.7409937381744385 5.323010444641113 0 0
16 4 - 73 - 1.520986795425415 1.489020586013794 0 1
16 4 - 74 - 1.5530004501342773 4.811999559402466 0 0
16 4 - 75 - 1.3659894466400146 1.3320307731628418 0 1
16 4 - 76 - 1.5540077686309814 1.5360174179077148 0 1
16 4 - 77 - 1.6359996795654297 1.6140005588531494 0 1
16 4 - 78 - 1.5490198135375977 4.765978097915649 0 1
16 4 - 79 - 1.5950250625610352 4.482979774475098 0 1
16 4 - 80 - 1.6689999103546143 4.753000020980835 0 1
16 4 - 81 - 1.5 1.4670004844665527 0 1
16 4 - 82 - 1.7469792366027832 1.7210204601287842 0 1
16 4 - 83 - 1.490999698638916 1.4680001735687256 0 1
16 4 - 84 - 1.509023904800415 4.810999870300293 0 0
16 4 - 85 - 1.6460087299346924 1.6129999160766602 0 1
16 4 - 86 - 1.5349996089935303 1.5430030822753906 0 1
16 4 - 87 - 1.5270254611968994 1.4509999752044678 0 1
16 4 - 88 - 1.6509969234466553 1.6229791641235352 0 1
16 4 - 89 - 1.74399733543396 1.7049798965454102 0 1
16 4 - 90 - 1.4910204410552979 1.4189999103546143 0 1
16 4 - 91 - 1.5929896831512451 1.5740008354187012 0 1
16 4 - 92 - 1.6229889392852783 1.5860207080841064 0 1
16 4 - 93 - 1.7510204315185547 5.231999635696411 0 0
16 4 - 94 - 1.5410003662109375 5.049999475479126 0 0
16 4 - 95 - 1.5030107498168945 1.4900095462799072 0 1
16 4 - 96 - 1.5730245113372803 1.5340003967285156 0 1
16 4 - 97 - 1.5920000076293945 1.5909996032714844 0 1
16 4 - 98 - 1.5280146598815918 5.011980056762695 0 1
16 4 - 99 - 1.7555265426635742 5.5119781494140625 0 0
16 8 - 0 - 2.026028633117676 2.0619711875915527 0 1
4 2 - 2 - 0.17299699783325195 0.6529951095581055 0 1
4 2 - 2 - 0.44201087951660156 21.839466094970703 0 0
