4 1 - 0 - 0.4831559658050537 0
4 1 - 1 - 0.3210725784301758 1
4 1 - 2 - 0.33126330375671387 1
4 1 - 3 - 0.2677731513977051 1
4 1 - 4 - 0.3612511157989502 0
4 1 - 5 - 0.39045119285583496 1
4 1 - 6 - 0.4201242923736572 1
4 1 - 7 - 0.2896158695220947 1
4 1 - 8 - 0.37651753425598145 0
4 1 - 9 - 0.3911597728729248 1
4 1 - 10 - 0.43514537811279297 1
4 1 - 11 - 0.42192602157592773 1
4 1 - 12 - 0.36049747467041016 1
4 1 - 13 - 0.37126874923706055 1
4 1 - 14 - 0.2775256633758545 1
4 1 - 15 - 0.41079115867614746 1
4 1 - 16 - 0.3215615749359131 1
4 1 - 17 - 0.326946496963501 1
4 1 - 18 - 0.3262038230895996 1
4 1 - 19 - 0.3156731128692627 1
4 1 - 20 - 0.3385024070739746 1
4 1 - 21 - 0.2073516845703125 1
4 1 - 22 - 0.31630635261535645 1
4 1 - 23 - 0.32005763053894043 1
4 1 - 24 - 0.32906627655029297 1
4 1 - 25 - 0.2702326774597168 1
4 1 - 26 - 0.19165349006652832 1
4 1 - 27 - 0.1698746681213379 1
4 1 - 28 - 0.22069191932678223 1
4 1 - 29 - 0.1819319725036621 1
4 1 - 30 - 0.21598577499389648 1
4 1 - 31 - 0.2650883197784424 1
4 1 - 32 - 0.19340968132019043 1
4 1 - 33 - 0.20535802841186523 1
4 1 - 34 - 0.22940707206726074 1
4 1 - 35 - 0.15435314178466797 1
4 1 - 36 - 0.23965120315551758 1
4 1 - 37 - 0.2032027244567871 1
4 1 - 38 - 0.18781757354736328 1
4 1 - 39 - 0.21457886695861816 0
4 1 - 40 - 0.1629321575164795 1
4 1 - 41 - 0.24451684951782227 1
4 1 - 42 - 0.2250218391418457 1
4 1 - 43 - 0.30371665954589844 1
4 1 - 44 - 0.2317795753479004 1
4 1 - 45 - 0.27893710136413574 1
4 1 - 46 - 0.2543528079986572 1
4 1 - 47 - 0.31391477584838867 0
4 1 - 48 - 0.28002119064331055 1
4 1 - 49 - 0.21728825569152832 1
4 1 - 50 - 0.3292059898376465 0
4 1 - 51 - 0.16139650344848633 1
4 1 - 52 - 0.27336716651916504 1
4 1 - 53 - 0.1387801170349121 1
4 1 - 54 - 0.29373669624328613 1
4 1 - 55 - 0.17166519165039062 1
4 1 - 56 - 0.18040132522583008 1
4 1 - 57 - 0.25023579597473145 0
4 1 - 58 - 0.17061233520507812 1
4 1 - 59 - 0.22570586204528809 1
4 1 - 60 - 0.1481168270111084 1
4 1 - 61 - 0.17719531059265137 1
4 1 - 62 - 0.19843530654907227 0
4 1 - 63 - 0.17302751541137695 1
4 1 - 64 - 0.17776966094970703 1
4 1 - 65 - 0.15003204345703125 1
4 1 - 66 - 0.1901383399963379 1
4 1 - 67 - 0.18691444396972656 1
4 1 - 68 - 0.18523478507995605 0
4 1 - 69 - 0.14479732513427734 1
4 1 - 70 - 0.3382754325866699 1
4 1 - 71 - 0.1939554214477539 1
4 1 - 72 - 0.19763469696044922 1
4 1 - 73 - 0.2760748863220215 0
4 1 - 74 - 0.17173528671264648 1
4 1 - 75 - 0.25865840911865234 0
4 1 - 76 - 0.22829961776733398 1
4 1 - 77 - 0.2498464584350586 1
4 1 - 78 - 0.21819233894348145 0
4 1 - 79 - 0.20627665519714355 1
4 1 - 80 - 0.1978001594543457 1
4 1 - 81 - 0.20790886878967285 0
4 1 - 82 - 0.0864264965057373 1
4 1 - 83 - 0.2589538097381592 1
4 1 - 84 - 0.26522159576416016 1
4 1 - 85 - 0.18630647659301758 1
4 1 - 86 - 0.257159948348999 1
4 1 - 87 - 0.17906975746154785 1
4 1 - 88 - 0.16660761833190918 1
4 1 - 89 - 0.2535243034362793 1
4 1 - 90 - 0.17992115020751953 1
4 1 - 91 - 0.19044852256774902 1
4 1 - 92 - 0.18389558792114258 1
4 1 - 93 - 0.1810762882232666 0
4 1 - 94 - 0.2189774513244629 1
4 1 - 95 - 0.23973846435546875 1
4 1 - 96 - 0.19185829162597656 1
4 1 - 97 - 0.19138550758361816 1
4 1 - 98 - 0.2757866382598877 1
4 1 - 99 - 0.18224549293518066 1
4 2 - 0 - 0.2248520851135254 0
4 2 - 1 - 0.29368066787719727 1
4 2 - 2 - 0.22036457061767578 1
4 2 - 3 - 0.21689963340759277 1
4 2 - 4 - 0.19459748268127441 0
4 2 - 5 - 0.20267295837402344 1
4 2 - 6 - 0.21175646781921387 1
4 2 - 7 - 0.21965312957763672 1
4 2 - 8 - 0.22451066970825195 0
4 2 - 9 - 0.19426178932189941 1
4 2 - 10 - 0.20974493026733398 1
4 2 - 11 - 0.24995064735412598 1
4 2 - 12 - 0.18569254875183105 1
4 2 - 13 - 0.19620299339294434 1
4 2 - 14 - 0.18844151496887207 1
4 2 - 15 - 0.27666544914245605 1
4 2 - 16 - 0.33829736709594727 1
4 2 - 17 - 0.44290852546691895 1
4 2 - 18 - 0.2599799633026123 1
4 2 - 19 - 0.24186325073242188 1
4 2 - 20 - 0.19142436981201172 1
4 2 - 21 - 0.18598031997680664 1
4 2 - 22 - 0.3141186237335205 1
4 2 - 23 - 0.2717163562774658 1
4 2 - 24 - 0.23011136054992676 1
4 2 - 25 - 0.27933502197265625 1
4 2 - 26 - 0.18877458572387695 1
4 2 - 27 - 0.17415761947631836 1
4 2 - 28 - 0.1801741123199463 1
4 2 - 29 - 0.09865880012512207 1
4 2 - 30 - 0.3004188537597656 1
4 2 - 31 - 0.2809619903564453 1
4 2 - 32 - 0.3176743984222412 1
4 2 - 33 - 0.0984659194946289 1
4 2 - 34 - 0.23739242553710938 1
4 2 - 35 - 0.21960067749023438 1
4 2 - 36 - 0.09907889366149902 1
4 2 - 37 - 0.22182726860046387 1
4 2 - 38 - 0.23151183128356934 1
4 2 - 39 - 0.10843443870544434 0
4 2 - 40 - 0.33399367332458496 1
4 2 - 41 - 0.17341971397399902 1
4 2 - 42 - 0.23225951194763184 1
4 2 - 43 - 0.18184256553649902 1
4 2 - 44 - 0.2078227996826172 1
4 2 - 45 - 0.3309364318847656 1
4 2 - 46 - 0.31344032287597656 1
4 2 - 47 - 0.1065223217010498 0
4 2 - 48 - 0.24851202964782715 1
4 2 - 49 - 0.19872260093688965 1
4 2 - 50 - 0.1070556640625 0
4 2 - 51 - 0.2333526611328125 1
4 2 - 52 - 0.24860811233520508 1
4 2 - 53 - 0.23839879035949707 1
4 2 - 54 - 0.2569568157196045 1
4 2 - 55 - 0.16077446937561035 1
4 2 - 56 - 0.22609496116638184 1
4 2 - 57 - 0.20409941673278809 0
4 2 - 58 - 0.2702639102935791 1
4 2 - 59 - 0.1973438262939453 1
4 2 - 60 - 0.2463977336883545 1
4 2 - 61 - 0.24451923370361328 1
4 2 - 62 - 0.26584959030151367 0
4 2 - 63 - 0.1524794101715088 1
4 2 - 64 - 0.1677229404449463 1
4 2 - 65 - 0.23399710655212402 1
4 2 - 66 - 0.16920065879821777 1
4 2 - 67 - 0.29743361473083496 1
4 2 - 68 - 0.22222065925598145 0
4 2 - 69 - 0.20651030540466309 1
4 2 - 70 - 0.18490910530090332 1
4 2 - 71 - 0.2189490795135498 1
4 2 - 72 - 0.2594883441925049 1
4 2 - 73 - 0.18398022651672363 0
4 2 - 74 - 0.21358084678649902 1
4 2 - 75 - 0.19483327865600586 0
4 2 - 76 - 0.0928032398223877 1
4 2 - 77 - 0.2762742042541504 1
4 2 - 78 - 0.2134706974029541 0
4 2 - 79 - 0.16826796531677246 1
4 2 - 80 - 0.1075279712677002 1
4 2 - 81 - 0.2530038356781006 1
4 2 - 82 - 0.24973440170288086 1
4 2 - 83 - 0.18305706977844238 1
4 2 - 84 - 0.09618782997131348 1
4 2 - 85 - 0.1780400276184082 1
4 2 - 86 - 0.21234536170959473 1
4 2 - 87 - 0.2926170825958252 1
4 2 - 88 - 0.18425703048706055 1
4 2 - 89 - 0.27361273765563965 1
4 2 - 90 - 0.213958740234375 1
4 2 - 91 - 0.2548329830169678 1
4 2 - 92 - 0.2084364891052246 1
4 2 - 93 - 0.260235071182251 0
4 2 - 94 - 0.25847291946411133 1
4 2 - 95 - 0.16840314865112305 1
4 2 - 96 - 0.1827986240386963 1
4 2 - 97 - 0.17434406280517578 1
4 2 - 98 - 0.22284603118896484 1
4 2 - 99 - 0.2367398738861084 1
4 4 - 0 - 0.3150210380554199 0
4 4 - 1 - 0.18648123741149902 1
4 4 - 2 - 0.2790846824645996 1
4 4 - 3 - 0.27489733695983887 1
4 4 - 4 - 0.2356414794921875 0
4 4 - 5 - 0.21443510055541992 1
4 4 - 6 - 0.2663710117340088 1
4 4 - 7 - 0.1991863250732422 1
4 4 - 8 - 0.31985020637512207 0
4 4 - 9 - 0.17786622047424316 1
4 4 - 10 - 0.3040142059326172 1
4 4 - 11 - 0.18092823028564453 1
4 4 - 12 - 0.24026894569396973 1
4 4 - 13 - 0.30665087699890137 1
4 4 - 14 - 0.21055006980895996 1
4 4 - 15 - 0.21808409690856934 1
4 4 - 16 - 0.17995214462280273 1
4 4 - 17 - 0.3063781261444092 1
4 4 - 18 - 0.19525694847106934 1
4 4 - 19 - 0.2845580577850342 1
4 4 - 20 - 0.23348307609558105 1
4 4 - 21 - 0.25098443031311035 1
4 4 - 22 - 0.2002880573272705 1
4 4 - 23 - 0.19238781929016113 1
4 4 - 24 - 0.18100428581237793 1
4 4 - 25 - 0.2575380802154541 1
4 4 - 26 - 0.23709821701049805 1
4 4 - 27 - 0.2279353141784668 1
4 4 - 28 - 0.2612338066101074 1
4 4 - 29 - 0.34235215187072754 1
4 4 - 30 - 0.2125234603881836 1
4 4 - 31 - 0.1827399730682373 1
4 4 - 32 - 0.1869807243347168 1
4 4 - 33 - 0.21125173568725586 1
4 4 - 34 - 0.22748327255249023 1
4 4 - 35 - 0.16176867485046387 1
4 4 - 36 - 0.2615664005279541 1
4 4 - 37 - 0.17070245742797852 1
4 4 - 38 - 0.1980116367340088 1
4 4 - 39 - 0.27854132652282715 0
4 4 - 40 - 0.18161296844482422 1
4 4 - 41 - 0.22845172882080078 1
4 4 - 42 - 0.19295692443847656 1
4 4 - 43 - 0.2488546371459961 1
4 4 - 44 - 0.2044076919555664 1
4 4 - 45 - 0.30917811393737793 1
4 4 - 46 - 0.21509003639221191 1
4 4 - 47 - 0.3013784885406494 0
4 4 - 48 - 0.1967940330505371 1
4 4 - 49 - 0.30231595039367676 1
4 4 - 50 - 0.2103414535522461 0
4 4 - 51 - 0.3683803081512451 1
4 4 - 52 - 0.3525106906890869 1
4 4 - 53 - 0.26888370513916016 1
4 4 - 54 - 0.3867683410644531 1
4 4 - 55 - 0.19414019584655762 1
4 4 - 56 - 0.21178555488586426 1
4 4 - 57 - 0.21697664260864258 0
4 4 - 58 - 0.2834937572479248 1
4 4 - 59 - 0.22660493850708008 1
4 4 - 60 - 0.29038333892822266 1
4 4 - 61 - 0.2195892333984375 1
4 4 - 62 - 0.26035380363464355 0
4 4 - 63 - 0.1633436679840088 1
4 4 - 64 - 0.24729299545288086 1
4 4 - 65 - 0.2753894329071045 1
4 4 - 66 - 0.22880768775939941 1
4 4 - 67 - 0.1852278709411621 1
4 4 - 68 - 0.26163721084594727 0
4 4 - 69 - 0.19667983055114746 1
4 4 - 70 - 0.20945453643798828 1
4 4 - 71 - 0.22336483001708984 1
4 4 - 72 - 0.20963454246520996 1
4 4 - 73 - 0.3092045783996582 0
4 4 - 74 - 0.20691990852355957 1
4 4 - 75 - 0.3446826934814453 0
4 4 - 76 - 0.16640114784240723 1
4 4 - 77 - 0.2451925277709961 1
4 4 - 78 - 0.2270052433013916 0
4 4 - 79 - 0.2494657039642334 1
4 4 - 80 - 0.2996032238006592 1
4 4 - 81 - 0.23201632499694824 1
4 4 - 82 - 0.19395160675048828 1
4 4 - 83 - 0.2523312568664551 1
4 4 - 84 - 0.19762253761291504 1
4 4 - 85 - 0.30451393127441406 1
4 4 - 86 - 0.2667257785797119 1
4 4 - 87 - 0.24842143058776855 1
4 4 - 88 - 0.20285701751708984 1
4 4 - 89 - 0.23384451866149902 1
4 4 - 90 - 0.2286982536315918 1
4 4 - 91 - 0.33547306060791016 1
4 4 - 92 - 0.22205591201782227 1
4 4 - 93 - 0.2713444232940674 0
4 4 - 94 - 0.2005300521850586 1
4 4 - 95 - 0.2568941116333008 1
4 4 - 96 - 0.28797411918640137 1
4 4 - 97 - 0.268721342086792 1
4 4 - 98 - 0.23170018196105957 1
4 4 - 99 - 0.34994935989379883 1
8 1 - 0 - 0.32748937606811523 1
8 1 - 1 - 0.33860063552856445 1
8 1 - 2 - 0.30372142791748047 1
8 1 - 3 - 0.3913688659667969 1
8 1 - 4 - 0.3357415199279785 1
8 1 - 5 - 0.2753920555114746 1
8 1 - 6 - 0.2900066375732422 1
8 1 - 7 - 0.3148841857910156 1
8 1 - 8 - 0.3845043182373047 1
8 1 - 9 - 0.35864734649658203 1
8 1 - 10 - 0.28667330741882324 1
8 1 - 11 - 0.30251431465148926 1
8 1 - 12 - 0.2991471290588379 1
8 1 - 13 - 0.3697986602783203 1
8 1 - 14 - 0.3748054504394531 1
8 1 - 15 - 0.32788681983947754 1
8 1 - 16 - 0.3362281322479248 1
8 1 - 17 - 0.3809177875518799 1
8 1 - 18 - 0.3180515766143799 1
8 1 - 19 - 0.3471364974975586 1
8 1 - 20 - 0.38854360580444336 1
8 1 - 21 - 0.41052842140197754 1
8 1 - 22 - 0.34447240829467773 1
8 1 - 23 - 0.30497097969055176 1
8 1 - 24 - 0.3631553649902344 1
8 1 - 25 - 0.31188488006591797 1
8 1 - 26 - 0.37734317779541016 1
8 1 - 27 - 0.33844542503356934 1
8 1 - 28 - 0.3011510372161865 1
8 1 - 29 - 0.29262304306030273 1
8 1 - 30 - 0.3558342456817627 1
8 1 - 31 - 0.34621572494506836 1
8 1 - 32 - 0.2640717029571533 1
8 1 - 33 - 0.4342315196990967 1
8 1 - 34 - 0.3759183883666992 1
8 1 - 35 - 0.28664684295654297 1
8 1 - 36 - 0.3915677070617676 1
8 1 - 37 - 0.35665225982666016 1
8 1 - 38 - 0.2730855941772461 1
8 1 - 39 - 0.35333752632141113 1
8 1 - 40 - 0.4202880859375 1
8 1 - 41 - 0.33678340911865234 1
8 1 - 42 - 0.31258654594421387 1
8 1 - 43 - 0.37187933921813965 1
8 1 - 44 - 0.31603217124938965 1
8 1 - 45 - 0.3143587112426758 1
8 1 - 46 - 0.2971656322479248 1
8 1 - 47 - 0.33509230613708496 1
8 1 - 48 - 0.28557610511779785 1
8 1 - 49 - 0.3976914882659912 1
8 1 - 50 - 0.24757146835327148 1
8 1 - 51 - 0.307567834854126 1
8 1 - 52 - 0.5211806297302246 1
8 1 - 53 - 0.3103797435760498 1
8 1 - 54 - 0.32416248321533203 1
8 1 - 55 - 0.2921335697174072 1
8 1 - 56 - 0.39949512481689453 1
8 1 - 57 - 0.28026652336120605 1
8 1 - 58 - 0.3554706573486328 1
8 1 - 59 - 0.33515381813049316 1
8 1 - 60 - 0.3260960578918457 1
8 1 - 61 - 0.3305811882019043 1
8 1 - 62 - 0.28781676292419434 1
8 1 - 63 - 0.3081791400909424 1
8 1 - 64 - 0.3070347309112549 1
8 1 - 65 - 0.3623039722442627 1
8 1 - 66 - 0.3382070064544678 1
8 1 - 67 - 0.3973844051361084 1
8 1 - 68 - 0.3446485996246338 1
8 1 - 69 - 0.2952404022216797 1
8 1 - 70 - 0.5393590927124023 1
8 1 - 71 - 0.28887391090393066 1
8 1 - 72 - 0.34221529960632324 1
8 1 - 73 - 0.2733163833618164 1
8 1 - 74 - 0.4167931079864502 1
8 1 - 75 - 0.3217456340789795 1
8 1 - 76 - 0.268949031829834 1
8 1 - 77 - 0.3312363624572754 1
8 1 - 78 - 0.27291393280029297 1
8 1 - 79 - 0.411297082901001 1
8 1 - 80 - 0.328122615814209 1
8 1 - 81 - 0.3573784828186035 1
8 1 - 82 - 0.371737003326416 1
8 1 - 83 - 0.30269646644592285 1
8 1 - 84 - 0.34723353385925293 1
8 1 - 85 - 0.32166481018066406 1
8 1 - 86 - 0.332930326461792 1
8 1 - 87 - 0.298978328704834 1
8 1 - 88 - 0.44649600982666016 1
8 1 - 89 - 0.3499178886413574 1
8 1 - 90 - 0.37462496757507324 1
8 1 - 91 - 0.36457395553588867 1
8 1 - 92 - 0.2783057689666748 1
8 1 - 93 - 0.3753628730773926 1
8 1 - 94 - 0.33948254585266113 1
8 1 - 95 - 0.34189724922180176 1
8 1 - 96 - 0.37743091583251953 1
8 1 - 97 - 0.35115528106689453 1
8 1 - 98 - 0.4443669319152832 1
8 1 - 99 - 0.4736037254333496 1
8 2 - 0 - 0.33824920654296875 1
8 2 - 1 - 0.33678388595581055 1
8 2 - 2 - 0.37728261947631836 1
8 2 - 3 - 0.3328433036804199 1
8 2 - 4 - 0.427290678024292 1
8 2 - 5 - 0.4491150379180908 1
8 2 - 6 - 0.37358999252319336 1
8 2 - 7 - 0.38840794563293457 1
8 2 - 8 - 0.32575273513793945 1
8 2 - 9 - 0.3686354160308838 1
8 2 - 10 - 0.44918251037597656 1
8 2 - 11 - 0.2134685516357422 1
8 2 - 12 - 0.3902466297149658 1
8 2 - 13 - 0.3195641040802002 1
8 2 - 14 - 0.28243207931518555 1
8 2 - 15 - 0.36980748176574707 1
8 2 - 16 - 0.31319165229797363 1
8 2 - 17 - 0.34158825874328613 1
8 2 - 18 - 0.26007533073425293 1
8 2 - 19 - 0.34120655059814453 1
8 2 - 20 - 0.2936835289001465 1
8 2 - 21 - 0.3792693614959717 1
8 2 - 22 - 0.31446170806884766 1
8 2 - 23 - 0.32569313049316406 1
8 2 - 24 - 0.344693660736084 1
8 2 - 25 - 0.39200448989868164 1
8 2 - 26 - 0.41936302185058594 1
8 2 - 27 - 0.3343837261199951 1
8 2 - 28 - 0.339508056640625 1
8 2 - 29 - 0.3185453414916992 1
8 2 - 30 - 0.2853360176086426 1
8 2 - 31 - 0.3305020332336426 1
8 2 - 32 - 0.3961143493652344 1
8 2 - 33 - 0.34336042404174805 1
8 2 - 34 - 0.3435654640197754 1
8 2 - 35 - 0.3993856906890869 1
8 2 - 36 - 0.3086075782775879 1
8 2 - 37 - 0.35147714614868164 1
8 2 - 38 - 0.4781646728515625 1
8 2 - 39 - 0.3179280757904053 1
8 2 - 40 - 0.38266539573669434 1
8 2 - 41 - 0.36153650283813477 1
8 2 - 42 - 0.333233118057251 1
8 2 - 43 - 0.3593881130218506 1
8 2 - 44 - 0.30756378173828125 1
8 2 - 45 - 0.37372255325317383 1
8 2 - 46 - 0.43112969398498535 1
8 2 - 47 - 0.3178725242614746 1
8 2 - 48 - 0.32094860076904297 1
8 2 - 49 - 0.3497138023376465 1
8 2 - 50 - 0.4099550247192383 1
8 2 - 51 - 0.2765791416168213 1
8 2 - 52 - 0.3856933116912842 1
8 2 - 53 - 0.3961625099182129 1
8 2 - 54 - 0.280942440032959 1
8 2 - 55 - 0.3439640998840332 1
8 2 - 56 - 0.32369422912597656 1
8 2 - 57 - 0.36559224128723145 1
8 2 - 58 - 0.39039063453674316 1
8 2 - 59 - 0.31860899925231934 1
8 2 - 60 - 0.36154985427856445 1
8 2 - 61 - 0.28786182403564453 1
8 2 - 62 - 0.3261740207672119 1
8 2 - 63 - 0.4350283145904541 1
8 2 - 64 - 0.4349191188812256 1
8 2 - 65 - 0.3899526596069336 1
8 2 - 66 - 0.32236695289611816 1
8 2 - 67 - 0.3229496479034424 1
8 2 - 68 - 0.3069894313812256 1
8 2 - 69 - 0.3555779457092285 1
8 2 - 70 - 0.38596129417419434 1
8 2 - 71 - 0.3501143455505371 1
8 2 - 72 - 0.38135361671447754 1
8 2 - 73 - 0.3395571708679199 1
8 2 - 74 - 0.49420595169067383 1
8 2 - 75 - 0.3617668151855469 1
8 2 - 76 - 0.2918260097503662 1
8 2 - 77 - 0.36968088150024414 1
8 2 - 78 - 0.3156898021697998 1
8 2 - 79 - 0.3636205196380615 1
8 2 - 80 - 0.4466688632965088 1
8 2 - 81 - 0.4279618263244629 1
8 2 - 82 - 0.33841586112976074 1
8 2 - 83 - 0.34607768058776855 1
8 2 - 84 - 0.31673622131347656 1
8 2 - 85 - 0.3727757930755615 1
8 2 - 86 - 0.3052840232849121 1
8 2 - 87 - 0.3773164749145508 1
8 2 - 88 - 0.3168771266937256 1
8 2 - 89 - 0.32654714584350586 1
8 2 - 90 - 0.3539164066314697 1
8 2 - 91 - 0.36275458335876465 1
8 2 - 92 - 0.43905138969421387 1
8 2 - 93 - 0.2896847724914551 1
8 2 - 94 - 0.37564897537231445 1
8 2 - 95 - 0.4328286647796631 1
8 2 - 96 - 0.3209655284881592 1
8 2 - 97 - 0.4245879650115967 1
8 2 - 98 - 0.32157206535339355 1
8 2 - 99 - 0.3512537479400635 1
8 4 - 0 - 0.42827844619750977 1
8 4 - 1 - 0.3283050060272217 1
8 4 - 2 - 0.30330944061279297 1
8 4 - 3 - 0.39728331565856934 1
8 4 - 4 - 0.320676326751709 1
8 4 - 5 - 0.4420754909515381 1
8 4 - 6 - 0.4105823040008545 1
8 4 - 7 - 0.40299177169799805 1
8 4 - 8 - 0.43849706649780273 1
8 4 - 9 - 0.3907926082611084 1
8 4 - 10 - 0.36579418182373047 1
8 4 - 11 - 0.3826477527618408 1
8 4 - 12 - 0.43660736083984375 1
8 4 - 13 - 0.39841699600219727 1
8 4 - 14 - 0.3750622272491455 1
8 4 - 15 - 0.3589656352996826 1
8 4 - 16 - 0.42281627655029297 1
8 4 - 17 - 0.3520653247833252 1
8 4 - 18 - 0.38256359100341797 1
8 4 - 19 - 0.3772003650665283 1
8 4 - 20 - 0.5284533500671387 1
8 4 - 21 - 0.3900880813598633 1
8 4 - 22 - 0.3840506076812744 1
8 4 - 23 - 0.5100655555725098 1
8 4 - 24 - 0.3804504871368408 1
8 4 - 25 - 0.3460690975189209 1
8 4 - 26 - 0.32538604736328125 1
8 4 - 27 - 0.4201679229736328 1
8 4 - 28 - 0.3626139163970947 1
8 4 - 29 - 0.41675233840942383 1
8 4 - 30 - 0.4061622619628906 1
8 4 - 31 - 0.41029930114746094 1
8 4 - 32 - 0.5062642097473145 1
8 4 - 33 - 0.43645596504211426 1
8 4 - 34 - 0.4933929443359375 1
8 4 - 35 - 0.3657519817352295 1
8 4 - 36 - 0.4004645347595215 1
8 4 - 37 - 0.3533763885498047 1
8 4 - 38 - 0.3913540840148926 1
8 4 - 39 - 0.44626927375793457 1
8 4 - 40 - 0.3894658088684082 1
8 4 - 41 - 0.3606412410736084 1
8 4 - 42 - 0.39718127250671387 1
8 4 - 43 - 0.40544629096984863 1
8 4 - 44 - 0.34372806549072266 1
8 4 - 45 - 0.3801264762878418 1
8 4 - 46 - 0.3807189464569092 1
8 4 - 47 - 0.40356898307800293 1
8 4 - 48 - 0.4726443290710449 1
8 4 - 49 - 0.4480116367340088 1
8 4 - 50 - 0.3461024761199951 1
8 4 - 51 - 0.4551382064819336 1
8 4 - 52 - 0.33774709701538086 1
8 4 - 53 - 0.3197154998779297 1
8 4 - 54 - 0.4516158103942871 1
8 4 - 55 - 0.35367703437805176 1
8 4 - 56 - 0.39449238777160645 1
8 4 - 57 - 0.410200834274292 1
8 4 - 58 - 0.3839290142059326 1
8 4 - 59 - 0.3674609661102295 1
8 4 - 60 - 0.35748910903930664 1
8 4 - 61 - 0.4119100570678711 1
8 4 - 62 - 0.40726494789123535 1
8 4 - 63 - 0.3610267639160156 1
8 4 - 64 - 0.3648996353149414 1
8 4 - 65 - 0.38686680793762207 1
8 4 - 66 - 0.4807400703430176 1
8 4 - 67 - 0.3625338077545166 1
8 4 - 68 - 0.4559774398803711 1
8 4 - 69 - 0.3757925033569336 1
8 4 - 70 - 0.4095122814178467 1
8 4 - 71 - 0.4252197742462158 1
8 4 - 72 - 0.3677680492401123 1
8 4 - 73 - 0.42534542083740234 1
8 4 - 74 - 0.37378764152526855 1
8 4 - 75 - 0.34798169136047363 1
8 4 - 76 - 0.4383056163787842 1
8 4 - 77 - 0.40639233589172363 1
8 4 - 78 - 0.4103271961212158 1
8 4 - 79 - 0.38141345977783203 1
8 4 - 80 - 0.376086950302124 1
8 4 - 81 - 0.4188261032104492 1
8 4 - 82 - 0.4317772388458252 1
8 4 - 83 - 0.4969496726989746 1
8 4 - 84 - 0.38820981979370117 1
8 4 - 85 - 0.4347813129425049 1
8 4 - 86 - 0.3612339496612549 1
8 4 - 87 - 0.3360896110534668 1
8 4 - 88 - 0.39482641220092773 1
8 4 - 89 - 0.41101574897766113 1
8 4 - 90 - 0.40474963188171387 1
8 4 - 91 - 0.4237847328186035 1
8 4 - 92 - 0.427959680557251 1
8 4 - 93 - 0.43597960472106934 1
8 4 - 94 - 0.39433741569519043 1
8 4 - 95 - 0.46874475479125977 1
8 4 - 96 - 0.46806859970092773 1
8 4 - 97 - 0.4755675792694092 1
8 4 - 98 - 0.3533589839935303 1
8 4 - 99 - 0.3260531425476074 1
8 8 - 0 - 0.4929375648498535 1
8 8 - 1 - 0.43564462661743164 1
8 8 - 2 - 0.41231322288513184 1
8 8 - 3 - 0.5559000968933105 1
8 8 - 4 - 0.5110268592834473 1
8 8 - 5 - 0.47277021408081055 1
8 8 - 6 - 0.45120930671691895 1
8 8 - 7 - 0.45322751998901367 1
8 8 - 8 - 0.3964226245880127 1
8 8 - 9 - 0.4817211627960205 1
8 8 - 10 - 0.4891514778137207 1
8 8 - 11 - 0.42857885360717773 1
8 8 - 12 - 0.43219542503356934 1
8 8 - 13 - 0.407855749130249 1
8 8 - 14 - 0.47278380393981934 1
8 8 - 15 - 0.4795980453491211 1
8 8 - 16 - 0.43491458892822266 1
8 8 - 17 - 0.5019872188568115 1
8 8 - 18 - 0.48497939109802246 1
8 8 - 19 - 0.5153970718383789 1
8 8 - 20 - 0.44889092445373535 1
8 8 - 21 - 0.46436047554016113 1
8 8 - 22 - 0.504652738571167 1
8 8 - 23 - 0.4327225685119629 1
8 8 - 24 - 0.4459953308105469 1
8 8 - 25 - 0.48752856254577637 1
8 8 - 26 - 0.5177028179168701 1
8 8 - 27 - 0.49356651306152344 1
8 8 - 28 - 0.5042335987091064 1
8 8 - 29 - 0.5674114227294922 1
8 8 - 30 - 0.49233222007751465 1
8 8 - 31 - 0.44509100914001465 1
8 8 - 32 - 0.460737943649292 1
8 8 - 33 - 0.4625694751739502 1
8 8 - 34 - 0.4919552803039551 1
8 8 - 35 - 0.4279797077178955 1
8 8 - 36 - 0.5911505222320557 1
8 8 - 37 - 0.48590946197509766 1
8 8 - 38 - 0.5224320888519287 1
8 8 - 39 - 0.5001323223114014 1
8 8 - 40 - 0.5007996559143066 1
8 8 - 41 - 0.4467146396636963 1
8 8 - 42 - 0.5333297252655029 1
8 8 - 43 - 0.4886021614074707 1
8 8 - 44 - 0.48127269744873047 1
8 8 - 45 - 0.453582763671875 1
8 8 - 46 - 0.4560434818267822 1
8 8 - 47 - 0.4381694793701172 1
8 8 - 48 - 0.5979995727539062 1
8 8 - 49 - 0.4780232906341553 1
8 8 - 50 - 0.5262348651885986 1
8 8 - 51 - 0.5011436939239502 1
8 8 - 52 - 0.42418980598449707 1
8 8 - 53 - 0.4962198734283447 1
8 8 - 54 - 0.4799637794494629 1
8 8 - 55 - 0.454601526260376 1
8 8 - 56 - 0.39913129806518555 1
8 8 - 57 - 0.4507453441619873 1
8 8 - 58 - 0.43441271781921387 1
8 8 - 59 - 0.4104044437408447 1
8 8 - 60 - 0.490537166595459 1
8 8 - 61 - 0.5012238025665283 1
8 8 - 62 - 0.4923725128173828 1
8 8 - 63 - 0.5289313793182373 1
8 8 - 64 - 0.47942662239074707 1
8 8 - 65 - 0.4506220817565918 1
8 8 - 66 - 0.43171143531799316 1
8 8 - 67 - 0.5517146587371826 1
8 8 - 68 - 0.503547191619873 1
8 8 - 69 - 0.5602073669433594 1
8 8 - 70 - 0.7127687931060791 1
8 8 - 71 - 0.589198112487793 1
8 8 - 72 - 0.48990368843078613 1
8 8 - 73 - 0.49352431297302246 1
8 8 - 74 - 0.45178747177124023 1
8 8 - 75 - 0.36215639114379883 1
8 8 - 76 - 0.6593430042266846 1
8 8 - 77 - 0.4902489185333252 1
8 8 - 78 - 0.46795177459716797 1
8 8 - 79 - 0.5345263481140137 1
8 8 - 80 - 0.5221269130706787 1
8 8 - 81 - 0.5048081874847412 1
8 8 - 82 - 0.42246532440185547 1
8 8 - 83 - 0.4555974006652832 1
8 8 - 84 - 0.4438667297363281 1
8 8 - 85 - 0.4255654811859131 1
8 8 - 86 - 0.4247865676879883 1
8 8 - 87 - 0.48048830032348633 1
8 8 - 88 - 0.6228842735290527 1
8 8 - 89 - 0.4550321102142334 1
8 8 - 90 - 0.5796699523925781 1
8 8 - 91 - 0.49416255950927734 1
8 8 - 92 - 0.44875502586364746 1
8 8 - 93 - 0.41150784492492676 1
8 8 - 94 - 0.5083467960357666 1
8 8 - 95 - 0.5101034641265869 1
8 8 - 96 - 0.4471251964569092 1
8 8 - 97 - 0.5569288730621338 1
8 8 - 98 - 0.5791220664978027 1
8 8 - 99 - 0.4271504878997803 1
16 1 - 0 - 0.3422884941101074 1
16 1 - 1 - 0.3463141918182373 1
16 1 - 2 - 0.3191201686859131 1
16 1 - 3 - 0.3094913959503174 1
16 1 - 4 - 0.3344907760620117 1
16 1 - 5 - 0.32596635818481445 1
16 1 - 6 - 0.41376209259033203 1
16 1 - 7 - 0.3536231517791748 1
16 1 - 8 - 0.30466222763061523 1
16 1 - 9 - 0.3547227382659912 1
16 1 - 10 - 0.36719560623168945 1
16 1 - 11 - 0.3237748146057129 1
16 1 - 12 - 0.3399372100830078 1
16 1 - 13 - 0.45771145820617676 1
16 1 - 14 - 0.5851824283599854 1
16 1 - 15 - 0.34650206565856934 1
16 1 - 16 - 0.28698205947875977 1
16 1 - 17 - 0.35211825370788574 1
16 1 - 18 - 0.3077356815338135 1
16 1 - 19 - 0.33654260635375977 1
16 1 - 20 - 0.30171751976013184 1
16 1 - 21 - 0.32592153549194336 1
16 1 - 22 - 0.3144388198852539 1
16 1 - 23 - 0.2924482822418213 1
16 1 - 24 - 0.34395861625671387 1
16 1 - 25 - 0.37944841384887695 1
16 1 - 26 - 0.3836381435394287 1
16 1 - 27 - 0.48334455490112305 1
16 1 - 28 - 0.3060884475708008 1
16 1 - 29 - 0.31082963943481445 1
16 1 - 30 - 0.3434426784515381 1
16 1 - 31 - 0.4079911708831787 1
16 1 - 32 - 0.27228498458862305 1
16 1 - 33 - 0.3826944828033447 1
16 1 - 34 - 0.3807523250579834 1
16 1 - 35 - 0.33438801765441895 1
16 1 - 36 - 0.3691082000732422 1
16 1 - 37 - 0.3205878734588623 1
16 1 - 38 - 0.3194267749786377 1
16 1 - 39 - 0.3207986354827881 1
16 1 - 40 - 0.3052194118499756 1
16 1 - 41 - 0.31587743759155273 1
16 1 - 42 - 0.38466477394104004 1
16 1 - 43 - 0.3355593681335449 1
16 1 - 44 - 0.3866274356842041 1
16 1 - 45 - 0.3700590133666992 1
16 1 - 46 - 0.3101212978363037 1
16 1 - 47 - 0.31748032569885254 1
16 1 - 48 - 0.3231215476989746 1
16 1 - 49 - 0.32976579666137695 1
16 1 - 50 - 0.40010881423950195 1
16 1 - 51 - 0.2977406978607178 1
16 1 - 52 - 0.3423593044281006 1
16 1 - 53 - 0.2881755828857422 1
16 1 - 54 - 0.32053041458129883 1
16 1 - 55 - 0.3305337429046631 1
16 1 - 56 - 0.4504234790802002 1
16 1 - 57 - 0.29225850105285645 1
16 1 - 58 - 0.3625829219818115 1
16 1 - 59 - 0.38964176177978516 1
16 1 - 60 - 0.477431058883667 1
16 1 - 61 - 0.31604647636413574 1
16 1 - 62 - 0.29594993591308594 1
16 1 - 63 - 0.35327792167663574 1
16 1 - 64 - 0.35800743103027344 1
16 1 - 65 - 0.29692912101745605 1
16 1 - 66 - 0.363511323928833 1
16 1 - 67 - 0.3887205123901367 1
16 1 - 68 - 0.5818629264831543 1
16 1 - 69 - 0.465059757232666 1
16 1 - 70 - 0.3439490795135498 1
16 1 - 71 - 0.3589475154876709 1
16 1 - 72 - 0.2716825008392334 1
16 1 - 73 - 0.30390143394470215 1
16 1 - 74 - 0.3037567138671875 1
16 1 - 75 - 0.34176158905029297 1
16 1 - 76 - 0.29180431365966797 1
16 1 - 77 - 0.32052040100097656 1
16 1 - 78 - 0.34176111221313477 1
16 1 - 79 - 0.3092379570007324 1
16 1 - 80 - 0.3209078311920166 1
16 1 - 81 - 0.4560282230377197 1
16 1 - 82 - 0.39842915534973145 1
16 1 - 83 - 0.2988617420196533 1
16 1 - 84 - 0.41703248023986816 1
16 1 - 85 - 0.37157464027404785 1
16 1 - 86 - 0.31395411491394043 1
16 1 - 87 - 0.34513139724731445 1
16 1 - 88 - 0.3241744041442871 1
16 1 - 89 - 0.3811790943145752 1
16 1 - 90 - 0.31997013092041016 1
16 1 - 91 - 0.35415101051330566 1
16 1 - 92 - 0.3736233711242676 1
16 1 - 93 - 0.27974390983581543 1
16 1 - 94 - 0.2954874038696289 1
16 1 - 95 - 0.3332791328430176 1
16 1 - 96 - 0.29177117347717285 1
16 1 - 97 - 0.27757883071899414 1
16 1 - 98 - 0.31820154190063477 1
16 1 - 99 - 0.3459794521331787 1
16 2 - 0 - 0.3491692543029785 1
16 2 - 1 - 0.2983241081237793 1
16 2 - 2 - 0.4082207679748535 1
16 2 - 3 - 0.3682539463043213 1
16 2 - 4 - 0.28232336044311523 1
16 2 - 5 - 0.3945624828338623 1
16 2 - 6 - 0.38565874099731445 1
16 2 - 7 - 0.37412023544311523 1
16 2 - 8 - 0.2968616485595703 1
16 2 - 9 - 0.310030460357666 1
16 2 - 10 - 0.39929962158203125 1
16 2 - 11 - 0.2718205451965332 1
16 2 - 12 - 0.39553332328796387 1
16 2 - 13 - 0.44384050369262695 1
16 2 - 14 - 0.3647444248199463 1
16 2 - 15 - 0.3229241371154785 1
16 2 - 16 - 0.32639622688293457 1
16 2 - 17 - 0.29930663108825684 1
16 2 - 18 - 0.3050990104675293 1
16 2 - 19 - 0.4416623115539551 1
16 2 - 20 - 0.30975914001464844 1
16 2 - 21 - 0.3919219970703125 1
16 2 - 22 - 0.3498852252960205 1
16 2 - 23 - 0.3326609134674072 1
16 2 - 24 - 0.41351985931396484 1
16 2 - 25 - 0.33002400398254395 1
16 2 - 26 - 0.3250093460083008 1
16 2 - 27 - 0.39880871772766113 1
16 2 - 28 - 0.26363039016723633 1
16 2 - 29 - 0.4155845642089844 1
16 2 - 30 - 0.45969247817993164 1
16 2 - 31 - 0.33603763580322266 1
16 2 - 32 - 0.3343033790588379 1
16 2 - 33 - 0.3311946392059326 1
16 2 - 34 - 0.41771936416625977 1
16 2 - 35 - 0.3311607837677002 1
16 2 - 36 - 0.3294844627380371 1
16 2 - 37 - 0.3471047878265381 1
16 2 - 38 - 0.2958333492279053 1
16 2 - 39 - 0.3887598514556885 1
16 2 - 40 - 0.32364559173583984 1
16 2 - 41 - 0.38399744033813477 1
16 2 - 42 - 0.42034411430358887 1
16 2 - 43 - 0.2931196689605713 1
16 2 - 44 - 0.36666297912597656 1
16 2 - 45 - 0.31125950813293457 1
16 2 - 46 - 0.3841092586517334 1
16 2 - 47 - 0.44596147537231445 1
16 2 - 48 - 0.49036097526550293 1
16 2 - 49 - 0.33663463592529297 1
16 2 - 50 - 0.3684711456298828 1
16 2 - 51 - 0.2843003273010254 1
16 2 - 52 - 0.39429664611816406 1
16 2 - 53 - 0.32252955436706543 1
16 2 - 54 - 0.29259395599365234 1
16 2 - 55 - 0.4354081153869629 1
16 2 - 56 - 0.32762861251831055 1
16 2 - 57 - 0.3365936279296875 1
16 2 - 58 - 0.45880126953125 1
16 2 - 59 - 0.3578932285308838 1
16 2 - 60 - 0.3701939582824707 1
16 2 - 61 - 0.279726505279541 1
16 2 - 62 - 0.34519171714782715 1
16 2 - 63 - 0.35364460945129395 1
16 2 - 64 - 0.3361194133758545 1
16 2 - 65 - 0.36191534996032715 1
16 2 - 66 - 0.3592343330383301 1
16 2 - 67 - 0.2864863872528076 1
16 2 - 68 - 0.2920389175415039 1
16 2 - 69 - 0.4462101459503174 1
16 2 - 70 - 0.3124511241912842 1
16 2 - 71 - 0.32409143447875977 1
16 2 - 72 - 0.4189770221710205 1
16 2 - 73 - 0.3054234981536865 1
16 2 - 74 - 0.3599739074707031 1
16 2 - 75 - 0.3132798671722412 1
16 2 - 76 - 0.39478278160095215 1
16 2 - 77 - 0.3092038631439209 1
16 2 - 78 - 0.35781121253967285 1
16 2 - 79 - 0.34389734268188477 1
16 2 - 80 - 0.34040331840515137 1
16 2 - 81 - 0.3467843532562256 1
16 2 - 82 - 0.34215664863586426 1
16 2 - 83 - 0.417832612991333 1
16 2 - 84 - 0.31312131881713867 1
16 2 - 85 - 0.29890918731689453 1
16 2 - 86 - 0.2103281021118164 1
16 2 - 87 - 0.3561265468597412 1
16 2 - 88 - 0.45269298553466797 1
16 2 - 89 - 0.20560145378112793 1
16 2 - 90 - 0.4630744457244873 1
16 2 - 91 - 0.33675146102905273 1
16 2 - 92 - 0.30112695693969727 1
16 2 - 93 - 0.3054535388946533 1
16 2 - 94 - 0.36371636390686035 1
16 2 - 95 - 0.26215410232543945 1
16 2 - 96 - 0.3427588939666748 1
16 2 - 97 - 0.39104437828063965 1
16 2 - 98 - 0.36397218704223633 1
16 2 - 99 - 0.3384692668914795 1
16 4 - 0 - 0.41875696182250977 1
16 4 - 1 - 0.38292670249938965 1
16 4 - 2 - 0.3779914379119873 1
16 4 - 3 - 0.4780397415161133 1
16 4 - 4 - 0.35999250411987305 1
16 4 - 5 - 0.43277931213378906 1
16 4 - 6 - 0.3795738220214844 1
16 4 - 7 - 0.45405125617980957 1
16 4 - 8 - 0.38316774368286133 1
16 4 - 9 - 0.4790825843811035 1
16 4 - 10 - 0.32468652725219727 1
16 4 - 11 - 0.47825145721435547 1
16 4 - 12 - 0.3961060047149658 1
16 4 - 13 - 0.3811988830566406 1
16 4 - 14 - 0.46712803840637207 1
16 4 - 15 - 0.43504977226257324 1
16 4 - 16 - 0.6349678039550781 1
16 4 - 17 - 0.32184290885925293 1
16 4 - 18 - 0.3968338966369629 1
16 4 - 19 - 0.4170858860015869 1
16 4 - 20 - 0.4168076515197754 1
16 4 - 21 - 0.39753055572509766 1
16 4 - 22 - 0.45165300369262695 1
16 4 - 23 - 0.4664335250854492 1
16 4 - 24 - 0.25542759895324707 1
16 4 - 25 - 0.41414523124694824 1
16 4 - 26 - 0.5587239265441895 1
16 4 - 27 - 0.41493988037109375 1
16 4 - 28 - 0.3621711730957031 1
16 4 - 29 - 0.4873354434967041 1
16 4 - 30 - 0.3722419738769531 1
16 4 - 31 - 0.31731748580932617 1
16 4 - 32 - 0.3959617614746094 1
16 4 - 33 - 0.3653991222381592 1
16 4 - 34 - 0.36835503578186035 1
16 4 - 35 - 0.46918416023254395 1
16 4 - 36 - 0.4636366367340088 1
16 4 - 37 - 0.37018871307373047 1
16 4 - 38 - 0.47115612030029297 1
16 4 - 39 - 0.45957517623901367 1
16 4 - 40 - 0.3461570739746094 1
16 4 - 41 - 0.34344053268432617 1
16 4 - 42 - 0.45499706268310547 1
16 4 - 43 - 0.4185023307800293 1
16 4 - 44 - 0.36782360076904297 1
16 4 - 45 - 0.4442012310028076 1
16 4 - 46 - 0.3120572566986084 1
16 4 - 47 - 0.4648427963256836 1
16 4 - 48 - 0.42100954055786133 1
16 4 - 49 - 0.3538944721221924 1
16 4 - 50 - 0.29111528396606445 1
16 4 - 51 - 0.23795127868652344 1
16 4 - 52 - 0.45502233505249023 1
16 4 - 53 - 0.24600744247436523 1
16 4 - 54 - 0.3871650695800781 1
16 4 - 55 - 0.46315765380859375 1
16 4 - 56 - 0.4079854488372803 1
16 4 - 57 - 0.4453136920928955 1
16 4 - 58 - 0.3585343360900879 1
16 4 - 59 - 0.3936283588409424 1
16 4 - 60 - 0.41461730003356934 1
16 4 - 61 - 0.38321805000305176 1
16 4 - 62 - 0.2675821781158447 1
16 4 - 63 - 0.6686103343963623 1
16 4 - 64 - 0.36376094818115234 1
16 4 - 65 - 0.40062403678894043 1
16 4 - 66 - 0.36226558685302734 1
16 4 - 67 - 0.44544172286987305 1
16 4 - 68 - 0.39153051376342773 1
16 4 - 69 - 0.32615017890930176 1
16 4 - 70 - 0.3694016933441162 1
16 4 - 71 - 0.39136362075805664 1
16 4 - 72 - 0.3790264129638672 1
16 4 - 73 - 0.4905965328216553 1
16 4 - 74 - 0.3438832759857178 1
16 4 - 75 - 0.3558847904205322 1
16 4 - 76 - 0.47269773483276367 1
16 4 - 77 - 0.4142031669616699 1
16 4 - 78 - 0.3812265396118164 1
16 4 - 79 - 0.32715463638305664 1
16 4 - 80 - 0.40650105476379395 1
16 4 - 81 - 0.3928055763244629 1
16 4 - 82 - 0.3738441467285156 1
16 4 - 83 - 0.34990859031677246 1
16 4 - 84 - 0.3805558681488037 1
16 4 - 85 - 0.6056258678436279 1
16 4 - 86 - 0.5536603927612305 1
16 4 - 87 - 0.505481481552124 1
16 4 - 88 - 0.44661808013916016 1
16 4 - 89 - 0.34960007667541504 1
16 4 - 90 - 0.444779634475708 1
16 4 - 91 - 0.45369863510131836 1
16 4 - 92 - 0.39523911476135254 1
16 4 - 93 - 0.38780951499938965 1
16 4 - 94 - 0.3869926929473877 1
16 4 - 95 - 0.3495345115661621 1
16 4 - 96 - 0.47143125534057617 1
16 4 - 97 - 0.4874601364135742 1
16 4 - 98 - 0.30198144912719727 1
16 4 - 99 - 0.33906126022338867 1
16 8 - 0 - 0.5785610675811768 1
16 8 - 1 - 0.48186182975769043 1
16 8 - 2 - 0.5188724994659424 1
16 8 - 3 - 0.4384472370147705 1
16 8 - 4 - 0.4981114864349365 1
16 8 - 5 - 0.5564169883728027 1
16 8 - 6 - 0.48041224479675293 1
16 8 - 7 - 0.5441606044769287 1
16 8 - 8 - 0.5077524185180664 1
16 8 - 9 - 0.5879371166229248 1
16 8 - 10 - 0.46971750259399414 1
16 8 - 11 - 0.4284210205078125 1
16 8 - 12 - 0.49361705780029297 1
16 8 - 13 - 0.4729118347167969 1
16 8 - 14 - 0.4922513961791992 1
16 8 - 15 - 0.48630189895629883 1
16 8 - 16 - 0.43743395805358887 1
16 8 - 17 - 0.5218899250030518 1
16 8 - 18 - 0.46724390983581543 1
16 8 - 19 - 0.4706289768218994 1
16 8 - 20 - 0.4886322021484375 1
16 8 - 21 - 0.46849703788757324 1
16 8 - 22 - 0.48671841621398926 1
16 8 - 23 - 0.5268609523773193 1
16 8 - 24 - 0.4739229679107666 1
16 8 - 25 - 0.4267921447753906 1
16 8 - 26 - 0.4886152744293213 1
16 8 - 27 - 0.514157772064209 1
16 8 - 28 - 0.5306923389434814 1
16 8 - 29 - 0.5101029872894287 1
16 8 - 30 - 0.3897254467010498 1
16 8 - 31 - 0.5750799179077148 1
16 8 - 32 - 0.4898643493652344 1
16 8 - 33 - 0.5211141109466553 1
16 8 - 34 - 0.4958503246307373 1
16 8 - 35 - 0.5299742221832275 1
16 8 - 36 - 0.4246056079864502 1
16 8 - 37 - 0.4570939540863037 1
16 8 - 38 - 0.5669219493865967 1
16 8 - 39 - 0.518017053604126 1
16 8 - 40 - 0.459993839263916 1
16 8 - 41 - 0.49570131301879883 1
16 8 - 42 - 0.43094658851623535 1
16 8 - 43 - 0.44647717475891113 1
16 8 - 44 - 0.5102508068084717 1
16 8 - 45 - 0.4448089599609375 1
16 8 - 46 - 0.4405355453491211 1
16 8 - 47 - 0.4586935043334961 1
16 8 - 48 - 0.529670000076294 1
16 8 - 49 - 0.4693448543548584 1
16 8 - 50 - 0.5467982292175293 1
16 8 - 51 - 0.44997739791870117 1
16 8 - 52 - 0.6868066787719727 1
16 8 - 53 - 0.3556094169616699 1
16 8 - 54 - 0.43085598945617676 1
16 8 - 55 - 0.49282193183898926 1
16 8 - 56 - 0.46949172019958496 1
16 8 - 57 - 0.43255615234375 1
16 8 - 58 - 0.49418067932128906 1
16 8 - 59 - 0.5674529075622559 1
16 8 - 60 - 0.48918700218200684 1
16 8 - 61 - 0.5630350112915039 1
16 8 - 62 - 0.553586483001709 1
16 8 - 63 - 0.47158241271972656 1
16 8 - 64 - 0.457653284072876 1
16 8 - 65 - 0.4971809387207031 1
16 8 - 66 - 0.5263452529907227 1
16 8 - 67 - 0.46167492866516113 1
16 8 - 68 - 0.5180087089538574 1
16 8 - 69 - 0.46016860008239746 1
16 8 - 70 - 0.49805712699890137 1
16 8 - 71 - 0.5638182163238525 1
16 8 - 72 - 0.44011592864990234 1
16 8 - 73 - 0.5021743774414062 1
16 8 - 74 - 0.4785292148590088 1
16 8 - 75 - 0.42732691764831543 1
16 8 - 76 - 0.4683101177215576 1
16 8 - 77 - 0.4505939483642578 1
16 8 - 78 - 0.45972728729248047 1
16 8 - 79 - 0.43993282318115234 1
16 8 - 80 - 0.49929165840148926 1
16 8 - 81 - 0.46187496185302734 1
16 8 - 82 - 0.4371054172515869 1
16 8 - 83 - 0.4211122989654541 1
16 8 - 84 - 0.4760770797729492 1
16 8 - 85 - 0.48904895782470703 1
16 8 - 86 - 0.46801257133483887 1
16 8 - 87 - 0.43879032135009766 1
16 8 - 88 - 0.5036642551422119 1
16 8 - 89 - 0.41211605072021484 1
16 8 - 90 - 0.5845448970794678 1
16 8 - 91 - 0.4597759246826172 1
16 8 - 92 - 0.554741382598877 1
16 8 - 93 - 0.4691460132598877 1
16 8 - 94 - 0.4413022994995117 1
16 8 - 95 - 0.48432350158691406 1
16 8 - 96 - 0.5303924083709717 1
16 8 - 97 - 0.45407676696777344 1
16 8 - 98 - 0.40619802474975586 1
16 8 - 99 - 0.5256342887878418 1
32 1 - 0 - 0.4043424129486084 1
32 1 - 1 - 0.2927238941192627 1
32 1 - 2 - 0.41033148765563965 1
32 1 - 3 - 0.3918297290802002 1
32 1 - 4 - 0.2892038822174072 1
32 1 - 5 - 0.35146617889404297 1
32 1 - 6 - 0.24895191192626953 1
32 1 - 7 - 0.3329966068267822 1
32 1 - 8 - 0.3067820072174072 1
32 1 - 9 - 0.19226765632629395 1
32 1 - 10 - 0.34079957008361816 1
32 1 - 11 - 0.4369680881500244 1
32 1 - 12 - 0.33844494819641113 1
32 1 - 13 - 0.30732154846191406 1
32 1 - 14 - 0.34570837020874023 1
32 1 - 15 - 0.2809877395629883 1
32 1 - 16 - 0.4301111698150635 1
32 1 - 17 - 0.3917422294616699 1
32 1 - 18 - 0.36058664321899414 1
32 1 - 19 - 0.32393503189086914 1
32 1 - 20 - 0.2936856746673584 1
32 1 - 21 - 0.6124920845031738 1
32 1 - 22 - 0.37018537521362305 1
32 1 - 23 - 0.32625722885131836 1
32 1 - 24 - 0.33391594886779785 1
32 1 - 25 - 0.3545041084289551 1
32 1 - 26 - 0.460925817489624 1
32 1 - 27 - 0.30338478088378906 1
32 1 - 28 - 0.3311772346496582 1
32 1 - 29 - 0.3514242172241211 1
32 1 - 30 - 0.31294703483581543 1
32 1 - 31 - 0.32138633728027344 1
32 1 - 32 - 0.39891672134399414 1
32 1 - 33 - 0.28901195526123047 1
32 1 - 34 - 0.3629145622253418 1
32 1 - 35 - 0.25749897956848145 1
32 1 - 36 - 0.19472980499267578 1
32 1 - 37 - 0.2933535575866699 1
32 1 - 38 - 0.19128680229187012 1
32 1 - 39 - 0.3443572521209717 1
32 1 - 40 - 0.30966711044311523 1
32 1 - 41 - 0.32497692108154297 1
32 1 - 42 - 0.3324317932128906 1
32 1 - 43 - 0.32195019721984863 1
32 1 - 44 - 0.3937380313873291 1
32 1 - 45 - 0.37730836868286133 1
32 1 - 46 - 0.3672618865966797 1
32 1 - 47 - 0.3677976131439209 1
32 1 - 48 - 0.41410017013549805 1
32 1 - 49 - 0.33066272735595703 1
32 1 - 50 - 0.30597949028015137 1
32 1 - 51 - 0.33067750930786133 1
32 1 - 52 - 0.340334415435791 1
32 1 - 53 - 0.36896729469299316 1
32 1 - 54 - 0.27805376052856445 1
32 1 - 55 - 0.324660062789917 1
32 1 - 56 - 0.3915748596191406 1
32 1 - 57 - 0.2971625328063965 1
32 1 - 58 - 0.3195152282714844 1
32 1 - 59 - 0.35669636726379395 1
32 1 - 60 - 0.33218836784362793 1
32 1 - 61 - 0.3344428539276123 1
32 1 - 62 - 0.3988814353942871 1
32 1 - 63 - 0.31668901443481445 1
32 1 - 64 - 0.30396175384521484 1
32 1 - 65 - 0.40115785598754883 1
32 1 - 66 - 0.26781129837036133 1
32 1 - 67 - 0.33043885231018066 1
32 1 - 68 - 0.2881462574005127 1
32 1 - 69 - 0.34223175048828125 1
32 1 - 70 - 0.3368113040924072 1
32 1 - 71 - 0.30996084213256836 1
32 1 - 72 - 0.28272581100463867 1
32 1 - 73 - 0.3747403621673584 1
32 1 - 74 - 0.40056538581848145 1
32 1 - 75 - 0.2974088191986084 1
32 1 - 76 - 0.33934807777404785 1
32 1 - 77 - 0.4516749382019043 1
32 1 - 78 - 0.283541202545166 1
32 1 - 79 - 0.38185596466064453 1
32 1 - 80 - 0.3210000991821289 1
32 1 - 81 - 0.34392237663269043 1
32 1 - 82 - 0.28837013244628906 1
32 1 - 83 - 0.4515550136566162 1
32 1 - 84 - 0.29720258712768555 1
32 1 - 85 - 0.3077890872955322 1
32 1 - 86 - 0.18986248970031738 1
32 1 - 87 - 0.4426143169403076 1
32 1 - 88 - 0.37051868438720703 1
32 1 - 89 - 0.4428598880767822 1
32 1 - 90 - 0.3369159698486328 1
32 1 - 91 - 0.3937232494354248 1
32 1 - 92 - 0.3290402889251709 1
32 1 - 93 - 0.3541605472564697 1
32 1 - 94 - 0.4049196243286133 1
32 1 - 95 - 0.3490273952484131 1
32 1 - 96 - 0.3374767303466797 1
32 1 - 97 - 0.2901878356933594 1
32 1 - 98 - 0.38151025772094727 1
32 1 - 99 - 0.3192894458770752 1
32 2 - 0 - 0.36274290084838867 1
32 2 - 1 - 0.41040515899658203 1
32 2 - 2 - 0.30254340171813965 1
32 2 - 3 - 0.44175291061401367 1
32 2 - 4 - 0.32708263397216797 1
32 2 - 5 - 0.3313579559326172 1
32 2 - 6 - 0.47759413719177246 1
32 2 - 7 - 0.2836475372314453 1
32 2 - 8 - 0.3767051696777344 1
32 2 - 9 - 0.3184056282043457 1
32 2 - 10 - 0.36325502395629883 1
32 2 - 11 - 0.30965304374694824 1
32 2 - 12 - 0.3435678482055664 1
32 2 - 13 - 0.3426339626312256 1
32 2 - 14 - 0.3484001159667969 1
32 2 - 15 - 0.39119958877563477 1
32 2 - 16 - 0.3306572437286377 1
32 2 - 17 - 0.38304829597473145 1
32 2 - 18 - 0.506976842880249 1
32 2 - 19 - 0.4421839714050293 1
32 2 - 20 - 0.2690119743347168 1
32 2 - 21 - 0.3335869312286377 1
32 2 - 22 - 0.38292431831359863 1
32 2 - 23 - 0.33616185188293457 1
32 2 - 24 - 0.3379180431365967 1
32 2 - 25 - 0.33536577224731445 1
32 2 - 26 - 0.3496837615966797 1
32 2 - 27 - 0.3151993751525879 1
32 2 - 28 - 0.3861534595489502 1
32 2 - 29 - 0.3311173915863037 1
32 2 - 30 - 0.2930312156677246 1
32 2 - 31 - 0.3636801242828369 1
32 2 - 32 - 0.4103405475616455 1
32 2 - 33 - 0.35263657569885254 1
32 2 - 34 - 0.4441499710083008 1
32 2 - 35 - 0.38085484504699707 1
32 2 - 36 - 0.3343496322631836 1
32 2 - 37 - 0.34050679206848145 1
32 2 - 38 - 0.3734297752380371 1
32 2 - 39 - 0.37038183212280273 1
32 2 - 40 - 0.3800628185272217 1
32 2 - 41 - 0.4197652339935303 1
32 2 - 42 - 0.3127405643463135 1
32 2 - 43 - 0.2992403507232666 1
32 2 - 44 - 0.48186254501342773 1
32 2 - 45 - 0.3335995674133301 1
32 2 - 46 - 0.34829258918762207 1
32 2 - 47 - 0.3081657886505127 1
32 2 - 48 - 0.2983248233795166 1
32 2 - 49 - 0.4103994369506836 1
32 2 - 50 - 0.4052772521972656 1
32 2 - 51 - 0.36488866806030273 1
32 2 - 52 - 0.3064117431640625 1
32 2 - 53 - 0.3322756290435791 1
32 2 - 54 - 0.327822208404541 1
32 2 - 55 - 0.3290860652923584 1
32 2 - 56 - 0.35933732986450195 1
32 2 - 57 - 0.35849499702453613 1
32 2 - 58 - 0.40724897384643555 1
32 2 - 59 - 0.29420948028564453 1
32 2 - 60 - 0.326366662979126 1
32 2 - 61 - 0.3375680446624756 1
32 2 - 62 - 0.32743072509765625 1
32 2 - 63 - 0.4404628276824951 1
32 2 - 64 - 0.33834290504455566 1
32 2 - 65 - 0.29773974418640137 1
32 2 - 66 - 0.3183720111846924 1
32 2 - 67 - 0.3792555332183838 1
32 2 - 68 - 0.36270713806152344 1
32 2 - 69 - 0.27849435806274414 1
32 2 - 70 - 0.4360170364379883 1
32 2 - 71 - 0.3872640132904053 1
32 2 - 72 - 0.3456001281738281 1
32 2 - 73 - 0.41274428367614746 1
32 2 - 74 - 0.34565210342407227 1
32 2 - 75 - 0.34131288528442383 1
32 2 - 76 - 0.33410215377807617 1
32 2 - 77 - 0.37720799446105957 1
32 2 - 78 - 0.43453431129455566 1
32 2 - 79 - 0.34616804122924805 1
32 2 - 80 - 0.375385046005249 1
32 2 - 81 - 0.26999711990356445 1
32 2 - 82 - 0.38093042373657227 1
32 2 - 83 - 0.35581088066101074 1
32 2 - 84 - 0.30096960067749023 1
32 2 - 85 - 0.34383559226989746 1
32 2 - 86 - 0.3426399230957031 1
32 2 - 87 - 0.3563697338104248 1
32 2 - 88 - 0.3787693977355957 1
32 2 - 89 - 0.3553798198699951 1
32 2 - 90 - 0.40995001792907715 1
32 2 - 91 - 0.2995877265930176 1
32 2 - 92 - 0.42053699493408203 1
32 2 - 93 - 0.4118659496307373 1
32 2 - 94 - 0.3209848403930664 1
32 2 - 95 - 0.3543965816497803 1
32 2 - 96 - 0.281998872756958 1
32 2 - 97 - 0.29105544090270996 1
32 2 - 98 - 0.30380892753601074 1
32 2 - 99 - 0.4046037197113037 1
32 4 - 0 - 0.34997129440307617 1
32 4 - 1 - 0.3591036796569824 1
32 4 - 2 - 0.4030263423919678 1
32 4 - 3 - 0.24172496795654297 1
32 4 - 4 - 0.3737061023712158 1
32 4 - 5 - 0.379680871963501 1
32 4 - 6 - 0.38495731353759766 1
32 4 - 7 - 0.4013240337371826 1
32 4 - 8 - 0.3928055763244629 1
32 4 - 9 - 0.3727583885192871 1
32 4 - 10 - 0.40003275871276855 1
32 4 - 11 - 0.37516164779663086 1
32 4 - 12 - 0.40084147453308105 1
32 4 - 13 - 0.3737351894378662 1
32 4 - 14 - 0.4403188228607178 1
32 4 - 15 - 0.4493896961212158 1
32 4 - 16 - 0.3932666778564453 1
32 4 - 17 - 0.603623628616333 1
32 4 - 18 - 0.41068530082702637 1
32 4 - 19 - 0.3481473922729492 1
32 4 - 20 - 0.38179945945739746 1
32 4 - 21 - 0.3334181308746338 1
32 4 - 22 - 0.38826942443847656 1
32 4 - 23 - 0.3865776062011719 1
32 4 - 24 - 0.3114595413208008 1
32 4 - 25 - 0.485537052154541 1
32 4 - 26 - 0.3622860908508301 1
32 4 - 27 - 0.3755321502685547 1
32 4 - 28 - 0.41673707962036133 1
32 4 - 29 - 0.4023284912109375 1
32 4 - 30 - 0.38637781143188477 1
32 4 - 31 - 0.46293187141418457 1
32 4 - 32 - 0.40917468070983887 1
32 4 - 33 - 0.34918761253356934 1
32 4 - 34 - 0.40276193618774414 1
32 4 - 35 - 0.3684964179992676 1
32 4 - 36 - 0.4078662395477295 1
32 4 - 37 - 0.4325408935546875 1
32 4 - 38 - 0.3945960998535156 1
32 4 - 39 - 0.3463718891143799 1
32 4 - 40 - 0.40084195137023926 1
32 4 - 41 - 0.34563159942626953 1
32 4 - 42 - 0.4618103504180908 1
32 4 - 43 - 0.32012128829956055 1
32 4 - 44 - 0.31737852096557617 1
32 4 - 45 - 0.37653326988220215 1
32 4 - 46 - 0.392071008682251 1
32 4 - 47 - 0.3506033420562744 1
32 4 - 48 - 0.4585754871368408 1
32 4 - 49 - 0.38655662536621094 1
32 4 - 50 - 0.3159933090209961 1
32 4 - 51 - 0.39171576499938965 1
32 4 - 52 - 0.3121318817138672 1
32 4 - 53 - 0.4022648334503174 1
32 4 - 54 - 0.2691178321838379 1
32 4 - 55 - 0.3747437000274658 1
32 4 - 56 - 0.2534639835357666 1
32 4 - 57 - 0.45081186294555664 1
32 4 - 58 - 0.3603355884552002 1
32 4 - 59 - 0.36644649505615234 1
32 4 - 60 - 0.3874630928039551 1
32 4 - 61 - 0.4378662109375 1
32 4 - 62 - 0.38195180892944336 1
32 4 - 63 - 0.39157748222351074 1
32 4 - 64 - 0.5878651142120361 1
32 4 - 65 - 0.8346912860870361 1
32 4 - 66 - 0.38036060333251953 1
32 4 - 67 - 0.46716952323913574 1
32 4 - 68 - 0.43308472633361816 1
32 4 - 69 - 0.291839599609375 1
32 4 - 70 - 0.41564273834228516 1
32 4 - 71 - 0.40953946113586426 1
32 4 - 72 - 0.3848605155944824 1
32 4 - 73 - 0.333465576171875 1
32 4 - 74 - 0.3414037227630615 1
32 4 - 75 - 0.36400914192199707 1
32 4 - 76 - 0.3918476104736328 1
32 4 - 77 - 0.3784778118133545 1
32 4 - 78 - 0.4113757610321045 1
32 4 - 79 - 0.37204432487487793 1
32 4 - 80 - 0.41527819633483887 1
32 4 - 81 - 0.38761472702026367 1
32 4 - 82 - 0.40588951110839844 1
32 4 - 83 - 0.39655399322509766 1
32 4 - 84 - 0.5066685676574707 1
32 4 - 85 - 0.40962648391723633 1
32 4 - 86 - 0.34217000007629395 1
32 4 - 87 - 0.3936948776245117 1
32 4 - 88 - 0.38019323348999023 1
32 4 - 89 - 0.38056111335754395 1
32 4 - 90 - 0.4338202476501465 1
32 4 - 91 - 0.4411580562591553 1
32 4 - 92 - 0.3486971855163574 1
32 4 - 93 - 0.34503817558288574 1
32 4 - 94 - 0.43170714378356934 1
32 4 - 95 - 0.4031503200531006 1
32 4 - 96 - 0.44613051414489746 1
32 4 - 97 - 0.4651823043823242 1
32 4 - 98 - 0.3398091793060303 1
32 4 - 99 - 0.43958353996276855 1
32 8 - 0 - 0.468827486038208 1
32 8 - 1 - 0.4584634304046631 1
32 8 - 2 - 0.5907735824584961 1
32 8 - 3 - 0.4469492435455322 1
32 8 - 4 - 0.54522705078125 1
32 8 - 5 - 0.5099451541900635 1
32 8 - 6 - 0.46831178665161133 1
32 8 - 7 - 0.5065646171569824 1
32 8 - 8 - 0.4381711483001709 1
32 8 - 9 - 0.3970324993133545 1
32 8 - 10 - 0.49239444732666016 1
32 8 - 11 - 0.4551670551300049 1
32 8 - 12 - 0.5787220001220703 1
32 8 - 13 - 0.4078497886657715 1
32 8 - 14 - 0.497422456741333 1
32 8 - 15 - 0.5223076343536377 1
32 8 - 16 - 0.4873957633972168 1
32 8 - 17 - 0.44617581367492676 1
32 8 - 18 - 0.38016629219055176 1
32 8 - 19 - 0.529653787612915 1
32 8 - 20 - 0.5358438491821289 1
32 8 - 21 - 0.4126110076904297 1
32 8 - 22 - 0.48450589179992676 1
32 8 - 23 - 0.3942835330963135 1
32 8 - 24 - 0.4849874973297119 1
32 8 - 25 - 0.5627682209014893 1
32 8 - 26 - 0.5650835037231445 1
32 8 - 27 - 0.42882513999938965 1
32 8 - 28 - 0.5143122673034668 1
32 8 - 29 - 0.5056090354919434 1
32 8 - 30 - 0.4557533264160156 1
32 8 - 31 - 0.48506617546081543 1
32 8 - 32 - 0.62497878074646 1
32 8 - 33 - 0.4437751770019531 1
32 8 - 34 - 0.520611047744751 1
32 8 - 35 - 0.4221937656402588 1
32 8 - 36 - 0.5414915084838867 1
32 8 - 37 - 0.5001029968261719 1
32 8 - 38 - 0.49121832847595215 1
32 8 - 39 - 0.5041427612304688 1
32 8 - 40 - 0.4984776973724365 1
32 8 - 41 - 0.4688735008239746 1
32 8 - 42 - 0.46866583824157715 1
32 8 - 43 - 0.5770761966705322 1
32 8 - 44 - 0.5009002685546875 1
32 8 - 45 - 0.4754660129547119 1
32 8 - 46 - 0.4721684455871582 1
32 8 - 47 - 0.46737217903137207 1
32 8 - 48 - 0.51615309715271 1
32 8 - 49 - 0.46439695358276367 1
32 8 - 50 - 0.45798301696777344 1
32 8 - 51 - 0.4352223873138428 1
32 8 - 52 - 0.5122349262237549 1
32 8 - 53 - 0.5904619693756104 1
32 8 - 54 - 0.5540304183959961 1
32 8 - 55 - 0.5246591567993164 1
32 8 - 56 - 0.49646830558776855 1
32 8 - 57 - 0.5150613784790039 1
32 8 - 58 - 0.4714362621307373 1
32 8 - 59 - 0.4527158737182617 1
32 8 - 60 - 0.533733606338501 1
32 8 - 61 - 0.48801708221435547 1
32 8 - 62 - 0.47949981689453125 1
32 8 - 63 - 0.48387885093688965 1
32 8 - 64 - 0.4684758186340332 1
32 8 - 65 - 0.5211203098297119 1
32 8 - 66 - 0.4873800277709961 1
32 8 - 67 - 0.483187198638916 1
32 8 - 68 - 0.4721062183380127 1
32 8 - 69 - 0.4870281219482422 1
32 8 - 70 - 0.46096348762512207 1
32 8 - 71 - 0.46866297721862793 1
32 8 - 72 - 0.5183956623077393 1
32 8 - 73 - 0.5885117053985596 1
32 8 - 74 - 0.5215256214141846 1
32 8 - 75 - 0.5243732929229736 1
32 8 - 76 - 0.44992804527282715 1
32 8 - 77 - 0.44364142417907715 1
32 8 - 78 - 0.3221585750579834 1
32 8 - 79 - 0.4531259536743164 1
32 8 - 80 - 0.44249510765075684 1
32 8 - 81 - 0.4626040458679199 1
32 8 - 82 - 0.506035566329956 1
32 8 - 83 - 0.4494822025299072 1
32 8 - 84 - 0.48844432830810547 1
32 8 - 85 - 0.46678590774536133 1
32 8 - 86 - 0.5714685916900635 1
32 8 - 87 - 0.5165436267852783 1
32 8 - 88 - 0.4770927429199219 1
32 8 - 89 - 0.5363461971282959 1
32 8 - 90 - 0.433927059173584 1
32 8 - 91 - 0.4937877655029297 1
32 8 - 92 - 0.42768359184265137 1
32 8 - 93 - 0.42519378662109375 1
32 8 - 94 - 0.5941929817199707 1
32 8 - 95 - 0.511909008026123 1
32 8 - 96 - 0.46148037910461426 1
32 8 - 97 - 0.4824399948120117 1
32 8 - 98 - 0.4648261070251465 1
32 8 - 99 - 0.4526515007019043 1
