4 1 - 0 - 0.40435171127319336 0
4 1 - 1 - 0.3133726119995117 0
4 1 - 2 - 0.3102591037750244 0
4 1 - 3 - 0.40155911445617676 0
4 1 - 4 - 0.4289395809173584 0
4 1 - 5 - 0.3140683174133301 0
4 1 - 6 - 0.3397221565246582 0
4 1 - 7 - 0.3061645030975342 0
4 1 - 8 - 0.39887189865112305 0
4 1 - 9 - 0.33487558364868164 0
4 1 - 10 - 0.3240780830383301 0
4 1 - 11 - 0.2845795154571533 0
4 1 - 12 - 0.3070487976074219 0
4 1 - 13 - 0.30634045600891113 0
4 1 - 14 - 0.23140430450439453 0
4 1 - 15 - 0.13541221618652344 0
4 1 - 16 - 0.3021409511566162 0
4 1 - 17 - 0.34154510498046875 0
4 1 - 18 - 0.41751551628112793 0
4 1 - 19 - 0.2803030014038086 0
4 1 - 20 - 0.2664306163787842 0
4 1 - 21 - 0.27399611473083496 0
4 1 - 22 - 0.4016444683074951 0
4 1 - 23 - 0.3380470275878906 0
4 1 - 24 - 0.3629577159881592 0
4 1 - 25 - 0.2976102828979492 0
4 1 - 26 - 0.3858358860015869 0
4 1 - 27 - 0.3427925109863281 0
4 1 - 28 - 0.3525874614715576 0
4 1 - 29 - 0.37835001945495605 0
4 1 - 30 - 0.31388068199157715 0
4 1 - 31 - 0.3348095417022705 0
4 1 - 32 - 0.3149123191833496 0
4 1 - 33 - 0.2695770263671875 0
4 1 - 34 - 0.2937886714935303 0
4 1 - 35 - 0.35456252098083496 0
4 1 - 36 - 0.355640172958374 0
4 1 - 37 - 0.3250243663787842 0
4 1 - 38 - 0.3344449996948242 0
4 1 - 39 - 0.31163692474365234 0
4 1 - 40 - 0.29293251037597656 0
4 1 - 41 - 0.36478447914123535 0
4 1 - 42 - 0.3049643039703369 0
4 1 - 43 - 0.2879610061645508 0
4 1 - 44 - 0.2617499828338623 0
4 1 - 45 - 0.22321033477783203 0
4 1 - 46 - 0.1263866424560547 0
4 1 - 47 - 0.2120201587677002 0
4 1 - 48 - 0.2454357147216797 0
4 1 - 49 - 0.29620814323425293 0
4 1 - 50 - 0.35667848587036133 0
4 1 - 51 - 0.22938227653503418 0
4 1 - 52 - 0.21299433708190918 0
4 1 - 53 - 0.28279638290405273 0
4 1 - 54 - 0.37013936042785645 0
4 1 - 55 - 0.3272817134857178 0
4 1 - 56 - 0.3364241123199463 0
4 1 - 57 - 0.33409547805786133 0
4 1 - 58 - 0.3082561492919922 0
4 1 - 59 - 0.2720620632171631 0
4 1 - 60 - 0.32656049728393555 0
4 1 - 61 - 0.30452871322631836 0
4 1 - 62 - 0.3862016201019287 0
4 1 - 63 - 0.27220582962036133 0
4 1 - 64 - 0.2956967353820801 0
4 1 - 65 - 0.27961206436157227 0
4 1 - 66 - 0.18044137954711914 0
4 1 - 67 - 0.21123433113098145 0
4 1 - 68 - 0.2011890411376953 0
4 1 - 69 - 0.16901183128356934 0
4 1 - 70 - 0.2419116497039795 0
4 1 - 71 - 0.23279190063476562 0
4 1 - 72 - 0.32825517654418945 0
4 1 - 73 - 0.21329426765441895 0
4 1 - 74 - 0.18199586868286133 0
4 1 - 75 - 0.21461057662963867 0
4 1 - 76 - 0.18443679809570312 0
4 1 - 77 - 0.36052680015563965 0
4 1 - 78 - 0.27315807342529297 0
4 1 - 79 - 0.327678918838501 0
4 1 - 80 - 0.30214548110961914 0
4 1 - 81 - 0.13889527320861816 0
4 1 - 82 - 0.23518037796020508 0
4 1 - 83 - 0.2273721694946289 0
4 1 - 84 - 0.23563408851623535 0
4 1 - 85 - 0.26447319984436035 0
4 1 - 86 - 0.24185752868652344 0
4 1 - 87 - 0.2129216194152832 0
4 1 - 88 - 0.28845715522766113 0
4 1 - 89 - 0.2642693519592285 0
4 1 - 90 - 0.17511296272277832 0
4 1 - 91 - 0.1800391674041748 0
4 1 - 92 - 0.28035426139831543 0
4 1 - 93 - 0.1766061782836914 0
4 1 - 94 - 0.18724346160888672 0
4 1 - 95 - 0.21246838569641113 0
4 1 - 96 - 0.17859125137329102 0
4 1 - 97 - 0.1538550853729248 0
4 1 - 98 - 0.26154422760009766 0
4 1 - 99 - 0.12349462509155273 0
4 2 - 0 - 0.42656469345092773 0
4 2 - 1 - 0.1920323371887207 0
4 2 - 2 - 0.1735382080078125 0
4 2 - 3 - 0.26076459884643555 0
4 2 - 4 - 0.1770622730255127 0
4 2 - 5 - 0.2855987548828125 0
4 2 - 6 - 0.22386884689331055 0
4 2 - 7 - 0.1676466464996338 0
4 2 - 8 - 0.1003122329711914 0
4 2 - 9 - 0.2525053024291992 0
4 2 - 10 - 0.2638571262359619 0
4 2 - 11 - 0.21367788314819336 0
4 2 - 12 - 0.17948698997497559 0
4 2 - 13 - 0.18400001525878906 0
4 2 - 14 - 0.23614192008972168 0
4 2 - 15 - 0.2549858093261719 0
4 2 - 16 - 0.19151973724365234 0
4 2 - 17 - 0.27359604835510254 0
4 2 - 18 - 0.26485610008239746 0
4 2 - 19 - 0.20897626876831055 0
4 2 - 20 - 0.24927210807800293 0
4 2 - 21 - 0.18519854545593262 0
4 2 - 22 - 0.24754691123962402 0
4 2 - 23 - 0.22105741500854492 0
4 2 - 24 - 0.25382280349731445 0
4 2 - 25 - 0.2057628631591797 0
4 2 - 26 - 0.23042583465576172 0
4 2 - 27 - 0.29973554611206055 0
4 2 - 28 - 0.24226689338684082 0
4 2 - 29 - 0.21398615837097168 0
4 2 - 30 - 0.2510242462158203 0
4 2 - 31 - 0.23212361335754395 0
4 2 - 32 - 0.2095046043395996 0
4 2 - 33 - 0.2723989486694336 0
4 2 - 34 - 0.25929737091064453 0
4 2 - 35 - 0.2679018974304199 0
4 2 - 36 - 0.3095691204071045 0
4 2 - 37 - 0.17063689231872559 0
4 2 - 38 - 0.21536731719970703 0
4 2 - 39 - 0.2172532081604004 0
4 2 - 40 - 0.15320467948913574 0
4 2 - 41 - 0.10070276260375977 0
4 2 - 42 - 0.2541227340698242 0
4 2 - 43 - 0.303926944732666 0
4 2 - 44 - 0.2512500286102295 0
4 2 - 45 - 0.28382301330566406 0
4 2 - 46 - 0.2146134376525879 0
4 2 - 47 - 0.21945452690124512 0
4 2 - 48 - 0.1275472640991211 0
4 2 - 49 - 0.22377777099609375 0
4 2 - 50 - 0.27985334396362305 0
4 2 - 51 - 0.2963557243347168 0
4 2 - 52 - 0.30686092376708984 0
4 2 - 53 - 0.28386402130126953 0
4 2 - 54 - 0.22774171829223633 0
4 2 - 55 - 0.2567591667175293 0
4 2 - 56 - 0.20296025276184082 0
4 2 - 57 - 0.29224467277526855 0
4 2 - 58 - 0.20502138137817383 0
4 2 - 59 - 0.23517680168151855 0
4 2 - 60 - 0.20044255256652832 0
4 2 - 61 - 0.15102219581604004 0
4 2 - 62 - 0.2168140411376953 0
4 2 - 63 - 0.23395872116088867 0
4 2 - 64 - 0.22285246849060059 0
4 2 - 65 - 0.21164274215698242 0
4 2 - 66 - 0.24336862564086914 0
4 2 - 67 - 0.18414592742919922 0
4 2 - 68 - 0.1823410987854004 0
4 2 - 69 - 0.22268271446228027 0
4 2 - 70 - 0.1952986717224121 0
4 2 - 71 - 0.25418591499328613 0
4 2 - 72 - 0.19402694702148438 0
4 2 - 73 - 0.2493140697479248 0
4 2 - 74 - 0.20920348167419434 0
4 2 - 75 - 0.17966151237487793 0
4 2 - 76 - 0.18619036674499512 0
4 2 - 77 - 0.21909618377685547 0
4 2 - 78 - 0.24062108993530273 0
4 2 - 79 - 0.24297404289245605 0
4 2 - 80 - 0.21630525588989258 0
4 2 - 81 - 0.18775463104248047 0
4 2 - 82 - 0.16851806640625 0
4 2 - 83 - 0.20680856704711914 0
4 2 - 84 - 0.2068490982055664 0
4 2 - 85 - 0.16995716094970703 0
4 2 - 86 - 0.17796874046325684 0
4 2 - 87 - 0.17911052703857422 0
4 2 - 88 - 0.28317999839782715 0
4 2 - 89 - 0.25747108459472656 0
4 2 - 90 - 0.25945305824279785 0
4 2 - 91 - 0.13298535346984863 0
4 2 - 92 - 0.24315667152404785 0
4 2 - 93 - 0.25248050689697266 0
4 2 - 94 - 0.23150849342346191 0
4 2 - 95 - 0.18027114868164062 0
4 2 - 96 - 0.22215914726257324 0
4 2 - 97 - 0.22960662841796875 0
4 2 - 98 - 0.1855907440185547 0
4 2 - 99 - 0.2978518009185791 0
4 4 - 0 - 0.3665034770965576 0
4 4 - 1 - 0.3249986171722412 0
4 4 - 2 - 0.37224721908569336 0
4 4 - 3 - 0.19064950942993164 0
4 4 - 4 - 0.29401445388793945 0
4 4 - 5 - 0.23156142234802246 0
4 4 - 6 - 0.19967412948608398 0
4 4 - 7 - 0.23852276802062988 0
4 4 - 8 - 0.25255417823791504 0
4 4 - 9 - 0.2770986557006836 0
4 4 - 10 - 0.1641232967376709 0
4 4 - 11 - 0.23168253898620605 0
4 4 - 12 - 0.24118876457214355 0
4 4 - 13 - 0.259472131729126 0
4 4 - 14 - 0.11843252182006836 0
4 4 - 15 - 0.25434017181396484 0
4 4 - 16 - 0.30272746086120605 0
4 4 - 17 - 0.3366105556488037 0
4 4 - 18 - 0.21936583518981934 0
4 4 - 19 - 0.18822979927062988 0
4 4 - 20 - 0.2776679992675781 0
4 4 - 21 - 0.21047520637512207 0
4 4 - 22 - 0.12508082389831543 0
4 4 - 23 - 0.14693379402160645 0
4 4 - 24 - 0.12138128280639648 0
4 4 - 25 - 0.1753709316253662 0
4 4 - 26 - 0.2480764389038086 0
4 4 - 27 - 0.17424535751342773 0
4 4 - 28 - 0.11928510665893555 0
4 4 - 29 - 0.1244051456451416 0
4 4 - 30 - 0.260770320892334 0
4 4 - 31 - 0.22247672080993652 0
4 4 - 32 - 0.27923083305358887 0
4 4 - 33 - 0.23025870323181152 0
4 4 - 34 - 0.20208215713500977 0
4 4 - 35 - 0.2791469097137451 0
4 4 - 36 - 0.20933151245117188 0
4 4 - 37 - 0.3185136318206787 0
4 4 - 38 - 0.1948075294494629 0
4 4 - 39 - 0.3058314323425293 0
4 4 - 40 - 0.20162701606750488 0
4 4 - 41 - 0.20032000541687012 0
4 4 - 42 - 0.24414920806884766 0
4 4 - 43 - 0.2153151035308838 0
4 4 - 44 - 0.20972394943237305 0
4 4 - 45 - 0.1715381145477295 0
4 4 - 46 - 0.13918828964233398 0
4 4 - 47 - 0.2999711036682129 0
4 4 - 48 - 0.28182554244995117 0
4 4 - 49 - 0.21055197715759277 0
4 4 - 50 - 0.2729644775390625 0
4 4 - 51 - 0.23209190368652344 0
4 4 - 52 - 0.22787022590637207 0
4 4 - 53 - 0.2940082550048828 0
4 4 - 54 - 0.22733211517333984 0
4 4 - 55 - 0.25544047355651855 0
4 4 - 56 - 0.21959280967712402 0
4 4 - 57 - 0.30631470680236816 0
4 4 - 58 - 0.34198522567749023 0
4 4 - 59 - 0.13832426071166992 0
4 4 - 60 - 0.2886779308319092 0
4 4 - 61 - 0.21978449821472168 0
4 4 - 62 - 0.2260761260986328 0
4 4 - 63 - 0.26880836486816406 0
4 4 - 64 - 0.2921876907348633 0
4 4 - 65 - 0.22638893127441406 0
4 4 - 66 - 0.20167326927185059 0
4 4 - 67 - 0.22530245780944824 0
4 4 - 68 - 0.28751349449157715 0
4 4 - 69 - 0.31455564498901367 0
4 4 - 70 - 0.2552013397216797 0
4 4 - 71 - 0.2936840057373047 0
4 4 - 72 - 0.22194409370422363 0
4 4 - 73 - 0.20332765579223633 0
4 4 - 74 - 0.2640194892883301 0
4 4 - 75 - 0.18246054649353027 0
4 4 - 76 - 0.2834129333496094 0
4 4 - 77 - 0.2582359313964844 0
4 4 - 78 - 0.3565714359283447 0
4 4 - 79 - 0.3443613052368164 0
4 4 - 80 - 0.2866983413696289 0
4 4 - 81 - 0.2489018440246582 0
4 4 - 82 - 0.2398989200592041 0
4 4 - 83 - 0.2735414505004883 0
4 4 - 84 - 0.18541169166564941 0
4 4 - 85 - 0.3154776096343994 0
4 4 - 86 - 0.23142480850219727 0
4 4 - 87 - 0.3444859981536865 0
4 4 - 88 - 0.2156822681427002 0
4 4 - 89 - 0.2619950771331787 0
4 4 - 90 - 0.1823253631591797 0
4 4 - 91 - 0.2870626449584961 0
4 4 - 92 - 0.255967378616333 0
4 4 - 93 - 0.20184612274169922 0
4 4 - 94 - 0.3156275749206543 0
4 4 - 95 - 0.25452637672424316 0
4 4 - 96 - 0.32340121269226074 0
4 4 - 97 - 0.20464777946472168 0
4 4 - 98 - 0.20442795753479004 0
4 4 - 99 - 0.17503690719604492 0
8 1 - 0 - 0.3060495853424072 0
8 1 - 1 - 0.426027774810791 0
8 1 - 2 - 0.3798997402191162 0
8 1 - 3 - 0.35222816467285156 0
8 1 - 4 - 0.37024593353271484 0
8 1 - 5 - 0.333510160446167 0
8 1 - 6 - 0.4231579303741455 0
8 1 - 7 - 0.2458362579345703 0
8 1 - 8 - 0.42184925079345703 0
8 1 - 9 - 0.361452579498291 0
8 1 - 10 - 0.3038063049316406 0
8 1 - 11 - 0.36192989349365234 0
8 1 - 12 - 0.2036736011505127 0
8 1 - 13 - 0.42075181007385254 0
8 1 - 14 - 0.25863170623779297 0
8 1 - 15 - 0.3318970203399658 0
8 1 - 16 - 0.2687654495239258 0
8 1 - 17 - 0.2773709297180176 0
8 1 - 18 - 0.2030959129333496 0
8 1 - 19 - 0.36445045471191406 0
8 1 - 20 - 0.20675086975097656 0
8 1 - 21 - 0.26053452491760254 0
8 1 - 22 - 0.20391106605529785 0
8 1 - 23 - 0.33357810974121094 0
8 1 - 24 - 0.25265049934387207 0
8 1 - 25 - 0.3320798873901367 0
8 1 - 26 - 0.20413613319396973 0
8 1 - 27 - 0.29892396926879883 0
8 1 - 28 - 0.35770106315612793 0
8 1 - 29 - 0.3151841163635254 0
8 1 - 30 - 0.2949700355529785 0
8 1 - 31 - 0.31712865829467773 0
8 1 - 32 - 0.38597798347473145 0
8 1 - 33 - 0.3403759002685547 0
8 1 - 34 - 0.28804516792297363 0
8 1 - 35 - 0.34415102005004883 0
8 1 - 36 - 0.2893192768096924 0
8 1 - 37 - 0.37427639961242676 0
8 1 - 38 - 0.33173704147338867 0
8 1 - 39 - 0.3572263717651367 0
8 1 - 40 - 0.34111857414245605 0
8 1 - 41 - 0.362576961517334 0
8 1 - 42 - 0.2828688621520996 0
8 1 - 43 - 0.34082889556884766 0
8 1 - 44 - 0.4238741397857666 0
8 1 - 45 - 0.30336976051330566 0
8 1 - 46 - 0.27770018577575684 0
8 1 - 47 - 0.3542642593383789 0
8 1 - 48 - 0.2852632999420166 0
8 1 - 49 - 0.34613537788391113 0
8 1 - 50 - 0.2876091003417969 0
8 1 - 51 - 0.3316771984100342 0
8 1 - 52 - 0.35109734535217285 0
8 1 - 53 - 0.353043794631958 0
8 1 - 54 - 0.31619787216186523 0
8 1 - 55 - 0.2551693916320801 0
8 1 - 56 - 0.35044431686401367 0
8 1 - 57 - 0.28761887550354004 0
8 1 - 58 - 0.4571199417114258 0
8 1 - 59 - 0.38309216499328613 0
8 1 - 60 - 0.3758218288421631 0
8 1 - 61 - 0.28003692626953125 0
8 1 - 62 - 0.36278247833251953 0
8 1 - 63 - 0.26839494705200195 0
8 1 - 64 - 0.3647651672363281 0
8 1 - 65 - 0.45645856857299805 0
8 1 - 66 - 0.33168840408325195 0
8 1 - 67 - 0.44414639472961426 0
8 1 - 68 - 0.33008432388305664 0
8 1 - 69 - 0.27483153343200684 0
8 1 - 70 - 0.4041266441345215 0
8 1 - 71 - 0.2662065029144287 0
8 1 - 72 - 0.32564258575439453 0
8 1 - 73 - 0.30785250663757324 0
8 1 - 74 - 0.20552492141723633 0
8 1 - 75 - 0.5199346542358398 0
8 1 - 76 - 0.2956984043121338 0
8 1 - 77 - 0.3163008689880371 0
8 1 - 78 - 0.3471708297729492 0
8 1 - 79 - 0.35495471954345703 0
8 1 - 80 - 0.3563227653503418 0
8 1 - 81 - 0.31078171730041504 0
8 1 - 82 - 0.34917306900024414 0
8 1 - 83 - 0.28735947608947754 0
8 1 - 84 - 0.3702874183654785 0
8 1 - 85 - 0.39438343048095703 0
8 1 - 86 - 0.31937098503112793 0
8 1 - 87 - 0.31406188011169434 0
8 1 - 88 - 0.4385805130004883 0
8 1 - 89 - 0.280902624130249 0
8 1 - 90 - 0.3587379455566406 0
8 1 - 91 - 0.20453977584838867 0
8 1 - 92 - 0.3701057434082031 0
8 1 - 93 - 0.20325016975402832 0
8 1 - 94 - 0.27202939987182617 0
8 1 - 95 - 0.3058030605316162 0
8 1 - 96 - 0.3500082492828369 0
8 1 - 97 - 0.2955451011657715 0
8 1 - 98 - 0.3735363483428955 0
8 1 - 99 - 0.3270409107208252 0
8 2 - 0 - 0.36850905418395996 0
8 2 - 1 - 0.42488718032836914 0
8 2 - 2 - 0.3639216423034668 0
8 2 - 3 - 0.23287153244018555 0
8 2 - 4 - 0.21771883964538574 0
8 2 - 5 - 0.4449920654296875 0
8 2 - 6 - 0.30028200149536133 0
8 2 - 7 - 0.41238999366760254 0
8 2 - 8 - 0.22302484512329102 0
8 2 - 9 - 0.34889912605285645 0
8 2 - 10 - 0.22202372550964355 0
8 2 - 11 - 0.2867114543914795 0
8 2 - 12 - 0.3245809078216553 0
8 2 - 13 - 0.23676490783691406 0
8 2 - 14 - 0.21228456497192383 0
8 2 - 15 - 0.4018862247467041 0
8 2 - 16 - 0.29778432846069336 0
8 2 - 17 - 0.3155214786529541 0
8 2 - 18 - 0.3086278438568115 0
8 2 - 19 - 0.37677836418151855 0
8 2 - 20 - 0.47292661666870117 0
8 2 - 21 - 0.41713738441467285 0
8 2 - 22 - 0.34251999855041504 0
8 2 - 23 - 0.3789560794830322 0
8 2 - 24 - 0.3429107666015625 0
8 2 - 25 - 0.34552574157714844 0
8 2 - 26 - 0.4241023063659668 0
8 2 - 27 - 0.2949411869049072 0
8 2 - 28 - 0.3789989948272705 0
8 2 - 29 - 0.3561077117919922 0
8 2 - 30 - 0.4189026355743408 0
8 2 - 31 - 0.46225786209106445 0
8 2 - 32 - 0.2767293453216553 0
8 2 - 33 - 0.3614232540130615 0
8 2 - 34 - 0.3017587661743164 0
8 2 - 35 - 0.21940994262695312 0
8 2 - 36 - 0.5254745483398438 0
8 2 - 37 - 0.4361569881439209 0
8 2 - 38 - 0.24552202224731445 0
8 2 - 39 - 0.22275280952453613 0
8 2 - 40 - 0.2262117862701416 0
8 2 - 41 - 0.22245073318481445 0
8 2 - 42 - 0.22342443466186523 0
8 2 - 43 - 0.38228440284729004 0
8 2 - 44 - 0.2971963882446289 0
8 2 - 45 - 0.3835029602050781 0
8 2 - 46 - 0.33545541763305664 0
8 2 - 47 - 0.21672916412353516 0
8 2 - 48 - 0.40442395210266113 0
8 2 - 49 - 0.43921780586242676 0
8 2 - 50 - 0.3307032585144043 0
8 2 - 51 - 0.3994007110595703 0
8 2 - 52 - 0.3102092742919922 0
8 2 - 53 - 0.3804435729980469 0
8 2 - 54 - 0.41756105422973633 0
8 2 - 55 - 0.37681126594543457 0
8 2 - 56 - 0.42270994186401367 0
8 2 - 57 - 0.4501383304595947 0
8 2 - 58 - 0.29854702949523926 0
8 2 - 59 - 0.3643486499786377 0
8 2 - 60 - 0.35143089294433594 0
8 2 - 61 - 0.43329811096191406 0
8 2 - 62 - 0.4179215431213379 0
8 2 - 63 - 0.3503689765930176 0
8 2 - 64 - 0.3682262897491455 0
8 2 - 65 - 0.43445682525634766 0
8 2 - 66 - 0.357224702835083 0
8 2 - 67 - 0.33418893814086914 0
8 2 - 68 - 0.3545246124267578 0
8 2 - 69 - 0.33110547065734863 0
8 2 - 70 - 0.3559901714324951 0
8 2 - 71 - 0.37014150619506836 0
8 2 - 72 - 0.5391252040863037 0
8 2 - 73 - 0.43109130859375 0
8 2 - 74 - 0.2872426509857178 0
8 2 - 75 - 0.33829832077026367 0
8 2 - 76 - 0.3878922462463379 0
8 2 - 77 - 0.30181074142456055 0
8 2 - 78 - 0.44234347343444824 0
8 2 - 79 - 0.3562321662902832 0
8 2 - 80 - 0.3067011833190918 0
8 2 - 81 - 0.3358769416809082 0
8 2 - 82 - 0.3193838596343994 0
8 2 - 83 - 0.3915078639984131 0
8 2 - 84 - 0.3336448669433594 0
8 2 - 85 - 0.2957026958465576 0
8 2 - 86 - 0.34649085998535156 0
8 2 - 87 - 0.4201788902282715 0
8 2 - 88 - 0.31912994384765625 0
8 2 - 89 - 0.33843445777893066 0
8 2 - 90 - 0.4064953327178955 0
8 2 - 91 - 0.299518346786499 0
8 2 - 92 - 0.31258058547973633 0
8 2 - 93 - 0.3703434467315674 0
8 2 - 94 - 0.3183481693267822 0
8 2 - 95 - 0.42638635635375977 0
8 2 - 96 - 0.318772554397583 0
8 2 - 97 - 0.41176795959472656 0
8 2 - 98 - 0.30843234062194824 0
8 2 - 99 - 0.34532713890075684 0
8 4 - 0 - 0.47929978370666504 0
8 4 - 1 - 0.406543493270874 0
8 4 - 2 - 0.3877582550048828 0
8 4 - 3 - 0.4275684356689453 0
8 4 - 4 - 0.37565159797668457 0
8 4 - 5 - 0.4379558563232422 0
8 4 - 6 - 0.5219712257385254 0
8 4 - 7 - 0.4803764820098877 0
8 4 - 8 - 0.4191269874572754 0
8 4 - 9 - 0.37618494033813477 0
8 4 - 10 - 0.3726634979248047 0
8 4 - 11 - 0.40819859504699707 0
8 4 - 12 - 0.41648268699645996 0
8 4 - 13 - 0.42638182640075684 0
8 4 - 14 - 0.4388570785522461 0
8 4 - 15 - 0.39000582695007324 0
8 4 - 16 - 0.4346432685852051 0
8 4 - 17 - 0.38551831245422363 0
8 4 - 18 - 0.4654505252838135 0
8 4 - 19 - 0.4750392436981201 0
8 4 - 20 - 0.5114495754241943 0
8 4 - 21 - 0.3922240734100342 0
8 4 - 22 - 0.3247566223144531 0
8 4 - 23 - 0.38652658462524414 0
8 4 - 24 - 0.2721719741821289 0
8 4 - 25 - 0.6075294017791748 0
8 4 - 26 - 0.4160797595977783 0
8 4 - 27 - 0.4479072093963623 0
8 4 - 28 - 0.4601020812988281 0
8 4 - 29 - 0.3839693069458008 0
8 4 - 30 - 0.4516007900238037 0
8 4 - 31 - 0.42114806175231934 0
8 4 - 32 - 0.3846445083618164 0
8 4 - 33 - 0.4783000946044922 0
8 4 - 34 - 0.4081418514251709 0
8 4 - 35 - 0.3995516300201416 0
8 4 - 36 - 0.38924384117126465 0
8 4 - 37 - 0.42353057861328125 0
8 4 - 38 - 0.4295833110809326 0
8 4 - 39 - 0.4003589153289795 0
8 4 - 40 - 0.5151679515838623 0
8 4 - 41 - 0.25815796852111816 0
8 4 - 42 - 0.37743616104125977 0
8 4 - 43 - 0.3697543144226074 0
8 4 - 44 - 0.4968383312225342 0
8 4 - 45 - 0.40408873558044434 0
8 4 - 46 - 0.34182238578796387 0
8 4 - 47 - 0.37419843673706055 0
8 4 - 48 - 0.5187950134277344 0
8 4 - 49 - 0.43692851066589355 0
8 4 - 50 - 0.5180373191833496 0
8 4 - 51 - 0.4261627197265625 0
8 4 - 52 - 0.44774317741394043 0
8 4 - 53 - 0.4351215362548828 0
8 4 - 54 - 0.4310767650604248 0
8 4 - 55 - 0.4377295970916748 0
8 4 - 56 - 0.4173569679260254 0
8 4 - 57 - 0.29569149017333984 0
8 4 - 58 - 0.3703615665435791 0
8 4 - 59 - 0.3501756191253662 0
8 4 - 60 - 0.4355804920196533 0
8 4 - 61 - 0.46143126487731934 0
8 4 - 62 - 0.4107508659362793 0
8 4 - 63 - 0.41492271423339844 0
8 4 - 64 - 0.5738637447357178 0
8 4 - 65 - 0.36833691596984863 0
8 4 - 66 - 0.36369991302490234 0
8 4 - 67 - 0.4111149311065674 0
8 4 - 68 - 0.489682674407959 0
8 4 - 69 - 0.4342160224914551 0
8 4 - 70 - 0.36936140060424805 0
8 4 - 71 - 0.45719051361083984 0
8 4 - 72 - 0.43875646591186523 0
8 4 - 73 - 0.35827207565307617 0
8 4 - 74 - 0.4621305465698242 0
8 4 - 75 - 0.39783668518066406 0
8 4 - 76 - 0.3794379234313965 0
8 4 - 77 - 0.407393217086792 0
8 4 - 78 - 0.3588602542877197 0
8 4 - 79 - 0.3775217533111572 0
8 4 - 80 - 0.38564634323120117 0
8 4 - 81 - 0.43111729621887207 0
8 4 - 82 - 0.3641664981842041 0
8 4 - 83 - 0.40252232551574707 0
8 4 - 84 - 0.4356217384338379 0
8 4 - 85 - 0.39333081245422363 0
8 4 - 86 - 0.45523738861083984 0
8 4 - 87 - 0.4615824222564697 0
8 4 - 88 - 0.4013671875 0
8 4 - 89 - 0.4257183074951172 0
8 4 - 90 - 0.37213563919067383 0
8 4 - 91 - 0.4005131721496582 0
8 4 - 92 - 0.39057254791259766 0
8 4 - 93 - 0.4237856864929199 0
8 4 - 94 - 0.41879773139953613 0
8 4 - 95 - 0.36904048919677734 0
8 4 - 96 - 0.4444746971130371 0
8 4 - 97 - 0.4489278793334961 0
8 4 - 98 - 0.32149600982666016 0
8 4 - 99 - 0.465076208114624 0
8 8 - 0 - 0.5281810760498047 0
8 8 - 1 - 0.48369574546813965 0
8 8 - 2 - 0.43321943283081055 0
8 8 - 3 - 0.49304628372192383 0
8 8 - 4 - 0.517106294631958 0
8 8 - 5 - 0.519080638885498 0
8 8 - 6 - 0.4455385208129883 0
8 8 - 7 - 0.4783024787902832 0
8 8 - 8 - 0.43817567825317383 0
8 8 - 9 - 0.4282193183898926 0
8 8 - 10 - 0.48406457901000977 0
8 8 - 11 - 0.5381813049316406 0
8 8 - 12 - 0.42840003967285156 0
8 8 - 13 - 0.5108115673065186 0
8 8 - 14 - 0.31899213790893555 0
8 8 - 15 - 0.32277655601501465 0
8 8 - 16 - 0.36629796028137207 0
8 8 - 17 - 0.33136439323425293 0
8 8 - 18 - 0.34268856048583984 0
8 8 - 19 - 0.33423495292663574 0
8 8 - 20 - 0.3174476623535156 0
8 8 - 21 - 0.3247816562652588 0
8 8 - 22 - 0.33463287353515625 0
8 8 - 23 - 0.31592679023742676 0
8 8 - 24 - 0.3353862762451172 0
8 8 - 25 - 0.37290334701538086 0
8 8 - 26 - 0.3487660884857178 0
8 8 - 27 - 0.5049953460693359 0
8 8 - 28 - 0.31169629096984863 0
8 8 - 29 - 0.3195657730102539 0
8 8 - 30 - 0.44188475608825684 0
8 8 - 31 - 0.44820690155029297 0
8 8 - 32 - 0.4596738815307617 0
8 8 - 33 - 0.5748155117034912 0
8 8 - 34 - 0.5224120616912842 0
8 8 - 35 - 0.36839771270751953 0
8 8 - 36 - 0.32671165466308594 0
8 8 - 37 - 0.35254836082458496 0
8 8 - 38 - 0.3307318687438965 0
8 8 - 39 - 0.5370175838470459 0
8 8 - 40 - 0.4656980037689209 0
8 8 - 41 - 0.408980131149292 0
8 8 - 42 - 0.4930102825164795 0
8 8 - 43 - 0.637413501739502 0
8 8 - 44 - 0.48366761207580566 0
8 8 - 45 - 0.5314376354217529 0
8 8 - 46 - 0.5410358905792236 0
8 8 - 47 - 0.459442138671875 0
8 8 - 48 - 0.42721009254455566 0
8 8 - 49 - 0.5113010406494141 0
8 8 - 50 - 0.5082757472991943 0
8 8 - 51 - 0.5066397190093994 0
8 8 - 52 - 0.552532434463501 0
8 8 - 53 - 0.44320034980773926 0
8 8 - 54 - 0.45507097244262695 0
8 8 - 55 - 0.4692368507385254 0
8 8 - 56 - 0.4765968322753906 0
8 8 - 57 - 0.46379804611206055 0
8 8 - 58 - 0.5255646705627441 0
8 8 - 59 - 0.5713284015655518 0
8 8 - 60 - 0.4450976848602295 0
8 8 - 61 - 0.466766357421875 0
8 8 - 62 - 0.44754958152770996 0
8 8 - 63 - 0.48189306259155273 0
8 8 - 64 - 0.6281230449676514 0
8 8 - 65 - 0.5204298496246338 0
8 8 - 66 - 0.48129844665527344 0
8 8 - 67 - 0.5478534698486328 0
8 8 - 68 - 0.492215633392334 0
8 8 - 69 - 0.5082359313964844 0
8 8 - 70 - 0.4671759605407715 0
8 8 - 71 - 0.5000803470611572 0
8 8 - 72 - 0.46695590019226074 0
8 8 - 73 - 0.46301698684692383 0
8 8 - 74 - 0.5335218906402588 0
8 8 - 75 - 0.5455222129821777 0
8 8 - 76 - 0.561305046081543 0
8 8 - 77 - 0.4278855323791504 0
8 8 - 78 - 0.4355440139770508 0
8 8 - 79 - 0.554008960723877 0
8 8 - 80 - 0.48288726806640625 0
8 8 - 81 - 0.49156904220581055 0
8 8 - 82 - 0.5331010818481445 0
8 8 - 83 - 0.5173399448394775 0
8 8 - 84 - 0.5225951671600342 0
8 8 - 85 - 0.47866106033325195 0
8 8 - 86 - 0.4971036911010742 0
8 8 - 87 - 0.4341583251953125 0
8 8 - 88 - 0.5575988292694092 0
8 8 - 89 - 0.46276235580444336 0
8 8 - 90 - 0.754655122756958 0
8 8 - 91 - 0.5933685302734375 0
8 8 - 92 - 0.5027298927307129 0
8 8 - 93 - 0.5353758335113525 0
8 8 - 94 - 0.4617929458618164 0
8 8 - 95 - 0.48081135749816895 0
8 8 - 96 - 0.5575571060180664 0
8 8 - 97 - 0.468442440032959 0
8 8 - 98 - 0.505836009979248 0
8 8 - 99 - 0.5160338878631592 0
16 1 - 0 - 0.8216395378112793 0
16 1 - 1 - 0.7212636470794678 0
16 1 - 2 - 0.8499200344085693 0
16 1 - 3 - 0.7496511936187744 0
16 1 - 4 - 0.7629156112670898 0
16 1 - 5 - 0.7561955451965332 0
16 1 - 6 - 0.655503511428833 0
16 1 - 7 - 0.6462042331695557 0
16 1 - 8 - 0.6536328792572021 0
16 1 - 9 - 0.8040933609008789 0
16 1 - 10 - 0.7320921421051025 0
16 1 - 11 - 0.8082783222198486 0
16 1 - 12 - 0.8271310329437256 0
16 1 - 13 - 0.7556042671203613 0
16 1 - 14 - 0.7828841209411621 0
16 1 - 15 - 0.7991602420806885 0
16 1 - 16 - 0.8230135440826416 0
16 1 - 17 - 0.8407683372497559 0
16 1 - 18 - 0.7118048667907715 0
16 1 - 19 - 0.8966023921966553 0
16 1 - 20 - 0.8456258773803711 0
16 1 - 21 - 0.6861240863800049 0
16 1 - 22 - 0.754274845123291 0
16 1 - 23 - 0.7647767066955566 0
16 1 - 24 - 0.7478206157684326 0
16 1 - 25 - 0.72249436378479 0
16 1 - 26 - 0.7208685874938965 0
16 1 - 27 - 0.7582166194915771 0
16 1 - 28 - 0.7261800765991211 0
16 1 - 29 - 0.708519458770752 0
16 1 - 30 - 0.5794248580932617 0
16 1 - 31 - 0.5671799182891846 0
16 1 - 32 - 0.6822922229766846 0
16 1 - 33 - 0.774986743927002 0
16 1 - 34 - 0.844947099685669 0
16 1 - 35 - 0.7619967460632324 0
16 1 - 36 - 0.9858913421630859 0
16 1 - 37 - 0.8348736763000488 0
16 1 - 38 - 0.7842726707458496 0
16 1 - 39 - 0.7672939300537109 0
16 1 - 40 - 0.8575942516326904 0
16 1 - 41 - 0.7180442810058594 0
16 1 - 42 - 0.896007776260376 0
16 1 - 43 - 0.7874362468719482 0
16 1 - 44 - 0.7524797916412354 0
16 1 - 45 - 0.6662139892578125 0
16 1 - 46 - 0.7477293014526367 0
16 1 - 47 - 0.8945121765136719 0
16 1 - 48 - 0.7893707752227783 0
16 1 - 49 - 0.7822492122650146 0
16 1 - 50 - 0.7680912017822266 0
16 1 - 51 - 0.7479798793792725 0
16 1 - 52 - 0.7058894634246826 0
16 1 - 53 - 0.8177824020385742 0
16 1 - 54 - 0.7859036922454834 0
16 1 - 55 - 0.8514626026153564 0
16 1 - 56 - 0.8031377792358398 0
16 1 - 57 - 0.7474894523620605 0
16 1 - 58 - 0.7677421569824219 0
16 1 - 59 - 0.8606700897216797 0
16 1 - 60 - 0.7857747077941895 0
16 1 - 61 - 0.9162042140960693 0
16 1 - 62 - 0.9036791324615479 0
16 1 - 63 - 0.7404367923736572 0
16 1 - 64 - 0.5994722843170166 0
16 1 - 65 - 0.6108059883117676 0
16 1 - 66 - 0.8251149654388428 0
16 1 - 67 - 0.5660157203674316 0
16 1 - 68 - 0.6037945747375488 0
16 1 - 69 - 0.5739820003509521 0
16 1 - 70 - 0.6206903457641602 0
16 1 - 71 - 0.5958287715911865 0
16 1 - 72 - 0.5716969966888428 0
16 1 - 73 - 0.5618476867675781 0
16 1 - 74 - 0.5879116058349609 0
16 1 - 75 - 0.5708315372467041 0
16 1 - 76 - 0.5750722885131836 0
16 1 - 77 - 0.561403751373291 0
16 1 - 78 - 0.5724661350250244 0
16 1 - 79 - 0.5769557952880859 0
16 1 - 80 - 0.5942211151123047 0
16 1 - 81 - 0.5941946506500244 0
16 1 - 82 - 0.5538411140441895 0
16 1 - 83 - 0.8507399559020996 0
16 1 - 84 - 0.5849940776824951 0
16 1 - 85 - 0.732919454574585 0
16 1 - 86 - 0.6690096855163574 0
16 1 - 87 - 0.5972840785980225 0
16 1 - 88 - 0.561053991317749 0
16 1 - 89 - 0.9042911529541016 0
16 1 - 90 - 0.7577147483825684 0
16 1 - 91 - 0.6996188163757324 0
16 1 - 92 - 0.8210093975067139 0
16 1 - 93 - 0.7539489269256592 0
16 1 - 94 - 0.8348441123962402 0
16 1 - 95 - 0.7519395351409912 0
16 1 - 96 - 0.7460823059082031 0
16 1 - 97 - 0.6628520488739014 0
16 1 - 98 - 0.5851454734802246 0
16 1 - 99 - 0.5752286911010742 0
16 2 - 0 - 0.822437047958374 0
16 2 - 1 - 0.6813991069793701 0
16 2 - 2 - 0.7902719974517822 0
16 2 - 3 - 0.6890597343444824 0
16 2 - 4 - 0.7561273574829102 0
16 2 - 5 - 0.7558848857879639 0
16 2 - 6 - 0.8647921085357666 0
16 2 - 7 - 0.9014968872070312 0
16 2 - 8 - 0.9931192398071289 0
16 2 - 9 - 0.8672518730163574 0
16 2 - 10 - 0.8266637325286865 0
16 2 - 11 - 0.825782060623169 0
16 2 - 12 - 0.9536690711975098 0
16 2 - 13 - 0.895388126373291 0
16 2 - 14 - 1.1878423690795898 0
16 2 - 15 - 0.875647783279419 0
16 2 - 16 - 0.8444259166717529 0
16 2 - 17 - 0.798067569732666 0
16 2 - 18 - 0.9228379726409912 0
16 2 - 19 - 0.891819953918457 0
16 2 - 20 - 0.8892362117767334 0
16 2 - 21 - 0.7273838520050049 0
16 2 - 22 - 0.8241398334503174 0
16 2 - 23 - 0.8029971122741699 0
16 2 - 24 - 0.805511474609375 0
16 2 - 25 - 0.8180160522460938 0
16 2 - 26 - 0.7847092151641846 0
16 2 - 27 - 0.8766798973083496 0
16 2 - 28 - 0.8547461032867432 0
16 2 - 29 - 0.8165614604949951 0
16 2 - 30 - 0.8802101612091064 0
16 2 - 31 - 0.8187856674194336 0
16 2 - 32 - 0.7919158935546875 0
16 2 - 33 - 0.805966854095459 0
16 2 - 34 - 0.7096381187438965 0
16 2 - 35 - 0.8570199012756348 0
16 2 - 36 - 0.9748852252960205 0
16 2 - 37 - 0.8308990001678467 0
16 2 - 38 - 0.7435438632965088 0
16 2 - 39 - 0.6132867336273193 0
16 2 - 40 - 0.6776750087738037 0
16 2 - 41 - 0.9136171340942383 0
16 2 - 42 - 0.8452508449554443 0
16 2 - 43 - 0.7843766212463379 0
16 2 - 44 - 0.8640432357788086 0
16 2 - 45 - 0.9148719310760498 0
16 2 - 46 - 0.783311128616333 0
16 2 - 47 - 0.787175178527832 0
16 2 - 48 - 0.8271682262420654 0
16 2 - 49 - 0.8108086585998535 0
16 2 - 50 - 0.7886087894439697 0
16 2 - 51 - 0.7661664485931396 0
16 2 - 52 - 0.7892215251922607 0
16 2 - 53 - 0.7710747718811035 0
16 2 - 54 - 0.8152358531951904 0
16 2 - 55 - 0.921480655670166 0
16 2 - 56 - 0.786726713180542 0
16 2 - 57 - 0.8070433139801025 0
16 2 - 58 - 0.7860691547393799 0
16 2 - 59 - 0.8284652233123779 0
16 2 - 60 - 0.8644366264343262 0
16 2 - 61 - 0.7765672206878662 0
16 2 - 62 - 0.8949077129364014 0
16 2 - 63 - 0.8760344982147217 0
16 2 - 64 - 0.8936386108398438 0
16 2 - 65 - 0.7615025043487549 0
16 2 - 66 - 0.897737979888916 0
16 2 - 67 - 0.7505371570587158 0
16 2 - 68 - 0.7846906185150146 0
16 2 - 69 - 0.7467575073242188 0
16 2 - 70 - 0.8751423358917236 0
16 2 - 71 - 0.8274784088134766 0
16 2 - 72 - 0.7672500610351562 0
16 2 - 73 - 0.7978980541229248 0
16 2 - 74 - 0.8187878131866455 0
16 2 - 75 - 0.9254705905914307 0
16 2 - 76 - 0.7997424602508545 0
16 2 - 77 - 0.9538354873657227 0
16 2 - 78 - 0.8486313819885254 0
16 2 - 79 - 0.8284025192260742 0
16 2 - 80 - 0.8501224517822266 0
16 2 - 81 - 0.8231120109558105 0
16 2 - 82 - 0.9078829288482666 0
16 2 - 83 - 0.7631182670593262 0
16 2 - 84 - 0.9633922576904297 0
16 2 - 85 - 0.7920370101928711 0
16 2 - 86 - 0.7796273231506348 0
16 2 - 87 - 0.9080626964569092 0
16 2 - 88 - 0.7808072566986084 0
16 2 - 89 - 0.8536763191223145 0
16 2 - 90 - 0.7672381401062012 0
16 2 - 91 - 0.7783498764038086 0
16 2 - 92 - 0.7854769229888916 0
16 2 - 93 - 0.8139054775238037 0
16 2 - 94 - 0.7374217510223389 0
16 2 - 95 - 0.9432754516601562 0
16 2 - 96 - 0.8516287803649902 0
16 2 - 97 - 1.029179573059082 0
16 2 - 98 - 0.7829158306121826 0
16 2 - 99 - 0.8796446323394775 0
16 4 - 0 - 0.9095621109008789 0
16 4 - 1 - 0.9257292747497559 0
16 4 - 2 - 0.9644730091094971 0
16 4 - 3 - 1.019871473312378 0
16 4 - 4 - 0.872521162033081 0
16 4 - 5 - 0.9494283199310303 0
16 4 - 6 - 0.9086010456085205 0
16 4 - 7 - 0.9326379299163818 0
16 4 - 8 - 1.0429635047912598 0
16 4 - 9 - 0.9438645839691162 0
16 4 - 10 - 0.8515036106109619 0
16 4 - 11 - 0.9899048805236816 0
16 4 - 12 - 0.9251565933227539 0
16 4 - 13 - 0.9400081634521484 0
16 4 - 14 - 0.9131031036376953 0
16 4 - 15 - 0.8653995990753174 0
16 4 - 16 - 0.9603233337402344 0
16 4 - 17 - 1.007603406906128 0
16 4 - 18 - 1.0620431900024414 0
16 4 - 19 - 0.90814208984375 0
16 4 - 20 - 0.910470724105835 0
16 4 - 21 - 0.965095043182373 0
16 4 - 22 - 0.9561161994934082 0
16 4 - 23 - 0.8781313896179199 0
16 4 - 24 - 1.0033588409423828 0
16 4 - 25 - 1.0629496574401855 0
16 4 - 26 - 0.8316912651062012 0
16 4 - 27 - 0.9851119518280029 0
16 4 - 28 - 0.9196798801422119 0
16 4 - 29 - 1.0629093647003174 0
16 4 - 30 - 1.0941920280456543 0
16 4 - 31 - 1.040839672088623 0
16 4 - 32 - 0.9264683723449707 0
16 4 - 33 - 1.095848798751831 0
16 4 - 34 - 0.9593186378479004 0
16 4 - 35 - 0.9460792541503906 0
16 4 - 36 - 0.9684915542602539 0
16 4 - 37 - 0.9223780632019043 0
16 4 - 38 - 0.9709570407867432 0
16 4 - 39 - 0.9138572216033936 0
16 4 - 40 - 0.9050188064575195 0
16 4 - 41 - 0.705129861831665 0
16 4 - 42 - 0.6864340305328369 0
16 4 - 43 - 0.9302845001220703 0
16 4 - 44 - 0.9121317863464355 0
16 4 - 45 - 0.990795373916626 0
16 4 - 46 - 1.0614073276519775 0
16 4 - 47 - 0.9816303253173828 0
16 4 - 48 - 0.9030871391296387 0
16 4 - 49 - 0.8945746421813965 0
16 4 - 50 - 1.0557982921600342 0
16 4 - 51 - 1.0176856517791748 0
16 4 - 52 - 0.8820586204528809 0
16 4 - 53 - 0.9368574619293213 0
16 4 - 54 - 0.8786845207214355 0
16 4 - 55 - 1.006678819656372 0
16 4 - 56 - 0.9576070308685303 0
16 4 - 57 - 1.0053253173828125 0
16 4 - 58 - 0.8854541778564453 0
16 4 - 59 - 1.1324703693389893 0
16 4 - 60 - 1.005307674407959 0
16 4 - 61 - 0.8935239315032959 0
16 4 - 62 - 0.9607932567596436 0
16 4 - 63 - 0.8814563751220703 0
16 4 - 64 - 1.0303726196289062 0
16 4 - 65 - 0.9880068302154541 0
16 4 - 66 - 0.9752931594848633 0
16 4 - 67 - 0.7893271446228027 0
16 4 - 68 - 0.9067597389221191 0
16 4 - 69 - 0.9222145080566406 0
16 4 - 70 - 0.9646174907684326 0
16 4 - 71 - 0.8735923767089844 0
16 4 - 72 - 0.8699209690093994 0
16 4 - 73 - 0.9340903759002686 0
16 4 - 74 - 1.1113848686218262 0
16 4 - 75 - 0.9353539943695068 0
16 4 - 76 - 0.967233419418335 0
16 4 - 77 - 1.0959739685058594 0
16 4 - 78 - 1.0652728080749512 0
16 4 - 79 - 0.994175910949707 0
16 4 - 80 - 0.8388738632202148 0
16 4 - 81 - 0.9639596939086914 0
16 4 - 82 - 0.8819291591644287 0
16 4 - 83 - 0.8937404155731201 0
16 4 - 84 - 0.9960956573486328 0
16 4 - 85 - 0.9948582649230957 0
16 4 - 86 - 1.0460984706878662 0
16 4 - 87 - 0.9619073867797852 0
16 4 - 88 - 0.9130356311798096 0
16 4 - 89 - 0.8631210327148438 0
16 4 - 90 - 0.9649093151092529 0
16 4 - 91 - 0.8658902645111084 0
16 4 - 92 - 0.9856467247009277 0
16 4 - 93 - 0.6949999332427979 0
16 4 - 94 - 0.6790673732757568 0
16 4 - 95 - 0.7220897674560547 0
16 4 - 96 - 0.9221618175506592 0
16 4 - 97 - 0.9505002498626709 0
16 4 - 98 - 1.0106687545776367 0
16 4 - 99 - 0.8833656311035156 0
16 8 - 0 - 1.165079116821289 0
16 8 - 1 - 1.1861495971679688 0
16 8 - 2 - 1.1103200912475586 0
16 8 - 3 - 1.2077553272247314 0
16 8 - 4 - 1.0688457489013672 0
16 8 - 5 - 1.1718213558197021 0
16 8 - 6 - 0.9970912933349609 0
16 8 - 7 - 0.9154009819030762 0
16 8 - 8 - 1.1887714862823486 0
16 8 - 9 - 1.2487108707427979 0
16 8 - 10 - 1.0452613830566406 0
16 8 - 11 - 1.102191686630249 0
16 8 - 12 - 1.1947543621063232 0
16 8 - 13 - 1.2662239074707031 0
16 8 - 14 - 1.1456613540649414 0
16 8 - 15 - 1.224660873413086 0
16 8 - 16 - 1.1204588413238525 0
16 8 - 17 - 1.134408712387085 0
16 8 - 18 - 1.0798375606536865 0
16 8 - 19 - 1.2139358520507812 0
16 8 - 20 - 1.2465884685516357 0
16 8 - 21 - 1.2143571376800537 0
16 8 - 22 - 1.2147345542907715 0
16 8 - 23 - 1.0968053340911865 0
16 8 - 24 - 1.2511208057403564 0
16 8 - 25 - 1.1412007808685303 0
16 8 - 26 - 1.234147310256958 0
16 8 - 27 - 1.1361579895019531 0
16 8 - 28 - 1.073432207107544 0
16 8 - 29 - 1.2359025478363037 0
16 8 - 30 - 1.2542076110839844 0
16 8 - 31 - 1.216541051864624 0
16 8 - 32 - 1.1116249561309814 0
16 8 - 33 - 1.1660549640655518 0
16 8 - 34 - 1.2119636535644531 0
16 8 - 35 - 1.038750171661377 0
16 8 - 36 - 1.1642487049102783 0
16 8 - 37 - 1.0950026512145996 0
16 8 - 38 - 1.2167472839355469 0
16 8 - 39 - 1.0466148853302002 0
16 8 - 40 - 1.197270393371582 0
16 8 - 41 - 1.1784324645996094 0
16 8 - 42 - 1.255235195159912 0
16 8 - 43 - 1.1360702514648438 0
16 8 - 44 - 1.1285569667816162 0
16 8 - 45 - 1.062582015991211 0
16 8 - 46 - 1.1658711433410645 0
16 8 - 47 - 1.129042387008667 0
16 8 - 48 - 1.0520598888397217 0
16 8 - 49 - 1.1153700351715088 0
16 8 - 50 - 0.8326523303985596 0
16 8 - 51 - 0.8481283187866211 0
16 8 - 52 - 1.0466911792755127 0
16 8 - 53 - 0.8775112628936768 0
16 8 - 54 - 0.8772172927856445 0
16 8 - 55 - 1.1604230403900146 0
16 8 - 56 - 1.0264861583709717 0
16 8 - 57 - 0.9577693939208984 0
16 8 - 58 - 0.9901633262634277 0
16 8 - 59 - 1.1430606842041016 0
16 8 - 60 - 1.0549514293670654 0
16 8 - 61 - 0.9948530197143555 0
16 8 - 62 - 0.8843095302581787 0
16 8 - 63 - 0.8425860404968262 0
16 8 - 64 - 0.8435747623443604 0
16 8 - 65 - 0.8395743370056152 0
16 8 - 66 - 0.8436613082885742 0
16 8 - 67 - 0.8465874195098877 0
16 8 - 68 - 0.8293552398681641 0
16 8 - 69 - 0.8277585506439209 0
16 8 - 70 - 0.9228665828704834 0
16 8 - 71 - 1.1442956924438477 0
16 8 - 72 - 0.9850850105285645 0
16 8 - 73 - 1.248413324356079 0
16 8 - 74 - 1.1281611919403076 0
16 8 - 75 - 1.1110591888427734 0
16 8 - 76 - 0.9964694976806641 0
16 8 - 77 - 1.166684627532959 0
16 8 - 78 - 1.0713539123535156 0
16 8 - 79 - 1.0813853740692139 0
16 8 - 80 - 1.1756978034973145 0
16 8 - 81 - 1.1630849838256836 0
16 8 - 82 - 1.0990595817565918 0
16 8 - 83 - 1.154209852218628 0
16 8 - 84 - 1.2112057209014893 0
16 8 - 85 - 1.3490104675292969 0
16 8 - 86 - 1.2536516189575195 0
16 8 - 87 - 1.1986536979675293 0
16 8 - 88 - 1.1484229564666748 0
16 8 - 89 - 1.2632603645324707 0
16 8 - 90 - 1.0586142539978027 0
16 8 - 91 - 1.1010823249816895 0
16 8 - 92 - 1.133202314376831 0
16 8 - 93 - 1.1236786842346191 0
16 8 - 94 - 1.220914602279663 0
16 8 - 95 - 1.185009241104126 0
16 8 - 96 - 1.124685525894165 0
16 8 - 97 - 1.0862019062042236 0
16 8 - 98 - 0.9881031513214111 0
16 8 - 99 - 1.0476367473602295 0
32 1 - 0 - 2.269125461578369 0
32 1 - 1 - 2.4514822959899902 0
32 1 - 2 - 2.4624369144439697 0
32 1 - 3 - 2.3905110359191895 0
32 1 - 4 - 2.553164482116699 0
32 1 - 5 - 2.374803066253662 0
32 1 - 6 - 2.5125186443328857 0
32 1 - 7 - 2.4015040397644043 0
32 1 - 8 - 2.4686012268066406 0
32 1 - 9 - 2.6388418674468994 0
32 1 - 10 - 2.6058623790740967 0
32 1 - 11 - 2.3734307289123535 0
32 1 - 12 - 2.6044440269470215 0
32 1 - 13 - 2.40254807472229 0
32 1 - 14 - 2.3876309394836426 0
32 1 - 15 - 2.395094633102417 0
32 1 - 16 - 2.495025873184204 0
32 1 - 17 - 2.3926374912261963 0
32 1 - 18 - 2.48952054977417 0
32 1 - 19 - 2.389176607131958 0
32 1 - 20 - 2.5238327980041504 0
32 1 - 21 - 2.442110300064087 0
32 1 - 22 - 2.0948917865753174 0
32 1 - 23 - 1.9100873470306396 0
32 1 - 24 - 1.9319989681243896 0
32 1 - 25 - 2.66996693611145 0
32 1 - 26 - 2.3496408462524414 0
32 1 - 27 - 2.4983136653900146 0
32 1 - 28 - 2.3029978275299072 0
32 1 - 29 - 2.4758331775665283 0
32 1 - 30 - 2.35864520072937 0
32 1 - 31 - 2.3355889320373535 0
32 1 - 32 - 2.3771166801452637 0
32 1 - 33 - 2.5174694061279297 0
32 1 - 34 - 2.344783306121826 0
32 1 - 35 - 2.5650317668914795 0
32 1 - 36 - 2.471684217453003 0
32 1 - 37 - 2.514617919921875 0
32 1 - 38 - 2.4138314723968506 0
32 1 - 39 - 2.5522301197052 0
32 1 - 40 - 2.403524398803711 0
32 1 - 41 - 2.402289390563965 0
32 1 - 42 - 2.49558162689209 0
32 1 - 43 - 2.583460569381714 0
32 1 - 44 - 2.583192825317383 0
32 1 - 45 - 3.20873761177063 0
32 1 - 46 - 2.946589946746826 0
32 1 - 47 - 2.5971839427948 0
32 1 - 48 - 2.581115484237671 0
32 1 - 49 - 2.6084585189819336 0
32 1 - 50 - 2.612008571624756 0
32 1 - 51 - 2.4668211936950684 0
32 1 - 52 - 2.462568521499634 0
32 1 - 53 - 2.362117290496826 0
32 1 - 54 - 2.558741331100464 0
32 1 - 55 - 2.631662368774414 0
32 1 - 56 - 2.077894687652588 0
32 1 - 57 - 2.08418345451355 0
32 1 - 58 - 1.942535400390625 0
32 1 - 59 - 2.5405943393707275 0
32 1 - 60 - 2.5067384243011475 0
32 1 - 61 - 2.3613193035125732 0
32 1 - 62 - 2.604426383972168 0
32 1 - 63 - 2.5546720027923584 0
32 1 - 64 - 2.168900728225708 0
32 1 - 65 - 2.3450193405151367 0
32 1 - 66 - 2.4453866481781006 0
32 1 - 67 - 2.5379111766815186 0
32 1 - 68 - 2.516641139984131 0
32 1 - 69 - 2.4232654571533203 0
32 1 - 70 - 2.5532994270324707 0
32 1 - 71 - 2.321305274963379 0
32 1 - 72 - 2.656182289123535 0
32 1 - 73 - 2.454937696456909 0
32 1 - 74 - 2.4783990383148193 0
32 1 - 75 - 2.401679754257202 0
32 1 - 76 - 2.590376138687134 0
32 1 - 77 - 2.4391746520996094 0
32 1 - 78 - 2.5505576133728027 0
32 1 - 79 - 2.360322952270508 0
32 1 - 80 - 2.495788097381592 0
32 1 - 81 - 2.434377908706665 0
32 1 - 82 - 2.5551211833953857 0
32 1 - 83 - 2.4892406463623047 0
32 1 - 84 - 2.5266730785369873 0
32 1 - 85 - 2.363084554672241 0
32 1 - 86 - 2.4627771377563477 0
32 1 - 87 - 2.422182083129883 0
32 1 - 88 - 2.4908194541931152 0
32 1 - 89 - 2.451887845993042 0
32 1 - 90 - 2.7719273567199707 0
32 1 - 91 - 2.459751844406128 0
32 1 - 92 - 2.5559511184692383 0
32 1 - 93 - 2.4225783348083496 0
32 1 - 94 - 2.518693447113037 0
32 1 - 95 - 2.434741973876953 0
32 1 - 96 - 3.4191811084747314 0
32 1 - 97 - 2.3474323749542236 0
32 1 - 98 - 2.368590831756592 0
32 1 - 99 - 2.3497674465179443 0
32 2 - 0 - 2.7202060222625732 0
32 2 - 1 - 2.723074436187744 0
32 2 - 2 - 2.391162872314453 0
32 2 - 3 - 2.3118155002593994 0
32 2 - 4 - 2.1474812030792236 0
32 2 - 5 - 2.1836705207824707 0
32 2 - 6 - 2.193840742111206 0
32 2 - 7 - 2.0705089569091797 0
32 2 - 8 - 2.200563669204712 0
32 2 - 9 - 2.7373456954956055 0
32 2 - 10 - 2.863131284713745 0
32 2 - 11 - 2.8238131999969482 0
32 2 - 12 - 2.794910192489624 0
32 2 - 13 - 2.748622179031372 0
32 2 - 14 - 2.505117893218994 0
32 2 - 15 - 2.617680072784424 0
32 2 - 16 - 2.627129316329956 0
32 2 - 17 - 2.616549015045166 0
32 2 - 18 - 2.7157163619995117 0
32 2 - 19 - 2.875544309616089 0
32 2 - 20 - 2.8301894664764404 0
32 2 - 21 - 2.6924221515655518 0
32 2 - 22 - 2.7671375274658203 0
32 2 - 23 - 2.71439528465271 0
32 2 - 24 - 2.662672996520996 0
32 2 - 25 - 2.6462631225585938 0
32 2 - 26 - 2.752713441848755 0
32 2 - 27 - 2.93485951423645 0
32 2 - 28 - 2.7494494915008545 0
32 2 - 29 - 2.7798750400543213 0
32 2 - 30 - 2.64554500579834 0
32 2 - 31 - 2.854515790939331 0
32 2 - 32 - 2.5643482208251953 0
32 2 - 33 - 2.857232093811035 0
32 2 - 34 - 2.7503950595855713 0
32 2 - 35 - 2.7337751388549805 0
32 2 - 36 - 2.749375581741333 0
32 2 - 37 - 2.8366711139678955 0
32 2 - 38 - 2.9173855781555176 0
32 2 - 39 - 2.6274330615997314 0
32 2 - 40 - 2.7243456840515137 0
32 2 - 41 - 2.687891960144043 0
32 2 - 42 - 2.93217134475708 0
32 2 - 43 - 2.9195058345794678 0
32 2 - 44 - 2.7709434032440186 0
32 2 - 45 - 2.9811513423919678 0
32 2 - 46 - 2.767045259475708 0
32 2 - 47 - 2.74223256111145 0
32 2 - 48 - 2.8799684047698975 0
32 2 - 49 - 2.845412254333496 0
32 2 - 50 - 2.7105395793914795 0
32 2 - 51 - 2.818831443786621 0
32 2 - 52 - 2.6388931274414062 0
32 2 - 53 - 2.646791934967041 0
32 2 - 54 - 3.004049301147461 0
32 2 - 55 - 2.904094934463501 0
32 2 - 56 - 2.7845137119293213 0
32 2 - 57 - 2.7471702098846436 0
32 2 - 58 - 2.84454607963562 0
32 2 - 59 - 2.7369229793548584 0
32 2 - 60 - 2.8006908893585205 0
32 2 - 61 - 2.8355088233947754 0
32 2 - 62 - 2.716163158416748 0
32 2 - 63 - 2.9345896244049072 0
32 2 - 64 - 2.7565603256225586 0
32 2 - 65 - 2.7548604011535645 0
32 2 - 66 - 2.630280017852783 0
32 2 - 67 - 2.8628618717193604 0
32 2 - 68 - 2.7794852256774902 0
32 2 - 69 - 2.7815945148468018 0
32 2 - 70 - 2.556382179260254 0
32 2 - 71 - 2.8425021171569824 0
32 2 - 72 - 2.775777578353882 0
32 2 - 73 - 2.673872709274292 0
32 2 - 74 - 2.6436381340026855 0
32 2 - 75 - 2.6769862174987793 0
32 2 - 76 - 2.817073106765747 0
32 2 - 77 - 2.734790325164795 0
32 2 - 78 - 2.79120135307312 0
32 2 - 79 - 2.79726243019104 0
32 2 - 80 - 2.8959691524505615 0
32 2 - 81 - 2.668130397796631 0
32 2 - 82 - 2.707024097442627 0
32 2 - 83 - 2.857253074645996 0
32 2 - 84 - 2.7961924076080322 0
32 2 - 85 - 2.9140126705169678 0
32 2 - 86 - 2.7055816650390625 0
32 2 - 87 - 3.0250425338745117 0
32 2 - 88 - 2.7483208179473877 0
32 2 - 89 - 2.8741555213928223 0
32 2 - 90 - 2.8452391624450684 0
32 2 - 91 - 2.584942102432251 0
32 2 - 92 - 2.807631731033325 0
32 2 - 93 - 2.751148223876953 0
32 2 - 94 - 2.527108907699585 0
32 2 - 95 - 2.1730706691741943 0
32 2 - 96 - 2.2668232917785645 0
32 2 - 97 - 2.371584177017212 0
32 2 - 98 - 2.0956475734710693 0
32 2 - 99 - 2.5708820819854736 0
32 4 - 0 - 2.973646640777588 0
32 4 - 1 - 3.0851099491119385 0
32 4 - 2 - 2.9204916954040527 0
32 4 - 3 - 3.181762218475342 0
32 4 - 4 - 3.2692692279815674 0
32 4 - 5 - 3.2050414085388184 0
32 4 - 6 - 2.914482593536377 0
32 4 - 7 - 3.293323516845703 0
32 4 - 8 - 2.8519880771636963 0
32 4 - 9 - 2.640441417694092 0
32 4 - 10 - 2.6875500679016113 0
32 4 - 11 - 3.075443983078003 0
32 4 - 12 - 3.253408193588257 0
32 4 - 13 - 3.215571880340576 0
32 4 - 14 - 3.0857300758361816 0
32 4 - 15 - 2.97641921043396 0
32 4 - 16 - 3.112506151199341 0
32 4 - 17 - 3.1230194568634033 0
32 4 - 18 - 3.095238208770752 0
32 4 - 19 - 2.9632086753845215 0
32 4 - 20 - 3.1248512268066406 0
32 4 - 21 - 2.9555699825286865 0
32 4 - 22 - 3.1121697425842285 0
32 4 - 23 - 3.033848524093628 0
32 4 - 24 - 3.3991665840148926 0
32 4 - 25 - 3.084378242492676 0
32 4 - 26 - 3.1176297664642334 0
32 4 - 27 - 2.874581813812256 0
32 4 - 28 - 2.748319149017334 0
32 4 - 29 - 2.959243059158325 0
32 4 - 30 - 2.9219162464141846 0
32 4 - 31 - 3.3605027198791504 0
32 4 - 32 - 3.4718480110168457 0
32 4 - 33 - 3.0965187549591064 0
32 4 - 34 - 3.1433639526367188 0
32 4 - 35 - 3.264066457748413 0
32 4 - 36 - 3.171720504760742 0
32 4 - 37 - 3.189629316329956 0
32 4 - 38 - 3.3386764526367188 0
32 4 - 39 - 2.665872097015381 0
32 4 - 40 - 3.1595535278320312 0
32 4 - 41 - 3.395131826400757 0
32 4 - 42 - 3.035785436630249 0
32 4 - 43 - 2.8446109294891357 0
32 4 - 44 - 3.093928337097168 0
32 4 - 45 - 3.3252079486846924 0
32 4 - 46 - 2.8590056896209717 0
32 4 - 47 - 2.980717420578003 0
32 4 - 48 - 3.077996253967285 0
32 4 - 49 - 3.433774948120117 0
32 4 - 50 - 3.3268954753875732 0
32 4 - 51 - 2.4907617568969727 0
32 4 - 52 - 2.6714813709259033 0
32 4 - 53 - 2.89255428314209 0
32 4 - 54 - 3.2940516471862793 0
32 4 - 55 - 3.2950353622436523 0
32 4 - 56 - 2.914191961288452 0
32 4 - 57 - 2.945356845855713 0
32 4 - 58 - 3.19411301612854 0
32 4 - 59 - 3.3094584941864014 0
32 4 - 60 - 3.1520004272460938 0
32 4 - 61 - 3.0865347385406494 0
32 4 - 62 - 3.043165445327759 0
32 4 - 63 - 3.010409116744995 0
32 4 - 64 - 2.935671091079712 0
32 4 - 65 - 2.8139867782592773 0
32 4 - 66 - 2.3860981464385986 0
32 4 - 67 - 2.4813520908355713 0
32 4 - 68 - 2.9792706966400146 0
32 4 - 69 - 2.9494709968566895 0
32 4 - 70 - 2.4540317058563232 0
32 4 - 71 - 3.1019482612609863 0
32 4 - 72 - 3.277150869369507 0
32 4 - 73 - 2.8531103134155273 0
32 4 - 74 - 2.9398274421691895 0
32 4 - 75 - 3.086564779281616 0
32 4 - 76 - 3.1819965839385986 0
32 4 - 77 - 3.1583011150360107 0
32 4 - 78 - 2.9499146938323975 0
32 4 - 79 - 2.9068338871002197 0
32 4 - 80 - 2.9308605194091797 0
32 4 - 81 - 3.305542469024658 0
32 4 - 82 - 2.841815948486328 0
32 4 - 83 - 3.552218437194824 0
32 4 - 84 - 3.060065746307373 0
32 4 - 85 - 3.0800528526306152 0
32 4 - 86 - 2.9539530277252197 0
32 4 - 87 - 3.224946975708008 0
32 4 - 88 - 2.8500986099243164 0
32 4 - 89 - 2.81211519241333 0
32 4 - 90 - 2.8549299240112305 0
32 4 - 91 - 3.2385029792785645 0
32 4 - 92 - 3.1263158321380615 0
32 4 - 93 - 3.3250763416290283 0
32 4 - 94 - 3.324855089187622 0
32 4 - 95 - 3.133981227874756 0
32 4 - 96 - 2.9479734897613525 0
32 4 - 97 - 3.0995261669158936 0
32 4 - 98 - 3.0170938968658447 0
32 4 - 99 - 3.1899731159210205 0
32 8 - 0 - 3.4095349311828613 0
32 8 - 1 - 3.322403907775879 0
32 8 - 2 - 3.5319526195526123 0
32 8 - 3 - 3.7699520587921143 0
32 8 - 4 - 3.3852853775024414 0
32 8 - 5 - 3.6805031299591064 0
32 8 - 6 - 3.3653573989868164 0
32 8 - 7 - 3.0668447017669678 0
32 8 - 8 - 3.099212408065796 0
32 8 - 9 - 3.695560932159424 0
32 8 - 10 - 3.6258740425109863 0
32 8 - 11 - 3.418907880783081 0
32 8 - 12 - 3.3058815002441406 0
32 8 - 13 - 3.464704990386963 0
32 8 - 14 - 3.6502645015716553 0
32 8 - 15 - 3.5183520317077637 0
32 8 - 16 - 3.8823084831237793 0
32 8 - 17 - 3.645124673843384 0
32 8 - 18 - 3.594545602798462 0
32 8 - 19 - 3.1690673828125 0
32 8 - 20 - 3.24967098236084 0
32 8 - 21 - 3.531273603439331 0
32 8 - 22 - 3.4443259239196777 0
32 8 - 23 - 3.5963168144226074 0
32 8 - 24 - 3.3218905925750732 0
32 8 - 25 - 3.3926467895507812 0
32 8 - 26 - 3.71227765083313 0
32 8 - 27 - 3.6243574619293213 0
32 8 - 28 - 3.8720269203186035 0
32 8 - 29 - 3.6440865993499756 0
32 8 - 30 - 4.1221513748168945 0
32 8 - 31 - 3.6077322959899902 0
32 8 - 32 - 3.6309525966644287 0
32 8 - 33 - 3.4389829635620117 0
32 8 - 34 - 3.2045512199401855 0
32 8 - 35 - 3.5860071182250977 0
32 8 - 36 - 3.6078124046325684 0
32 8 - 37 - 3.5310120582580566 0
32 8 - 38 - 2.6558430194854736 0
32 8 - 39 - 2.7320940494537354 0
32 8 - 40 - 4.228283643722534 0
32 8 - 41 - 3.4851882457733154 0
32 8 - 42 - 3.582573652267456 0
32 8 - 43 - 3.4960830211639404 0
32 8 - 44 - 3.649406909942627 0
32 8 - 45 - 3.9400460720062256 0
32 8 - 46 - 3.5118660926818848 0
32 8 - 47 - 3.326155424118042 0
32 8 - 48 - 3.1375277042388916 0
32 8 - 49 - 3.2293901443481445 0
32 8 - 50 - 3.370779037475586 0
32 8 - 51 - 3.7834107875823975 0
32 8 - 52 - 3.5972201824188232 0
32 8 - 53 - 3.915459632873535 0
32 8 - 54 - 3.5087382793426514 0
32 8 - 55 - 3.490496873855591 0
32 8 - 56 - 3.414628267288208 0
32 8 - 57 - 3.5664706230163574 0
32 8 - 58 - 3.444920063018799 0
32 8 - 59 - 3.447784185409546 0
32 8 - 60 - 3.298233985900879 0
32 8 - 61 - 3.424516439437866 0
32 8 - 62 - 3.444512128829956 0
32 8 - 63 - 3.592301368713379 0
32 8 - 64 - 2.9721758365631104 0
32 8 - 65 - 3.774491786956787 0
32 8 - 66 - 3.5116395950317383 0
32 8 - 67 - 3.1486330032348633 0
32 8 - 68 - 2.8364760875701904 0
32 8 - 69 - 3.7943649291992188 0
32 8 - 70 - 3.5772159099578857 0
32 8 - 71 - 2.972151756286621 0
32 8 - 72 - 2.9491846561431885 0
32 8 - 73 - 2.792496681213379 0
32 8 - 74 - 3.053602933883667 0
32 8 - 75 - 2.730139970779419 0
32 8 - 76 - 3.786541223526001 0
32 8 - 77 - 3.2907233238220215 0
32 8 - 78 - 3.2538294792175293 0
32 8 - 79 - 3.394540786743164 0
32 8 - 80 - 3.526272773742676 0
32 8 - 81 - 3.5407397747039795 0
32 8 - 82 - 3.7382431030273438 0
32 8 - 83 - 3.4700005054473877 0
32 8 - 84 - 3.474013566970825 0
32 8 - 85 - 2.9525146484375 0
32 8 - 86 - 3.3419189453125 0
32 8 - 87 - 3.78243350982666 0
32 8 - 88 - 3.951186180114746 0
32 8 - 89 - 3.4984750747680664 0
32 8 - 90 - 3.5008962154388428 0
32 8 - 91 - 3.3426640033721924 0
32 8 - 92 - 4.6179423332214355 0
32 8 - 93 - 3.5908286571502686 0
32 8 - 94 - 3.8308467864990234 0
32 8 - 95 - 3.6446421146392822 0
32 8 - 96 - 3.6818292140960693 0
32 8 - 97 - 3.60701322555542 0
32 8 - 98 - 3.9432218074798584 0
32 8 - 99 - 3.8524584770202637 0
