1 4 1 - 0 - 0.32300543785095215 0.31701064109802246 1 0
1 4 1 - 1 - 0.3680272102355957 0.36798930168151855 0 0
1 4 1 - 2 - 0.3620264530181885 0.3649895191192627 1 0
1 4 1 - 3 - 0.3610055446624756 0.3640162944793701 1 0
1 4 1 - 4 - 0.33801984786987305 0.3400001525878906 1 0
1 4 1 - 5 - 0.38501977920532227 0.38898372650146484 1 0
1 4 1 - 6 - 0.3390207290649414 0.3389720916748047 1 0
1 4 1 - 7 - 0.3630101680755615 0.3649897575378418 1 0
1 4 1 - 8 - 0.36302709579467773 0.36499977111816406 1 0
1 4 1 - 9 - 0.36901307106018066 0.3690071105957031 0 0
1 4 1 - 10 - 0.38402676582336426 0.38499999046325684 1 0
1 4 1 - 11 - 0.31502699851989746 0.31800007820129395 1 0
1 4 1 - 12 - 0.407027006149292 0.4089787006378174 1 0
1 4 1 - 13 - 0.3860194683074951 0.38798999786376953 1 0
1 4 1 - 14 - 0.36402368545532227 0.36300039291381836 0 1
1 4 1 - 15 - 0.36302685737609863 0.3619997501373291 1 0
1 4 1 - 16 - 0.38902711868286133 0.38700056076049805 1 0
1 4 1 - 17 - 0.31902027130126953 0.317000150680542 0 1
1 4 1 - 18 - 0.3400251865386963 0.3410003185272217 1 0
1 4 1 - 19 - 0.3600151538848877 0.3624880313873291 1 0
1 4 1 - 20 - 0.3440277576446533 0.3479897975921631 0 0
1 4 1 - 21 - 0.3140273094177246 0.319000244140625 1 0
1 4 1 - 22 - 0.38701939582824707 0.38499999046325684 1 0
1 4 1 - 23 - 0.3640260696411133 0.3640000820159912 0 0
1 4 1 - 24 - 0.3660085201263428 0.3660104274749756 0 0
1 4 1 - 25 - 0.38799190521240234 0.3900294303894043 1 0
1 4 1 - 26 - 0.3850276470184326 0.3860001564025879 1 0
1 4 1 - 27 - 0.3840198516845703 0.3859999179840088 1 0
1 4 1 - 28 - 0.3860182762145996 0.3859996795654297 1 0
1 4 1 - 29 - 0.3840162754058838 0.38500046730041504 1 0
1 4 1 - 30 - 0.3850266933441162 0.38499975204467773 1 0
1 4 1 - 31 - 0.3969879150390625 0.3850212097167969 0 0
1 4 1 - 32 - 0.38402652740478516 0.38597869873046875 1 0
1 4 1 - 33 - 0.36200666427612305 0.3630211353302002 1 0
1 4 1 - 34 - 0.38602709770202637 0.3859999179840088 1 0
1 4 1 - 35 - 0.3420257568359375 0.3410000801086426 0 0
1 4 1 - 36 - 0.4110119342803955 0.4109921455383301 1 0
1 4 1 - 37 - 0.3680274486541748 0.36897706985473633 0 0
1 4 1 - 38 - 0.3640286922454834 0.363999605178833 1 0
1 4 1 - 39 - 0.3190274238586426 0.31599998474121094 1 0
1 4 1 - 40 - 0.4070279598236084 0.4119892120361328 1 0
1 4 1 - 41 - 0.31702709197998047 0.31599998474121094 1 0
1 4 1 - 42 - 0.36499547958374023 0.3630211353302002 1 0
1 4 1 - 43 - 0.33701586723327637 0.33899974822998047 1 0
1 4 1 - 44 - 0.3640174865722656 0.3640098571777344 1 0
1 4 1 - 45 - 0.38501954078674316 0.3839998245239258 1 0
1 4 1 - 46 - 0.36502790451049805 0.36697864532470703 0 1
1 4 1 - 47 - 0.34102773666381836 0.3399999141693115 1 0
1 4 1 - 48 - 0.3650205135345459 0.3660001754760742 0 0
1 4 1 - 49 - 0.43802642822265625 0.43599987030029297 0 0
1 4 1 - 50 - 0.33802151679992676 0.3410000801086426 1 0
1 4 1 - 51 - 0.34200549125671387 0.3479931354522705 0 0
1 4 1 - 52 - 0.3250279426574707 0.3159785270690918 0 1
1 4 1 - 53 - 0.38701581954956055 0.3859996795654297 1 0
1 4 1 - 54 - 0.3130300045013428 0.3169999122619629 1 0
1 4 1 - 55 - 0.33801865577697754 0.3400001525878906 1 0
1 4 1 - 56 - 0.38400959968566895 0.3850104808807373 1 0
1 4 1 - 57 - 0.3389871120452881 0.34002113342285156 1 0
1 4 1 - 58 - 0.40900325775146484 0.40799975395202637 1 0
1 4 1 - 59 - 0.38400912284851074 0.38699984550476074 1 0
1 4 1 - 60 - 0.33699584007263184 0.3400001525878906 1 0
1 4 1 - 61 - 0.3632838726043701 0.36402082443237305 1 0
1 4 1 - 62 - 0.31399989128112793 0.31698155403137207 1 0
1 4 1 - 63 - 0.343001127243042 0.3430051803588867 0 0
1 4 1 - 64 - 0.33699989318847656 0.33899974822998047 1 0
1 4 1 - 65 - 0.33902430534362793 0.3410003185272217 1 0
1 4 1 - 66 - 0.407970666885376 0.4089999198913574 1 0
1 4 1 - 67 - 0.3450009822845459 0.33902525901794434 0 1
1 4 1 - 68 - 0.3380155563354492 0.338010311126709 1 0
1 4 1 - 69 - 0.4080042839050293 0.4080197811126709 1 0
1 4 1 - 70 - 0.38300156593322754 0.3880002498626709 1 0
1 4 1 - 71 - 0.38300013542175293 0.38499975204467773 1 0
1 4 1 - 72 - 0.33703041076660156 0.33899950981140137 1 0
1 4 1 - 73 - 0.33701205253601074 0.33901047706604004 1 0
1 4 1 - 74 - 0.3599884510040283 0.3610215187072754 1 0
1 4 1 - 75 - 0.33701658248901367 0.340010404586792 1 0
1 4 1 - 76 - 0.38601112365722656 0.3869895935058594 1 0
1 4 1 - 77 - 0.3849771022796631 0.38503074645996094 1 0
1 4 1 - 78 - 0.33699584007263184 0.33999133110046387 1 0
1 4 1 - 79 - 0.38802123069763184 0.38700008392333984 0 0
1 4 1 - 80 - 0.3889932632446289 0.38602566719055176 1 0
1 4 1 - 81 - 0.36101293563842773 0.3619999885559082 1 0
1 4 1 - 82 - 0.33702588081359863 0.3379995822906494 1 0
1 4 1 - 83 - 0.36102747917175293 0.3619997501373291 1 0
1 4 1 - 84 - 0.32102417945861816 0.317000150680542 0 1
1 4 1 - 85 - 0.3640151023864746 0.3629896640777588 1 0
1 4 1 - 86 - 0.4080190658569336 0.40801048278808594 1 0
1 4 1 - 87 - 0.3619961738586426 0.36500024795532227 1 0
1 4 1 - 88 - 0.36302661895751953 0.36397838592529297 0 1
1 4 1 - 89 - 0.3380250930786133 0.34397244453430176 1 0
1 4 1 - 90 - 0.3870260715484619 0.3840000629425049 1 0
1 4 1 - 91 - 0.3840174674987793 0.3850104808807373 1 0
1 4 1 - 92 - 0.36101865768432617 0.3629767894744873 1 0
1 4 1 - 93 - 0.36202049255371094 0.3639872074127197 1 0
1 4 1 - 94 - 0.3370187282562256 0.33899974822998047 1 0
1 4 1 - 95 - 0.36002087593078613 0.3649747371673584 1 0
1 4 1 - 96 - 0.3880281448364258 0.3859996795654297 1 0
1 4 1 - 97 - 0.33802127838134766 0.3399951457977295 1 0
1 4 1 - 98 - 0.3409998416900635 0.3409998416900635 0 0
1 4 1 - 99 - 0.36101627349853516 0.3619999885559082 1 0
1 4 2 - 0 - 1.1190032958984375 1.161027193069458 1 0
1 4 2 - 1 - 1.232015609741211 1.2819998264312744 0 0
1 4 2 - 2 - 1.251020908355713 1.239999532699585 1 0
1 4 2 - 3 - 1.219010591506958 1.2259869575500488 1 0
1 4 2 - 4 - 1.173987865447998 1.2050073146820068 1 0
1 4 2 - 5 - 1.2770106792449951 1.2840099334716797 1 0
1 4 2 - 6 - 1.168999433517456 1.2090001106262207 1 0
1 4 2 - 7 - 1.2060120105743408 1.2469995021820068 1 0
1 4 2 - 8 - 1.2180249691009521 1.2379696369171143 1 0
1 4 2 - 9 - 1.257016658782959 1.2720003128051758 0 0
1 4 2 - 10 - 1.259974718093872 1.2830204963684082 1 0
1 4 2 - 11 - 1.146024465560913 1.1459999084472656 1 0
1 4 2 - 12 - 1.2999992370605469 1.3409802913665771 1 0
1 4 2 - 13 - 1.26802659034729 1.2739999294281006 1 0
1 4 2 - 14 - 1.2389895915985107 1.2689995765686035 0 0
1 4 2 - 15 - 1.2280211448669434 1.2320001125335693 1 0
1 4 2 - 16 - 1.2579989433288574 1.2839915752410889 1 0
1 4 2 - 17 - 1.1710305213928223 1.1700003147125244 0 0
1 4 2 - 18 - 1.185011625289917 1.1820001602172852 1 0
1 4 2 - 19 - 1.223996877670288 1.2200000286102295 1 0
1 4 2 - 20 - 1.204014778137207 1.221989631652832 0 0
1 4 2 - 21 - 1.1289823055267334 1.1550171375274658 1 0
1 4 2 - 22 - 1.2920002937316895 1.3110008239746094 1 0
1 4 2 - 23 - 1.3020002841949463 1.292001485824585 0 0
1 4 2 - 24 - 1.2669868469238281 1.276029348373413 0 0
1 4 2 - 25 - 1.2860238552093506 1.3229701519012451 1 0
1 4 2 - 26 - 1.2870254516601562 1.297969102859497 1 0
1 4 2 - 27 - 1.2730298042297363 1.293973445892334 1 0
1 4 2 - 28 - 1.309016466140747 1.3050100803375244 1 0
1 4 2 - 29 - 1.2909996509552002 1.2839789390563965 1 0
1 4 2 - 30 - 1.3050084114074707 1.2920105457305908 1 0
1 4 2 - 31 - 1.2920200824737549 1.3179936408996582 0 0
1 4 2 - 32 - 1.3010127544403076 1.31300950050354 1 0
1 4 2 - 33 - 1.2340168952941895 1.241995096206665 1 0
1 4 2 - 34 - 1.2760014533996582 1.287010908126831 1 0
1 4 2 - 35 - 1.2220184803009033 1.2439994812011719 0 0
1 4 2 - 36 - 1.329012155532837 1.3836658000946045 1 0
1 4 2 - 37 - 1.2679870128631592 1.2690155506134033 0 0
1 4 2 - 38 - 1.2230186462402344 1.2340106964111328 1 0
1 4 2 - 39 - 1.1450064182281494 1.1570098400115967 1 0
1 4 2 - 40 - 1.3120253086090088 1.3430001735687256 1 0
1 4 2 - 41 - 1.1250250339508057 1.1510004997253418 1 0
1 4 2 - 42 - 1.2169899940490723 1.2740097045898438 1 0
1 4 2 - 43 - 1.1820247173309326 1.1999897956848145 1 0
1 4 2 - 44 - 1.2260279655456543 1.2359917163848877 1 0
1 4 2 - 45 - 1.2720122337341309 1.30299973487854 1 0
1 4 2 - 46 - 1.2529942989349365 1.2540104389190674 0 0
1 4 2 - 47 - 1.183000087738037 1.198009967803955 1 0
1 4 2 - 48 - 1.2620182037353516 1.268998622894287 0 0
1 4 2 - 49 - 1.46299147605896 1.4519984722137451 0 0
1 4 2 - 50 - 1.1840100288391113 1.1970000267028809 1 0
1 4 2 - 51 - 1.2100107669830322 1.254009485244751 0 0
1 4 2 - 52 - 1.1780271530151367 1.1930036544799805 0 0
1 4 2 - 53 - 1.2690098285675049 1.3629786968231201 1 0
1 4 2 - 54 - 1.1620135307312012 1.1720101833343506 1 0
1 4 2 - 55 - 1.1679985523223877 1.180999994277954 1 0
1 4 2 - 56 - 1.2779974937438965 1.2830040454864502 1 0
1 4 2 - 57 - 1.16902756690979 1.1870005130767822 1 0
1 4 2 - 58 - 1.3240160942077637 1.3249988555908203 1 0
1 4 2 - 59 - 1.2600290775299072 1.2870028018951416 1 0
1 4 2 - 60 - 1.1820027828216553 1.2030208110809326 1 0
1 4 2 - 61 - 1.2230103015899658 1.2250103950500488 1 0
1 4 2 - 62 - 1.1280193328857422 1.1410000324249268 1 0
1 4 2 - 63 - 1.2020080089569092 1.2260003089904785 0 0
1 4 2 - 64 - 1.1779866218566895 1.191999912261963 1 0
1 4 2 - 65 - 1.1830246448516846 1.188000202178955 1 0
1 4 2 - 66 - 1.3060171604156494 1.3369998931884766 1 0
1 4 2 - 67 - 1.2030243873596191 1.2160000801086426 0 0
1 4 2 - 68 - 1.1770126819610596 1.2021169662475586 1 0
1 4 2 - 69 - 1.3519999980926514 1.3402738571166992 1 0
1 4 2 - 70 - 1.272998332977295 1.2900025844573975 1 0
1 4 2 - 71 - 1.2713165283203125 1.2839930057525635 1 0
1 4 2 - 72 - 1.1789987087249756 1.2020022869110107 1 0
1 4 2 - 73 - 1.1759984493255615 1.1830012798309326 1 0
1 4 2 - 74 - 1.210998773574829 1.2460010051727295 1 0
1 4 2 - 75 - 1.1749968528747559 1.1860055923461914 1 0
1 4 2 - 76 - 1.2899982929229736 1.28300142288208 1 0
1 4 2 - 77 - 1.286996841430664 1.2800049781799316 1 0
1 4 2 - 78 - 1.167999029159546 1.1910033226013184 1 0
1 4 2 - 79 - 1.2930021286010742 1.317000389099121 0 0
1 4 2 - 80 - 1.2669987678527832 1.2790038585662842 1 0
1 4 2 - 81 - 1.2330026626586914 1.2240049839019775 1 0
1 4 2 - 82 - 1.1750168800354004 1.2020008563995361 1 0
1 4 2 - 83 - 1.225999355316162 1.2300033569335938 1 0
1 4 2 - 84 - 1.15800142288208 1.1829988956451416 0 1
1 4 2 - 85 - 1.21799898147583 1.2300004959106445 1 0
1 4 2 - 86 - 1.3089818954467773 1.343022346496582 1 0
1 4 2 - 87 - 1.2339882850646973 1.2433133125305176 1 0
1 4 2 - 88 - 1.237022876739502 1.2589995861053467 0 0
1 4 2 - 89 - 1.1689965724945068 1.1930041313171387 1 0
1 4 2 - 90 - 1.274998664855957 1.2750027179718018 1 0
1 4 2 - 91 - 1.2849998474121094 1.2870028018951416 1 0
1 4 2 - 92 - 1.2139968872070312 1.2489993572235107 1 0
1 4 2 - 93 - 1.261178731918335 1.2400031089782715 1 0
1 4 2 - 94 - 1.185997486114502 1.1881046295166016 1 0
1 4 2 - 95 - 1.2209999561309814 1.2419843673706055 1 0
1 4 2 - 96 - 1.3119935989379883 1.296020269393921 1 0
1 4 2 - 97 - 1.1740005016326904 1.1810011863708496 1 0
1 4 2 - 98 - 1.2080109119415283 1.213996171951294 0 0
1 4 2 - 99 - 1.2169926166534424 1.2583818435668945 1 0
1 4 4 - 0 - 1.502997636795044 1.5360150337219238 1 0
1 4 4 - 1 - 1.636997938156128 1.619999647140503 0 0
1 4 4 - 2 - 1.6079983711242676 1.624004602432251 1 0
1 4 4 - 3 - 1.6129977703094482 1.6149890422821045 1 0
1 4 4 - 4 - 1.559020757675171 1.5819933414459229 1 0
1 4 4 - 5 - 1.6419997215270996 1.6550042629241943 1 0
1 4 4 - 6 - 1.5580005645751953 1.556993007659912 1 0
1 4 4 - 7 - 1.5750000476837158 1.6110122203826904 1 0
1 4 4 - 8 - 1.5850059986114502 1.6050026416778564 1 0
1 4 4 - 9 - 1.6080005168914795 1.6389989852905273 0 0
1 4 4 - 10 - 1.6440000534057617 1.6720030307769775 1 0
1 4 4 - 11 - 1.510000467300415 1.5299837589263916 1 0
1 4 4 - 12 - 1.670015811920166 1.6990017890930176 1 0
1 4 4 - 13 - 1.6340100765228271 1.663992166519165 1 0
1 4 4 - 14 - 1.6130011081695557 1.651000738143921 0 0
1 4 4 - 15 - 1.6039879322052002 1.6120045185089111 1 0
1 4 4 - 16 - 1.6289982795715332 1.6619863510131836 1 0
1 4 4 - 17 - 1.5300207138061523 1.5179996490478516 0 0
1 4 4 - 18 - 1.5419998168945312 1.5590014457702637 1 0
1 4 4 - 19 - 1.596998929977417 1.6189849376678467 1 0
1 4 4 - 20 - 1.5540192127227783 1.5909924507141113 0 0
1 4 4 - 21 - 1.5069992542266846 1.522010326385498 1 0
1 4 4 - 22 - 1.624009609222412 1.6660001277923584 1 0
1 4 4 - 23 - 1.6240262985229492 1.6309998035430908 0 0
1 4 4 - 24 - 1.6169991493225098 1.6389758586883545 0 0
1 4 4 - 25 - 1.6320171356201172 1.661334753036499 1 0
1 4 4 - 26 - 1.6649909019470215 1.6600019931793213 1 0
1 4 4 - 27 - 1.626007080078125 1.6520025730133057 1 0
1 4 4 - 28 - 1.653998851776123 1.655003547668457 1 0
1 4 4 - 29 - 1.6709847450256348 1.6550045013427734 1 0
1 4 4 - 30 - 1.6250104904174805 1.667982816696167 1 0
1 4 4 - 31 - 1.6600258350372314 1.6579968929290771 0 0
1 4 4 - 32 - 1.6446402072906494 1.6620030403137207 1 0
1 4 4 - 33 - 1.6089956760406494 1.627000093460083 1 0
1 4 4 - 34 - 1.6429996490478516 1.6480023860931396 1 0
1 4 4 - 35 - 1.5620026588439941 1.575000286102295 0 0
1 4 4 - 36 - 1.6990299224853516 1.7079706192016602 1 0
1 4 4 - 37 - 1.625000238418579 1.6309995651245117 0 0
1 4 4 - 38 - 1.5969982147216797 1.61529541015625 1 0
1 4 4 - 39 - 1.5069777965545654 1.5260133743286133 1 0
1 4 4 - 40 - 1.6779990196228027 1.714003324508667 1 0
1 4 4 - 41 - 1.5179996490478516 1.5220015048980713 1 0
1 4 4 - 42 - 1.5739593505859375 1.6080024242401123 1 0
1 4 4 - 43 - 1.5800185203552246 1.5610010623931885 1 0
1 4 4 - 44 - 1.5970001220703125 1.629002571105957 1 0
1 4 4 - 45 - 1.6389775276184082 1.6800236701965332 1 0
1 4 4 - 46 - 1.6240029335021973 1.6299989223480225 0 0
1 4 4 - 47 - 1.5339992046356201 1.5739824771881104 1 0
1 4 4 - 48 - 1.6270179748535156 1.6319878101348877 0 0
1 4 4 - 49 - 1.7650032043457031 1.7740018367767334 0 0
1 4 4 - 50 - 1.536998987197876 1.5510034561157227 1 0
1 4 4 - 51 - 1.5900018215179443 1.575998306274414 0 0
1 4 4 - 52 - 1.528871774673462 1.5460200309753418 0 0
1 4 4 - 53 - 1.6590263843536377 1.6739912033081055 1 0
1 4 4 - 54 - 1.52099609375 1.5470027923583984 1 0
1 4 4 - 55 - 1.5649993419647217 1.5730016231536865 1 0
1 4 4 - 56 - 1.651998519897461 1.6760001182556152 1 0
1 4 4 - 57 - 1.5349979400634766 1.5630247592926025 1 0
1 4 4 - 58 - 1.6780107021331787 1.7089817523956299 1 0
1 4 4 - 59 - 1.6389920711517334 1.6630043983459473 1 0
1 4 4 - 60 - 1.543997049331665 1.5620238780975342 1 0
1 4 4 - 61 - 1.6219987869262695 1.633002519607544 1 0
1 4 4 - 62 - 1.5179991722106934 1.536010980606079 1 0
1 4 4 - 63 - 1.5670254230499268 1.6129698753356934 0 0
1 4 4 - 64 - 1.5479960441589355 1.5770018100738525 1 0
1 4 4 - 65 - 1.5690109729766846 1.5739905834197998 1 0
1 4 4 - 66 - 1.6779987812042236 1.7050044536590576 1 0
1 4 4 - 67 - 1.5660011768341064 1.6019988059997559 0 0
1 4 4 - 68 - 1.550999402999878 1.5820021629333496 1 0
1 4 4 - 69 - 1.6909980773925781 1.7290246486663818 1 0
1 4 4 - 70 - 1.6339941024780273 1.664003610610962 1 0
1 4 4 - 71 - 1.63899827003479 1.660022258758545 1 0
1 4 4 - 72 - 1.5569944381713867 1.570002555847168 1 0
1 4 4 - 73 - 1.5460002422332764 1.5700232982635498 1 0
1 4 4 - 74 - 1.5809907913208008 1.6330022811889648 1 0
1 4 4 - 75 - 1.5609984397888184 1.554001808166504 1 0
1 4 4 - 76 - 1.6479980945587158 1.679004192352295 1 0
1 4 4 - 77 - 1.6299991607666016 1.658003330230713 1 0
1 4 4 - 78 - 1.552997350692749 1.5650038719177246 1 0
1 4 4 - 79 - 1.6630053520202637 1.676018238067627 0 0
1 4 4 - 80 - 1.6609961986541748 1.6710233688354492 1 0
1 4 4 - 81 - 1.608015775680542 1.6219813823699951 1 0
1 4 4 - 82 - 1.557020664215088 1.5869810581207275 1 0
1 4 4 - 83 - 1.589998483657837 1.5983049869537354 1 0
1 4 4 - 84 - 1.5140101909637451 1.5120019912719727 0 0
1 4 4 - 85 - 1.6069960594177246 1.6160051822662354 1 0
1 4 4 - 86 - 1.681879997253418 1.714003086090088 1 0
1 4 4 - 87 - 1.5999979972839355 1.6240029335021973 1 0
1 4 4 - 88 - 1.6118793487548828 1.633997917175293 0 0
1 4 4 - 89 - 1.5439767837524414 1.5660252571105957 1 0
1 4 4 - 90 - 1.6387567520141602 1.6567556858062744 1 0
1 4 4 - 91 - 1.6549792289733887 1.6620268821716309 1 0
1 4 4 - 92 - 1.5790002346038818 1.6039917469024658 1 0
1 4 4 - 93 - 1.580995798110962 1.623002529144287 1 0
1 4 4 - 94 - 1.5489997863769531 1.5560109615325928 1 0
1 4 4 - 95 - 1.5850000381469727 1.6150002479553223 1 0
1 4 4 - 96 - 1.663008689880371 1.6660032272338867 1 0
1 4 4 - 97 - 1.5609991550445557 1.5670030117034912 1 0
1 4 4 - 98 - 1.6009912490844727 1.6050224304199219 0 0
1 4 4 - 99 - 1.6040027141571045 1.6360034942626953 1 0
2 4 1 - 0 - 0.3179755210876465 0.3210031986236572 1 0
2 4 1 - 1 - 0.37599968910217285 0.3720240592956543 1 0
2 4 1 - 2 - 0.36299753189086914 0.36600208282470703 1 0
2 4 1 - 3 - 0.36400938034057617 0.36800217628479004 1 0
