0 1
0.998051 0
1.9961 1
2.99415 0
3.9922 1
4.99025 0
5.9883 1
6.98635 0
7.98441 1
8.98246 0
9.98051 1
10.9786 0
11.9766 1
12.9747 0
13.9727 1
14.9708 0
15.9688 1
16.9669 0
17.9649 1
18.963 0
19.961 1
20.9591 0
21.9571 1
22.9552 0
23.9532 1
24.9513 0
25.9493 1
26.9474 0
27.9454 1
28.9435 0
29.9415 1
30.9396 0
31.9376 1
32.9357 0
33.9337 1
34.9318 0
35.9298 1
36.9279 0
37.9259 1
38.924 0
39.922 1
40.9201 0
41.9181 1
42.9162 0
43.9142 1
44.9123 0
45.9103 1
46.9084 0
47.9064 1
48.9045 0
49.9025 1
50.9006 0
51.8986 1
52.8967 0
53.8947 1
54.8928 0
55.8908 1
56.8889 0
57.8869 1
58.885 0
59.883 1
60.8811 0
61.8791 1
62.8772 0
63.8752 1
64.8733 0
65.8713 1
66.8694 0
67.8674 1
68.8655 0
69.8635 1
70.8616 0
71.8596 1
72.8577 0
73.8558 1
74.8538 0
75.8519 1
76.8499 0
77.848 1
78.846 0
79.8441 1
80.8421 0
81.8402 1
82.8382 0
83.8363 1
84.8343 0
85.8324 1
86.8304 0
87.8285 1
88.8265 0
89.8246 1
90.8226 0
91.8207 1
92.8187 0
93.8168 1
94.8148 0
95.8129 1
96.8109 0
97.809 1
98.807 0
99.8051 1
100.803 0
101.801 1
102.799 0
103.797 1
104.795 0
105.793 1
106.791 0
107.789 1
108.788 0
109.786 1
110.784 0
111.782 1
112.78 0
113.778 1
114.776 0
115.774 1
116.772 0
117.77 1
118.768 0
119.766 1
120.764 0
121.762 1
122.76 0
123.758 1
124.756 0
125.754 1
126.752 0
127.75 1
128.749 0
129.747 1
130.745 0
131.743 1
132.741 0
133.739 1
134.737 0
135.735 1
136.733 0
137.731 1
138.729 0
139.727 1
140.725 0
141.723 1
142.721 0
143.719 1
144.717 0
145.715 1
146.713 0
147.712 1
148.71 0
149.708 1
150.706 0
151.704 1
152.702 0
153.7 1
154.698 0
155.696 1
156.694 0
157.692 1
158.69 0
159.688 1
160.686 0
161.684 1
162.682 0
163.68 1
164.678 0
165.676 1
166.674 0
167.673 1
168.671 0
169.669 1
170.667 0
171.665 1
172.663 0
173.661 1
174.659 0
175.657 1
176.655 0
177.653 1
178.651 0
179.649 1
180.647 0
181.645 1
182.643 0
183.641 1
184.639 0
185.637 1
186.635 0
187.634 1
188.632 0
189.63 1
190.628 0
191.626 1
192.624 0
193.622 1
194.62 0
195.618 1
196.616 0
197.614 1
198.612 0
199.61 1
200.608 0
201.606 1
202.604 0
203.602 1
204.6 0
205.598 1
206.596 0
207.595 1
208.593 0
209.591 1
210.589 0
211.587 1
212.585 0
213.583 1
214.581 0
215.579 1
216.577 0
217.575 1
218.573 0
219.571 1
220.569 0
221.567 1
222.565 0
223.563 1
224.561 0
225.559 1
226.558 0
227.556 1
228.554 0
229.552 1
230.55 0
231.548 1
232.546 0
233.544 1
234.542 0
235.54 1
236.538 0
237.536 1
238.534 0
239.532 1
240.53 0
241.528 1
242.526 0
243.524 1
244.522 0
245.52 1
246.519 0
247.517 1
248.515 0
249.513 1
250.511 0
251.509 1
252.507 0
253.505 1
254.503 0
255.501 1
256.499 0
257.497 1
258.495 0
259.493 1
260.491 0
261.489 1
262.487 0
263.485 1
264.483 0
265.481 1
266.48 0
267.478 1
268.476 0
269.474 1
270.472 0
271.47 1
272.468 0
273.466 1
274.464 0
275.462 1
276.46 0
277.458 1
278.456 0
279.454 1
280.452 0
281.45 1
282.448 0
283.446 1
284.444 0
285.442 1
286.441 0
287.439 1
288.437 0
289.435 1
290.433 0
291.431 1
292.429 0
293.427 1
294.425 0
295.423 1
296.421 0
297.419 1
298.417 0
299.415 1
300.413 0
301.411 1
302.409 0
303.407 1
304.405 0
305.404 1
306.402 0
307.4 1
308.398 0
309.396 1
310.394 0
311.392 1
312.39 0
313.388 1
314.386 0
315.384 1
316.382 0
317.38 1
318.378 0
319.376 1
320.374 0
321.372 1
322.37 0
323.368 1
324.366 0
325.365 1
326.363 0
327.361 1
328.359 0
329.357 1
330.355 0
331.353 1
332.351 0
333.349 1
334.347 0
335.345 1
336.343 0
337.341 1
338.339 0
339.337 1
340.335 0
341.333 1
342.331 0
343.329 1
344.327 0
345.326 1
346.324 0
347.322 1
348.32 0
349.318 1
350.316 0
351.314 1
352.312 0
353.31 1
354.308 0
355.306 1
356.304 0
357.302 1
358.3 0
359.298 1
360.296 0
361.294 1
362.292 0
363.29 1
364.288 0
365.287 1
366.285 0
367.283 1
368.281 0
369.279 1
370.277 0
371.275 1
372.273 0
373.271 1
374.269 0
375.267 1
376.265 0
377.263 1
378.261 0
379.259 1
380.257 0
381.255 1
382.253 0
383.251 1
384.25 0
385.248 1
386.246 0
387.244 1
388.242 0
389.24 1
390.238 0
391.236 1
392.234 0
393.232 1
394.23 0
395.228 1
396.226 0
397.224 1
398.222 0
399.22 1
400.218 0
401.216 1
402.214 0
403.212 1
404.211 0
405.209 1
406.207 0
407.205 1
408.203 0
409.201 1
410.199 0
411.197 1
412.195 0
413.193 1
414.191 0
415.189 1
416.187 0
417.185 1
418.183 0
419.181 1
420.179 0
421.177 1
422.175 0
423.173 1
424.172 0
425.17 1
426.168 0
427.166 1
428.164 0
429.162 1
430.16 0
431.158 1
432.156 0
433.154 1
434.152 0
435.15 1
436.148 0
437.146 1
438.144 0
439.142 1
440.14 0
441.138 1
442.136 0
443.135 1
444.133 0
445.131 1
446.129 0
447.127 1
448.125 0
449.123 1
450.121 0
451.119 1
452.117 0
453.115 1
454.113 0
455.111 1
456.109 0
457.107 1
458.105 0
459.103 1
460.101 0
461.099 1
462.097 0
463.096 1
464.094 0
465.092 1
466.09 0
467.088 1
468.086 0
469.084 1
470.082 0
471.08 1
472.078 0
473.076 1
474.074 0
475.072 1
476.07 0
477.068 1
478.066 0
479.064 1
480.062 0
481.06 1
482.058 0
483.057 1
484.055 0
485.053 1
486.051 0
487.049 1
488.047 0
489.045 1
490.043 0
491.041 1
492.039 0
493.037 1
494.035 0
495.033 1
496.031 0
497.029 1
498.027 0
499.025 1
500.023 0
501.021 1
502.019 0
503.018 1
504.016 0
505.014 1
506.012 0
507.01 1
508.008 0
509.006 1
510.004 0
511.002 1
