4 1 - 0 - 0.27887821197509766 0.27570629119873047 0 1
4 1 - 1 - 0.3061814308166504 0.3166170120239258 1 0
4 1 - 2 - 0.29457545280456543 0.3076646327972412 0 1
4 1 - 3 - 0.29820728302001953 0.31122851371765137 1 0
4 1 - 4 - 0.2814292907714844 0.2958798408508301 1 0
4 1 - 5 - 0.35085391998291016 0.34563493728637695 1 0
4 1 - 6 - 0.29444098472595215 0.31191253662109375 1 0
4 1 - 7 - 0.30964040756225586 0.3108060359954834 1 0
4 1 - 8 - 0.30142855644226074 0.3112332820892334 1 0
4 1 - 9 - 0.30098509788513184 0.30449700355529785 0 1
4 1 - 10 - 0.32332849502563477 0.32741856575012207 0 1
4 1 - 11 - 0.26243019104003906 0.26702380180358887 0 1
4 1 - 12 - 0.34069132804870605 0.3464176654815674 0 1
4 1 - 13 - 0.3233494758605957 0.3295257091522217 0 1
4 1 - 14 - 0.3014359474182129 0.30457115173339844 0 1
4 1 - 15 - 0.3018679618835449 0.3059248924255371 0 1
4 1 - 16 - 0.32466864585876465 0.3256540298461914 0 1
4 1 - 17 - 0.27686190605163574 0.26964783668518066 1 0
4 1 - 18 - 0.30080652236938477 0.28243017196655273 0 1
4 1 - 19 - 0.30005621910095215 0.3066842555999756 0 1
4 1 - 20 - 0.2822306156158447 0.28749942779541016 0 1
4 1 - 21 - 0.2627873420715332 0.2753565311431885 1 0
4 1 - 22 - 0.3205564022064209 0.33284497261047363 0 1
4 1 - 23 - 0.29660701751708984 0.30846452713012695 0 1
4 1 - 24 - 0.2975306510925293 0.3063993453979492 0 1
4 1 - 25 - 0.32160449028015137 0.32676076889038086 0 1
4 1 - 26 - 0.31862711906433105 0.32681703567504883 0 1
4 1 - 27 - 0.31740236282348633 0.32787442207336426 0 1
4 1 - 28 - 0.31623411178588867 0.32605481147766113 0 1
4 1 - 29 - 0.3202695846557617 0.3263206481933594 0 1
4 1 - 30 - 0.3199477195739746 0.33153533935546875 1 0
4 1 - 31 - 0.3203165531158447 0.3286266326904297 0 1
4 1 - 32 - 0.3241913318634033 0.32779908180236816 0 1
4 1 - 33 - 0.3066990375518799 0.311969518661499 1 0
4 1 - 34 - 0.3253648281097412 0.32807087898254395 0 1
4 1 - 35 - 0.2799849510192871 0.290677547454834 1 0
4 1 - 36 - 0.338550329208374 0.35108518600463867 0 1
4 1 - 37 - 0.30599260330200195 0.3093907833099365 0 1
4 1 - 38 - 0.3083231449127197 0.3085618019104004 0 1
4 1 - 39 - 0.2649869918823242 0.27316832542419434 0 1
4 1 - 40 - 0.3452908992767334 0.35502004623413086 0 1
4 1 - 41 - 0.2630455493927002 0.27572083473205566 0 1
4 1 - 42 - 0.3087184429168701 0.31316709518432617 0 1
4 1 - 43 - 0.27990078926086426 0.28804588317871094 0 1
4 1 - 44 - 0.31482625007629395 0.3077511787414551 0 1
4 1 - 45 - 0.3200662136077881 0.3291616439819336 0 1
4 1 - 46 - 0.3035874366760254 0.3085031509399414 0 1
4 1 - 47 - 0.2829253673553467 0.29285383224487305 1 0
4 1 - 48 - 0.3026299476623535 0.30866503715515137 0 1
4 1 - 49 - 0.36730027198791504 0.3717520236968994 1 0
4 1 - 50 - 0.2800772190093994 0.2919588088989258 1 0
4 1 - 51 - 0.280656099319458 0.2888524532318115 0 1
4 1 - 52 - 0.2625408172607422 0.26950621604919434 0 1
4 1 - 53 - 0.3225531578063965 0.3273310661315918 0 1
4 1 - 54 - 0.26381444931030273 0.2748541831970215 1 0
4 1 - 55 - 0.2816307544708252 0.28835630416870117 0 1
4 1 - 56 - 0.3235654830932617 0.32907724380493164 0 1
4 1 - 57 - 0.27989864349365234 0.2918202877044678 1 0
4 1 - 58 - 0.34162235260009766 0.351071834564209 0 1
4 1 - 59 - 0.3213012218475342 0.3330819606781006 0 1
4 1 - 60 - 0.2826039791107178 0.29692578315734863 1 0
4 1 - 61 - 0.3053555488586426 0.31583380699157715 1 0
4 1 - 62 - 0.2621586322784424 0.2749598026275635 1 0
4 1 - 63 - 0.2869429588317871 0.2994863986968994 1 0
4 1 - 64 - 0.2820730209350586 0.2945549488067627 1 0
4 1 - 65 - 0.279555082321167 0.288165807723999 0 1
4 1 - 66 - 0.3399238586425781 0.34958720207214355 0 1
4 1 - 67 - 0.28397488594055176 0.29334521293640137 1 0
4 1 - 68 - 0.2819783687591553 0.295076847076416 1 0
4 1 - 69 - 0.34984540939331055 0.3508467674255371 1 0
4 1 - 70 - 0.3220365047454834 0.32872724533081055 0 1
4 1 - 71 - 0.32881808280944824 0.33369874954223633 1 0
4 1 - 72 - 0.28443312644958496 0.2938108444213867 1 0
4 1 - 73 - 0.2856462001800537 0.2920360565185547 1 0
4 1 - 74 - 0.3067185878753662 0.31075310707092285 1 0
4 1 - 75 - 0.28339290618896484 0.2892453670501709 0 1
4 1 - 76 - 0.3249342441558838 0.33564162254333496 1 0
4 1 - 77 - 0.3277301788330078 0.32950735092163086 1 0
4 1 - 78 - 0.2853665351867676 0.29025745391845703 0 1
4 1 - 79 - 0.32608866691589355 0.3320143222808838 0 1
4 1 - 80 - 0.3240997791290283 0.3340911865234375 0 1
4 1 - 81 - 0.30320000648498535 0.3104112148284912 0 1
4 1 - 82 - 0.28502368927001953 0.28821396827697754 0 1
4 1 - 83 - 0.3241298198699951 0.31378793716430664 1 0
4 1 - 84 - 0.26239466667175293 0.272869348526001 1 0
4 1 - 85 - 0.30506134033203125 0.3139064311981201 0 1
4 1 - 86 - 0.33934831619262695 0.3474245071411133 0 1
4 1 - 87 - 0.3010709285736084 0.30793094635009766 0 1
4 1 - 88 - 0.3000802993774414 0.3098299503326416 0 1
4 1 - 89 - 0.282548189163208 0.2909219264984131 0 1
4 1 - 90 - 0.3251180648803711 0.32822108268737793 0 1
4 1 - 91 - 0.32541799545288086 0.3265650272369385 0 1
4 1 - 92 - 0.3052229881286621 0.30748653411865234 0 1
4 1 - 93 - 0.31320810317993164 0.30928850173950195 1 0
4 1 - 94 - 0.27794814109802246 0.2822268009185791 0 1
4 1 - 95 - 0.3009209632873535 0.30724120140075684 1 0
4 1 - 96 - 0.3149886131286621 0.32389187812805176 0 1
4 1 - 97 - 0.27471089363098145 0.2879631519317627 1 0
4 1 - 98 - 0.2788221836090088 0.2851998805999756 0 1
4 1 - 99 - 0.29764389991760254 0.3075704574584961 0 1
4 2 - 0 - 0.9687633514404297 0.9690580368041992 0 1
4 2 - 1 - 1.081068515777588 1.0532212257385254 1 0
4 2 - 2 - 1.0543155670166016 1.0476725101470947 0 1
4 2 - 3 - 1.0539119243621826 1.0863285064697266 0 0
4 2 - 4 - 1.024108648300171 1.044527292251587 1 0
4 2 - 5 - 1.107126235961914 1.1488990783691406 0 0
4 2 - 6 - 1.0157794952392578 1.0515947341918945 0 0
4 2 - 7 - 1.0498268604278564 1.0790021419525146 0 0
4 2 - 8 - 1.073197603225708 1.071223497390747 1 0
4 2 - 9 - 1.0549750328063965 1.0376157760620117 0 1
4 2 - 10 - 1.0960016250610352 1.1030960083007812 0 1
4 2 - 11 - 0.9854447841644287 0.9763960838317871 0 1
4 2 - 12 - 1.1630580425262451 1.1657171249389648 0 1
4 2 - 13 - 1.0774338245391846 1.127805471420288 0 1
4 2 - 14 - 1.04561185836792 1.0950369834899902 0 0
4 2 - 15 - 1.0507640838623047 1.0313012599945068 0 1
4 2 - 16 - 1.0712471008300781 1.0765407085418701 0 1
4 2 - 17 - 1.0008232593536377 1.0047979354858398 1 0
4 2 - 18 - 1.0168521404266357 1.0146334171295166 0 1
4 2 - 19 - 1.043614149093628 1.0512099266052246 0 1
4 2 - 20 - 0.9966409206390381 1.0223524570465088 0 1
4 2 - 21 - 0.9741249084472656 1.0003869533538818 1 0
4 2 - 22 - 1.085852861404419 1.0672218799591064 0 1
4 2 - 23 - 1.0461275577545166 1.0536830425262451 0 1
4 2 - 24 - 1.0617024898529053 1.0685133934020996 0 1
4 2 - 25 - 1.0995357036590576 1.0670714378356934 0 1
4 2 - 26 - 1.0856428146362305 1.0801470279693604 0 1
4 2 - 27 - 1.0997989177703857 1.0672054290771484 0 1
4 2 - 28 - 1.0897176265716553 1.0955805778503418 0 1
4 2 - 29 - 1.1025753021240234 1.0835154056549072 0 1
4 2 - 30 - 1.1044745445251465 1.1163864135742188 0 0
4 2 - 31 - 1.1000468730926514 1.1170523166656494 0 0
4 2 - 32 - 1.1006460189819336 1.0890696048736572 0 1
4 2 - 33 - 1.0687775611877441 1.073021411895752 1 0
4 2 - 34 - 1.1102066040039062 1.0903701782226562 0 1
4 2 - 35 - 1.0170104503631592 1.0134594440460205 0 0
4 2 - 36 - 1.1274516582489014 1.1567397117614746 0 0
4 2 - 37 - 1.0577712059020996 1.0380394458770752 0 1
4 2 - 38 - 1.0492019653320312 1.0447537899017334 0 1
4 2 - 39 - 0.9699254035949707 0.9648213386535645 0 1
4 2 - 40 - 1.1312861442565918 1.128056526184082 0 1
4 2 - 41 - 0.9742000102996826 0.9759509563446045 0 1
4 2 - 42 - 1.0259897708892822 1.0775599479675293 0 1
4 2 - 43 - 0.9929604530334473 0.9871678352355957 0 1
4 2 - 44 - 1.0399141311645508 1.0350611209869385 0 1
4 2 - 45 - 1.0875403881072998 1.061732530593872 0 1
4 2 - 46 - 1.0433268547058105 1.0430867671966553 0 1
4 2 - 47 - 1.0141711235046387 1.0409646034240723 1 0
4 2 - 48 - 1.0605227947235107 1.092043399810791 0 0
4 2 - 49 - 1.1940081119537354 1.2045018672943115 0 0
4 2 - 50 - 1.0022568702697754 1.0339624881744385 1 0
4 2 - 51 - 0.9839394092559814 1.0048434734344482 0 0
4 2 - 52 - 0.958977222442627 0.9528491497039795 0 1
4 2 - 53 - 1.0956757068634033 1.0776901245117188 0 1
4 2 - 54 - 0.9855444431304932 1.0004684925079346 1 0
4 2 - 55 - 0.9949526786804199 1.0069403648376465 0 1
4 2 - 56 - 1.0861737728118896 1.0560314655303955 0 1
4 2 - 57 - 0.996807336807251 1.0138752460479736 1 0
4 2 - 58 - 1.1201550960540771 1.108175277709961 0 1
4 2 - 59 - 1.084498643875122 1.0945439338684082 0 1
4 2 - 60 - 1.0466983318328857 1.0418646335601807 1 0
4 2 - 61 - 1.081484079360962 1.0713768005371094 1 0
4 2 - 62 - 0.9906482696533203 0.986748218536377 1 0
4 2 - 63 - 1.04087495803833 1.0400230884552002 1 0
4 2 - 64 - 1.0485317707061768 1.028677225112915 1 0
4 2 - 65 - 1.0043957233428955 0.9935653209686279 0 1
4 2 - 66 - 1.1234102249145508 1.1601483821868896 0 0
4 2 - 67 - 1.0187385082244873 1.026707410812378 0 0
4 2 - 68 - 0.9965050220489502 1.0285139083862305 1 0
4 2 - 69 - 1.1418797969818115 1.1489975452423096 0 0
4 2 - 70 - 1.102365493774414 1.0905213356018066 0 1
4 2 - 71 - 1.0986442565917969 1.1014595031738281 0 0
4 2 - 72 - 1.0119004249572754 1.038935661315918 0 0
4 2 - 73 - 1.0255794525146484 1.0274062156677246 1 0
4 2 - 74 - 1.059269666671753 1.083848476409912 0 0
4 2 - 75 - 1.0411326885223389 1.0176260471343994 0 1
4 2 - 76 - 1.1113030910491943 1.1265320777893066 0 0
4 2 - 77 - 1.1117231845855713 1.1289143562316895 0 0
4 2 - 78 - 1.008471965789795 1.0136830806732178 0 1
4 2 - 79 - 1.1019535064697266 1.145465612411499 0 0
4 2 - 80 - 1.0886399745941162 1.1154537200927734 0 0
4 2 - 81 - 1.045907974243164 1.0757784843444824 0 1
4 2 - 82 - 1.0060698986053467 1.001906394958496 0 1
4 2 - 83 - 1.0609335899353027 1.0567665100097656 1 0
4 2 - 84 - 0.9812343120574951 1.0083491802215576 1 0
4 2 - 85 - 1.0365707874298096 1.0574758052825928 0 0
4 2 - 86 - 1.1228482723236084 1.1133558750152588 0 1
4 2 - 87 - 1.0616497993469238 1.0516486167907715 0 1
4 2 - 88 - 1.0591168403625488 1.0559234619140625 0 1
4 2 - 89 - 1.0293834209442139 1.0366058349609375 0 0
4 2 - 90 - 1.0704128742218018 1.0773355960845947 0 1
4 2 - 91 - 1.076371431350708 1.123340368270874 0 0
4 2 - 92 - 1.0579233169555664 1.0716207027435303 0 0
4 2 - 93 - 1.0580165386199951 1.0856907367706299 1 0
4 2 - 94 - 1.0176527500152588 0.9992082118988037 0 1
4 2 - 95 - 1.0932528972625732 1.0574939250946045 1 0
4 2 - 96 - 1.0876400470733643 1.099294900894165 0 1
4 2 - 97 - 1.0417664051055908 1.0231304168701172 1 0
4 2 - 98 - 1.0151948928833008 1.0375926494598389 0 1
4 2 - 99 - 1.044142246246338 1.036475419998169 0 1
4 4 - 0 - 1.2909293174743652 1.3076393604278564 0 1
4 4 - 1 - 1.3980472087860107 1.3925907611846924 0 0
4 4 - 2 - 1.352238416671753 1.3971805572509766 0 1
4 4 - 3 - 1.3889472484588623 1.3827624320983887 0 0
4 4 - 4 - 1.3435463905334473 1.3526277542114258 1 0
4 4 - 5 - 1.4266932010650635 1.451336145401001 0 0
4 4 - 6 - 1.3495512008666992 1.3686702251434326 0 0
4 4 - 7 - 1.3930881023406982 1.4238853454589844 0 0
4 4 - 8 - 1.3458070755004883 1.380389928817749 1 0
4 4 - 9 - 1.3463947772979736 1.339461088180542 0 1
4 4 - 10 - 1.3938050270080566 1.3963539600372314 0 1
4 4 - 11 - 1.2781271934509277 1.272995948791504 0 1
4 4 - 12 - 1.4258856773376465 1.4401838779449463 0 1
4 4 - 13 - 1.395843744277954 1.4628784656524658 0 0
4 4 - 14 - 1.386897325515747 1.407041072845459 0 0
4 4 - 15 - 1.3806452751159668 1.3920629024505615 0 1
4 4 - 16 - 1.4354140758514404 1.4113216400146484 0 1
4 4 - 17 - 1.3572587966918945 1.3381948471069336 1 0
4 4 - 18 - 1.3377816677093506 1.3776178359985352 0 1
4 4 - 19 - 1.337153434753418 1.385673999786377 0 0
4 4 - 20 - 1.3159511089324951 1.3544676303863525 0 1
4 4 - 21 - 1.314063549041748 1.299818992614746 1 0
4 4 - 22 - 1.383331060409546 1.3822147846221924 0 1
4 4 - 23 - 1.3476638793945312 1.356588363647461 0 1
4 4 - 24 - 1.3391380310058594 1.334831714630127 0 1
4 4 - 25 - 1.3756697177886963 1.3784410953521729 0 1
4 4 - 26 - 1.3945918083190918 1.4196085929870605 0 1
4 4 - 27 - 1.3874034881591797 1.3817532062530518 0 1
4 4 - 28 - 1.3840746879577637 1.437575340270996 0 1
4 4 - 29 - 1.3963751792907715 1.426213026046753 0 1
4 4 - 30 - 1.4153869152069092 1.445054292678833 0 0
4 4 - 31 - 1.426854133605957 1.4576406478881836 0 0
4 4 - 32 - 1.388566255569458 1.36737060546875 0 1
4 4 - 33 - 1.366231918334961 1.3818151950836182 0 0
4 4 - 34 - 1.393204927444458 1.3984735012054443 0 1
4 4 - 35 - 1.3027551174163818 1.3214645385742188 0 0
4 4 - 36 - 1.4145009517669678 1.4602856636047363 0 0
4 4 - 37 - 1.343428373336792 1.338304042816162 0 1
4 4 - 38 - 1.3511080741882324 1.367173194885254 0 1
4 4 - 39 - 1.2737414836883545 1.2724664211273193 0 1
4 4 - 40 - 1.4483811855316162 1.432060956954956 0 1
4 4 - 41 - 1.2743899822235107 1.281620740890503 0 1
4 4 - 42 - 1.358149528503418 1.3850452899932861 0 0
4 4 - 43 - 1.3177282810211182 1.2977166175842285 0 1
4 4 - 44 - 1.3560030460357666 1.3746585845947266 0 1
4 4 - 45 - 1.3698761463165283 1.3733432292938232 0 1
4 4 - 46 - 1.3517417907714844 1.3412163257598877 0 1
4 4 - 47 - 1.3008825778961182 1.339400291442871 1 0
4 4 - 48 - 1.356339454650879 1.380573034286499 0 0
4 4 - 49 - 1.439838171005249 1.4984943866729736 0 0
4 4 - 50 - 1.3022258281707764 1.3009569644927979 1 0
4 4 - 51 - 1.2794065475463867 1.328263759613037 0 0
4 4 - 52 - 1.255302906036377 1.2769169807434082 0 1
4 4 - 53 - 1.3716917037963867 1.3642020225524902 0 1
4 4 - 54 - 1.3041834831237793 1.2738633155822754 1 0
4 4 - 55 - 1.2866663932800293 1.3231096267700195 0 1
4 4 - 56 - 1.3773918151855469 1.3773589134216309 0 1
4 4 - 57 - 1.326094388961792 1.3341383934020996 1 0
4 4 - 58 - 1.4346184730529785 1.4356276988983154 0 1
4 4 - 59 - 1.3830924034118652 1.401777744293213 0 1
4 4 - 60 - 1.3319804668426514 1.341102123260498 1 0
4 4 - 61 - 1.3311612606048584 1.3748548030853271 0 0
4 4 - 62 - 1.301736831665039 1.3389949798583984 1 0
4 4 - 63 - 1.395900011062622 1.365133285522461 1 0
4 4 - 64 - 1.3659424781799316 1.3348193168640137 1 0
4 4 - 65 - 1.3229172229766846 1.313502311706543 0 1
4 4 - 66 - 1.4236290454864502 1.4689030647277832 0 0
4 4 - 67 - 1.324937105178833 1.359020471572876 0 0
4 4 - 68 - 1.344771385192871 1.3699159622192383 1 0
4 4 - 69 - 1.4653468132019043 1.4892725944519043 0 0
4 4 - 70 - 1.4125075340270996 1.4147987365722656 0 1
4 4 - 71 - 1.4101924896240234 1.440211534500122 0 0
4 4 - 72 - 1.3350460529327393 1.340768814086914 0 0
4 4 - 73 - 1.3292217254638672 1.3352763652801514 1 0
4 4 - 74 - 1.372936725616455 1.3902153968811035 0 0
4 4 - 75 - 1.3264515399932861 1.327009916305542 0 1
4 4 - 76 - 1.4063127040863037 1.4403047561645508 0 0
4 4 - 77 - 1.413804292678833 1.4316227436065674 0 0
4 4 - 78 - 1.3314573764801025 1.3230090141296387 0 1
4 4 - 79 - 1.4150054454803467 1.4574904441833496 0 0
4 4 - 80 - 1.4142932891845703 1.4587666988372803 0 0
4 4 - 81 - 1.3864457607269287 1.4136841297149658 0 0
4 4 - 82 - 1.3293218612670898 1.34588623046875 0 1
4 4 - 83 - 1.3880395889282227 1.420393466949463 0 0
4 4 - 84 - 1.337501049041748 1.341426134109497 1 0
4 4 - 85 - 1.381448745727539 1.4093635082244873 0 0
4 4 - 86 - 1.4692964553833008 1.4685842990875244 0 1
4 4 - 87 - 1.3967711925506592 1.393885850906372 0 1
4 4 - 88 - 1.3837268352508545 1.379678726196289 0 1
4 4 - 89 - 1.306396484375 1.342944860458374 0 0
4 4 - 90 - 1.3801071643829346 1.3732895851135254 0 1
4 4 - 91 - 1.411017894744873 1.4489505290985107 0 0
4 4 - 92 - 1.372016429901123 1.417402744293213 0 0
4 4 - 93 - 1.4066860675811768 1.4096152782440186 1 0
4 4 - 94 - 1.3441967964172363 1.3575613498687744 0 1
4 4 - 95 - 1.3852949142456055 1.4063525199890137 0 0
4 4 - 96 - 1.4117488861083984 1.4555063247680664 0 1
4 4 - 97 - 1.3578298091888428 1.367344617843628 1 0
4 4 - 98 - 1.346397876739502 1.3882598876953125 0 1
4 4 - 99 - 1.3824152946472168 1.4023139476776123 0 1
8 1 - 0 - 0.9611771106719971 0.9536848068237305 0 1
8 1 - 1 - 1.0019738674163818 0.9741172790527344 1 0
8 1 - 2 - 1.050997257232666 1.042679786682129 0 1
8 1 - 3 - 1.0083489418029785 1.0119068622589111 0 1
8 1 - 4 - 0.8778963088989258 0.8790709972381592 0 1
8 1 - 5 - 0.8591296672821045 0.8391754627227783 1 0
8 1 - 6 - 1.0496506690979004 1.0431632995605469 0 1
8 1 - 7 - 0.9470043182373047 0.9184615612030029 1 0
8 1 - 8 - 0.8827879428863525 0.8774206638336182 0 1
8 1 - 9 - 0.9262592792510986 0.9113619327545166 0 1
8 1 - 10 - 1.0071461200714111 1.0051119327545166 0 1
8 1 - 11 - 0.9352796077728271 0.9345369338989258 0 1
8 1 - 12 - 1.0494678020477295 1.036060094833374 0 1
8 1 - 13 - 1.1319217681884766 1.129991054534912 0 1
8 1 - 14 - 1.0419185161590576 1.0250165462493896 1 0
8 1 - 15 - 1.0098004341125488 1.0363028049468994 0 1
8 1 - 16 - 0.9897451400756836 0.9560587406158447 1 0
8 1 - 17 - 1.0287861824035645 1.0447213649749756 0 1
8 1 - 18 - 0.9767193794250488 0.9650249481201172 0 1
8 1 - 19 - 0.8943157196044922 0.9136531352996826 0 1
8 1 - 20 - 1.0147392749786377 1.0304806232452393 0 1
8 1 - 21 - 0.9126613140106201 0.9043490886688232 0 1
8 1 - 22 - 1.0358176231384277 1.0128426551818848 0 1
8 1 - 23 - 1.0311739444732666 1.047210931777954 0 1
8 1 - 24 - 0.8832905292510986 0.9001271724700928 0 1
8 1 - 25 - 1.0319230556488037 1.0240890979766846 0 1
8 1 - 26 - 1.025270938873291 1.0205888748168945 0 1
8 1 - 27 - 1.0430881977081299 1.0365352630615234 1 0
8 1 - 28 - 1.0298526287078857 1.0328218936920166 0 1
8 1 - 29 - 1.0085904598236084 0.9912490844726562 0 1
8 1 - 30 - 1.0691289901733398 1.0651123523712158 0 1
8 1 - 31 - 1.0693368911743164 1.0621960163116455 0 1
8 1 - 32 - 0.9205491542816162 0.899437665939331 1 0
8 1 - 33 - 0.923792839050293 0.9458134174346924 0 1
8 1 - 34 - 0.9855520725250244 0.994882345199585 0 1
8 1 - 35 - 0.8640012741088867 0.8781301975250244 0 1
8 1 - 36 - 1.0263307094573975 1.0242674350738525 0 1
8 1 - 37 - 0.967231273651123 0.9440233707427979 1 0
8 1 - 38 - 1.0588388442993164 1.034325122833252 1 0
8 1 - 39 - 1.1049025058746338 1.0976221561431885 0 1
8 1 - 40 - 0.918506383895874 0.9156436920166016 0 1
8 1 - 41 - 0.8484070301055908 0.8590145111083984 0 1
8 1 - 42 - 0.9397633075714111 0.9373993873596191 0 1
8 1 - 43 - 1.1090726852416992 1.0976712703704834 0 1
8 1 - 44 - 0.9901993274688721 0.9907364845275879 0 1
8 1 - 45 - 0.9459755420684814 0.9298839569091797 0 1
8 1 - 46 - 1.1514647006988525 1.140225887298584 0 1
8 1 - 47 - 0.8886730670928955 0.9132940769195557 0 1
8 1 - 48 - 0.9410669803619385 0.9262864589691162 0 1
8 1 - 49 - 0.9300854206085205 0.9265284538269043 0 1
8 1 - 50 - 1.1489567756652832 1.1110312938690186 1 0
8 1 - 51 - 1.0519063472747803 1.0622129440307617 0 1
8 1 - 52 - 1.1313486099243164 1.1371181011199951 0 1
8 1 - 53 - 1.0427701473236084 1.0498435497283936 0 1
8 1 - 54 - 0.9380214214324951 0.9349842071533203 0 1
8 1 - 55 - 0.9344000816345215 0.9458131790161133 0 1
8 1 - 56 - 0.9527106285095215 0.9593400955200195 0 1
8 1 - 57 - 1.0270586013793945 1.0451436042785645 0 1
8 1 - 58 - 1.047480821609497 1.051267385482788 0 1
8 1 - 59 - 1.0943913459777832 1.0873785018920898 1 0
8 1 - 60 - 1.1640214920043945 1.1546850204467773 0 1
8 1 - 61 - 1.0849721431732178 1.0714571475982666 0 1
8 1 - 62 - 0.9743874073028564 0.9861602783203125 0 1
8 1 - 63 - 1.0331840515136719 1.0341875553131104 0 1
8 1 - 64 - 1.0720160007476807 1.0778656005859375 0 1
8 1 - 65 - 1.035822868347168 1.0307753086090088 0 1
8 1 - 66 - 0.9405660629272461 0.9299924373626709 0 1
8 1 - 67 - 1.0967838764190674 1.087169885635376 0 1
8 1 - 68 - 1.0078809261322021 1.0084929466247559 0 1
8 1 - 69 - 1.0617647171020508 1.0380222797393799 1 0
8 1 - 70 - 0.9765956401824951 0.9839239120483398 0 1
8 1 - 71 - 1.01957368850708 1.0296976566314697 0 1
8 1 - 72 - 1.0301403999328613 1.032599925994873 0 1
8 1 - 73 - 1.0719718933105469 1.0751893520355225 0 1
8 1 - 74 - 0.8934409618377686 0.9040708541870117 0 1
8 1 - 75 - 0.9834158420562744 0.9853110313415527 0 1
8 1 - 76 - 1.073667287826538 1.0725698471069336 0 1
8 1 - 77 - 1.0916643142700195 1.0951428413391113 1 0
8 1 - 78 - 0.9410760402679443 0.9458668231964111 0 1
8 1 - 79 - 0.8262007236480713 0.8139159679412842 0 1
8 1 - 80 - 1.1476221084594727 1.162013053894043 0 1
8 1 - 81 - 1.001025915145874 0.9725344181060791 0 1
8 1 - 82 - 0.9151463508605957 0.909137487411499 0 1
8 1 - 83 - 0.9460098743438721 0.9426496028900146 0 1
8 1 - 84 - 0.9315187931060791 0.9414505958557129 0 1
8 1 - 85 - 1.0413362979888916 1.0416383743286133 0 1
8 1 - 86 - 0.9934628009796143 0.9577221870422363 0 1
8 1 - 87 - 0.9291045665740967 0.9416563510894775 0 1
8 1 - 88 - 0.9767770767211914 0.9808404445648193 0 1
8 1 - 89 - 1.0015287399291992 1.0102224349975586 0 1
8 1 - 90 - 1.0506439208984375 1.0457587242126465 0 1
8 1 - 91 - 0.9481680393218994 0.9402992725372314 0 1
8 1 - 92 - 1.021780252456665 1.0434856414794922 0 1
8 1 - 93 - 0.8680570125579834 0.8615005016326904 0 1
8 1 - 94 - 1.0618762969970703 1.0618040561676025 0 1
8 1 - 95 - 1.0679206848144531 1.061854600906372 0 1
8 1 - 96 - 0.8880834579467773 0.9035964012145996 0 1
8 1 - 97 - 0.9853343963623047 0.9748420715332031 0 1
8 1 - 98 - 1.0575158596038818 1.0565013885498047 0 1
8 1 - 99 - 0.9696035385131836 0.9680852890014648 0 1
8 2 - 0 - 3.3460733890533447 3.385462760925293 0 1
8 2 - 1 - 3.457123279571533 3.570845365524292 0 0
8 2 - 2 - 3.5885515213012695 3.4045050144195557 0 1
8 2 - 3 - 3.573293924331665 3.5339601039886475 0 0
8 2 - 4 - 3.2660107612609863 3.1884050369262695 0 1
8 2 - 5 - 3.214543104171753 3.2410175800323486 0 0
8 2 - 6 - 3.607731580734253 3.6546170711517334 0 0
8 2 - 7 - 3.307119131088257 3.434783697128296 0 0
8 2 - 8 - 3.360637903213501 3.1337990760803223 0 1
8 2 - 9 - 3.3786427974700928 3.222109317779541 0 1
8 2 - 10 - 3.556560754776001 3.3179192543029785 0 1
8 2 - 11 - 3.5147359371185303 3.505713939666748 0 0
8 2 - 12 - 3.6528232097625732 3.643559455871582 0 1
8 2 - 13 - 3.8223321437835693 3.5254807472229004 0 1
8 2 - 14 - 3.6308705806732178 3.6456358432769775 0 0
8 2 - 15 - 3.608534574508667 3.6061136722564697 0 1
8 2 - 16 - 3.3787901401519775 3.518423080444336 0 0
8 2 - 17 - 3.5815138816833496 3.759216785430908 0 0
8 2 - 18 - 3.46651029586792 3.24385142326355 0 1
8 2 - 19 - 3.328677177429199 3.4303696155548096 0 1
8 2 - 20 - 3.586540460586548 3.4752984046936035 0 1
8 2 - 21 - 3.384495735168457 3.4486069679260254 0 1
8 2 - 22 - 3.648576498031616 3.3918769359588623 0 1
8 2 - 23 - 3.5809147357940674 3.6622867584228516 0 1
8 2 - 24 - 3.3724191188812256 3.262549638748169 0 1
8 2 - 25 - 3.6699581146240234 3.4627010822296143 0 1
8 2 - 26 - 3.6039273738861084 3.3755571842193604 0 1
8 2 - 27 - 3.6428771018981934 3.668109893798828 0 0
8 2 - 28 - 3.572671890258789 3.750988006591797 0 1
8 2 - 29 - 3.5244855880737305 3.4277119636535645 0 1
8 2 - 30 - 3.6904773712158203 3.4287171363830566 0 1
8 2 - 31 - 3.7519469261169434 3.6276941299438477 0 1
8 2 - 32 - 3.544583320617676 3.381554365158081 1 0
8 2 - 33 - 3.4538795948028564 3.282715320587158 0 1
8 2 - 34 - 3.592576265335083 3.490872383117676 0 1
8 2 - 35 - 3.355330228805542 3.322948694229126 0 1
8 2 - 36 - 3.6401150226593018 3.55381178855896 0 0
8 2 - 37 - 3.3831632137298584 3.458573579788208 0 0
8 2 - 38 - 3.5578689575195312 3.7291338443756104 0 0
8 2 - 39 - 3.7357945442199707 3.611103057861328 0 1
8 2 - 40 - 3.296787738800049 3.1528539657592773 0 1
8 2 - 41 - 3.144960403442383 3.082942247390747 0 1
8 2 - 42 - 3.432199001312256 3.254089832305908 0 1
8 2 - 43 - 3.8398332595825195 3.8651044368743896 0 1
8 2 - 44 - 3.5198781490325928 3.568837881088257 0 1
8 2 - 45 - 3.4266858100891113 3.331071615219116 0 1
8 2 - 46 - 3.923031806945801 3.6864447593688965 0 1
8 2 - 47 - 3.416471004486084 3.4279873371124268 0 0
8 2 - 48 - 3.4391539096832275 3.3386785984039307 0 1
8 2 - 49 - 3.377274751663208 3.2875404357910156 0 1
