0 60
1 -80
2 -33
3 44
4 56
5 15
6 -94
7 -60
8 -55
9 84
10 -40
11 42
12 -72
13 9
14 -78
15 45
16 -12
17 65
18 -82
19 84
20 26
21 87
22 -14
23 -36
24 80
25 67
26 -21
27 -49
28 67
29 70
30 -98
31 24
32 43
33 50
34 -73
35 -15
36 72
37 12
38 -3
39 91
40 -39
41 -68
42 -88
43 70
44 66
45 55
46 -7
47 61
48 -63
49 -76
50 75
51 -92
52 -66
53 -23
54 -70
55 72
56 -95
57 97
58 21
59 -95
60 59
61 81
62 19
63 87
64 78
65 25
66 -39
67 15
68 14
69 77
70 -43
71 -16
72 57
73 25
74 0
75 -30
76 67
77 -98
78 -10
79 -99
80 -20
81 -67
82 56
83 -45
84 0
85 19
86 43
87 -52
88 15
89 -73
90 -14
91 -26
92 -44
93 -77
94 -87
95 -92
96 -37
97 4
98 10
99 -29
100 -54
101 -41
102 15
103 -57
104 86
105 -19
106 -27
107 63
108 21
109 -92
110 95
111 -48
112 -98
113 45
114 -26
115 -63
116 -48
117 -58
118 83
119 59
120 94
121 -82
122 65
123 -4
124 47
125 21
126 -43
127 -65
128 -14
129 -49
130 -79
131 67
132 0
133 9
134 -3
135 48
136 -75
137 -50
138 77
139 -52
140 -53
141 -5
142 -61
143 -76
144 2
145 -30
146 -51
147 -19
148 -60
149 32
150 27
151 2
152 77
153 100
154 29
155 57
156 87
157 39
158 -84
159 27
160 1
161 -80
162 7
163 -25
164 -53
165 -70
166 93
167 -26
168 58
169 15
170 -22
171 83
172 -97
173 28
174 6
175 -32
176 -72
177 67
178 20
179 -83
180 -43
181 64
182 -92
183 -24
184 -83
185 7
186 -23
187 32
188 -98
189 -19
190 -48
191 56
192 -30
193 64
194 -4
195 91
196 64
197 54
198 -25
199 67
200 90
201 -24
202 -90
203 52
204 8
205 53
206 6
207 77
208 -71
209 -59
210 73
211 60
212 43
213 61
214 30
215 -47
216 90
217 -27
218 -24
219 9
220 -27
221 -46
222 -2
223 17
224 35
225 77
226 33
227 -35
228 74
229 -32
230 71
231 56
232 60
233 81
234 -7
235 -60
236 6
237 -88
238 -81
239 -39
240 -20
241 -98
242 68
243 -30
244 -34
245 -100
246 12
247 -72
248 -75
249 -56
250 34
251 -41
252 40
253 -36
254 94
255 7
256 -68
257 -4
258 -57
259 -4
260 -23
261 94
262 -28
263 -4
264 20
265 -47
266 -70
267 -7
268 72
269 -64
270 12
271 -45
272 -59
273 -66
274 -36
275 -22
276 20
277 -11
278 -85
279 29
280 80
281 -75
282 7
283 53
284 -47
285 9
286 24
287 -21
288 31
289 22
290 -16
291 -49
292 29
293 -100
294 -64
295 -10
296 8
297 58
298 44
299 -3
300 79
301 95
302 69
303 22
304 -52
305 -98
306 71
307 -49
308 50
309 -58
310 -99
311 3
312 17
313 17
314 70
315 -20
316 -58
317 83
318 74
319 -93
320 69
321 -53
322 -59
323 4
324 96
325 -93
326 41
327 -65
328 -46
329 68
330 8
331 54
332 -56
333 29
334 -30
335 27
336 59
337 -18
338 -82
339 11
340 -22
341 58
342 -99
343 -20
344 -89
345 5
346 -99
347 89
348 -49
349 -74
350 36
351 49
352 -43
353 -66
354 -17
355 -18
356 26
357 36
358 -98
359 -35
360 57
361 5
362 -51
363 29
364 0
365 69
366 83
367 9
368 44
369 22
370 -43
371 -27
372 -88
373 33
374 -68
375 37
376 -62
377 -54
378 99
379 -82
380 56
381 -63
382 8
383 80
384 -44
385 68
386 -19
387 -56
388 36
389 37
390 35
391 26
392 -3
393 16
394 -6
395 11
396 -30
397 -90
398 4
399 -84
400 -24
401 -79
402 -87
403 53
404 2
405 -78
406 67
407 62
408 -60
409 -54
410 -54
411 41
412 -36
413 -10
414 31
415 51
416 -26
417 -98
418 45
419 -34
420 57
421 -16
422 81
423 27
424 -96
425 16
426 -70
427 -77
428 -48
429 77
430 -23
431 42
432 46
433 -47
434 47
435 17
436 96
437 -74
438 -20
439 89
440 -18
441 73
442 -30
443 41
444 73
445 32
446 32
447 78
448 84
449 12
450 -15
451 -86
452 -68
453 -64
454 -47
455 -90
456 42
457 20
458 0
459 60
460 -78
461 89
462 31
463 -59
464 -97
465 57
466 -69
467 -8
468 -52
469 -33
470 -18
471 9
472 35
473 13
474 -30
475 -71
476 34
477 -75
478 -81
479 46
480 28
481 78
482 -20
483 -33
484 56
485 18
486 14
487 -3
488 -19
489 47
490 89
491 28
492 -47
493 -23
494 45
495 -97
496 39
497 52
498 -57
499 -54
500 -56
501 -39
502 72
503 99
504 98
505 70
506 19
507 65
508 -56
509 -48
510 71
511 58
512 -57
513 52
514 31
515 7
516 -94
517 -2
518 -51
519 -19
520 -60
521 98
522 -73
523 19
524 -19
525 100
526 -88
527 58
528 -7
529 62
530 -62
531 87
532 12
533 -17
534 84
535 -68
536 -100
537 31
538 -15
539 -3
540 88
541 -97
542 -78
543 73
544 -14
545 44
546 -44
547 70
548 -100
549 -60
550 33
551 -45
552 71
553 -61
554 -22
555 -45
556 -58
557 -69
558 -20
559 -37
560 -78
561 -97
562 63
563 -58
564 50
565 72
566 -59
567 -69
568 -74
569 -26
570 51
571 29
572 -73
573 36
574 40
575 -47
576 100
577 -59
578 69
579 -28
580 -2
581 44
582 84
583 27
584 -66
585 6
586 -3
587 52
588 -17
589 -68
590 22
591 -54
592 62
593 90
594 61
595 71
596 -39
597 70
598 -6
599 -16
600 -34
601 -43
602 -18
603 55
604 75
605 -1
606 23
607 -48
608 -77
609 4
610 -77
611 54
612 -94
613 88
614 71
615 83
616 90
617 77
618 34
619 12
620 3
621 -15
622 -8
623 -85
624 93
625 63
626 71
627 -37
628 86
629 12
630 4
631 50
632 70
633 85
634 13
635 56
636 -14
637 45
638 -71
639 -65
640 37
641 40
642 21
643 -74
644 -9
645 49
646 -20
647 -18
648 74
649 82
650 64
651 -79
652 -63
653 85
654 -23
655 -39
656 100
657 -21
658 34
659 5
660 9
661 87
662 -67
663 -64
664 -73
665 -47
666 -57
667 -55
668 -53
669 10
670 8
671 -94
672 -23
673 59
674 -74
675 33
676 9
677 -62
678 -32
679 -41
680 -31
681 -88
682 83
683 2
684 -35
685 -23
686 -94
687 94
688 43
689 -2
690 -4
691 81
692 31
693 19
694 82
695 -67
696 76
697 58
698 -66
699 -42
700 -4
701 52
702 -47
703 -45
704 -94
705 -80
706 95
707 95
708 -93
709 -13
710 8
711 -66
712 -26
713 -11
714 -33
715 -78
716 -44
717 8
718 -90
719 31
720 94
721 59
722 27
723 -58
724 -86
725 -77
726 -61
727 -2
728 -54
729 4
730 -72
731 -9
732 90
733 -18
734 -13
735 -53
736 -99
737 14
738 -60
739 -51
740 -2
741 -78
742 -30
743 31
744 31
745 65
746 -20
747 61
748 -66
749 -8
750 32
751 62
752 -71
753 -79
754 -77
755 63
756 97
757 -51
758 -9
759 -24
760 -2
761 -27
762 11
763 75
764 51
765 -74
766 48
767 -39
768 -79
769 98
770 -24
771 -9
772 12
773 -78
774 -100
775 -4
776 -11
777 0
778 -99
779 -53
780 67
781 -48
782 -84
783 -67
784 90
785 66
786 67
787 85
788 81
789 10
790 35
791 70
792 -33
793 54
794 89
795 -57
796 91
797 35
798 -58
799 -62
800 -57
801 -97
802 49
803 74
804 91
805 55
806 -13
807 -58
808 18
809 33
810 -38
811 -75
812 -72
813 26
814 18
815 -31
816 -43
817 84
818 -90
819 -76
820 -39
821 68
822 45
823 -71
824 35
825 61
826 78
827 -93
828 36
829 -8
830 -10
831 -7
832 36
833 -7
834 -51
835 -17
836 75
837 3
838 28
839 -8
840 43
841 74
842 85
843 -41
844 -66
845 -47
846 28
847 -91
848 5
849 -65
850 67
851 15
852 -97
853 -43
854 -63
855 38
856 48
857 7
858 18
859 74
860 -54
861 81
862 -31
863 -87
864 98
865 -6
866 -46
867 -81
868 -43
869 47
870 -29
871 17
872 97
873 16
874 14
875 -13
876 34
877 -2
878 -98
879 34
880 -57
881 8
882 2
883 -74
884 -53
885 -32
886 92
887 91
888 -36
889 16
890 -66
891 53
892 -22
893 -27
894 -82
895 76
896 -76
897 -80
898 -62
899 1
900 11
901 -82
902 -43
903 82
904 39
905 -62
906 -54
907 -3
908 46
909 36
910 74
911 77
912 13
913 3
914 -8
915 -10
916 -6
917 -58
918 -44
919 -9
920 41
921 -74
922 -14
923 17
924 -82
925 -91
926 -25
927 28
928 82
929 -38
930 -95
931 -49
932 84
933 -14
934 2
935 -55
936 -19
937 -45
938 26
939 18
940 -73
941 41
942 0
943 -47
944 -89
945 88
946 99
947 -92
948 23
949 -84
950 22
951 15
952 27
953 -98
954 -26
955 -92
956 14
957 71
958 2
959 -73
960 -58
961 -20
962 -65
963 9
964 -27
965 7
966 46
967 -97
968 -31
969 -70
970 74
971 79
972 58
973 -24
974 34
975 18
976 -11
977 38
978 74
979 -26
980 48
981 47
982 -16
983 89
984 66
985 92
986 1
987 -54
988 -66
989 -5
990 14
991 -76
992 -49
993 -34
994 86
995 -71
996 -27
997 15
998 -57
999 -94
1000 8
1001 -91
1002 51
1003 -34
1004 97
1005 87
1006 65
1007 96
1008 51
1009 56
1010 -42
1011 68
1012 92
1013 23
1014 38
1015 -15
1016 -43
1017 5
1018 -42
1019 -14
1020 16
1021 -73
1022 70
1023 74
