0 -69
1 -14
2 -36
3 30
4 -64
5 -25
6 40
7 31
8 91
9 35
10 9
11 -28
12 15
13 -89
14 -15
15 -50
16 47
17 67
18 -78
19 -46
20 -33
21 92
22 -66
23 77
24 67
25 75
26 19
27 95
28 -10
29 26
30 -32
31 -44
32 -58
33 -42
34 -31
35 13
36 -81
37 4
38 16
39 -96
40 -81
41 -88
42 90
43 -83
44 -61
45 56
46 25
47 -40
48 -77
49 59
50 97
51 -18
52 -63
53 -25
54 11
55 -19
56 -89
57 36
58 -95
59 -89
60 -84
61 -12
62 -91
63 12
64 -82
65 1
66 -25
67 -88
68 -64
69 -12
70 -5
71 71
72 -61
73 55
74 -40
75 20
76 75
77 81
78 -88
79 -80
80 -96
81 47
82 74
83 89
84 -71
85 -66
86 -48
87 10
88 1
89 -98
90 77
91 -6
92 -29
93 100
94 -84
95 -19
96 -70
97 -59
98 -72
99 78
100 26
101 41
102 44
103 -86
104 7
105 83
106 35
107 86
108 -70
109 -67
110 5
111 41
112 -48
113 88
114 -84
115 -57
116 -98
117 90
118 -2
119 79
120 -93
121 83
122 31
123 -21
124 98
125 93
126 62
127 7
128 -87
129 70
130 -90
131 70
132 58
133 -62
134 -34
135 75
136 -21
137 -46
138 -32
139 25
140 41
141 15
142 -60
143 -66
144 -47
145 62
146 32
147 -77
148 -35
149 -7
150 60
151 -1
152 66
153 -17
154 -74
155 -58
156 71
157 -92
158 96
159 -5
160 62
161 -62
162 70
163 3
164 -99
165 -40
166 -11
167 95
168 32
169 77
170 -43
171 87
172 87
173 91
174 19
175 75
176 -38
177 12
178 45
179 34
180 -58
181 -71
182 65
183 52
184 47
185 -21
186 8
187 -53
188 9
189 47
190 43
191 100
192 -57
193 43
194 72
195 -5
196 -27
197 -70
198 -36
199 74
200 95
201 29
202 -66
203 32
204 -91
205 20
206 1
207 62
208 -85
209 39
210 44
211 -28
212 -27
213 66
214 0
215 -85
216 -55
217 -25
218 -17
219 -61
220 -11
221 14
222 71
223 84
224 -11
225 97
226 8
227 50
228 79
229 67
230 93
231 59
232 -78
233 72
234 -75
235 -97
236 -28
237 35
238 51
239 63
240 -56
241 5
242 -17
243 47
244 -29
245 -14
246 3
247 62
248 97
249 64
250 -9
251 68
252 56
253 -31
254 -85
255 57
256 70
257 -48
258 26
259 2
260 100
261 58
262 100
263 -56
264 14
265 73
266 18
267 98
268 77
269 34
270 54
271 39
272 -4
273 50
274 -61
275 50
276 75
277 99
278 -22
279 -12
280 -39
281 -12
282 20
283 55
284 -64
285 -74
286 -23
287 79
288 2
289 -93
290 -95
291 -95
292 42
293 -89
294 40
295 -82
296 55
297 -61
298 -97
299 -31
300 -15
301 68
302 60
303 -87
304 45
305 47
306 59
307 -36
308 -44
309 -48
310 72
311 -57
312 59
313 -97
314 -25
315 77
316 10
317 3
318 59
319 -4
320 -37
321 26
322 85
323 -78
324 -96
325 46
326 90
327 13
328 -61
329 81
330 -5
331 -83
332 3
333 69
334 74
335 -83
336 -1
337 24
338 40
339 20
340 -45
341 -12
342 61
343 40
344 -56
345 36
346 93
347 -2
348 -45
349 50
350 -90
351 -42
352 57
353 0
354 33
355 -62
356 98
357 -18
358 -63
359 -42
360 -31
361 -32
362 -67
363 -41
364 -21
365 -7
366 72
367 10
368 -32
369 63
370 -60
371 78
372 83
373 39
374 -63
375 -20
376 74
377 85
378 -92
379 -25
380 -22
381 -10
382 80
383 69
384 -5
385 12
386 -97
387 -62
388 30
389 71
390 -98
391 51
392 87
393 -58
394 -91
395 63
396 -67
397 62
398 -58
399 27
400 -39
401 -3
402 61
403 -80
404 -73
405 19
406 0
407 -51
408 12
409 -66
410 -64
411 77
412 81
413 -49
414 34
415 51
416 -31
417 -71
418 58
419 -3
420 -44
421 58
422 33
423 -23
424 9
425 69
426 7
427 -50
428 -52
429 -5
430 -62
431 3
432 -2
433 56
434 -64
435 98
436 92
437 80
438 95
439 20
440 -99
441 -31
442 38
443 -87
444 16
445 -77
446 -38
447 -50
448 44
449 41
450 80
451 -92
452 -94
453 -55
454 -43
455 -55
456 12
457 -70
458 -69
459 98
460 -87
461 -92
462 -72
463 88
464 58
465 -62
466 -2
467 -42
468 -74
469 -58
470 61
471 86
472 -80
473 92
474 60
475 -37
476 39
477 60
478 -7
479 20
480 -54
481 35
482 57
483 86
484 39
485 56
486 91
487 17
488 -54
489 35
490 -26
491 3
492 11
493 -77
494 61
495 -60
496 -7
497 78
498 -6
499 -16
500 -6
501 12
502 -15
503 66
504 95
505 -35
506 71
507 28
508 41
509 -78
510 6
511 -47
512 -55
513 94
514 22
515 63
516 1
517 -52
518 -59
519 -75
520 -31
521 -33
522 12
523 -56
524 -6
525 -79
526 -6
527 -82
528 66
529 2
530 88
531 36
532 71
533 47
534 -53
535 -27
536 2
537 73
538 30
539 -82
540 35
541 -60
542 34
543 -61
544 -85
545 -61
546 -17
547 16
548 -32
549 67
550 63
551 -25
552 25
553 48
554 52
555 -93
556 34
557 -64
558 15
559 46
560 6
561 -34
562 -2
563 50
564 5
565 -30
566 -57
567 54
568 50
569 -87
570 -90
571 76
572 -64
573 28
574 82
575 -16
576 -7
577 -39
578 16
579 4
580 84
581 -98
582 -90
583 8
584 -3
585 -47
586 53
587 4
588 -20
589 33
590 -16
591 80
592 -43
593 -44
594 71
595 73
596 35
597 41
598 80
599 -9
600 -85
601 96
602 46
603 -39
604 31
605 50
606 -32
607 74
608 65
609 -31
610 40
611 82
612 61
613 87
614 -56
615 81
616 3
617 -43
618 80
619 14
620 22
621 56
622 -98
623 75
624 -65
625 -15
626 -99
627 95
628 -47
629 -59
630 89
631 -8
632 71
633 50
634 7
635 -51
636 30
637 29
638 49
639 44
640 -74
641 -26
642 -9
643 -90
644 -39
645 -51
646 79
647 -49
648 22
649 -63
650 -75
651 70
652 -9
653 -68
654 95
655 -47
656 69
657 64
658 -93
659 -28
660 67
661 50
662 -27
663 -46
664 26
665 81
666 -88
667 -36
668 88
669 19
670 -74
671 35
672 34
673 84
674 -32
675 -75
676 69
677 -91
678 -76
679 28
680 -71
681 0
682 -23
683 -100
684 -41
685 -18
686 14
687 52
688 35
689 -17
690 38
691 -41
692 -56
693 -47
694 -51
695 55
696 -17
697 -80
698 -74
699 -59
700 68
701 -49
702 76
703 6
704 -2
705 -44
706 -43
707 -90
708 21
709 60
710 52
711 81
712 -43
713 -23
714 -39
715 -6
716 -32
717 72
718 -88
719 72
720 62
721 -60
722 11
723 -83
724 -39
725 51
726 -99
727 64
728 63
729 -6
730 -80
731 -45
732 -4
733 1
734 83
735 -74
736 -12
737 52
738 -35
739 82
740 -42
741 -31
742 -18
743 -7
744 10
745 -15
746 50
747 22
748 89
749 97
750 -72
751 -44
752 6
753 52
754 79
755 35
756 -57
757 39
758 -100
759 -41
760 89
761 -80
762 -37
763 84
764 -71
765 -3
766 -79
767 -44
768 10
769 74
770 -99
771 51
772 -95
773 -33
774 -65
775 31
776 59
777 -19
778 46
779 83
780 -5
781 22
782 69
783 88
784 -90
785 16
786 19
787 -8
788 -2
789 -40
790 -7
791 -87
792 -47
793 47
794 -45
795 -60
796 -73
797 2
798 93
799 -53
800 85
801 73
802 47
803 -80
804 -56
805 -60
806 31
807 97
808 56
809 42
810 -80
811 -7
812 -54
813 -32
814 -84
815 -58
816 -22
817 -39
818 -64
819 27
820 -97
821 -3
822 -24
823 -75
824 59
825 7
826 4
827 19
828 -30
829 -42
830 18
831 30
832 60
833 -91
834 47
835 39
836 42
837 49
838 -89
839 -58
840 88
841 59
842 -69
843 -40
844 14
845 61
846 -5
847 28
848 45
849 38
850 -34
851 -91
852 67
853 -93
854 -30
855 -12
856 8
857 -14
858 -73
859 -94
860 -66
861 -46
862 70
863 -25
864 -73
865 -43
866 -55
867 -31
868 -3
869 -87
870 53
871 -43
872 -23
873 -52
874 -100
875 -39
876 -94
877 22
878 65
879 83
880 -2
881 98
882 -86
883 -68
884 -95
885 -22
886 11
887 50
888 -12
889 -64
890 38
891 23
892 -53
893 -28
894 27
895 13
896 -59
897 -89
898 50
899 5
900 -68
901 51
902 -45
903 -97
904 44
905 -39
906 19
907 37
908 27
909 -53
910 65
911 -65
912 -51
913 8
914 -62
915 -63
916 1
917 -86
918 86
919 -50
920 42
921 -1
922 43
923 -51
924 23
925 87
926 -44
927 77
928 -26
929 -39
930 -11
931 -70
932 -100
933 -40
934 -16
935 48
936 -2
937 40
938 -58
939 57
940 -46
941 77
942 62
943 -7
944 43
945 94
946 -100
947 -91
948 -87
949 -29
950 45
951 -16
952 -96
953 14
954 75
955 -66
956 88
957 -78
958 27
959 -22
960 17
961 4
962 -16
963 -20
964 -70
965 50
966 90
967 -49
968 68
969 53
970 35
971 49
972 -33
973 -92
974 -60
975 73
976 -49
977 -6
978 -4
979 47
980 64
981 -75
982 -18
983 41
984 50
985 -98
986 8
987 15
988 20
989 -45
990 -57
991 37
992 -27
993 88
994 -10
995 88
996 -82
997 81
998 2
999 -80
1000 23
1001 62
1002 -67
1003 33
1004 9
1005 -6
1006 58
1007 94
1008 -45
1009 -66
1010 82
1011 41
1012 -81
1013 66
1014 -63
1015 -53
1016 88
1017 69
1018 -92
1019 38
1020 -47
1021 -16
1022 30
1023 -89
