0 -94
1 -38
2 55
3 7
4 52
5 82
6 -94
7 -15
8 71
9 -87
10 87
11 -33
12 -60
13 87
14 -7
15 -40
16 67
17 -8
18 47
19 20
20 -75
21 -2
22 97
23 93
24 -79
25 -38
26 -29
27 -28
28 -87
29 -19
30 -52
31 -10
32 65
33 53
34 -42
35 12
36 45
37 -42
38 -71
39 90
40 34
41 86
42 62
43 -18
44 87
45 39
46 8
47 1
48 8
49 -6
50 65
51 65
52 94
53 10
54 12
55 0
56 98
57 36
58 -30
59 -61
60 1
61 45
62 -81
63 49
64 4
65 49
66 48
67 75
68 -1
69 -56
70 6
71 -49
72 49
73 24
74 -97
75 38
76 34
77 85
78 1
79 34
80 12
81 -68
82 93
83 16
84 -62
85 -97
86 100
87 83
88 65
89 45
90 -78
91 -37
92 -34
93 91
94 -48
95 61
96 97
97 -89
98 40
99 -39
100 -33
101 82
102 36
103 73
104 -61
105 74
106 -74
107 -63
108 -25
109 76
110 -31
111 50
112 -61
113 -63
114 51
115 -69
116 68
117 -16
118 -90
119 -26
120 75
121 65
122 -41
123 58
124 23
125 -41
126 40
127 79
128 -6
129 -32
130 29
131 67
132 97
133 47
134 34
135 -78
136 34
137 -41
138 -30
139 -79
140 -16
141 -91
142 -58
143 -80
144 48
145 -83
146 -12
147 5
148 -25
149 35
150 52
151 -13
152 3
153 -11
154 3
155 67
156 54
157 45
158 -88
159 -15
160 -9
161 35
162 19
163 20
164 -70
165 -36
166 -27
167 -62
168 73
169 -55
170 30
171 -56
172 81
173 -32
174 -98
175 51
176 62
177 25
178 64
179 -75
180 -9
181 -72
182 -10
183 13
184 -77
185 60
186 -31
187 -89
188 -22
189 -47
190 79
191 48
192 65
193 31
194 -38
195 11
196 -40
197 79
198 59
199 5
200 -54
201 -100
202 0
203 65
204 -27
205 41
206 84
207 12
208 -49
209 -62
210 66
211 -23
212 -65
213 43
214 -66
215 -49
216 19
217 5
218 -3
219 99
220 38
221 -65
222 70
223 40
224 -53
225 79
226 -87
227 35
228 -67
229 7
230 -30
231 -58
232 69
233 -92
234 79
235 90
236 15
237 29
238 47
239 -17
240 -36
241 -6
242 -32
243 -88
244 36
245 96
246 64
247 -69
248 1
249 -19
250 -16
251 61
252 -69
253 70
254 8
255 77
256 -33
257 63
258 24
259 -15
260 36
261 64
262 62
263 65
264 44
265 -62
266 53
267 -44
268 -92
269 -48
270 77
271 48
272 44
273 -68
274 48
275 42
276 64
277 84
278 -33
279 46
280 -80
281 -90
282 78
283 25
284 -19
285 64
286 31
287 -21
288 -50
289 16
290 -9
291 15
292 -33
293 52
294 84
295 -44
296 -25
297 34
298 57
299 86
300 42
301 72
302 -90
303 -44
304 2
305 -99
306 -18
307 -57
308 64
309 -21
310 85
311 58
312 -65
313 13
314 76
315 90
316 1
317 -32
318 -81
319 66
320 -92
321 9
322 36
323 -1
324 -58
325 38
326 38
327 94
328 47
329 50
330 91
331 5
332 -41
333 -49
334 -5
335 81
336 57
337 29
338 97
339 1
340 -8
341 -56
342 29
343 96
344 -23
345 53
346 85
347 17
348 100
349 19
350 -27
351 2
352 14
353 -9
354 -13
355 32
356 8
357 -94
358 22
359 96
360 -38
361 -24
362 -54
363 41
364 -100
365 -80
366 56
367 -28
368 -91
369 32
370 -99
371 4
372 -11
373 -52
374 -93
375 47
376 -29
377 1
378 -31
379 -88
380 -56
381 39
382 2
383 71
384 1
385 54
386 20
387 -87
388 -79
389 -48
390 -81
391 44
392 85
393 50
394 28
395 59
396 -3
397 96
398 56
399 46
400 42
401 39
402 -96
403 -6
404 -17
405 -29
406 56
407 -15
408 7
409 -8
410 42
411 2
412 -53
413 -16
414 33
415 -96
416 34
417 72
418 -71
419 90
420 -40
421 -8
422 79
423 -29
424 60
425 -90
426 -62
427 -19
428 -62
429 -29
430 -17
431 -29
432 41
433 89
434 -43
435 -82
436 77
437 75
438 -23
439 15
440 -3
441 -1
442 -57
443 -72
444 -43
445 68
446 41
447 -78
448 -33
449 42
450 -95
451 -54
452 -51
453 97
454 87
455 -32
456 -50
457 -52
458 -67
459 65
460 -24
461 -76
462 73
463 45
464 -99
465 18
466 -94
467 11
468 47
469 44
470 73
471 -45
472 -42
473 95
474 -83
475 -13
476 -56
477 94
478 52
479 25
480 91
481 -73
482 -55
483 49
484 -79
485 86
486 74
487 74
488 42
489 -8
490 66
491 98
492 29
493 12
494 -85
495 60
496 -92
497 -85
498 4
499 -16
500 -36
501 80
502 -44
503 95
504 -80
505 -27
506 -83
507 -20
508 6
509 -64
510 -8
511 3
512 79
513 87
514 27
515 -26
516 -26
517 -31
518 -6
519 84
520 -83
521 -9
522 4
523 -68
524 -52
525 -48
526 -18
527 -19
528 4
529 33
530 39
531 59
532 66
533 -56
534 -86
535 -89
536 10
537 82
538 67
539 -44
540 -84
541 33
542 -53
543 68
544 39
545 -10
546 65
547 -33
548 -40
549 32
550 -97
551 -51
552 -60
553 32
554 -57
555 -77
556 48
557 -76
558 -35
559 96
560 -54
561 57
562 -25
563 81
564 19
565 97
566 -38
567 -49
568 5
569 64
570 -2
571 -78
572 98
573 -92
574 -50
575 95
576 -100
577 67
578 -85
579 -81
580 58
581 62
582 77
583 -13
584 -56
585 87
586 19
587 75
588 -10
589 -58
590 -52
591 46
592 -44
593 -53
594 -70
595 21
596 -14
597 -23
598 79
599 54
600 23
601 13
602 12
603 21
604 93
605 15
606 -79
607 19
608 58
609 12
610 -44
611 -6
612 -89
613 69
614 -5
615 77
616 92
617 -97
618 -18
619 -16
620 36
621 64
622 -33
623 -47
624 48
625 17
626 -74
627 22
628 -39
629 74
630 8
631 36
632 39
633 40
634 -70
635 74
636 -91
637 6
638 16
639 54
640 -68
641 26
642 -71
643 -8
644 -21
645 56
646 -44
647 -36
648 98
649 44
650 83
651 99
652 26
653 -10
654 -73
655 -39
656 50
657 45
658 17
659 -66
660 -16
661 -92
662 18
663 46
664 60
665 45
666 43
667 60
668 -21
669 -40
670 -87
671 56
672 49
673 -23
674 49
675 -65
676 -10
677 -91
678 -72
679 29
680 33
681 21
682 69
683 12
684 88
685 92
686 -28
687 29
688 -16
689 1
690 -19
691 -19
692 95
693 52
694 80
695 38
696 48
697 48
698 13
699 -33
700 -75
701 -80
702 -18
703 -68
704 -94
705 -8
706 42
707 3
708 -76
709 -63
710 7
711 -27
712 32
713 96
714 21
715 -73
716 -15
717 16
718 6
719 -57
720 47
721 10
722 -100
723 2
724 -48
725 -18
726 -43
727 75
728 61
729 43
730 -83
731 -94
732 -89
733 37
734 82
735 35
736 50
737 76
738 62
739 92
740 -12
741 -54
742 -96
743 -64
744 81
745 -74
746 -18
747 -72
748 24
749 -40
750 -70
751 -94
752 66
753 88
754 -72
755 97
756 46
757 48
758 -81
759 41
760 32
761 -59
762 11
763 3
764 -49
765 42
766 26
767 0
768 -84
769 -20
770 -80
771 -88
772 -52
773 46
774 -99
775 22
776 -8
777 -50
778 -97
779 43
780 -21
781 47
782 80
783 -40
784 -71
785 -8
786 76
787 46
788 -40
789 99
790 -48
791 28
792 -52
793 -85
794 -86
795 83
796 2
797 79
798 -31
799 -22
800 82
801 -45
802 27
803 -98
804 -26
805 34
806 58
807 -15
808 5
809 59
810 13
811 -90
812 2
813 -66
814 -67
815 31
816 -95
817 -75
818 91
819 -34
820 -17
821 -48
822 -97
823 -36
824 -55
825 -47
826 79
827 68
828 6
829 24
830 -52
831 -2
832 -97
833 26
834 -10
835 -14
836 -70
837 20
838 52
839 -98
840 -16
841 -56
842 78
843 -38
844 -90
845 20
846 -89
847 34
848 -21
849 48
850 28
851 -63
852 97
853 -26
854 -81
855 60
856 90
857 -28
858 -97
859 -60
860 34
861 33
862 59
863 -45
864 46
865 86
866 29
867 55
868 96
869 60
870 38
871 68
872 -67
873 -75
874 42
875 11
876 40
877 -79
878 61
879 -26
880 -64
881 31
882 -83
883 4
884 77
885 -85
886 -70
887 27
888 8
889 48
890 -78
891 20
892 19
893 25
894 79
895 -81
896 72
897 -44
898 -77
899 -23
900 11
901 -20
902 28
903 81
904 -28
905 -97
906 -23
907 75
908 -100
909 64
910 66
911 10
912 -45
913 35
914 13
915 47
916 87
917 30
918 56
919 51
920 -81
921 48
922 11
923 2
924 8
925 -61
926 56
927 -33
928 -98
929 64
930 -49
931 -27
932 -4
933 -6
934 -26
935 -14
936 -92
937 -95
938 -44
939 86
940 -35
941 19
942 50
943 -48
944 12
945 45
946 81
947 29
948 -75
949 54
950 25
951 -52
952 33
953 -6
954 71
955 91
956 -78
957 -31
958 -3
959 -75
960 62
961 -94
962 -25
963 92
964 -86
965 16
966 73
967 78
968 98
969 -84
970 64
971 84
972 78
973 3
974 -99
975 -40
976 52
977 -91
978 -21
979 94
980 99
981 -100
982 52
983 3
984 73
985 -86
986 62
987 75
988 -29
989 -89
990 -11
991 -58
992 67
993 -42
994 87
995 37
996 28
997 -49
998 -48
999 -35
1000 74
1001 87
1002 90
1003 -91
1004 93
1005 -87
1006 -100
1007 -21
1008 0
1009 -54
1010 -55
1011 30
1012 36
1013 21
1014 -55
1015 -26
1016 -55
1017 70
1018 67
1019 56
1020 -10
1021 -83
1022 78
1023 42
