0 98
1 -21
2 90
3 15
4 -79
5 -31
6 87
7 -97
8 -72
9 -83
10 87
11 -96
12 49
13 -17
14 -24
15 -57
16 -9
17 -93
18 -4
19 33
20 -1
21 66
22 64
23 84
24 -66
25 -65
26 -73
27 -1
28 20
29 -9
30 58
31 56
32 56
33 -56
34 72
35 40
36 100
37 79
38 25
39 30
40 -95
41 -93
42 -38
43 24
44 71
45 -79
46 -91
47 4
48 -61
49 95
50 92
51 94
52 22
53 -76
54 80
55 -72
56 -92
57 -79
58 -59
59 88
60 34
61 -8
62 -2
63 84
64 -23
65 -6
66 72
67 39
68 -57
69 75
70 -5
71 -35
72 48
73 -38
74 -4
75 40
76 -56
77 -40
78 47
79 -54
80 -43
81 85
82 -42
83 -82
84 -73
85 -78
86 -43
87 67
88 -18
89 30
90 71
91 51
92 -13
93 7
94 -28
95 -98
96 -66
97 14
98 -73
99 59
100 -8
101 -67
102 83
103 -62
104 -75
105 69
106 -61
107 -39
108 33
109 -32
110 -83
111 -50
112 83
113 27
114 48
115 59
116 1
117 -83
118 -98
119 52
120 -51
121 85
122 -78
123 55
124 -67
125 -69
126 -1
127 69
128 -99
129 52
130 51
131 74
132 25
133 -43
134 6
135 -44
136 -62
137 -53
138 24
139 54
140 -11
141 0
142 24
143 42
144 -78
145 83
146 -49
147 -84
148 -74
149 98
150 -40
151 75
152 50
153 75
154 -96
155 60
156 -83
157 -49
158 -7
159 -100
160 -70
161 93
162 70
163 4
164 11
165 -55
166 -11
167 -62
168 24
169 -34
170 78
171 0
172 -30
173 48
174 33
175 -13
176 -88
177 81
178 -19
179 95
180 -78
181 -83
182 -79
183 -57
184 41
185 -77
186 -6
187 46
188 -67
189 -94
190 -99
191 80
192 -19
193 55
194 90
195 -75
196 -33
197 -64
198 -70
199 64
200 -72
201 90
202 78
203 -90
204 38
205 -49
206 13
207 85
208 55
209 -38
210 15
211 -10
212 -20
213 86
214 2
215 -58
216 -76
217 45
218 47
219 37
220 55
221 -29
222 54
223 -7
224 -41
225 68
226 63
227 -55
228 -84
229 87
230 -19
231 -24
232 90
233 -60
234 8
235 -57
236 -6
237 83
238 82
239 1
240 -6
241 -51
242 63
243 -44
244 -38
245 36
246 -51
247 -91
248 -23
249 17
250 -88
251 -37
252 72
253 -94
254 -95
255 -65
256 7
257 -56
258 -76
259 -33
260 -27
261 -14
262 30
263 65
264 65
265 5
266 -29
267 6
268 -44
269 -3
270 -53
271 -95
272 -57
273 -36
274 -35
275 -79
276 45
277 -50
278 2
279 -10
280 -47
281 -31
282 0
283 68
284 -77
285 -90
286 -54
287 4
288 58
289 -87
290 -9
291 34
292 -82
293 32
294 31
295 -11
296 6
297 -60
298 71
299 -14
300 6
301 79
302 51
303 -9
304 -35
305 56
306 9
307 -61
308 71
309 -11
310 -88
311 2
312 -70
313 -47
314 90
315 -13
316 -11
317 -30
318 51
319 -4
320 -66
321 -47
322 70
323 -73
324 64
325 -62
326 -98
327 -65
328 -32
329 67
330 -74
331 92
332 -83
333 -23
334 -46
335 33
336 -79
337 94
338 -96
339 82
340 18
341 88
342 79
343 17
344 -28
345 -7
346 20
347 -1
348 93
349 -12
350 -52
351 -18
352 -71
353 39
354 76
355 52
356 -16
357 -84
358 -83
359 -46
360 -98
361 51
362 -71
363 8
364 -11
365 -57
366 -52
367 -14
368 -52
369 -53
370 -12
371 53
372 -40
373 -87
374 -53
375 -54
376 -36
377 5
378 67
379 -8
380 65
381 -23
382 36
383 86
384 81
385 -32
386 12
387 -16
388 35
389 86
390 -94
391 54
392 -17
393 50
394 43
395 99
396 -21
397 8
398 8
399 -7
400 18
401 -2
402 -55
403 62
404 69
405 -79
406 -97
407 -33
408 43
409 -93
410 8
411 61
412 -39
413 44
414 -36
415 -3
416 46
417 -32
418 -1
419 80
420 45
421 63
422 16
423 -50
424 -51
425 50
426 -69
427 5
428 -25
429 -65
430 62
431 15
432 41
433 98
434 -75
435 -9
436 80
437 10
438 18
439 -22
440 -17
441 -50
442 -43
443 25
444 59
445 73
446 39
447 -12
448 42
449 -90
450 -89
451 91
452 0
453 89
454 -37
455 79
456 -31
457 78
458 62
459 31
460 -95
461 70
462 99
463 68
464 -56
465 38
466 6
467 -14
468 -97
469 51
470 16
471 -94
472 -77
473 1
474 63
475 24
476 -48
477 -22
478 -20
479 75
480 -50
481 -8
482 -26
483 -33
484 -31
485 37
486 38
487 28
488 -50
489 91
490 41
491 -50
492 74
493 97
494 -64
495 72
496 2
497 22
498 -63
499 -43
500 -68
501 -94
502 26
503 15
504 -13
505 21
506 47
507 -72
508 24
509 63
510 -43
511 -39
512 36
513 85
514 17
515 -30
516 -97
517 95
518 -92
519 -28
520 40
521 -16
522 -68
523 21
524 69
525 42
526 -80
527 27
528 52
529 -35
530 -56
531 -29
532 -3
533 27
534 68
535 79
536 -5
537 3
538 -84
539 -38
540 79
541 -34
542 89
543 6
544 -45
545 30
546 -3
547 33
548 -92
549 76
550 52
551 69
552 -79
553 -7
554 90
555 35
556 -55
557 27
558 71
559 65
560 64
561 37
562 16
563 96
564 -76
565 -3
566 4
567 -63
568 -85
569 -35
570 -18
571 -52
572 77
573 64
574 -9
575 89
576 38
577 -35
578 -18
579 -35
580 30
581 -21
582 7
583 -99
584 71
585 21
586 -23
587 -46
588 -85
589 -82
590 -16
591 -77
592 44
593 -18
594 52
595 77
596 -35
597 48
598 88
599 71
600 13
601 -38
602 -17
603 -98
604 -91
605 -38
606 41
607 98
608 72
609 90
610 56
611 -57
612 80
613 -66
614 -37
615 -85
616 97
617 93
618 52
619 -56
620 83
621 38
622 66
623 31
624 51
625 66
626 -61
627 -16
628 92
629 -6
630 -64
631 24
632 61
633 82
634 19
635 42
636 36
637 40
638 -62
639 -100
640 -75
641 -49
642 -39
643 -74
644 -56
645 -32
646 67
647 94
648 -36
649 90
650 -30
651 11
652 -30
653 -16
654 92
655 38
656 25
657 20
658 -96
659 -99
660 -18
661 24
662 -81
663 -11
664 -75
665 -53
666 6
667 -86
668 -78
669 3
670 4
671 -17
672 -89
673 -5
674 31
675 3
676 3
677 7
678 70
679 3
680 -22
681 -36
682 43
683 30
684 -75
685 57
686 32
687 17
688 -45
689 -67
690 -44
691 80
692 -38
693 -46
694 32
695 46
696 0
697 67
698 -23
699 86
700 -72
701 41
702 48
703 -6
704 61
705 4
706 47
707 70
708 75
709 -39
710 -69
711 -55
712 -86
713 17
714 -55
715 -15
716 -59
717 -13
718 100
719 -95
720 2
721 90
722 -43
723 -60
724 -69
725 -39
726 -96
727 71
728 -49
729 74
730 -51
731 20
732 -11
733 -23
734 -88
735 -59
736 -71
737 0
738 66
739 37
740 53
741 96
742 -10
743 -1
744 -16
745 100
746 -66
747 -80
748 11
749 47
750 -25
751 29
752 -59
753 -52
754 77
755 73
756 -31
757 29
758 65
759 -6
760 29
761 86
762 54
763 -9
764 -54
765 -1
766 -74
767 77
768 -26
769 3
770 -68
771 -80
772 -4
773 60
774 48
775 -36
776 -11
777 -84
778 18
779 -15
780 1
781 9
782 95
783 4
784 1
785 20
786 -82
787 20
788 94
789 -26
790 40
791 -25
792 -93
793 18
794 -28
795 26
796 72
797 -95
798 87
799 15
800 90
801 -96
802 -38
803 84
804 85
805 -17
806 -30
807 62
808 -63
809 17
810 -26
811 28
812 36
813 -57
814 -55
815 -69
816 -68
817 65
818 -16
819 -32
820 75
821 -91
822 -76
823 -12
824 -49
825 54
826 -71
827 7
828 -1
829 98
830 -22
831 17
832 -75
833 -88
834 -23
835 -30
836 -68
837 -56
838 79
839 85
840 -33
841 90
842 -99
843 -64
844 -87
845 41
846 34
847 51
848 -57
849 47
850 -11
851 -28
852 -32
853 -64
854 51
855 -59
856 18
857 21
858 47
859 57
860 97
861 -23
862 -5
863 67
864 -60
865 -9
866 -45
867 56
868 -28
869 -97
870 17
871 37
872 -55
873 33
874 11
875 2
876 -90
877 -31
878 -63
879 -5
880 -14
881 15
882 65
883 -22
884 29
885 48
886 -12
887 -70
888 6
889 85
890 -7
891 8
892 -57
893 80
894 53
895 71
896 -91
897 -77
898 -73
899 -90
900 42
901 -86
902 99
903 -86
904 -10
905 62
906 -40
907 100
908 6
909 73
910 -18
911 53
912 -45
913 12
914 -22
915 -99
916 45
917 -77
918 -19
919 -17
920 54
921 1
922 91
923 -71
924 50
925 47
926 19
927 9
928 81
929 -72
930 -76
931 -93
932 -84
933 49
934 56
935 -20
936 88
937 -99
938 3
939 27
940 88
941 -24
942 -28
943 29
944 68
945 79
946 -81
947 0
948 89
949 66
950 -56
951 -44
952 59
953 69
954 3
955 -88
956 -77
957 61
958 -1
959 -92
960 -2
961 40
962 90
963 -67
964 78
965 5
966 -44
967 -55
968 69
969 -78
970 59
971 64
972 69
973 -31
974 -24
975 -81
976 -53
977 -28
978 -43
979 -82
980 23
981 51
982 48
983 79
984 49
985 -20
986 69
987 39
988 53
989 -56
990 78
991 24
992 76
993 -20
994 48
995 -56
996 93
997 81
998 -28
999 -42
1000 -73
1001 -86
1002 100
1003 27
1004 19
1005 -90
1006 -71
1007 55
1008 -28
1009 8
1010 -92
1011 -35
1012 -27
1013 -47
1014 -36
1015 -78
1016 93
1017 100
1018 -3
1019 20
1020 -10
1021 98
1022 -91
1023 -24
