0 -86
1 81
2 74
3 -58
4 19
5 -97
6 88
7 -76
8 15
9 36
10 -27
11 -98
12 98
13 -51
14 -40
15 -16
16 26
17 29
18 84
19 -54
20 -28
21 -31
22 75
23 -10
24 21
25 93
26 43
27 84
28 -43
29 52
30 -58
31 -12
32 -37
33 -26
34 21
35 -40
36 58
37 -33
38 99
39 92
40 -86
41 -73
42 93
43 10
44 -27
45 -64
46 -16
47 -100
48 91
49 7
50 9
51 100
52 -23
53 -48
54 -8
55 -22
56 47
57 29
58 79
59 -12
60 20
61 -26
62 -19
63 -93
64 12
65 33
66 -38
67 -6
68 18
69 -85
70 -23
71 6
72 54
73 -96
74 -73
75 -43
76 6
77 -26
78 -69
79 -30
80 43
81 58
82 5
83 -71
84 96
85 73
86 72
87 -83
88 -42
89 -41
90 97
91 4
92 86
93 -36
94 -9
95 -67
96 14
97 -10
98 37
99 -39
100 38
101 -9
102 79
103 -72
104 73
105 -34
106 100
107 74
108 -1
109 8
110 49
111 93
112 38
113 88
114 45
115 -16
116 -33
117 -68
118 -74
119 -30
120 80
121 100
122 92
123 39
124 82
125 34
126 -54
127 -13
128 89
129 -16
130 80
131 -51
132 18
133 -10
134 -25
135 40
136 71
137 -59
138 -91
139 -7
140 50
141 -32
142 -65
143 26
144 89
145 3
146 7
147 70
148 -99
149 -80
150 8
151 52
152 61
153 76
154 61
155 -19
156 50
157 58
158 38
159 -88
160 37
161 -28
162 -31
163 -3
164 -24
165 95
166 -61
167 91
168 76
169 73
170 -17
171 -76
172 41
173 5
174 -20
175 91
176 -9
177 68
178 -59
179 36
180 17
181 -65
182 27
183 58
184 -18
185 23
186 -22
187 -52
188 69
189 66
190 -68
191 24
192 34
193 60
194 17
195 -3
196 -26
197 6
198 -64
199 34
200 47
201 0
202 11
203 -47
204 60
205 98
206 96
207 -99
208 -93
209 -73
210 -74
211 -44
212 68
213 33
214 87
215 74
216 29
217 -26
218 53
219 57
220 21
221 -84
222 84
223 52
224 -20
225 83
226 -76
227 -57
228 69
229 -98
230 29
231 -41
232 -18
233 95
234 -85
235 -36
236 -68
237 -95
238 -35
239 -72
240 -23
241 -28
242 -20
243 -53
244 10
245 -71
246 -31
247 -22
248 -4
249 90
250 82
251 5
252 -5
253 -11
254 -99
255 -40
256 -40
257 56
258 -66
259 -27
260 1
261 -47
262 -20
263 1
264 70
265 -1
266 -51
267 26
268 -45
269 61
270 71
271 -66
272 16
273 -81
274 -52
275 24
276 -24
277 19
278 -18
279 65
280 91
281 73
282 -71
283 -54
284 -66
285 63
286 -85
287 -81
288 -46
289 -50
290 24
291 64
292 -25
293 24
294 90
295 81
296 -100
297 90
298 46
299 -65
300 28
301 18
302 -12
303 -67
304 35
305 62
306 36
307 70
308 13
309 51
310 -100
311 -61
312 45
313 93
314 81
315 60
316 19
317 55
318 -37
319 -84
320 27
321 -41
322 98
323 -37
324 65
325 -73
326 60
327 -38
328 -74
329 -11
330 79
331 91
332 1
333 51
334 -73
335 -19
336 -57
337 53
338 98
339 80
340 78
341 10
342 -69
343 60
344 79
345 34
346 -12
347 52
348 28
349 43
350 -76
351 21
352 46
353 87
354 0
355 81
356 -38
357 -43
358 -45
359 -46
360 -14
361 -67
362 -91
363 29
364 76
365 52
366 9
367 -93
368 -63
369 78
370 -30
371 -97
372 -96
373 -38
374 69
375 83
376 -72
377 -40
378 -41
379 -80
380 -51
381 -5
382 34
383 19
384 -61
385 59
386 -37
387 93
388 -74
389 46
390 -12
391 -24
392 69
393 -35
394 -41
395 -84
396 62
397 -55
398 12
399 29
400 -51
401 -13
402 -15
403 43
404 79
405 -53
406 13
407 23
408 65
409 -99
410 -48
411 -50
412 -2
413 -86
414 21
415 28
416 -68
417 24
418 -35
419 -62
420 -6
421 21
422 74
423 57
424 48
425 -85
426 2
427 17
428 -28
429 35
430 14
431 60
432 89
433 66
434 2
435 91
436 -77
437 76
438 -99
439 -22
440 76
441 75
442 32
443 -31
444 44
445 58
446 -65
447 -41
448 39
449 7
450 9
451 -25
452 16
453 19
454 23
455 -5
456 70
457 16
458 56
459 -27
460 48
461 74
462 -39
463 67
464 -88
465 78
466 45
467 -79
468 95
469 8
470 -20
471 72
472 -72
473 0
474 -69
475 -80
476 9
477 -75
478 -13
479 87
480 30
481 -72
482 0
483 19
484 66
485 16
486 19
487 -60
488 11
489 -67
490 89
491 37
492 26
493 -100
494 13
495 -39
496 -3
497 -57
498 78
499 -11
500 9
501 29
502 6
503 -50
504 25
505 -51
506 -39
507 -5
508 -6
509 -20
510 32
511 72
512 -44
513 -40
514 26
515 99
516 62
517 10
518 93
519 35
520 93
521 -9
522 -69
523 98
524 -40
525 -65
526 -65
527 63
528 75
529 -87
530 -29
531 -67
532 27
533 23
534 60
535 -30
536 -54
537 -67
538 21
539 -64
540 38
541 46
542 5
543 37
544 -22
545 -17
546 4
547 17
548 41
549 27
550 63
551 -43
552 6
553 -95
554 15
555 58
556 49
557 35
558 -65
559 -91
560 35
561 51
562 59
563 25
564 87
565 57
566 -90
567 -13
568 5
569 -22
570 59
571 37
572 -77
573 22
574 -33
575 -9
576 15
577 46
578 -51
579 -74
580 51
581 85
582 71
583 -76
584 62
585 -47
586 40
587 -25
588 -86
589 96
590 -18
591 -29
592 11
593 -82
594 36
595 81
596 27
597 83
598 78
599 74
600 -40
601 -30
602 32
603 -87
604 -54
605 -79
606 -63
607 66
608 -39
609 95
610 -65
611 -95
612 -46
613 18
614 80
615 -48
616 80
617 40
618 69
619 -47
620 19
621 83
622 -17
623 96
624 -8
625 17
626 14
627 62
628 35
629 -95
630 69
631 -100
632 54
633 2
634 -96
635 65
636 -42
637 -98
638 49
639 99
640 97
641 -49
642 84
643 80
644 62
645 -91
646 -73
647 93
648 -5
649 63
650 1
651 -28
652 -48
653 74
654 -30
655 -94
656 -38
657 44
658 65
659 58
660 69
661 62
662 -48
663 50
664 32
665 57
666 35
667 61
668 -76
669 -97
670 54
671 -21
672 -48
673 -38
674 84
675 -10
676 -5
677 -48
678 -27
679 75
680 -82
681 62
682 79
683 -24
684 -54
685 53
686 77
687 -4
688 26
689 -62
690 68
691 12
692 -49
693 -35
694 3
695 -53
696 94
697 -35
698 -49
699 25
700 -99
701 27
702 81
703 27
704 34
705 -80
706 100
707 -37
708 25
709 -29
710 -49
711 25
712 10
713 8
714 -41
715 -54
716 -89
717 -58
718 91
719 43
720 7
721 -8
722 84
723 39
724 -7
725 -95
726 84
727 2
728 59
729 -1
730 2
731 49
732 98
733 -16
734 63
735 -10
736 23
737 57
738 -87
739 -75
740 36
741 -4
742 81
743 -54
744 -58
745 81
746 -15
747 77
748 -50
749 -71
750 46
751 83
752 -48
753 89
754 45
755 62
756 82
757 -65
758 17
759 82
760 -45
761 85
762 -90
763 -13
764 63
765 -54
766 -94
767 94
768 13
769 0
770 -45
771 -42
772 28
773 -2
774 -24
775 55
776 -79
777 -35
778 23
779 -87
780 76
781 -60
782 -83
783 50
784 6
785 4
786 -64
787 -28
788 -22
789 53
790 94
791 43
792 74
793 9
794 45
795 35
796 -84
797 75
798 83
799 -63
800 44
801 -87
802 99
803 17
804 33
805 -64
806 5
807 39
808 88
809 -48
810 -45
811 -1
812 9
813 -51
814 95
815 -24
816 36
817 -96
818 29
819 42
820 71
821 60
822 98
823 -61
824 81
825 56
826 -66
827 95
828 -34
829 60
830 -64
831 37
832 -56
833 -60
834 66
835 38
836 -3
837 -75
838 79
839 -86
840 14
841 38
842 2
843 -70
844 35
845 74
846 -91
847 -26
848 17
849 96
850 6
851 76
852 -5
853 7
854 22
855 44
856 -58
857 -100
858 -64
859 -87
860 -11
861 -70
862 -25
863 56
864 8
865 36
866 21
867 87
868 82
869 35
870 -71
871 41
872 -76
873 -45
874 -46
875 -33
876 19
877 25
878 -99
879 83
880 -53
881 63
882 -2
883 19
884 -55
885 29
886 -64
887 41
888 94
889 -23
890 21
891 -14
892 25
893 64
894 -92
895 -36
896 1
897 -93
898 -96
899 48
900 -46
901 12
902 -8
903 6
904 -9
905 -68
906 10
907 -53
908 90
909 82
910 23
911 -72
912 -82
913 59
914 54
915 6
916 -56
917 -82
918 1
919 76
920 -63
921 64
922 -31
923 77
924 50
925 88
926 41
927 80
928 -99
929 -29
930 -87
931 -72
932 54
933 73
934 28
935 16
936 -36
937 54
938 -38
939 94
940 94
941 -96
942 52
943 -67
944 -50
945 22
946 10
947 21
948 44
949 -65
950 21
951 68
952 -27
953 -100
954 -56
955 22
956 -38
957 87
958 -52
959 16
960 -18
961 30
962 -93
963 -92
964 -95
965 -53
966 96
967 57
968 71
969 76
970 -75
971 25
972 21
973 -44
974 24
975 -53
976 27
977 51
978 93
979 0
980 30
981 74
982 -38
983 -41
984 -87
985 -2
986 -76
987 -92
988 -80
989 21
990 -10
991 -9
992 -63
993 -82
994 -66
995 -41
996 -98
997 -87
998 -53
999 46
1000 -88
1001 -9
1002 -23
1003 23
1004 76
1005 -5
1006 6
1007 47
1008 40
1009 -68
1010 61
1011 86
1012 -13
1013 -74
1014 -32
1015 -63
1016 20
1017 -10
1018 -78
1019 17
1020 -36
1021 -36
1022 96
1023 71
