0 -31
1 7
2 26
3 -55
4 7
5 89
6 -40
7 75
8 25
9 37
10 -92
11 -95
12 -77
13 -19
14 -42
15 35
16 34
17 100
18 -60
19 45
20 12
21 94
22 -3
23 -1
24 -89
25 -23
26 63
27 -72
28 20
29 77
30 64
31 84
32 -100
33 95
34 13
35 -30
36 -73
37 -48
38 -79
39 -32
40 94
41 92
42 -58
43 73
44 59
45 -11
46 54
47 100
48 91
49 -47
50 74
51 59
52 -45
53 -3
54 32
55 1
56 6
57 -1
58 -29
59 -35
60 -15
61 -62
62 34
63 -78
64 -14
65 -68
66 23
67 46
68 84
69 98
70 -83
71 16
72 -74
73 51
74 58
75 -3
76 7
77 -73
78 -71
79 -12
80 86
81 -63
82 -23
83 -96
84 -90
85 -63
86 -9
87 -96
88 -42
89 4
90 78
91 -56
92 19
93 45
94 33
95 -100
96 -33
97 -19
98 33
99 -24
100 -83
101 -70
102 -75
103 1
104 -15
105 71
106 19
107 -43
108 -28
109 -9
110 37
111 -27
112 12
113 -20
114 -57
115 -83
116 -91
117 72
118 65
119 89
120 75
121 45
122 -62
123 82
124 57
125 32
126 62
127 16
128 67
129 -20
130 79
131 -68
132 -14
133 40
134 -34
135 27
136 -81
137 90
138 -27
139 100
140 -34
141 45
142 3
143 -47
144 83
145 74
146 48
147 7
148 -16
149 68
150 -35
151 86
152 -61
153 0
154 92
155 -81
156 -88
157 -43
158 84
159 -13
160 46
161 17
162 78
163 4
164 -67
165 -62
166 -50
167 -78
168 -23
169 -12
170 68
171 -81
172 -96
173 -22
174 -30
175 71
176 26
177 50
178 58
179 41
180 -47
181 17
182 41
183 -52
184 -79
185 92
186 -11
187 -24
188 43
189 89
190 -12
191 40
192 95
193 0
194 -21
195 -30
196 -48
197 62
198 59
199 85
200 -1
201 -96
202 -66
203 -98
204 22
205 -9
206 -16
207 -9
208 -28
209 36
210 58
211 2
212 61
213 -74
214 52
215 78
216 -74
217 -80
218 -67
219 42
220 31
221 -94
222 -19
223 39
224 -58
225 2
226 -69
227 32
228 -70
229 -21
230 89
231 5
232 42
233 41
234 72
235 8
236 -50
237 78
238 18
239 -64
240 -9
241 -5
242 22
243 -40
244 -75
245 -82
246 19
247 -39
248 12
249 -85
250 -31
251 -48
252 81
253 -9
254 22
255 38
256 -56
257 36
258 14
259 -89
260 -51
261 25
262 22
263 17
264 -58
265 -72
266 -38
267 -9
268 -20
269 -69
270 -97
271 52
272 -100
273 81
274 41
275 -1
276 -89
277 23
278 23
279 25
280 -90
281 -98
282 -38
283 91
284 -64
285 41
286 -85
287 14
288 -38
289 43
290 65
291 -15
292 20
293 42
294 42
295 -5
296 88
297 -89
298 31
299 80
300 -69
301 19
302 38
303 71
304 -15
305 6
306 6
307 77
308 61
309 -100
310 26
311 -63
312 -44
313 17
314 10
315 -51
316 -22
317 12
318 -92
319 -88
320 82
321 34
322 68
323 -89
324 83
325 97
326 68
327 -100
328 15
329 19
330 76
331 -47
332 7
333 -34
334 -86
335 54
336 -54
337 54
338 -95
339 -49
340 -34
341 20
342 -25
343 58
344 -13
345 -88
346 34
347 24
348 52
349 97
350 -72
351 81
352 1
353 9
354 -21
355 81
356 -12
357 -13
358 32
359 -67
360 42
361 -26
362 62
363 39
364 99
365 -63
366 -13
367 65
368 13
369 84
370 -3
371 82
372 -71
373 21
374 56
375 9
376 -70
377 29
378 -20
379 -78
380 10
381 46
382 -31
383 27
384 -29
385 42
386 -73
387 -68
388 10
389 -2
390 -8
391 69
392 -100
393 -30
394 41
395 -47
396 -55
397 -16
398 -36
399 6
400 59
401 12
402 -80
403 42
404 -66
405 -14
406 -87
407 -31
408 -100
409 -34
410 25
411 72
412 -5
413 -57
414 -33
415 49
416 31
417 -64
418 2
419 -59
420 78
421 77
422 15
423 -66
424 57
425 -73
426 -59
427 -67
428 70
429 21
430 -55
431 -91
432 -26
433 -5
434 73
435 -94
436 51
437 -74
438 53
439 4
440 -20
441 -34
442 28
443 96
444 -61
445 -48
446 -68
447 -13
448 -17
449 -62
450 72
451 17
452 29
453 -62
454 -48
455 19
456 30
457 -42
458 9
459 29
460 86
461 62
462 -36
463 -62
464 2
465 67
466 82
467 -93
468 73
469 -95
470 11
471 -64
472 7
473 31
474 32
475 -100
476 92
477 73
478 -47
479 82
480 55
481 8
482 -15
483 39
484 -78
485 48
486 -22
487 69
488 83
489 5
490 -74
491 -99
492 3
493 -48
494 9
495 -36
496 21
497 60
498 54
499 24
500 -15
501 -17
502 -79
503 -4
504 -100
505 12
506 80
507 -95
508 -24
509 -28
510 -66
511 53
512 -89
513 62
514 78
515 0
516 -90
517 -60
518 -2
519 -31
520 -87
521 -47
522 -41
523 -73
524 88
525 27
526 20
527 -48
528 -71
529 -61
530 -12
531 -65
532 -72
533 -65
534 13
535 -6
536 27
537 -31
538 -74
539 -67
540 35
541 -50
542 81
543 98
544 33
545 71
546 -64
547 -70
548 -76
549 52
550 -65
551 -33
552 -54
553 -16
554 -54
555 -54
556 18
557 83
558 -81
559 12
560 -41
561 -27
562 6
563 44
564 44
565 3
566 74
567 -52
568 67
569 -5
570 97
571 78
572 -31
573 -72
574 -44
575 -53
576 -57
577 32
578 38
579 -10
580 -70
581 -13
582 -83
583 24
584 -11
585 -79
586 90
587 -54
588 43
589 -8
590 -96
591 -90
592 51
593 14
594 -40
595 11
596 -74
597 91
598 91
599 -49
600 -19
601 -92
602 65
603 -48
604 61
605 -47
606 -36
607 -6
608 58
609 70
610 15
611 64
612 -47
613 -81
614 27
615 99
616 29
617 92
618 -32
619 -2
620 71
621 -68
622 0
623 22
624 48
625 -54
626 -95
627 28
628 100
629 97
630 -30
631 11
632 -53
633 74
634 19
635 -50
636 -28
637 6
638 -29
639 24
640 82
641 13
642 -87
643 -4
644 10
645 -96
646 90
647 -43
648 92
649 -62
650 -16
651 -91
652 21
653 -76
654 -80
655 45
656 33
657 4
658 16
659 -71
660 -27
661 -22
662 62
663 86
664 -54
665 83
666 -40
667 82
668 22
669 -59
670 99
671 28
672 94
673 70
674 17
675 -55
676 26
677 31
678 -45
679 -16
680 -98
681 49
682 -67
683 -40
684 -62
685 -22
686 42
687 1
688 2
689 -99
690 -87
691 99
692 -24
693 -37
694 52
695 34
696 58
697 59
698 -84
699 -11
700 89
701 19
702 7
703 -21
704 5
705 91
706 85
707 98
708 -71
709 55
710 68
711 22
712 -21
713 98
714 66
715 54
716 61
717 -85
718 2
719 -86
720 -13
721 8
722 -65
723 35
724 -76
725 17
726 83
727 -83
728 -18
729 -99
730 37
731 6
732 81
733 -10
734 -22
735 -100
736 0
737 29
738 61
739 61
740 -3
741 63
742 7
743 84
744 -32
745 42
746 -23
747 64
748 6
749 1
750 34
751 -90
752 83
753 -94
754 -55
755 89
756 88
757 -95
758 -24
759 -37
760 -79
761 1
762 -42
763 17
764 -94
765 -98
766 -37
767 -63
768 -45
769 -69
770 14
771 11
772 90
773 94
774 30
775 -40
776 63
777 27
778 52
779 6
780 -17
781 -55
782 -26
783 -55
784 28
785 -60
786 -4
787 23
788 -17
789 1
790 -31
791 80
792 93
793 -79
794 -80
795 -46
796 30
797 49
798 87
799 -99
800 32
801 70
802 45
803 33
804 -50
805 -94
806 85
807 17
808 66
809 90
810 -25
811 11
812 22
813 -81
814 -66
815 69
816 32
817 -60
818 35
819 -10
820 -78
821 -73
822 44
823 36
824 -72
825 -20
826 82
827 -34
828 52
829 -64
830 18
831 -10
832 27
833 -58
834 -44
835 83
836 69
837 -39
838 -23
839 -43
840 -59
841 12
842 96
843 -59
844 34
845 0
846 -87
847 16
848 26
849 -3
850 35
851 70
852 24
853 52
854 38
855 54
856 98
857 -62
858 18
859 -70
860 -21
861 -39
862 57
863 -51
864 -9
865 10
866 -100
867 96
868 -19
869 -8
870 65
871 65
872 -33
873 39
874 -45
875 38
876 -75
877 34
878 -91
879 66
880 76
881 -5
882 -97
883 60
884 0
885 11
886 -18
887 -43
888 42
889 69
890 23
891 -45
892 63
893 -37
894 34
895 -68
896 -16
897 -11
898 47
899 72
900 99
901 27
902 -70
903 -96
904 20
905 86
906 -96
907 -100
908 -19
909 -57
910 -72
911 -31
912 -49
913 68
914 -46
915 -85
916 -78
917 -62
918 0
919 -46
920 10
921 6
922 -46
923 -33
924 38
925 81
926 -71
927 76
928 48
929 75
930 -5
931 -60
932 85
933 23
934 76
935 58
936 -83
937 7
938 87
939 28
940 -26
941 -48
942 -53
943 -97
944 66
945 66
946 -91
947 -14
948 56
949 8
950 -17
951 48
952 -46
953 -24
954 4
955 -17
956 20
957 -15
958 80
959 46
960 -38
961 -81
962 59
963 -94
964 -70
965 -88
966 -74
967 -69
968 -42
969 -60
970 -27
971 13
972 35
973 -61
974 88
975 -50
976 -82
977 -69
978 34
979 -58
980 -38
981 -89
982 -99
983 94
984 38
985 79
986 59
987 48
988 26
989 -41
990 -68
991 70
992 67
993 77
994 21
995 47
996 -72
997 -43
998 62
999 100
1000 13
1001 -65
1002 40
1003 -94
1004 -22
1005 40
1006 70
1007 58
1008 -10
1009 14
1010 65
1011 32
1012 48
1013 -24
1014 56
1015 75
1016 2
1017 -39
1018 -29
1019 -78
1020 -88
1021 61
1022 -46
1023 16
