0 16
1 -46
2 89
3 -2
4 -45
5 -42
6 8
7 -26
8 -62
9 -85
10 -62
11 -48
12 12
13 -11
14 19
15 -32
16 69
17 51
18 -54
19 -28
20 -15
21 7
22 20
23 7
24 58
25 -41
26 94
27 -11
28 -66
29 -66
30 56
31 -82
32 -2
33 -47
34 2
35 -75
36 -84
37 -85
38 -52
39 -95
40 -95
41 23
42 97
43 -21
44 -10
45 44
46 -30
47 -78
48 67
49 -14
50 -45
51 67
52 20
53 -35
54 -97
55 -17
56 35
57 27
58 -29
59 84
60 -76
61 11
62 10
63 10
64 -58
65 71
66 83
67 18
68 41
69 21
70 37
71 74
72 -27
73 1
74 -63
75 90
76 -32
77 -71
78 7
79 47
80 39
81 31
82 -10
83 -54
84 -66
85 -7
86 57
87 16
88 -19
89 -9
90 63
91 -41
92 -41
93 -61
94 -100
95 34
96 35
97 52
98 75
99 -7
100 9
101 19
102 26
103 82
104 59
105 36
106 6
107 -28
108 -15
109 58
110 34
111 -22
112 94
113 27
114 -96
115 21
116 67
117 -57
118 -31
119 6
120 96
121 -90
122 12
123 -74
124 -43
125 49
126 -42
127 -52
128 -38
129 -75
130 -20
131 29
132 -69
133 78
134 9
135 90
136 -50
137 85
138 -2
139 -3
140 90
141 -52
142 -80
143 -7
144 -56
145 42
146 70
147 -9
148 -24
149 -2
150 63
151 -65
152 71
153 30
154 70
155 32
156 23
157 3
158 -85
159 -46
160 -88
161 -39
162 -87
163 44
164 -23
165 -40
166 -75
167 -56
168 98
169 9
170 -46
171 86
172 53
173 -10
174 53
175 -19
176 2
177 -42
178 -98
179 -19
180 -20
181 -39
182 20
183 -19
184 96
185 81
186 -35
187 38
188 -31
189 68
190 97
191 22
192 -14
193 89
194 -66
195 -15
196 46
197 -34
198 -45
199 55
200 8
201 37
202 -6
203 -4
204 35
205 59
206 -97
207 20
208 100
209 -33
210 61
211 -72
212 -66
213 56
214 -89
215 -41
216 -65
217 42
218 54
219 24
220 45
221 -58
222 -34
223 45
224 74
225 55
226 -74
227 78
228 -73
229 92
230 48
231 1
232 -82
233 -9
234 76
235 -64
236 47
237 -81
238 22
239 93
240 -94
241 98
242 23
243 -24
244 94
245 -63
246 50
247 37
248 63
249 -28
250 -33
251 -98
252 45
253 -92
254 42
255 -67
256 47
257 15
258 88
259 -5
260 -73
261 65
262 -55
263 -74
264 -14
265 56
266 -13
267 38
268 -6
269 -71
270 9
271 -58
272 -37
273 -40
274 65
275 22
276 -26
277 -45
278 -38
279 45
280 35
281 -45
282 81
283 89
284 36
285 89
286 34
287 -64
288 67
289 15
290 -14
291 23
292 16
293 5
294 -11
295 -66
296 8
297 -49
298 -31
299 -66
300 13
301 21
302 25
303 20
304 40
305 -58
306 58
307 -60
308 60
309 47
310 -32
311 -33
312 70
313 9
314 96
315 -38
316 -45
317 89
318 79
319 95
320 85
321 -47
322 41
323 51
324 98
325 17
326 -80
327 -46
328 52
329 74
330 -88
331 31
332 -45
333 -98
334 100
335 -2
336 -83
337 -80
338 -23
339 21
340 65
341 100
342 86
343 -23
344 87
345 19
346 -48
347 23
348 85
349 25
350 2
351 -91
352 46
353 -93
354 54
355 70
356 -10
357 84
358 18
359 -99
360 20
361 -32
362 -80
363 45
364 3
365 100
366 48
367 -9
368 51
369 98
370 -24
371 -22
372 80
373 -92
374 -23
375 25
376 -29
377 25
378 90
379 -94
380 -57
381 -32
382 48
383 -33
384 2
385 94
386 72
387 -37
388 33
389 -38
390 71
391 80
392 49
393 13
394 -51
395 14
396 -25
397 -33
398 89
399 -100
400 67
401 6
402 78
403 43
404 -67
405 -82
406 49
407 -79
408 60
409 59
410 -9
411 31
412 32
413 3
414 -74
415 73
416 -97
417 52
418 -63
419 -67
420 31
421 -86
422 -13
423 38
424 -62
425 72
426 60
427 -90
428 -72
429 67
430 25
431 14
432 -44
433 61
434 -68
435 -84
436 -9
437 8
438 34
439 -99
440 -15
441 40
442 16
443 -29
444 22
445 32
446 -51
447 52
448 -47
449 -79
450 70
451 -96
452 -65
453 -42
454 15
455 64
456 56
457 -80
458 -24
459 91
460 37
461 -8
462 27
463 -9
464 -27
465 -22
466 -38
467 52
468 89
469 52
470 -78
471 93
472 83
473 30
474 84
475 -47
476 54
477 -57
478 27
479 -61
480 83
481 -33
482 94
483 -26
484 43
485 11
486 59
487 -58
488 37
489 -42
490 4
491 -60
492 -56
493 -2
494 83
495 -47
496 -77
497 66
498 -1
499 -39
500 97
501 93
502 76
503 -56
504 99
505 -36
506 -1
507 13
508 5
509 -18
510 -59
511 -42
512 46
513 -20
514 78
515 33
516 -65
517 82
518 35
519 60
520 -53
521 49
522 -84
523 66
524 -83
525 16
526 30
527 -74
528 -40
529 -96
530 31
531 -36
532 18
533 -64
534 98
535 -49
536 -22
537 2
538 88
539 60
540 45
541 -22
542 -40
543 -12
544 42
545 93
546 1
547 -73
548 -92
549 -40
550 -60
551 0
552 -92
553 -92
554 40
555 -2
556 -83
557 71
558 -21
559 95
560 64
561 -40
562 -18
563 -61
564 -79
565 -12
566 94
567 90
568 52
569 61
570 -6
571 84
572 71
573 -18
574 32
575 -65
576 -99
577 -12
578 87
579 21
580 -70
581 -92
582 4
583 -72
584 83
585 16
586 -87
587 0
588 -13
589 82
590 -40
591 17
592 66
593 18
594 -32
595 -95
596 52
597 -49
598 -49
599 -23
600 58
601 -54
602 -12
603 -77
604 -55
605 100
606 -92
607 -42
608 -60
609 -50
610 23
611 29
612 -79
613 -6
614 -98
615 -75
616 -49
617 93
618 -17
619 -36
620 4
621 60
622 -35
623 -23
624 50
625 14
626 -4
627 52
628 -84
629 93
630 -93
631 93
632 79
633 -77
634 70
635 39
636 -32
637 -6
638 -14
639 -46
640 -28
641 -59
642 27
643 -56
644 -8
645 -26
646 45
647 34
648 81
649 25
650 -3
651 -6
652 -45
653 20
654 -58
655 -59
656 -46
657 50
658 -4
659 0
660 29
661 38
662 55
663 68
664 -7
665 66
666 -91
667 -11
668 -32
669 78
670 6
671 -8
672 -86
673 12
674 65
675 77
676 79
677 -76
678 12
679 -16
680 -88
681 -1
682 -98
683 -4
684 58
685 23
686 60
687 63
688 46
689 38
690 -5
691 -43
692 -91
693 27
694 -59
695 96
696 -63
697 48
698 97
699 -97
700 100
701 35
702 -31
703 -76
704 18
705 -100
706 3
707 -52
708 -66
709 15
710 88
711 -65
712 -60
713 -55
714 26
715 -29
716 -15
717 -70
718 24
719 -37
720 -52
721 50
722 -49
723 53
724 -76
725 61
726 -54
727 -85
728 11
729 -86
730 97
731 9
732 21
733 -25
734 -71
735 51
736 80
737 14
738 72
739 28
740 -27
741 45
742 -69
743 91
744 47
745 75
746 48
747 -20
748 -87
749 10
750 -2
751 45
752 -16
753 -2
754 9
755 -12
756 0
757 -16
758 -24
759 24
760 78
761 89
762 8
763 36
764 37
765 -77
766 47
767 -4
768 -63
769 53
770 -95
771 24
772 -99
773 -55
774 -89
775 -65
776 -21
777 1
778 -82
779 -51
780 -20
781 2
782 -60
783 71
784 48
785 4
786 -22
787 -8
788 -8
789 -6
790 38
791 90
792 77
793 -12
794 -43
795 79
796 -88
797 -8
798 -48
799 -22
800 -85
801 84
802 -54
803 16
804 100
805 94
806 93
807 18
808 -73
809 22
810 -39
811 74
812 -22
813 79
814 -23
815 91
816 49
817 -23
818 -45
819 -51
820 94
821 -33
822 94
823 -44
824 71
825 -25
826 68
827 77
828 11
829 24
830 16
831 78
832 25
833 -41
834 28
835 38
836 41
837 -20
838 64
839 -55
840 15
841 -47
842 -100
843 -81
844 89
845 38
846 -64
847 -34
848 23
849 -93
850 -58
851 -50
852 -75
853 37
854 96
855 15
856 -93
857 -69
858 69
859 5
860 88
861 -73
862 -80
863 -56
864 -72
865 31
866 71
867 47
868 53
869 -78
870 92
871 94
872 95
873 88
874 -22
875 23
876 -8
877 -29
878 -100
879 89
880 -18
881 -30
882 -86
883 27
884 90
885 -42
886 87
887 49
888 -73
889 -66
890 -12
891 9
892 -75
893 -11
894 -3
895 -41
896 -45
897 -17
898 50
899 -16
900 26
901 -59
902 -64
903 -34
904 73
905 -42
906 -83
907 38
908 -21
909 -22
910 32
911 -73
912 8
913 -77
914 92
915 -54
916 -8
917 -87
918 1
919 -43
920 88
921 23
922 -39
923 76
924 49
925 -44
926 50
927 38
928 -31
929 32
930 -53
931 95
932 95
933 0
934 98
935 -59
936 -36
937 55
938 41
939 -56
940 24
941 -97
942 40
943 -100
944 29
945 89
946 99
947 -88
948 -22
949 -48
950 -23
951 7
952 50
953 55
954 81
955 -76
956 63
957 45
958 -7
959 -10
960 -30
961 10
962 -94
963 14
964 93
965 -20
966 -15
967 -93
968 84
969 -18
970 56
971 -19
972 -84
973 -28
974 52
975 63
976 65
977 59
978 -55
979 21
980 93
981 75
982 46
983 86
984 15
985 1
986 70
987 -66
988 75
989 26
990 -97
991 -74
992 62
993 -20
994 28
995 -66
996 80
997 -55
998 -11
999 -64
1000 56
1001 -77
1002 -99
1003 -59
1004 -8
1005 -5
1006 -3
1007 -49
1008 -33
1009 22
1010 -11
1011 -14
1012 98
1013 -91
1014 38
1015 76
1016 85
1017 50
1018 -34
1019 45
1020 -65
1021 27
1022 -41
1023 59
