0 -81
1 81
2 -82
3 89
4 97
5 60
6 36
7 94
8 -54
9 82
10 -14
11 10
12 -97
13 -84
14 35
15 -57
16 -26
17 -91
18 76
19 96
20 -29
21 35
22 -70
23 -5
24 89
25 -23
26 65
27 -36
28 -99
29 19
30 6
31 71
32 88
33 21
34 -82
35 5
36 -97
37 -8
38 50
39 -46
40 -83
41 -99
42 75
43 82
44 -74
45 -47
46 86
47 39
48 -55
49 40
50 -83
51 -88
52 33
53 -23
54 29
55 -29
56 -25
57 -98
58 19
59 -78
60 -36
61 -66
62 -95
63 88
64 75
65 -28
66 1
67 -64
68 2
69 -85
70 -68
71 20
72 66
73 -81
74 -55
75 42
76 -17
77 -54
78 3
79 -50
80 39
81 76
82 91
83 15
84 58
85 72
86 36
87 37
88 39
89 -88
90 -5
91 -72
92 95
93 85
94 67
95 98
96 -63
97 58
98 -24
99 19
100 75
101 54
102 86
103 87
104 -20
105 81
106 -14
107 85
108 -59
109 -46
110 -63
111 76
112 -23
113 -30
114 -13
115 -61
116 -40
117 69
118 89
119 -40
120 76
121 -92
122 1
123 -42
124 -31
125 20
126 5
127 7
128 22
129 34
130 -50
131 47
132 38
133 -76
134 37
135 95
136 88
137 11
138 99
139 -73
140 18
141 54
142 1
143 -98
144 -86
145 29
146 2
147 -77
148 0
149 -70
150 90
151 32
152 20
153 44
154 -56
155 -79
156 -63
157 1
158 57
159 66
160 -69
161 -88
162 14
163 97
164 -60
165 20
166 4
167 -52
168 -11
169 90
170 -79
171 22
172 -1
173 -27
174 -75
175 -9
176 67
177 -14
178 39
179 35
180 -74
181 24
182 -25
183 -88
184 -44
185 22
186 69
187 -25
188 -8
189 57
190 48
191 17
192 -73
193 76
194 49
195 68
196 92
197 46
198 9
199 45
200 -45
201 63
202 -73
203 -35
204 -86
205 -70
206 -65
207 87
208 23
209 -61
210 -96
211 -64
212 -3
213 98
214 -73
215 -54
216 -1
217 -51
218 -38
219 53
220 76
221 66
222 -57
223 -7
224 24
225 92
226 -72
227 70
228 -91
229 -33
230 41
231 -99
232 66
233 -74
234 -3
235 52
236 27
237 94
238 -81
239 -93
240 85
241 -35
242 87
243 -96
244 -52
245 89
246 55
247 8
248 -91
249 27
250 32
251 -81
252 -60
253 46
254 -9
255 -22
256 89
257 -46
258 100
259 -46
260 21
261 1
262 15
263 -66
264 85
265 -46
266 -93
267 33
268 -27
269 72
270 21
271 -78
272 97
273 -12
274 94
275 -90
276 69
277 -68
278 -70
279 16
280 -26
281 -47
282 73
283 -56
284 -27
285 -62
286 71
287 18
288 16
289 -42
290 -66
291 79
292 -93
293 -79
294 57
295 13
296 51
297 -20
298 10
299 -21
300 -39
301 -26
302 92
303 34
304 -87
305 95
306 34
307 -90
308 -9
309 55
310 77
311 -64
312 -66
313 69
314 60
315 -74
316 73
317 34
318 -42
319 -69
320 74
321 -79
322 -75
323 -43
324 20
325 38
326 -6
327 54
328 -93
329 -27
330 -64
331 -28
332 -22
333 -82
334 -44
335 -43
336 49
337 13
338 70
339 7
340 57
341 -51
342 -20
343 58
344 -1
345 -40
346 -41
347 9
348 92
349 83
350 -28
351 -46
352 -34
353 -12
354 67
355 -27
356 85
357 8
358 81
359 56
360 44
361 -10
362 -65
363 -48
364 -97
365 -35
366 -95
367 58
368 33
369 65
370 -12
371 11
372 -13
373 80
374 -22
375 -14
376 -91
377 -60
378 -56
379 53
380 -80
381 -28
382 -68
383 -14
384 59
385 10
386 42
387 44
388 -13
389 16
390 25
391 -29
392 41
393 89
394 -98
395 -100
396 -26
397 -58
398 -41
399 70
400 51
401 -90
402 61
403 -71
404 46
405 -10
406 -14
407 -84
408 -96
409 27
410 -60
411 -61
412 89
413 -72
414 -40
415 24
416 -69
417 35
418 41
419 20
420 30
421 56
422 -5
423 -95
424 14
425 -83
426 4
427 -35
428 -33
429 -10
430 -27
431 97
432 -98
433 -96
434 -72
435 52
436 91
437 -85
438 -33
439 20
440 96
441 -89
442 -7
443 40
444 -90
445 54
446 1
447 -64
448 -19
449 -59
450 -27
451 13
452 -84
453 -23
454 -54
455 84
456 78
457 81
458 17
459 100
460 86
461 -1
462 -55
463 22
464 -20
465 -79
466 -57
467 26
468 36
469 59
470 -55
471 -78
472 41
473 26
474 -14
475 -2
476 13
477 -41
478 13
479 3
480 -88
481 13
482 -69
483 -4
484 -81
485 12
486 75
487 56
488 17
489 79
490 -39
491 -3
492 -76
493 -83
494 2
495 56
496 34
497 72
498 87
499 64
500 -21
501 -75
502 -27
503 -91
504 -57
505 42
506 86
507 44
508 82
509 42
510 -98
511 83
512 -85
513 54
514 99
515 -42
516 36
517 -51
518 -12
519 2
520 -81
521 44
522 -95
523 13
524 -15
525 96
526 51
527 52
528 -9
529 29
530 63
531 29
532 -80
533 41
534 70
535 -19
536 29
537 1
538 52
539 63
540 -97
541 59
542 61
543 -63
544 48
545 -69
546 -73
547 3
548 1
549 13
550 27
551 24
552 86
553 -5
554 67
555 -43
556 -79
557 2
558 71
559 48
560 -48
561 -64
562 36
563 -59
564 94
565 53
566 -31
567 -66
568 -93
569 34
570 -49
571 -44
572 -7
573 -94
574 -13
575 75
576 85
577 72
578 3
579 -78
580 -82
581 27
582 -22
583 95
584 -24
585 -52
586 54
587 53
588 87
589 -11
590 -27
591 23
592 -82
593 94
594 -26
595 36
596 -61
597 62
598 -48
599 64
600 -80
601 -25
602 -65
603 90
604 -36
605 49
606 98
607 25
608 -93
609 67
610 78
611 71
612 -95
613 -78
614 -11
615 53
616 71
617 67
618 7
619 -81
620 -50
621 45
622 48
623 -63
624 -46
625 82
626 -9
627 30
628 49
629 -34
630 94
631 71
632 -95
633 -98
634 -80
635 -41
636 -90
637 -83
638 -87
639 92
640 -64
641 66
642 77
643 -38
644 57
645 -100
646 -67
647 53
648 46
649 29
650 -15
651 58
652 -42
653 79
654 62
655 -49
656 51
657 -1
658 -55
659 -16
660 2
661 83
662 -81
663 5
664 61
665 -23
666 -100
667 -71
668 62
669 -93
670 -33
671 -91
672 -83
673 80
674 36
675 30
676 -52
677 24
678 -52
679 10
680 -55
681 75
682 -83
683 95
684 -28
685 -41
686 -70
687 61
688 -60
689 -67
690 -15
691 72
692 -5
693 -90
694 22
695 -65
696 10
697 -44
698 21
699 76
700 23
701 72
702 -22
703 99
704 -92
705 67
706 -88
707 -95
708 7
709 -86
710 -97
711 51
712 11
713 -7
714 98
715 89
716 61
717 -58
718 14
719 -87
720 -67
721 -1
722 0
723 8
724 95
725 6
726 61
727 -1
728 -39
729 83
730 4
731 -23
732 59
733 -63
734 -72
735 38
736 74
737 -99
738 -44
739 90
740 -65
741 -85
742 0
743 -63
744 87
745 7
746 31
747 78
748 -45
749 -100
750 25
751 -95
752 -23
753 -26
754 21
755 -34
756 95
757 21
758 11
759 -80
760 -45
761 38
762 83
763 26
764 16
765 -84
766 68
767 68
768 -10
769 27
770 29
771 66
772 -21
773 54
774 -100
775 71
776 -61
777 -100
778 -65
779 -96
780 39
781 58
782 31
783 -98
784 92
785 -33
786 -30
787 71
788 82
789 -18
790 30
791 -33
792 60
793 -93
794 24
795 73
796 -65
797 97
798 -50
799 22
800 -73
801 39
802 -49
803 67
804 -75
805 63
806 -18
807 64
808 89
809 -21
810 52
811 34
812 -98
813 -40
814 59
815 -88
816 60
817 55
818 -10
819 -89
820 99
821 44
822 31
823 90
824 -58
825 44
826 -16
827 -8
828 -1
829 -28
830 -42
831 16
832 -62
833 93
834 71
835 49
836 84
837 90
838 -80
839 28
840 -62
841 -17
842 63
843 78
844 71
845 59
846 85
847 -62
848 80
849 -22
850 12
851 50
852 39
853 -12
854 -93
855 21
856 -3
857 -14
858 22
859 21
860 29
861 -44
862 -75
863 58
864 -47
865 -45
866 38
867 -33
868 84
869 -24
870 -6
871 -57
872 53
873 78
874 -51
875 -83
876 -85
877 99
878 -43
879 41
880 99
881 61
882 -38
883 -87
884 -69
885 -87
886 -64
887 -21
888 45
889 35
890 96
891 64
892 -87
893 16
894 -89
895 -66
896 -37
897 80
898 -92
899 -73
900 50
901 -44
902 13
903 -59
904 -4
905 74
906 -11
907 45
908 -88
909 -17
910 3
911 42
912 8
913 -84
914 -41
915 -46
916 -38
917 -61
918 -2
919 61
920 87
921 36
922 58
923 -30
924 -32
925 62
926 -6
927 -47
928 55
929 -47
930 59
931 -68
932 74
933 35
934 41
935 76
936 -13
937 -23
938 -68
939 65
940 -61
941 -5
942 -4
943 -93
944 -21
945 16
946 70
947 -77
948 -64
949 -77
950 65
951 22
952 -64
953 59
954 -62
955 79
956 48
957 25
958 99
959 72
960 -78
961 -84
962 -30
963 79
964 -95
965 -98
966 74
967 -29
968 3
969 -51
970 83
971 -84
972 -98
973 -79
974 13
975 7
976 -3
977 48
978 -49
979 41
980 -64
981 63
982 2
983 -62
984 90
985 93
986 -80
987 -85
988 -37
989 85
990 82
991 -89
992 -4
993 -13
994 -62
995 -21
996 -95
997 -48
998 -98
999 -91
1000 -11
1001 -73
1002 31
1003 91
1004 97
1005 -35
1006 67
1007 38
1008 -13
1009 -5
1010 -63
1011 18
1012 -96
1013 -55
1014 54
1015 -16
1016 24
1017 38
1018 63
1019 -89
1020 -54
1021 66
1022 65
1023 57
