0 89
1 -94
2 3
3 -66
4 -99
5 86
6 -32
7 -72
8 -81
9 -26
10 -7
11 15
12 -56
13 95
14 29
15 51
16 18
17 -24
18 -49
19 17
20 -26
21 5
22 -15
23 -100
24 62
25 -4
26 -56
27 -100
28 -62
29 58
30 6
31 -27
32 87
33 -51
34 31
35 79
36 91
37 97
38 24
39 -9
40 24
41 -35
42 100
43 29
44 68
45 -72
46 -32
47 -21
48 -43
49 84
50 37
51 17
52 98
53 14
54 -30
55 65
56 18
57 61
58 27
59 65
60 28
61 80
62 -99
63 -98
64 -12
65 65
66 63
67 45
68 18
69 38
70 -12
71 -79
72 41
73 38
74 -10
75 51
76 96
77 -80
78 10
79 84
80 -91
81 6
82 37
83 8
84 -81
85 -40
86 88
87 17
88 -38
89 -61
90 72
91 23
92 -13
93 35
94 42
95 99
96 35
97 -54
98 -34
99 -91
100 78
101 -39
102 12
103 -47
104 60
105 16
106 34
107 57
108 99
109 97
110 16
111 -86
112 29
113 -8
114 30
115 54
116 -94
117 -41
118 -2
119 1
120 46
121 37
122 27
123 57
124 -48
125 -38
126 -15
127 -94
