0 -82
1 -79
2 97
3 -75
4 -8
5 50
6 -73
7 31
8 88
9 63
10 86
11 -81
12 11
13 -50
14 -86
15 -49
16 17
17 37
18 -41
19 -16
20 -95
21 -7
22 12
23 10
24 35
25 27
26 80
27 -43
28 30
29 -68
30 -87
31 79
32 -49
33 21
34 75
35 -47
36 36
37 -48
38 25
39 35
40 -87
41 -36
42 -93
43 -56
44 54
45 -82
46 -76
47 -48
48 -24
49 -87
50 49
51 -96
52 -85
53 -39
54 -23
55 29
56 52
57 17
58 -7
59 -1
60 34
61 44
62 -78
63 -100
64 -24
65 -79
66 -74
67 93
68 -100
69 -27
70 -96
71 45
72 -43
73 -45
74 49
75 -4
76 61
77 48
78 65
79 -56
80 -47
81 73
82 23
83 85
84 80
85 72
86 78
87 39
88 22
89 83
90 -54
91 55
92 -66
93 48
94 77
95 -56
96 53
97 -88
98 10
99 -1
100 64
101 35
102 -28
103 -10
104 -10
105 -53
106 -63
107 -70
108 0
109 -98
110 -6
111 91
112 -12
113 -86
114 -36
115 -84
116 -81
117 -86
118 -96
119 -99
120 -2
121 67
122 -50
123 23
124 12
125 -66
126 68
127 62
