0 8
1 11
2 -47
3 80
4 97
5 35
6 23
7 64
8 9
9 -88
10 35
11 44
12 78
13 -6
14 76
15 68
16 -57
17 49
18 -39
19 16
20 -52
21 80
22 14
23 97
24 6
25 -16
26 82
27 3
28 11
29 -58
30 -58
31 28
32 -88
33 -9
34 -47
35 44
36 88
37 34
38 -42
39 -61
40 -26
41 -38
42 35
43 -15
44 -6
45 83
46 -38
47 43
48 4
49 42
50 -41
51 -45
52 -62
53 26
54 -87
55 -98
56 27
57 66
58 -89
59 67
60 78
61 -64
62 95
63 46
64 9
65 39
66 78
67 23
68 -54
69 40
70 -59
71 34
72 66
73 73
74 -61
75 -9
76 39
77 -56
78 85
79 56
80 -91
81 62
82 -31
83 94
84 74
85 43
86 -75
87 -72
88 86
89 -62
90 -36
91 38
92 -75
93 31
94 64
95 -71
96 -81
97 72
98 -74
99 43
100 24
101 -84
102 -26
103 95
104 23
105 9
106 -15
107 36
108 -5
109 -42
110 -34
111 14
112 42
113 57
114 -41
115 -47
116 -69
117 1
118 -8
119 -53
120 -18
121 -32
122 87
123 81
124 64
125 -7
126 -70
127 -87
