0 -57
1 -73
2 -87
3 27
4 81
5 -35
6 -10
7 100
8 28
9 52
10 98
11 -47
12 47
13 -15
14 -34
15 27
16 7
17 -67
18 -42
19 29
20 97
21 58
22 -42
23 -63
24 -40
25 -42
26 -90
27 80
28 -45
29 -76
30 -43
31 74
32 36
33 15
34 33
35 65
36 75
37 47
38 -59
39 -76
40 -80
41 -27
42 42
43 -37
44 -48
45 -27
46 -71
47 -85
48 -82
49 -89
50 74
51 -65
52 41
53 -70
54 -21
55 -77
56 54
57 -78
58 -83
59 30
60 54
61 38
62 -39
63 -37
64 89
65 -95
66 21
67 -47
68 -66
69 82
70 51
71 -76
72 24
73 41
74 89
75 -80
76 -59
77 -16
78 48
79 60
80 -53
81 -89
82 -12
83 -95
84 41
85 10
86 38
87 36
88 -30
89 -82
90 82
91 -82
92 -84
93 -68
94 7
95 -78
96 -64
97 -44
98 -20
99 16
100 -70
101 -12
102 6
103 -26
104 -87
105 8
106 59
107 42
108 99
109 -85
110 93
111 31
112 -11
113 42
114 -55
115 -67
116 33
117 -17
118 7
119 30
120 59
121 -9
122 0
123 32
124 -69
125 35
126 -86
127 63
