0 1
1 66
2 9
3 -55
4 69
5 -29
6 45
7 51
8 -15
9 33
10 -61
11 50
12 13
13 -32
14 100
15 -100
16 13
17 -2
18 69
19 -34
20 -73
21 -61
22 85
23 47
24 59
25 64
26 48
27 -91
28 -41
29 -46
30 -49
31 4
32 88
33 -99
34 -63
35 73
36 0
37 -83
38 32
39 -64
40 -58
41 48
42 -8
43 -71
44 6
45 39
46 -96
47 75
48 -87
49 2
50 -20
51 93
52 -12
53 17
54 -5
55 -62
56 34
57 -71
58 94
59 -11
60 50
61 -89
62 86
63 38
64 -34
65 -12
66 55
67 -57
68 -44
69 -16
70 -54
71 94
72 -71
73 10
74 -91
75 -44
76 -55
77 69
78 100
79 81
80 48
81 -58
82 -47
83 83
84 -22
85 -90
86 90
87 -14
88 -67
89 -7
90 -37
91 -3
92 -19
93 77
94 -72
95 -95
96 2
97 -13
98 31
99 -6
100 -80
101 -16
102 98
103 -53
104 -27
105 1
106 93
107 71
108 5
109 -38
110 76
111 -59
112 57
113 -84
114 -42
115 99
116 -72
117 86
118 -90
119 78
120 38
121 -70
122 -18
123 -19
124 55
125 56
126 53
127 -69
