0 17
1 71
2 -37
3 -22
4 -9
5 -73
6 17
7 -76
8 12
9 -91
10 -99
11 1
12 34
13 71
14 -50
15 -41
16 -55
17 -56
18 80
19 -12
20 91
21 49
22 46
23 70
24 74
25 71
26 41
27 32
28 10
29 51
30 78
31 76
32 -51
33 1
34 -38
35 25
36 8
37 52
38 97
39 90
40 -6
41 -52
42 -50
43 85
44 -76
45 -43
46 66
47 63
48 33
49 94
50 93
51 -12
52 63
53 -29
54 -5
55 -42
56 -85
57 -46
58 63
59 16
60 -39
61 -6
62 -54
63 44
64 84
65 -8
66 70
67 53
68 -82
69 -73
70 -58
71 15
72 17
73 -10
74 37
75 -97
76 22
77 -39
78 -74
79 -35
80 6
81 -8
82 20
83 -64
84 -50
85 34
86 -15
87 67
88 35
89 -63
90 75
91 90
92 24
93 -52
94 -44
95 90
96 41
97 44
98 28
99 -8
100 -37
101 50
102 -90
103 75
104 -72
105 26
106 -92
107 54
108 -83
109 -82
110 39
111 -86
112 66
113 -7
114 -52
115 -88
116 80
117 -52
118 -89
119 -4
120 -81
121 -98
122 -20
123 -42
124 -55
125 89
126 8
127 -57
