0 20
1 66
2 -38
3 -34
4 -100
5 -77
6 -33
7 52
8 28
9 -83
10 -73
11 35
12 96
13 -42
14 87
15 -45
16 -80
17 -3
18 89
19 -91
20 -16
21 -67
22 55
23 88
24 2
25 87
26 -86
27 -35
28 -58
29 58
30 83
31 58
32 -91
33 52
34 68
35 51
36 -70
37 -92
38 -18
39 -13
40 35
41 41
42 -28
43 -91
44 -69
45 -10
46 -85
47 54
48 18
49 -69
50 72
51 64
52 -51
53 -47
54 35
55 6
56 -58
57 -76
58 -68
59 15
60 13
61 70
62 73
63 -31
64 15
65 -54
66 -51
67 -69
68 -96
69 -38
70 -80
71 -6
72 -62
73 99
74 90
75 38
76 -5
77 5
78 52
79 -98
80 43
81 53
82 -31
83 5
84 -44
85 -92
86 -16
87 -50
88 77
89 12
90 -99
91 -63
92 87
93 -90
94 63
95 30
96 -59
97 -27
98 86
99 -74
100 -94
101 -71
102 -99
103 -37
104 -89
105 -19
106 -65
107 21
108 -92
109 59
110 28
111 -76
112 -29
113 -74
114 -9
115 14
116 40
117 -3
118 -77
119 -35
120 -97
121 81
122 -5
123 -46
124 33
125 79
126 -38
127 18
