0 -20
1 78
2 86
3 -71
4 43
5 88
6 -46
7 75
8 80
9 23
10 72
11 75
12 45
13 55
14 98
15 -4
16 63
17 -43
18 74
19 -43
20 29
21 98
22 -29
23 -74
24 -6
25 -56
26 38
27 -70
28 56
29 -90
30 16
31 -6
32 70
33 48
34 81
35 -90
36 16
37 3
38 20
39 51
40 -28
41 10
42 -69
43 59
44 64
45 87
46 81
47 25
48 51
49 -14
50 -43
51 -45
52 13
53 76
54 -7
55 23
56 54
57 -100
58 -44
59 -62
60 74
61 84
62 68
63 -72
64 21
65 -30
66 56
67 24
68 64
69 -90
70 9
71 -63
72 -35
73 -17
74 37
75 44
76 10
77 -52
78 -57
79 91
80 -36
81 -45
82 60
83 -88
84 14
85 15
86 -35
87 -5
88 -93
89 -30
90 -18
91 84
92 23
93 -35
94 90
95 51
96 39
97 96
98 70
99 76
100 -11
101 95
102 -8
103 66
104 74
105 87
106 2
107 -50
108 -58
109 -75
110 67
111 80
112 16
113 82
114 -64
115 -33
116 -36
117 37
118 -88
119 43
120 2
121 -79
122 73
123 -15
124 22
125 11
126 65
127 -36
