0 -71
1 -64
2 63
3 35
4 -72
5 -48
6 27
7 -57
8 2
9 -91
10 -61
11 15
12 -47
13 -73
14 46
15 -97
16 24
17 53
18 35
19 -36
20 -93
21 81
22 75
23 64
24 78
25 -20
26 77
27 -29
28 -13
29 -34
30 -99
31 11
32 -55
33 2
34 11
35 -37
36 -44
37 9
38 -74
39 55
40 -75
41 -19
42 -34
43 70
44 -44
45 62
46 -63
47 78
48 -28
49 -62
50 12
51 29
52 20
53 -59
54 -32
55 -92
56 54
57 -17
58 -12
59 -38
60 46
61 -82
62 -32
63 -24
64 20
65 -18
66 -83
67 80
68 -32
69 -12
70 -34
71 -17
72 47
73 -100
74 -25
75 -13
76 -42
77 57
78 -58
79 36
80 71
81 27
82 -34
83 40
84 -39
85 -20
86 54
87 57
88 61
89 -67
90 -84
91 -56
92 -55
93 87
94 -86
95 29
96 -71
97 -28
98 93
99 -58
100 -77
101 23
102 -44
103 -58
104 -55
105 7
106 -57
107 64
108 16
109 -99
110 -66
111 82
112 59
113 -6
114 3
115 -89
116 6
117 21
118 4
119 -55
120 21
121 55
122 100
123 6
124 -92
125 -63
126 -27
127 33
