0 31
1 37
2 26
3 -86
4 -38
5 -71
6 -53
7 86
8 -77
9 -8
10 -19
11 92
12 -6
13 18
14 -35
15 43
16 -87
17 -20
18 18
19 60
20 -72
21 -33
22 -9
23 -12
24 71
25 -30
26 29
27 65
28 51
29 -29
30 -54
31 44
32 -22
33 19
34 -90
35 91
36 -97
37 92
38 71
39 -31
40 -86
41 -55
42 -24
43 -92
44 -20
45 -84
46 -31
47 100
48 -33
49 69
50 -33
51 -97
52 -44
53 85
54 -98
55 54
56 59
57 -71
58 -56
59 95
60 48
61 -63
62 44
63 -47
64 76
65 -50
66 97
67 51
68 -13
69 -26
70 -42
71 -61
72 -10
73 -80
74 93
75 98
76 85
77 -14
78 81
79 35
80 -63
81 -94
82 -60
83 66
84 86
85 -23
86 -81
87 -63
88 47
89 -84
90 92
91 -19
92 -97
93 22
94 -85
95 26
96 -40
97 -13
98 -39
99 -99
100 84
101 43
102 0
103 91
104 14
105 38
106 -69
107 -95
108 18
109 -70
110 -15
111 42
112 -53
113 -6
114 -4
115 42
116 -12
117 -1
118 56
119 17
120 53
121 -53
122 93
123 59
124 -95
125 69
126 29
127 -26
