0 -96
1 58
2 -19
3 -87
4 10
5 -90
6 31
7 -86
8 84
9 -95
10 -68
11 35
12 -80
13 -25
14 93
15 10
16 -82
17 6
18 -12
19 -37
20 -42
21 19
22 -27
23 29
24 -95
25 34
26 93
27 -33
28 23
29 -57
30 -22
31 -83
32 -46
33 67
34 -23
35 36
36 79
37 -80
38 5
39 -11
40 98
41 30
42 -8
43 -26
44 82
45 91
46 -72
47 -25
48 -64
49 92
50 -22
51 37
52 19
53 23
54 -92
55 74
56 -99
57 -47
58 -16
59 -23
60 -76
61 13
62 -72
63 84
64 51
65 4
66 32
67 -7
68 6
69 -61
70 12
71 92
72 59
73 17
74 65
75 16
76 71
77 37
78 -36
79 -74
80 96
81 62
82 -88
83 -17
84 -94
85 -97
86 -74
87 -96
88 -45
89 -5
90 40
91 78
92 20
93 41
94 -85
95 22
96 -62
97 73
98 -25
99 16
100 -41
101 -97
102 80
103 64
104 89
105 60
106 -79
107 48
108 95
109 9
110 -27
111 13
112 -48
113 -43
114 -96
115 93
116 26
117 -36
118 89
119 74
120 17
121 53
122 51
123 -86
124 -85
125 31
126 86
127 46
