0 95
1 73
2 50
3 78
4 49
5 -78
6 36
7 -87
8 -40
9 79
10 52
11 37
12 -75
13 21
14 -55
15 67
16 -42
17 68
18 52
19 -22
20 -57
21 85
22 48
23 98
24 -44
25 -28
26 83
27 -66
28 -49
29 -62
30 -27
31 -100
32 36
33 -52
34 43
35 -7
36 -61
37 -15
38 -98
39 -34
40 -9
41 16
42 51
43 -96
44 -29
45 -36
46 -19
47 -85
48 86
49 -10
50 -82
51 -28
52 -55
53 -3
54 95
55 -85
56 -43
57 -3
58 1
59 73
60 72
61 -44
62 77
63 -4
64 34
65 -59
66 21
67 -54
68 -96
69 23
70 -65
71 21
72 23
73 -49
74 -66
75 85
76 88
77 -72
78 -63
79 72
80 34
81 -85
82 -58
83 -71
84 -77
85 63
86 -40
87 99
88 32
89 -77
90 -40
91 -39
92 82
93 19
94 -24
95 14
96 -98
97 -65
98 -24
99 -67
100 32
101 -25
102 79
103 20
104 -91
105 -57
106 32
107 -28
108 70
109 -61
110 61
111 -57
112 37
113 -53
114 -5
115 57
116 13
117 65
118 -98
119 39
120 -77
121 86
122 -70
123 78
124 -27
125 45
126 -52
127 -92
128 4
129 -60
130 23
131 -81
132 61
133 -81
134 65
135 93
136 71
137 -9
138 -40
139 17
140 24
141 -29
142 -26
143 -92
144 -78
145 -22
146 51
147 -69
148 -7
149 -57
150 74
151 12
152 -48
153 -86
154 6
155 64
156 -77
157 -51
158 -9
159 -99
160 59
161 59
162 -30
163 82
164 -67
165 16
166 -27
167 35
168 -36
169 84
170 -90
171 72
172 -88
173 45
174 55
175 -42
176 46
177 57
178 -88
179 94
180 -40
181 -41
182 50
183 -24
184 23
185 -56
186 94
187 53
188 -76
189 -82
190 -81
191 28
192 94
193 34
194 22
195 80
196 -17
197 31
198 42
199 -74
200 46
201 10
202 8
203 -45
204 -42
205 -95
206 -11
207 86
208 -63
209 48
210 80
211 -8
212 96
213 -50
214 72
215 30
216 16
217 19
218 -34
219 -13
220 -100
221 53
222 60
223 -34
224 3
225 -85
226 87
227 -14
228 56
229 -67
230 -6
231 50
232 33
233 60
234 100
235 93
236 5
237 -55
238 -94
239 -14
240 -73
241 61
242 44
243 42
244 -27
245 -1
246 58
247 82
248 46
249 -93
250 -94
251 -7
252 -45
253 -83
254 77
255 -14
