0 -26
1 61
2 -32
3 -64
4 -3
5 2
6 -64
7 -100
8 24
9 16
10 -7
11 -21
12 91
13 6
14 24
15 24
16 -49
17 -32
18 -78
19 -87
20 42
21 -55
22 -76
23 100
24 79
25 9
26 -11
27 76
28 -21
29 6
30 -90
31 3
32 90
33 95
34 -50
35 28
36 97
37 -40
38 48
39 -51
40 -69
41 -18
42 100
43 -8
44 86
45 94
46 -100
47 -40
48 -97
49 75
50 63
51 -26
52 -79
53 -97
54 32
55 98
56 86
57 2
58 60
59 -37
60 -42
61 -61
62 -78
63 26
64 -48
65 4
66 -53
67 -11
68 75
69 -88
70 -100
71 51
72 -26
73 43
74 6
75 -45
76 80
77 20
78 96
79 -50
80 38
81 50
82 -73
83 49
84 19
85 -80
86 10
87 -10
88 28
89 96
90 52
91 -65
92 39
93 -40
94 -56
95 -49
96 -75
97 97
98 46
99 93
100 -97
101 -51
102 -5
103 -48
104 -76
105 80
106 -59
107 21
108 25
109 -71
110 31
111 16
112 -66
113 55
114 -70
115 4
116 81
117 23
118 42
119 -94
120 -39
121 -22
122 89
123 98
124 -18
125 42
126 44
127 -61
128 41
129 -91
130 34
131 -57
132 19
133 -45
134 100
135 41
136 72
137 75
138 97
139 -59
140 66
141 -27
142 40
143 -10
144 76
145 65
146 22
147 82
148 87
149 -85
150 60
151 -30
152 -79
153 98
154 67
155 -32
156 -96
157 -29
158 -89
159 -3
160 99
161 39
162 0
163 35
164 -78
165 -67
166 -37
167 -23
168 -11
169 47
170 53
171 92
172 13
173 86
174 -89
175 -76
176 58
177 -70
178 -94
179 39
180 -80
181 43
182 29
183 39
184 4
185 63
186 95
187 56
188 45
189 5
190 67
191 70
192 -43
193 34
194 11
195 -51
196 71
197 -53
198 -91
199 -7
200 99
201 67
202 -21
203 -89
204 73
205 53
206 43
207 -54
208 8
209 -8
210 47
211 71
212 44
213 1
214 -47
215 -31
216 -34
217 -1
218 -29
219 32
220 17
221 -87
222 -20
223 46
224 -4
225 37
226 2
227 -94
228 19
229 27
230 82
231 17
232 -11
233 67
234 -81
235 -92
236 33
237 86
238 -69
239 13
240 89
241 -81
242 38
243 -69
244 -60
245 48
246 85
247 10
248 93
249 49
250 26
251 -51
252 -96
253 6
254 88
255 5
