0 -28
1 88
2 -52
3 45
4 -49
5 9
6 27
7 -60
8 -65
9 -71
10 65
11 49
12 -7
13 -97
14 -98
15 42
16 -47
17 -86
18 59
19 13
20 31
21 75
22 -3
23 74
24 69
25 -84
26 -2
27 5
28 -81
29 -54
30 57
31 -3
32 -71
33 46
34 9
35 88
36 -72
37 21
38 -68
39 94
40 39
41 -32
42 5
43 50
44 -69
45 -48
46 -60
47 80
48 -59
49 -36
50 -24
51 -77
52 -3
53 -40
54 -95
55 9
56 23
57 95
58 -21
59 87
60 -29
61 21
62 -27
63 -87
64 64
65 -8
66 17
67 65
68 -80
69 -6
70 73
71 79
72 66
73 12
74 10
75 -96
76 85
77 10
78 -59
79 92
80 -40
81 99
82 95
83 -31
84 82
85 61
86 29
87 -73
88 -44
89 -40
90 -72
91 23
92 5
93 -3
94 62
95 56
96 15
97 63
98 -51
99 20
100 -5
101 53
102 73
103 69
104 -88
105 -87
106 18
107 81
108 30
109 7
110 41
111 100
112 99
113 -68
114 83
115 24
116 14
117 40
118 -73
119 90
120 8
121 100
122 64
123 -73
124 -17
125 12
126 43
127 10
128 -18
129 76
130 -100
131 -51
132 -2
133 7
134 -67
135 -28
136 0
137 15
138 35
139 99
140 -50
141 -35
142 51
143 26
144 91
145 32
146 -93
147 4
148 -72
149 -66
150 -71
151 64
152 79
153 -93
154 43
155 27
156 -8
157 82
158 72
159 26
160 -69
161 -75
162 19
163 -93
164 -42
165 -44
166 -10
167 -4
168 -61
169 81
170 79
171 -9
172 85
173 -72
174 11
175 89
176 64
177 21
178 -96
179 -20
180 54
181 11
182 -93
183 56
184 -25
185 -96
186 44
187 -18
188 -88
189 59
190 -6
191 47
192 -25
193 -1
194 43
195 81
196 -82
197 -41
198 -4
199 1
200 52
201 64
202 -23
203 94
204 -43
205 3
206 -38
207 -21
208 73
209 -2
210 -2
211 81
212 -45
213 76
214 75
215 40
216 29
217 -41
218 -30
219 -91
220 14
221 78
222 20
223 23
224 2
225 -90
226 -12
227 12
228 79
229 23
230 -38
231 -93
232 74
233 -46
234 93
235 53
236 14
237 33
238 23
239 93
240 39
241 -60
242 -66
243 67
244 3
245 -94
246 -65
247 -32
248 91
249 72
250 -14
251 85
252 23
253 -88
254 99
255 -23
