0 -100
1 -17
2 -53
3 -97
4 -75
5 15
6 82
7 -69
8 64
9 75
10 81
11 35
12 -47
13 -78
14 45
15 37
16 73
17 94
18 96
19 11
20 25
21 43
22 57
23 -76
24 93
25 -81
26 -11
27 49
28 -6
29 -8
30 90
31 20
32 6
33 -50
34 33
35 -10
36 80
37 53
38 34
39 -69
40 68
41 61
42 56
43 -8
44 3
45 -1
46 -88
47 -37
48 -28
49 72
50 -39
51 48
52 -90
53 9
54 -45
55 87
56 -14
57 -49
58 -25
59 -9
60 56
61 60
62 -70
63 -90
64 -89
65 -31
66 19
67 -11
68 5
69 64
70 92
71 -100
72 38
73 46
74 -19
75 8
76 57
77 -24
78 19
79 5
80 15
81 -43
82 80
83 -25
84 4
85 -98
86 -60
87 -6
88 -57
89 34
90 -63
91 -30
92 -51
93 46
94 27
95 -67
96 18
97 32
98 47
99 85
100 89
101 -61
102 29
103 85
104 98
105 27
106 -19
107 -24
108 -75
109 -5
110 -85
111 -18
112 -71
113 -47
114 15
115 62
116 -61
117 -65
118 -96
119 -39
120 65
121 99
122 23
123 -50
124 -68
125 -2
126 51
127 29
128 41
129 -66
130 -97
131 -69
132 81
133 84
134 -61
135 12
136 -21
137 75
138 21
139 73
140 -29
141 24
142 -57
143 24
144 89
145 93
146 -66
147 64
148 42
149 -84
150 75
151 84
152 -70
153 79
154 -63
155 -55
156 86
157 6
158 60
159 -5
160 -66
161 73
162 0
163 -87
164 61
165 -63
166 21
167 37
168 31
169 -12
170 -1
171 8
172 -28
173 -42
174 -43
175 42
176 -25
177 61
178 70
179 -41
180 5
181 67
182 16
183 38
184 -75
185 -14
186 79
187 80
188 47
189 50
190 -67
191 29
192 -52
193 -33
194 15
195 79
196 -79
197 4
198 26
199 -13
200 98
201 0
202 52
203 54
204 2
205 35
206 -61
207 -97
208 -91
209 74
210 -4
211 35
212 58
213 7
214 -40
215 -2
216 -67
217 92
218 58
219 -94
220 13
221 -15
222 49
223 23
224 55
225 62
226 -95
227 52
228 40
229 -20
230 -14
231 27
232 -64
233 50
234 -76
235 -80
236 60
237 -82
238 -26
239 26
240 -51
241 96
242 -54
243 -16
244 -58
245 -67
246 -75
247 -70
248 28
249 81
250 -89
251 -35
252 91
253 1
254 -35
255 78
