0 95
1 -79
2 -61
3 34
4 -57
5 -60
6 46
7 -29
8 -57
9 -2
10 75
11 -26
12 27
13 79
14 44
15 100
16 -38
17 37
18 69
19 63
20 -30
21 -95
22 -28
23 -77
24 -71
25 41
26 74
27 -21
28 44
29 93
30 56
31 -96
32 77
33 -77
34 59
35 -80
36 23
37 -60
38 12
39 -55
40 -77
41 -31
42 1
43 60
44 -83
45 -81
46 71
47 -100
48 64
49 -53
50 18
51 -55
52 -66
53 -61
54 -22
55 -22
56 58
57 -11
58 14
59 62
60 -91
61 -20
62 49
63 56
64 -99
65 34
66 -87
67 39
68 30
69 -3
70 -34
71 -30
72 -78
73 -24
74 35
75 63
76 98
77 -87
78 26
79 -51
80 -6
81 86
82 -64
83 28
84 -86
85 -88
86 86
87 -75
88 47
89 33
90 -11
91 2
92 -5
93 -41
94 73
95 34
96 -70
97 82
98 -65
99 -68
100 -59
101 -44
102 -25
103 -29
104 1
105 94
106 -16
107 -48
108 36
109 39
110 96
111 -100
112 43
113 55
114 -72
115 -11
116 81
117 -63
118 -88
119 -47
120 9
121 -25
122 -13
123 67
124 -14
125 79
126 -96
127 -29
128 -9
129 44
130 -60
131 -40
132 100
133 -64
134 -85
135 64
136 -62
137 28
138 51
139 -93
140 57
141 -29
142 49
143 69
144 -64
145 26
146 -91
147 -21
148 1
149 65
150 12
151 -92
152 -12
153 -59
154 -13
155 -60
156 -69
157 71
158 55
159 34
160 14
161 -74
162 28
163 -38
164 -32
165 17
166 -79
167 2
168 -89
169 -10
170 -63
171 -37
172 -12
173 -13
174 23
175 -10
176 -80
177 95
178 81
179 -21
180 36
181 -77
182 -4
183 -30
184 -2
185 -84
186 -29
187 -45
188 34
189 99
190 61
191 57
192 -22
193 62
194 47
195 -31
196 -24
197 -12
198 97
199 51
200 -41
201 -1
202 -27
203 -76
204 26
205 76
206 -46
207 96
208 -24
209 -8
210 77
211 6
212 -65
213 68
214 58
215 50
216 7
217 87
218 -37
219 70
220 -93
221 -78
222 -13
223 -79
224 -1
225 90
226 -88
227 -43
228 -23
229 -83
230 27
231 -68
232 -70
233 40
234 -75
235 -23
236 70
237 87
238 -56
239 -64
240 78
241 -27
242 14
243 -75
244 -33
245 -44
246 -12
247 75
248 67
249 -6
250 -29
251 71
252 -18
253 -75
254 -11
255 89
