0 100
1 18
2 61
3 74
4 -30
5 63
6 -21
7 82
8 0
9 -59
10 -50
11 58
12 -14
13 -75
14 33
15 -28
16 76
17 -33
18 -11
19 81
20 69
21 -10
22 -31
23 35
24 14
25 -63
26 -26
27 15
28 42
29 -24
30 47
31 48
32 80
33 -49
34 -53
35 66
36 -85
37 1
38 12
39 -25
40 -44
41 -100
42 -27
43 79
44 -76
45 58
46 8
47 -92
48 59
49 -53
50 23
51 -75
52 -95
53 -70
54 11
55 19
56 87
57 -100
58 93
59 -66
60 41
61 88
62 11
63 -56
64 -56
65 4
66 -45
67 41
68 3
69 -25
70 -18
71 -85
72 15
73 -99
74 7
75 -67
76 -29
77 -6
78 -4
79 -39
80 -85
81 -96
82 11
83 77
84 96
85 -5
86 42
87 83
88 -56
89 95
90 -64
91 -34
92 9
93 3
94 83
95 -30
96 46
97 69
98 57
99 -74
100 38
101 -67
102 88
103 -31
104 8
105 -31
106 -69
107 54
108 14
109 -84
110 -85
111 -18
112 66
113 54
114 53
115 57
116 17
117 84
118 -35
119 -53
120 -46
121 -73
122 100
123 -5
124 45
125 -38
126 16
127 36
128 -26
129 18
130 100
131 -90
132 -29
133 27
134 76
135 -86
136 -11
137 -79
138 -87
139 34
140 15
141 -27
142 -22
143 -49
144 87
145 24
146 -78
147 46
148 51
149 66
150 -57
151 96
152 69
153 -32
154 -96
155 51
156 17
157 43
158 -28
159 68
160 -49
161 31
162 -46
163 -39
164 88
165 -95
166 -3
167 -2
168 -98
169 -90
170 46
171 -41
172 -51
173 -22
174 -93
175 91
176 90
177 -32
178 33
179 -51
180 -3
181 42
182 97
183 -22
184 -68
185 -98
186 -3
187 31
188 -96
189 25
190 -28
191 -59
192 1
193 -66
194 99
195 -53
196 27
197 -1
198 -17
199 -100
200 -29
201 81
202 -90
203 -74
204 -96
205 -60
206 38
207 23
208 67
209 -6
210 -58
211 18
212 84
213 59
214 -67
215 48
216 -1
217 29
218 77
219 38
220 -44
221 -13
222 -44
223 74
224 82
225 -22
226 58
227 59
228 -79
229 -70
230 -47
231 75
232 91
233 -35
234 -71
235 -3
236 -98
237 -51
238 46
239 -31
240 -21
241 97
242 -68
243 -93
244 -75
245 -58
246 -8
247 86
248 -10
249 74
250 -59
251 55
252 83
253 54
254 -90
255 -71
