0 -45
1 -89
2 -80
3 20
4 -33
5 -5
6 32
7 -89
8 60
9 -84
10 66
11 98
12 -29
13 -6
14 66
15 34
16 -10
17 49
18 78
19 66
20 57
21 -50
22 -98
23 94
24 -41
25 -47
26 73
27 68
28 -67
29 94
30 -13
31 -51
32 10
33 99
34 -18
35 -20
36 -2
37 56
38 -78
39 -77
40 73
41 -27
42 -9
43 99
44 -41
45 61
46 53
47 99
48 -42
49 -84
50 84
51 76
52 31
53 58
54 93
55 -2
56 12
57 -96
58 -47
59 96
60 -58
61 -99
62 64
63 23
64 -51
65 31
66 11
67 -22
68 27
69 -38
70 57
71 41
72 0
73 -20
74 23
75 29
76 -60
77 -46
78 -80
79 -92
80 1
81 -95
82 -5
83 -7
84 43
85 32
86 -50
87 93
88 45
89 -22
90 82
91 32
92 8
93 20
94 67
95 42
96 88
97 23
98 24
99 -8
100 37
101 25
102 51
103 -81
104 85
105 58
106 -91
107 49
108 -10
109 21
110 18
111 -53
112 -26
113 61
114 -76
115 54
116 55
117 -23
118 -34
119 47
120 9
121 -20
122 -53
123 69
124 12
125 69
126 -2
127 47
128 83
129 -5
130 -41
131 35
132 30
133 -28
134 -32
135 90
136 -87
137 -8
138 70
139 -14
140 51
141 -73
142 -78
143 47
144 -69
145 -81
146 52
147 36
148 22
149 53
150 -47
151 57
152 52
153 -19
154 -25
155 -66
156 49
157 62
158 11
159 23
160 -2
161 -39
162 -98
163 68
164 -2
165 -91
166 74
167 -93
168 27
169 -78
170 98
171 81
172 72
173 -35
174 57
175 -66
176 -55
177 -30
178 34
179 35
180 18
181 -51
182 -32
183 -61
184 -58
185 10
186 -99
187 -7
188 -50
189 -16
190 -43
191 15
192 -50
193 41
194 -35
195 -99
196 -57
197 -86
198 45
199 35
200 -56
201 6
202 40
203 65
204 -92
205 82
206 43
207 85
208 90
209 63
210 28
211 34
212 -99
213 -45
214 -100
215 -57
216 -61
217 60
218 -37
219 -57
220 11
221 -19
222 82
223 74
224 -76
225 -73
226 -37
227 -59
228 -37
229 51
230 -2
231 -74
232 -24
233 -1
234 57
235 -30
236 -45
237 20
238 -52
239 -50
240 37
241 -92
242 -38
243 20
244 36
245 -81
246 64
247 -46
248 -37
249 87
250 50
251 -76
252 15
253 69
254 -58
255 7
