0 43
1 -46
2 93
3 60
4 63
5 68
6 10
7 -73
8 45
9 6
10 67
11 89
12 36
13 59
14 -48
15 -33
16 34
17 51
18 77
19 -78
20 68
21 -54
22 91
23 48
24 66
25 -63
26 -34
27 -51
28 -46
29 19
30 85
31 -69
32 -48
33 35
34 51
35 -72
36 38
37 -65
38 -46
39 -87
40 -98
41 -8
42 96
43 -84
44 -70
45 -36
46 -88
47 -63
48 96
49 -78
50 97
51 10
52 -98
53 -37
54 72
55 87
56 -88
57 74
58 -84
59 -51
60 74
61 -71
62 -27
63 0
64 34
65 16
66 61
67 -39
68 -92
69 -13
70 -86
71 59
72 -85
73 35
74 -32
75 50
76 -9
77 30
78 -63
79 -49
80 76
81 -53
82 96
83 -15
84 85
85 15
86 -22
87 -93
88 85
89 -18
90 2
91 71
92 97
93 20
94 96
95 95
96 -9
97 -78
98 2
99 -6
100 79
101 -2
102 -45
103 58
104 -94
105 37
106 29
107 27
108 -53
109 -24
110 96
111 95
112 21
113 83
114 55
115 -79
116 43
117 -9
118 -16
119 61
120 99
121 -7
122 99
123 -29
124 64
125 -32
126 26
127 -47
128 -22
129 -22
130 39
131 98
132 -10
133 -66
134 -32
135 -52
136 63
137 -75
138 9
139 22
140 -25
141 36
142 93
143 69
144 -58
145 -82
146 93
147 -31
148 26
149 77
150 -71
151 53
152 -72
153 -34
154 76
155 21
156 -94
157 -18
158 -85
159 60
160 30
161 67
162 33
163 85
164 -54
165 85
166 67
167 -85
168 -20
169 -52
170 -22
171 -14
172 -8
173 -22
174 -30
175 80
176 38
177 55
178 5
179 -47
180 83
181 74
182 32
183 -7
184 -47
185 -54
186 23
187 -21
188 -62
189 98
190 28
191 69
192 18
193 -12
194 76
195 41
196 -54
197 -5
198 71
199 -30
200 35
201 -68
202 -34
203 -58
204 35
205 -81
206 20
207 70
208 -62
209 -53
210 -67
211 -60
212 -18
213 66
214 50
215 -43
216 -51
217 -71
218 22
219 -12
220 -13
221 -82
222 -82
223 13
224 92
225 66
226 -90
227 -14
228 24
229 58
230 37
231 -59
232 -64
233 33
234 -95
235 -50
236 72
237 100
238 -34
239 47
240 -11
241 -75
242 1
243 -73
244 -2
245 31
246 -67
247 -72
248 -80
249 -73
250 86
251 19
252 -54
253 -94
254 4
255 18
