0 -19
1 41
2 -29
3 -9
4 -67
5 20
6 94
7 64
8 17
9 -55
10 44
11 -34
12 -89
13 56
14 6
15 -16
16 -18
17 4
18 19
19 -8
20 60
21 -64
22 98
23 72
24 66
25 -36
26 87
27 -63
28 -43
29 -81
30 -77
31 -13
32 -11
33 73
34 -62
35 12
36 7
37 -85
38 85
39 -78
40 65
41 18
42 81
43 -30
44 -53
45 91
46 23
47 -1
48 64
49 -76
50 -70
51 -94
52 -64
53 29
54 1
55 -53
56 -5
57 21
58 42
59 -72
60 -87
61 85
62 66
63 -33
64 -87
65 -70
66 -18
67 -56
68 63
69 -39
70 83
71 31
72 41
73 -88
74 64
75 59
76 39
77 61
78 -36
79 26
80 -58
81 96
82 -44
83 -62
84 -39
85 88
86 -39
87 -77
88 -61
89 13
90 -38
91 46
92 -54
93 -56
94 -98
95 -63
96 95
97 30
98 78
99 25
100 -33
101 -16
102 76
103 -100
104 26
105 20
106 42
107 -53
108 73
109 8
110 49
111 -33
112 93
113 96
114 72
115 -83
116 -32
117 -89
118 -8
119 0
120 -72
121 30
122 93
123 -11
124 33
125 6
126 29
127 11
128 25
129 11
130 24
131 85
132 85
133 -17
134 -28
135 29
136 26
137 -13
138 -94
139 -89
140 -97
141 -18
142 23
143 -87
144 -16
145 -12
146 -4
147 35
148 -16
149 -2
150 85
151 -29
152 -8
153 41
154 25
155 72
156 70
157 21
158 -85
159 50
160 -67
161 47
162 86
163 47
164 -83
165 88
166 -70
167 -69
168 -96
169 -82
170 27
171 26
172 -75
173 -77
174 78
175 85
176 -82
177 -19
178 -3
179 -47
180 80
181 -39
182 -17
183 -60
184 -61
185 -49
186 64
187 -57
188 -83
189 -81
190 44
191 14
192 -86
193 -74
194 -56
195 -90
196 -44
197 43
198 21
199 26
200 41
201 2
202 25
203 53
204 7
205 48
206 1
207 -6
208 -91
209 18
210 62
211 -31
212 21
213 -95
214 52
215 17
216 -16
217 -98
218 -42
219 -20
220 -43
221 20
222 -79
223 -22
224 46
225 76
226 85
227 37
228 -93
229 -18
230 -45
231 -53
232 -12
233 45
234 -16
235 25
236 39
237 -63
238 -39
239 -41
240 28
241 39
242 26
243 80
244 18
245 -73
246 -63
247 -73
248 60
249 -7
250 -37
251 23
252 48
253 -14
254 76
255 26
