0 31
1 30
2 16
3 99
4 29
5 -72
6 19
7 97
8 60
9 71
10 82
11 73
12 60
13 10
14 -21
15 -1
16 89
17 16
18 -80
19 49
20 -77
21 -66
22 54
23 -11
24 49
25 -56
26 -6
27 17
28 25
29 -9
30 -6
31 66
32 -50
33 -98
34 -47
35 -56
36 -89
37 -2
38 -10
39 -60
40 -51
41 -21
42 -49
43 99
44 -24
45 -66
46 92
47 -54
48 18
49 63
50 66
51 76
52 -47
53 -47
54 16
55 -40
56 -67
57 -65
58 84
59 -7
60 10
61 -89
62 -84
63 46
64 90
65 -26
66 -43
67 -98
68 41
69 91
70 19
71 45
72 30
73 81
74 9
75 59
76 -95
77 49
78 -73
79 -16
80 58
81 89
82 -61
83 -16
84 -31
85 92
86 -49
87 1
88 56
89 -18
90 -79
91 82
92 92
93 -57
94 4
95 45
96 -65
97 -66
98 -15
99 -79
100 54
101 69
102 -37
103 74
104 53
105 2
106 63
107 70
108 23
109 33
110 -56
111 29
112 68
113 95
114 -70
115 -97
116 49
117 89
118 -53
119 85
120 80
121 10
122 98
123 -93
124 -66
125 70
126 46
127 -59
128 66
129 93
130 -15
131 -28
132 74
133 24
134 -93
135 84
136 8
137 -93
138 37
139 74
140 26
141 85
142 -46
143 -35
144 0
145 32
146 0
147 -28
148 69
149 35
150 48
151 34
152 46
153 -57
154 -13
155 -67
156 0
157 36
158 -34
159 -15
160 77
161 41
162 95
163 80
164 -23
165 -85
166 28
167 -35
168 -1
169 53
170 10
171 -67
172 -2
173 -16
174 23
175 -94
176 55
177 19
178 38
179 73
180 94
181 -69
182 -90
183 52
184 -32
185 76
186 -96
187 -94
188 2
189 -28
190 -98
191 60
192 -32
193 16
194 -29
195 68
196 96
197 18
198 93
199 -18
200 44
201 73
202 95
203 -45
204 -34
205 -24
206 9
207 -98
208 -85
209 13
210 63
211 20
212 18
213 -15
214 68
215 -62
216 47
217 83
218 25
219 2
220 21
221 70
222 -96
223 -42
224 69
225 -88
226 -16
227 67
228 -52
229 -48
230 89
231 52
232 57
233 -72
234 -46
235 -26
236 -73
237 -20
238 -99
239 34
240 -84
241 69
242 -44
243 -11
244 -90
245 12
246 -61
247 24
248 -34
249 6
250 74
251 -99
252 -52
253 50
254 -72
255 -90
