0 46
1 -6
2 41
3 72
4 -35
5 52
6 -39
7 45
8 -45
9 81
10 -40
11 7
12 -23
13 57
14 -98
15 56
16 -51
17 -1
18 -31
19 -56
20 -27
21 79
22 7
23 -15
24 -23
25 -56
26 15
27 26
28 -20
29 72
30 -42
31 55
32 77
33 -100
34 77
35 -80
36 -8
37 -29
38 -11
39 87
40 87
41 -54
42 -22
43 -37
44 -2
45 3
46 -31
47 -98
48 -13
49 -23
50 22
51 -80
52 71
53 36
54 34
55 -82
56 21
57 -85
58 -76
59 34
60 -32
61 16
62 -73
63 39
64 53
65 -42
66 -16
67 -17
68 -21
69 -98
70 -28
71 45
72 50
73 50
74 -3
75 -14
76 90
77 79
78 -74
79 98
80 -40
81 47
82 -72
83 -84
84 -18
85 82
86 41
87 3
88 -100
89 -43
90 -33
91 -98
92 -93
93 -39
94 -29
95 76
96 -26
97 -100
98 -71
99 96
100 -29
101 -55
102 -27
103 31
104 17
105 -20
106 57
107 -16
108 47
109 52
110 -84
111 -66
112 -59
113 -50
114 -27
115 -29
116 -15
117 -73
118 62
119 9
120 23
121 42
122 94
123 -25
124 -96
125 -15
126 -15
127 -81
128 -49
129 82
130 -37
131 -77
132 -93
133 -12
134 -28
135 83
136 -82
137 18
138 73
139 -12
140 63
141 -15
142 -64
143 -70
144 -8
145 39
146 80
147 37
148 66
149 79
150 -80
151 -99
152 -96
153 -96
154 45
155 -88
156 -33
157 -1
158 59
159 44
160 -98
161 68
162 -89
163 7
164 -44
165 65
166 32
167 99
168 -70
169 65
170 87
171 39
172 -89
173 33
174 -50
175 -90
176 21
177 83
178 4
179 10
180 -59
181 10
182 -91
183 -6
184 -21
185 -4
186 -4
187 -2
188 -30
189 -62
190 -45
191 33
192 -7
193 22
194 39
195 -78
196 -63
197 -93
198 -91
199 -38
200 -76
201 -11
202 -16
203 22
204 -84
205 49
206 10
207 -10
208 -99
209 71
210 84
211 78
212 75
213 95
214 -94
215 36
216 -10
217 68
218 8
219 0
220 -19
221 -39
222 -59
223 -33
224 -25
225 -83
226 84
227 58
228 -49
229 -97
230 70
231 -87
232 -74
233 75
234 -51
235 32
236 79
237 30
238 86
239 12
240 -11
241 89
242 -83
243 9
244 78
245 49
246 17
247 -27
248 48
249 -88
250 49
251 -81
252 73
253 54
254 3
255 47
