0 80
1 64
2 83
3 13
4 -3
5 -36
6 -87
7 -2
8 92
9 65
10 -48
11 94
12 21
13 -28
14 24
15 -41
16 -27
17 27
18 75
19 -66
20 -36
21 -9
22 41
23 -46
24 -11
25 -58
26 39
27 -26
28 97
29 -47
30 68
31 0
32 -19
33 -41
34 -98
35 -40
36 47
37 -38
38 29
39 56
40 23
41 66
42 52
43 89
44 -85
45 75
46 92
47 -33
48 -28
49 -71
50 -48
51 73
52 -93
53 16
54 -76
55 -50
56 -80
57 42
58 75
59 8
60 -65
61 -49
62 43
63 2
64 22
65 -39
66 -59
67 1
68 -15
69 13
70 -58
71 76
72 -68
73 -64
74 65
75 57
76 -87
77 0
78 58
79 -34
80 -84
81 -42
82 -72
83 39
84 72
85 77
86 -67
87 52
88 86
89 69
90 -69
91 -71
92 -28
93 -97
94 -1
95 -20
96 51
97 -28
98 -91
99 24
100 41
101 -63
102 -100
103 -89
104 -47
105 87
106 -35
107 -57
108 -48
109 10
110 31
111 -75
112 -80
113 55
114 -7
115 -16
116 -18
117 -40
118 -23
119 -16
120 12
121 -38
122 99
123 -27
124 82
125 47
126 -52
127 -75
128 32
129 -49
130 20
131 98
132 86
133 3
134 -93
135 -51
136 -53
137 -70
138 -22
139 13
140 73
141 -73
142 76
143 97
144 67
145 -63
146 -27
147 26
148 -77
149 54
150 -44
151 87
152 95
153 28
154 2
155 75
156 95
157 51
158 84
159 -26
160 -47
161 -15
162 53
163 43
164 52
165 66
166 48
167 51
168 -90
169 82
170 -19
171 -56
172 58
173 -69
174 -73
175 -31
176 -44
177 21
178 -96
179 6
180 -88
181 81
182 -13
183 68
184 91
185 95
186 -18
187 -77
188 80
189 0
190 -53
191 35
192 15
193 9
194 -53
195 19
196 -81
197 -36
198 -94
199 83
200 -15
201 -51
202 -77
203 -51
204 -71
205 -76
206 52
207 -2
208 -63
209 -75
210 66
211 -61
212 -53
213 -47
214 -99
215 -8
216 -28
217 -82
218 -30
219 81
220 62
221 98
222 -79
223 -34
224 -90
225 -64
226 72
227 -5
228 89
229 -14
230 21
231 43
232 -64
233 98
234 56
235 -100
236 7
237 -45
238 -16
239 34
240 1
241 51
242 -49
243 -18
244 -36
245 -38
246 26
247 15
248 2
249 -83
250 -67
251 90
252 91
253 -6
254 -65
255 16
256 80
257 -32
258 97
259 -56
260 75
261 -13
262 43
263 -70
264 2
265 -97
266 -65
267 15
268 -51
269 58
270 -49
271 -54
272 41
273 -15
274 -50
275 54
276 -97
277 76
278 -56
279 36
280 -81
281 -67
282 77
283 55
284 30
285 -71
286 78
287 -81
288 69
289 -99
290 5
291 -55
292 -4
293 -24
294 -26
295 29
296 -53
297 -4
298 66
299 70
300 72
301 31
302 81
303 41
304 9
305 -11
306 74
307 29
308 41
309 99
310 86
311 91
312 7
313 -78
314 -72
315 -21
316 -24
317 -60
318 65
319 -31
320 86
321 97
322 -35
323 23
324 98
325 55
326 17
327 -64
328 -57
329 -30
330 64
331 -71
332 -99
333 96
334 6
335 6
336 100
337 43
338 25
339 69
340 -37
341 -100
342 -20
343 -55
344 99
345 -47
346 86
347 69
348 50
349 38
350 21
351 -4
352 -10
353 79
354 -37
355 63
356 -75
357 68
358 -41
359 -47
360 -29
361 -77
362 58
363 -77
364 82
365 41
366 32
367 70
368 25
369 35
370 -90
371 21
372 57
373 72
374 18
375 -16
376 -57
377 24
378 84
379 -8
380 50
381 -3
382 -74
383 -81
384 -18
385 -69
386 -9
387 95
388 -28
389 65
390 58
391 37
392 34
393 94
394 -5
395 50
396 79
397 -60
398 19
399 98
400 51
401 78
402 -65
403 85
404 -100
405 90
406 -28
407 -87
408 -40
409 -72
410 -39
411 73
412 -17
413 17
414 -63
415 -82
416 -20
417 26
418 -93
419 -40
420 -10
421 36
422 41
423 49
424 90
425 26
426 52
427 69
428 82
429 -75
430 13
431 -52
432 -100
433 -30
434 18
435 51
436 76
437 33
438 55
439 89
440 81
441 48
442 95
443 -9
444 10
445 -11
446 -93
447 54
448 97
449 -32
450 78
451 -61
452 53
453 90
454 -44
455 79
456 -33
457 60
458 93
459 43
460 88
461 90
462 58
463 -50
464 -6
465 -69
466 -56
467 -86
468 28
469 21
470 -34
471 -85
472 -83
473 -30
474 97
475 -30
476 84
477 48
478 -94
479 -53
480 -11
481 -43
482 71
483 -76
484 -54
485 89
486 2
487 54
488 99
489 38
490 44
491 -22
492 -71
493 95
494 -47
495 33
496 53
497 -7
498 8
499 -79
500 -6
501 -52
502 -10
503 -47
504 85
505 -52
506 -82
507 -15
508 51
509 40
510 37
511 -30
