0 25
1 -96
2 5
3 95
4 -92
5 24
6 -53
7 -50
8 -92
9 9
10 23
11 62
12 -17
13 -2
14 18
15 20
16 84
17 64
18 -29
19 39
20 -25
21 -1
22 -57
23 -78
24 81
25 -82
26 27
27 -18
28 -42
29 -97
30 -9
31 2
32 59
33 87
34 -94
35 -12
36 -38
37 7
38 48
39 10
40 65
41 96
42 8
43 -2
44 77
45 -5
46 -35
47 33
48 52
49 -38
50 96
51 70
52 22
53 99
54 100
55 67
56 31
57 2
58 1
59 35
60 -32
61 -92
62 78
63 -60
64 52
65 -85
66 27
67 -77
68 -71
69 -80
70 -84
71 19
72 -89
73 -21
74 76
75 -62
76 -13
77 -66
78 -15
79 72
80 -93
81 23
82 -40
83 92
84 65
85 -2
86 86
87 37
88 -82
89 -68
90 10
91 6
92 -62
93 5
94 21
95 67
96 -77
97 -36
98 -28
99 -99
100 43
101 -51
102 -92
103 51
104 74
105 -16
106 -22
107 100
108 24
109 -91
110 59
111 -37
112 -66
113 -80
114 -93
115 -19
116 -45
117 -67
118 53
119 -28
120 -58
121 29
122 10
123 -75
124 -32
125 60
126 -86
127 -95
128 -52
129 12
130 8
131 -36
132 -13
133 -56
134 -90
135 -68
136 -40
137 -64
138 -84
139 8
140 83
141 -58
142 5
143 -49
144 -19
145 -54
146 -11
147 -41
148 78
149 -69
150 38
151 -38
152 75
153 -8
154 -20
155 -23
156 -82
157 -33
158 78
159 10
160 23
161 -8
162 60
163 -1
164 -51
165 98
166 77
167 81
168 -89
169 -35
170 59
171 -19
172 59
173 -98
174 -56
175 6
176 7
177 33
178 22
179 73
180 -8
181 -39
182 -63
183 -25
184 43
185 18
186 9
187 -37
188 56
189 89
190 -4
191 80
192 26
193 -57
194 -71
195 -23
196 -81
197 -10
198 14
199 37
200 32
201 -33
202 6
203 -53
204 88
205 -80
206 -15
207 -86
208 88
209 -80
210 -17
211 3
212 33
213 -2
214 69
215 -43
216 -34
217 -38
218 -100
219 -74
220 58
221 64
222 -64
223 10
224 -89
225 -66
226 34
227 58
228 73
229 18
230 -7
231 -49
232 -33
233 -44
234 -66
235 -12
236 11
237 90
238 5
239 -7
240 -89
241 81
242 91
243 78
244 17
245 -13
246 23
247 94
248 -76
249 59
250 -32
251 -33
252 -59
253 -55
254 -73
255 -65
256 -48
257 16
258 1
259 -13
260 73
261 -82
262 81
263 -84
264 29
265 74
266 -73
267 -53
268 13
269 -27
270 -9
271 39
272 64
273 23
274 21
275 13
276 98
277 28
278 60
279 -34
280 21
281 -8
282 -13
283 -15
284 96
285 71
286 66
287 -17
288 79
289 -15
290 68
291 41
292 37
293 -97
294 56
295 88
296 -11
297 40
298 33
299 94
300 -24
301 78
302 -80
303 -60
304 79
305 -73
306 -7
307 82
308 96
309 -73
310 -2
311 -87
312 -36
313 -28
314 -12
315 56
316 -98
317 -70
318 -36
319 2
320 -11
321 19
322 21
323 59
324 26
325 6
326 -15
327 -26
328 -93
329 -8
330 -74
331 -68
332 78
333 29
334 27
335 -71
336 59
337 5
338 -60
339 -83
340 3
341 -9
342 26
343 2
344 -84
345 -10
346 52
347 -31
348 -27
349 42
350 84
351 11
352 -76
353 0
354 72
355 6
356 -84
357 -76
358 69
359 -8
360 49
361 -16
362 -99
363 19
364 75
365 -17
366 40
367 72
368 27
369 100
370 88
371 21
372 -58
373 -94
374 -96
375 -14
376 19
377 58
378 28
379 -18
380 78
381 88
382 44
383 -23
384 76
385 60
386 84
387 24
388 93
389 -15
390 -73
391 -41
392 -31
393 94
394 -100
395 81
396 -48
397 2
398 -53
399 -49
400 95
401 -36
402 55
403 45
404 -95
405 -55
406 98
407 94
408 -2
409 -4
410 14
411 -1
412 63
413 18
414 -92
415 48
416 72
417 -99
418 -65
419 86
420 -75
421 88
422 -78
423 -3
424 47
425 72
426 28
427 84
428 36
429 97
430 53
431 39
432 -17
433 -60
434 -32
435 47
436 3
437 4
438 -64
439 18
440 55
441 -83
442 -35
443 -74
444 51
445 -42
446 -81
447 47
448 -22
449 -16
450 -62
451 -15
452 96
453 77
454 -5
455 10
456 29
457 -25
458 52
459 40
460 -61
461 8
462 0
463 79
464 57
465 10
466 -49
467 -51
468 -15
469 -74
470 62
471 14
472 -14
473 -42
474 96
475 59
476 -20
477 -72
478 -57
479 -62
480 -48
481 -85
482 -63
483 -72
484 -50
485 -96
486 -53
487 -81
488 -38
489 96
490 -78
491 29
492 59
493 -45
494 23
495 81
496 75
497 100
498 -47
499 -48
500 -3
501 35
502 49
503 88
504 -14
505 71
506 8
507 -19
508 93
509 46
510 -62
511 -78
