0 -84
1 -49
2 49
3 53
4 -93
5 75
6 -19
7 62
8 -3
9 90
10 -98
11 81
12 -85
13 89
14 22
15 15
16 -62
17 -9
18 44
19 48
20 -26
21 8
22 94
23 -73
24 76
25 87
26 21
27 -33
28 -10
29 -11
30 -16
31 71
32 65
33 -68
34 8
35 80
36 42
37 -24
38 74
39 -55
40 -20
41 2
42 20
43 -100
44 -89
45 32
46 59
47 24
48 -97
49 1
50 90
51 35
52 -90
53 98
54 -73
55 -31
56 32
57 -7
58 -88
59 -45
60 25
61 67
62 5
63 88
64 1
65 -21
66 -27
67 -30
68 44
69 -82
70 -19
71 23
72 30
73 16
74 -89
75 72
76 -68
77 93
78 73
79 -78
80 -27
81 2
82 -83
83 67
84 -93
85 -99
86 43
87 24
88 -33
89 21
90 -82
91 92
92 -5
93 -37
94 93
95 31
96 12
97 97
98 53
99 -12
100 -87
101 -6
102 34
103 68
104 -3
105 -93
106 42
107 87
108 42
109 -45
110 14
111 -88
112 -23
113 28
114 10
115 -3
116 24
117 73
118 10
119 -59
120 86
121 57
122 61
123 -74
124 11
125 -47
126 47
127 68
128 94
129 10
130 -85
131 56
132 -2
133 -82
134 -72
135 -82
136 19
137 -2
138 4
139 73
140 -73
141 -30
142 33
143 12
144 26
145 -93
146 90
147 -62
148 -24
149 -58
150 16
151 -52
152 -85
153 -62
154 50
155 68
156 -60
157 27
158 -96
159 -93
160 88
161 -90
162 89
163 53
164 -29
165 57
166 36
167 71
168 -70
169 69
170 100
171 90
172 -78
173 -47
174 90
175 18
176 -53
177 93
178 -91
179 -44
180 70
181 37
182 10
183 90
184 9
185 -40
186 -68
187 -93
188 -33
189 -21
190 92
191 53
192 81
193 13
194 -24
195 77
196 45
197 45
198 64
199 54
200 50
201 95
202 19
203 -88
204 -17
205 -97
206 -33
207 86
208 84
209 74
210 -43
211 -92
212 -12
213 51
214 17
215 -25
216 -92
217 -28
218 88
219 -18
220 56
221 -46
222 56
223 -38
224 -32
225 -90
226 97
227 67
228 -94
229 86
230 -41
231 -95
232 67
233 46
234 -41
235 3
236 63
237 93
238 18
239 20
240 -55
241 -7
242 -64
243 -60
244 41
245 -73
246 71
247 9
248 -34
249 76
250 85
251 -99
252 -26
253 -95
254 -99
255 -39
256 45
257 24
258 97
259 13
260 4
261 -25
262 -43
263 -29
264 93
265 62
266 -98
267 73
268 99
269 75
270 69
271 -38
272 -58
273 14
274 -62
275 -74
276 61
277 61
278 80
279 -93
280 -12
281 35
282 3
283 3
284 34
285 -40
286 -92
287 41
288 17
289 -44
290 22
291 10
292 57
293 62
294 66
295 -40
296 86
297 -8
298 -31
299 2
300 96
301 82
302 83
303 70
304 -1
305 7
306 -47
307 95
308 -17
309 -53
310 -64
311 -95
312 60
313 20
314 67
315 -59
316 2
317 46
318 -60
319 -42
320 -97
321 11
322 90
323 -59
324 54
325 -48
326 39
327 94
328 -31
329 67
330 -78
331 22
332 -54
333 -72
334 60
335 -73
336 -67
337 83
338 -89
339 -41
340 10
341 -32
342 58
343 53
344 62
345 -98
346 -76
347 24
348 41
349 -14
350 19
351 64
352 -71
353 -11
354 100
355 -65
356 -18
357 -30
358 83
359 -68
360 -63
361 63
362 -80
363 56
364 -56
365 -93
366 -42
367 -1
368 19
369 87
370 -85
371 -6
372 90
373 3
374 30
375 89
376 -12
377 37
378 9
379 -49
380 -72
381 -19
382 68
383 1
384 27
385 -16
386 11
387 78
388 -43
389 -62
390 -73
391 8
392 -45
393 -82
394 55
395 -67
396 -67
397 49
398 91
399 98
400 85
401 89
402 -67
403 -96
404 79
405 -41
406 -52
407 54
408 50
409 -76
410 79
411 -32
412 -37
413 18
414 69
415 -3
416 -8
417 42
418 -81
419 94
420 -86
421 -62
422 68
423 -73
424 -12
425 -54
426 73
427 -52
428 -84
429 -61
430 -50
431 100
432 -30
433 -82
434 13
435 62
436 -72
437 60
438 -33
439 -24
440 28
441 -100
442 92
443 -41
444 42
445 -24
446 41
447 11
448 10
449 -85
450 -35
451 33
452 -84
453 -34
454 20
455 -2
456 -68
457 -96
458 -94
459 -80
460 -85
461 20
462 5
463 8
464 -28
465 50
466 34
467 -54
468 -91
469 8
470 40
471 16
472 48
473 41
474 23
475 -51
476 -54
477 -98
478 -70
479 -22
480 -25
481 -37
482 -77
483 13
484 63
485 3
486 -50
487 -49
488 30
489 58
490 -82
491 5
492 -27
493 9
494 60
495 -23
496 31
497 61
498 90
499 -87
500 74
501 68
502 -60
503 -15
504 -66
505 73
506 24
507 7
508 -45
509 -61
510 -76
511 22
