0 -93
1 -16
2 30
3 79
4 32
5 54
6 11
7 -8
8 67
9 -24
10 83
11 -94
12 40
13 86
14 -18
15 -30
16 69
17 -10
18 22
19 -83
20 -2
21 76
22 -91
23 86
24 74
25 -66
26 -61
27 26
28 38
29 -4
30 -71
31 10
32 78
33 -79
34 2
35 -47
36 -36
37 -9
38 -69
39 -41
40 26
41 4
42 -13
43 52
44 41
45 -18
46 21
47 -76
48 -68
49 -27
50 72
51 36
52 -50
53 -52
54 24
55 -93
56 66
57 -52
58 28
59 87
60 -59
61 26
62 -11
63 -1
64 6
65 -87
66 -67
67 55
68 -94
69 -100
70 -41
71 -12
72 60
73 -63
74 47
75 -80
76 44
77 -29
78 42
79 -57
80 43
81 -73
82 -21
83 96
84 -72
85 78
86 -94
87 12
88 -75
89 18
90 -29
91 -37
92 31
93 46
94 15
95 -14
96 -19
97 66
98 -42
99 81
100 9
101 15
102 14
103 53
104 -47
105 57
106 51
107 0
108 -91
109 -77
110 -24
111 50
112 97
113 99
114 78
115 57
116 65
117 8
118 -98
119 -47
120 -100
121 -98
122 -37
123 100
124 -73
125 -73
126 52
127 46
128 -10
129 -3
130 -20
131 76
132 10
133 2
134 -59
135 -43
136 81
137 17
138 -51
139 -43
140 61
141 27
142 -57
143 -57
144 -92
145 -9
146 -62
147 18
148 85
149 61
150 -20
151 -73
152 10
153 -25
154 -86
155 97
156 -8
157 -32
158 77
159 76
160 47
161 -50
162 23
163 5
164 39
165 -77
166 38
167 76
168 2
169 -100
170 -80
171 55
172 -86
173 -51
174 0
175 -65
176 40
177 -91
178 -37
179 -54
180 36
181 -94
182 -56
183 24
184 -23
185 -17
186 -9
187 50
188 -32
189 16
190 -29
191 -24
192 33
193 -48
194 85
195 -72
196 43
197 -30
198 60
199 -57
200 -84
201 -61
202 -33
203 -83
204 -7
205 -98
206 81
207 -28
208 -100
209 2
210 12
211 17
212 35
213 19
214 -41
215 -53
216 58
217 24
218 -66
219 89
220 -44
221 -20
222 -84
223 30
224 -90
225 14
226 -2
227 -7
228 78
229 6
230 -61
231 83
232 -78
233 -15
234 -55
235 -30
236 -22
237 47
238 -67
239 13
240 10
241 -2
242 -16
243 -65
244 31
245 72
246 -65
247 -20
248 -44
249 51
250 -82
251 -64
252 30
253 87
254 -37
255 -28
256 -81
257 69
258 -56
259 70
260 -3
261 -63
262 94
263 28
264 -70
265 -54
266 86
267 56
268 30
269 -92
270 8
271 54
272 -68
273 31
274 -31
275 16
276 -37
277 -11
278 29
279 48
280 57
281 -91
282 -33
283 -13
284 -24
285 -94
286 -1
287 -20
288 -78
289 37
290 7
291 -76
292 -40
293 85
294 28
295 -2
296 48
297 -31
298 56
299 -24
300 30
301 -56
302 -39
303 86
304 -24
305 95
306 -74
307 -46
308 88
309 68
310 -57
311 0
312 57
313 76
314 83
315 -71
316 -80
317 90
318 -42
319 -47
320 32
321 -64
322 83
323 -67
324 -63
325 85
326 13
327 -61
328 -22
329 -3
330 -3
331 60
332 -57
333 87
334 -24
335 0
336 62
337 69
338 8
339 54
340 95
341 -65
342 65
343 -51
344 -9
345 -22
346 -13
347 -27
348 -73
349 7
350 -80
351 -32
352 57
353 87
354 -66
355 -5
356 37
357 2
358 11
359 29
360 -32
361 -3
362 80
363 -53
364 -71
365 25
366 -90
367 -30
368 -94
369 78
370 43
371 -30
372 -56
373 8
374 62
375 54
376 -75
377 -49
378 -55
379 -12
380 -7
381 49
382 -87
383 -82
384 67
385 63
386 41
387 -11
388 -35
389 72
390 99
391 54
392 47
393 -3
394 32
395 -6
396 -39
397 65
398 -69
399 37
400 -62
401 -75
402 -33
403 7
404 -10
405 -85
406 -83
407 -33
408 73
409 52
410 -72
411 12
412 -18
413 -62
414 -44
415 8
416 7
417 41
418 -13
419 57
420 85
421 47
422 45
423 59
424 -8
425 -61
426 91
427 -73
428 92
429 -70
430 -26
431 -40
432 51
433 57
434 76
435 97
436 43
437 31
438 -75
439 21
440 -52
441 32
442 -88
443 -39
444 -80
445 -76
446 33
447 73
448 20
449 93
450 -78
451 -14
452 61
453 -61
454 -45
455 -56
456 -1
457 40
458 -39
459 -74
460 5
461 7
462 -75
463 -23
464 49
465 -88
466 -75
467 -83
468 -41
469 -78
470 52
471 86
472 86
473 -37
474 -28
475 8
476 -42
477 -62
478 -42
479 -93
480 24
481 5
482 -17
483 10
484 -23
485 -95
486 38
487 -50
488 -7
489 -47
490 -88
491 16
492 -23
493 -58
494 -82
495 32
496 62
497 -60
498 66
499 4
500 -35
501 85
502 -39
503 -51
504 -42
505 -96
506 24
507 89
508 -82
509 87
510 75
511 -32
