0 12
1 30
2 -32
3 45
4 95
5 -79
6 3
7 26
8 -44
9 -100
10 -96
11 -53
12 88
13 -76
14 -79
15 38
16 -51
17 -65
18 -6
19 36
20 76
21 -25
22 43
23 44
24 93
25 71
26 23
27 38
28 76
29 19
30 43
31 -8
32 66
33 -100
34 37
35 2
36 77
37 50
38 -49
39 -15
40 19
41 -74
42 -80
43 29
44 23
45 -72
46 -38
47 -85
48 40
49 -57
50 -47
51 -81
52 -15
53 -16
54 52
55 -43
56 11
57 87
58 33
59 80
60 -53
61 -69
62 82
63 -24
64 -76
65 -27
66 -56
67 43
68 86
69 38
70 -56
71 72
72 -74
73 -81
74 -71
75 69
76 -95
77 71
78 -78
79 -25
80 -49
81 -54
82 26
83 -76
84 -53
85 -9
86 29
87 -20
88 98
89 46
90 77
91 37
92 -71
93 3
94 84
95 -89
96 -33
97 53
98 64
99 91
100 -87
101 7
102 -35
103 -53
104 57
105 27
106 -87
107 77
108 -59
109 33
110 -91
111 -46
112 -54
113 62
114 9
115 -33
116 -24
117 100
118 76
119 9
120 -86
121 55
122 55
123 -60
124 9
125 16
126 6
127 22
128 47
129 -45
130 74
131 69
132 -18
133 35
134 77
135 60
136 -80
137 43
138 -11
139 84
140 40
141 53
142 49
143 -85
144 -8
145 86
146 22
147 3
148 69
149 45
150 33
151 92
152 -14
153 42
154 61
155 -24
156 40
157 -17
158 -78
159 37
160 -16
161 -39
162 -25
163 34
164 19
165 87
166 51
167 -86
168 -55
169 -37
170 -9
171 -57
172 -90
173 3
174 -40
175 -76
176 100
177 -79
178 -77
179 16
180 32
181 -31
182 -69
183 91
184 10
185 -87
186 43
187 -93
188 79
189 82
190 -96
191 -32
192 -9
193 90
194 40
195 -42
196 78
197 -23
198 -37
199 0
200 4
201 3
202 66
203 27
204 92
205 25
206 79
207 63
208 -6
209 -36
210 37
211 -99
212 -74
213 -48
214 -81
215 18
216 32
217 93
218 74
219 -93
220 58
221 -99
222 80
223 -60
224 -64
225 -66
226 88
227 21
228 17
229 90
230 -6
231 22
232 -58
233 68
234 -95
235 63
236 -80
237 65
238 -39
239 -82
240 5
241 22
242 -55
243 -63
244 30
245 -61
246 20
247 47
248 2
249 -73
250 44
251 69
252 -94
253 84
254 43
255 -44
256 -88
257 98
258 -28
259 49
260 -51
261 69
262 -16
263 45
264 -82
265 -97
266 -99
267 -55
268 -51
269 60
270 -64
271 18
272 -92
273 71
274 54
275 -85
276 8
277 8
278 -31
279 33
280 -47
281 8
282 -56
283 20
284 -95
285 -92
286 -78
287 -40
288 27
289 -94
290 -33
291 71
292 31
293 -23
294 68
295 -53
296 -45
297 93
298 -48
299 -33
300 4
301 -30
302 64
303 14
304 65
305 -83
306 15
307 -82
308 35
309 97
310 -77
311 59
312 19
313 22
314 -66
315 89
316 -10
317 -17
318 -73
319 -63
320 -55
321 53
322 24
323 63
324 36
325 94
326 28
327 74
328 64
329 -55
330 -97
331 -31
332 100
333 31
334 72
335 -22
336 -53
337 93
338 73
339 -1
340 -22
341 -5
342 -15
343 86
344 15
345 -65
346 87
347 -39
348 30
349 15
350 -63
351 -82
352 -4
353 -88
354 -25
355 73
356 8
357 91
358 -21
359 -69
360 31
361 54
362 94
363 -91
364 69
365 -43
366 -65
367 -32
368 93
369 29
370 43
371 -89
372 96
373 -80
374 42
375 54
376 -52
377 0
378 9
379 18
380 -44
381 71
382 -15
383 8
384 54
385 70
386 -12
387 -5
388 -55
389 -3
390 -37
391 72
392 75
393 -24
394 -77
395 -12
396 50
397 97
398 58
399 -55
400 -89
401 31
402 71
403 57
404 -20
405 -37
406 50
407 17
408 57
409 9
410 37
411 -43
412 72
413 -95
414 6
415 13
416 -94
417 41
418 -82
419 -27
420 41
421 70
422 36
423 -75
424 -10
425 -72
426 89
427 -1
428 -91
429 13
430 -3
431 35
432 -28
433 61
434 -14
435 27
436 48
437 -1
438 54
439 93
440 81
441 44
442 -89
443 79
444 -56
445 90
446 -66
447 -9
448 -16
449 20
450 68
451 -92
452 -39
453 41
454 -15
455 39
456 94
457 -53
458 -58
459 64
460 -84
461 -41
462 93
463 38
464 69
465 85
466 -2
467 -99
468 56
469 80
470 -20
471 -7
472 -33
473 70
474 -20
475 21
476 26
477 -64
478 -92
479 19
480 74
481 61
482 -1
483 -30
484 55
485 47
486 68
487 -34
488 61
489 -12
490 -17
491 100
492 -50
493 77
494 68
495 15
496 -99
497 29
498 79
499 78
500 -63
501 -24
502 -26
503 -46
504 83
505 25
506 89
507 85
508 41
509 -58
510 54
511 -41
