0 66
1 41
2 -92
3 -87
4 -60
5 48
6 -40
7 76
8 37
9 51
10 46
11 -76
12 -42
13 8
14 80
15 7
16 79
17 49
18 -84
19 94
20 -83
21 56
22 -50
23 -49
24 50
25 -10
26 29
27 -23
28 51
29 -78
30 -56
31 -69
32 -26
33 -24
34 -34
35 -93
36 -19
37 38
38 -85
39 -99
40 78
41 30
42 -34
43 60
44 22
45 78
46 -33
47 95
48 -44
49 74
50 -7
51 55
52 47
53 -15
54 76
55 46
56 46
57 -82
58 -10
59 39
60 -3
61 -3
62 -55
63 -7
64 86
65 72
66 30
67 -91
68 -34
69 4
70 -11
71 -68
72 -85
73 -77
74 54
75 -87
76 91
77 86
78 94
79 98
80 50
81 46
82 17
83 73
84 -8
85 -9
86 -44
87 19
88 -79
89 24
90 -92
91 7
92 16
93 11
94 89
95 -100
96 96
97 -23
98 -93
99 84
100 -24
101 -47
102 -57
103 -43
104 91
105 -69
106 -75
107 -37
108 19
109 -13
110 76
111 -95
112 -20
113 -26
114 73
115 22
116 -60
117 36
118 -6
119 -20
120 -76
121 18
122 67
123 -24
124 -80
125 -74
126 -32
127 -8
128 54
129 -93
130 -65
131 29
132 -47
133 -44
134 4
135 53
136 -93
137 75
138 42
139 63
140 40
141 64
142 -89
143 -21
144 -91
145 50
146 -38
147 31
148 8
149 25
150 50
151 -90
152 20
153 -59
154 -88
155 16
156 26
157 -96
158 -35
159 93
160 42
161 -91
162 -40
163 -1
164 0
165 -32
166 -20
167 72
168 41
169 42
170 49
171 -15
172 32
173 86
174 -57
175 81
176 -80
177 -3
178 28
179 45
180 -9
181 70
182 94
183 -97
184 49
185 10
186 -64
187 93
188 -54
189 7
190 -67
191 20
192 -65
193 -5
194 89
195 -62
196 98
197 80
198 55
199 -6
200 -25
201 -81
202 -14
203 -20
204 36
205 -41
206 -10
207 -42
208 64
209 -63
210 36
211 55
212 25
213 -48
214 -12
215 77
216 -36
217 39
218 5
219 -13
220 -74
221 93
222 48
223 22
224 11
225 98
226 -95
227 14
228 86
229 -73
230 96
231 -15
232 100
233 -10
234 49
235 -55
236 39
237 99
238 -40
239 -13
240 13
241 4
242 -2
243 -79
244 -85
245 12
246 40
247 -71
248 -42
249 -85
250 -20
251 66
252 -24
253 -17
254 -33
255 100
256 -25
257 3
258 100
259 -14
260 -50
261 -13
262 2
263 77
264 -89
265 69
266 15
267 17
268 89
269 93
270 -10
271 38
272 -11
273 -76
274 -57
275 -24
276 41
277 45
278 -33
279 43
280 -70
281 18
282 -53
283 -30
284 90
285 -92
286 73
287 -82
288 75
289 12
290 30
291 -6
292 39
293 -4
294 -7
295 -60
296 -43
297 35
298 -75
299 -47
300 -17
301 -18
302 34
303 62
304 85
305 24
306 -54
307 -96
308 88
309 3
310 -27
311 -87
312 -63
313 -12
314 -47
315 -96
316 100
317 51
318 49
319 9
320 -84
321 -42
322 81
323 -20
324 5
325 55
326 -86
327 79
328 -8
329 53
330 80
331 89
332 -85
333 49
334 -26
335 95
336 19
337 -27
338 -90
339 -16
340 40
341 -82
342 49
343 -58
344 52
345 90
346 68
347 -26
348 -34
349 91
350 -68
351 15
352 99
353 14
354 -78
355 -90
356 -18
357 15
358 10
359 32
360 -27
361 -64
362 -65
363 -64
364 24
365 86
366 -99
367 46
368 37
369 -2
370 40
371 1
372 -66
373 51
374 77
375 78
376 -23
377 69
378 10
379 38
380 97
381 -100
382 68
383 7
384 -47
385 -57
386 -51
387 -94
388 -93
389 29
390 -53
391 33
392 -80
393 43
394 -99
395 -27
396 -80
397 45
398 -30
399 -53
400 91
401 100
402 -91
403 66
404 -13
405 21
406 11
407 -11
408 -18
409 -89
410 -91
411 -35
412 76
413 69
414 42
415 87
416 -7
417 27
418 -43
419 72
420 -35
421 -56
422 -21
423 21
424 -15
425 -10
426 -68
427 34
428 37
429 33
430 -13
431 -55
432 -47
433 5
434 -77
435 -90
436 -27
437 55
438 8
439 55
440 -44
441 21
442 -80
443 -23
444 100
445 73
446 100
447 17
448 -18
449 68
450 -44
451 -23
452 -96
453 6
454 17
455 -42
456 -92
457 -85
458 31
459 -59
460 16
461 3
462 1
463 6
464 -81
465 7
466 -62
467 -47
468 47
469 -36
470 63
471 93
472 25
473 50
474 -11
475 -85
476 98
477 30
478 -72
479 68
480 -91
481 -33
482 58
483 94
484 -76
485 -98
486 31
487 53
488 24
489 -40
490 -9
491 -71
492 -35
493 -47
494 -98
495 11
496 47
497 47
498 -48
499 83
500 78
501 -28
502 44
503 -58
504 -54
505 23
506 -98
507 -3
508 4
509 67
510 28
511 65
