0 57
1 -79
2 -36
3 -81
4 11
5 -92
6 -67
7 -98
8 -91
9 5
10 14
11 -6
12 92
13 -80
14 -85
15 -58
16 58
17 42
18 -64
19 -83
20 -42
21 43
22 -81
23 81
24 -74
25 -100
26 -77
27 -98
28 -24
29 -63
30 49
31 -43
32 -18
33 -79
34 -41
35 53
36 -81
37 9
38 -15
39 -65
40 60
41 62
42 -91
43 33
44 40
45 -69
46 12
47 82
48 -18
49 -55
50 -27
51 -54
52 0
53 8
54 -80
55 -57
56 96
57 -1
58 -77
59 5
60 59
61 -2
62 32
63 -60
64 -30
65 23
66 83
67 -70
68 -67
69 29
70 7
71 58
72 30
73 -15
74 60
75 -50
76 67
77 70
78 -53
79 29
80 -86
81 -62
82 74
83 -67
84 4
85 -33
86 1
87 66
88 25
89 11
90 -22
91 -52
92 69
93 -21
94 38
95 99
96 12
97 -47
98 -95
99 -98
100 -48
101 -36
102 -97
103 -20
104 -27
105 -99
106 4
107 94
108 -27
109 -58
110 18
111 -52
112 34
113 50
114 36
115 20
116 -20
117 3
118 -73
119 88
120 12
121 68
122 -88
123 55
124 -43
125 21
126 -97
127 -37
128 81
129 -91
130 90
131 -41
132 -1
133 -14
134 -11
135 -63
136 -76
137 5
138 32
139 68
140 -3
141 -68
142 -54
143 -89
144 55
145 35
146 16
147 -43
148 35
149 17
150 -39
151 8
152 69
153 79
154 -45
155 17
156 95
157 -26
158 8
159 42
160 47
161 -51
162 -20
163 78
164 -62
165 96
166 100
167 -52
168 -62
169 -94
170 57
171 -87
172 -36
173 -53
174 -35
175 -37
176 -96
177 -76
178 26
179 -56
180 96
181 -81
182 21
183 97
184 -90
185 -50
186 -26
187 -16
188 -19
189 17
190 27
191 -61
192 -47
193 75
194 -1
195 17
196 -88
197 -32
198 -34
199 83
200 5
201 -87
202 -19
203 9
204 63
205 12
206 66
207 -1
208 74
209 -69
210 30
211 11
212 -26
213 -89
214 31
215 -88
216 71
217 -77
218 -72
219 -12
220 -31
221 -10
222 60
223 89
224 -72
225 -23
226 -63
227 -57
228 -90
229 -53
230 75
231 100
232 71
233 -66
234 -98
235 93
236 4
237 18
238 -32
239 -17
240 -15
241 49
242 1
243 -4
244 -19
245 -20
246 13
247 -50
248 -55
249 -79
250 93
251 -90
252 76
253 -64
254 81
255 69
256 -19
257 42
258 5
259 -88
260 37
261 -74
262 -60
263 -48
264 88
265 -15
266 -79
267 26
268 37
269 58
270 9
271 -38
272 68
273 49
274 -46
275 81
276 -87
277 96
278 24
279 35
280 84
281 -68
282 -63
283 82
284 -85
285 -70
286 -37
287 6
288 60
289 -21
290 -90
291 54
292 28
293 90
294 -86
295 52
296 35
297 95
298 -49
299 -54
300 -5
301 -25
302 -69
303 44
304 -78
305 58
306 7
307 64
308 -78
309 65
310 -13
311 74
312 -87
313 62
314 57
315 32
316 -70
317 -43
318 -73
319 58
320 -41
321 -87
322 83
323 -89
324 -73
325 38
326 -8
327 -59
328 40
329 40
330 35
331 -2
332 48
333 36
334 51
335 45
336 16
337 96
338 24
339 88
340 31
341 -39
342 31
343 -68
344 43
345 -91
346 28
347 100
348 -2
349 60
350 -28
351 -96
352 48
353 1
354 93
355 -1
356 25
357 -7
358 87
359 -59
360 74
361 4
362 73
363 -89
364 -51
365 -28
366 -58
367 72
368 89
369 -7
370 -76
371 24
372 63
373 -83
374 -28
375 81
376 98
377 1
378 58
379 80
380 -26
381 38
382 -15
383 -23
384 72
385 52
386 9
387 -72
388 -28
389 -79
390 -32
391 -97
392 -73
393 -56
394 45
395 -68
396 -79
397 -24
398 91
399 90
400 13
401 65
402 72
403 59
404 19
405 44
406 36
407 98
408 -12
409 98
410 86
411 -14
412 13
413 -31
414 -16
415 -51
416 99
417 -48
418 64
419 94
420 -73
421 21
422 -81
423 -50
424 -83
425 -99
426 46
427 80
428 62
429 -28
430 37
431 -64
432 -64
433 34
434 -82
435 42
436 -97
437 75
438 46
439 25
440 -52
441 -69
442 5
443 -38
444 99
445 -37
446 92
447 -20
448 3
449 -27
450 46
451 -3
452 -86
453 69
454 -71
455 30
456 59
457 84
458 97
459 -66
460 -61
461 -49
462 73
463 -54
464 -80
465 71
466 -65
467 -74
468 74
469 -53
470 -52
471 93
472 -30
473 17
474 4
475 -35
476 45
477 72
478 -98
479 77
480 52
481 6
482 -50
483 29
484 29
485 38
486 -77
487 49
488 88
489 81
490 26
491 -52
492 -61
493 46
494 47
495 -60
496 75
497 -62
498 61
499 34
500 -61
501 -93
502 -53
503 -34
504 -53
505 89
506 -60
507 -84
508 86
509 -100
510 60
511 -92
