0 -84
1 -60
2 32
3 54
4 8
5 38
6 8
7 -29
8 -25
9 45
10 97
11 -82
12 -55
13 48
14 81
15 57
16 -76
17 -25
18 71
19 -13
20 10
21 24
22 7
23 26
24 -75
25 83
26 35
27 70
28 -34
29 70
30 -12
31 70
32 -55
33 -55
34 36
35 -12
36 61
37 99
38 16
39 15
40 13
41 -55
42 39
43 48
44 -37
45 12
46 88
47 -81
48 58
49 1
50 -98
51 10
52 -13
53 68
54 -51
55 24
56 -43
57 96
58 -47
59 -12
60 -75
61 1
62 5
63 -53
64 12
65 -6
66 44
67 -51
68 34
69 25
70 -25
71 5
72 72
73 -10
74 -61
75 4
76 38
77 -42
78 35
79 68
80 58
81 -35
82 40
83 -47
84 -86
85 -56
86 72
87 2
88 45
89 33
90 61
91 -14
92 -97
93 -50
94 -34
95 80
96 82
97 -49
98 -89
99 73
100 48
101 -36
102 21
103 23
104 48
105 23
106 84
107 -97
108 81
109 -63
110 91
111 -88
112 -96
113 -47
114 -76
115 8
116 -50
117 -98
118 100
119 -35
120 -31
121 -73
122 -71
123 -37
124 -21
125 -18
126 -74
127 -3
128 -97
129 61
130 -17
131 -55
132 81
133 2
134 44
135 -95
136 -46
137 28
138 -95
139 -87
140 67
141 17
142 94
143 -42
144 20
145 -94
146 -42
147 -5
148 1
149 45
150 -10
151 -56
152 21
153 -36
154 -62
155 -27
156 68
157 -74
158 44
159 -23
160 -47
161 -72
162 85
163 -52
164 -60
165 -79
166 -39
167 7
168 -34
169 -74
170 63
171 13
172 69
173 17
174 -21
175 15
176 -24
177 51
178 59
179 49
180 -64
181 81
182 -98
183 58
184 -10
185 57
186 -69
187 -25
188 -36
189 50
190 9
191 38
192 14
193 -70
194 1
195 -4
196 -62
197 -27
198 -21
199 -33
200 -61
201 84
202 -23
203 -80
204 38
205 -38
206 -38
207 98
208 29
209 18
210 -4
211 -13
212 -88
213 67
214 78
215 -8
216 23
217 21
218 78
219 -95
220 68
221 -33
222 69
223 66
224 67
225 -3
226 -52
227 -20
228 -23
229 79
230 3
231 -47
232 -51
233 3
234 18
235 16
236 -49
237 -69
238 96
239 -68
240 -54
241 -67
242 -34
243 3
244 -78
245 92
246 83
247 -62
248 52
249 -18
250 51
251 80
252 15
253 -86
254 -62
255 13
256 28
257 79
258 -42
259 -44
260 -33
261 -20
262 2
263 26
264 53
265 -35
266 -30
267 47
268 53
269 -36
270 49
271 75
272 23
273 22
274 45
275 16
276 29
277 -17
278 4
279 -65
280 41
281 76
282 -58
283 67
284 49
285 -18
286 14
287 -58
288 -74
289 -70
290 55
291 42
292 49
293 10
294 66
295 57
296 -91
297 57
298 -5
299 40
300 95
301 97
302 -67
303 50
304 -82
305 35
306 78
307 -29
308 28
309 62
310 -66
311 8
312 34
313 -68
314 67
315 -84
316 23
317 -47
318 -20
319 88
320 -28
321 16
322 -83
323 -19
324 -31
325 -93
326 16
327 -3
328 7
329 32
330 6
331 -38
332 60
333 95
334 -16
335 22
336 82
337 0
338 -16
339 -69
340 21
341 11
342 41
343 -64
344 -7
345 36
346 5
347 83
348 50
349 65
350 -65
351 78
352 43
353 22
354 -36
355 51
356 13
357 80
358 76
359 -37
360 85
361 81
362 58
363 -68
364 8
365 -27
366 29
367 -62
368 76
369 -37
370 28
371 -97
372 54
373 -70
374 -73
375 -37
376 67
377 -66
378 36
379 -3
380 -98
381 75
382 39
383 -1
384 94
385 -66
386 82
387 87
388 -18
389 63
390 -86
391 -45
392 55
393 -51
394 37
395 18
396 75
397 -29
398 87
399 -98
400 95
401 -30
402 77
403 -66
404 90
405 1
406 55
407 59
408 -86
409 95
410 -64
411 58
412 -8
413 -15
414 36
415 40
416 -97
417 17
418 -55
419 -73
420 -6
421 -72
422 -20
423 -44
424 -51
425 -45
426 -58
427 -32
428 85
429 -8
430 24
431 -44
432 25
433 -61
434 69
435 8
436 34
437 47
438 -20
439 -93
440 10
441 -44
442 77
443 -28
444 47
445 -19
446 76
447 -26
448 63
449 92
450 77
451 78
452 -48
453 -6
454 -19
455 -55
456 -35
457 -99
458 -39
459 3
460 62
461 53
462 -29
463 -1
464 -69
465 -12
466 5
467 11
468 -87
469 89
470 40
471 82
472 20
473 -93
474 -49
475 13
476 -80
477 -78
478 32
479 -88
480 97
481 61
482 -73
483 60
484 64
485 -42
486 -11
487 -2
488 45
489 -56
490 84
491 47
492 -28
493 -78
494 77
495 -18
496 -54
497 79
498 -71
499 10
500 -93
501 -73
502 -6
503 -69
504 17
505 74
506 77
507 3
508 93
509 90
510 7
511 5
