0 12
1 -74
2 30
3 -8
4 18
5 -19
6 53
7 24
8 -11
9 98
10 -43
11 50
12 21
13 43
14 -43
15 1
16 -2
17 44
18 46
19 -81
20 -4
21 -38
22 -82
23 59
24 95
25 -12
26 -80
27 70
28 93
29 39
30 93
31 95
32 63
33 3
34 62
35 75
36 2
37 -81
38 -74
39 43
40 -22
41 -100
42 -27
43 -41
44 -53
45 0
46 -14
47 -63
48 -96
49 94
50 33
51 -17
52 -42
53 74
54 28
55 -12
56 -30
57 -26
58 32
59 30
60 -76
61 49
62 98
63 -90
64 13
65 -29
66 -86
67 -47
68 82
69 -26
70 -11
71 -52
72 32
73 -43
74 -63
75 92
76 -64
77 17
78 -30
79 -92
80 100
81 44
82 54
83 38
84 37
85 -72
86 26
87 99
88 -86
89 -90
90 42
91 -10
92 -41
93 -39
94 -99
95 22
96 93
97 9
98 92
99 -73
100 40
101 -27
102 86
103 89
104 98
105 -32
106 66
107 56
108 -27
109 -61
110 -56
111 -91
112 -74
113 5
114 67
115 -72
116 89
117 26
118 -55
119 -94
120 100
121 -96
122 19
123 -32
124 29
125 -86
126 90
127 -37
128 -45
129 20
130 -80
131 78
132 -96
133 -22
134 93
135 43
136 -31
137 29
138 68
139 92
140 61
141 -37
142 -97
143 10
144 -67
145 60
146 -76
147 94
148 -68
149 29
150 -41
151 18
152 -88
153 56
154 -14
155 67
156 -25
157 -70
158 -34
159 -41
160 -100
161 91
162 -53
163 -36
164 7
165 -42
166 50
167 -18
168 -66
169 23
170 9
171 -85
172 82
173 -48
174 82
175 -100
176 24
177 52
178 79
179 -24
180 -54
181 8
182 -12
183 -89
184 61
185 -76
186 -48
187 -95
188 47
189 99
190 -70
191 15
192 46
193 -36
194 -88
195 -92
196 76
197 69
198 32
199 6
200 26
201 -89
202 -93
203 -66
204 78
205 8
206 0
207 -60
208 28
209 38
210 76
211 -33
212 84
213 95
214 -61
215 -72
216 -87
217 100
218 -18
219 -22
220 81
221 16
222 71
223 -60
224 -100
225 68
226 -18
227 37
228 -77
229 -98
230 56
231 -7
232 -47
233 77
234 81
235 62
236 100
237 100
238 -52
239 58
240 18
241 -71
242 -28
243 -70
244 -84
245 -46
246 96
247 -72
248 40
249 94
250 -39
251 -19
252 -30
253 89
254 -13
255 84
256 55
257 -90
258 -76
259 62
260 31
261 -91
262 95
263 41
264 -69
265 89
266 93
267 19
268 98
269 -44
270 -78
271 -91
272 40
273 34
274 -1
275 6
276 -21
277 -93
278 -62
279 -7
280 72
281 -16
282 -13
283 65
284 -5
285 68
286 11
287 -16
288 -13
289 53
290 -83
291 81
292 3
293 99
294 2
295 93
296 -49
297 -15
298 -83
299 -42
300 -3
301 -25
302 16
303 16
304 -46
305 -71
306 -72
307 -87
308 -3
309 -32
310 -21
311 -17
312 -6
313 -83
314 100
315 43
316 -13
317 -46
318 -19
319 -74
320 -88
321 9
322 -100
323 100
324 -91
325 -33
326 40
327 -27
328 85
329 -13
330 -99
331 -26
332 38
333 -26
334 84
335 34
336 25
337 5
338 -95
339 -82
340 14
341 77
342 -80
343 -59
344 -23
345 -75
346 74
347 -36
348 10
349 74
350 -99
351 14
352 38
353 49
354 68
355 -28
356 38
357 42
358 -3
359 52
360 87
361 -4
362 81
363 41
364 -15
365 47
366 -35
367 90
368 75
369 -96
370 -33
371 -31
372 -91
373 -66
374 82
375 91
376 -99
377 15
378 28
379 3
380 54
381 89
382 27
383 41
384 -93
385 79
386 -43
387 -97
388 -21
389 85
390 -54
391 -24
392 -5
393 -73
394 -97
395 56
396 -38
397 7
398 -56
399 48
400 67
401 23
402 -3
403 -22
404 8
405 31
406 -13
407 47
408 90
409 96
410 86
411 -32
412 23
413 89
414 -91
415 96
416 -16
417 47
418 90
419 77
420 58
421 56
422 52
423 92
424 -62
425 20
426 -9
427 -97
428 70
429 20
430 10
431 53
432 22
433 15
434 -55
435 45
436 -94
437 -19
438 84
439 90
440 -27
441 -46
442 -16
443 97
444 -29
445 80
446 43
447 -6
448 -3
449 30
450 46
451 -86
452 99
453 -98
454 33
455 -16
456 -62
457 -69
458 90
459 1
460 62
461 -56
462 -24
463 74
464 -76
465 -63
466 -40
467 39
468 24
469 -24
470 34
471 -44
472 -43
473 -81
474 -64
475 30
476 -36
477 -4
478 -76
479 47
480 18
481 -59
482 68
483 -28
484 81
485 -41
486 -24
487 19
488 68
489 -24
490 94
491 99
492 -91
493 -41
494 75
495 -93
496 -36
497 -63
498 61
499 -77
500 -76
501 34
502 15
503 61
504 85
505 -95
506 52
507 31
508 -56
509 -99
510 90
511 100
