0 42
1 -27
2 49
3 -88
4 -90
5 65
6 -32
7 -3
8 -67
9 79
10 -33
11 52
12 -54
13 -20
14 3
15 75
16 51
17 26
18 82
19 -95
20 10
21 -75
22 -54
23 100
24 18
25 22
26 -91
27 -14
28 -21
29 11
30 49
31 -31
32 -69
33 -24
34 -15
35 -30
36 94
37 -65
38 5
39 32
40 -26
41 -2
42 -100
43 57
44 -59
45 -71
46 80
47 77
48 -71
49 -30
50 0
51 22
52 67
53 -97
54 71
55 40
56 21
57 -20
58 41
59 -84
60 -61
61 51
62 11
63 98
64 -74
65 96
66 -70
67 31
68 61
69 75
70 73
71 100
72 47
73 42
74 7
75 36
76 87
77 -3
78 89
79 58
80 81
81 36
82 33
83 38
84 -53
85 -71
86 16
87 -1
88 35
89 -62
90 -8
91 -86
92 -15
93 -26
94 72
95 -75
96 90
97 -67
98 -74
99 24
100 38
101 67
102 -16
103 -5
104 86
105 -10
106 -83
107 87
108 20
109 70
110 100
111 62
112 -77
113 -60
114 60
115 67
116 -2
117 -37
118 -59
119 73
120 74
121 -36
122 59
123 -98
124 33
125 29
126 17
127 -14
128 -49
129 -67
130 56
131 -44
132 69
133 32
134 41
135 -18
136 -98
137 -75
138 -48
139 -99
140 -58
141 -35
142 95
143 21
144 65
145 -33
146 81
147 -3
148 50
149 -97
150 -37
151 97
152 -86
153 66
154 43
155 -46
156 4
157 59
158 -41
159 -82
160 30
161 -53
162 -56
163 -12
164 32
165 -36
166 -22
167 -4
168 79
169 95
170 -2
171 -27
172 -81
173 65
174 -70
175 66
176 42
177 -75
178 2
179 -5
180 8
181 79
182 -43
183 -57
184 19
185 100
186 2
187 20
188 72
189 -94
190 -40
191 50
192 -30
193 -69
194 -60
195 -17
196 87
197 63
198 14
199 76
200 -95
201 -55
202 -49
203 92
204 -43
205 15
206 35
207 -81
208 -17
209 55
210 30
211 41
212 -11
213 52
214 73
215 5
216 -56
217 -99
218 -32
219 49
220 37
221 -95
222 -33
223 44
224 -78
225 -69
226 -41
227 -32
228 42
229 -19
230 5
231 22
232 0
233 -1
234 98
235 11
236 -33
237 -79
238 -56
239 -28
240 -6
241 -24
242 -77
243 51
244 4
245 -49
246 -68
247 -41
248 -14
249 -24
250 -74
251 78
252 -30
253 -89
254 -98
255 -87
256 -5
257 56
258 97
259 -90
260 -64
261 -58
262 -46
263 86
264 -89
265 98
266 -24
267 34
268 92
269 41
270 -40
271 22
272 -81
273 -6
274 -24
275 22
276 -100
277 -94
278 -90
279 7
280 -23
281 16
282 86
283 -41
284 65
285 -23
286 94
287 -71
288 -19
289 -25
290 98
291 100
292 -88
293 12
294 -75
295 -87
296 -83
297 -97
298 77
299 -11
300 39
301 -49
302 -78
303 50
304 12
305 75
306 75
307 62
308 29
309 -36
310 -2
311 -36
312 -94
313 98
314 45
315 -38
316 46
317 65
318 20
319 -63
320 -47
321 -62
322 -57
323 -50
324 -40
325 -100
326 -65
327 30
328 -28
329 -80
330 94
331 -76
332 41
333 -43
334 -32
335 22
336 -44
337 78
338 4
339 -75
340 13
341 47
342 93
343 36
344 -39
345 57
346 -41
347 -68
348 42
349 80
350 -12
351 48
352 -60
353 31
354 -43
355 -32
356 23
357 -35
358 90
359 -99
360 -4
361 69
362 -68
363 27
364 -52
365 94
366 -45
367 25
368 -11
369 -18
370 12
371 41
372 11
373 -15
374 27
375 -47
376 -22
377 76
378 -55
379 13
380 -85
381 -35
382 57
383 89
384 -8
385 62
386 -47
387 84
388 86
389 -85
390 1
391 -65
392 2
393 10
394 67
395 -66
396 -79
397 77
398 -37
399 -85
400 -12
401 -63
402 61
403 83
404 42
405 -66
406 -3
407 76
408 -29
409 -13
410 -6
411 -84
412 -63
413 23
414 38
415 -7
416 -95
417 -75
418 -13
419 -59
420 -46
421 -90
422 -73
423 -28
424 -20
425 100
426 -14
427 13
428 1
429 27
430 15
431 47
432 61
433 -95
434 -22
435 34
436 29
437 -83
438 12
439 -11
440 13
441 91
442 -86
443 -9
444 77
445 -62
446 -67
447 -70
448 91
449 -95
450 49
451 -47
452 92
453 -26
454 17
455 -98
456 -3
457 -83
458 47
459 6
460 59
461 15
462 33
463 -33
464 -21
465 37
466 -11
467 18
468 -86
469 -84
470 72
471 2
472 1
473 82
474 -9
475 46
476 -58
477 88
478 -14
479 -45
480 -93
481 17
482 58
483 69
484 10
485 -52
486 12
487 83
488 48
489 -13
490 53
491 55
492 56
493 -48
494 -56
495 -42
496 -21
497 21
498 -9
499 -8
500 44
501 -30
502 -78
503 -3
504 20
505 2
506 -35
507 45
508 16
509 -34
510 97
511 56
