0 8
1 -79
2 73
3 34
4 -51
5 -53
6 39
7 31
8 -32
9 43
10 -56
11 50
12 1
13 -39
14 45
15 -90
16 -81
17 48
18 -56
19 -92
20 91
21 87
22 78
23 -88
24 -81
25 15
26 -77
27 -42
28 -32
29 -36
30 -30
31 88
32 -66
33 -76
34 -58
35 -1
36 54
37 -82
38 37
39 -68
40 -4
41 -6
42 79
43 -43
44 73
45 -32
46 -62
47 94
48 83
49 -5
50 -4
51 -19
52 99
53 57
54 23
55 -93
56 -100
57 98
58 10
59 -28
60 -53
61 42
62 -73
63 -9
64 39
65 30
66 48
67 0
68 82
69 96
70 71
71 -8
72 -48
73 -59
74 -73
75 -43
76 -67
77 90
78 -29
79 -55
80 64
81 2
82 -94
83 -82
84 40
85 92
86 78
87 46
88 -3
89 -68
90 61
91 86
92 62
93 -93
94 6
95 -11
96 61
97 -92
98 51
99 89
100 5
101 3
102 -79
103 91
104 -75
105 -9
106 4
107 15
108 -50
109 -94
110 19
111 75
112 55
113 -37
114 20
115 -66
116 -88
117 8
118 -28
119 -31
120 25
121 6
122 -62
123 82
124 -58
125 30
126 -17
127 15
128 14
129 -97
130 -42
131 60
132 71
133 12
134 -16
135 -54
136 64
137 52
138 -84
139 99
140 -91
141 99
142 9
143 36
144 -29
145 82
146 17
147 69
148 89
149 -62
150 13
151 64
152 93
153 -36
154 -54
155 21
156 -13
157 -19
158 0
159 -79
160 21
161 -3
162 3
163 73
164 -73
165 1
166 -18
167 -57
168 -10
169 63
170 92
171 -52
172 7
173 94
174 -18
175 37
176 -26
177 78
178 -76
179 2
180 -25
181 14
182 -80
183 63
184 -11
185 -43
186 88
187 9
188 81
189 -39
190 -78
191 -2
192 37
193 28
194 -28
195 -83
196 -19
197 17
198 -81
199 64
200 -100
201 94
202 -15
203 -63
204 -52
205 4
206 -15
207 -5
208 -88
209 20
210 -37
211 81
212 -63
213 81
214 55
215 -68
216 83
217 87
218 35
219 -76
220 32
221 -30
222 23
223 53
224 52
225 85
226 -87
227 89
228 -76
229 -52
230 45
231 66
232 -32
233 75
234 -89
235 -24
236 57
237 -86
238 -44
239 -73
240 -98
241 -72
242 79
243 -88
244 -77
245 -2
246 49
247 -5
248 39
249 44
250 -31
251 49
252 35
253 -69
254 -40
255 76
256 14
257 5
258 58
259 71
260 71
261 76
262 -92
263 70
264 62
265 -48
266 29
267 -21
268 13
269 27
270 1
271 2
272 26
273 -35
274 -11
275 -2
276 -46
277 -45
278 4
279 69
280 48
281 -39
282 -73
283 -52
284 -75
285 -75
286 -81
287 -47
288 30
289 61
290 -51
291 55
292 9
293 -9
294 -83
295 5
296 -31
297 -74
298 -59
299 36
300 -8
301 -75
302 -88
303 -51
304 66
305 -11
306 -38
307 51
308 69
309 6
310 -93
311 -46
312 -43
313 19
314 40
315 80
316 16
317 82
318 85
319 -67
320 -68
321 63
322 -22
323 43
324 94
325 22
326 -45
327 -33
328 16
329 -46
330 -25
331 -44
332 -98
333 -92
334 80
335 78
336 -44
337 -70
338 -58
339 -81
340 48
341 2
342 1
343 73
344 85
345 -50
346 -10
347 86
348 4
349 45
350 97
351 23
352 12
353 -96
354 10
355 25
356 -87
357 -4
358 -34
359 13
360 -32
361 41
362 -29
363 -13
364 -36
365 92
366 -8
367 -14
368 99
369 -92
370 46
371 23
372 32
373 -47
374 49
375 98
376 -92
377 -94
378 -44
379 64
380 -47
381 64
382 96
383 -68
384 -84
385 -23
386 90
387 -31
388 62
389 -14
390 27
391 -59
392 36
393 4
394 -60
395 45
396 54
397 95
398 -6
399 -51
400 -58
401 -46
402 -58
403 -78
404 19
405 22
406 -5
407 -72
408 -11
409 79
410 -26
411 49
412 -15
413 67
414 40
415 14
416 -84
417 2
418 44
419 81
420 -75
421 -11
422 -1
423 94
424 -63
425 -44
426 66
427 -11
428 81
429 -100
430 -52
431 -70
432 -2
433 59
434 84
435 -22
436 -74
437 -62
438 -45
439 77
440 33
441 90
442 -51
443 -35
444 30
445 -99
446 67
447 41
448 -75
449 20
450 -20
451 7
452 -2
453 -90
454 -75
455 -54
456 -51
457 -63
458 -33
459 -86
460 88
461 41
462 8
463 -16
464 -75
465 46
466 -49
467 75
468 77
469 88
470 89
471 -73
472 -76
473 -73
474 -95
475 5
476 -49
477 -83
478 10
479 60
480 64
481 30
482 -6
483 19
484 43
485 5
486 96
487 8
488 -91
489 32
490 -93
491 -21
492 -83
493 -98
494 -53
495 26
496 29
497 12
498 -63
499 57
500 -36
501 5
502 -87
503 17
504 82
505 -58
506 23
507 -95
508 85
509 64
510 -1
511 -78
