0 -49
1 95
2 -56
3 47
4 -46
5 -61
6 -25
7 -89
8 -56
9 48
10 -5
11 -21
12 66
13 35
14 38
15 -97
16 57
17 60
18 -50
19 95
20 -74
21 -80
22 22
23 14
24 93
25 -30
26 68
27 10
28 -34
29 70
30 4
31 4
32 -100
33 -98
34 -61
35 39
36 -18
37 57
38 -100
39 35
40 23
41 81
42 54
43 -47
44 77
45 -25
46 -74
47 78
48 -16
49 -64
50 2
51 -7
52 11
53 -69
54 15
55 -12
56 51
57 -35
58 -54
59 -7
60 89
61 55
62 -67
63 -90
64 4
65 25
66 13
67 -20
68 -86
69 50
70 93
71 96
72 -74
73 -85
74 -20
75 39
76 -31
77 -25
78 40
79 -76
80 -10
81 100
82 58
83 -68
84 22
85 -36
86 -1
87 -91
88 -63
89 -18
90 36
91 -83
92 72
93 91
94 14
95 -35
96 -34
97 -79
98 -38
99 -57
100 23
101 73
102 -82
103 -55
104 -51
105 -57
106 -99
107 -61
108 83
109 -49
110 4
111 -80
112 -20
113 -12
114 -99
115 -28
116 52
117 25
118 -91
119 25
120 -68
121 -16
122 -53
123 -39
124 12
125 51
126 61
127 -84
128 -46
129 -13
130 50
131 -65
132 -31
133 36
134 9
135 -10
136 -36
137 19
138 -41
139 -55
140 36
141 41
142 -77
143 -29
144 26
145 20
146 3
147 -37
148 -49
149 -67
150 -77
151 -92
152 88
153 96
154 22
155 78
156 86
157 62
158 -45
159 25
160 55
161 -87
162 -21
163 -88
164 46
165 -7
166 25
167 -12
168 -6
169 13
170 52
171 90
172 85
173 87
174 65
175 36
176 -74
177 -2
178 92
179 89
180 -83
181 -3
182 -60
183 -94
184 4
185 33
186 46
187 12
188 36
189 25
190 50
191 89
192 -8
193 81
194 -77
195 -84
196 -22
197 -3
198 60
199 -85
200 31
201 7
202 -87
203 17
204 41
205 -26
206 -68
207 66
208 19
209 61
210 -43
211 -48
212 -59
213 60
214 16
215 -8
216 -85
217 -60
218 10
219 -77
220 46
221 23
222 -56
223 -8
224 40
225 -49
226 -89
227 73
228 44
229 11
230 -11
231 79
232 -7
233 17
234 100
235 72
236 -72
237 -99
238 -63
239 -22
240 -3
241 17
242 82
243 -9
244 12
245 -98
246 -76
247 -24
248 21
249 -17
250 77
251 -86
252 0
253 17
254 4
255 -58
256 -31
257 -45
258 -40
259 100
260 -4
261 -80
262 -38
263 -38
264 68
265 71
266 17
267 -94
268 -88
269 94
270 99
271 82
272 22
273 69
274 82
275 -71
276 12
277 44
278 87
279 -32
280 -29
281 100
282 -7
283 94
284 93
285 75
286 28
287 -41
288 82
289 -78
290 -35
291 73
292 7
293 -50
294 49
295 -12
296 -58
297 17
298 -88
299 -64
300 -60
301 32
302 82
303 -43
304 7
305 -85
306 -2
307 -39
308 39
309 -2
310 -13
311 -93
312 70
313 2
314 -10
315 61
316 3
317 88
318 79
319 99
320 87
321 18
322 -73
323 21
324 44
325 -74
326 -8
327 61
328 -58
329 46
330 18
331 -56
332 -11
333 -43
334 37
335 94
336 -34
337 -46
338 -18
339 65
340 1
341 14
342 0
343 -71
344 90
345 -87
346 -79
347 -67
348 99
349 95
350 -37
351 -47
352 -98
353 74
354 -61
355 70
356 -95
357 -51
358 91
359 71
360 -37
361 65
362 -15
363 -37
364 -26
365 20
366 -56
367 22
368 -72
369 94
370 86
371 -45
372 17
373 11
374 -65
375 -97
376 -8
377 38
378 92
379 -93
380 20
381 -4
382 -100
383 2
384 -88
385 92
386 7
387 -62
388 -76
389 -57
390 99
391 63
392 5
393 68
394 47
395 86
396 82
397 51
398 -56
399 78
400 -99
401 -56
402 -56
403 44
404 16
405 84
406 -6
407 -43
408 19
409 96
410 12
411 10
412 42
413 53
414 -57
415 61
416 0
417 78
418 -56
419 -19
420 -69
421 33
422 -70
423 22
424 12
425 21
426 97
427 41
428 -2
429 94
430 80
431 -65
432 -14
433 -59
434 -87
435 96
436 0
437 -50
438 -55
439 -54
440 26
441 87
442 60
443 -49
444 77
445 24
446 9
447 30
448 -33
449 10
450 98
451 66
452 -22
453 74
454 59
455 24
456 -93
457 96
458 63
459 12
460 2
461 18
462 -69
463 -28
464 13
465 -97
466 13
467 99
468 45
469 -73
470 64
471 23
472 -72
473 -30
474 -71
475 32
476 44
477 -70
478 -91
479 -26
480 16
481 -38
482 -89
483 0
484 -52
485 -66
486 -46
487 -77
488 -58
489 -90
490 -8
491 -70
492 -9
493 15
494 -71
495 16
496 -69
497 73
498 11
499 -7
500 45
501 90
502 23
503 -66
504 57
505 73
506 36
507 -92
508 51
509 -12
510 52
511 69
512 8
513 5
514 -52
515 95
516 43
517 72
518 -98
519 -23
520 -32
521 62
522 -59
523 44
524 33
525 6
526 92
527 20
528 69
529 34
530 90
531 61
532 53
533 49
534 -85
535 -44
536 57
537 -12
538 40
539 56
540 -100
541 50
542 28
543 -90
544 -3
545 45
546 96
547 100
548 -45
549 -47
550 16
551 -33
552 99
553 13
554 48
555 40
556 -88
557 -95
558 86
559 -91
560 29
561 68
562 -3
563 57
564 24
565 -10
566 62
567 -65
568 77
569 -60
570 -58
571 74
572 -42
573 45
574 -69
575 35
576 6
577 -17
578 -57
579 6
580 -58
581 20
582 -46
583 -85
584 -82
585 48
586 -80
587 38
588 78
589 34
590 -79
591 13
592 5
593 31
594 98
595 95
596 81
597 -37
598 2
599 -9
600 -83
601 -27
602 -54
603 -16
604 51
605 59
606 4
607 -58
608 1
609 51
610 67
611 75
612 -87
613 93
614 -25
615 11
616 -89
617 -49
618 60
619 -49
620 -91
621 -44
622 0
623 -44
624 99
625 78
626 0
627 19
628 -56
629 -96
630 95
631 73
632 13
633 100
634 42
635 -59
636 29
637 32
638 69
639 -44
640 -58
641 93
642 -64
643 -70
644 64
645 -76
646 4
647 70
648 -31
649 -18
650 17
651 66
652 25
653 -51
654 -55
655 -65
656 -8
657 11
658 80
659 21
660 -47
661 27
662 -87
663 47
664 -23
665 67
666 89
667 81
668 -32
669 81
670 -14
671 87
672 -80
673 -2
674 64
675 -58
676 62
677 33
678 -19
679 -38
680 91
681 -47
682 1
683 5
684 -88
685 -62
686 96
687 -18
688 50
689 -88
690 48
691 79
692 72
693 -2
694 -48
695 -56
696 -89
697 -55
698 63
699 -100
700 41
701 -9
702 100
703 73
704 -36
705 -71
706 6
707 -37
708 -17
709 31
710 67
711 33
712 60
713 -31
714 -51
715 -49
716 47
717 76
718 -60
719 -48
720 -56
721 -79
722 -35
723 78
724 29
725 -30
726 31
727 -76
728 -67
729 -96
730 82
731 96
732 -2
733 48
734 -73
735 43
736 41
737 29
738 98
739 96
740 -82
741 59
742 -37
743 -40
744 -28
745 -45
746 25
747 32
748 12
749 -77
750 -72
751 53
752 3
753 64
754 19
755 -96
756 -74
757 -64
758 23
759 18
760 9
761 -47
762 14
763 61
764 -39
765 -48
766 16
767 -51
768 89
769 -37
770 71
771 33
772 -59
773 -77
774 41
775 30
776 -32
777 10
778 85
779 -10
780 8
781 -40
782 62
783 52
784 -25
785 0
786 25
787 -9
788 -59
789 -88
790 26
791 39
792 -26
793 -52
794 -18
795 89
796 96
797 15
798 -31
799 67
800 -10
801 -73
802 -72
803 31
804 -40
805 -38
806 -79
807 -81
808 -12
809 29
810 -85
811 28
812 -94
813 -74
814 -56
815 -83
816 94
817 -5
818 28
819 -95
820 1
821 -30
822 48
823 -47
824 -16
825 -97
826 -66
827 54
828 2
829 68
830 69
831 -29
832 -3
833 -26
834 -83
835 -10
836 80
837 -37
838 -14
839 -53
840 -45
841 -80
842 -63
843 6
844 -40
845 -16
846 -38
847 -79
848 71
849 -12
850 44
851 -28
852 -41
853 -41
854 -85
855 -13
856 -38
857 -40
858 83
859 70
860 -18
861 -44
862 -74
863 68
864 -10
865 80
866 -55
867 -88
868 33
869 -16
870 68
871 42
872 63
873 -100
874 0
875 -81
876 54
877 64
878 -26
879 -43
880 -83
881 35
882 -43
883 100
884 -76
885 -62
886 -16
887 -94
888 31
889 78
890 21
891 -72
892 8
893 -35
894 54
895 94
896 -34
897 88
898 7
899 72
900 -2
901 -38
902 56
903 -96
904 85
905 40
906 -12
907 -25
908 -55
909 55
910 78
911 -25
912 44
913 57
914 36
915 -34
916 -87
917 37
918 -9
919 14
920 0
921 48
922 -84
923 83
924 85
925 -93
926 -54
927 -1
928 72
929 9
930 10
931 -25
932 21
933 8
934 58
935 93
936 45
937 -1
938 28
939 74
940 -71
941 -95
942 -19
943 -33
944 -52
945 82
946 4
947 -90
948 80
949 18
950 -60
951 -11
952 -35
953 -95
954 44
955 -8
956 96
957 46
958 0
959 80
960 -9
961 94
962 69
963 -25
964 -17
965 -40
966 77
967 57
968 -49
969 -72
970 -53
971 22
972 30
973 -69
974 64
975 95
976 -16
977 -91
978 -68
979 90
980 -51
981 -8
982 -99
983 -49
984 -87
985 95
986 57
987 -50
988 55
989 57
990 70
991 -1
992 69
993 -65
994 -78
995 15
996 99
997 -56
998 -86
999 -26
1000 -47
1001 52
1002 35
1003 -90
1004 77
1005 -29
1006 93
1007 54
1008 49
1009 -51
1010 -43
1011 -84
1012 42
1013 37
1014 28
1015 29
1016 49
1017 24
1018 30
1019 -54
1020 -26
1021 26
1022 -3
1023 6
