0 -47
1 70
2 92
3 55
4 74
5 -48
6 -85
7 -34
8 17
9 -35
10 -99
11 -48
12 84
13 47
14 11
15 100
16 -91
17 -84
18 -56
19 -83
20 -53
21 91
22 -43
23 -45
24 14
25 39
26 99
27 -62
28 2
29 -69
30 -28
31 -47
32 88
33 72
34 24
35 27
36 31
37 -70
38 17
39 61
40 19
41 -41
42 -60
43 -50
44 4
45 -28
46 -4
47 -2
48 78
49 -88
50 1
51 45
52 61
53 55
54 3
55 -89
56 -2
57 -92
58 -77
59 61
60 99
61 -59
62 97
63 -99
64 -60
65 -30
66 -14
67 28
68 -51
69 12
70 98
71 57
72 40
73 84
74 45
75 -9
76 -68
77 87
78 -51
79 -45
80 -68
81 0
82 91
83 76
84 21
85 -89
86 91
87 -46
88 -21
89 -51
90 -78
91 94
92 -16
93 -18
94 -94
95 7
96 -90
97 -9
98 -37
99 -64
100 -59
101 -52
102 -62
103 -99
104 -24
105 75
106 32
107 85
108 76
109 -6
110 29
111 22
112 -76
113 45
114 -20
115 -58
116 -35
117 -63
118 54
119 -76
120 56
121 -47
122 22
123 -92
124 72
125 -88
126 -45
127 -18
128 92
129 82
130 -56
131 63
132 25
133 -100
134 -71
135 -1
136 80
137 -24
138 -5
139 4
140 93
141 -1
142 -40
143 68
144 44
145 9
146 -1
147 5
148 -80
149 -44
150 28
151 -92
152 -52
153 -47
154 -91
155 33
156 81
157 -37
158 -100
159 -67
160 -82
161 -7
162 -33
163 -13
164 -19
165 32
166 50
167 32
168 39
169 -64
170 -56
171 -98
172 -77
173 91
174 -80
175 53
176 -59
177 40
178 -8
179 74
180 -75
181 87
182 -25
183 21
184 66
185 49
186 50
187 6
188 64
189 -22
190 -64
191 -65
192 27
193 39
194 35
195 80
196 -80
197 -63
198 82
199 80
200 -96
201 70
202 -72
203 92
204 14
205 5
206 -39
207 -29
208 8
209 40
210 -10
211 -48
212 13
213 -92
214 -12
215 -62
216 48
217 55
218 -3
219 58
220 19
221 8
222 10
223 7
224 13
225 -29
226 25
227 -49
228 -23
229 -70
230 -63
231 -29
232 92
233 -8
234 -23
235 28
236 -13
237 37
238 -13
239 19
240 47
241 -14
242 76
243 75
244 -62
245 17
246 70
247 -5
248 -97
249 20
250 20
251 -48
252 36
253 -79
254 63
255 45
256 -44
257 13
258 -66
259 59
260 -14
261 -70
262 17
263 25
264 -33
265 44
266 45
267 40
268 -63
269 60
270 82
271 43
272 -62
273 6
274 2
275 -68
276 98
277 9
278 -15
279 -83
280 100
281 -92
282 78
283 -43
284 90
285 -91
286 -99
287 91
288 -82
289 94
290 35
291 25
292 51
293 44
294 11
295 84
296 47
297 -53
298 58
299 53
300 -72
301 -3
302 -3
303 -51
304 -18
305 39
306 -88
307 66
308 -51
309 66
310 -17
311 54
312 39
313 74
314 -36
315 72
316 -43
317 36
318 2
319 -15
320 8
321 -11
322 -73
323 -39
324 2
325 48
326 -80
327 -31
328 50
329 25
330 59
331 20
332 -95
333 18
334 59
335 -28
336 40
337 -8
338 46
339 -85
340 65
341 18
342 14
343 96
344 -93
345 57
346 -48
347 4
348 -84
349 -35
350 89
351 -44
352 -66
353 -92
354 94
355 10
356 -99
357 -81
358 3
359 19
360 91
361 -76
362 86
363 -12
364 -43
365 -14
366 4
367 -85
368 -31
369 11
370 -77
371 -50
372 48
373 90
374 66
375 -3
376 -91
377 89
378 93
379 -7
380 87
381 69
382 -38
383 72
384 63
385 22
386 -91
387 78
388 -93
389 46
390 -3
391 -9
392 97
393 -33
394 -62
395 -8
396 39
397 -98
398 -36
399 -87
400 -97
401 52
402 -88
403 28
404 56
405 -88
406 -14
407 2
408 49
409 86
410 -48
411 30
412 -73
413 50
414 -31
415 -55
416 44
417 -71
418 0
419 -51
420 1
421 -9
422 34
423 79
424 -19
425 -2
426 31
427 -19
428 7
429 18
430 27
431 73
432 55
433 -46
434 73
435 -18
436 -37
437 -60
438 58
439 -57
440 -96
441 27
442 20
443 -17
444 -21
445 66
446 -22
447 30
448 84
449 -7
450 100
451 83
452 -19
453 41
454 -88
455 23
456 -12
457 89
458 95
459 91
460 96
461 -70
462 14
463 72
464 -31
465 32
466 37
467 -9
468 18
469 -79
470 0
471 -70
472 65
473 -53
474 -99
475 -21
476 4
477 -6
478 58
479 -94
480 -58
481 -42
482 32
483 -9
484 82
485 -93
486 43
487 41
488 86
489 -3
490 51
491 44
492 -9
493 -44
494 53
495 -46
496 -75
497 8
498 -18
499 -97
500 -20
501 -100
502 -54
503 71
504 73
505 78
506 -89
507 -73
508 89
509 58
510 -45
511 80
512 -97
513 -45
514 7
515 -96
516 81
517 -51
518 -83
519 28
520 55
521 -43
522 71
523 -94
524 61
525 66
526 -59
527 -41
528 88
529 -37
530 69
531 -88
532 -28
533 -19
534 42
535 82
536 46
537 45
538 41
539 87
540 61
541 18
542 -56
543 27
544 42
545 36
546 17
547 51
548 -89
549 -69
550 81
551 -84
552 59
553 58
554 -58
555 56
556 -30
557 12
558 58
559 31
560 98
561 63
562 12
563 15
564 -54
565 -26
566 -90
567 20
568 -63
569 -30
570 -16
571 29
572 -47
573 96
574 -17
575 -71
576 95
577 95
578 79
579 10
580 94
581 -22
582 52
583 65
584 34
585 -23
586 45
587 10
588 -65
589 -70
590 60
591 -86
592 99
593 42
594 9
595 -88
596 41
597 -96
598 66
599 62
600 58
601 -55
602 -96
603 73
604 37
605 34
606 -58
607 19
608 -33
609 -66
610 44
611 -99
612 -12
613 26
614 67
615 -91
616 100
617 3
618 19
619 72
620 -77
621 -60
622 12
623 -12
624 49
625 82
626 -7
627 -83
628 47
629 31
630 3
631 6
632 -100
633 -45
634 -49
635 -81
636 -58
637 -90
638 -92
639 -68
640 100
641 -60
642 69
643 93
644 -88
645 21
646 9
647 26
648 16
649 -23
650 -97
651 -65
652 27
653 85
654 98
655 -80
656 42
657 -90
658 -20
659 3
660 25
661 -32
662 -61
663 -25
664 -31
665 93
666 96
667 68
668 31
669 -42
670 -2
671 -31
672 -67
673 -12
674 -36
675 -22
676 -28
677 88
678 -61
679 56
680 0
681 33
682 -28
683 26
684 53
685 -23
686 -71
687 92
688 -56
689 4
690 -48
691 42
692 -86
693 82
694 59
695 -6
696 -34
697 72
698 -97
699 -97
700 11
701 -56
702 -65
703 57
704 -49
705 -83
706 14
707 -56
708 -57
709 -76
710 15
711 56
712 -33
713 -87
714 55
715 28
716 -87
717 29
718 -9
719 22
720 -14
721 -19
722 74
723 -21
724 -16
725 64
726 -21
727 9
728 23
729 48
730 23
731 -54
732 14
733 -69
734 -97
735 -20
736 38
737 79
738 -41
739 -59
740 76
741 -8
742 -60
743 -6
744 -18
745 -27
746 50
747 -11
748 -24
749 -49
750 0
751 4
752 75
753 48
754 69
755 -89
756 -69
757 -90
758 -16
759 -65
760 10
761 -57
762 58
763 60
764 36
765 -24
766 58
767 -44
768 -10
769 -93
770 -36
771 0
772 -75
773 -14
774 -83
775 -98
776 -9
777 41
778 55
779 -94
780 -63
781 84
782 9
783 -8
784 48
785 82
786 -89
787 98
788 42
789 25
790 -66
791 98
792 -96
793 -1
794 11
795 93
796 -34
797 83
798 -86
799 28
800 -51
801 -37
802 44
803 -76
804 -84
805 94
806 61
807 -22
808 28
809 20
810 -23
811 -25
812 28
813 -90
814 -92
815 -23
816 8
817 56
818 57
819 75
820 78
821 -13
822 -84
823 -100
824 -36
825 -99
826 95
827 96
828 70
829 56
830 13
831 -63
832 -78
833 -90
834 26
835 -7
836 26
837 -45
838 39
839 -89
840 26
841 -91
842 -43
843 -16
844 95
845 -50
846 61
847 87
848 92
849 -96
850 -12
851 -90
852 -19
853 -37
854 -89
855 -53
856 88
857 10
858 -59
859 -99
860 -13
861 -53
862 18
863 -72
864 31
865 19
866 -47
867 77
868 -38
869 -59
870 26
871 64
872 -94
873 30
874 47
875 49
876 25
877 -59
878 76
879 -9
880 21
881 73
882 -34
883 -24
884 47
885 33
886 -51
887 0
888 99
889 -72
890 36
891 -59
892 58
893 34
894 87
895 86
896 54
897 37
898 -90
899 -84
900 85
901 60
902 7
903 39
904 18
905 66
906 -38
907 54
908 -26
909 -35
910 14
911 69
912 26
913 -89
914 39
915 11
916 9
917 -27
918 -6
919 -51
920 -98
921 96
922 -49
923 -78
924 -31
925 -98
926 1
927 23
928 8
929 83
930 -67
931 -59
932 7
933 33
934 65
935 24
936 71
937 22
938 1
939 5
940 -41
941 89
942 -84
943 23
944 95
945 33
946 -24
947 -100
948 -62
949 20
950 50
951 -50
952 28
953 14
954 -86
955 77
956 99
957 -5
958 87
959 14
960 -49
961 -46
962 83
963 -8
964 53
965 32
966 23
967 -22
968 37
969 -59
970 29
971 79
972 14
973 -86
974 -8
975 6
976 95
977 -8
978 83
979 -98
980 -14
981 -1
982 68
983 0
984 13
985 -30
986 -60
987 13
988 46
989 81
990 19
991 23
992 -46
993 -17
994 -15
995 -42
996 -6
997 36
998 -25
999 -54
1000 46
1001 -8
1002 45
1003 -25
1004 82
1005 74
1006 -27
1007 -2
1008 94
1009 84
1010 53
1011 58
1012 10
1013 84
1014 -58
1015 -61
1016 -38
1017 91
1018 9
1019 -57
1020 -50
1021 37
1022 -32
1023 -78
