0 100
1 -91
2 34
3 72
4 26
5 77
6 -2
7 -15
8 -49
9 92
10 -55
11 -63
12 56
13 76
14 26
15 -41
16 82
17 93
18 -27
19 49
20 -85
21 32
22 0
23 -17
24 -7
25 59
26 27
27 -87
28 21
29 -53
30 49
31 41
32 -55
33 -7
34 -49
35 100
36 -31
37 -76
38 31
39 61
40 -35
41 -30
42 6
43 -40
44 30
45 -53
46 53
47 -5
48 52
49 -7
50 -39
51 64
52 -62
53 -38
54 -39
55 -6
56 10
57 -81
58 45
59 33
60 9
61 -59
62 82
63 -97
64 -20
65 -92
66 44
67 -96
68 35
69 57
70 18
71 -16
72 39
73 24
74 43
75 65
76 39
77 -60
78 -52
79 34
80 -17
81 -52
82 96
83 25
84 -34
85 88
86 94
87 -77
88 -2
89 -12
90 58
91 15
92 -6
93 -64
94 -24
95 -92
96 -91
97 72
98 -19
99 70
100 33
101 -62
102 -88
103 -41
104 3
105 72
106 24
107 94
108 -60
109 56
110 44
111 -11
112 -78
113 -99
114 -52
115 74
116 -73
117 79
118 73
119 95
120 30
121 19
122 1
123 -60
124 -45
125 -3
126 23
127 -53
128 -41
129 72
130 -42
131 48
132 73
133 14
134 -26
135 59
136 1
137 13
138 85
139 21
140 85
141 -31
142 59
143 -18
144 -5
145 -88
146 34
147 80
148 -77
149 14
150 -29
151 80
152 -98
153 -67
154 -55
155 6
156 -42
157 -63
158 -41
159 63
160 -69
161 -90
162 -63
163 34
164 8
165 -48
166 -59
167 -67
168 56
169 -82
170 92
171 12
172 -63
173 95
174 20
175 -20
176 -43
177 -23
178 30
179 84
180 66
181 -60
182 80
183 -77
184 79
185 -34
186 -74
187 26
188 48
189 32
190 28
191 -95
192 69
193 -17
194 -2
195 -85
196 19
197 -17
198 -35
199 48
200 -53
201 69
202 -91
203 0
204 75
205 80
206 -62
207 35
208 35
209 37
210 -22
211 100
212 76
213 -20
214 19
215 73
216 -31
217 -37
218 -96
219 -2
220 50
221 3
222 -13
223 46
224 -56
225 53
226 88
227 -97
228 -47
229 37
230 -35
231 46
232 86
233 -78
234 95
235 -23
236 -10
237 -6
238 47
239 -98
240 81
241 40
242 5
243 -78
244 -76
245 -34
246 -66
247 75
248 -84
249 46
250 7
251 -83
252 -38
253 -33
254 74
255 60
256 -16
257 -79
258 37
259 26
260 -26
261 71
262 17
263 -79
264 64
265 -68
266 5
267 -69
268 -39
269 25
270 -11
271 -59
272 12
273 -49
274 0
275 66
276 -21
277 -4
278 -8
279 -27
280 83
281 51
282 -7
283 -36
284 -20
285 45
286 83
287 40
288 8
289 45
290 -40
291 -34
292 6
293 -35
294 17
295 -77
296 94
297 -60
298 84
299 15
300 58
301 71
302 41
303 -33
304 31
305 49
306 -36
307 -2
308 -41
309 -2
310 -54
311 68
312 -55
313 -2
314 -33
315 -7
316 50
317 -6
318 28
319 -1
320 89
321 -59
322 97
323 -83
324 3
325 -19
326 35
327 49
328 23
329 -49
330 94
331 -5
332 1
333 78
334 9
335 -62
336 -88
337 8
338 -58
339 26
340 -43
341 -79
342 -85
343 78
344 58
345 -41
346 3
347 31
348 33
349 60
350 1
351 -60
352 -4
353 -82
354 -81
355 -85
356 -76
357 96
358 60
359 -23
360 -72
361 73
362 -59
363 18
364 -6
365 96
366 23
367 48
368 -5
369 58
370 38
371 19
372 87
373 -42
374 89
375 -6
376 33
377 -7
378 -100
379 -11
380 -87
381 62
382 11
383 -57
384 -38
385 51
386 -65
387 -89
388 85
389 85
390 44
391 79
392 -48
393 95
394 -54
395 -76
396 8
397 -56
398 -22
399 74
400 37
401 64
402 31
403 -98
404 -71
405 -75
406 -88
407 0
408 -90
409 56
410 31
411 -64
412 -64
413 -45
414 28
415 -36
416 -54
417 21
418 -65
419 -48
420 -49
421 -18
422 26
423 -85
424 69
425 50
426 92
427 82
428 17
429 35
430 66
431 -26
432 15
433 85
434 -71
435 -28
436 -4
437 -31
438 -15
439 -71
440 -53
441 -63
442 -94
443 75
444 70
445 11
446 16
447 97
448 -48
449 -90
450 -40
451 -23
452 -12
453 81
454 -100
455 63
456 82
457 11
458 -62
459 39
460 72
461 -99
462 22
463 78
464 53
465 -76
466 -66
467 -1
468 -90
469 13
470 -69
471 31
472 41
473 -94
474 -42
475 -98
476 -55
477 9
478 78
479 -10
480 -89
481 99
482 -10
483 -59
484 -20
485 -43
486 -55
487 70
488 99
489 -92
490 90
491 -71
492 -22
493 5
494 9
495 95
496 32
497 93
498 -19
499 85
500 -71
501 -24
502 -27
503 -57
504 -34
505 -5
506 9
507 57
508 4
509 3
510 6
511 -8
512 -75
513 -24
514 6
515 -60
516 48
517 49
518 -34
519 -12
520 41
521 -64
522 21
523 34
524 -72
525 5
526 85
527 20
528 87
529 10
530 -97
531 -78
532 87
533 -84
534 -66
535 -6
536 -87
537 32
538 13
539 -5
540 4
541 -22
542 -89
543 4
544 47
545 -15
546 -50
547 -85
548 -20
549 100
550 -33
551 70
552 -6
553 24
554 86
555 -35
556 -7
557 -70
558 47
559 77
560 80
561 62
562 -4
563 -19
564 24
565 84
566 9
567 60
568 4
569 -99
570 6
571 -30
572 72
573 74
574 32
575 -31
576 71
577 84
578 40
579 81
580 84
581 -89
582 -26
583 -68
584 67
585 54
586 -43
587 54
588 -57
589 52
590 -24
591 -18
592 -72
593 -13
594 -28
595 -26
596 -37
597 -10
598 -85
599 -95
600 86
601 98
602 92
603 -86
604 -1
605 -64
606 59
607 -9
608 -13
609 -37
610 9
611 95
612 -1
613 -67
614 -45
615 -12
616 -64
617 45
618 67
619 89
620 66
621 -29
622 33
623 76
624 -75
625 -31
626 30
627 -59
628 -48
629 35
630 95
631 4
632 1
633 -92
634 63
635 -8
636 -83
637 -13
638 68
639 -61
640 98
641 47
642 97
643 86
644 -40
645 -14
646 61
647 12
648 -28
649 89
650 -65
651 46
652 -8
653 -35
654 37
655 94
656 -63
657 33
658 -31
659 80
660 -1
661 57
662 -31
663 95
664 25
665 -54
666 58
667 65
668 -13
669 35
670 29
671 -63
672 -73
673 -27
674 -70
675 19
676 -49
677 -15
678 55
679 -94
680 -98
681 -94
682 57
683 84
684 51
685 44
686 -30
687 -30
688 -64
689 76
690 66
691 -90
692 -29
693 -58
694 -61
695 75
696 54
697 -55
698 80
699 11
700 -50
701 -71
702 93
703 77
704 71
705 63
706 1
707 -1
708 55
709 38
710 -50
711 -5
712 19
713 -92
714 -89
715 27
716 -34
717 -73
718 -61
719 -2
720 51
721 71
722 -64
723 12
724 -49
725 6
726 -76
727 28
728 37
729 -4
730 72
731 82
732 31
733 -49
734 -18
735 17
736 81
737 -20
738 37
739 47
740 67
741 -53
742 -45
743 -22
744 -27
745 16
746 43
747 -89
748 76
749 -89
750 -98
751 60
752 80
753 -17
754 5
755 -13
756 59
757 59
758 -88
759 36
760 2
761 100
762 -95
763 -60
764 99
765 -97
766 65
767 -28
768 -73
769 15
770 43
771 -23
772 29
773 99
774 7
775 -36
776 19
777 -20
778 19
779 14
780 -81
781 -8
782 99
783 37
784 44
785 -31
786 34
787 72
788 78
789 -26
790 40
791 82
792 37
793 57
794 52
795 -24
796 -40
797 46
798 -20
799 12
800 41
801 -67
802 -46
803 93
804 -2
805 46
806 76
807 -7
808 23
809 -58
810 -76
811 49
812 -16
813 8
814 1
815 9
816 52
817 -65
818 -50
819 -16
820 48
821 -20
822 -65
823 34
824 -49
825 -3
826 89
827 82
828 -96
829 -100
830 31
831 -61
832 -100
833 -41
834 65
835 -61
836 5
837 -85
838 -91
839 -25
840 -71
841 -78
842 27
843 82
844 66
845 -30
846 66
847 -17
848 56
849 -78
850 -7
851 23
852 -88
853 -59
854 -93
855 59
856 -72
857 65
858 98
859 -5
860 24
861 20
862 92
863 7
864 -53
865 -31
866 -8
867 -51
868 -22
869 62
870 20
871 -85
872 54
873 93
874 98
875 54
876 34
877 -59
878 38
879 3
880 78
881 -33
882 -54
883 82
884 -38
885 -98
886 33
887 -53
888 92
889 76
890 -93
891 -13
892 -7
893 39
894 -88
895 84
896 88
897 7
898 56
899 -84
900 -4
901 18
902 -13
903 34
904 -30
905 46
906 -25
907 100
908 -84
909 14
910 92
911 13
912 33
913 -24
914 -17
915 22
916 -55
917 64
918 100
919 62
920 -75
921 16
922 -93
923 66
924 22
925 63
926 3
927 82
928 41
929 89
930 65
931 -66
932 -93
933 0
934 44
935 3
936 -71
937 29
938 -36
939 90
940 -88
941 81
942 -61
943 -88
944 29
945 36
946 -36
947 50
948 33
949 1
950 99
951 73
952 -29
953 -98
954 -63
955 -32
956 47
957 11
958 18
959 -25
960 92
961 -40
962 -2
963 14
964 95
965 -16
966 80
967 -63
968 -25
969 -90
970 43
971 17
972 88
973 48
974 -13
975 89
976 54
977 7
978 -22
979 -99
980 -63
981 -52
982 -31
983 32
984 -28
985 88
986 -74
987 -93
988 -99
989 -51
990 -58
991 -5
992 62
993 36
994 55
995 95
996 3
997 38
998 68
999 -30
1000 64
1001 51
1002 -67
1003 23
1004 -50
1005 -34
1006 -46
1007 -53
1008 63
1009 87
1010 16
1011 -73
1012 2
1013 -91
1014 -18
1015 0
1016 10
1017 -22
1018 -4
1019 16
1020 49
1021 86
1022 -43
1023 36
