0 -19
1 45
2 20
3 0
4 83
5 -67
6 -71
7 -59
8 51
9 -82
10 -73
11 -69
12 86
13 35
14 -63
15 95
16 52
17 98
18 -2
19 -62
20 99
21 -57
22 -93
23 45
24 -44
25 33
26 36
27 -29
28 -65
29 -23
30 -40
31 26
32 73
33 -23
34 -86
35 -98
36 -96
37 31
38 -15
39 51
40 -42
41 -25
42 -75
43 -39
44 28
45 -4
46 -38
47 -66
48 -94
49 -44
50 55
51 -75
52 -59
53 -11
54 25
55 -13
56 75
57 22
58 -7
59 -93
60 -7
61 7
62 -62
63 50
64 14
65 58
66 42
67 29
68 -89
69 -85
70 98
71 12
72 38
73 80
74 64
75 -47
76 52
77 -39
78 7
79 41
80 46
81 -98
82 86
83 -7
84 -77
85 6
86 -76
87 -53
88 97
89 -58
90 -74
91 79
92 -94
93 24
94 -44
95 -3
96 57
97 -94
98 74
99 -35
100 16
101 26
102 32
103 88
104 -88
105 91
106 -37
107 -15
108 -45
109 -50
110 24
111 -13
112 -8
113 -38
114 14
115 47
116 -81
117 42
118 92
119 -47
120 -82
121 -48
122 -78
123 92
124 -88
125 -90
126 99
127 -75
128 -57
129 17
130 72
131 29
132 100
133 99
134 80
135 67
136 -21
137 53
138 -38
139 -31
140 94
141 47
142 100
143 75
144 22
145 22
146 27
147 -67
148 -65
149 -80
150 29
151 -87
152 20
153 -22
154 51
155 -79
156 -60
157 -56
158 -31
159 6
160 -18
161 20
162 28
163 -40
164 41
165 95
166 19
167 37
168 -59
169 96
170 52
171 13
172 -80
173 -45
174 41
175 51
176 -53
177 63
178 77
179 -88
180 -46
181 57
182 69
183 75
184 -87
185 90
186 -27
187 -76
188 41
189 12
190 28
191 -84
192 -89
193 19
194 10
195 33
196 -67
197 -47
198 67
199 -57
200 41
201 98
202 -85
203 -33
204 -5
205 -98
206 -8
207 26
208 -36
209 25
210 77
211 -78
212 -34
213 34
214 13
215 -60
216 50
217 62
218 28
219 53
220 -5
221 -37
222 48
223 18
224 32
225 91
226 16
227 18
228 13
229 -89
230 9
231 71
232 33
233 3
234 40
235 58
236 -14
237 91
238 -11
239 83
240 -37
241 82
242 93
243 -32
244 -52
245 -41
246 14
247 73
248 77
249 67
250 12
251 47
252 12
253 0
254 93
255 50
256 32
257 3
258 -95
259 -46
260 -72
261 -52
262 -3
263 74
264 -74
265 -86
266 -14
267 -94
268 -50
269 -90
270 -54
271 -100
272 2
273 -93
274 -10
275 83
276 97
277 62
278 98
279 -52
280 -66
281 -57
282 -81
283 92
284 26
285 61
286 76
287 29
288 -84
289 10
290 -17
291 50
292 -34
293 6
294 -6
295 -44
296 -29
297 17
298 87
299 -81
300 -72
301 43
302 23
303 94
304 -87
305 47
306 34
307 35
308 -11
309 32
310 73
311 8
312 88
313 -100
314 17
315 82
316 -92
317 -99
318 47
319 18
320 47
321 25
322 71
323 -67
324 32
325 -13
326 -10
327 -15
328 8
329 43
330 -1
331 88
332 -28
333 62
334 -41
335 -77
336 5
337 2
338 96
339 -86
340 32
341 7
342 -40
343 0
344 -34
345 -37
346 -9
347 -25
348 81
349 -25
350 21
351 -33
352 -9
353 -86
354 -53
355 -30
356 -58
357 64
358 -54
359 -35
360 -11
361 74
362 90
363 -99
364 91
365 -42
366 -38
367 96
368 66
369 12
370 -5
371 -49
372 14
373 -7
374 -18
375 100
376 -34
377 -35
378 72
379 -82
380 46
381 71
382 -45
383 -31
384 -44
385 -6
386 41
387 -76
388 -78
389 -13
390 -97
391 -90
392 87
393 91
394 82
395 23
396 -5
397 -91
398 -21
399 82
400 -48
401 -51
402 58
403 -85
404 -47
405 98
406 19
407 11
408 -13
409 63
410 -41
411 -36
412 -88
413 15
414 96
415 -32
416 84
417 55
418 -29
419 -41
420 -53
421 50
422 97
423 -68
424 65
425 -85
426 2
427 -26
428 -65
429 -79
430 -93
431 66
432 -33
433 2
434 41
435 26
436 -59
437 52
438 -81
439 -6
440 -46
441 -61
442 19
443 -79
444 1
445 -87
446 -18
447 97
448 58
449 27
450 11
451 20
452 42
453 28
454 -56
455 26
456 97
457 0
458 66
459 -14
460 77
461 -29
462 22
463 74
464 -20
465 33
466 -88
467 -55
468 -75
469 5
470 -84
471 54
472 97
473 -49
474 91
475 -13
476 73
477 -21
478 80
479 94
480 60
481 31
482 83
483 13
484 -54
485 87
486 -9
487 -32
488 42
489 65
490 24
491 32
492 21
493 -18
494 86
495 67
496 53
497 -25
498 -97
499 -53
500 32
501 -20
502 -16
503 64
504 -18
505 -100
506 -72
507 -100
508 -57
509 19
510 9
511 76
512 16
513 -2
514 14
515 7
516 50
517 -43
518 14
519 -15
520 86
521 -54
522 1
523 -30
524 15
525 15
526 -45
527 -14
528 -44
529 68
530 -13
531 65
532 -73
533 45
534 19
535 -48
536 -6
537 57
538 -7
539 47
540 87
541 -85
542 60
543 -96
544 -52
545 1
546 88
547 78
548 -35
549 43
550 61
551 -60
552 -94
553 -44
554 -12
555 -30
556 -11
557 -75
558 -78
559 -5
560 -23
561 73
562 -13
563 42
564 -36
565 -14
566 46
567 67
568 95
569 -94
570 90
571 -98
572 81
573 -51
574 -3
575 -79
576 44
577 8
578 29
579 -73
580 -76
581 52
582 -65
583 35
584 -7
585 85
586 -11
587 34
588 -5
589 55
590 66
591 89
592 41
593 76
594 90
595 -64
596 -40
597 -16
598 36
599 13
600 14
601 99
602 -5
603 79
604 -58
605 -19
606 32
607 78
608 6
609 3
610 -25
611 -80
612 -37
613 100
614 -4
615 -70
616 -39
617 44
618 -68
619 70
620 75
621 -43
622 -87
623 20
624 4
625 -90
626 46
627 -40
628 71
629 8
630 17
631 1
632 70
633 -16
634 -69
635 26
636 75
637 -15
638 -77
639 35
640 71
641 84
642 -78
643 -44
644 -39
645 -77
646 -39
647 27
648 11
649 98
650 -16
651 71
652 -59
653 44
654 19
655 12
656 75
657 86
658 74
659 -56
660 3
661 -81
662 -61
663 70
664 19
665 85
666 48
667 84
668 18
669 -5
670 40
671 60
672 -86
673 -38
674 -85
675 -97
676 -49
677 83
678 -14
679 -79
680 80
681 30
682 4
683 29
684 -30
685 37
686 -66
687 79
688 23
689 71
690 75
691 63
692 48
693 -76
694 -24
695 98
696 -75
697 -17
698 72
699 14
700 -22
701 69
702 50
703 -11
704 61
705 -79
706 78
707 -39
708 -85
709 98
710 -51
711 -20
712 -46
713 51
714 -39
715 67
716 40
717 -95
718 -55
719 -5
720 -29
721 57
722 29
723 -2
724 -45
725 44
726 13
727 -98
728 -2
729 -49
730 -66
731 77
732 -11
733 -26
734 1
735 84
736 -92
737 17
738 -59
739 -5
740 47
741 29
742 12
743 47
744 75
745 -79
746 54
747 -75
748 23
749 63
750 73
751 33
752 12
753 100
754 -60
755 -57
756 -69
757 41
758 -62
759 -31
760 -67
761 -96
762 47
763 -16
764 65
765 -64
766 0
767 88
768 -53
769 76
770 83
771 -67
772 -70
773 -24
774 -56
775 61
776 -89
777 5
778 40
779 66
780 1
781 -39
782 45
783 62
784 36
785 -21
786 -95
787 71
788 84
789 -70
790 73
791 -28
792 29
793 29
794 -9
795 -78
796 37
797 90
798 -74
799 -52
800 -80
801 -82
802 74
803 -70
804 86
805 -1
806 98
807 25
808 -34
809 11
810 51
811 67
812 69
813 -43
814 73
815 -10
816 -50
817 -32
818 90
819 -8
820 77
821 -58
822 -73
823 89
824 -50
825 -68
826 19
827 -56
828 -68
829 -73
830 -82
831 -48
832 -79
833 -21
834 8
835 93
836 16
837 -35
838 2
839 29
840 39
841 6
842 -64
843 -91
844 30
845 87
846 45
847 -3
848 15
849 24
850 76
851 46
852 50
853 -29
854 35
855 -11
856 -4
857 -10
858 -26
859 86
860 19
861 7
862 6
863 3
864 58
865 26
866 -42
867 7
868 7
869 -33
870 95
871 7
872 74
873 -46
874 56
875 98
876 94
877 28
878 -37
879 -21
880 0
881 27
882 56
883 -53
884 31
885 -4
886 79
887 -11
888 20
889 80
890 -51
891 -60
892 -93
893 15
894 76
895 -91
896 75
897 -80
898 -61
899 9
900 7
901 53
902 21
903 40
904 -7
905 16
906 -50
907 52
908 96
909 -26
910 51
911 28
912 -86
913 42
914 -21
915 6
916 -96
917 -11
918 -71
919 76
920 -55
921 -95
922 -95
923 5
924 24
925 84
926 45
927 -6
928 94
929 100
930 -88
931 17
932 -50
933 -4
934 84
935 13
936 43
937 -63
938 15
939 45
940 -65
941 25
942 -31
943 55
944 55
945 63
946 78
947 56
948 99
949 -69
950 78
951 77
952 -35
953 -82
954 17
955 22
956 5
957 17
958 -13
959 52
960 -74
961 40
962 -59
963 -63
964 42
965 63
966 -68
967 -12
968 78
969 -98
970 93
971 -55
972 48
973 56
974 -96
975 -92
976 39
977 -34
978 -14
979 31
980 73
981 62
982 15
983 11
984 43
985 47
986 -74
987 58
988 -45
989 -72
990 -5
991 45
992 69
993 12
994 -3
995 -65
996 38
997 -98
998 -12
999 16
1000 -52
1001 23
1002 36
1003 -42
1004 -75
1005 79
1006 12
1007 38
1008 16
1009 -37
1010 5
1011 -92
1012 60
1013 -21
1014 46
1015 16
1016 -100
1017 99
1018 -87
1019 -67
1020 -55
1021 -52
1022 -98
1023 -100
