0 -19
1 93
2 98
3 -62
4 -65
5 -15
6 15
7 97
8 -79
9 -94
10 55
11 90
12 92
13 -26
14 27
15 -58
16 0
17 56
18 -7
19 45
20 20
21 26
22 26
23 -17
24 -64
25 61
26 35
27 68
28 -18
29 90
30 49
31 1
32 100
33 50
34 -46
35 -81
36 -87
37 48
38 -95
39 -24
40 48
41 -81
42 -61
43 85
44 -26
45 22
46 -22
47 69
48 51
49 -67
50 24
51 17
52 -49
53 21
54 10
55 -14
56 87
57 -92
58 63
59 -73
60 -65
61 65
62 40
63 -82
64 -93
65 -83
66 62
67 7
68 85
69 83
70 9
71 57
72 -97
73 -7
74 -60
75 28
76 -83
77 8
78 43
79 70
80 -13
81 -15
82 40
83 14
84 -67
85 32
86 -34
87 -66
88 -92
89 -19
90 -36
91 -7
92 -54
93 43
94 -62
95 43
96 -82
97 70
98 -37
99 -60
100 -6
101 -72
102 -88
103 18
104 -100
105 -68
106 -24
107 -99
108 -50
109 -80
110 83
111 26
112 -46
113 -80
114 60
115 -29
116 -29
117 54
118 8
119 -69
120 -61
121 -96
122 53
123 -36
124 81
125 -90
126 -16
127 53
128 22
129 61
130 -51
131 69
132 58
133 26
134 15
135 -77
136 -79
137 -63
138 -19
139 3
140 -47
141 29
142 -24
143 24
144 52
145 -55
146 -9
147 85
148 35
149 63
150 15
151 8
152 81
153 -46
154 -41
155 -90
156 -36
157 56
158 -58
159 44
160 40
161 52
162 -19
163 -60
164 -66
165 32
166 42
167 70
168 58
169 96
170 -78
171 72
172 7
173 -25
174 0
175 -34
176 99
177 18
178 50
179 13
180 -24
181 -82
182 -77
183 100
184 -58
185 -25
186 83
187 -80
188 98
189 -4
190 -3
191 -22
192 14
193 -78
194 75
195 76
196 -33
197 -81
198 -63
199 56
200 -80
201 -50
202 -44
203 56
204 82
205 33
206 -3
207 94
208 -67
209 -76
210 -67
211 -75
212 87
213 -51
214 -36
215 19
216 -32
217 -33
218 -3
219 -33
220 -94
221 68
222 7
223 66
224 -91
225 62
226 68
227 25
228 -88
229 -73
230 64
231 41
232 -25
233 37
234 24
235 73
236 24
237 79
238 32
239 97
240 -98
241 -84
242 28
243 -64
244 65
245 -47
246 -34
247 -1
248 -27
249 -48
250 -44
251 94
252 20
253 82
254 -2
255 -11
256 -30
257 -19
258 -95
259 26
260 -62
261 44
262 51
263 -20
264 -6
265 23
266 54
267 49
268 -80
269 44
270 -60
271 -98
272 -38
273 84
274 -71
275 -71
276 46
277 75
278 -10
279 -59
280 56
281 36
282 -14
283 18
284 55
285 -13
286 36
287 -55
288 -45
289 93
290 -88
291 -7
292 1
293 -74
294 23
295 -87
296 -88
297 -40
298 -76
299 36
300 34
301 -58
302 13
303 -95
304 -26
305 -78
306 37
307 6
308 -37
309 -35
310 -71
311 63
312 -34
313 -34
314 -48
315 82
316 89
317 -65
318 -26
319 80
320 -30
321 61
322 -51
323 -96
324 -38
325 -49
326 92
327 67
328 65
329 18
330 -4
331 2
332 -92
333 -55
334 3
335 -87
336 -85
337 -73
338 -82
339 -72
340 75
341 -73
342 -77
343 -14
344 -2
345 62
346 -13
347 -29
348 70
349 -79
350 -71
351 -31
352 21
353 -89
354 -66
355 -76
356 -67
357 -76
358 39
359 -99
360 -40
361 1
362 15
363 94
364 90
365 80
366 21
367 -75
368 -46
369 -80
370 -3
371 -69
372 -1
373 94
374 -25
375 9
376 29
377 -57
378 52
379 -84
380 41
381 -73
382 -30
383 -85
384 0
385 99
386 -57
387 75
388 41
389 14
390 -59
391 -3
392 55
393 65
394 -29
395 -18
396 -33
397 81
398 -6
399 23
400 48
401 -54
402 -91
403 44
404 -80
405 -16
406 -62
407 6
408 57
409 61
410 36
411 43
412 41
413 81
414 46
415 52
416 -44
417 -78
418 -5
419 -39
420 10
421 69
422 13
423 -89
424 62
425 21
426 -97
427 -62
428 6
429 -62
430 49
431 34
432 -62
433 -38
434 23
435 89
436 -36
437 -34
438 -78
439 -89
440 78
441 84
442 9
443 46
444 -61
445 -25
446 29
447 4
448 -11
449 1
450 72
451 -67
452 97
453 57
454 40
455 5
456 26
457 25
458 -78
459 65
460 99
461 66
462 -98
463 96
464 90
465 34
466 16
467 42
468 32
469 -85
470 -49
471 73
472 73
473 -42
474 -34
475 69
476 100
477 26
478 -63
479 -31
480 -12
481 62
482 62
483 -20
484 -94
485 -18
486 15
487 -22
488 88
489 -78
490 -53
491 98
492 89
493 -71
494 59
495 17
496 43
497 -86
498 -31
499 72
500 -91
501 -76
502 45
503 -36
504 -92
505 -75
506 -100
507 -61
508 -22
509 -54
510 2
511 -4
512 -9
513 45
514 96
515 26
516 86
517 93
518 -44
519 22
520 -56
521 74
522 88
523 -45
524 62
525 -21
526 80
527 -21
528 13
529 97
530 -11
531 28
532 -84
533 61
534 32
535 -31
536 51
537 72
538 62
539 -99
540 31
541 -99
542 0
543 73
544 -62
545 80
546 17
547 -5
548 32
549 -9
550 -89
551 9
552 -24
553 -37
554 -78
555 -94
556 -95
557 91
558 1
559 -37
560 -26
561 30
562 -11
563 7
564 79
565 55
566 -32
567 -45
568 9
569 65
570 -57
571 -83
572 61
573 74
574 99
575 -2
576 -14
577 -56
578 -42
579 -17
580 -77
581 -41
582 -47
583 22
584 -55
585 88
586 -10
587 3
588 -19
589 90
590 -37
591 -29
592 44
593 -100
594 20
595 41
596 -89
597 60
598 -67
599 -55
600 70
601 34
602 -18
603 -6
604 86
605 -65
606 20
607 15
608 -36
609 -5
610 -57
611 19
612 -53
613 -42
614 -86
615 41
616 -15
617 -85
618 36
619 -83
620 -31
621 -59
622 62
623 -48
624 -81
625 2
626 -1
627 62
628 8
629 -78
630 6
631 -94
632 80
633 -13
634 -36
635 78
636 59
637 90
638 -64
639 -24
640 -5
641 86
642 -7
643 -16
644 -20
645 21
646 10
647 -33
648 -90
649 77
650 -97
651 41
652 91
653 88
654 -22
655 -13
656 -92
657 11
658 -36
659 23
660 78
661 73
662 -8
663 -95
664 88
665 70
666 -8
667 -43
668 87
669 -64
670 75
671 -8
672 55
673 -48
674 -19
675 -86
676 89
677 70
678 -28
679 -68
680 -11
681 27
682 33
683 -57
684 41
685 57
686 4
687 -93
688 97
689 -61
690 46
691 -54
692 21
693 54
694 -81
695 -69
696 99
697 -55
698 -23
699 56
700 -21
701 -11
702 99
703 -80
704 97
705 43
706 -75
707 -54
708 -88
709 4
710 -98
711 12
712 -28
713 -41
714 74
715 32
716 -1
717 -29
718 94
719 14
720 67
721 -90
722 67
723 40
724 63
725 85
726 8
727 8
728 -90
729 -58
730 -58
731 -27
732 -99
733 81
734 -54
735 14
736 -36
737 -94
738 43
739 -9
740 -4
741 -21
742 89
743 42
744 -77
745 9
746 49
747 54
748 40
749 -83
750 44
751 -100
752 80
753 -1
754 99
755 -43
756 15
757 -8
758 50
759 -97
760 3
761 7
762 -10
763 -76
764 67
765 68
766 -65
767 82
768 -82
769 -54
770 -66
771 -62
772 89
773 69
774 79
775 -74
776 -2
777 -57
778 42
779 8
780 -34
781 29
782 76
783 18
784 31
785 -30
786 74
787 -48
788 -80
789 33
790 -77
791 82
792 -64
793 -97
794 91
795 -62
796 73
797 -48
798 42
799 38
800 75
801 35
802 28
803 -42
804 -4
805 88
806 -41
807 -43
808 -77
809 85
810 -100
811 90
812 88
813 44
814 -88
815 47
816 72
817 -71
818 15
819 11
820 -78
821 -2
822 -20
823 -55
824 38
825 -75
826 -82
827 -56
828 87
829 69
830 -2
831 93
832 53
833 -27
834 -44
835 -17
836 -39
837 -92
838 83
839 69
840 -65
841 3
842 -55
843 42
844 40
845 -21
846 -60
847 39
848 -98
849 -97
850 -6
851 -30
852 -7
853 -100
854 -60
855 90
856 -62
857 76
858 45
859 -63
860 -20
861 -3
862 54
863 52
864 36
865 29
866 12
867 -17
868 42
869 -35
870 -65
871 -43
872 -29
873 -98
874 -100
875 1
876 -69
877 -82
878 -52
879 -52
880 64
881 -38
882 -30
883 -35
884 34
885 96
886 -75
887 -77
888 -69
889 66
890 86
891 49
892 86
893 18
894 21
895 -92
896 57
897 74
898 40
899 -1
900 11
901 -91
902 -6
903 -19
904 55
905 -41
906 35
907 -49
908 -86
909 20
910 77
911 -83
912 70
913 -10
914 51
915 13
916 -95
917 42
918 -91
919 -10
920 74
921 17
922 -7
923 -6
924 -33
925 -79
926 -7
927 51
928 94
929 1
930 -12
931 -52
932 -53
933 97
934 -17
935 34
936 52
937 23
938 12
939 85
940 17
941 -42
942 79
943 -41
944 31
945 30
946 91
947 7
948 -41
949 35
950 61
951 -50
952 -75
953 7
954 0
955 80
956 28
957 60
958 -50
959 43
960 42
961 99
962 72
963 25
964 36
965 -2
966 -64
967 70
968 -89
969 5
970 -82
971 -76
972 -6
973 59
974 27
975 73
976 87
977 -34
978 -81
979 -78
980 -64
981 -91
982 12
983 44
984 75
985 99
986 -16
987 -7
988 -83
989 -16
990 -2
991 -19
992 -71
993 -81
994 22
995 45
996 73
997 24
998 -79
999 14
1000 -17
1001 -81
1002 -90
1003 81
1004 52
1005 -79
1006 14
1007 -62
1008 -73
1009 59
1010 36
1011 29
1012 -98
1013 18
1014 27
1015 61
1016 -35
1017 66
1018 -23
1019 33
1020 67
1021 -64
1022 -5
1023 -4
