0 -46
1 35
2 29
3 -19
4 41
5 -91
6 51
7 -31
8 -15
9 4
10 88
11 -25
12 1
13 31
14 6
15 -93
16 -19
17 20
18 -18
19 10
20 -77
21 -4
22 37
23 -28
24 55
25 22
26 66
27 -71
28 -67
29 36
30 -89
31 98
32 70
33 -92
34 10
35 -67
36 35
37 -6
38 98
39 -91
40 -41
41 61
42 -80
43 -6
44 84
45 46
46 60
47 52
48 85
49 58
50 -30
51 64
52 23
53 47
54 56
55 93
56 4
57 40
58 -50
59 65
60 37
61 -24
62 22
63 49
64 45
65 -86
66 -30
67 80
68 -15
69 -56
70 19
71 -100
72 -66
73 -5
74 87
75 -24
76 -94
77 92
78 55
79 -63
80 6
81 33
82 -50
83 -22
84 -100
85 5
86 -6
87 10
88 -72
89 -46
90 -38
91 9
92 91
93 -83
94 12
95 -10
96 -25
97 -22
98 -90
99 23
100 -14
101 33
102 41
103 -61
104 -57
105 -47
106 17
107 54
108 36
109 18
110 -98
111 -30
112 -44
113 76
114 49
115 84
116 47
117 -31
118 -76
119 -32
120 -37
121 -31
122 -23
123 -45
124 40
125 -63
126 6
127 -66
128 -73
129 -85
130 -90
131 77
132 78
133 58
134 94
135 18
136 1
137 61
138 -18
139 -89
140 -56
141 -43
142 41
143 -72
144 -83
145 -92
146 72
147 78
148 -89
149 61
150 10
151 7
152 -10
153 -73
154 -37
155 81
156 80
157 66
158 -19
159 -90
160 17
161 0
162 -61
163 -58
164 -38
165 -46
166 -99
167 -92
168 6
169 -93
170 -8
171 -95
172 -51
173 44
174 29
175 -97
176 -57
177 89
178 100
179 8
180 -77
181 -57
182 -55
183 40
184 -14
185 -87
186 27
187 -59
188 55
189 -63
190 -56
191 23
192 35
193 -35
194 17
195 60
196 32
197 63
198 -42
199 -7
200 -9
201 -33
202 80
203 9
204 5
205 -22
206 63
207 -83
208 -50
209 -63
210 -28
211 -48
212 4
213 73
214 -90
215 -62
216 25
217 -56
218 57
219 -89
220 38
221 -15
222 45
223 56
224 52
225 -21
226 21
227 -93
228 -40
229 6
230 -70
231 44
232 85
233 26
234 -53
235 69
236 -21
237 30
238 -9
239 -10
240 -35
241 77
242 -62
243 -8
244 76
245 -16
246 -33
247 15
248 -31
249 -70
250 -61
251 42
252 -10
253 80
254 74
255 90
256 -31
257 56
258 -6
259 -74
260 31
261 20
262 97
263 -91
264 -78
265 47
266 -38
267 -15
268 8
269 -26
270 31
271 -99
272 74
273 24
274 40
275 40
276 -72
277 22
278 -77
279 57
280 -49
281 -87
282 -10
283 37
284 43
285 -13
286 44
287 55
288 -84
289 30
290 -98
291 98
292 -32
293 94
294 -44
295 44
296 72
297 21
298 34
299 -35
300 74
301 19
302 -7
303 42
304 49
305 49
306 42
307 -34
308 61
309 97
310 -22
311 -5
312 -39
313 64
314 -34
315 -23
316 65
317 -12
318 91
319 -91
320 -7
321 -17
322 39
323 14
324 84
325 18
326 -72
327 57
328 -31
329 65
330 42
331 87
332 69
333 -59
334 -62
335 21
336 -89
337 57
338 -17
339 34
340 81
341 -44
342 16
343 75
344 17
345 88
346 -81
347 24
348 73
349 -35
350 29
351 -67
352 -32
353 -18
354 52
355 -80
356 -98
357 -31
358 33
359 72
360 -28
361 -42
362 60
363 2
364 97
365 53
366 32
367 -82
368 85
369 -58
370 7
371 72
372 84
373 -94
374 -34
375 -21
376 26
377 18
378 39
379 -85
380 59
381 -72
382 38
383 -78
384 -48
385 -40
386 10
387 -41
388 29
389 63
390 10
391 74
392 53
393 74
394 -40
395 10
396 -12
397 -71
398 -82
399 -65
400 -74
401 -54
402 52
403 -95
404 -27
405 -2
406 -69
407 -96
408 -58
409 86
410 84
411 -69
412 3
413 4
414 -49
415 54
416 12
417 -12
418 78
419 37
420 -52
421 -86
422 17
423 15
424 57
425 -94
426 -65
427 76
428 86
429 48
430 -55
431 99
432 14
433 16
434 14
435 47
436 44
437 -97
438 -54
439 54
440 -87
441 -3
442 -10
443 62
444 -81
445 58
446 -24
447 -5
448 -82
449 -59
450 -12
451 -24
452 64
453 -51
454 23
455 98
456 7
457 32
458 -80
459 -16
460 82
461 -50
462 43
463 87
464 -13
465 -85
466 87
467 -83
468 79
469 -61
470 25
471 -23
472 -53
473 -2
474 -88
475 -16
476 23
477 -96
478 94
479 16
480 76
481 -82
482 44
483 18
484 10
485 -26
486 -88
487 -11
488 58
489 37
490 2
491 99
492 -96
493 56
494 4
495 5
496 53
497 -62
498 -21
499 93
500 -69
501 -94
502 47
503 -80
504 16
505 44
506 9
507 31
508 -90
509 -100
510 -55
511 -34
512 62
513 -37
514 -38
515 -62
516 8
517 27
518 -58
519 25
520 71
521 -13
522 88
523 -18
524 -27
525 -39
526 -70
527 -52
528 -36
529 56
530 15
531 -72
532 69
533 -63
534 13
535 -95
536 77
537 -7
538 -25
539 -51
540 -85
541 87
542 58
543 -60
544 13
545 -11
546 -4
547 9
548 -36
549 -64
550 0
551 -73
552 76
553 -4
554 47
555 20
556 26
557 -96
558 -14
559 -50
560 -38
561 17
562 35
563 21
564 -28
565 22
566 34
567 -36
568 94
569 -16
570 21
571 83
572 -24
573 79
574 -7
575 -68
576 73
577 45
578 -87
579 -2
580 -36
581 -75
582 66
583 -57
584 -8
585 -70
586 41
587 42
588 -1
589 -17
590 87
591 52
592 -64
593 58
594 -30
595 -77
596 -6
597 -86
598 5
599 75
600 1
601 8
602 -2
603 35
604 -71
605 58
606 -38
607 66
608 70
609 19
610 5
611 1
612 16
613 -92
614 -84
615 52
616 53
617 92
618 33
619 33
620 -81
621 -44
622 -45
623 14
624 -41
625 -37
626 69
627 67
628 -30
629 -85
630 71
631 62
632 -99
633 -57
634 -41
635 -39
636 -64
637 -19
638 -10
639 -28
640 -68
641 27
642 97
643 60
644 -73
645 -58
646 78
647 -10
648 -85
649 -74
650 -34
651 8
652 -66
653 66
654 -92
655 80
656 9
657 44
658 39
659 96
660 -29
661 43
662 -61
663 -1
664 -16
665 -27
666 94
667 78
668 32
669 98
670 100
671 53
672 5
673 54
674 -38
675 20
676 -25
677 63
678 -30
679 91
680 -42
681 33
682 -56
683 -59
684 93
685 72
686 5
687 -89
688 57
689 97
690 -5
691 61
692 88
693 -54
694 -34
695 70
696 -73
697 9
698 -66
699 -38
700 91
701 -97
702 87
703 30
704 -20
705 -39
706 -48
707 -11
708 14
709 49
710 -24
711 -82
712 56
713 71
714 37
715 -82
716 -89
717 -67
718 -46
719 -84
720 78
721 86
722 84
723 93
724 19
725 78
726 44
727 42
728 -37
729 14
730 -94
731 90
732 95
733 30
734 -16
735 74
736 -9
737 -5
738 33
739 97
740 -45
741 -85
742 -20
743 -22
744 -35
745 -73
746 37
747 -9
748 53
749 -85
750 -65
751 51
752 10
753 -51
754 -15
755 46
756 -21
757 -84
758 0
759 9
760 -40
761 76
762 12
763 98
764 60
765 0
766 -15
767 -64
768 -38
769 -22
770 -32
771 43
772 26
773 -49
774 80
775 -62
776 -41
777 -77
778 26
779 22
780 5
781 56
782 -61
783 -66
784 -88
785 -92
786 2
787 -10
788 -58
789 37
790 90
791 -99
792 37
793 -6
794 -90
795 -49
796 0
797 -84
798 23
799 60
800 10
801 -23
802 18
803 32
804 66
805 90
806 48
807 92
808 -45
809 -96
810 24
811 -43
812 99
813 -56
814 26
815 37
816 -12
817 74
818 99
819 -25
820 99
821 -50
822 48
823 -53
824 -55
825 -26
826 -60
827 5
828 -97
829 94
830 82
831 54
832 -98
833 79
834 50
835 -74
836 -20
837 -67
838 -97
839 -33
840 75
841 4
842 -21
843 80
844 2
845 31
846 30
847 3
848 -35
849 -21
850 -76
851 52
852 -28
853 -30
854 13
855 -32
856 89
857 -6
858 51
859 6
860 -89
861 -40
862 50
863 -64
864 -79
865 39
866 31
867 76
868 -31
869 -99
870 62
871 50
872 57
873 -28
874 -42
875 -56
876 -44
877 -32
878 -100
879 36
880 85
881 67
882 92
883 -9
884 -74
885 46
886 24
887 41
888 -50
889 95
890 -13
891 14
892 -3
893 -81
894 -3
895 48
896 -40
897 42
898 9
899 98
900 80
901 72
902 38
903 -63
904 74
905 96
906 46
907 -94
908 27
909 77
910 72
911 -100
912 -61
913 -58
914 86
915 -36
916 -5
917 9
918 76
919 95
920 -34
921 -33
922 2
923 -68
924 -10
925 75
926 -89
927 7
928 -68
929 -96
930 -83
931 -20
932 -28
933 64
934 -92
935 -35
936 -66
937 7
938 50
939 -95
940 -7
941 -65
942 -14
943 88
944 -68
945 88
946 -87
947 9
948 -25
949 -29
950 15
951 37
952 31
953 47
954 53
955 9
956 -17
957 34
958 1
959 69
960 71
961 -14
962 -49
963 -99
964 -2
965 -8
966 -24
967 -39
968 96
969 -3
970 55
971 46
972 77
973 55
974 46
975 74
976 -61
977 -89
978 -44
979 -93
980 -28
981 -21
982 60
983 -49
984 7
985 39
986 -39
987 -35
988 -21
989 93
990 100
991 18
992 -11
993 -42
994 62
995 -40
996 8
997 -55
998 -2
999 5
1000 71
1001 15
1002 84
1003 -58
1004 -12
1005 86
1006 36
1007 -74
1008 -82
1009 -84
1010 -64
1011 -88
1012 -35
1013 -88
1014 21
1015 -2
1016 -74
1017 78
1018 27
1019 95
1020 -85
1021 84
1022 83
1023 -44
