0 4
1 -27
2 -37
3 66
4 -73
5 43
6 -89
7 58
8 -14
9 -59
10 -70
11 85
12 7
13 15
14 77
15 -63
16 -97
17 -64
18 93
19 -37
20 95
21 -89
22 -49
23 -7
24 -10
25 68
26 48
27 30
28 -20
29 83
30 85
31 -31
32 11
33 1
34 73
35 32
36 42
37 42
38 -24
39 -45
40 -64
41 41
42 31
43 -52
44 97
45 9
46 52
47 -63
48 62
49 29
50 44
51 -15
52 17
53 82
54 -63
55 43
56 -88
57 -11
58 -56
59 -88
60 91
61 76
62 40
63 90
64 21
65 -4
66 41
67 -24
68 77
69 -75
70 -37
71 -33
72 100
73 -72
74 -53
75 -69
76 89
77 84
78 -64
79 -2
80 75
81 -90
82 -10
83 -18
84 89
85 -100
86 67
87 61
88 67
89 99
90 -66
91 61
92 -63
93 -76
94 -15
95 49
96 -26
97 -19
98 -14
99 51
100 -46
101 25
102 -77
103 -76
104 94
105 -5
106 62
107 63
108 -37
109 48
110 37
111 -78
112 42
113 -86
114 -53
115 -79
116 73
117 11
118 -64
119 -86
120 -48
121 -26
122 35
123 -32
124 59
125 -79
126 -9
127 -23
