0 2
1 -25
2 25
3 -49
4 31
5 40
6 -9
7 25
8 51
9 -5
10 98
11 12
12 39
13 -88
14 94
15 61
16 -61
17 39
18 -44
19 -20
20 -92
21 87
22 -44
23 -64
24 69
25 -30
26 -93
27 2
28 -40
29 83
30 -58
31 72
32 19
33 -32
34 31
35 -48
36 -65
37 -36
38 -93
39 -22
40 -99
41 86
42 -93
43 -62
44 -40
45 58
46 -78
47 -16
48 7
49 -51
50 96
51 -13
52 -1
53 9
54 -56
55 -97
56 66
57 97
58 -39
59 -1
60 -83
61 -73
62 93
63 -68
64 -31
65 16
66 39
67 14
68 88
69 47
70 -23
71 58
72 26
73 99
74 -90
75 43
76 90
77 80
78 9
79 -79
80 -78
81 36
82 -45
83 -87
84 53
85 26
86 -29
87 35
88 -97
89 16
90 53
91 -61
92 -53
93 -49
94 -93
95 78
96 -82
97 46
98 38
99 33
100 94
101 21
102 -86
103 49
104 -54
105 49
106 -100
107 20
108 -91
109 -14
110 78
111 -14
112 -20
113 -8
114 78
115 33
116 46
117 -55
118 74
119 -50
120 -16
121 5
122 -99
123 -69
124 -28
125 -43
126 -74
127 46
