0 83
1 6
2 10
3 -23
4 -66
5 10
6 -54
7 -26
8 -57
9 -99
10 59
11 3
12 -95
13 80
14 78
15 51
16 -46
17 18
18 -86
19 10
20 18
21 85
22 -79
23 33
24 49
25 -69
26 85
27 -13
28 50
29 -53
30 -85
31 100
32 20
33 70
34 83
35 18
36 -30
37 -40
38 54
39 34
40 -80
41 75
42 -5
43 51
44 -56
45 40
46 -46
47 99
48 -53
49 -37
50 -15
51 12
52 80
53 -84
54 35
55 -66
56 -43
57 32
58 -18
59 29
60 34
61 28
62 71
63 -63
64 51
65 -82
66 67
67 -57
68 79
69 96
70 -13
71 -62
72 -8
73 4
74 -38
75 -56
76 -77
77 -63
78 -40
79 46
80 14
81 13
82 47
83 82
84 -80
85 78
86 -1
87 -67
88 -82
89 59
90 69
91 28
92 -51
93 -25
94 8
95 -73
96 -78
97 -5
98 -47
99 -63
100 86
101 -72
102 56
103 94
104 -39
105 77
106 -80
107 24
108 -10
109 -46
110 -5
111 -24
112 -18
113 -25
114 69
115 -76
116 4
117 60
118 67
119 -71
120 -10
121 -2
122 71
123 -91
124 95
125 -50
126 4
127 -44
