0 -15
1 -23
2 -5
3 72
4 -46
5 -40
6 -22
7 -36
8 31
9 50
10 36
11 -29
12 46
13 -4
14 -93
15 -45
16 23
17 -29
18 -28
19 -14
20 -53
21 -26
22 -53
23 -3
24 -92
25 -4
26 39
27 10
28 -38
29 56
30 -86
31 19
32 75
33 37
34 99
35 -34
36 60
37 -70
38 -33
39 -93
40 6
41 -26
42 70
43 -70
44 34
45 55
46 -6
47 -17
48 -80
49 60
50 10
51 -70
52 79
53 30
54 -50
55 -77
56 62
57 -45
58 10
59 98
60 95
61 22
62 -21
63 -61
64 -30
65 83
66 40
67 74
68 78
69 -12
70 -100
71 93
72 -83
73 -2
74 -73
75 -48
76 -52
77 -13
78 -94
79 -73
80 43
81 5
82 2
83 71
84 -43
85 48
86 29
87 10
88 14
89 74
90 94
91 33
92 21
93 -59
94 61
95 -14
96 99
97 72
98 -97
99 65
100 -22
101 -72
102 -16
103 2
104 83
105 51
106 58
107 5
108 64
109 -42
110 -64
111 -20
112 68
113 19
114 -65
115 -17
116 -66
117 99
118 -35
119 36
120 -88
121 93
122 48
123 -29
124 -70
125 80
126 -93
127 -4
