0 34
1 96
2 -32
3 4
4 58
5 53
6 55
7 76
8 65
9 -16
10 -8
11 81
12 19
13 -43
14 -6
15 -1
16 58
17 49
18 42
19 38
20 -17
21 -73
22 -94
23 58
24 -55
25 -35
26 3
27 60
28 -29
29 -62
30 36
31 19
32 -91
33 31
34 27
35 -94
36 27
37 88
38 -97
39 -85
40 88
41 -99
42 32
43 -1
44 -69
45 -66
46 -92
47 -83
48 91
49 23
50 74
51 -43
52 40
53 -17
54 94
55 12
56 -95
57 -23
58 -82
59 7
60 4
61 -40
62 -18
63 17
64 -80
65 51
66 75
67 -9
68 41
69 -31
70 -77
71 -30
72 40
73 62
74 -17
75 -22
76 -22
77 -23
78 91
79 91
80 33
81 -9
82 48
83 39
84 44
85 48
86 49
87 6
88 66
89 22
90 3
91 28
92 -4
93 -53
94 -26
95 23
96 -82
97 86
98 -51
99 36
100 55
101 26
102 -23
103 -22
104 -76
105 -6
106 92
107 -24
108 74
109 -72
110 -84
111 -52
112 66
113 1
114 98
115 96
116 -45
117 3
118 -60
119 64
120 11
121 52
122 -71
123 -11
124 61
125 4
126 89
127 -77
