0 -55
1 -77
2 19
3 90
4 45
5 -48
6 -23
7 17
8 60
9 57
10 85
11 -27
12 32
13 -17
14 52
15 20
16 -29
17 8
18 25
19 81
20 -23
21 69
22 -96
23 -19
24 -18
25 65
26 32
27 62
28 78
29 67
30 94
31 -12
32 -72
33 1
34 -1
35 -67
36 46
37 -73
38 89
39 94
40 27
41 -62
42 69
43 -75
44 -83
45 58
46 76
47 56
48 10
49 24
50 32
51 13
52 -48
53 48
54 -95
55 49
56 -56
57 41
58 78
59 12
60 76
61 -47
62 -58
63 48
64 -7
65 -16
66 99
67 -53
68 89
69 -9
70 -94
71 21
72 -2
73 -78
74 -52
75 38
76 -40
77 78
78 21
79 -5
80 27
81 41
82 42
83 10
84 54
85 -98
86 -6
87 26
88 67
89 -98
90 56
91 76
92 -17
93 -5
94 48
95 -44
96 25
97 -81
98 56
99 8
100 18
101 22
102 -39
103 38
104 -40
105 -57
106 78
107 7
108 32
109 -2
110 33
111 44
112 -91
113 -98
114 9
115 45
116 -27
117 89
118 32
119 99
120 27
121 -86
122 80
123 -19
124 93
125 -3
126 -34
127 -98
