0 50
1 -21
2 -29
3 -16
4 59
5 28
6 54
7 -48
8 -62
9 94
10 71
11 -57
12 42
13 100
14 -62
15 -67
16 43
17 -27
18 -51
19 38
20 42
21 56
22 -77
23 66
24 -77
25 47
26 63
27 89
28 -43
29 -70
30 -53
31 38
32 71
33 -87
34 -77
35 -65
36 -90
37 -77
38 54
39 -41
40 -53
41 11
42 -99
43 86
44 -68
45 -45
46 99
47 9
48 -6
49 23
50 -39
51 71
52 80
53 99
54 -24
55 -81
56 -46
57 35
58 -12
59 -69
60 2
61 -51
62 -19
63 -78
64 -30
65 75
66 -47
67 19
68 -96
69 40
70 91
71 45
72 33
73 4
74 74
75 -29
76 -58
77 -100
78 -61
79 69
80 -17
81 -66
82 18
83 30
84 56
85 -90
86 8
87 31
88 -1
89 47
90 -58
91 79
92 97
93 98
94 -22
95 -8
96 10
97 -5
98 -7
99 -69
100 -14
101 -36
102 91
103 -61
104 21
105 -15
106 75
107 24
108 73
109 -32
110 5
111 18
112 -62
113 33
114 83
115 72
116 38
117 63
118 22
119 -15
120 -92
121 -20
122 55
123 92
124 33
125 40
126 40
127 89
