0 2
1 -100
2 -82
3 -12
4 61
5 60
6 13
7 -32
8 -82
9 79
10 79
11 -34
12 -52
13 64
14 -93
15 62
16 -5
17 27
18 64
19 67
20 41
21 56
22 29
23 -88
24 47
25 -64
26 -19
27 51
28 87
29 54
30 -67
31 -98
32 20
33 -40
34 97
35 94
36 -90
37 90
38 -32
39 -31
40 -59
41 -95
42 -27
43 23
44 -81
45 33
46 -23
47 35
48 24
49 -27
50 54
51 27
52 -51
53 -77
54 51
55 -85
56 7
57 22
58 -54
59 43
60 -94
61 96
62 97
63 48
64 -33
65 19
66 22
67 -72
68 77
69 26
70 27
71 29
72 -2
73 -92
74 95
75 -75
76 -20
77 -18
78 -73
79 -72
80 73
81 99
82 87
83 90
84 -26
85 68
86 25
87 -85
88 21
89 -53
90 -38
91 97
92 60
93 -57
94 -86
95 59
96 72
97 26
98 85
99 82
100 17
101 -84
102 98
103 77
104 -47
105 -93
106 -96
107 64
108 7
109 13
110 35
111 -35
112 3
113 -73
114 99
115 -97
116 98
117 78
118 46
119 -76
120 -49
121 83
122 98
123 -68
124 -11
125 10
126 71
127 53
