0 91
1 39
2 2
3 -2
4 -12
5 -65
6 23
7 -36
8 44
9 42
10 73
11 25
12 -27
13 -14
14 -88
15 52
16 87
17 -59
18 -85
19 -40
20 58
21 70
22 -88
23 -2
24 -41
25 -31
26 25
27 11
28 83
29 95
30 89
31 51
32 1
33 1
34 43
35 61
36 82
37 90
38 18
39 -6
40 12
41 -98
42 76
43 -71
44 -5
45 -35
46 27
47 -56
48 48
49 -4
50 -19
51 29
52 83
53 32
54 -61
55 83
56 -62
57 62
58 -73
59 -39
60 -43
61 -25
62 -62
63 66
64 -53
65 87
66 -83
67 23
68 -63
69 -66
70 20
71 -68
72 51
73 1
74 29
75 89
76 -3
77 -61
78 -83
79 -91
80 34
81 36
82 -58
83 -92
84 68
85 9
86 29
87 -12
88 -90
89 -14
90 9
91 83
92 39
93 -28
94 -7
95 44
96 88
97 64
98 -93
99 61
100 -43
101 -75
102 -22
103 -17
104 -41
105 -95
106 -38
107 -77
108 19
109 81
110 -42
111 100
112 39
113 89
114 -62
115 -6
116 -70
117 -67
118 4
119 95
120 -83
121 61
122 41
123 96
124 -8
125 -55
126 55
127 -60
