0 -16
1 -44
2 -79
3 72
4 -31
5 -22
6 49
7 16
8 88
9 -55
10 39
11 6
12 47
13 -71
14 45
15 -22
16 -97
17 -55
18 -35
19 76
20 -86
21 23
22 -21
23 -19
24 -30
25 90
26 65
27 -48
28 -65
29 68
30 46
31 -60
32 -24
33 -79
34 -2
35 20
36 41
37 27
38 40
39 11
40 -95
41 -6
42 -66
43 82
44 -50
45 65
46 66
47 99
48 -75
49 -5
50 -22
51 -46
52 -85
53 88
54 35
55 -4
56 -3
57 -90
58 23
59 65
60 -99
61 3
62 51
63 13
64 -99
65 -93
66 -61
67 70
68 10
69 23
70 43
71 -49
72 37
73 -39
74 -6
75 -86
76 -45
77 -58
78 84
79 44
80 -11
81 -47
82 -20
83 42
84 -84
85 -4
86 98
87 -80
88 76
89 77
90 -68
91 59
92 1
93 -75
94 -27
95 23
96 57
97 49
98 21
99 -18
100 7
101 51
102 -93
103 17
104 14
105 -4
106 -7
107 98
108 9
109 -15
110 -23
111 94
112 -18
113 26
114 -36
115 -98
116 -9
117 -36
118 34
119 -99
120 32
121 41
122 -70
123 -77
124 -18
125 0
126 33
127 91
