0 -51
1 1
2 84
3 75
4 -37
5 76
6 -90
7 8
8 -10
9 -27
10 -1
11 81
12 -41
13 -76
14 -37
15 -69
16 -36
17 59
18 70
19 71
20 45
21 48
22 -52
23 -34
24 97
25 -88
26 -58
27 9
28 98
29 99
30 77
31 49
32 49
33 -52
34 48
35 30
36 -38
37 -95
38 58
39 -2
40 64
41 21
42 87
43 62
44 -43
45 22
46 -8
47 42
48 31
49 30
50 74
51 -19
52 -9
53 -16
54 8
55 32
56 26
57 -28
58 66
59 40
60 -13
61 1
62 31
63 53
64 -73
65 -28
66 69
67 22
68 98
69 55
70 -40
71 17
72 -89
73 -4
74 -32
75 -41
76 10
77 -41
78 55
79 99
80 97
81 -89
82 66
83 -96
84 60
85 40
86 -36
87 44
88 -37
89 -63
90 -8
91 -66
92 59
93 53
94 -29
95 24
96 -54
97 -88
98 -86
99 -93
100 54
101 82
102 64
103 -38
104 31
105 49
106 -78
107 -89
108 75
109 -68
110 -32
111 53
112 16
113 -40
114 -7
115 -8
116 42
117 -49
118 10
119 5
120 -7
121 87
122 34
123 1
124 -52
125 100
126 -92
127 52
