0 2
1 -97
2 28
3 -84
4 92
5 -18
6 47
7 -2
8 -79
9 26
10 71
11 88
12 -42
13 -81
14 -63
15 -83
16 -89
17 -86
18 -66
19 2
20 43
21 0
22 -50
23 6
24 -36
25 2
26 37
27 -33
28 -11
29 -4
30 33
31 32
32 28
33 18
34 -53
35 2
36 -23
37 -93
38 7
39 -15
40 71
41 -19
42 -5
43 79
44 67
45 -72
46 -85
47 24
48 -18
49 -3
50 53
51 -56
52 79
53 -97
54 -56
55 -5
56 18
57 -38
58 -60
59 -88
60 -78
61 98
62 41
63 96
64 89
65 17
66 -49
67 27
68 86
69 50
70 61
71 -75
72 -69
73 89
74 -36
75 -74
76 -45
77 36
78 -15
79 -64
80 -45
81 -20
82 72
83 79
84 5
85 -26
86 45
87 31
88 -11
89 -87
90 -95
91 91
92 -25
93 -100
94 13
95 -66
96 88
97 -2
98 88
99 69
100 -79
101 3
102 -44
103 -23
104 39
105 -48
106 -84
107 85
108 -74
109 -96
110 15
111 -21
112 -28
113 -39
114 -80
115 -35
116 -61
117 -72
118 49
119 11
120 50
121 98
122 -39
123 100
124 36
125 -7
126 -89
127 -72
