0 -67
1 -72
2 -34
3 61
4 74
5 -73
6 41
7 44
8 -45
9 -60
10 -79
11 65
12 -66
13 55
14 61
15 85
16 -39
17 77
18 67
19 72
20 30
21 -33
22 -29
23 53
24 -5
25 8
26 -12
27 17
28 -39
29 38
30 50
31 -77
32 5
33 75
34 -84
35 68
36 39
37 -34
38 -92
39 24
40 -51
41 -9
42 45
43 75
44 65
45 -48
46 -40
47 35
48 -54
49 74
50 39
51 -84
52 -9
53 -80
54 -83
55 -22
56 -25
57 81
58 72
59 28
60 32
61 93
62 -19
63 29
64 12
65 37
66 32
67 -3
68 90
69 -33
70 55
71 32
72 87
73 -6
74 16
75 80
76 17
77 -29
78 26
79 81
80 -38
81 63
82 99
83 -66
84 30
85 44
86 22
87 5
88 47
89 -18
90 -79
91 -54
92 21
93 37
94 93
95 -1
96 -33
97 -78
98 57
99 0
100 -9
101 69
102 -90
103 -43
104 56
105 79
106 -34
107 80
108 43
109 56
110 60
111 1
112 90
113 -22
114 24
115 71
116 0
117 -14
118 -5
119 64
120 10
121 -29
122 62
123 -80
124 -100
125 84
126 57
127 -85
128 -79
129 -23
130 -23
131 63
132 15
133 48
134 -33
135 34
136 26
137 -51
138 70
139 57
140 -29
141 44
142 -8
143 -13
144 16
145 85
146 98
147 63
148 90
149 -72
150 -92
151 -86
152 54
153 83
154 17
155 39
156 -33
157 -59
158 72
159 10
160 33
161 56
162 48
163 -97
164 23
165 17
166 78
167 13
168 -64
169 60
170 -84
171 65
172 -6
173 -71
174 72
175 0
176 80
177 82
178 41
179 -1
180 -87
181 49
182 -85
183 47
184 73
185 20
186 -88
187 -49
188 -80
189 -85
190 68
191 96
192 46
193 -4
194 69
195 -61
196 40
197 -85
198 -16
199 -83
200 -66
201 -82
202 -6
203 -86
204 56
205 -87
206 24
207 69
208 -70
209 82
210 42
211 8
212 46
213 40
214 75
215 70
216 -22
217 -9
218 -97
219 -44
220 -21
221 37
222 10
223 84
224 47
225 -34
226 91
227 75
228 -81
229 53
230 -98
231 -21
232 -8
233 -48
234 73
235 4
236 -99
237 -61
238 15
239 -11
240 97
241 6
242 -54
243 100
244 -78
245 57
246 -100
247 13
248 77
249 23
250 81
251 -45
252 84
253 58
254 54
255 59
