0 37
1 18
2 62
3 68
4 -27
5 -4
6 33
7 -3
8 42
9 32
10 -27
11 -14
12 18
13 -26
14 -88
15 -62
16 5
17 28
18 64
19 -32
20 -39
21 53
22 60
23 -12
24 15
25 -80
26 73
27 91
28 -65
29 -32
30 -66
31 39
32 -54
33 -17
34 -43
35 33
36 32
37 14
38 94
39 -33
40 6
41 97
42 45
43 9
44 67
45 42
46 -8
47 65
48 -42
49 -4
50 5
51 64
52 47
53 -44
54 70
55 41
56 81
57 97
58 -67
59 -22
60 -58
61 75
62 -51
63 -47
64 -77
65 53
66 -89
67 -9
68 36
69 49
70 84
71 -62
72 -61
73 74
74 -86
75 -3
76 -67
77 -80
78 50
79 -7
80 -55
81 4
82 62
83 -4
84 -28
85 -1
86 83
87 19
88 -44
89 68
90 28
91 47
92 51
93 -5
94 -45
95 -53
96 -75
97 81
98 -67
99 23
100 -8
101 -19
102 89
103 0
104 -51
105 37
106 -78
107 2
108 -43
109 80
110 58
111 96
112 -27
113 -57
114 91
115 46
116 2
117 -69
118 88
119 15
120 -30
121 -39
122 -95
123 -23
124 -97
125 -47
126 90
127 -65
128 -35
129 -6
130 -55
131 46
132 -23
133 -70
134 -26
135 -1
136 -17
137 72
138 73
139 96
140 68
141 -40
142 31
143 -88
144 -8
145 -46
146 92
147 -46
148 3
149 36
150 75
151 19
152 -28
153 -41
154 60
155 95
156 40
157 13
158 85
159 -53
160 91
161 -18
162 -91
163 -45
164 -62
165 37
166 -59
167 -84
168 11
169 59
170 -29
171 77
172 14
173 -52
174 -89
175 70
176 54
177 -91
178 -17
179 3
180 89
181 17
182 41
183 -87
184 27
185 61
186 79
187 -1
188 -49
189 -90
190 75
191 -84
192 -65
193 32
194 -64
195 67
196 -10
197 32
198 -17
199 20
200 -50
201 -77
202 23
203 -86
204 -31
205 -8
206 -56
207 -8
208 -33
209 -21
210 -43
211 -62
212 9
213 -13
214 61
215 -85
216 78
217 -10
218 -28
219 -86
220 60
221 -67
222 -30
223 96
224 3
225 -8
226 4
227 95
228 26
229 -31
230 24
231 -66
232 -78
233 -5
234 3
235 93
236 -48
237 -58
238 39
239 -87
240 31
241 47
242 -23
243 -46
244 40
245 1
246 7
247 -70
248 -46
249 53
250 -3
251 -12
252 -100
253 93
254 -48
255 1
