0 -20
1 -44
2 -16
3 45
4 51
5 -10
6 71
7 39
8 -24
9 -55
10 -86
11 69
12 -62
13 77
14 -67
15 35
16 -78
17 -50
18 33
19 -19
20 46
21 21
22 -7
23 19
24 -16
25 -1
26 -3
27 -43
28 97
29 -29
30 47
31 12
32 -6
33 -67
34 -38
35 83
36 -43
37 7
38 -53
39 -69
40 47
41 22
42 -73
43 90
44 74
45 87
46 52
47 36
48 -65
49 -57
50 -36
51 -3
52 -31
53 19
54 -38
55 -51
56 96
57 -58
58 60
59 -54
60 39
61 2
62 -22
63 -89
64 -73
65 23
66 -44
67 -42
68 -100
69 95
70 -17
71 -40
72 -68
73 30
74 -44
75 8
76 40
77 -25
78 -77
79 26
80 -36
81 65
82 -83
83 -82
84 52
85 67
86 -35
87 76
88 -62
89 -81
90 55
91 24
92 37
93 7
94 -35
95 17
96 -100
97 -47
98 -37
99 -21
100 -32
101 -65
102 -78
103 -23
104 4
105 -71
106 -34
107 -44
108 93
109 -25
110 -59
111 -40
112 1
113 83
114 -95
115 -9
116 48
117 89
118 -50
119 -20
120 94
121 52
122 -100
123 6
124 -72
125 -72
126 37
127 -64
128 -2
129 -43
130 80
131 -60
132 31
133 4
134 84
135 -19
136 -99
137 -80
138 -13
139 -24
140 55
141 92
142 -87
143 43
144 30
145 96
146 -84
147 98
148 33
149 68
150 -46
151 31
152 86
153 12
154 69
155 -98
156 -98
157 12
158 -13
159 -56
160 6
161 20
162 91
163 -2
164 -25
165 -31
166 -46
167 44
168 -15
169 -9
170 27
171 -81
172 38
173 60
174 54
175 -12
176 48
177 -28
178 96
179 -9
180 28
181 -60
182 20
183 91
184 -51
185 -12
186 91
187 95
188 95
189 34
190 -60
191 -63
192 -55
193 -99
194 19
195 -28
196 -95
197 -10
198 1
199 -30
200 79
201 -98
202 -7
203 -5
204 24
205 83
206 -12
207 61
208 76
209 -27
210 -64
211 -61
212 -60
213 -70
214 6
215 0
216 -93
217 29
218 36
219 -17
220 88
221 -69
222 -78
223 -14
224 47
225 -93
226 41
227 51
228 83
229 47
230 -60
231 57
232 86
233 11
234 -40
235 -10
236 -54
237 -62
238 -10
239 -46
240 4
241 -81
242 -6
243 -45
244 -13
245 -81
246 -76
247 31
248 -27
249 -100
250 -29
251 -8
252 -91
253 -40
254 -22
255 82
