0 12
1 -60
2 -82
3 75
4 -77
5 -57
6 -53
7 50
8 -92
9 -51
10 82
11 -68
12 43
13 81
14 -98
15 -4
16 -40
17 -77
18 62
19 -76
20 94
21 33
22 -63
23 -36
24 -81
25 -79
26 -76
27 -92
28 -88
29 82
30 -69
31 -24
32 -50
33 -47
34 19
35 -30
36 91
37 -41
38 64
39 -19
40 99
41 78
42 -29
43 59
44 25
45 44
46 -1
47 61
48 -71
49 -46
50 1
51 -2
52 -94
53 13
54 -64
55 2
56 -22
57 56
58 23
59 16
60 -39
61 80
62 77
63 66
64 51
65 -6
66 -69
67 -46
68 -15
69 -66
70 -4
71 -87
72 11
73 -57
74 61
75 46
76 -89
77 -52
78 72
79 97
80 31
81 -67
82 -8
83 47
84 73
85 -1
86 -9
87 51
88 59
89 -62
90 -80
91 69
92 72
93 -76
94 47
95 -26
96 -53
97 -74
98 73
99 -49
100 14
101 -42
102 -23
103 -20
104 59
105 -90
106 96
107 -22
108 86
109 18
110 69
111 -6
112 40
113 32
114 -65
115 -76
116 3
117 29
118 47
119 6
120 -25
121 -68
122 -100
123 39
124 38
125 -43
126 89
127 48
128 -68
129 -39
130 78
131 29
132 66
133 26
134 5
135 17
136 -90
137 -25
138 98
139 93
140 -19
141 43
142 -27
143 -46
144 57
145 -81
146 -86
147 15
148 1
149 60
150 -71
151 36
152 82
153 86
154 30
155 31
156 -54
157 -71
158 89
159 17
160 -57
161 -48
162 -72
163 -84
164 1
165 -35
166 -75
167 76
168 -73
169 22
170 90
171 -20
172 23
173 -93
174 -97
175 2
176 -55
177 66
178 38
179 63
180 24
181 69
182 45
183 93
184 22
185 5
186 -17
187 -25
188 -38
189 -16
190 89
191 -26
192 88
193 62
194 -6
195 38
196 96
197 38
198 20
199 -12
200 -28
201 86
202 54
203 -90
204 -34
205 -69
206 66
207 9
208 58
209 75
210 45
211 24
212 45
213 -8
214 13
215 -64
216 -43
217 12
218 67
219 -12
220 97
221 -58
222 7
223 74
224 -1
225 50
226 57
227 62
228 68
229 58
230 58
231 -19
232 -98
233 17
234 99
235 -29
236 -49
237 95
238 -21
239 37
240 4
241 63
242 53
243 89
244 -94
245 57
246 -9
247 60
248 96
249 -62
250 -65
251 -55
252 -85
253 -81
254 -45
255 33
