0 -88
1 63
2 -82
3 -28
4 75
5 60
6 45
7 28
8 37
9 -12
10 59
11 1
12 67
13 33
14 -55
15 53
16 -35
17 5
18 -34
19 -43
20 71
21 -7
22 23
23 60
24 1
25 38
26 27
27 79
28 94
29 -43
30 -90
31 33
32 92
33 37
34 -100
35 -6
36 8
37 87
38 -60
39 80
40 -25
41 39
42 45
43 16
44 -10
45 -68
46 60
47 2
48 52
49 94
50 -20
51 37
52 73
53 -68
54 -7
55 -53
56 68
57 48
58 -9
59 51
60 83
61 -59
62 -49
63 -17
64 -64
65 43
66 87
67 77
68 -31
69 -17
70 81
71 41
72 -76
73 74
74 87
75 67
76 95
77 -61
78 81
79 99
80 -22
81 31
82 -83
83 -97
84 81
85 56
86 -83
87 89
88 -73
89 -64
90 42
91 -40
92 -65
93 -51
94 -98
95 -27
96 -31
97 -93
98 24
99 51
100 -81
101 -13
102 -64
103 67
104 52
105 -14
106 94
107 10
108 -68
109 57
110 20
111 87
112 -83
113 20
114 52
115 82
116 -87
117 -27
118 -3
119 51
120 -51
121 -87
122 34
123 44
124 -41
125 -56
126 99
127 -91
128 75
129 -30
130 -70
131 64
132 -3
133 95
134 38
135 -39
136 -15
137 -17
138 45
139 16
140 -37
141 -8
142 47
143 -15
144 43
145 -44
146 -29
147 -11
148 56
149 -74
150 100
151 98
152 -70
153 90
154 -24
155 54
156 13
157 19
158 -88
159 76
160 41
161 58
162 -57
163 35
164 -90
165 -76
166 -9
167 74
168 35
169 63
170 -92
171 88
172 -2
173 53
174 -5
175 42
176 65
177 66
178 -13
179 25
180 -22
181 -11
182 34
183 1
184 -59
185 33
186 53
187 64
188 -63
189 -42
190 -41
191 -42
192 -62
193 -34
194 -6
195 -25
196 -29
197 -35
198 -97
199 19
200 75
201 -35
202 -38
203 -7
204 -4
205 35
206 78
207 -73
208 16
209 89
210 52
211 -90
212 -31
213 21
214 -7
215 -43
216 -99
217 38
218 5
219 -62
220 -39
221 -11
222 5
223 -64
224 -59
225 38
226 -43
227 76
228 25
229 94
230 -19
231 96
232 53
233 36
234 69
235 -28
236 -56
237 -83
238 -38
239 37
240 -66
241 -28
242 50
243 85
244 35
245 -27
246 24
247 94
248 26
249 -64
250 98
251 -8
252 51
253 -60
254 -2
255 12
