0 -46
1 74
2 -1
3 -19
4 -93
5 29
6 -44
7 31
8 -35
9 73
10 50
11 41
12 -50
13 -94
14 -24
15 95
16 -60
17 11
18 9
19 93
20 -7
21 -90
22 -72
23 2
24 -77
25 97
26 85
27 -49
28 72
29 -34
30 -91
31 -23
32 -95
33 -9
34 84
35 66
36 -23
37 -28
38 -13
39 79
40 25
41 62
42 -50
43 89
44 61
45 0
46 40
47 51
48 24
49 -87
50 -54
51 38
52 34
53 -17
54 -84
55 14
56 69
57 -35
58 -95
59 78
60 -3
61 100
62 -15
63 -40
64 18
65 78
66 19
67 -54
68 -49
69 78
70 -35
71 -7
72 -32
73 -72
74 -7
75 -1
76 21
77 9
78 -73
79 -91
80 -14
81 -10
82 -66
83 50
84 100
85 7
86 -55
87 -51
88 -32
89 96
90 -46
91 1
92 63
93 1
94 74
95 54
96 -59
97 -88
98 -19
99 85
100 -59
101 51
102 17
103 -2
104 -45
105 41
106 -94
107 -56
108 38
109 -51
110 72
111 -37
112 61
113 39
114 -65
115 -60
116 91
117 30
118 -13
119 -83
120 28
121 -49
122 -8
123 -49
124 74
125 12
126 51
127 -76
128 42
129 34
130 48
131 -24
132 40
133 -96
134 -69
135 12
136 65
137 -74
138 -68
139 38
140 -12
141 74
142 -40
143 -45
144 7
145 -70
146 -53
147 -24
148 -8
149 -55
150 52
151 15
152 -28
153 -61
154 -65
155 -34
156 60
157 37
158 -63
159 -31
160 90
161 -94
162 15
163 46
164 41
165 11
166 40
167 -38
168 -24
169 -72
170 -41
171 18
172 -32
173 6
174 -51
175 87
176 -35
177 83
178 21
179 -19
180 -77
181 70
182 100
183 -54
184 9
185 -10
186 55
187 -80
188 36
189 98
190 28
191 -55
192 -98
193 -85
194 36
195 -23
196 69
197 -23
198 19
199 -69
200 -53
201 74
202 -85
203 -24
204 -52
205 60
206 -31
207 -38
208 -30
209 59
210 22
211 72
212 82
213 2
214 89
215 29
216 -25
217 81
218 51
219 94
220 -24
221 49
222 -58
223 -8
224 -86
225 29
226 -62
227 -4
228 -1
229 94
230 17
231 -35
232 54
233 87
234 -70
235 -47
236 -39
237 45
238 -70
239 60
240 39
241 96
242 75
243 55
244 -24
245 27
246 -7
247 92
248 6
249 48
250 -7
251 -70
252 90
253 47
254 -36
255 66
