0 70
1 77
2 -23
3 -71
4 -78
5 -74
6 52
7 84
8 -94
9 -80
10 3
11 -35
12 89
13 -40
14 -39
15 35
16 -56
17 -67
18 60
19 99
20 94
21 18
22 -86
23 -47
24 -35
25 62
26 -44
27 -45
28 -29
29 19
30 -81
31 49
32 95
33 12
34 70
35 -27
36 98
37 87
38 -21
39 -74
40 82
41 -11
42 75
43 66
44 99
45 -90
46 -45
47 54
48 12
49 44
50 -83
51 -24
52 -24
53 83
54 -12
55 30
56 99
57 -6
58 56
59 96
60 -7
61 -44
62 61
63 -65
64 -54
65 90
66 51
67 68
68 20
69 -91
70 -33
71 87
72 -99
73 -68
74 -47
75 -20
76 35
77 17
78 66
79 42
80 -62
81 59
82 22
83 -57
84 -16
85 -66
86 -82
87 -11
88 -2
89 -29
90 -40
91 -33
92 17
93 -87
94 -1
95 -99
96 -34
97 1
98 -10
99 48
100 -72
101 -78
102 -99
103 53
104 43
105 23
106 -9
107 1
108 -84
109 -83
110 0
111 1
112 61
113 -56
114 50
115 -94
116 -27
117 -35
118 11
119 37
120 22
121 5
122 17
123 -76
124 74
125 47
126 -48
127 -68
128 -86
129 5
130 74
131 79
132 -91
133 -6
134 46
135 -2
136 -55
137 58
138 56
139 45
140 -96
141 79
142 -94
143 -5
144 93
145 -42
146 -35
147 -37
148 66
149 -59
150 30
151 31
152 64
153 87
154 92
155 81
156 -74
157 79
158 -16
159 24
160 -93
161 69
162 -68
163 -48
164 98
165 -56
166 -35
167 16
168 96
169 -29
170 -10
171 50
172 -100
173 54
174 18
175 69
176 9
177 44
178 -78
179 -28
180 -29
181 -79
182 -60
183 64
184 43
185 10
186 40
187 -17
188 63
189 100
190 18
191 75
192 -57
193 -22
194 -44
195 65
196 9
197 50
198 -63
199 3
200 93
201 98
202 22
203 -64
204 -79
205 93
206 -56
207 45
208 -34
209 4
210 33
211 -7
212 76
213 -99
214 -21
215 -95
216 -91
217 -100
218 -97
219 -70
220 74
221 -41
222 5
223 -49
224 87
225 78
226 50
227 -73
228 -32
229 -8
230 -27
231 -41
232 -56
233 85
234 45
235 -60
236 -56
237 43
238 -79
239 -71
240 -77
241 -59
242 -23
243 58
244 34
245 63
246 72
247 -10
248 -15
249 -60
250 -79
251 -70
252 -77
253 32
254 0
255 -32
