0 -89
1 64
2 -96
3 -80
4 -20
5 -5
6 -61
7 -84
8 8
9 -1
10 43
11 -59
12 -79
13 -46
14 -28
15 -49
16 -87
17 -80
18 -13
19 93
20 -48
21 46
22 34
23 -16
24 64
25 -4
26 16
27 -31
28 34
29 3
30 84
31 -82
32 -62
33 -13
34 83
35 54
36 -49
37 60
38 -5
39 -32
40 16
41 19
42 -19
43 -73
44 47
45 -19
46 -72
47 -57
48 30
49 72
50 48
51 4
52 36
53 -61
54 -51
55 -75
56 -68
57 -53
58 7
59 -19
60 -91
61 -83
62 -56
63 89
64 -40
65 -64
66 53
67 64
68 -62
69 -29
70 67
71 76
72 -9
73 -17
74 -33
75 17
76 -98
77 74
78 18
79 16
80 -33
81 -39
82 53
83 -39
84 43
85 72
86 88
87 4
88 68
89 54
90 -11
91 -34
92 73
93 -63
94 45
95 41
96 -5
97 63
98 -63
99 62
100 -66
101 25
102 -50
103 -1
104 0
105 24
106 -68
107 85
108 -18
109 63
110 -53
111 -62
112 49
113 -55
114 46
115 79
116 -87
117 -3
118 27
119 -52
120 52
121 40
122 95
123 5
124 38
125 49
126 -10
127 40
128 72
129 -24
130 27
131 71
132 -55
133 29
134 43
135 71
136 -59
137 18
138 -36
139 -89
140 22
141 6
142 -32
143 65
144 -92
145 51
146 48
147 -93
148 -14
149 -94
150 17
151 21
152 78
153 -17
154 -68
155 70
156 -64
157 -49
158 -21
159 -8
160 67
161 -33
162 -2
163 75
164 -51
165 10
166 -7
167 14
168 -68
169 -93
170 -90
171 92
172 -79
173 36
174 -58
175 20
176 32
177 77
178 98
179 -62
180 -76
181 75
182 62
183 -95
184 77
185 -93
186 15
187 40
188 -29
189 -8
190 -86
191 -9
192 -62
193 69
194 2
195 45
196 61
197 59
198 -62
199 34
200 18
201 -58
202 11
203 77
204 -91
205 -69
206 -93
207 73
208 -97
209 -61
210 -91
211 -56
212 -14
213 -24
214 74
215 -6
216 -9
217 44
218 -88
219 74
220 4
221 -16
222 -89
223 1
224 88
225 -11
226 -5
227 -88
228 -57
229 55
230 -42
231 72
232 -97
233 -60
234 39
235 -34
236 48
237 -95
238 8
239 -71
240 76
241 40
242 97
243 -68
244 -44
245 37
246 -66
247 -22
248 13
249 34
250 -69
251 63
252 75
253 15
254 6
255 -84
