0 98
1 -92
2 -82
3 -46
4 -6
5 -55
6 20
7 80
8 94
9 -28
10 3
11 34
12 53
13 -42
14 -85
15 -34
16 -35
17 86
18 -26
19 84
20 35
21 -5
22 60
23 78
24 -23
25 -92
26 9
27 4
28 -27
29 -81
30 -18
31 20
32 84
33 27
34 59
35 -48
36 82
37 50
38 -8
39 59
40 21
41 -76
42 -32
43 -17
44 59
45 -30
46 -81
47 13
48 -43
49 92
50 11
51 -14
52 45
53 6
54 -14
55 -76
56 42
57 76
58 33
59 51
60 70
61 -69
62 23
63 12
64 -1
65 -62
66 4
67 -40
68 15
69 4
70 87
71 63
72 60
73 66
74 21
75 60
76 52
77 -95
78 67
79 69
80 -68
81 -25
82 96
83 -63
84 -63
85 -66
86 36
87 17
88 23
89 30
90 -51
91 82
92 82
93 -80
94 75
95 -90
96 90
97 -50
98 43
99 8
100 42
101 -10
102 54
103 -18
104 -97
105 -9
106 -6
107 80
108 -38
109 25
110 -38
111 12
112 6
113 84
114 -81
115 55
116 52
117 60
118 -66
119 -27
120 36
121 36
122 98
123 20
124 -78
125 -59
126 81
127 -60
128 95
129 -13
130 58
131 -67
132 95
133 80
134 -28
135 16
136 -20
137 -77
138 -83
139 -7
140 -76
141 -45
142 -44
143 26
144 -57
145 20
146 99
147 -34
148 -48
149 78
150 11
151 37
152 -52
153 -56
154 81
155 -8
156 37
157 80
158 55
159 20
160 -41
161 -89
162 -85
163 -99
164 35
165 31
166 1
167 89
168 -9
169 46
170 40
171 50
172 -17
173 32
174 -10
175 -33
176 85
177 -44
178 -28
179 38
180 -1
181 54
182 -59
183 -39
184 6
185 47
186 -39
187 -13
188 -44
189 47
190 71
191 40
192 55
193 -13
194 -48
195 -15
196 -83
197 52
198 57
199 34
200 -52
201 60
202 -99
203 -76
204 -21
205 56
206 24
207 -100
208 -7
209 73
210 41
211 27
212 13
213 1
214 81
215 -20
216 -31
217 20
218 42
219 23
220 54
221 -52
222 -17
223 37
224 -95
225 53
226 -96
227 -84
228 18
229 -82
230 70
231 26
232 -71
233 11
234 51
235 64
236 -53
237 -21
238 37
239 90
240 67
241 -48
242 28
243 -71
244 -6
245 -54
246 67
247 -45
248 70
249 -15
250 9
251 25
252 -42
253 -99
254 -71
255 69
