0 -12
1 -52
2 50
3 -8
4 72
5 -96
6 75
7 -44
8 -37
9 -37
10 69
11 47
12 3
13 -72
14 -10
15 53
16 47
17 -52
18 11
19 -71
20 -76
21 26
22 76
23 96
24 -78
25 -96
26 59
27 -25
28 53
29 46
30 -69
31 64
32 -19
33 -84
34 -1
35 83
36 13
37 79
38 -60
39 -44
40 -54
41 -45
42 27
43 82
44 -5
45 -98
46 58
47 -61
48 29
49 -12
50 -49
51 -67
52 -45
53 -63
54 -41
55 -74
56 68
57 -97
58 77
59 -85
60 -93
61 -78
62 -47
63 0
64 -2
65 67
66 -74
67 -14
68 -61
69 15
70 91
71 -26
72 -18
73 -21
74 48
75 27
76 44
77 -70
78 -29
79 -25
80 62
81 -53
82 77
83 -36
84 32
85 20
86 29
87 42
88 75
89 -23
90 49
91 76
92 -83
93 -51
94 -77
95 -36
96 -35
97 -59
98 10
99 -49
100 15
101 -69
102 62
103 79
104 -41
105 -19
106 -24
107 33
108 -47
109 -25
110 -54
111 2
112 54
113 15
114 74
115 69
116 29
117 -44
118 -85
119 -92
120 -62
121 37
122 60
123 -66
124 92
125 -10
126 98
127 70
128 94
129 42
130 49
131 -92
132 88
133 -56
134 -4
135 47
136 -64
137 -90
138 -82
139 -26
140 91
141 -25
142 89
143 -26
144 9
145 -78
146 6
147 -64
148 -49
149 -39
150 -36
151 85
152 94
153 28
154 74
155 90
156 -96
157 50
158 17
159 -6
160 -57
161 65
162 53
163 19
164 33
165 -86
166 48
167 -70
168 -91
169 -61
170 94
171 0
172 45
173 5
174 -26
175 32
176 49
177 -87
178 -83
179 -51
180 78
181 -11
182 55
183 5
184 -11
185 94
186 -50
187 -28
188 92
189 6
190 56
191 -71
192 -69
193 -87
194 51
195 8
196 -44
197 66
198 -51
199 -81
200 -42
201 -57
202 76
203 51
204 -74
205 -11
206 52
207 97
208 28
209 2
210 48
211 -57
212 -73
213 72
214 -74
215 -34
216 -24
217 -6
218 80
219 66
220 54
221 -39
222 56
223 29
224 -2
225 92
226 33
227 -6
228 -96
229 -76
230 -30
231 92
232 33
233 96
234 18
235 -33
236 50
237 24
238 17
239 32
240 33
241 43
242 58
243 11
244 24
245 11
246 49
247 -54
248 33
249 -17
250 -5
251 -93
252 34
253 10
254 -18
255 21
