0 50
1 -9
2 85
3 35
4 -6
5 48
6 -63
7 -9
8 33
9 -100
10 -17
11 -1
12 -43
13 40
14 34
15 49
16 16
17 35
18 12
19 -72
20 95
21 6
22 -52
23 -17
24 77
25 42
26 -53
27 19
28 -10
29 36
30 -56
31 -48
32 100
33 14
34 -5
35 25
36 48
37 -86
38 75
39 -96
40 -2
41 -51
42 -3
43 -94
44 12
45 -59
46 12
47 18
48 16
49 -76
50 -43
51 36
52 -67
53 -19
54 91
55 -74
56 -82
57 80
58 -52
59 -63
60 26
61 -86
62 21
63 -12
64 76
65 39
66 44
67 23
68 93
69 -70
70 -53
71 -3
72 -15
73 -34
74 -48
75 22
76 -90
77 49
78 -14
79 -5
80 -78
81 -18
82 64
83 62
84 -69
85 0
86 -73
87 19
88 90
89 68
90 -36
91 -87
92 3
93 -86
94 -29
95 -1
96 55
97 89
98 -19
99 55
100 -60
101 -23
102 -63
103 84
104 12
105 -35
106 97
107 -81
108 -46
109 -61
110 -69
111 23
112 43
113 27
114 -37
115 12
116 -11
117 93
118 20
119 -4
120 -76
121 40
122 16
123 63
124 -98
125 -20
126 -5
127 -26
128 -58
129 -77
130 -2
131 -47
132 5
133 26
134 -45
135 -64
136 63
137 93
138 33
139 29
140 -69
141 -85
142 -49
143 -80
144 -42
145 -3
146 56
147 78
148 13
149 -19
150 -34
151 91
152 52
153 47
154 -48
155 24
156 21
157 -17
158 -34
159 23
160 46
161 -58
162 84
163 -45
164 -97
165 -34
166 -26
167 14
168 -83
169 74
170 -79
171 14
172 20
173 -46
174 78
175 -25
176 -11
177 25
178 -96
179 65
180 27
181 88
182 12
183 -68
184 65
185 -92
186 -6
187 -55
188 14
189 -97
190 -15
191 -86
192 -11
193 74
194 -20
195 -24
196 42
197 -17
198 68
199 -24
200 -33
201 35
202 15
203 -85
204 84
205 -11
206 72
207 -15
208 8
209 54
210 -18
211 31
212 -53
213 -43
214 74
215 -53
216 -7
217 32
218 -6
219 54
220 69
221 -86
222 -65
223 -23
224 -21
225 3
226 72
227 38
228 93
229 -70
230 -26
231 41
232 20
233 38
234 -100
235 37
236 -1
237 -71
238 1
239 90
240 44
241 -3
242 77
243 -77
244 -78
245 44
246 -12
247 39
248 40
249 -70
250 63
251 -90
252 76
253 66
254 11
255 93
