0 -81
1 -2
2 8
3 74
4 -14
5 -88
6 -55
7 -12
8 56
9 25
10 4
11 -38
12 -76
13 12
14 -48
15 -2
16 -84
17 92
18 36
19 -72
20 -21
21 -16
22 76
23 81
24 76
25 -47
26 -53
27 -17
28 -80
29 61
30 79
31 79
32 -55
33 23
34 -27
35 74
36 40
37 76
38 -38
39 27
40 30
41 69
42 -88
43 -85
44 68
45 -97
46 -73
47 68
48 -58
49 -1
50 -97
51 6
52 -4
53 58
54 81
55 -60
56 99
57 -18
58 91
59 30
60 98
61 -25
62 -31
63 28
64 -91
65 -33
66 14
67 67
68 30
69 -85
70 -74
71 52
72 -19
73 -80
74 -1
75 41
76 17
77 40
78 -53
79 -53
80 3
81 66
82 67
83 -13
84 -9
85 -74
86 69
87 -93
88 -77
89 11
90 -98
91 41
92 3
93 -38
94 25
95 30
96 -14
97 -3
98 58
99 -69
100 -45
101 -74
102 -45
103 -98
104 74
105 85
106 75
107 12
108 -59
109 -32
110 95
111 11
112 -51
113 16
114 47
115 -33
116 -68
117 42
118 96
119 -74
120 15
121 -90
122 -33
123 7
124 -18
125 78
126 -100
127 -42
128 -26
129 -44
130 93
131 -75
132 90
133 20
134 -35
135 88
136 90
137 -11
138 -26
139 99
140 94
141 80
142 -87
143 -87
144 9
145 -66
146 -28
147 -55
148 70
149 -32
150 72
151 50
152 33
153 -27
154 24
155 -58
156 -36
157 26
158 47
159 -24
160 -63
161 50
162 13
163 -94
164 -41
165 40
166 34
167 9
168 21
169 -41
170 -9
171 86
172 -51
173 -60
174 -96
175 -87
176 98
177 67
178 56
179 -64
180 57
181 -51
182 48
183 76
184 -16
185 -48
186 -46
187 -85
188 97
189 -26
190 91
191 -100
192 17
193 84
194 -13
195 -34
196 -63
197 -74
198 -11
199 97
200 17
201 -72
202 -78
203 -23
204 -28
205 91
206 69
207 -4
208 78
209 81
210 -91
211 49
212 76
213 -80
214 75
215 64
216 -26
217 13
218 17
219 17
220 8
221 72
222 92
223 99
224 93
225 -64
226 97
227 -60
228 38
229 -11
230 -17
231 66
232 -4
233 -27
234 71
235 28
236 -27
237 -2
238 86
239 40
240 40
241 -81
242 36
243 70
244 6
245 -77
246 79
247 2
248 30
249 51
250 -18
251 39
252 -5
253 95
254 97
255 91
