0 -11
1 -45
2 -98
3 -17
4 0
5 -34
6 66
7 -55
8 -74
9 1
10 33
11 32
12 5
13 -69
14 55
15 15
16 -26
17 42
18 65
19 42
20 -64
21 -95
22 -82
23 -57
24 48
25 48
26 4
27 5
28 -74
29 -1
30 50
31 16
32 -42
33 -47
34 -75
35 -43
36 33
37 14
38 28
39 -93
40 16
41 -93
42 -73
43 98
44 -83
45 -7
46 -52
47 93
48 -74
49 28
50 -21
51 79
52 62
53 -95
54 82
55 68
56 88
57 -92
58 -63
59 23
60 -50
61 -2
62 -51
63 -84
64 -91
65 54
66 85
67 -88
68 24
69 52
70 -17
71 -91
72 -1
73 -7
74 -17
75 15
76 1
77 -66
78 -40
79 70
80 59
81 -84
82 87
83 -82
84 43
85 55
86 -68
87 49
88 66
89 53
90 -43
91 -62
92 51
93 -85
94 -9
95 -23
96 54
97 -39
98 85
99 43
100 -27
101 -39
102 12
103 29
104 7
105 -10
106 23
107 17
108 33
109 -30
110 15
111 95
112 73
113 21
114 84
115 81
116 25
117 13
118 -58
119 77
120 -22
121 -41
122 -65
123 -10
124 30
125 83
126 94
127 11
128 16
129 29
130 -53
131 27
132 -79
133 83
134 -10
135 37
136 -35
137 -98
138 -16
139 51
140 60
141 60
142 49
143 57
144 -10
145 -58
146 40
147 -22
148 8
149 -96
150 96
151 65
152 84
153 84
154 -45
155 38
156 64
157 14
158 -36
159 -76
160 3
161 -7
162 -3
163 -45
164 -53
165 70
166 -84
167 75
168 -79
169 -88
170 22
171 29
172 -8
173 -17
174 -17
175 44
176 66
177 18
178 -14
179 6
180 -69
181 -61
182 18
183 30
184 42
185 -38
186 -7
187 3
188 -94
189 -76
190 -59
191 -84
192 -27
193 100
194 6
195 40
196 44
197 91
198 -48
199 -12
200 2
201 69
202 -77
203 59
204 -87
205 70
206 41
207 -39
208 88
209 -8
210 -84
211 53
212 18
213 95
214 37
215 56
216 31
217 75
218 35
219 -32
220 -90
221 96
222 -48
223 88
224 -92
225 76
226 16
227 38
228 84
229 13
230 -60
231 22
232 -59
233 -85
234 -65
235 -100
236 -90
237 -3
238 76
239 20
240 12
241 -21
242 79
243 -71
244 46
245 47
246 -19
247 -63
248 -5
249 100
250 51
251 -4
252 32
253 -70
254 93
255 43
256 -44
257 -34
258 1
259 83
260 -44
261 27
262 -48
263 -62
264 -58
265 98
266 -84
267 84
268 -26
269 -84
270 32
271 78
272 -43
273 -44
274 8
275 -51
276 72
277 94
278 -68
279 -64
280 62
281 -53
282 -73
283 48
284 -34
285 96
286 -9
287 82
288 -14
289 91
290 -73
291 -62
292 1
293 52
294 -59
295 -49
296 -38
297 -43
298 -28
299 -100
300 -38
301 -6
302 67
303 54
304 -97
305 77
306 77
307 -21
308 78
309 12
310 69
311 -95
312 87
313 -21
314 88
315 63
316 -36
317 16
318 6
319 -20
320 94
321 40
322 67
323 64
324 -52
325 87
326 -54
327 -17
328 -41
329 25
330 45
331 -99
332 63
333 -94
334 35
335 10
336 50
337 -75
338 85
339 81
340 4
341 87
342 29
343 47
344 98
345 90
346 -92
347 -84
348 -70
349 33
350 42
351 -56
352 89
353 -89
354 81
355 1
356 -82
357 -56
358 -86
359 -44
360 -9
361 -35
362 -69
363 2
364 48
365 -10
366 73
367 -62
368 38
369 71
370 -64
371 75
372 -74
373 46
374 14
375 10
376 -36
377 62
378 -54
379 -16
380 69
381 -94
382 34
383 12
384 41
385 -75
386 12
387 -36
388 32
389 72
390 -45
391 -53
392 -42
393 1
394 3
395 -40
396 -100
397 -69
398 41
399 -15
400 38
401 -44
402 -44
403 83
404 -1
405 87
406 2
407 -47
408 -71
409 15
410 47
411 3
412 16
413 -85
414 -32
415 -65
416 76
417 -1
418 -52
419 45
420 45
421 -43
422 47
423 27
424 2
425 -99
426 43
427 -51
428 -25
429 -50
430 56
431 -82
432 -90
433 47
434 -45
435 -36
436 -75
437 -73
438 -6
439 96
440 -52
441 -46
442 -68
443 19
444 64
445 34
446 -7
447 53
448 -38
449 -6
450 3
451 32
452 -2
453 -83
454 70
455 90
456 68
457 23
458 46
459 38
460 -68
461 -80
462 69
463 59
464 43
465 31
466 24
467 -68
468 -97
469 42
470 95
471 5
472 23
473 95
474 12
475 40
476 -13
477 77
478 15
479 -44
480 48
481 74
482 -44
483 -91
484 63
485 -1
486 -10
487 94
488 -98
489 78
490 64
491 48
492 21
493 54
494 0
495 28
496 6
497 -45
498 -34
499 73
500 94
501 62
502 -13
503 88
504 -1
505 70
506 93
507 54
508 -46
509 -96
510 -64
511 -90
