0 -77
1 -33
2 12
3 -22
4 -14
5 56
6 88
7 21
8 -52
9 -23
10 -81
11 -96
12 -60
13 15
14 -68
15 -63
16 -40
17 -59
18 -26
19 34
20 -66
21 93
22 -61
23 -84
24 54
25 50
26 -21
27 -16
28 -42
29 43
30 34
31 70
32 -81
33 0
34 -49
35 7
36 -60
37 21
38 80
39 84
40 21
41 -88
42 8
43 -71
44 11
45 39
46 6
47 42
48 77
49 34
50 -23
51 50
52 -28
53 9
54 -13
55 48
56 17
57 -86
58 -48
59 -46
60 35
61 71
62 -13
63 80
64 -47
65 -64
66 25
67 -97
68 76
69 -36
70 -5
71 -38
72 -34
73 58
74 36
75 -14
76 87
77 -29
78 -22
79 60
80 11
81 37
82 -35
83 32
84 10
85 -18
86 79
87 0
88 -63
89 9
90 -29
91 -82
92 -95
93 -98
94 -44
95 -42
96 -75
97 -23
98 32
99 62
100 8
101 -37
102 -17
103 -98
104 -6
105 7
106 93
107 45
108 -75
109 -51
110 -78
111 -67
112 24
113 48
114 -72
115 -42
116 -37
117 76
118 -91
119 91
120 -23
121 -58
122 -26
123 49
124 44
125 -88
126 24
127 -30
128 32
129 -95
130 7
131 93
132 67
133 37
134 -93
135 -32
136 -23
137 55
138 14
139 -45
140 -68
141 3
142 7
143 52
144 51
145 100
146 37
147 -84
148 21
149 45
150 -68
151 59
152 11
153 14
154 -63
155 -93
156 -25
157 -28
158 16
159 80
160 -95
161 -99
162 27
163 -74
164 -52
165 -43
166 37
167 67
168 51
169 -82
170 -51
171 -56
172 48
173 -1
174 -43
175 -2
176 36
177 -90
178 44
179 -88
180 99
181 -77
182 21
183 73
184 37
185 69
186 72
187 -67
188 -64
189 -27
190 64
191 78
192 76
193 47
194 -33
195 88
196 42
197 -34
198 -16
199 22
200 -16
201 -64
202 54
203 58
204 47
205 -65
206 96
207 -55
208 16
209 -53
210 9
211 -52
212 -53
213 -25
214 -42
215 -78
216 39
217 -94
218 -74
219 71
220 -16
221 -71
222 -28
223 -81
224 12
225 59
226 -15
227 16
228 -86
229 28
230 -96
231 76
232 -82
233 -18
234 -20
235 -96
236 82
237 73
238 99
239 -67
240 -39
241 84
242 -16
243 29
244 68
245 73
246 -38
247 100
248 98
249 -2
250 63
251 -6
252 61
253 -56
254 -25
255 -13
256 9
257 -24
258 -91
259 15
260 -23
261 39
262 -2
263 -24
264 -6
265 -73
266 94
267 9
268 34
269 48
270 -24
271 28
272 -81
273 11
274 -41
275 32
276 -84
277 -94
278 80
279 72
280 13
281 89
282 -15
283 87
284 64
285 3
286 76
287 -27
288 -47
289 9
290 -88
291 97
292 -27
293 -10
294 46
295 11
296 -15
297 51
298 -92
299 -36
300 -4
301 0
302 -69
303 43
304 66
305 -82
306 -21
307 -86
308 -27
309 -48
310 -29
311 -60
312 -26
313 10
314 38
315 39
316 68
317 58
318 93
319 -43
320 -97
321 62
322 -53
323 72
324 26
325 12
326 -65
327 -81
328 32
329 -97
330 13
331 73
332 54
333 66
334 -29
335 -68
336 31
337 82
338 -43
339 -21
340 -63
341 -24
342 -19
343 90
344 -27
345 -38
346 -63
347 -85
348 21
349 -52
350 -56
351 -76
352 -44
353 32
354 81
355 -28
356 -22
357 -17
358 47
359 -57
360 35
361 13
362 -9
363 86
364 43
365 92
366 -89
367 -26
368 7
369 42
370 36
371 64
372 20
373 14
374 -14
375 62
376 13
377 -84
378 -6
379 91
380 -54
381 49
382 -50
383 17
384 57
385 53
386 -68
387 56
388 91
389 -85
390 -65
391 -55
392 -70
393 20
394 8
395 -46
396 -25
397 -30
398 26
399 44
400 -37
401 -88
402 -77
403 -91
404 84
405 16
406 -39
407 52
408 -43
409 93
410 -75
411 -20
412 -26
413 77
414 -62
415 -1
416 17
417 21
418 -84
419 -83
420 -58
421 92
422 60
423 -17
424 28
425 -81
426 -97
427 50
428 1
429 -81
430 31
431 8
432 -55
433 95
434 -49
435 -15
436 48
437 9
438 78
439 90
440 -20
441 -63
442 66
443 93
444 24
445 34
446 37
447 -2
448 -55
449 43
450 -45
451 -98
452 -27
453 -98
454 59
455 78
456 -30
457 24
458 70
459 60
460 -86
461 -100
462 -38
463 17
464 74
465 -54
466 53
467 3
468 46
469 47
470 54
471 -92
472 38
473 94
474 -87
475 -68
476 -31
477 17
478 44
479 61
480 8
481 81
482 -58
483 22
484 2
485 -44
486 87
487 -23
488 92
489 -81
490 19
491 24
492 -27
493 53
494 -94
495 65
496 -82
497 56
498 42
499 94
500 77
501 16
502 66
503 83
504 23
505 91
506 -21
507 -24
508 23
509 95
510 91
511 50
