0 53
1 76
2 -48
3 -3
4 -85
5 -19
6 -79
7 -9
8 37
9 6
10 53
11 33
12 -2
13 44
14 -93
15 65
16 41
17 -60
18 78
19 13
20 -46
21 -8
22 73
23 -24
24 -66
25 -5
26 -13
27 -10
28 -17
29 -37
30 50
31 74
32 -4
33 -98
34 58
35 79
36 81
37 71
38 65
39 82
40 80
41 -62
42 -66
43 85
44 -60
45 31
46 -27
47 -94
48 39
49 19
50 20
51 27
52 -26
53 98
54 78
55 -27
56 87
57 -46
58 -94
59 59
60 56
61 12
62 -33
63 77
64 -80
65 44
66 -17
67 57
68 -27
69 49
70 42
71 -30
72 25
73 80
74 -61
75 77
76 84
77 82
78 -61
79 20
80 82
81 49
82 -44
83 70
84 -72
85 -17
86 -20
87 14
88 76
89 -8
90 28
91 -87
92 -61
93 81
94 -43
95 -44
96 -16
97 -20
98 58
99 39
100 -68
101 92
102 -96
103 42
104 -9
105 -36
106 -31
107 -100
108 -75
109 -43
110 -81
111 -89
112 -91
113 -63
114 40
115 27
116 13
117 -75
118 94
119 -41
120 100
121 -43
122 86
123 -88
124 61
125 -54
126 -40
127 -43
128 2
129 48
130 15
131 -75
132 86
133 -13
134 -4
135 -95
136 -83
137 80
138 -42
139 -94
140 -40
141 -31
142 91
143 -70
144 37
145 -84
146 -83
147 -59
148 -71
149 -13
150 -72
151 -28
152 -58
153 -43
154 1
155 80
156 81
157 -43
158 -42
159 -75
160 -43
161 56
162 80
163 44
164 99
165 -60
166 -90
167 68
168 47
169 -31
170 -13
171 -92
172 10
173 70
174 6
175 -19
176 36
177 14
178 62
179 -87
180 10
181 -8
182 -74
183 -64
184 52
185 36
186 -10
187 -62
188 68
189 -10
190 40
191 17
192 16
193 66
194 21
195 -56
196 2
197 -41
198 25
199 37
200 -38
201 83
202 95
203 -38
204 -32
205 -52
206 -24
207 11
208 34
209 -48
210 -35
211 32
212 -2
213 55
214 -45
215 -25
216 49
217 58
218 -7
219 -24
220 22
221 -95
222 49
223 69
224 35
225 45
226 5
227 1
228 8
229 -50
230 -18
231 -73
232 -14
233 70
234 -55
235 -97
236 23
237 -21
238 -60
239 -48
240 83
241 -69
242 32
243 -26
244 -85
245 -17
246 27
247 -72
248 -7
249 5
250 51
251 71
252 15
253 -2
254 78
255 -52
256 80
257 63
258 74
259 89
260 29
261 98
262 -91
263 25
264 -83
265 -94
266 42
267 54
268 20
269 -58
270 53
271 -14
272 16
273 46
274 88
275 -53
276 -4
277 87
278 46
279 -1
280 59
281 -12
282 -68
283 -98
284 -7
285 -13
286 74
287 -47
288 -61
289 -1
290 16
291 7
292 26
293 100
294 92
295 67
296 19
297 -42
298 -32
299 70
300 -29
301 -46
302 -94
303 8
304 -8
305 34
306 -97
307 37
308 26
309 82
310 -7
311 35
312 0
313 -14
314 -75
315 70
316 -20
317 -9
318 -74
319 -81
320 23
321 45
322 52
323 -100
324 5
325 -4
326 -13
327 60
328 -7
329 66
330 36
331 52
332 -49
333 27
334 -1
335 -55
336 65
337 60
338 -19
339 19
340 86
341 -32
342 86
343 91
344 48
345 -91
346 -60
347 45
348 -3
349 -39
350 -44
351 86
352 -59
353 30
354 10
355 28
356 88
357 -32
358 95
359 -36
360 -64
361 -13
362 46
363 91
364 -75
365 -80
366 83
367 76
368 12
369 -9
370 64
371 -59
372 -35
373 -96
374 -73
375 -61
376 -30
377 -11
378 -100
379 47
380 -9
381 19
382 30
383 14
384 40
385 83
386 95
387 1
388 -64
389 16
390 -13
391 -28
392 -55
393 -21
394 27
395 72
396 92
397 48
398 26
399 -44
400 -97
401 -20
402 -43
403 -23
404 28
405 -82
406 -80
407 -83
408 25
409 -68
410 -13
411 57
412 -51
413 90
414 90
415 -83
416 88
417 51
418 81
419 -85
420 39
421 25
422 92
423 -32
424 90
425 -30
426 -87
427 64
428 -98
429 -98
430 24
431 -9
432 89
433 30
434 2
435 -79
436 -81
437 3
438 1
439 -85
440 14
441 -2
442 43
443 -40
444 80
445 30
446 -95
447 -4
448 -55
449 -78
450 -15
451 -15
452 -5
453 -84
454 -82
455 -100
456 -8
457 93
458 9
459 42
460 -17
461 -29
462 -87
463 10
464 60
465 53
466 72
467 49
468 -69
469 -26
470 13
471 27
472 37
473 43
474 29
475 -62
476 -16
477 -24
478 -46
479 46
480 67
481 31
482 -26
483 -36
484 71
485 -85
486 35
487 -69
488 6
489 -80
490 82
491 -30
492 68
493 90
494 84
495 35
496 89
497 24
498 54
499 -70
500 100
501 79
502 6
503 -60
504 -41
505 -39
506 -79
507 -19
508 -87
509 42
510 -92
511 -84
