0 -58
1 39
2 8
3 -10
4 -74
5 -29
6 -45
7 82
8 -60
9 17
10 -40
11 -89
12 63
13 17
14 44
15 96
16 -32
17 -63
18 -71
19 -75
20 -62
21 42
22 25
23 10
24 -6
25 9
26 -72
27 -92
28 -69
29 88
30 5
31 5
32 -92
33 76
34 -6
35 -37
36 65
37 51
38 -95
39 71
40 94
41 63
42 58
43 -2
44 -4
45 -15
46 12
47 77
48 23
49 -48
50 19
51 -54
52 -42
53 7
54 -46
55 93
56 56
57 86
58 2
59 -85
60 -6
61 72
62 -4
63 -4
64 15
65 -88
66 -23
67 20
68 -99
69 -89
70 24
71 77
72 54
73 0
74 51
75 -32
76 -16
77 -39
78 -76
79 31
80 -72
81 -57
82 48
83 46
84 80
85 -58
86 89
87 -98
88 63
89 -6
90 -21
91 95
92 -70
93 -37
94 -11
95 52
96 33
97 33
98 -44
99 -28
100 67
101 69
102 52
103 10
104 -1
105 9
106 10
107 -27
108 9
109 -69
110 -7
111 48
112 3
113 -43
114 -66
115 -95
116 26
117 38
118 85
119 88
120 63
121 44
122 -24
123 6
124 -58
125 -58
126 -15
127 -52
128 -100
129 -32
130 36
131 40
132 35
133 -78
134 74
135 -70
136 -75
137 -57
138 60
139 -40
140 39
141 45
142 100
143 88
144 14
145 83
146 12
147 -17
148 -26
149 5
150 -42
151 51
152 99
153 -4
154 -36
155 14
156 -35
157 24
158 87
159 42
160 -43
161 -86
162 50
163 89
164 90
165 -46
166 -96
167 80
168 -88
169 -18
170 50
171 -77
172 -44
173 -91
174 37
175 39
176 18
177 20
178 -25
179 91
180 18
181 -51
182 -80
183 -10
184 -91
185 91
186 -42
187 -30
188 64
189 74
190 37
191 -18
192 -28
193 -51
194 -75
195 75
196 -28
197 -41
198 30
199 89
200 55
201 -32
202 61
203 25
204 49
205 90
206 93
207 93
208 -33
209 75
210 -11
211 -12
212 58
213 77
214 -80
215 -82
216 -21
217 67
218 46
219 -70
220 19
221 -50
222 -16
223 -23
224 81
225 63
226 59
227 9
228 53
229 -84
230 43
231 -96
232 -7
233 98
234 71
235 -62
236 -47
237 -58
238 79
239 51
240 35
241 -45
242 -32
243 22
244 -57
245 -37
246 -12
247 1
248 77
249 -54
250 -33
251 -94
252 -75
253 68
254 -85
255 56
256 -31
257 35
258 -84
259 -78
260 24
261 95
262 -19
263 -19
264 -40
265 -73
266 55
267 -35
268 72
269 -2
270 -92
271 30
272 -98
273 -52
274 -89
275 -18
276 79
277 45
278 100
279 47
280 -34
281 -34
282 -3
283 2
284 -24
285 -87
286 28
287 95
288 94
289 62
290 91
291 39
292 37
293 53
294 18
295 97
296 -54
297 7
298 -11
299 73
300 -51
301 93
302 34
303 -98
304 -20
305 -77
306 -62
307 47
308 47
309 33
310 29
311 98
312 -44
313 46
314 -7
315 35
316 -40
317 -41
318 -6
319 -72
320 77
321 65
322 -16
323 74
324 -20
325 -53
326 -45
327 90
328 -73
329 16
330 34
331 26
332 -40
333 -37
334 52
335 71
336 23
337 -61
338 -48
339 -99
340 25
341 71
342 2
343 -13
344 43
345 -26
346 32
347 30
348 28
349 43
350 -57
351 48
352 99
353 -18
354 36
355 -34
356 2
357 8
358 -22
359 -39
360 66
361 -19
362 -36
363 61
364 -40
365 45
366 -13
367 85
368 14
369 41
370 -13
371 -22
372 67
373 -13
374 -28
375 -66
376 24
377 -23
378 49
379 -5
380 46
381 80
382 3
383 37
384 49
385 43
386 38
387 -46
388 -17
389 -14
390 99
391 6
392 98
393 -5
394 15
395 85
396 56
397 39
398 22
399 -61
400 -34
401 44
402 42
403 -17
404 58
405 -92
406 -16
407 -31
408 -87
409 -25
410 -50
411 40
412 -86
413 -20
414 42
415 54
416 -22
417 100
418 -65
419 -43
420 -76
421 3
422 -22
423 -23
424 1
425 88
426 -88
427 99
428 -70
429 -22
430 60
431 -100
432 -48
433 -20
434 -18
435 71
436 80
437 58
438 -43
439 80
440 80
441 35
442 61
443 -25
444 -40
445 -47
446 59
447 29
448 31
449 80
450 42
451 -15
452 -47
453 -66
454 65
455 60
456 -38
457 56
458 97
459 45
460 -100
461 -74
462 61
463 -17
464 49
465 -12
466 94
467 65
468 -48
469 -32
470 2
471 61
472 -7
473 57
474 20
475 66
476 -36
477 -20
478 77
479 -93
480 -67
481 -81
482 60
483 82
484 -44
485 -83
486 32
487 66
488 26
489 41
490 -62
491 98
492 -35
493 -81
494 43
495 62
496 80
497 -10
498 -66
499 -66
500 -60
501 -19
502 9
503 -18
504 -92
505 -79
506 84
507 46
508 30
509 -94
510 63
511 71
