0 30
1 -18
2 88
3 -86
4 -75
5 -53
6 -31
7 -16
8 55
9 38
10 42
11 52
12 31
13 60
14 -69
15 33
16 -88
17 100
18 -62
19 -87
20 -75
21 -34
22 76
23 11
24 37
25 98
26 98
27 -16
28 91
29 38
30 -46
31 -95
32 -40
33 85
34 -12
35 -65
36 15
37 -65
38 -5
39 -24
40 94
41 87
42 5
43 -12
44 -40
45 -85
46 -100
47 93
48 -68
49 74
50 -89
51 -5
52 -60
53 -55
54 -53
55 -54
56 -68
57 80
58 49
59 -63
60 -77
61 48
62 -66
63 21
64 -68
65 47
66 45
67 -66
68 -65
69 80
70 26
71 5
72 19
73 -77
74 -68
75 -26
76 -73
77 -16
78 -73
79 -64
80 -94
81 90
82 -18
83 85
84 76
85 61
86 -45
87 70
88 36
89 15
90 -20
91 31
92 -20
93 40
94 -48
95 40
96 -67
97 9
98 -6
99 -31
100 6
101 -42
102 -32
103 -56
104 15
105 -66
106 -68
107 -45
108 -54
109 -79
110 92
111 -92
112 -70
113 -11
114 80
115 -56
116 26
117 3
118 -81
119 54
120 24
121 -26
122 -33
123 -36
124 -7
125 -67
126 25
127 64
128 -21
129 0
130 -97
131 31
132 -96
133 82
134 -28
135 -18
136 -26
137 34
138 -36
139 -88
140 35
141 -2
142 -33
143 -45
144 -83
145 1
146 61
147 50
148 -56
149 25
150 -22
151 -8
152 -87
153 -28
154 -81
155 23
156 21
157 -4
158 -64
159 77
160 -72
161 -91
162 76
163 65
164 34
165 42
166 -4
167 -83
168 99
169 -56
170 67
171 57
172 69
173 -66
174 -3
175 -43
176 85
177 -13
178 64
179 34
180 52
181 79
182 -1
183 10
184 84
185 -6
186 -48
187 -53
188 100
189 63
190 90
191 34
192 -17
193 32
194 -70
195 100
196 41
197 -93
198 11
199 -82
200 73
201 -100
202 100
203 -74
204 -93
205 -44
206 -89
207 -47
208 -32
209 -90
210 -60
211 -38
212 15
213 14
214 63
215 -2
216 -1
217 -14
218 27
219 29
220 92
221 -18
222 -38
223 -60
224 -79
225 47
226 -33
227 -48
228 -56
229 -46
230 97
231 69
232 97
233 -25
234 64
235 -8
236 -99
237 -62
238 91
239 -31
240 53
241 41
242 5
243 40
244 -97
245 -67
246 16
247 -99
248 52
249 99
250 -87
251 -35
252 56
253 -4
254 -59
255 -91
256 -80
257 73
258 79
259 15
260 88
261 95
262 62
263 -25
264 31
265 -22
266 52
267 39
268 12
269 -77
270 78
271 -59
272 42
273 67
274 -53
275 -4
276 -45
277 4
278 -50
279 -69
280 -17
281 -67
282 58
283 -21
284 -41
285 -98
286 95
287 -53
288 60
289 -63
290 -99
291 22
292 -36
293 91
294 -17
295 58
296 -35
297 -9
298 13
299 -1
300 97
301 -2
302 97
303 -9
304 -30
305 -28
306 66
307 51
308 -2
309 55
310 77
311 -65
312 -38
313 -53
314 49
315 -22
316 92
317 12
318 71
319 69
320 41
321 -29
322 -62
323 69
324 59
325 -31
326 -32
327 -13
328 86
329 50
330 14
331 -83
332 -61
333 -70
334 69
335 9
336 -24
337 -37
338 64
339 -82
340 59
341 -46
342 -12
343 18
344 -64
345 -13
346 99
347 -33
348 27
349 -24
350 14
351 7
352 50
353 26
354 38
355 -89
356 47
357 -23
358 97
359 60
360 -2
361 -24
362 -46
363 53
364 -8
365 25
366 18
367 -70
368 18
369 68
370 42
371 62
372 -15
373 78
374 -25
375 25
376 72
377 33
378 36
379 20
380 40
381 -65
382 0
383 -82
384 -52
385 82
386 -23
387 -60
388 -54
389 50
390 -10
391 5
392 94
393 -39
394 -76
395 -72
396 -51
397 -85
398 58
399 91
400 -62
401 -71
402 29
403 -29
404 -1
405 -12
406 75
407 -66
408 -45
409 15
410 6
411 41
412 -50
413 39
414 -58
415 10
416 -61
417 -24
418 24
419 69
420 -94
421 -18
422 34
423 44
424 47
425 -9
426 -82
427 -78
428 -8
429 32
430 82
431 67
432 -17
433 -96
434 72
435 5
436 51
437 88
438 -69
439 -45
440 66
441 70
442 32
443 -78
444 36
445 68
446 41
447 -66
448 50
449 -71
450 65
451 -23
452 -76
453 -69
454 -23
455 79
456 -1
457 -44
458 -71
459 42
460 97
461 -53
462 54
463 -43
464 -65
465 38
466 -78
467 -73
468 36
469 97
470 91
471 -11
472 75
473 -57
474 -79
475 39
476 -13
477 -7
478 -96
479 66
480 58
481 3
482 -37
483 83
484 17
485 -46
486 -92
487 -12
488 99
489 31
490 3
491 -96
492 -89
493 -68
494 -80
495 -20
496 -79
497 -49
498 35
499 -90
500 -43
501 52
502 46
503 -47
504 -36
505 -88
506 -28
507 44
508 57
509 -51
510 8
511 73
