0 -50
1 -65
2 -64
3 -61
4 -37
5 -36
6 3
7 97
8 -8
9 -31
10 -56
11 -31
12 -96
13 -9
14 -23
15 21
16 85
17 -40
18 52
19 24
20 -85
21 -88
22 74
23 -7
24 70
25 -33
26 -100
27 -73
28 34
29 -95
30 11
31 -84
32 -36
33 21
34 43
35 73
36 -55
37 -95
38 -28
39 14
40 5
41 32
42 -43
43 31
44 13
45 -11
46 -97
47 -73
48 -72
49 65
50 55
51 53
52 -42
53 -86
54 65
55 35
56 -89
57 95
58 52
59 -8
60 42
61 10
62 87
63 18
64 29
65 14
66 -23
67 55
68 -65
69 59
70 39
71 95
72 40
73 -19
74 -3
75 78
76 84
77 91
78 59
79 -60
80 -69
81 97
82 -3
83 32
84 84
85 65
86 -75
87 37
88 -14
89 -96
90 73
91 -19
92 -30
93 74
94 -46
95 -60
96 -11
97 -11
98 -51
99 -25
100 0
101 -9
102 -8
103 -20
104 32
105 -67
106 7
107 -59
108 -19
109 5
110 32
111 -69
112 51
113 31
114 -16
115 81
116 -89
117 -3
118 -28
119 -55
120 -86
121 17
122 -68
123 93
124 61
125 92
126 -46
127 36
128 -36
129 19
130 48
131 -92
132 94
133 83
134 9
135 -66
136 68
137 -46
138 58
139 82
140 37
141 92
142 58
143 46
144 -36
145 7
146 -6
147 -12
148 -91
149 13
150 -97
151 6
152 67
153 62
154 -38
155 64
156 -81
157 -73
158 -52
159 -44
160 -14
161 63
162 19
163 36
164 53
165 -69
166 39
167 84
168 -72
169 -69
170 -85
171 93
172 -72
173 58
174 68
175 7
176 -2
177 10
178 45
179 47
180 38
181 -43
182 34
183 29
184 -38
185 37
186 -63
187 53
188 39
189 50
190 -23
191 18
192 -61
193 -96
194 -21
195 -6
196 -46
197 -93
198 94
199 56
200 78
201 -75
202 74
203 -18
204 -45
205 -48
206 40
207 -13
208 94
209 21
210 -36
211 -44
212 -28
213 -36
214 64
215 72
216 -78
217 -62
218 47
219 -96
220 -2
221 -28
222 16
223 42
224 14
225 25
226 3
227 -3
228 -16
229 -100
230 -44
231 25
232 35
233 -30
234 -66
235 -99
236 9
237 -27
238 -39
239 56
240 64
241 35
242 -47
243 33
244 -88
245 77
246 19
247 97
248 -75
249 32
250 -82
251 17
252 -63
253 -78
254 -99
255 -76
256 2
257 78
258 -25
259 7
260 -3
261 -58
262 -42
263 -95
264 -51
265 15
266 -91
267 83
268 53
269 98
270 95
271 -26
272 -41
273 -82
274 61
275 -13
276 33
277 -31
278 66
279 6
280 -24
281 52
282 62
283 34
284 82
285 4
286 51
287 -99
288 99
289 83
290 42
291 -99
292 -85
293 6
294 -72
295 26
296 25
297 67
298 -31
299 -91
300 -9
301 17
302 72
303 86
304 43
305 -94
306 -62
307 96
308 21
309 77
310 -29
311 -77
312 -47
313 -12
314 -85
315 60
316 6
317 77
318 46
319 69
320 -54
321 -77
322 -56
323 18
324 81
325 71
326 -31
327 -65
328 2
329 -79
330 -57
331 16
332 71
333 -13
334 -90
335 53
336 -39
337 6
338 77
339 -53
340 20
341 87
342 51
343 -70
344 -43
345 22
346 64
347 21
348 -96
349 -7
350 -27
351 -77
352 -13
353 65
354 53
355 -10
356 84
357 12
358 27
359 -90
360 95
361 -60
362 -96
363 8
364 93
365 82
366 -84
367 -60
368 77
369 62
370 -15
371 47
372 -80
373 44
374 -25
375 38
376 62
377 -63
378 -35
379 -46
380 84
381 -39
382 41
383 -13
384 38
385 81
386 54
387 79
388 -50
389 -11
390 75
391 -39
392 52
393 -70
394 -57
395 -11
396 22
397 36
398 -36
399 29
400 34
401 -40
402 54
403 91
404 46
405 -4
406 47
407 73
408 32
409 -58
410 23
411 97
412 -91
413 -35
414 -60
415 -16
416 -2
417 78
418 68
419 -22
420 78
421 67
422 -61
423 68
424 60
425 87
426 85
427 83
428 84
429 -33
430 -69
431 92
432 97
433 38
434 -46
435 -63
436 -1
437 -51
438 73
439 -37
440 56
441 -4
442 -16
443 61
444 -9
445 -48
446 -44
447 33
448 -40
449 25
450 72
451 58
452 -62
453 -5
454 33
455 69
456 51
457 -99
458 -21
459 93
460 61
461 6
462 34
463 -47
464 -32
465 48
466 72
467 59
468 22
469 34
470 -32
471 -81
472 66
473 -19
474 -66
475 -24
476 -31
477 8
478 -35
479 -61
480 72
481 -67
482 79
483 66
484 -91
485 13
486 55
487 84
488 21
489 36
490 17
491 41
492 -74
493 -44
494 57
495 68
496 -70
497 -83
498 -88
499 43
500 -98
501 -21
502 38
503 16
504 -54
505 -1
506 82
507 -65
508 -81
509 -40
510 -9
511 -15
