0 28
1 -72
2 -29
3 -72
4 -37
5 -57
6 59
7 84
8 34
9 -92
10 -22
11 49
12 -44
13 22
14 -51
15 18
16 -34
17 63
18 73
19 74
20 35
21 -63
22 96
23 0
24 -76
25 3
26 -8
27 -7
28 19
29 100
30 -53
31 -88
32 -85
33 61
34 -55
35 -49
36 -73
37 45
38 -33
39 99
40 -30
41 90
42 37
43 100
44 57
45 4
46 -10
47 -76
48 -7
49 92
50 63
51 47
52 63
53 67
54 -61
55 -85
56 -86
57 95
58 -99
59 95
60 -97
61 -67
62 -23
63 -11
64 -52
65 82
66 41
67 10
68 60
69 -34
70 89
71 -26
72 -79
73 51
74 -75
75 -33
76 61
77 -77
78 7
79 50
80 -66
81 55
82 -93
83 -20
84 -21
85 55
86 -81
87 -30
88 97
89 -69
90 84
91 73
92 -88
93 -16
94 95
95 84
96 -92
97 -87
98 88
99 53
100 80
101 78
102 -83
103 -39
104 -21
105 -30
106 12
107 -61
108 -17
109 39
110 -2
111 75
112 29
113 -10
114 -83
115 44
116 58
117 36
118 72
119 58
120 -55
121 -92
122 -24
123 -84
124 -53
125 -70
126 -50
127 -57
128 81
129 -54
130 64
131 98
132 -72
133 89
134 1
135 80
136 42
137 29
138 27
139 -85
140 63
141 75
142 -9
143 15
144 -18
145 46
146 -14
147 3
148 -5
149 44
150 36
151 65
152 -74
153 -12
154 14
155 59
156 24
157 -61
158 -16
159 -58
160 -78
161 81
162 -89
163 -44
164 91
165 93
166 -94
167 -43
168 -36
169 -44
170 -73
171 -28
172 -1
173 -34
174 -71
175 0
176 -5
177 -53
178 -70
179 -24
180 -73
181 64
182 57
183 16
184 31
185 -24
186 -19
187 82
188 -41
189 38
190 53
191 86
192 -93
193 1
194 -20
195 -18
196 96
197 84
198 -45
199 5
200 -28
201 32
202 84
203 36
204 -16
205 -68
206 -59
207 56
208 -60
209 63
210 -42
211 50
212 29
213 16
214 18
215 -59
216 68
217 8
218 -95
219 47
220 -26
221 19
222 -29
223 74
224 59
225 53
226 51
227 6
228 16
229 -48
230 87
231 45
232 77
233 -31
234 70
235 9
236 67
237 4
238 38
239 100
240 29
241 -38
242 16
243 -48
244 -61
245 -69
246 8
247 44
248 -10
249 -28
250 -7
251 -84
252 56
253 -62
254 72
255 81
256 76
257 -46
258 -40
259 24
260 -83
261 7
262 39
263 62
264 89
265 67
266 -79
267 -94
268 89
269 -90
270 -73
271 -77
272 -43
273 -78
274 -53
275 30
276 41
277 98
278 88
279 -39
280 77
281 -64
282 93
283 22
284 86
285 95
286 -24
287 86
288 70
289 93
290 -96
291 -12
292 76
293 -44
294 7
295 -90
296 -17
297 79
298 -25
299 -24
300 -58
301 -73
302 90
303 31
304 49
305 3
306 25
307 87
308 84
309 -48
310 -42
311 20
312 90
313 -15
314 16
315 12
316 -32
317 -71
318 -88
319 71
320 -90
321 -24
322 92
323 -88
324 -12
325 -58
326 -89
327 -31
328 32
329 96
330 -4
331 -85
332 -13
333 49
334 -80
335 -100
336 -75
337 -44
338 -44
339 78
340 39
341 10
342 91
343 -18
344 97
345 10
346 74
347 -52
348 -45
349 -91
350 -33
351 -80
352 -7
353 45
354 -50
355 -22
356 -12
357 -35
358 61
359 -99
360 -65
361 22
362 -10
363 41
364 96
365 -79
366 56
367 -64
368 -12
369 -20
370 -49
371 92
372 5
373 -62
374 94
375 46
376 5
377 3
378 -74
379 92
380 58
381 64
382 78
383 11
384 -63
385 45
386 -56
387 -44
388 -14
389 -12
390 98
391 -36
392 -66
393 -78
394 -86
395 40
396 94
397 89
398 10
399 -75
400 -25
401 37
402 -36
403 -25
404 80
405 66
406 59
407 69
408 22
409 -57
410 2
411 -90
412 -2
413 70
414 -5
415 -46
416 -60
417 15
418 55
419 -11
420 -45
421 22
422 67
423 -15
424 -63
425 -100
426 -52
427 -78
428 59
429 -66
430 78
431 -65
432 98
433 3
434 -91
435 -52
436 9
437 -69
438 -97
439 -65
440 -22
441 -95
442 -90
443 -70
444 66
445 39
446 -51
447 -76
448 55
449 -81
450 -47
451 48
452 4
453 37
454 21
455 -62
456 -14
457 -64
458 24
459 -19
460 -38
461 28
462 92
463 -88
464 35
465 27
466 -72
467 -32
468 41
469 -7
470 49
471 89
472 -40
473 83
474 87
475 80
476 -92
477 -12
478 88
479 81
480 -90
481 -30
482 -53
483 26
484 93
485 -9
486 36
487 -71
488 52
489 -12
490 -88
491 -52
492 87
493 37
494 -66
495 -82
496 33
497 -44
498 -78
499 77
500 41
501 21
502 -65
503 -51
504 28
505 -92
506 86
507 66
508 64
509 56
510 70
511 79
