0 -9
7.93798 43
15.876 87
23.814 -31
31.7519 90
39.6899 39
47.6279 -45
55.5659 -13
63.5039 47
71.4419 3
79.3798 -13
87.3178 55
95.2558 18
103.194 -83
111.132 -23
119.07 18
127.008 56
134.946 33
142.884 78
150.822 -32
158.76 46
166.698 -96
174.636 -31
182.574 -69
190.512 -40
198.45 -66
206.388 44
214.326 99
222.264 57
230.202 16
238.14 -78
246.078 47
254.016 -76
261.953 -100
269.891 -83
277.829 -26
285.767 17
293.705 -70
301.643 -29
309.581 -22
317.519 65
325.457 62
333.395 64
341.333 39
349.271 52
357.209 -52
365.147 31
373.085 -20
381.023 -20
388.961 55
396.899 -92
404.837 61
412.775 -58
420.713 97
428.651 12
436.589 99
444.527 87
452.465 -58
460.403 1
468.341 -5
476.279 -65
484.217 73
492.155 -52
500.093 -94
508.031 -61
515.969 -8
523.907 43
531.845 89
539.783 75
547.721 85
555.659 6
563.597 95
571.535 -67
579.473 -76
587.411 1
595.349 -68
603.287 100
611.225 35
619.163 3
627.101 -73
635.039 61
642.977 14
650.915 -67
658.853 -42
666.791 -32
674.729 27
682.667 2
690.605 -48
698.543 58
706.481 -48
714.419 -81
722.357 63
730.295 66
738.233 74
746.171 43
754.109 -32
762.047 80
769.984 -54
777.922 -37
785.86 -71
793.798 -7
801.736 -89
809.674 26
817.612 -87
825.55 54
833.488 34
841.426 31
849.364 100
857.302 77
865.24 51
873.178 -36
881.116 1
889.054 36
896.992 -20
904.93 29
912.868 54
920.806 -85
928.744 34
936.682 88
944.62 4
952.558 50
960.496 -90
968.434 60
976.372 -42
984.31 -27
992.248 -63
1000.19 47
1008.12 88
1016.06 -7
