0 -55
15.7538 37
31.5077 44
47.2615 73
63.0154 36
78.7692 -54
94.5231 64
110.277 88
126.031 -57
141.785 76
157.538 -54
173.292 -52
189.046 95
204.8 15
220.554 75
236.308 16
252.062 5
267.815 26
283.569 37
299.323 52
315.077 -73
330.831 -2
346.585 -84
362.338 -71
378.092 -80
393.846 -82
409.6 4
425.354 -49
441.108 -43
456.862 79
472.615 79
488.369 -77
504.123 51
519.877 -11
535.631 78
551.385 -92
567.138 17
582.892 85
598.646 42
614.4 -57
630.154 -9
645.908 67
661.662 -24
677.415 -85
693.169 21
708.923 12
724.677 65
740.431 4
756.185 -56
771.938 88
787.692 -44
803.446 7
819.2 99
834.954 15
850.708 -57
866.462 17
882.215 -90
897.969 -12
913.723 -57
929.477 -92
945.231 65
960.985 7
976.738 -41
992.492 -54
1008.25 50
1024 44
