0 -24
15.7538 97
31.5077 67
47.2615 83
63.0154 -47
78.7692 -84
94.5231 -84
110.277 -47
126.031 41
141.785 98
157.538 -85
173.292 -2
189.046 24
204.8 -83
220.554 34
236.308 -59
252.062 32
267.815 -90
283.569 94
299.323 84
315.077 6
330.831 63
346.585 -82
362.338 -26
378.092 71
393.846 14
409.6 -84
425.354 16
441.108 2
456.862 72
472.615 -36
488.369 -58
504.123 -31
519.877 -70
535.631 -98
551.385 67
567.138 -5
582.892 76
598.646 24
614.4 81
630.154 21
645.908 12
661.662 -74
677.415 -32
693.169 -44
708.923 81
724.677 27
740.431 28
756.185 94
771.938 -56
787.692 -89
803.446 -34
819.2 92
834.954 -49
850.708 -65
866.462 30
882.215 6
897.969 -97
913.723 -80
929.477 31
945.231 95
960.985 28
976.738 -20
992.492 82
1008.25 93
1024 43
