0 32
3.98444 -68
7.96887 41
11.9533 91
15.9377 -22
19.9222 77
23.9066 -90
27.8911 -22
31.8755 96
35.8599 -97
39.8444 -20
43.8288 -35
47.8132 58
51.7977 52
55.7821 -31
59.7665 -25
63.751 67
67.7354 -9
71.7198 51
75.7043 4
79.6887 -90
83.6732 -65
87.6576 -4
91.642 82
95.6265 -95
99.6109 84
103.595 -6
107.58 -85
111.564 -95
115.549 -81
119.533 -23
123.518 -45
127.502 -47
131.486 -75
135.471 -69
139.455 -46
143.44 27
147.424 -36
151.409 -15
155.393 27
159.377 -27
163.362 47
167.346 99
171.331 8
175.315 95
179.3 -58
183.284 49
187.268 16
191.253 -17
195.237 -78
199.222 7
203.206 49
207.191 66
211.175 93
215.16 -89
219.144 87
223.128 17
227.113 34
231.097 6
235.082 -71
239.066 -59
243.051 96
247.035 -69
251.019 53
255.004 -89
258.988 90
262.973 -21
266.957 -19
270.942 99
274.926 -9
278.911 3
282.895 -84
286.879 -1
290.864 90
294.848 27
298.833 -52
302.817 -38
306.802 -82
310.786 100
314.77 -92
318.755 50
322.739 -63
326.724 -40
330.708 16
334.693 2
338.677 99
342.661 -45
346.646 -62
350.63 98
354.615 32
358.599 54
362.584 -4
366.568 -29
370.553 66
374.537 10
378.521 -93
382.506 -95
386.49 49
390.475 -66
394.459 50
398.444 65
402.428 -82
406.412 -19
410.397 81
414.381 -94
418.366 65
422.35 -84
426.335 -82
430.319 2
434.304 -99
438.288 66
442.272 98
446.257 -27
450.241 50
454.226 27
458.21 -79
462.195 -93
466.179 -3
470.163 30
474.148 40
478.132 80
482.117 -14
486.101 25
490.086 60
494.07 -15
498.054 24
502.039 86
506.023 35
510.008 -82
513.992 92
517.977 23
521.961 -63
525.946 -67
529.93 31
533.914 84
537.899 57
541.883 82
545.868 68
549.852 36
553.837 -21
557.821 57
561.805 -70
565.79 -51
569.774 87
573.759 -63
577.743 29
581.728 -76
585.712 -6
589.696 37
593.681 74
597.665 -86
601.65 75
605.634 11
609.619 -95
613.603 -41
617.588 3
621.572 36
625.556 8
629.541 -67
633.525 93
637.51 81
641.494 -61
645.479 4
649.463 76
653.447 -80
657.432 60
661.416 -9
665.401 16
669.385 -74
673.37 -41
677.354 55
681.339 73
685.323 -64
689.307 -9
693.292 47
697.276 -38
701.261 -19
705.245 67
709.23 -26
713.214 -32
717.198 29
721.183 82
725.167 -63
729.152 -97
733.136 -74
737.121 -10
741.105 3
745.089 -13
749.074 -63
753.058 -5
757.043 -59
761.027 73
765.012 99
768.996 76
772.981 35
776.965 -76
780.949 52
784.934 59
788.918 -46
792.903 85
796.887 6
800.872 -59
804.856 77
808.84 11
812.825 83
816.809 7
820.794 -87
824.778 -61
828.763 91
832.747 55
836.732 -67
840.716 99
844.7 64
848.685 -17
852.669 21
856.654 -48
860.638 -49
864.623 11
868.607 -60
872.591 30
876.576 69
880.56 -73
884.545 12
888.529 47
892.514 -85
896.498 22
900.482 -56
904.467 61
908.451 -15
912.436 -61
916.42 -48
920.405 18
924.389 -69
928.374 -95
932.358 71
936.342 38
940.327 12
944.311 68
948.296 47
952.28 23
956.265 57
960.249 -1
964.233 94
968.218 3
972.202 -46
976.187 -92
980.171 -57
984.156 -35
988.14 -11
992.125 67
996.109 51
1000.09 98
1004.08 74
1008.06 -26
1012.05 62
1016.03 -63
1020.02 93
1024 96
