0 -19
1.9845 -21
3.96899 65
5.95349 -20
7.93798 -68
9.92248 40
11.907 -4
13.8915 -39
15.876 58
17.8605 -2
19.845 -78
21.8295 -96
23.814 -55
25.7984 -58
27.7829 -63
29.7674 -88
31.7519 35
33.7364 88
35.7209 51
37.7054 14
39.6899 -83
41.6744 67
43.6589 -11
45.6434 -18
47.6279 8
49.6124 44
51.5969 -4
53.5814 23
55.5659 -90
57.5504 31
59.5349 -35
61.5194 15
63.5039 -99
65.4884 -7
67.4729 -46
69.4574 43
71.4419 19
73.4264 10
75.4109 -44
77.3953 99
79.3798 79
81.3643 -31
83.3488 99
85.3333 36
87.3178 -91
89.3023 -73
91.2868 93
93.2713 -14
95.2558 19
97.2403 -21
99.2248 43
101.209 -67
103.194 -66
105.178 -52
107.163 -77
109.147 67
111.132 61
113.116 13
115.101 34
117.085 -89
119.07 -17
121.054 -87
123.039 -43
125.023 -20
127.008 10
128.992 -11
130.977 33
132.961 -95
134.946 -68
136.93 -82
138.915 29
140.899 25
142.884 38
144.868 -76
146.853 10
148.837 40
150.822 -63
152.806 32
154.791 -9
156.775 -26
158.76 -46
160.744 -52
162.729 -90
164.713 70
166.698 -31
168.682 -7
170.667 -15
172.651 -43
174.636 70
176.62 64
178.605 45
180.589 -28
182.574 -51
184.558 84
186.543 -22
188.527 41
190.512 21
192.496 7
194.481 35
196.465 -82
198.45 -56
200.434 -20
202.419 -44
204.403 -65
206.388 31
208.372 65
210.357 -39
212.341 56
214.326 8
216.31 -14
218.295 82
220.279 24
222.264 -27
224.248 -66
226.233 -53
228.217 -69
230.202 -18
232.186 47
234.171 -78
236.155 16
238.14 13
240.124 38
242.109 -85
244.093 26
246.078 -92
248.062 0
250.047 35
252.031 34
254.016 -86
