0 -72
7.87692 22
15.7538 -36
23.6308 -86
31.5077 -73
39.3846 6
47.2615 58
55.1385 -84
63.0154 -32
70.8923 14
78.7692 -99
86.6462 -84
94.5231 37
102.4 -77
110.277 -65
118.154 86
126.031 50
133.908 -77
141.785 -23
149.662 30
157.538 -82
165.415 -78
173.292 89
181.169 22
189.046 -83
196.923 27
204.8 -33
212.677 -65
220.554 14
228.431 -41
236.308 -10
244.185 -42
252.062 -69
259.938 47
267.815 64
275.692 -91
283.569 -47
291.446 -38
299.323 -85
307.2 -7
315.077 -51
322.954 78
330.831 -20
338.708 57
346.585 -87
354.462 58
362.338 18
370.215 -38
378.092 -38
385.969 -46
393.846 27
401.723 -90
409.6 -66
417.477 -72
425.354 -97
433.231 -55
441.108 -13
448.985 31
456.862 50
464.738 -53
472.615 -35
480.492 67
488.369 -25
496.246 -16
504.123 86
512 38
