0 -61
0.998051 -20
1.9961 -79
2.99415 -72
3.9922 55
4.99025 69
5.9883 96
6.98635 25
7.98441 -45
8.98246 -83
9.98051 -73
10.9786 -63
11.9766 87
12.9747 -84
13.9727 94
14.9708 27
15.9688 11
16.9669 35
17.9649 -40
18.963 57
19.961 59
20.9591 86
21.9571 -7
22.9552 -51
23.9532 -38
24.9513 -86
25.9493 9
26.9474 -34
27.9454 -98
28.9435 66
29.9415 -42
30.9396 -45
31.9376 -18
32.9357 -15
33.9337 79
34.9318 -44
35.9298 -39
36.9279 -82
37.9259 14
38.924 -85
39.922 -18
40.9201 67
41.9181 83
42.9162 -39
43.9142 79
44.9123 -74
45.9103 -43
46.9084 39
47.9064 13
48.9045 -6
49.9025 3
50.9006 -31
51.8986 54
52.8967 -50
53.8947 -10
54.8928 81
55.8908 41
56.8889 60
57.8869 -11
58.885 -6
59.883 86
60.8811 34
61.8791 -24
62.8772 -48
63.8752 -41
64.8733 -78
65.8713 -81
66.8694 -39
67.8674 -16
68.8655 54
69.8635 -71
70.8616 4
71.8596 11
72.8577 46
73.8558 -1
74.8538 -60
75.8519 -98
76.8499 -56
77.848 48
78.846 61
79.8441 39
80.8421 25
81.8402 -97
82.8382 46
83.8363 -40
84.8343 -58
85.8324 -12
86.8304 71
87.8285 94
88.8265 -17
89.8246 58
90.8226 -20
91.8207 -25
92.8187 -78
93.8168 28
94.8148 -52
95.8129 -58
96.8109 45
97.809 -65
98.807 -63
99.8051 83
100.803 -96
101.801 92
102.799 -50
103.797 90
104.795 42
105.793 32
106.791 -82
107.789 -90
108.788 93
109.786 39
110.784 -100
111.782 -26
112.78 8
113.778 94
114.776 92
115.774 25
116.772 53
117.77 46
118.768 -73
119.766 84
120.764 74
121.762 36
122.76 -22
123.758 -10
124.756 -100
125.754 86
126.752 88
127.75 -55
128.749 47
129.747 -28
130.745 -67
131.743 55
132.741 66
133.739 -81
134.737 -60
135.735 58
136.733 -2
137.731 15
138.729 -88
139.727 65
140.725 32
141.723 38
142.721 5
143.719 -76
144.717 18
145.715 31
146.713 17
147.712 -5
148.71 44
149.708 -88
150.706 -76
151.704 17
152.702 -47
153.7 -28
154.698 76
155.696 -98
156.694 -61
157.692 3
158.69 44
159.688 -74
160.686 -31
161.684 -36
162.682 24
163.68 53
164.678 1
165.676 15
166.674 -34
167.673 -84
168.671 -64
169.669 -58
170.667 37
171.665 -71
172.663 -94
173.661 -14
174.659 88
175.657 -50
176.655 89
177.653 73
178.651 -9
179.649 82
180.647 -53
181.645 91
182.643 -1
183.641 -59
184.639 5
185.637 85
186.635 86
187.634 11
188.632 -10
189.63 16
190.628 75
191.626 -77
192.624 42
193.622 96
194.62 69
195.618 25
196.616 -92
197.614 100
198.612 -37
199.61 5
200.608 -38
201.606 -82
202.604 -93
203.602 5
204.6 -31
205.598 -21
206.596 24
207.595 -18
208.593 -77
209.591 -93
210.589 88
211.587 50
212.585 -65
213.583 95
214.581 -34
215.579 28
216.577 76
217.575 -94
218.573 97
219.571 71
220.569 -64
221.567 64
222.565 -82
223.563 31
224.561 -8
225.559 83
226.558 69
227.556 93
228.554 -27
229.552 1
230.55 9
231.548 27
232.546 -38
233.544 16
234.542 -11
235.54 21
236.538 40
237.536 -62
238.534 -82
239.532 13
240.53 -5
241.528 77
242.526 13
243.524 23
244.522 -62
245.52 -32
246.519 82
247.517 -44
248.515 38
249.513 47
250.511 -47
251.509 -30
252.507 16
253.505 -61
254.503 70
255.501 -65
256.499 -10
257.497 60
258.495 -47
259.493 24
260.491 59
261.489 -4
262.487 34
263.485 -50
264.483 -33
265.481 71
266.48 -47
267.478 -99
268.476 -68
269.474 -97
270.472 -63
271.47 37
272.468 -12
273.466 -94
274.464 48
275.462 64
276.46 39
277.458 87
278.456 -93
279.454 51
280.452 24
281.45 -32
282.448 -44
283.446 -38
284.444 59
285.442 -57
286.441 -53
287.439 -77
288.437 39
289.435 40
290.433 -24
291.431 -17
292.429 -6
293.427 30
294.425 22
295.423 -67
296.421 32
297.419 99
298.417 1
299.415 -21
300.413 -34
301.411 31
302.409 -42
303.407 2
304.405 1
305.404 15
306.402 43
307.4 93
308.398 -13
309.396 1
310.394 53
311.392 94
312.39 -90
313.388 4
314.386 -43
315.384 -25
316.382 31
317.38 11
318.378 -15
319.376 42
320.374 83
321.372 100
322.37 0
323.368 -12
324.366 -24
325.365 -41
326.363 -52
327.361 -23
328.359 -26
329.357 -70
330.355 -65
331.353 -9
332.351 44
333.349 -79
334.347 0
335.345 47
336.343 9
337.341 -7
338.339 62
339.337 -45
340.335 11
341.333 75
342.331 -7
343.329 12
344.327 -92
345.326 68
346.324 65
347.322 85
348.32 -54
349.318 -96
350.316 21
351.314 39
352.312 78
353.31 -80
354.308 52
355.306 -36
356.304 0
357.302 15
358.3 32
359.298 -56
360.296 -77
361.294 83
362.292 7
363.29 -54
364.288 -1
365.287 17
366.285 85
367.283 -37
368.281 54
369.279 19
370.277 -64
371.275 -82
372.273 -23
373.271 -53
374.269 67
375.267 87
376.265 68
377.263 -81
378.261 44
379.259 51
380.257 -59
381.255 -82
382.253 48
383.251 50
384.25 71
385.248 -44
386.246 65
387.244 -45
388.242 -14
389.24 38
390.238 -16
391.236 0
392.234 -72
393.232 62
394.23 9
395.228 60
396.226 99
397.224 83
398.222 -23
399.22 -39
400.218 -54
401.216 5
402.214 4
403.212 42
404.211 -64
405.209 -17
406.207 42
407.205 24
408.203 -95
409.201 33
410.199 -27
411.197 9
412.195 -38
413.193 -68
414.191 -1
415.189 10
416.187 -36
417.185 35
418.183 -54
419.181 22
420.179 -78
421.177 99
422.175 62
423.173 -10
424.172 -6
425.17 0
426.168 -51
427.166 24
428.164 63
429.162 -22
430.16 -50
431.158 73
432.156 94
433.154 9
434.152 41
435.15 -50
436.148 -20
437.146 87
438.144 7
439.142 43
440.14 -6
441.138 -81
442.136 -1
443.135 71
444.133 81
445.131 -27
446.129 99
447.127 38
448.125 -67
449.123 15
450.121 20
451.119 79
452.117 -8
453.115 94
454.113 16
455.111 -51
456.109 77
457.107 -98
458.105 89
459.103 -27
460.101 -47
461.099 27
462.097 40
463.096 38
464.094 12
465.092 -7
466.09 -31
467.088 94
468.086 20
469.084 55
470.082 -61
471.08 -31
472.078 5
473.076 -10
474.074 -42
475.072 -78
476.07 -8
477.068 95
478.066 52
479.064 51
480.062 17
481.06 17
482.058 -38
483.057 16
484.055 81
485.053 -6
486.051 28
487.049 79
488.047 1
489.045 -2
490.043 -34
491.041 7
492.039 90
493.037 69
494.035 19
495.033 -79
496.031 99
497.029 -26
498.027 90
499.025 25
500.023 94
501.021 28
502.019 -13
503.018 17
504.016 73
505.014 100
506.012 -81
507.01 -84
508.008 -63
509.006 96
510.004 99
511.002 91
