0 -76
1 23
2 -76
3 -68
4 38
5 -27
6 -7
7 66
8 61
9 -52
10 -52
11 57
12 -8
13 -35
14 11
15 79
16 94
17 16
18 66
19 39
20 -50
21 -94
22 -71
23 57
24 -3
25 -58
26 -76
27 -7
28 14
29 -9
30 36
31 51
32 22
33 64
34 34
35 65
36 34
37 -22
38 -18
39 -27
40 -94
41 -54
42 -39
43 -50
44 60
45 71
46 -62
47 -95
48 75
49 -52
50 82
51 54
52 80
53 22
54 81
55 -60
56 93
57 77
58 38
59 -52
60 66
61 -47
62 -7
63 10
64 -6
65 -21
66 91
67 76
68 -12
69 28
70 49
71 37
72 -84
73 64
74 15
75 64
76 -66
77 -35
78 -91
79 3
80 4
81 -49
82 -90
83 74
84 -100
85 8
86 30
87 -72
88 -94
89 87
90 -80
91 22
92 62
93 -7
94 -19
95 78
96 -88
97 66
98 26
99 80
100 14
101 -24
102 -40
103 -72
104 -63
105 -88
106 -20
107 -24
108 38
109 -19
110 55
111 40
112 13
113 -84
114 73
115 -14
116 85
117 -15
118 29
119 20
120 54
121 25
122 -66
123 16
124 19
125 -18
126 49
127 56
128 33
129 -15
130 -43
131 -81
132 56
133 -72
134 75
135 88
136 -3
137 20
138 -43
139 57
140 -75
141 -73
142 73
143 94
144 11
145 0
146 10
147 26
148 38
149 76
150 -31
151 11
152 -92
153 -45
154 3
155 -38
156 52
157 -30
158 60
159 -82
160 -56
161 -76
162 30
163 26
164 55
165 -10
166 -36
167 -54
168 -67
169 -92
170 -67
171 12
172 -48
173 -77
174 46
175 30
176 -83
177 -62
178 -29
179 35
180 -6
181 46
182 69
183 32
184 -3
185 92
186 -37
187 21
188 63
189 -56
190 -29
191 -10
192 77
193 -61
194 -59
195 76
196 -27
197 27
198 40
199 75
200 27
201 47
202 -24
203 -84
204 -68
205 14
206 57
207 -24
208 -82
209 -26
210 62
211 -62
212 -66
213 67
214 38
215 84
216 87
217 -75
218 89
219 81
220 -65
221 19
222 67
223 24
224 -65
225 -8
226 30
227 99
228 12
229 41
230 -95
231 -6
232 -11
233 56
234 -30
235 46
236 49
237 82
238 87
239 15
240 -35
241 91
242 69
243 -36
244 -66
245 95
246 55
247 18
248 -92
249 67
250 -70
251 60
252 83
253 76
254 -32
255 8
256 -91
257 100
258 -98
259 -64
260 42
261 -17
262 -17
263 -97
264 26
265 -39
266 -14
267 -50
268 89
269 -35
270 -91
271 74
272 -78
273 -44
274 -85
275 52
276 -75
277 72
278 6
279 -11
280 27
281 -60
282 -45
283 45
284 26
285 -6
286 -24
287 57
288 -33
289 -23
290 -31
291 -38
292 -76
293 43
294 -94
295 -14
296 -11
297 -47
298 -53
299 -42
300 53
301 76
302 11
303 99
304 14
305 76
306 9
307 35
308 -6
309 93
310 26
311 36
312 64
313 22
314 64
315 65
316 -42
317 95
318 39
319 -95
320 80
321 98
322 -2
323 -86
324 -97
325 83
326 -54
327 -79
328 37
329 -48
330 24
331 -20
332 -84
333 -11
334 38
335 -72
336 -96
337 47
338 -85
339 -47
340 -87
341 55
342 73
343 90
344 -35
345 -96
346 98
347 80
348 -94
349 32
350 88
351 96
352 -51
353 -71
354 -74
355 -72
356 30
357 36
358 -42
359 24
360 -12
361 30
362 80
363 -59
364 -13
365 73
366 6
367 45
368 -42
369 -7
370 -27
371 -76
372 -71
373 -64
374 26
375 -54
376 53
377 -95
378 -20
379 -11
380 -26
381 72
382 -75
383 -8
384 75
385 31
386 34
387 -64
388 -11
389 71
390 15
391 71
392 -45
393 19
394 -54
395 30
396 96
397 -69
398 -81
399 71
400 34
401 25
402 -9
403 47
404 -35
405 18
406 -27
407 66
408 44
409 -17
410 6
411 41
412 -53
413 7
414 18
415 2
416 47
417 -60
418 -26
419 -60
420 -67
421 53
422 73
423 -93
424 -78
425 -84
426 74
427 17
428 -90
429 -26
430 -70
431 60
432 74
433 -86
434 36
435 53
436 -99
437 -11
438 -60
439 -20
440 73
441 55
442 4
443 4
444 86
445 79
446 97
447 67
448 23
449 -42
450 -28
451 2
452 -12
453 95
454 10
455 72
456 2
457 -40
458 -36
459 58
460 27
461 34
462 -85
463 -78
464 27
465 -95
466 -26
467 -75
468 68
469 15
470 50
471 10
472 -83
473 44
474 54
475 54
476 25
477 -98
478 -35
479 -53
480 83
481 19
482 -13
483 -23
484 -96
485 50
486 2
487 -41
488 49
489 57
490 -48
491 41
492 -16
493 -92
494 -99
495 -1
496 40
497 -58
498 -70
499 43
500 -18
501 -68
502 8
503 -41
504 -58
505 -94
506 -55
507 -4
508 76
509 99
510 64
511 -72
512 71
513 80
514 98
515 -45
516 30
517 26
518 -27
519 -58
520 -31
521 -57
522 89
523 -21
524 -12
525 30
526 89
527 -53
528 85
529 -95
530 62
531 -60
532 100
533 55
534 2
535 -16
536 73
537 16
538 -100
539 17
540 -49
541 24
542 91
543 72
544 -65
545 -64
546 -32
547 79
548 35
549 -33
550 -79
551 -82
552 -17
553 96
554 37
555 66
556 87
557 30
558 -56
559 -13
560 -83
561 23
562 -20
563 -50
564 -59
565 13
566 91
567 41
568 -45
569 97
570 12
571 47
572 84
573 53
574 -61
575 46
576 52
577 58
578 -9
579 -24
580 41
581 45
582 55
583 -78
584 -65
585 -99
586 -64
587 -64
588 -88
589 -72
590 -100
591 98
592 -17
593 37
594 -54
595 -74
596 -99
597 15
598 27
599 1
600 -7
601 -36
602 55
603 90
604 91
605 8
606 -46
607 -79
608 57
609 -97
610 -60
611 39
612 61
613 51
614 95
615 70
616 9
617 -26
618 79
619 -94
620 -86
621 -3
622 97
623 -98
624 -84
625 -51
626 -35
627 67
628 -75
629 31
630 25
631 -12
632 36
633 29
634 -27
635 58
636 -69
637 26
638 21
639 28
640 87
641 17
642 48
643 62
644 -16
645 10
646 12
647 -72
648 -23
649 19
650 -23
651 62
652 67
653 94
654 -7
655 -74
656 45
657 37
658 -13
659 91
660 -21
661 80
662 20
663 -76
664 -41
665 90
666 100
667 95
668 -66
669 56
670 98
671 22
672 -23
673 64
674 -56
675 16
676 8
677 -3
678 -50
679 15
680 -84
681 25
682 -24
683 -95
684 87
685 74
686 -83
687 48
688 -37
689 -95
690 -73
691 75
692 -74
693 -4
694 34
695 -40
696 -95
697 -59
698 -37
699 7
700 61
701 -76
702 56
703 -7
704 48
705 -66
706 -23
707 42
708 -74
709 -68
710 46
711 62
712 -45
713 -49
714 58
715 62
716 91
717 93
718 39
719 10
720 -54
721 -96
722 -99
723 -86
724 -92
725 2
726 -98
727 -95
728 42
729 89
730 15
731 -15
732 -63
733 -25
734 -20
735 -54
736 -64
737 10
738 33
739 17
740 70
741 -94
742 -79
743 -72
744 10
745 44
746 39
747 11
748 -67
749 95
750 -34
751 16
752 31
753 54
754 37
755 -19
756 71
757 -61
758 -13
759 61
760 -75
761 38
762 37
763 63
764 -93
765 -25
766 -40
767 70
768 41
769 33
770 51
771 44
772 -63
773 -56
774 -56
775 -22
776 -15
777 95
778 -64
779 29
780 53
781 -25
782 -26
783 -47
784 -27
785 49
786 -31
787 -20
788 27
789 77
790 -51
791 -72
792 -7
793 -20
794 -95
795 -32
796 -80
797 30
798 -33
799 -60
800 11
801 52
802 -96
803 -16
804 48
805 -73
806 97
807 -63
808 40
809 -57
810 -69
811 -51
812 -24
813 -73
814 12
815 40
816 21
817 -100
818 -88
819 93
820 38
821 -58
822 -79
823 -49
824 65
825 74
826 -69
827 14
828 -46
829 64
830 -18
831 38
832 -61
833 -28
834 -64
835 -54
836 66
837 60
838 55
839 -45
840 82
841 -13
842 -56
843 -93
844 -97
845 75
846 -23
847 -92
848 73
849 87
850 72
851 48
852 16
853 -39
854 -73
855 -100
856 7
857 -50
858 8
859 52
860 30
861 -82
862 -3
863 -20
864 -94
865 -21
866 -17
867 96
868 94
869 77
870 1
871 99
872 -66
873 -48
874 -24
875 84
876 -22
877 76
878 70
879 -78
880 89
881 -35
882 -38
883 -42
884 30
885 -89
886 -28
887 74
888 -73
889 87
890 -2
891 63
892 64
893 -77
894 100
895 65
896 41
897 43
898 92
899 -91
900 40
901 61
902 -97
903 -20
904 77
905 -84
906 -62
907 96
908 -92
909 -32
910 73
911 -10
912 -95
913 23
914 -10
915 -44
916 -82
917 -58
918 12
919 67
920 22
921 66
922 17
923 -59
924 42
925 31
926 70
927 75
928 -74
929 -80
930 -67
931 78
932 86
933 48
934 -50
935 -5
936 -40
937 -70
938 94
939 -59
940 -2
941 -39
942 11
943 -58
944 -33
945 -36
946 27
947 23
948 -38
949 -10
950 2
951 -63
952 97
953 39
954 90
955 -76
956 75
957 7
958 -20
959 13
960 60
961 -10
962 -83
963 36
964 -52
965 -50
966 -41
967 -6
968 -35
969 90
970 3
971 -23
972 18
973 -10
974 28
975 2
976 19
977 -34
978 48
979 -48
980 43
981 -86
982 79
983 -81
984 -98
985 83
986 -49
987 40
988 -96
989 -70
990 -76
991 13
992 48
993 75
994 -36
995 14
996 7
997 64
998 31
999 88
1000 5
1001 -75
1002 -65
1003 -8
1004 93
1005 -96
1006 79
1007 -68
1008 21
1009 60
1010 100
1011 -79
1012 -42
1013 19
1014 89
1015 -78
1016 84
1017 19
1018 96
1019 -42
1020 41
1021 -86
1022 -60
1023 -33
