0 -2
1 -9
2 -92
3 15
4 32
5 -3
6 63
7 -23
8 -73
9 14
10 68
11 45
12 23
13 -16
14 -56
15 -67
16 64
17 83
18 84
19 70
20 47
21 16
22 -68
23 -15
24 -43
25 -89
26 25
27 98
28 14
29 79
30 -87
31 -19
32 -44
33 -91
34 -76
35 66
36 -80
37 -39
38 -34
39 81
40 -62
41 28
42 -38
43 95
44 54
45 -77
46 -99
47 50
48 -89
49 32
50 23
51 -88
52 -96
53 -76
54 -67
55 88
56 32
57 26
58 61
59 42
60 28
61 -77
62 58
63 12
64 51
65 -42
66 32
67 35
68 55
69 60
70 24
71 64
72 55
73 74
74 -67
75 55
76 -11
77 -21
78 -96
79 -69
80 84
81 19
82 -42
83 48
84 78
85 49
86 86
87 46
88 -28
89 16
90 -94
91 -3
92 99
93 -38
94 56
95 -51
96 39
97 0
98 81
99 83
100 14
101 57
102 65
103 94
104 4
105 -18
106 -83
107 54
108 -40
109 -27
110 -21
111 -42
112 43
113 -40
114 -52
115 45
116 -65
117 -39
118 -1
119 2
120 25
121 -70
122 83
123 -72
124 -36
125 -15
126 99
127 11
128 -36
129 7
130 0
131 -20
132 -4
133 49
134 97
135 -46
136 48
137 72
138 -69
139 16
140 22
141 -9
142 -91
143 -75
144 6
145 -4
146 98
147 94
148 -8
149 76
150 9
151 -55
152 -63
153 41
154 -53
155 -10
156 -95
157 25
158 27
159 -45
160 -87
161 -79
162 88
163 -14
164 41
165 -29
166 -27
167 -33
168 48
169 -39
170 -60
171 80
172 -6
173 -49
174 8
175 -43
176 -16
177 89
178 -26
179 -86
180 -16
181 -75
182 67
183 3
184 -43
185 42
186 59
187 -35
188 17
189 -25
190 2
191 -6
192 26
193 15
194 59
195 86
196 -23
197 -100
198 91
199 25
200 -59
201 55
202 38
203 -61
204 96
205 -41
206 64
207 -37
208 54
209 -88
210 45
211 -11
212 -10
213 83
214 74
215 46
216 -62
217 -60
218 20
219 58
220 80
221 20
222 6
223 54
224 -55
225 99
226 17
227 52
228 -95
229 -27
230 -68
231 -91
232 -43
233 -96
234 23
235 67
236 -33
237 91
238 91
239 99
240 11
241 -44
242 63
243 -2
244 64
245 -9
246 7
247 -21
248 -83
249 -12
250 -46
251 26
252 59
253 -56
254 33
255 4
256 97
257 -20
258 -6
259 -34
260 -60
261 -31
262 -74
263 72
264 45
265 -85
266 -76
267 68
268 -26
269 39
270 -4
271 -73
272 -65
273 -41
274 78
275 -90
276 41
277 38
278 -47
279 9
280 25
281 98
282 -10
283 -88
284 1
285 -88
286 22
287 -69
288 -25
289 -69
290 6
291 -78
292 32
293 10
294 -61
295 76
296 90
297 -28
298 23
299 72
300 -70
301 79
302 5
303 -89
304 79
305 23
306 81
307 73
308 -93
309 -85
310 -30
311 -89
312 -77
313 51
314 -39
315 26
316 86
317 -96
318 81
319 -67
320 51
321 -83
322 -22
323 -48
324 11
325 85
326 -7
327 -47
328 -1
329 43
330 -25
331 60
332 -26
333 51
334 -65
335 -60
336 63
337 7
338 -29
339 51
340 -3
341 -8
342 -93
343 13
344 -80
345 -73
346 -96
347 92
348 43
349 57
350 47
351 63
352 -76
353 -67
354 69
355 -49
356 -79
357 -86
358 -68
359 -59
360 23
361 39
362 69
363 -15
364 75
365 43
366 -2
367 4
368 8
369 -29
370 46
371 -93
372 17
373 10
374 -41
375 56
376 60
377 49
378 34
379 -29
380 -42
381 25
382 41
383 -22
384 25
385 -18
386 26
387 -85
388 -70
389 -20
390 -43
391 -69
392 39
393 58
394 -73
395 -19
396 62
397 25
398 71
399 81
400 -84
401 -35
402 -41
403 -39
404 -80
405 -14
406 -11
407 86
408 77
409 -35
410 80
411 76
412 5
413 -96
414 23
415 78
416 90
417 -39
418 -18
419 -99
420 26
421 10
422 -78
423 26
424 -90
425 46
426 77
427 -76
428 -95
429 28
430 -31
431 -43
432 -46
433 39
434 -77
435 12
436 -28
437 38
438 -97
439 -39
440 24
441 -91
442 -58
443 82
444 95
445 25
446 69
447 26
448 -95
449 -65
450 -73
451 10
452 -14
453 63
454 -27
455 -58
456 -95
457 38
458 75
459 50
460 -46
461 -44
462 -99
463 -33
464 14
465 96
466 -37
467 -49
468 79
469 -44
470 -59
471 76
472 49
473 -81
474 11
475 86
476 73
477 100
478 92
479 -65
480 -92
481 -96
482 -44
483 -87
484 -6
485 55
486 -58
487 -49
488 27
489 36
490 47
491 -32
492 60
493 61
494 92
495 -58
496 -48
497 -46
498 -77
499 -87
500 50
501 87
502 47
503 -42
504 90
505 -67
506 66
507 -51
508 -24
509 -59
510 66
511 -64
512 -52
513 -93
514 -73
515 88
516 60
517 -46
518 -11
519 47
520 68
521 -34
522 13
523 22
524 -45
525 -55
526 36
527 54
528 34
529 -40
530 -24
531 94
532 -49
533 18
534 3
535 62
536 -34
537 -85
538 0
539 68
540 -25
541 -89
542 82
543 23
544 17
545 93
546 97
547 -80
548 65
549 -15
550 -86
551 59
552 -63
553 -8
554 70
555 84
556 5
557 56
558 35
559 -50
560 51
561 -82
562 22
563 -33
564 -50
565 -27
566 -80
567 -97
568 88
569 80
570 41
571 17
572 49
573 16
574 -6
575 -75
576 5
577 44
578 -24
579 -57
580 77
581 11
582 -29
583 -31
584 -10
585 -88
586 31
587 3
588 -45
589 -99
590 -80
591 26
592 28
593 -15
594 19
595 88
596 -32
597 -5
598 96
599 -52
600 -88
601 65
602 78
603 -22
604 88
605 85
606 -61
607 -59
608 -27
609 -50
610 -28
611 -57
612 -34
613 -100
614 -84
615 30
616 -5
617 -68
618 -100
619 -65
620 23
621 -51
622 12
623 38
624 -23
625 20
626 86
627 -96
628 62
629 75
630 10
631 64
632 -88
633 -24
634 -72
635 -70
636 73
637 68
638 38
639 39
640 13
641 -56
642 44
643 76
644 26
645 -11
646 -26
647 -10
648 93
649 -53
650 58
651 -64
652 34
653 -87
654 41
655 -76
656 -85
657 67
658 -37
659 -57
660 -45
661 -18
662 -54
663 -13
664 70
665 -48
666 14
667 -24
668 -24
669 79
670 87
671 -58
672 -89
673 -64
674 76
675 9
676 -43
677 91
678 -11
679 33
680 -85
681 -26
682 60
683 76
684 -52
685 -64
686 24
687 42
688 -23
689 -69
690 -61
691 -86
692 22
693 76
694 26
695 92
696 -22
697 -45
698 83
699 44
700 -3
701 22
702 -71
703 -63
704 2
705 44
706 99
707 -81
708 -25
709 -88
710 66
711 -60
712 56
713 98
714 -58
715 -52
716 83
717 -14
718 -76
719 8
720 67
721 -62
722 -12
723 -92
724 12
725 -44
726 2
727 9
728 -16
729 91
730 84
731 89
732 -86
733 94
734 -69
735 -51
736 33
737 -82
738 -68
739 15
740 62
741 -19
742 -61
743 72
744 36
745 35
746 -33
747 51
748 -29
749 -94
750 44
751 -43
752 -5
753 16
754 47
755 -82
756 28
757 -71
758 76
759 97
760 -60
761 -89
762 44
763 3
764 -56
765 92
766 27
767 93
768 45
769 50
770 87
771 -10
772 2
773 -37
774 25
775 -84
776 69
777 26
778 57
779 75
780 -46
781 74
782 -88
783 58
784 -8
785 -97
786 84
787 69
788 47
789 -7
790 39
791 -83
792 -99
793 -32
794 75
795 -5
796 16
797 -37
798 -22
799 -68
800 36
801 90
802 -19
803 -49
804 -87
805 47
806 -92
807 32
808 -41
809 -32
810 -94
811 -78
812 -98
813 -72
814 39
815 -51
816 15
817 31
818 -26
819 6
820 -87
821 41
822 -84
823 27
824 -71
825 -10
826 3
827 -80
828 -74
829 36
830 -33
831 -30
832 58
833 -2
834 4
835 94
836 -21
837 81
838 -11
839 -17
840 35
841 -55
842 63
843 -57
844 -61
845 17
846 98
847 -82
848 -7
849 9
850 -81
851 73
852 -52
853 97
854 -90
855 -34
856 -1
857 77
858 90
859 11
860 -36
861 -52
862 -20
863 98
864 -7
865 61
866 -44
867 80
868 9
869 -75
870 -64
871 -89
872 46
873 27
874 -14
875 -82
876 -59
877 18
878 -4
879 -58
880 67
881 75
882 40
883 -36
884 -78
885 56
886 19
887 -98
888 -5
889 -32
890 -77
891 38
892 48
893 -15
894 31
895 53
896 -62
897 50
898 -44
899 13
900 -47
901 -58
902 -36
903 5
904 87
905 95
906 -9
907 51
908 -42
909 -23
910 89
911 63
912 -28
913 -27
914 42
915 -70
916 42
917 45
918 56
919 1
920 -18
921 53
922 -75
923 54
924 62
925 -33
926 -50
927 -24
928 -95
929 -12
930 -68
931 28
932 10
933 -9
934 78
935 -59
936 91
937 30
938 89
939 26
940 66
941 73
942 65
943 70
944 67
945 -56
946 -15
947 -71
948 -46
949 -59
950 20
951 -81
952 30
953 -82
954 -91
955 -61
956 100
957 -54
958 -54
959 -46
960 -34
961 -81
962 -32
963 75
964 60
965 -78
966 -97
967 -70
968 99
969 -2
970 3
971 18
972 -15
973 -15
974 -52
975 -62
976 91
977 43
978 -15
979 -21
980 -72
981 15
982 -71
983 -27
984 -14
985 61
986 71
987 92
988 90
989 -90
990 100
991 -71
992 -33
993 -19
994 -7
995 27
996 -50
997 -33
998 37
999 -93
1000 32
1001 -45
1002 -22
1003 -62
1004 -7
1005 -84
1006 -30
1007 -87
1008 79
1009 -3
1010 -66
1011 51
1012 55
1013 75
1014 -99
1015 -94
1016 -69
1017 -41
1018 38
1019 31
1020 88
1021 60
1022 55
1023 -49
