0 -67
1 41
2 21
3 80
4 59
5 -75
6 100
7 3
8 -46
9 89
10 84
11 -8
12 17
13 -69
14 58
15 92
16 32
17 26
18 81
19 -36
20 40
21 -81
22 -48
23 -46
24 -5
25 -74
26 -33
27 54
28 92
29 46
30 70
31 -25
32 12
33 -70
34 87
35 -51
36 13
37 25
38 15
39 65
40 37
41 -58
42 14
43 -26
44 59
45 -88
46 -27
47 2
48 -37
49 68
50 5
51 -70
52 9
53 -64
54 -14
55 78
56 -86
57 -9
58 -73
59 -7
60 -55
61 -21
62 -38
63 67
64 -11
65 58
66 12
67 -60
68 -85
69 62
70 -63
71 74
72 -14
73 33
74 -5
75 43
76 -73
77 -82
78 1
79 40
80 -85
81 -83
82 -68
83 48
84 20
85 -12
86 -55
87 58
88 10
89 51
90 -54
91 -61
92 -76
93 -22
94 82
95 78
96 91
97 81
98 -84
99 89
100 -63
101 11
102 -87
103 100
104 38
105 -17
106 47
107 -22
108 49
109 -46
110 -26
111 91
112 -96
113 50
114 -28
115 89
116 -87
117 -88
118 28
119 -28
120 37
121 -74
122 69
123 47
124 89
125 68
126 -73
127 -80
128 39
129 59
130 -35
131 -53
132 -21
133 -12
134 96
135 10
136 95
137 -94
138 25
139 67
140 -37
141 34
142 1
143 70
144 -61
145 -40
146 -11
147 -31
148 -34
149 -15
150 -19
151 -12
152 35
153 -76
154 -86
155 -83
156 96
157 -42
158 9
159 70
160 -40
161 -27
162 -37
163 -28
164 -81
165 -79
166 -50
167 3
168 20
169 48
170 12
171 51
172 -48
173 67
174 -25
175 71
176 57
177 -74
178 84
179 -100
180 79
181 98
182 22
183 39
184 -51
185 97
186 -17
187 -44
188 -11
189 -16
190 46
191 6
192 -51
193 1
194 17
195 70
196 -85
197 -31
198 -43
199 10
200 -74
201 -8
202 -37
203 -92
204 23
205 100
206 61
207 49
208 -9
209 74
210 11
211 10
212 41
213 -75
214 62
215 -1
216 77
217 -82
218 -4
219 50
220 -100
221 -68
222 -63
223 -3
224 -18
225 51
226 -82
227 -43
228 -31
229 70
230 -18
231 62
232 33
233 -21
234 24
235 -54
236 -84
237 76
238 -60
239 -84
240 28
241 -49
242 11
243 -81
244 57
245 9
246 -4
247 39
248 93
249 89
250 83
251 -93
252 44
253 -16
254 37
255 23
256 69
257 76
258 -62
259 46
260 -93
261 72
262 -42
263 -56
264 -24
265 31
266 46
267 67
268 53
269 -96
270 28
271 -99
272 -88
273 -95
274 56
275 0
276 -8
277 94
278 75
279 42
280 50
281 -80
282 38
283 44
284 -37
285 94
286 86
287 -20
288 -38
289 38
290 -46
291 -23
292 -37
293 -76
294 -32
295 50
296 51
297 60
298 -66
299 -41
300 -61
301 -83
302 84
303 -80
304 75
305 -87
306 3
307 -18
308 -52
309 -10
310 -92
311 84
312 -23
313 71
314 70
315 68
316 -81
317 -71
318 26
319 89
320 39
321 -14
322 68
323 -27
324 -74
325 -12
326 -45
327 -66
328 -3
329 -30
330 -51
331 -17
332 61
333 -50
334 88
335 42
336 69
337 -43
338 85
339 94
340 31
341 -70
342 -46
343 50
344 -86
345 96
346 64
347 -79
348 -86
349 23
350 54
351 65
352 -94
353 3
354 61
355 30
356 91
357 33
358 -1
359 -35
360 31
361 -97
362 -33
363 78
364 78
365 87
366 -42
367 -24
368 75
369 -61
370 90
371 -15
372 17
373 -6
374 89
375 -44
376 68
377 -50
378 -92
379 -59
380 -17
381 1
382 -70
383 34
384 92
385 91
386 88
387 73
388 37
389 60
390 8
391 -74
392 -86
393 -71
394 81
395 -98
396 13
397 -34
398 -65
399 47
400 28
401 -78
402 -76
403 -79
404 -73
405 -20
406 -45
407 63
408 84
409 -65
410 88
411 -10
412 -96
413 -85
414 -26
415 61
416 82
417 -99
418 96
419 68
420 47
421 43
422 16
423 -71
424 22
425 2
426 2
427 67
428 -27
429 63
430 32
431 27
432 94
433 78
434 70
435 -55
436 19
437 -32
438 -61
439 -82
440 -81
441 54
442 86
443 26
444 -32
445 -92
446 92
447 32
448 -30
449 55
450 96
451 -100
452 -58
453 96
454 6
455 -92
456 -72
457 -56
458 -51
459 49
460 97
461 81
462 -19
463 84
464 -62
465 83
466 63
467 -90
468 -62
469 41
470 2
471 -68
472 97
473 -63
474 25
475 -35
476 -76
477 1
478 -36
479 48
480 -64
481 85
482 27
483 -25
484 39
485 10
486 -98
487 81
488 16
489 -96
490 -34
491 1
492 -37
493 38
494 45
495 63
496 -82
497 -12
498 -69
499 74
500 -53
501 -100
502 -75
503 54
504 98
505 -75
506 -13
507 -90
508 5
509 -31
510 80
511 68
512 -50
513 49
514 -74
515 63
516 -45
517 -42
518 84
519 -17
520 -15
521 -16
522 -72
523 45
524 15
525 -30
526 -98
527 27
528 -5
529 0
530 -45
531 -36
532 11
533 44
534 46
535 -60
536 -8
537 -77
538 75
539 98
540 86
541 -41
542 32
543 -3
544 92
545 -5
546 -96
547 63
548 -22
549 25
550 85
551 23
552 72
553 -59
554 -62
555 21
556 74
557 -100
558 -8
559 71
560 7
561 -36
562 43
563 85
564 -97
565 62
566 90
567 86
568 82
569 -94
570 -69
571 86
572 80
573 -72
574 -70
575 -52
576 98
577 -22
578 -5
579 -62
580 35
581 39
582 24
583 44
584 -25
585 79
586 98
587 63
588 92
589 -10
590 33
591 42
592 29
593 -77
594 1
595 -71
596 71
597 4
598 -81
599 79
600 -4
601 8
602 -67
603 69
604 9
605 98
606 -91
607 -23
608 -46
609 -8
610 43
611 -76
612 -86
613 -26
614 -73
615 90
616 -98
617 -90
618 -100
619 44
620 89
621 -70
622 8
623 -7
624 -14
625 -72
626 63
627 63
628 -57
629 42
630 12
631 43
632 -89
633 54
634 84
635 43
636 89
637 -67
638 -89
639 -94
640 -72
641 -5
642 -24
643 -64
644 -42
645 63
646 9
647 -10
648 70
649 18
650 87
651 60
652 32
653 42
654 42
655 5
656 63
657 -27
658 -7
659 -100
660 -76
661 61
662 -70
663 -63
664 -12
665 55
666 -86
667 -39
668 -83
669 -32
670 89
671 -69
672 83
673 16
674 -11
675 -41
676 -13
677 56
678 -4
679 -14
680 10
681 50
682 -38
683 43
684 74
685 -67
686 36
687 74
688 16
689 -35
690 -19
691 -81
692 70
693 -24
694 74
695 -2
696 -89
697 -52
698 -5
699 -74
700 57
701 11
702 26
703 8
704 -31
705 68
706 -36
707 5
708 24
709 -11
710 -98
711 -2
712 -83
713 86
714 82
715 -95
716 16
717 20
718 39
719 -81
720 93
721 51
722 66
723 -28
724 91
725 -77
726 -57
727 -100
728 -73
729 -88
730 -20
731 -14
732 55
733 -70
734 86
735 97
736 19
737 -25
738 94
739 -69
740 22
741 43
742 52
743 -54
744 6
745 85
746 -24
747 -29
748 32
749 40
750 -13
751 -100
752 -71
753 -42
754 -42
755 -55
756 -27
757 14
758 -83
759 -48
760 -37
761 -31
762 99
763 -75
764 -57
765 33
766 1
767 -57
768 49
769 -28
770 97
771 -92
772 -69
773 -74
774 -55
775 60
776 -24
777 -15
778 63
779 38
780 46
781 15
782 83
783 72
784 -90
785 -79
786 18
787 -52
788 18
789 18
790 70
791 -48
792 90
793 70
794 3
795 76
796 43
797 34
798 59
799 69
800 84
801 29
802 34
803 39
804 47
805 -3
806 34
807 -61
808 -1
809 -66
810 84
811 62
812 -17
813 99
814 63
815 24
816 3
817 3
818 48
819 80
820 -71
821 -16
822 -72
823 38
824 -42
825 16
826 31
827 -23
828 74
829 -26
830 -42
831 -16
832 44
833 -14
834 -98
835 -56
836 60
837 -96
838 -50
839 -51
840 -44
841 66
842 52
843 -61
844 -56
845 -92
846 -14
847 -63
848 -82
849 -84
850 83
851 40
852 26
853 -55
854 60
855 -56
856 32
857 11
858 51
859 -70
860 28
861 67
862 -64
863 5
864 -20
865 -61
866 77
867 -94
868 -100
869 -78
870 -19
871 28
872 22
873 42
874 59
875 74
876 -31
877 -80
878 56
879 -37
880 80
881 -25
882 -90
883 86
884 73
885 96
886 -81
887 100
888 76
889 -46
890 1
891 46
892 77
893 73
894 50
895 -34
896 50
897 -37
898 -47
899 -45
900 -29
901 -93
902 -86
903 28
904 59
905 17
906 89
907 -76
908 -21
909 66
910 -10
911 -79
912 65
913 39
914 -99
915 -70
916 37
917 79
918 -61
919 12
920 -100
921 -19
922 72
923 100
924 69
925 8
926 -71
927 34
928 84
929 62
930 -19
931 94
932 -70
933 -25
934 -18
935 37
936 60
937 -50
938 -37
939 -75
940 78
941 56
942 21
943 -8
944 10
945 74
946 19
947 -18
948 -51
949 -63
950 46
951 100
952 46
953 -56
954 -74
955 -84
956 74
957 9
958 37
959 -1
960 95
961 46
962 76
963 85
964 -72
965 77
966 35
967 3
968 -83
969 -74
970 30
971 -63
972 40
973 -2
974 -12
975 -55
976 -18
977 21
978 74
979 82
980 -25
981 35
982 -17
983 -95
984 -77
985 99
986 35
987 4
988 -57
989 39
990 93
991 -36
992 -81
993 -66
994 -1
995 -79
996 82
997 -86
998 -55
999 68
1000 18
1001 -81
1002 87
1003 -81
1004 -94
1005 34
1006 -80
1007 -44
1008 -59
1009 65
1010 75
1011 -71
1012 67
1013 78
1014 -49
1015 69
1016 -80
1017 99
1018 57
1019 92
1020 -91
1021 93
1022 -90
1023 -7
