0 57
1 -68
2 -3
3 -62
4 7
5 23
6 -63
7 75
8 71
9 -91
10 -20
11 -44
12 -74
13 18
14 -2
15 -99
16 91
17 -47
18 17
19 -41
20 -25
21 70
22 -76
23 31
24 -49
25 -44
26 -22
27 39
28 -34
29 74
30 -69
31 25
32 29
33 16
34 -28
35 -79
36 83
37 -90
38 -27
39 91
40 20
41 72
42 20
43 -26
44 10
45 -63
46 44
47 4
48 -46
49 17
50 -85
51 22
52 -35
53 26
54 -66
55 -17
56 97
57 -8
58 67
59 -95
60 -98
61 77
62 84
63 16
64 67
65 100
66 36
67 54
68 78
69 -21
70 1
71 46
72 -14
73 -5
74 43
75 27
76 32
77 43
78 -65
79 -49
80 -8
81 -97
82 -99
83 -79
84 11
85 38
86 13
87 53
88 57
89 -42
90 40
91 -48
92 5
93 -46
94 -55
95 100
96 81
97 11
98 100
99 41
100 84
101 -74
102 -41
103 91
104 -14
105 -73
106 -49
107 91
108 -100
109 5
110 -89
111 -98
112 60
113 69
114 13
115 -31
116 -44
117 -71
118 -77
119 -73
120 -30
121 -62
122 -73
123 84
124 94
125 -50
126 48
127 -59
128 -58
129 -68
130 -29
131 55
132 23
133 22
134 30
135 6
136 -30
137 82
138 -93
139 -15
140 42
141 4
142 92
143 40
144 17
145 -18
146 -18
147 37
148 -69
149 -60
150 91
151 -14
152 -2
153 -63
154 -51
155 98
156 -69
157 49
158 -56
159 60
160 -51
161 57
162 -26
163 -89
164 26
165 -47
166 26
167 74
168 47
169 -65
170 76
171 -37
172 -57
173 61
174 51
175 -94
176 94
177 92
178 -74
179 -6
180 17
181 5
182 27
183 -49
184 11
185 -36
186 51
187 -65
188 -51
189 -75
190 55
191 -54
192 -44
193 -41
194 27
195 35
196 23
197 -6
198 -19
199 89
200 -82
201 98
202 -16
203 2
204 75
205 -96
206 97
207 -85
208 -54
209 -70
210 -57
211 43
212 48
213 -21
214 -87
215 25
216 52
217 -38
218 18
219 -42
220 -53
221 -92
222 -10
223 36
224 -80
225 77
226 1
227 22
228 28
229 -85
230 -15
231 -5
232 -39
233 37
234 -39
235 57
236 -46
237 18
238 54
239 17
240 -47
241 100
242 23
243 -16
244 78
245 5
246 -83
247 -99
248 -9
249 -22
250 14
251 42
252 55
253 -3
254 -8
255 34
256 -97
257 85
258 4
259 9
260 -96
261 -87
262 32
263 -89
264 62
265 -90
266 64
267 -89
268 47
269 6
270 -64
271 53
272 35
273 17
274 -21
275 71
276 -73
277 41
278 -88
279 -6
280 31
281 56
282 24
283 57
284 -9
285 75
286 69
287 53
288 -43
289 -93
290 -53
291 18
292 -4
293 -20
294 -22
295 25
296 -71
297 100
298 74
299 -30
300 45
301 -22
302 -65
303 58
304 -8
305 24
306 -75
307 59
308 100
309 97
310 -59
311 -70
312 88
313 -66
314 -92
315 5
316 -34
317 73
318 52
319 13
320 -1
321 -54
322 2
323 11
324 86
325 26
326 -95
327 -8
328 -98
329 -56
330 14
331 -37
332 26
333 -85
334 72
335 -63
336 71
337 93
338 -62
339 -11
340 -71
341 47
342 71
343 60
344 39
345 -39
346 -32
347 70
348 38
349 93
350 77
351 53
352 14
353 43
354 -98
355 -7
356 76
357 39
358 50
359 56
360 22
361 -33
362 33
363 -29
364 -39
365 -99
366 11
367 64
368 -69
369 -89
370 100
371 8
372 -4
373 -8
374 -30
375 -28
376 -16
377 83
378 -52
379 54
380 79
381 -100
382 58
383 -32
384 31
385 9
386 -87
387 -13
388 -9
389 46
390 2
391 45
392 -60
393 -60
394 52
395 5
396 -67
397 76
398 42
399 -75
400 -66
401 -85
402 44
403 -85
404 24
405 -29
406 17
407 44
408 -3
409 -27
410 59
411 1
412 92
413 -92
414 92
415 -56
416 -49
417 -32
418 52
419 71
420 -16
421 -58
422 81
423 -94
424 -80
425 21
426 -56
427 -4
428 54
429 42
430 -73
431 -78
432 -11
433 47
434 -39
435 -1
436 21
437 -63
438 -25
439 14
440 44
441 -41
442 73
443 61
444 33
445 76
446 -75
447 81
448 49
449 78
450 30
451 -24
452 52
453 -99
454 52
455 39
456 -44
457 -85
458 -96
459 -92
460 -79
461 -74
462 -10
463 55
464 -89
465 7
466 99
467 -97
468 -100
469 -8
470 58
471 11
472 -93
473 55
474 -67
475 -59
476 2
477 35
478 -53
479 100
480 4
481 10
482 16
483 -11
484 -33
485 -42
486 -21
487 -62
488 -52
489 -65
490 41
491 25
492 -93
493 -50
494 -23
495 4
496 -45
497 -20
498 1
499 -17
500 -56
501 -79
502 21
503 -28
504 38
505 -8
506 -87
507 -11
508 -93
509 51
510 37
511 82
512 -5
513 -31
514 -72
515 26
516 -61
517 58
518 44
519 45
520 59
521 -5
522 -56
523 38
524 -88
525 31
526 47
527 -8
528 -81
529 -66
530 74
531 68
532 14
533 20
534 -32
535 89
536 -84
537 -38
538 -56
539 -51
540 -12
541 15
542 -46
543 -3
544 67
545 -21
546 66
547 -67
548 84
549 41
550 -51
551 45
552 -34
553 19
554 97
555 13
556 -8
557 51
558 23
559 -46
560 7
561 -16
562 45
563 51
564 41
565 -100
566 8
567 -68
568 40
569 -58
570 -36
571 11
572 -9
573 69
574 -18
575 -25
576 54
577 89
578 59
579 -46
580 42
581 69
582 47
583 -95
584 90
585 53
586 14
587 42
588 53
589 -5
590 61
591 -11
592 -63
593 -94
594 -14
595 94
596 5
597 92
598 -15
599 -3
600 2
601 -5
602 86
603 -72
604 -62
605 97
606 -79
607 -27
608 -48
609 31
610 -88
611 71
612 -61
613 -33
614 21
615 -94
616 -9
617 -53
618 42
619 -50
620 38
621 -48
622 70
623 93
624 -74
625 1
626 -53
627 93
628 57
629 -100
630 21
631 69
632 -21
633 -38
634 -23
635 10
636 70
637 -45
638 26
639 95
640 -15
641 -93
642 11
643 -81
644 15
645 -17
646 -30
647 -16
648 55
649 86
650 -84
651 -55
652 -16
653 -78
654 9
655 -96
656 22
657 34
658 74
659 -62
660 -8
661 26
662 -57
663 -54
664 -33
665 -38
666 -55
667 34
668 64
669 -85
670 -70
671 -69
672 -16
673 11
674 62
675 -22
676 6
677 -40
678 -51
679 95
680 22
681 -37
682 -62
683 26
684 29
685 -93
686 -39
687 73
688 -12
689 -7
690 -83
691 -76
692 82
693 50
694 -88
695 -78
696 -37
697 -51
698 49
699 -63
700 11
701 34
702 46
703 7
704 -48
705 -73
706 24
707 41
708 54
709 82
710 -15
711 -69
712 82
713 -68
714 5
715 -58
716 22
717 -46
718 26
719 21
720 -93
721 -48
722 -5
723 93
724 20
725 -2
726 37
727 23
728 -65
729 -68
730 50
731 -24
732 -91
733 62
734 -10
735 65
736 65
737 86
738 -99
739 99
740 -39
741 28
742 12
743 3
744 -33
745 52
746 -69
747 1
748 -58
749 64
750 99
751 -65
752 74
753 79
754 79
755 -78
756 -23
757 -40
758 -58
759 34
760 -26
761 53
762 8
763 25
764 -80
765 -79
766 -92
767 -5
768 100
769 21
770 6
771 73
772 -51
773 -77
774 -26
775 98
776 43
777 37
778 -31
779 -77
780 46
781 -19
782 79
783 -86
784 -47
785 -12
786 52
787 -44
788 87
789 -93
790 23
791 71
792 16
793 -2
794 72
795 89
796 -5
797 78
798 61
799 -39
800 -35
801 -99
802 -33
803 16
804 94
805 37
806 13
807 97
808 -75
809 19
810 63
811 41
812 -58
813 -38
814 -64
815 0
816 -14
817 -42
818 72
819 29
820 -8
821 27
822 -84
823 81
824 72
825 20
826 -6
827 4
828 20
829 2
830 32
831 2
832 -28
833 82
834 11
835 -80
836 6
837 -50
838 84
839 -77
840 96
841 -96
842 98
843 47
844 50
845 -16
846 -76
847 69
848 -45
849 -27
850 -85
851 -63
852 43
853 -64
854 71
855 83
856 34
857 -10
858 14
859 83
860 -39
861 3
862 -63
863 34
864 24
865 -82
866 -37
867 44
868 100
869 47
870 -61
871 50
872 80
873 76
874 -48
875 50
876 -63
877 65
878 88
879 91
880 35
881 30
882 -98
883 -80
884 -27
885 73
886 -31
887 48
888 -36
889 -70
890 -13
891 -43
892 68
893 6
894 82
895 36
896 4
897 -100
898 14
899 -75
900 75
901 -94
902 -33
903 -59
904 -93
905 40
906 41
907 -90
908 -93
909 -79
910 -95
911 -42
912 52
913 -2
914 78
915 39
916 -48
917 81
918 -64
919 -54
920 81
921 -50
922 94
923 67
924 -58
925 21
926 17
927 -59
928 -28
929 -49
930 77
931 -20
932 82
933 20
934 10
935 93
936 -4
937 95
938 49
939 -8
940 -69
941 -30
942 -81
943 -50
944 94
945 50
946 96
947 -43
948 -11
949 -42
950 -19
951 88
952 68
953 -40
954 -25
955 -27
956 46
957 -49
958 34
959 -72
960 -69
961 55
962 46
963 79
964 94
965 86
966 49
967 -8
968 -90
969 -69
970 76
971 -21
972 -30
973 64
974 96
975 -16
976 12
977 -41
978 -17
979 -69
980 96
981 77
982 45
983 51
984 41
985 2
986 -37
987 -62
988 27
989 27
990 -79
991 -100
992 25
993 -68
994 -18
995 81
996 -53
997 48
998 -15
999 7
1000 71
1001 61
1002 -45
1003 66
1004 -11
1005 23
1006 -21
1007 -62
1008 -52
1009 4
1010 -46
1011 5
1012 59
1013 15
1014 -28
1015 97
1016 -66
1017 69
1018 -67
1019 66
1020 85
1021 81
1022 -68
1023 -30
