0 2
1 -73
2 75
3 53
4 19
5 -26
6 -13
7 78
8 -98
9 -73
10 4
11 -72
12 -45
13 -39
14 37
15 13
16 15
17 -73
18 87
19 -49
20 33
21 20
22 -5
23 23
24 -94
25 -9
26 63
27 99
28 21
29 14
30 61
31 37
32 -98
33 -74
34 99
35 42
36 -40
37 35
38 39
39 93
40 -16
41 -98
42 -99
43 70
44 67
45 -40
46 -82
47 -80
48 -38
49 44
50 36
51 -74
52 -96
53 -85
54 -22
55 50
56 -88
57 -82
58 55
59 -99
60 18
61 -74
62 89
63 -35
64 -5
65 -21
66 -5
67 -13
68 46
69 48
70 6
71 43
72 19
73 -42
74 -97
75 46
76 65
77 -84
78 -50
79 66
80 -4
81 -66
82 93
83 98
84 42
85 100
86 -33
87 -28
88 -2
89 20
90 -18
91 -30
92 -55
93 29
94 -23
95 69
96 55
97 88
98 -85
99 -87
100 -53
101 -49
102 51
103 -31
104 40
105 -4
106 -94
107 -22
108 -51
109 24
110 12
111 27
112 74
113 -24
114 57
115 -10
116 98
117 -95
118 -65
119 -66
120 -92
121 57
122 -56
123 -52
124 -85
125 -5
126 73
127 36
128 -30
129 -5
130 1
131 -12
132 -16
133 -1
134 -28
135 -17
136 68
137 -95
138 34
139 28
140 -99
141 -80
142 94
143 -26
144 -86
145 -61
146 21
147 18
148 -72
149 -63
150 62
151 69
152 89
153 86
154 -89
155 -19
156 -31
157 -28
158 55
159 15
160 12
161 97
162 -78
163 35
164 -31
165 -8
166 -70
167 -2
168 -61
169 -8
170 -50
171 32
172 33
173 79
174 -66
175 -42
176 1
177 70
178 77
179 91
180 -55
181 97
182 80
183 29
184 -33
185 25
186 -39
187 16
188 29
189 12
190 38
191 74
192 -16
193 -14
194 39
195 22
196 79
197 7
198 -84
199 79
200 -89
201 -55
202 64
203 83
204 -67
205 -64
206 48
207 49
208 77
209 97
210 4
211 -70
212 54
213 36
214 60
215 18
216 -42
217 -88
218 54
219 -95
220 -86
221 88
222 68
223 0
224 -90
225 -67
226 0
227 7
228 -69
229 -55
230 41
231 -84
232 23
233 98
234 -23
235 44
236 -53
237 -88
238 15
239 -71
240 82
241 -21
242 -67
243 -35
244 -27
245 33
246 -17
247 27
248 96
249 -65
250 30
251 74
252 -53
253 -75
254 -73
255 6
256 -5
257 -84
258 74
259 71
260 11
261 75
262 -87
263 59
264 -26
265 -89
266 -78
267 81
268 -17
269 18
270 8
271 5
272 -80
273 57
274 -29
275 39
276 73
277 73
278 45
279 -80
280 98
281 -31
282 29
283 69
284 90
285 27
286 -27
287 -63
288 39
289 84
290 87
291 -91
292 44
293 16
294 5
295 8
296 -58
297 -52
298 80
299 -62
300 26
301 97
302 87
303 96
304 61
305 70
306 47
307 89
308 -87
309 -68
310 -59
311 65
312 -2
313 -69
314 65
315 13
316 15
317 -81
318 -72
319 -31
320 97
321 -18
322 -6
323 -31
324 18
325 -29
326 50
327 84
328 -13
329 92
330 -39
331 -46
332 -78
333 -72
334 38
335 81
336 -84
337 13
338 -52
339 -56
340 -27
341 90
342 -3
343 39
344 -26
345 -57
346 -61
347 -74
348 32
349 6
350 19
351 -87
352 55
353 -16
354 88
355 -12
356 -87
357 4
358 -74
359 -11
360 -68
361 36
362 24
363 91
364 93
365 4
366 55
367 -76
368 -33
369 -12
370 -25
371 50
372 73
373 78
374 76
375 87
376 -16
377 77
378 -23
379 -62
380 -41
381 16
382 -79
383 -5
384 -48
385 31
386 -33
387 22
388 -40
389 14
390 78
391 21
392 72
393 50
394 -36
395 28
396 -85
397 -74
398 22
399 -91
400 -23
401 84
402 -37
403 29
404 61
405 -67
406 -17
407 69
408 -57
409 25
410 69
411 3
412 -84
413 72
414 68
415 -95
416 26
417 -51
418 69
419 -41
420 69
421 71
422 16
423 16
424 86
425 -72
426 -77
427 -30
428 -5
429 33
430 63
431 0
432 93
433 -30
434 -29
435 48
436 -43
437 -29
438 -6
439 -35
440 57
441 -94
442 -13
443 82
444 -62
445 24
446 -75
447 -28
448 -65
449 -88
450 -35
451 19
452 -50
453 -50
454 -11
455 -88
456 -9
457 -79
458 35
459 7
460 -31
461 -32
462 -23
463 -36
464 29
465 9
466 -38
467 -55
468 -94
469 -40
470 -37
471 72
472 34
473 46
474 -10
475 93
476 47
477 -3
478 91
479 88
480 19
481 74
482 100
483 -90
484 -77
485 -88
486 11
487 92
488 40
489 -26
490 -49
491 57
492 -68
493 16
494 27
495 61
496 0
497 91
498 7
499 -38
500 -93
501 16
502 -18
503 34
504 -39
505 -35
506 86
507 -43
508 -99
509 13
510 58
511 -78
512 -4
513 -22
514 86
515 15
516 51
517 -79
518 93
519 13
520 11
521 53
522 33
523 37
524 -19
525 19
526 58
527 -31
528 79
529 -37
530 -57
531 -10
532 -66
533 -87
534 -63
535 33
536 -88
537 -70
538 61
539 -27
540 -80
541 71
542 -38
543 -20
544 51
545 -74
546 -12
547 98
548 1
549 1
550 -73
551 -44
552 -49
553 17
554 -38
555 -30
556 -93
557 -17
558 31
559 38
560 -44
561 58
562 -57
563 7
564 -72
565 28
566 42
567 54
568 11
569 89
570 98
571 61
572 29
573 54
574 86
575 -76
576 8
577 -86
578 68
579 45
580 -65
581 67
582 1
583 -86
584 15
585 12
586 52
587 68
588 83
589 44
590 78
591 98
592 49
593 69
594 -61
595 47
596 92
597 -82
598 -34
599 86
600 59
601 -75
602 92
603 2
604 -18
605 -26
606 -87
607 -16
608 -42
609 -74
610 -2
611 4
612 -69
613 100
614 71
615 -47
616 -78
617 76
618 -56
619 -66
620 1
621 -52
622 81
623 -62
624 -98
625 -72
626 -8
627 32
628 86
629 11
630 -93
631 -93
632 -89
633 33
634 -76
635 63
636 90
637 77
638 85
639 22
640 75
641 -96
642 27
643 -77
644 15
645 33
646 -48
647 -40
648 -67
649 30
650 -25
651 26
652 37
653 32
654 40
655 -47
656 48
657 0
658 19
659 21
660 85
661 -17
662 58
663 83
664 -7
665 -43
666 67
667 50
668 -67
669 -15
670 72
671 -48
672 51
673 -12
674 65
675 2
676 -14
677 28
678 -18
679 28
680 55
681 94
682 77
683 57
684 19
685 -33
686 73
687 48
688 4
689 71
690 -77
691 21
692 63
693 -28
694 -55
695 -70
696 64
697 -70
698 -52
699 33
700 27
701 -71
702 30
703 49
704 82
705 57
706 -98
707 -89
708 -1
709 -1
710 5
711 91
712 52
713 -9
714 13
715 -20
716 -21
717 76
718 43
719 52
720 -62
721 -46
722 -85
723 90
724 96
725 -87
726 2
727 -40
728 -50
729 -65
730 -4
731 -100
732 26
733 -82
734 61
735 -97
736 15
737 64
738 45
739 -87
740 -54
741 42
742 36
743 97
744 90
745 -75
746 25
747 -30
748 -52
749 25
750 56
751 27
752 -10
753 -31
754 -90
755 -33
756 -67
757 40
758 -49
759 22
760 -84
761 -1
762 14
763 -25
764 37
765 52
766 32
767 -73
768 37
769 99
770 -34
771 -63
772 83
773 73
774 48
775 -73
776 15
777 -4
778 58
779 -64
780 53
781 -90
782 49
783 -55
784 46
785 -12
786 30
787 -57
788 16
789 56
790 -57
791 -89
792 -81
793 -18
794 -59
795 31
796 58
797 -96
798 17
799 -97
800 -4
801 -5
802 -24
803 12
804 58
805 -63
806 44
807 36
808 -61
809 10
810 -27
811 -89
812 63
813 64
814 -66
815 -79
816 -98
817 63
818 73
819 -56
820 -34
821 -93
822 -65
823 -51
824 -86
825 21
826 89
827 -3
828 9
829 43
830 -4
831 12
832 -81
833 -15
834 -11
835 -37
836 -73
837 50
838 30
839 -85
840 6
841 -21
842 -47
843 42
844 15
845 44
846 -53
847 10
848 -33
849 87
850 69
851 -56
852 -70
853 53
854 70
855 -34
856 -69
857 66
858 11
859 33
860 -42
861 -40
862 -80
863 -89
864 60
865 -53
866 -59
867 17
868 13
869 53
870 83
871 43
872 39
873 -73
874 52
875 -31
876 -78
877 78
878 -52
879 -96
880 -60
881 -41
882 -46
883 39
884 52
885 41
886 60
887 -5
888 92
889 -95
890 48
891 -92
892 -95
893 -36
894 -13
895 -49
896 -51
897 84
898 -22
899 -53
900 -94
901 56
902 60
903 28
904 -42
905 15
906 40
907 95
908 -52
909 61
910 3
911 56
912 -44
913 -69
914 4
915 -24
916 95
917 -53
918 -100
919 -19
920 82
921 -24
922 -21
923 31
924 11
925 85
926 -96
927 -16
928 -44
929 -58
930 23
931 45
932 -31
933 74
934 -11
935 -52
936 44
937 -69
938 -59
939 92
940 90
941 87
942 -6
943 -77
944 64
945 25
946 -25
947 -15
948 -25
949 -56
950 31
951 49
952 -22
953 12
954 -66
955 73
956 8
957 53
958 82
959 -41
960 -16
961 -96
962 47
963 69
964 -29
965 -46
966 -28
967 -63
968 -33
969 21
970 -15
971 26
972 78
973 -65
974 -28
975 60
976 56
977 -24
978 43
979 -85
980 18
981 -34
982 -85
983 87
984 -34
985 18
986 -30
987 73
988 -77
989 17
990 39
991 -65
992 81
993 70
994 -75
995 -78
996 -30
997 94
998 56
999 100
1000 -50
1001 92
1002 57
1003 -43
1004 89
1005 65
1006 -23
1007 -75
1008 -91
1009 56
1010 79
1011 50
1012 11
1013 -68
1014 -77
1015 -53
1016 -35
1017 64
1018 24
1019 -18
1020 -36
1021 9
1022 -96
1023 -41
