0 -40
1 -17
2 -35
3 66
4 75
5 -89
6 22
7 71
8 99
9 -64
10 13
11 -24
12 11
13 6
14 87
15 43
16 -10
17 -97
18 -72
19 -70
20 83
21 8
22 -47
23 62
24 -1
25 -60
26 86
27 -78
28 -11
29 -88
30 -52
31 -1
32 -8
33 -53
34 50
35 -38
36 -3
37 -27
38 98
39 47
40 -74
41 71
42 -69
43 26
44 76
45 -62
46 -10
47 -59
48 -81
49 39
50 44
51 12
52 76
53 -73
54 -28
55 -62
56 35
57 60
58 -56
59 9
60 1
61 -3
62 20
63 -46
64 72
65 36
66 65
67 29
68 -51
69 -66
70 53
71 37
72 -91
73 41
74 -50
75 66
76 -98
77 81
78 -56
79 75
80 -19
81 35
82 59
83 -86
84 -93
85 28
86 -98
87 77
88 -50
89 -28
90 -87
91 74
92 -72
93 79
94 -58
95 30
96 -85
97 -4
98 -73
99 -78
100 68
101 -49
102 19
103 54
104 -37
105 20
106 -100
107 59
108 33
109 -14
110 29
111 15
112 88
113 -37
114 -96
115 -77
116 55
117 -4
118 5
119 -82
120 78
121 -1
122 93
123 -72
124 87
125 68
126 95
127 -71
128 -70
129 10
130 -41
131 77
132 93
133 59
134 68
135 -30
136 -42
137 -84
138 11
139 -83
140 -70
141 81
142 0
143 -85
144 96
145 89
146 -80
147 -80
148 87
149 16
150 16
151 -55
152 36
153 -20
154 -9
155 -35
156 93
157 -50
158 -52
159 51
160 -39
161 -53
162 -78
163 15
164 97
165 38
166 -84
167 -67
168 87
169 -14
170 -38
171 -5
172 -82
173 -100
174 8
175 5
176 48
177 -52
178 42
179 -65
180 -99
181 -61
182 12
183 -67
184 -71
185 -10
186 -92
187 9
188 -49
189 91
190 51
191 11
192 -12
193 -38
194 -99
195 69
196 -63
197 39
198 -80
199 18
200 87
201 -49
202 32
203 5
204 -17
205 84
206 7
207 36
208 78
209 -24
210 -57
211 -49
212 -34
213 -44
214 96
215 53
216 -75
217 -85
218 28
219 75
220 3
221 -3
222 97
223 -17
224 -23
225 -74
226 9
227 -33
228 -47
229 -20
230 82
231 42
232 -4
233 -5
234 -27
235 -10
236 -95
237 59
238 54
239 -72
240 82
241 -22
242 -91
243 -94
244 27
245 -57
246 46
247 -29
248 -95
249 -34
250 -11
251 -89
252 -43
253 -42
254 -5
255 41
256 -16
257 -20
258 -63
259 -14
260 -82
261 68
262 -46
263 38
264 -59
265 -63
266 -9
267 -59
268 -13
269 -68
270 -6
271 14
272 74
273 12
274 -65
275 76
276 98
277 80
278 1
279 3
280 45
281 56
282 51
283 -88
284 -30
285 -25
286 11
287 79
288 31
289 20
290 89
291 28
292 100
293 59
294 -14
295 43
296 39
297 39
298 -92
299 -26
300 -9
301 -26
302 39
303 -29
304 31
305 -91
306 79
307 -7
308 70
309 -65
310 -84
311 -46
312 1
313 -11
314 -11
315 -80
316 63
317 37
318 -17
319 -62
320 30
321 10
322 62
323 -38
324 -92
325 43
326 39
327 88
328 99
329 -7
330 72
331 2
332 -97
333 -71
334 98
335 37
336 85
337 40
338 -92
339 -48
340 63
341 26
342 13
343 11
344 -76
345 -46
346 24
347 -24
348 40
349 70
350 -43
351 46
352 34
353 43
354 96
355 -72
356 -33
357 -19
358 -37
359 -19
360 -19
361 49
362 -20
363 62
364 -63
365 19
366 7
367 -66
368 -3
369 52
370 40
371 28
372 -99
373 57
374 89
375 43
376 45
377 -73
378 -27
379 8
380 -30
381 -36
382 59
383 -39
384 15
385 71
386 -51
387 54
388 -77
389 87
390 29
391 -18
392 78
393 -22
394 -34
395 44
396 43
397 -39
398 -68
399 25
400 -51
401 -30
402 7
403 88
404 -39
405 -39
406 74
407 -63
408 66
409 87
410 28
411 -23
412 -24
413 7
414 -1
415 98
416 -57
417 48
418 -4
419 61
420 54
421 -88
422 -31
423 -48
424 81
425 48
426 79
427 64
428 58
429 20
430 7
431 40
432 -77
433 -4
434 -59
435 77
436 93
437 -59
438 96
439 -84
440 36
441 79
442 -72
443 86
444 58
445 27
446 -30
447 31
448 -24
449 56
450 48
451 -97
452 -80
453 -50
454 -55
455 17
456 5
457 79
458 -74
459 100
460 43
461 83
462 -21
463 -53
464 97
465 -73
466 -98
467 38
468 -90
469 -81
470 -16
471 -86
472 -39
473 69
474 -16
475 100
476 50
477 51
478 12
479 -42
480 -51
481 -6
482 6
483 -61
484 -61
485 -26
486 -17
487 -4
488 80
489 75
490 56
491 22
492 73
493 62
494 -73
495 72
496 -80
497 -12
498 -70
499 -67
500 -72
501 -46
502 -29
503 -4
504 -99
505 61
506 -19
507 -3
508 -56
509 -83
510 14
511 -21
512 67
513 86
514 -31
515 -22
516 -100
517 82
518 42
519 -7
520 48
521 -87
522 100
523 -84
524 82
525 63
526 6
527 -63
528 -6
529 -96
530 -35
531 -33
532 -2
533 75
534 42
535 -2
536 35
537 -57
538 -40
539 -53
540 80
541 -74
542 -69
543 -15
544 97
545 -63
546 -28
547 28
548 90
549 -31
550 -99
551 22
552 0
553 0
554 -12
555 98
556 -14
557 -18
558 -61
559 -18
560 49
561 53
562 12
563 45
564 -92
565 50
566 9
567 13
568 39
569 -66
570 51
571 -41
572 2
573 -24
574 -32
575 13
576 84
577 -29
578 12
579 9
580 -69
581 72
582 46
583 57
584 -44
585 -100
586 -57
587 -64
588 8
589 52
590 0
591 12
592 -26
593 19
594 -100
595 93
596 97
597 -92
598 -77
599 98
600 51
601 -80
602 39
603 -18
604 5
605 44
606 3
607 57
608 -7
609 -82
610 17
611 -61
612 -15
613 -69
614 75
615 3
616 0
617 -21
618 -81
619 96
620 52
621 70
622 76
623 -95
624 48
625 -21
626 97
627 2
628 90
629 92
630 32
631 -62
632 32
633 -20
634 -25
635 65
636 -71
637 -31
638 29
639 42
640 81
641 30
642 -45
643 -57
644 -68
645 -76
646 -98
647 -2
648 6
649 24
650 0
651 -82
652 -82
653 45
654 99
655 41
656 54
657 74
658 71
659 42
660 -53
661 -2
662 68
663 90
664 100
665 -45
666 -56
667 -50
668 -99
669 -75
670 33
671 -99
672 -77
673 73
674 38
675 15
676 86
677 77
678 -70
679 26
680 78
681 23
682 34
683 28
684 -66
685 -11
686 -70
687 -14
688 -11
689 6
690 76
691 -63
692 5
693 -38
694 -82
695 20
696 60
697 -62
698 -58
699 -72
700 -11
701 -53
702 53
703 -87
704 9
705 70
706 -22
707 17
708 -92
709 73
710 -50
711 20
712 -86
713 11
714 -10
715 -69
716 -37
717 -20
718 -72
719 -81
720 -52
721 28
722 56
723 -86
724 -19
725 -87
726 -25
727 49
728 46
729 74
730 92
731 50
732 7
733 -39
734 -13
735 -11
736 43
737 47
738 -93
739 -40
740 -42
741 -52
742 -4
743 18
744 6
745 -96
746 -33
747 5
748 28
749 33
750 29
751 -59
752 -13
753 47
754 30
755 11
756 92
757 22
758 18
759 97
760 -7
761 31
762 -100
763 -80
764 90
765 15
766 89
767 -15
768 71
769 64
770 90
771 -74
772 36
773 63
774 10
775 -58
776 90
777 93
778 74
779 66
780 -30
781 -46
782 87
783 92
784 -7
785 43
786 -70
787 62
788 70
789 65
790 69
791 67
792 -26
793 89
794 67
795 -39
796 82
797 -42
798 96
799 -46
800 -5
801 84
802 39
803 92
804 89
805 45
806 -23
807 70
808 -22
809 28
810 -44
811 86
812 -55
813 -19
814 92
815 63
816 32
817 -94
818 3
819 -61
820 15
821 38
822 -40
823 93
824 -27
825 1
826 -22
827 76
828 -28
829 3
830 7
831 -85
832 64
833 -7
834 -82
835 69
836 74
837 -43
838 73
839 10
840 47
841 65
842 91
843 -58
844 54
845 -20
846 -86
847 -66
848 -69
849 -75
850 -14
851 -8
852 33
853 -73
854 3
855 -82
856 -24
857 -24
858 -41
859 -65
860 14
861 38
862 -69
863 28
864 46
865 33
866 43
867 75
868 51
869 -32
870 -1
871 21
872 -91
873 -6
874 47
875 -25
876 59
877 -4
878 -40
879 47
880 77
881 90
882 -93
883 -7
884 -68
885 -65
886 -26
887 -71
888 87
889 59
890 -67
891 -67
892 52
893 -48
894 -5
895 48
896 -63
897 88
898 60
899 93
900 -28
901 7
902 45
903 30
904 88
905 3
906 -12
907 -65
908 -84
909 62
910 0
911 -5
912 35
913 -87
914 -55
915 2
916 -1
917 -76
918 71
919 -3
920 29
921 77
922 73
923 -39
924 46
925 -90
926 55
927 -33
928 35
929 96
930 16
931 -100
932 -39
933 -48
934 -46
935 -17
936 20
937 -38
938 -91
939 35
940 52
941 65
942 20
943 55
944 9
945 68
946 30
947 86
948 50
949 -32
950 50
951 -48
952 -95
953 96
954 79
955 -77
956 -66
957 -76
958 0
959 56
960 -19
961 64
962 -67
963 70
964 28
965 4
966 -82
967 29
968 -75
969 22
970 -89
971 70
972 0
973 -85
974 -58
975 97
976 -38
977 85
978 -29
979 14
980 -95
981 83
982 -56
983 -82
984 6
985 47
986 99
987 -56
988 25
989 -21
990 -32
991 -44
992 14
993 73
994 -6
995 -65
996 30
997 -81
998 74
999 17
1000 -18
1001 73
1002 64
1003 10
1004 -28
1005 29
1006 -58
1007 -8
1008 32
1009 -88
1010 12
1011 66
1012 -51
1013 39
1014 28
1015 25
1016 96
1017 44
1018 -77
1019 -84
1020 64
1021 -68
1022 -45
1023 -60
