0 -83
1 5
2 -5
3 -94
4 -46
5 -15
6 14
7 -77
8 -46
9 -19
10 49
11 41
12 -52
13 -40
14 42
15 -69
16 -74
17 20
18 23
19 -10
20 -30
21 -55
22 29
23 -91
24 -28
25 51
26 -23
27 43
28 -46
29 6
30 90
31 -85
32 -62
33 61
34 13
35 -4
36 -86
37 -5
38 -76
39 -85
40 11
41 -59
42 -23
43 75
44 41
45 23
46 56
47 48
48 71
49 -39
50 70
51 30
52 5
53 53
54 57
55 -82
56 21
57 12
58 -11
59 -79
60 -57
61 -88
62 95
63 55
64 -87
65 26
66 -77
67 -35
68 -19
69 73
70 68
71 13
72 44
73 47
74 100
75 15
76 -35
77 53
78 -92
79 38
80 -5
81 -8
82 -63
83 15
84 78
85 72
86 -32
87 -30
88 -26
89 68
90 -80
91 18
92 -35
93 88
94 7
95 82
96 96
97 -89
98 24
99 97
100 -75
101 0
102 51
103 -85
104 25
105 -8
106 53
107 -48
108 -9
109 51
110 17
111 -19
112 -34
113 -77
114 -84
115 -80
116 76
117 -44
118 -44
119 55
120 -21
121 -94
122 10
123 -5
124 62
125 -90
126 -11
127 60
128 100
129 95
130 -36
131 5
132 -85
133 -54
134 32
135 -27
136 -28
137 -68
138 79
139 2
140 75
141 31
142 77
143 28
144 -34
145 -64
146 -31
147 61
148 -40
149 -45
150 -9
151 -49
152 85
153 -12
154 -44
155 -57
156 70
157 100
158 43
159 36
160 -21
161 87
162 -11
163 91
164 -44
165 75
166 -21
167 63
168 -68
169 88
170 -59
171 53
172 -34
173 19
174 -48
175 11
176 1
177 -13
178 -5
179 95
180 62
181 8
182 -62
183 38
184 -17
185 -72
186 27
187 33
188 -37
189 -80
190 30
191 42
192 23
193 83
194 95
195 52
196 29
197 68
198 53
199 -74
200 21
201 -37
202 3
203 64
204 4
205 26
206 -73
207 -7
208 -11
209 -86
210 21
211 -80
212 -19
213 -79
214 -29
215 -35
216 96
217 90
218 76
219 -17
220 -36
221 76
222 11
223 -23
224 66
225 81
226 -11
227 57
228 86
229 -90
230 69
231 -100
232 -20
233 -46
234 43
235 -10
236 87
237 -62
238 64
239 -61
240 -43
241 35
242 -19
243 87
244 -29
245 -54
246 54
247 -87
248 41
249 -19
250 6
251 -32
252 18
253 59
254 66
255 -76
256 -70
257 43
258 -73
259 -12
260 10
261 -9
262 18
263 85
264 19
265 30
266 -68
267 -44
268 -68
269 51
270 -37
271 38
272 -87
273 91
274 100
275 -59
276 -9
277 24
278 -22
279 -54
280 -11
281 70
282 -21
283 -69
284 23
285 -2
286 -79
287 -36
288 -41
289 89
290 -29
291 -65
292 -45
293 66
294 18
295 64
296 -65
297 -91
298 9
299 34
300 -46
301 -79
302 -66
303 -81
304 84
305 -5
306 80
307 54
308 24
309 70
310 62
311 -91
312 98
313 -43
314 89
315 34
316 23
317 4
318 36
319 -61
320 39
321 99
322 -77
323 -11
324 -72
325 49
326 5
327 53
328 -99
329 56
330 65
331 54
332 96
333 -76
334 -30
335 -55
336 90
337 37
338 -72
339 -31
340 -59
341 2
342 -4
343 -55
344 -83
345 -2
346 2
347 30
348 50
349 68
350 24
351 -2
352 -88
353 -35
354 -77
355 -74
356 -42
357 76
358 -1
359 78
360 -54
361 42
362 -60
363 -82
364 -81
365 -94
366 -71
367 -18
368 43
369 -42
370 34
371 13
372 63
373 -76
374 36
375 -65
376 28
377 78
378 -93
379 37
380 86
381 -75
382 75
383 -33
384 100
385 24
386 -45
387 -80
388 -24
389 -17
390 95
391 97
392 89
393 88
394 52
395 77
396 -93
397 -27
398 -11
399 -33
400 33
401 -18
402 -18
403 -31
404 -29
405 -6
406 11
407 -17
408 79
409 66
410 -56
411 -32
412 -63
413 8
414 -79
415 82
416 -39
417 89
418 -73
419 49
420 45
421 82
422 27
423 73
424 -3
425 60
426 83
427 77
428 -87
429 33
430 2
431 -2
432 -55
433 84
434 -58
435 -84
436 -45
437 -82
438 35
439 -67
440 -55
441 -78
442 -74
443 5
444 54
445 -40
446 -25
447 36
448 -96
449 -66
450 -69
451 28
452 77
453 -94
454 -62
455 -38
456 -50
457 -53
458 76
459 69
460 -29
461 -42
462 -62
463 -62
464 99
465 16
466 -65
467 -2
468 -48
469 98
470 21
471 -48
472 55
473 -96
474 18
475 98
476 8
477 61
478 -26
479 6
480 -27
481 -25
482 -43
483 -37
484 -33
485 64
486 -7
487 -38
488 -92
489 -19
490 -45
491 95
492 22
493 64
494 100
495 -67
496 23
497 56
498 -7
499 -84
500 41
501 61
502 -56
503 39
504 -94
505 -94
506 28
507 -63
508 -85
509 28
510 32
511 -17
512 67
513 -14
514 -61
515 -30
516 36
517 80
518 49
519 57
520 -38
521 -68
522 -11
523 73
524 64
525 40
526 -16
527 67
528 44
529 25
530 -24
531 -9
532 -18
533 -77
534 -71
535 -64
536 39
537 66
538 -33
539 -74
540 -11
541 2
542 -45
543 53
544 11
545 -6
546 -80
547 -4
548 53
549 -61
550 -11
551 -4
552 86
553 -12
554 28
555 -47
556 -55
557 -31
558 58
559 -53
560 60
561 84
562 -16
563 -73
564 -38
565 -58
566 70
567 8
568 -56
569 69
570 1
571 -46
572 94
573 27
574 29
575 -81
576 56
577 -48
578 10
579 -64
580 -61
581 86
582 11
583 -64
584 -67
585 0
586 38
587 25
588 -49
589 -10
590 64
591 98
592 -1
593 -17
594 -23
595 57
596 100
597 97
598 -18
599 -16
600 41
601 -81
602 -29
603 36
604 -18
605 -62
606 26
607 81
608 7
609 -85
610 38
611 81
612 -7
613 56
614 63
615 35
616 -82
617 -76
618 -95
619 -92
620 11
621 -74
622 77
623 -4
624 -15
625 -21
626 -62
627 -47
628 -82
629 66
630 -54
631 14
632 -68
633 -62
634 5
635 -34
636 -13
637 54
638 55
639 57
640 -80
641 -77
642 21
643 -21
644 81
645 56
646 -64
647 -60
648 -92
649 11
650 -38
651 -15
652 43
653 -79
654 40
655 33
656 62
657 -71
658 -20
659 32
660 92
661 65
662 -36
663 -7
664 -86
665 -14
666 -74
667 -94
668 -87
669 -72
670 -44
671 96
672 87
673 -88
674 -58
675 73
676 -73
677 58
678 -50
679 47
680 -15
681 -85
682 8
683 -21
684 3
685 -21
686 40
687 -24
688 3
689 36
690 80
691 -34
692 20
693 53
694 87
695 7
696 -18
697 12
698 66
699 53
700 17
701 33
702 24
703 -20
704 -42
705 90
706 -82
707 -73
708 -62
709 22
710 38
711 -50
712 6
713 -80
714 23
715 -54
716 -86
717 51
718 11
719 68
720 -44
721 -47
722 -96
723 -62
724 -2
725 -38
726 14
727 -42
728 -37
729 26
730 -87
731 -75
732 -37
733 53
734 -26
735 -57
736 74
737 35
738 9
739 -46
740 -84
741 74
742 -34
743 93
744 6
745 50
746 -39
747 89
748 -33
749 -34
750 57
751 4
752 92
753 63
754 42
755 -13
756 -66
757 82
758 59
759 -67
760 -48
761 25
762 29
763 73
764 -95
765 -26
766 18
767 -30
768 -35
769 -90
770 -84
771 79
772 27
773 -57
774 73
775 9
776 73
777 68
778 -19
779 -96
780 -37
781 -91
782 77
783 -85
784 76
785 33
786 -31
787 92
788 62
789 -90
790 46
791 -89
792 43
793 -44
794 12
795 -12
796 70
797 29
798 4
799 -52
800 80
801 80
802 -41
803 66
804 -14
805 2
806 18
807 97
808 21
809 -56
810 -99
811 -5
812 -48
813 -67
814 86
815 86
816 43
817 -39
818 28
819 -83
820 51
821 -10
822 -37
823 19
824 20
825 32
826 -25
827 33
828 4
829 -43
830 70
831 84
832 -96
833 -29
834 -62
835 60
836 44
837 -88
838 32
839 -16
840 44
841 99
842 38
843 -82
844 83
845 85
846 27
847 -7
848 -62
849 36
850 -73
851 -67
852 -54
853 49
854 -50
855 -90
856 97
857 -14
858 6
859 -68
860 -72
861 -38
862 83
863 11
864 57
865 -56
866 48
867 8
868 54
869 90
870 32
871 81
872 57
873 -87
874 -91
875 -92
876 -5
877 93
878 53
879 -83
880 9
881 15
882 83
883 5
884 -27
885 -29
886 -9
887 52
888 -30
889 -60
890 34
891 -77
892 96
893 -2
894 1
895 -60
896 51
897 77
898 -2
899 23
900 -80
901 -30
902 70
903 -95
904 -82
905 -41
906 -98
907 -71
908 -21
909 -13
910 81
911 -19
912 56
913 15
914 29
915 95
916 4
917 -38
918 -19
919 2
920 -2
921 -76
922 73
923 38
924 -31
925 -73
926 -43
927 -34
928 43
929 96
930 19
931 -12
932 -28
933 73
934 -7
935 93
936 -5
937 63
938 -78
939 -7
940 73
941 -24
942 36
943 6
944 47
945 -90
946 12
947 -19
948 -38
949 -18
950 50
951 -88
952 27
953 63
954 22
955 -89
956 -97
957 19
958 20
959 -17
960 -63
961 74
962 -45
963 66
964 2
965 -53
966 -100
967 -19
968 -53
969 -78
970 26
971 88
972 -79
973 -80
974 -33
975 22
976 83
977 15
978 -73
979 40
980 -34
981 -7
982 97
983 66
984 6
985 64
986 98
987 12
988 28
989 52
990 28
991 -26
992 -96
993 -13
994 -87
995 -2
996 23
997 -14
998 76
999 28
1000 54
1001 -99
1002 -71
1003 57
1004 -81
1005 -85
1006 -30
1007 -52
1008 -66
1009 -20
1010 57
1011 77
1012 -30
1013 -44
1014 -77
1015 51
1016 -8
1017 61
1018 -2
1019 -45
1020 97
1021 -32
1022 -42
1023 82
