0 93
1 -24
2 99
3 32
4 -64
5 -94
6 35
7 51
8 4
9 -59
10 30
11 73
12 -39
13 -61
14 -60
15 20
16 -25
17 -39
18 87
19 5
20 -72
21 -61
22 -63
23 93
24 -97
25 10
26 85
27 35
28 38
29 68
30 64
31 -70
32 53
33 81
34 -70
35 83
36 -87
37 87
38 78
39 -96
40 -73
41 72
42 -19
43 90
44 73
45 -58
46 30
47 69
48 82
49 59
50 43
51 16
52 -72
53 -20
54 60
55 -36
56 89
57 -99
58 46
59 -55
60 11
61 81
62 -56
63 86
64 -62
65 -75
66 -27
67 61
68 -33
69 28
70 -44
71 67
72 -72
73 39
74 -93
75 -78
76 65
77 19
78 -15
79 -61
80 98
81 -13
82 11
83 43
84 -77
85 100
86 -45
87 -51
88 -64
89 -19
90 -68
91 28
92 -85
93 -92
94 24
95 -83
96 -32
97 -7
98 84
99 56
100 57
101 -23
102 38
103 27
104 19
105 -6
106 58
107 71
108 -30
109 -78
110 24
111 98
112 13
113 13
114 -99
115 67
116 20
117 -42
118 -25
119 -85
120 95
121 -61
122 41
123 80
124 95
125 -62
126 -14
127 -31
128 -99
129 24
130 83
131 19
132 61
133 -65
134 -99
135 -90
136 -69
137 6
138 -43
139 -97
140 4
141 -91
142 -51
143 12
144 42
145 81
146 27
147 -37
148 -7
149 -89
150 -58
151 -87
152 44
153 8
154 -56
155 -83
156 -63
157 69
158 -79
159 -8
160 -89
161 -19
162 -75
163 -65
164 -68
165 83
166 13
167 35
168 -76
169 34
170 70
171 5
172 -12
173 -87
174 66
175 -44
176 -31
177 -76
178 -76
179 22
180 -40
181 -90
182 -89
183 -6
184 16
185 90
186 -61
187 -32
188 -91
189 -20
190 3
191 62
192 59
193 -85
194 88
195 81
196 -18
197 -45
198 31
199 83
200 -29
201 -6
202 -20
203 -56
204 -22
205 -9
206 -90
207 85
208 -64
209 91
210 -16
211 32
212 -37
213 52
214 -11
215 50
216 -47
217 80
218 -47
219 8
220 -75
221 -78
222 -43
223 -44
224 100
225 -31
226 -72
227 100
228 -49
229 42
230 -85
231 89
232 67
233 -23
234 -5
235 2
236 31
237 -77
238 41
239 51
240 40
241 56
242 31
243 57
244 26
245 82
246 -85
247 -82
248 -83
249 -99
250 -36
251 -60
252 -89
253 11
254 76
255 -22
256 -39
257 43
258 -90
259 65
260 -24
261 84
262 54
263 -71
264 97
265 93
266 -24
267 -91
268 -26
269 25
270 65
271 -85
272 -1
273 0
274 -50
275 4
276 -14
277 -76
278 51
279 -75
280 35
281 89
282 -34
283 11
284 75
285 40
286 -1
287 84
288 93
289 75
290 -22
291 75
292 99
293 57
294 92
295 -71
296 91
297 -62
298 63
299 35
300 -95
301 -12
302 -37
303 44
304 -37
305 50
306 100
307 36
308 -30
309 62
310 -85
311 18
312 41
313 -26
314 27
315 42
316 -81
317 -92
318 92
319 83
320 28
321 -90
322 43
323 6
324 48
325 51
326 6
327 88
328 -85
329 -56
330 -44
331 65
332 89
333 28
334 -63
335 19
336 -44
337 -95
338 94
339 50
340 55
341 82
342 -67
343 -37
344 12
345 54
346 95
347 17
348 -82
349 -26
350 -100
351 66
352 66
353 -14
354 -61
355 -6
356 31
357 -1
358 35
359 -16
360 -52
361 -54
362 -22
363 -17
364 -19
365 -26
366 -100
367 81
368 51
369 -99
370 -89
371 -12
372 21
373 -60
374 14
375 -56
376 72
377 -42
378 69
379 -80
380 18
381 60
382 72
383 -34
384 95
385 -56
386 39
387 -64
388 76
389 -53
390 78
391 -34
392 72
393 66
394 -6
395 -33
396 -50
397 -74
398 56
399 11
400 95
401 65
402 -18
403 56
404 -5
405 -95
406 95
407 -76
408 11
409 99
410 -62
411 -2
412 63
413 55
414 -90
415 97
416 7
417 -29
418 96
419 -9
420 10
421 -49
422 -42
423 80
424 77
425 -20
426 78
427 30
428 22
429 -53
430 0
431 32
432 41
433 -6
434 -15
435 -93
436 -52
437 -26
438 78
439 -50
440 -50
441 -33
442 9
443 74
444 -30
445 -35
446 99
447 -36
448 -64
449 46
450 -52
451 72
452 -27
453 70
454 -86
455 -29
456 20
457 15
458 5
459 -39
460 -54
461 19
462 -21
463 43
464 85
465 31
466 -18
467 73
468 74
469 76
470 -51
471 60
472 78
473 49
474 14
475 83
476 80
477 59
478 -3
479 -1
480 78
481 41
482 58
483 32
484 94
485 -92
486 64
487 27
488 39
489 -56
490 -8
491 -60
492 -27
493 48
494 -43
495 -40
496 -77
497 81
498 -56
499 95
500 -2
501 -15
502 -71
503 -24
504 9
505 -47
506 -44
507 94
508 34
509 80
510 15
511 -72
512 -47
513 -39
514 -51
515 5
516 -30
517 33
518 -28
519 38
520 -56
521 15
522 -93
523 87
524 60
525 86
526 -73
527 74
528 -16
529 -88
530 85
531 -29
532 -33
533 -96
534 76
535 33
536 -98
537 81
538 44
539 58
540 -22
541 5
542 -65
543 56
544 -8
545 84
546 99
547 -82
548 23
549 35
550 85
551 11
552 -11
553 -24
554 -39
555 1
556 -55
557 -12
558 -14
559 13
560 -63
561 15
562 89
563 -79
564 -66
565 39
566 67
567 88
568 90
569 47
570 92
571 -72
572 65
573 -58
574 -67
575 35
576 73
577 22
578 -68
579 -68
580 95
581 -1
582 53
583 -42
584 12
585 -81
586 70
587 73
588 96
589 -55
590 -93
591 79
592 -59
593 -82
594 -51
595 95
596 51
597 -70
598 -95
599 -88
600 35
601 46
602 48
603 15
604 82
605 -42
606 -89
607 74
608 -4
609 10
610 63
611 63
612 2
613 -66
614 0
615 -96
616 -54
617 18
618 35
619 33
620 86
621 65
622 -6
623 -12
624 -31
625 23
626 9
627 -28
628 5
629 -83
630 -10
631 -56
632 -94
633 49
634 15
635 -100
636 77
637 -77
638 -88
639 60
640 -38
641 97
642 -72
643 93
644 -13
645 100
646 -74
647 13
648 96
649 -10
650 -66
651 -27
652 -53
653 30
654 -38
655 47
656 43
657 -57
658 4
659 -20
660 19
661 78
662 -20
663 -2
664 26
665 78
666 -85
667 -41
668 9
669 73
670 -72
671 -14
672 52
673 99
674 29
675 -74
676 -59
677 82
678 93
679 -9
680 94
681 -9
682 6
683 81
684 36
685 -92
686 -90
687 -36
688 -5
689 79
690 99
691 -69
692 -9
693 -33
694 -29
695 45
696 -22
697 18
698 48
699 -21
700 43
701 -72
702 -54
703 77
704 -12
705 34
706 -63
707 94
708 53
709 -13
710 40
711 72
712 -33
713 -47
714 -38
715 -54
716 -23
717 -10
718 -62
719 5
720 6
721 -69
722 -49
723 -30
724 -51
725 -98
726 -51
727 -100
728 -59
729 -25
730 -90
731 37
732 -28
733 -62
734 -53
735 -35
736 76
737 -12
738 38
739 -68
740 62
741 68
742 66
743 62
744 90
745 -15
746 -84
747 60
748 61
749 72
750 43
751 86
752 32
753 31
754 85
755 41
756 -8
757 27
758 -1
759 15
760 98
761 -31
762 75
763 94
764 28
765 -78
766 -20
767 65
768 62
769 -61
770 -87
771 13
772 -3
773 27
774 3
775 10
776 -71
777 82
778 73
779 20
780 -64
781 62
782 63
783 67
784 -78
785 53
786 68
787 19
788 -91
789 59
790 -100
791 78
792 -83
793 -40
794 -54
795 18
796 60
797 43
798 51
799 38
800 67
801 -26
802 6
803 90
804 -5
805 73
806 67
807 -60
808 -84
809 90
810 89
811 40
812 89
813 8
814 -19
815 -72
816 -97
817 62
818 9
819 44
820 74
821 63
822 -23
823 -57
824 80
825 8
826 60
827 -3
828 -93
829 -49
830 -67
831 3
832 -56
833 95
834 19
835 27
836 39
837 93
838 91
839 -96
840 21
841 15
842 -74
843 67
844 75
845 -52
846 11
847 -20
848 -54
849 -7
850 -39
851 68
852 -99
853 99
854 94
855 -59
856 -7
857 0
858 25
859 -41
860 67
861 90
862 -11
863 -56
864 -80
865 41
866 97
867 -30
868 62
869 -3
870 -96
871 72
872 70
873 37
874 17
875 -11
876 -38
877 -6
878 -88
879 -82
880 75
881 -80
882 -32
883 -53
884 51
885 25
886 60
887 -57
888 -45
889 84
890 -20
891 55
892 -58
893 -58
894 60
895 -90
896 -37
897 -21
898 9
899 52
900 -90
901 30
902 88
903 54
904 46
905 81
906 25
907 -22
908 21
909 4
910 -17
911 71
912 32
913 25
914 80
915 -83
916 -50
917 -47
918 -28
919 -30
920 -16
921 16
922 66
923 -56
924 99
925 -29
926 80
927 38
928 -74
929 35
930 -96
931 -29
932 77
933 -20
934 18
935 50
936 -67
937 71
938 -7
939 -68
940 2
941 71
942 -100
943 4
944 -12
945 -63
946 18
947 -85
948 -20
949 65
950 90
951 -43
952 90
953 77
954 -85
955 97
956 -79
957 -91
958 -17
959 76
960 88
961 6
962 -22
963 71
964 69
965 -5
966 -67
967 -82
968 84
969 -30
970 1
971 89
972 76
973 39
974 10
975 17
976 44
977 39
978 -93
979 32
980 1
981 72
982 12
983 28
984 -60
985 -43
986 27
987 -91
988 -17
989 95
990 -67
991 -1
992 5
993 0
994 -70
995 -14
996 -55
997 -47
998 43
999 -27
1000 -63
1001 74
1002 -24
1003 37
1004 -5
1005 15
1006 61
1007 52
1008 -64
1009 -83
1010 45
1011 59
1012 53
1013 -82
1014 -82
1015 -61
1016 -50
1017 -28
1018 5
1019 24
1020 -75
1021 -43
1022 -92
1023 -98
