0 27
1 72
2 -34
3 -88
4 -86
5 74
6 -31
7 -78
8 93
9 -99
10 14
11 -90
12 -42
13 49
14 -57
15 -52
16 22
17 -25
18 92
19 45
20 19
21 -29
22 -84
23 -80
24 -21
25 -98
26 28
27 26
28 57
29 -77
30 -83
31 30
32 91
33 -33
34 -75
35 -55
36 -29
37 83
38 96
39 17
40 20
41 12
42 -41
43 -93
44 -26
45 -4
46 -4
47 -15
48 -73
49 78
50 -89
51 -23
52 -50
53 -80
54 -40
55 31
56 -67
57 -41
58 -74
59 57
60 -36
61 -10
62 -56
63 27
64 34
65 66
66 -56
67 -96
68 -69
69 -33
70 -74
71 -72
72 54
73 5
74 87
75 -58
76 -18
77 -98
78 -61
79 -34
80 -28
81 -95
82 -29
83 -16
84 33
85 -28
86 -62
87 -19
88 -97
89 53
90 -6
91 66
92 47
93 -65
94 23
95 -20
96 21
97 -57
98 51
99 -81
100 70
101 -96
102 64
103 3
104 14
105 -84
106 -61
107 -59
108 24
109 49
110 45
111 -91
112 -39
113 88
114 65
115 49
116 23
117 36
118 -27
119 -50
120 -43
121 69
122 63
123 -69
124 -82
125 -88
126 58
127 -48
128 -22
129 96
130 -21
131 -72
132 56
133 19
134 -56
135 21
136 -23
137 -3
138 31
139 20
140 3
141 60
142 57
143 -62
144 -93
145 42
146 -57
147 -47
148 25
149 -93
150 -14
151 -76
152 -33
153 14
154 -89
155 19
156 -56
157 7
158 -58
159 58
160 94
161 -89
162 -23
163 5
164 -82
165 -43
166 86
167 -16
168 71
169 78
170 53
171 -100
172 -43
173 65
174 -12
175 96
176 91
177 6
178 -17
179 -10
180 11
181 35
182 72
183 -98
184 -56
185 46
186 -60
187 -29
188 58
189 -16
190 -82
191 70
192 33
193 59
194 92
195 81
196 43
197 95
198 96
199 -19
200 -11
201 67
202 -45
203 64
204 42
205 -42
206 1
207 -57
208 39
209 -39
210 -53
211 -49
212 23
213 34
214 83
215 46
216 22
217 -72
218 -94
219 -77
220 32
221 -57
222 46
223 23
224 38
225 42
226 -50
227 -14
228 -94
229 -67
230 78
231 34
232 50
233 52
234 82
235 -20
236 18
237 13
238 99
239 98
240 81
241 -2
242 89
243 94
244 81
245 4
246 -28
247 14
248 68
249 25
250 -12
251 45
252 45
253 -73
254 60
255 72
256 -73
257 -61
258 -68
259 -74
260 -21
261 16
262 77
263 78
264 -85
265 38
266 -96
267 6
268 5
269 42
270 82
271 10
272 -68
273 -82
274 45
275 -47
276 11
277 -44
278 -53
279 35
280 -5
281 41
282 -18
283 73
284 37
285 1
286 -69
287 72
288 -45
289 31
290 13
291 95
292 -6
293 -58
294 66
295 -53
296 78
297 59
298 -40
299 -67
300 -77
301 -86
302 -65
303 98
304 55
305 11
306 -98
307 48
308 -32
309 -10
310 -50
311 15
312 57
313 -34
314 43
315 18
316 69
317 76
318 -40
319 -46
320 -79
321 -32
322 -49
323 85
324 -43
325 12
326 50
327 68
328 -29
329 36
330 56
331 -17
332 93
333 -11
334 -79
335 37
336 64
337 23
338 -98
339 -62
340 -86
341 -59
342 96
343 -39
344 -33
345 -42
346 -52
347 -46
348 -9
349 85
350 -94
351 26
352 -3
353 9
354 -54
355 -98
356 -9
357 -98
358 -88
359 18
360 -1
361 -40
362 -6
363 -37
364 -75
365 -17
366 44
367 6
368 66
369 39
370 27
371 90
372 43
373 45
374 -5
375 39
376 92
377 -9
378 -63
379 94
380 31
381 88
382 73
383 63
384 58
385 39
386 97
387 75
388 -54
389 18
390 14
391 -2
392 -79
393 -93
394 -100
395 80
396 -93
397 61
398 4
399 -89
400 -54
401 22
402 39
403 97
404 52
405 -6
406 -53
407 -35
408 55
409 52
410 27
411 76
412 -92
413 35
414 -51
415 29
416 -53
417 20
418 -73
419 -33
420 76
421 -51
422 64
423 -93
424 24
425 72
426 71
427 -36
428 -40
429 -54
430 45
431 41
432 98
433 22
434 -91
435 -87
436 84
437 43
438 100
439 -62
440 -24
441 16
442 74
443 47
444 3
445 -72
446 -11
447 14
448 -89
449 -5
450 22
451 -1
452 76
453 -85
454 0
455 32
456 -1
457 42
458 38
459 78
460 60
461 -69
462 -50
463 61
464 43
465 -72
466 52
467 31
468 7
469 -62
470 -82
471 6
472 88
473 95
474 26
475 -37
476 -2
477 81
478 73
479 -49
480 -68
481 -71
482 -21
483 88
484 -36
485 33
486 5
487 32
488 -91
489 -42
490 75
491 29
492 -14
493 30
494 5
495 100
496 73
497 47
498 -8
499 6
500 -5
501 35
502 50
503 -85
504 48
505 42
506 90
507 90
508 97
509 43
510 -17
511 56
512 58
513 28
514 43
515 25
516 97
517 -66
518 -56
519 -95
520 92
521 71
522 -98
523 -76
524 35
525 57
526 97
527 80
528 43
529 -77
530 39
531 80
532 58
533 86
534 8
535 -84
536 -19
537 2
538 16
539 3
540 44
541 -41
542 -82
543 -39
544 83
545 -5
546 52
547 68
548 -11
549 65
550 -76
551 76
552 -88
553 14
554 42
555 -44
556 51
557 68
558 -78
559 -24
560 21
561 15
562 52
563 39
564 72
565 -62
566 13
567 45
568 -39
569 -78
570 39
571 -50
572 67
573 23
574 35
575 3
576 -57
577 23
578 11
579 77
580 25
581 -98
582 83
583 -68
584 82
585 -59
586 11
587 52
588 -87
589 80
590 -47
591 78
592 49
593 65
594 71
595 24
596 43
597 19
598 -46
599 -38
600 -98
601 23
602 74
603 95
604 8
605 -2
606 41
607 76
608 90
609 -47
610 -84
611 57
612 96
613 -25
614 -19
615 -9
616 41
617 100
618 -59
619 63
620 -28
621 -80
622 79
623 -92
624 11
625 5
626 -61
627 40
628 5
629 43
630 -2
631 -64
632 -13
633 12
634 -24
635 -76
636 68
637 -95
638 81
639 32
640 30
641 35
642 53
643 72
644 95
645 -92
646 -90
647 82
648 44
649 -29
650 22
651 -87
652 -92
653 44
654 -3
655 -41
656 -19
657 -60
658 -31
659 -11
660 -70
661 -87
662 1
663 9
664 -13
665 -55
666 -62
667 -38
668 -34
669 68
670 -69
671 -6
672 41
673 -94
674 -26
675 -65
676 30
677 79
678 -57
679 92
680 69
681 2
682 56
683 -85
684 -45
685 -5
686 37
687 52
688 44
689 42
690 34
691 -29
692 -42
693 80
694 39
695 -67
696 24
697 -57
698 -82
699 50
700 80
701 92
702 26
703 -2
704 12
705 -99
706 -28
707 42
708 -68
709 73
710 -29
711 81
712 17
713 -29
714 -95
715 66
716 -39
717 -85
718 -55
719 100
720 -50
721 67
722 -36
723 -45
724 -62
725 43
726 0
727 -92
728 -17
729 17
730 -35
731 -42
732 85
733 34
734 -87
735 6
736 -15
737 21
738 70
739 58
740 -67
741 94
742 54
743 90
744 -74
745 -48
746 -43
747 63
748 26
749 99
750 19
751 -47
752 -9
753 7
754 76
755 35
756 27
757 -86
758 -96
759 10
760 -33
761 39
762 6
763 -84
764 84
765 85
766 -83
767 80
768 -71
769 -7
770 35
771 2
772 -47
773 -16
774 -35
775 87
776 22
777 36
778 -75
779 23
780 -14
781 -8
782 -80
783 30
784 25
785 -74
786 24
787 17
788 13
789 80
790 -41
791 0
792 -72
793 98
794 54
795 39
796 7
797 60
798 -59
799 -97
800 96
801 61
802 -5
803 -53
804 -27
805 62
806 28
807 59
808 -80
809 19
810 -1
811 55
812 -37
813 -6
814 -79
815 23
816 30
817 -91
818 -27
819 -71
820 53
821 -15
822 34
823 -83
824 -9
825 39
826 44
827 47
828 49
829 59
830 91
831 -13
832 44
833 -87
834 54
835 17
836 -38
837 36
838 20
839 -80
840 -90
841 -98
842 -68
843 40
844 -53
845 70
846 85
847 -56
848 77
849 -32
850 -29
851 8
852 57
853 96
854 -79
855 -41
856 51
857 42
858 22
859 6
860 41
861 80
862 99
863 -24
864 12
865 -52
866 43
867 91
868 -89
869 48
870 -7
871 49
872 87
873 20
874 -60
875 33
876 -47
877 -42
878 -83
879 61
880 -8
881 -15
882 39
883 -54
884 3
885 -45
886 -57
887 -31
888 -2
889 78
890 29
891 69
892 80
893 -42
894 66
895 -31
896 30
897 42
898 21
899 2
900 -73
901 9
902 -87
903 -40
904 29
905 -85
906 70
907 43
908 -67
909 63
910 12
911 -67
912 59
913 36
914 75
915 -66
916 90
917 -32
918 78
919 22
920 -68
921 58
922 -8
923 58
924 -50
925 -19
926 72
927 -89
928 -69
929 3
930 4
931 -39
932 90
933 4
934 -2
935 -1
936 -52
937 77
938 15
939 100
940 -71
941 -43
942 -18
943 -79
944 22
945 -88
946 -51
947 -27
948 17
949 -84
950 10
951 -49
952 20
953 55
954 59
955 -42
956 -75
957 26
958 -79
959 25
960 -89
961 -64
962 90
963 50
964 -8
965 78
966 10
967 76
968 -79
969 -75
970 -46
971 17
972 84
973 -77
974 -91
975 -29
976 86
977 -91
978 99
979 87
980 57
981 43
982 -80
983 58
984 71
985 90
986 12
987 81
988 -29
989 42
990 96
991 -75
992 -75
993 55
994 52
995 68
996 -34
997 -68
998 51
999 -86
1000 -35
1001 31
1002 12
1003 92
1004 80
1005 4
1006 25
1007 -11
1008 -7
1009 62
1010 -99
1011 68
1012 58
1013 59
1014 97
1015 68
1016 70
1017 91
1018 47
1019 63
1020 -91
1021 42
1022 64
1023 -88
