0 -68
1 -32
2 45
3 -47
4 19
5 94
6 -97
7 73
8 -34
9 5
10 -42
11 -61
12 67
13 17
14 92
15 -79
16 57
17 -48
18 41
19 67
20 47
21 70
22 -73
23 55
24 -49
25 -38
26 -37
27 -86
28 -97
29 -91
30 -39
31 -42
32 -41
33 53
34 -5
35 37
36 -78
37 -32
38 -44
39 -71
40 -10
41 -99
42 56
43 37
44 -38
45 36
46 -54
47 0
48 42
49 -71
50 -65
51 44
52 -68
53 -95
54 -50
55 -21
56 4
57 19
58 -46
59 42
60 13
61 -18
62 -9
63 -82
64 -30
65 -7
66 54
67 28
68 60
69 -40
70 35
71 -3
72 3
73 84
74 -68
75 -89
76 -33
77 29
78 -48
79 100
80 97
81 86
82 -93
83 -4
84 -81
85 2
86 5
87 -35
88 86
89 -17
90 97
91 88
92 75
93 35
94 17
95 9
96 -81
97 -61
98 97
99 86
100 -99
101 -2
102 64
103 -58
104 53
105 38
106 -96
107 -59
108 99
109 -18
110 -76
111 17
112 -75
113 82
114 56
115 -37
116 -29
117 90
118 -66
119 -59
120 -11
121 -16
122 -96
123 -30
124 52
125 -39
126 15
127 -99
128 81
129 60
130 53
131 38
132 90
133 -46
134 51
135 10
136 37
137 36
138 97
139 60
140 -51
141 0
142 59
143 -60
144 45
145 88
146 51
147 -8
148 -16
149 81
150 -77
151 45
152 30
153 18
154 -41
155 -6
156 -60
157 97
158 -45
159 55
160 36
161 -20
162 -98
163 72
164 -84
165 26
166 -6
167 84
168 -87
169 -38
170 33
171 65
172 5
173 92
174 40
175 20
176 51
177 -95
178 6
179 14
180 39
181 13
182 89
183 -80
184 17
185 81
186 91
187 -21
188 19
189 47
190 37
191 -69
192 -92
193 16
194 95
195 37
196 -30
197 95
198 92
199 -3
200 69
201 77
202 56
203 -67
204 -1
205 -72
206 -50
207 -56
208 26
209 42
210 -35
211 87
212 50
213 -14
214 90
215 2
216 2
217 12
218 -3
219 -47
220 -29
221 -71
222 34
223 59
224 -30
225 -45
226 -96
227 -98
228 -50
229 -73
230 9
231 -15
232 11
233 81
234 30
235 24
236 97
237 1
238 56
239 -65
240 -76
241 -35
242 4
243 42
244 -30
245 77
246 -72
247 38
248 64
249 -95
250 33
251 -58
252 54
253 -99
254 23
255 88
256 52
257 61
258 71
259 17
260 -83
261 -73
262 80
263 77
264 -60
265 30
266 69
267 -95
268 25
269 2
270 -42
271 -80
272 17
273 -56
274 64
275 -15
276 36
277 -40
278 -51
279 -20
280 52
281 -65
282 68
283 39
284 25
285 82
286 -67
287 -35
288 -1
289 60
290 63
291 25
292 -4
293 100
294 -91
295 84
296 15
297 -25
298 -80
299 -76
300 17
301 85
302 -85
303 40
304 -62
305 47
306 46
307 -97
308 -67
309 39
310 -69
311 -17
312 32
313 9
314 -8
315 12
316 75
317 -12
318 34
319 -60
320 84
321 93
322 63
323 29
324 77
325 -98
326 -46
327 -71
328 42
329 -90
330 -54
331 66
332 -46
333 30
334 71
335 95
336 -91
337 95
338 -50
339 -74
340 -27
341 82
342 -37
343 66
344 85
345 -35
346 42
347 91
348 35
349 -100
350 -94
351 11
352 24
353 97
354 -26
355 -5
356 -28
357 33
358 -55
359 -53
360 25
361 91
362 -6
363 -59
364 -69
365 26
366 79
367 -85
368 67
369 61
370 65
371 14
372 -7
373 3
374 -10
375 90
376 -77
377 -2
378 -96
379 32
380 18
381 80
382 -70
383 -1
384 -26
385 28
386 -38
387 -18
388 -54
389 22
390 -28
391 -52
392 6
393 -81
394 94
395 56
396 -31
397 -53
398 -29
399 -36
400 -35
401 1
402 -58
403 35
404 -22
405 -32
406 -35
407 41
408 -19
409 56
410 12
411 -17
412 25
413 -77
414 21
415 96
416 -41
417 -51
418 27
419 -76
420 91
421 -24
422 -48
423 -69
424 32
425 -42
426 6
427 48
428 -25
429 -31
430 -85
431 60
432 -28
433 -75
434 74
435 98
436 -59
437 -4
438 59
439 -3
440 -23
441 41
442 63
443 -42
444 76
445 -2
446 97
447 -27
448 10
449 74
450 65
451 -22
452 23
453 -73
454 60
455 -26
456 43
457 97
458 -13
459 -49
460 -8
461 -78
462 44
463 -20
464 -53
465 64
466 -61
467 -40
468 54
469 10
470 4
471 36
472 83
473 -70
474 97
475 -80
476 -4
477 35
478 75
479 92
480 -95
481 -28
482 -23
483 -60
484 -90
485 44
486 -1
487 15
488 -63
489 44
490 79
491 -43
492 -37
493 -35
494 83
495 -43
496 -89
497 -51
498 20
499 77
500 68
501 91
502 -52
503 -69
504 34
505 -77
506 -56
507 3
508 48
509 39
510 -23
511 2
512 -26
513 6
514 -58
515 74
516 -4
517 83
518 -55
519 -95
520 -6
521 -64
522 83
523 -40
524 -49
525 -88
526 16
527 -90
528 37
529 29
530 57
531 77
532 88
533 37
534 -60
535 30
536 64
537 -58
538 16
539 -45
540 29
541 -94
542 -98
543 8
544 67
545 49
546 -49
547 -17
548 82
549 2
550 -17
551 82
552 50
553 -50
554 -20
555 -97
556 -69
557 -21
558 8
559 72
560 22
561 83
562 9
563 -48
564 65
565 -18
566 -11
567 -15
568 28
569 15
570 -39
571 -72
572 -49
573 -28
574 -69
575 -95
576 -12
577 -83
578 33
579 68
580 -100
581 -55
582 -69
583 -55
584 -21
585 43
586 -3
587 76
588 82
589 81
590 -75
591 47
592 -8
593 -51
594 72
595 -86
596 -52
597 30
598 -3
599 72
600 -28
601 -12
602 -63
603 62
604 65
605 67
606 -77
607 13
608 -94
609 84
610 -72
611 -95
612 -75
613 4
614 4
615 26
616 82
617 -84
618 76
619 29
620 -36
621 -14
622 -7
623 67
624 19
625 -63
626 -96
627 -1
628 54
629 -28
630 -30
631 -1
632 43
633 1
634 90
635 -68
636 78
637 -81
638 93
639 -86
640 18
641 -85
642 -42
643 -73
644 11
645 -82
646 100
647 -88
648 -16
649 -4
650 -8
651 -83
652 -83
653 -98
654 -10
655 91
656 -55
657 66
658 -47
659 40
660 -98
661 -21
662 -42
663 5
664 -25
665 60
666 -73
667 54
668 37
669 7
670 -43
671 26
672 2
673 -78
674 57
675 -63
676 -33
677 11
678 98
679 22
680 -16
681 -7
682 -81
683 -29
684 21
685 54
686 -93
687 -97
688 -75
689 -41
690 7
691 15
692 -56
693 -73
694 5
695 -33
696 5
697 84
698 2
699 -64
700 35
701 -98
702 52
703 75
704 21
705 9
706 75
707 50
708 88
709 -50
710 -80
711 25
712 90
713 -20
714 -34
715 -52
716 -39
717 -30
718 -96
719 -53
720 71
721 56
722 -15
723 -56
724 86
725 50
726 82
727 -64
728 63
729 -91
730 -77
731 -15
732 41
733 -73
734 -18
735 -75
736 -78
737 91
738 -30
739 -38
740 -72
741 59
742 93
743 -34
744 -77
745 87
746 4
747 -15
748 -93
749 -96
750 -14
751 -33
752 90
753 31
754 11
755 -26
756 50
757 46
758 65
759 -59
760 -82
761 -96
762 4
763 -31
764 45
765 58
766 77
767 30
768 -43
769 -78
770 -12
771 -89
772 -43
773 -34
774 -78
775 -19
776 -52
777 36
778 -29
779 -45
780 -9
781 -41
782 73
783 40
784 -41
785 12
786 84
787 -82
788 92
789 -20
790 -64
791 -64
792 -61
793 -19
794 30
795 -91
796 84
797 6
798 -92
799 -92
800 64
801 -25
802 -98
803 61
804 86
805 -97
806 2
807 35
808 -27
809 -42
810 -45
811 -73
812 -35
813 55
814 74
815 -60
816 2
817 79
818 20
819 -22
820 23
821 -83
822 27
823 -79
824 15
825 -18
826 81
827 82
828 -61
829 84
830 -72
831 -20
832 -68
833 -66
834 27
835 -46
836 67
837 -61
838 -91
839 -68
840 73
841 -90
842 -82
843 34
844 91
845 62
846 -93
847 -8
848 -1
849 -19
850 19
851 64
852 -88
853 -58
854 -95
855 96
856 -22
857 -40
858 17
859 38
860 -66
861 -80
862 47
863 7
864 -81
865 -18
866 -76
867 81
868 52
869 -63
870 72
871 55
872 -79
873 -9
874 -97
875 79
876 64
877 -93
878 -21
879 63
880 61
881 -8
882 22
883 61
884 -26
885 -33
886 4
887 -96
888 68
889 94
890 -89
891 -79
892 -53
893 -59
894 -42
895 -34
896 91
897 68
898 -48
899 10
900 -17
901 -64
902 93
903 96
904 18
905 72
906 66
907 95
908 99
909 58
910 90
911 -30
912 97
913 54
914 87
915 -64
916 33
917 -90
918 -78
919 17
920 66
921 -91
922 34
923 85
924 11
925 -26
926 -4
927 -32
928 46
929 62
930 21
931 71
932 19
933 -31
934 38
935 -34
936 11
937 42
938 73
939 -68
940 -3
941 67
942 71
943 -31
944 -52
945 -21
946 49
947 -43
948 81
949 14
950 86
951 -53
952 46
953 50
954 89
955 32
956 -100
957 -44
958 -71
959 34
960 -66
961 -88
962 -47
963 -20
964 90
965 -32
966 -76
967 45
968 6
969 95
970 -59
971 -48
972 -93
973 77
974 -24
975 11
976 55
977 -70
978 70
979 -97
980 32
981 15
982 -83
983 42
984 81
985 36
986 11
987 62
988 18
989 90
990 -73
991 30
992 55
993 33
994 22
995 -55
996 -89
997 10
998 82
999 -76
1000 90
1001 32
1002 79
1003 -71
1004 93
1005 -80
1006 -40
1007 88
1008 12
1009 -92
1010 -100
1011 -81
1012 57
1013 44
1014 45
1015 97
1016 -23
1017 -71
1018 17
1019 -33
1020 32
1021 -88
1022 14
1023 13
