0 51
1 -39
2 48
3 -54
4 -74
5 12
6 -19
7 -88
8 63
9 8
10 -87
11 -88
12 -86
13 82
14 -34
15 35
16 -93
17 41
18 -32
19 -9
20 -55
21 60
22 33
23 8
24 -100
25 -28
26 -60
27 69
28 -34
29 -18
30 -67
31 98
32 16
33 94
34 4
35 32
36 88
37 71
38 -82
39 62
40 99
41 4
42 76
43 52
44 24
45 46
46 -16
47 -85
48 -100
49 -57
50 33
51 -25
52 59
53 11
54 -56
55 -39
56 59
57 95
58 14
59 62
60 -60
61 44
62 74
63 20
64 85
65 -28
66 49
67 70
68 -16
69 63
70 36
71 36
72 88
73 41
74 -41
75 92
76 0
77 15
78 -59
79 -78
80 100
81 -73
82 69
83 35
84 -6
85 56
86 20
87 6
88 -47
89 19
90 59
91 -97
92 -50
93 -46
94 54
95 57
96 -90
97 38
98 76
99 23
100 87
101 -59
102 24
103 -73
104 -20
105 -28
106 -75
107 -77
108 21
109 -80
110 -34
111 47
112 78
113 -76
114 58
115 -58
116 25
117 -94
118 79
119 -67
120 99
121 47
122 92
123 -78
124 -83
125 -90
126 -41
127 -51
128 -35
129 68
130 65
131 -26
132 20
133 28
134 56
135 -44
136 -20
137 -2
138 -76
139 -18
140 -6
141 61
142 -97
143 13
144 -92
145 -67
146 -81
147 75
148 45
149 -99
150 46
151 18
152 1
153 39
154 86
155 -83
156 42
157 33
158 -40
159 51
160 -5
161 -4
162 6
163 -64
164 -4
165 -12
166 1
167 -18
168 -20
169 -51
170 -49
171 6
172 -39
173 -42
174 76
175 33
176 87
177 -17
178 96
179 -89
180 52
181 -98
182 35
183 96
184 -61
185 71
186 -52
187 -8
188 -32
189 -5
190 29
191 -58
192 -80
193 -92
194 -91
195 -41
196 -41
197 -53
198 91
199 -49
200 47
201 59
202 -12
203 -87
204 25
205 46
206 93
207 -22
208 -13
209 -7
210 17
211 -6
212 -1
213 83
214 65
215 -54
216 -17
217 -72
218 64
219 97
220 -98
221 -8
222 51
223 8
224 -50
225 -23
226 -58
227 -2
228 -48
229 -78
230 41
231 86
232 63
233 83
234 -38
235 -65
236 12
237 62
238 95
239 -61
240 42
241 -56
242 -99
243 41
244 49
245 30
246 95
247 -68
248 -31
249 13
250 70
251 -83
252 -10
253 -88
254 58
255 66
256 64
257 67
258 -95
259 29
260 -78
261 -23
262 -90
263 65
264 -43
265 29
266 23
267 -93
268 36
269 11
270 -73
271 44
272 -93
273 -36
274 97
275 -26
276 65
277 -22
278 27
279 5
280 -41
281 42
282 96
283 84
284 -94
285 38
286 93
287 -49
288 -50
289 72
290 -77
291 -63
292 94
293 7
294 10
295 61
296 88
297 48
298 40
299 -6
300 10
301 96
302 18
303 32
304 -39
305 -65
306 -40
307 58
308 -91
309 33
310 -33
311 -76
312 -77
313 -36
314 69
315 77
316 -85
317 -80
318 8
319 -13
320 26
321 44
322 -41
323 46
324 77
325 2
326 -57
327 -55
328 -44
329 -62
330 -69
331 56
332 65
333 -18
334 31
335 43
336 63
337 88
338 -63
339 83
340 -65
341 -73
342 41
343 53
344 36
345 -82
346 14
347 38
348 42
349 13
350 40
351 78
352 85
353 26
354 9
355 -26
356 49
357 -9
358 2
359 -65
360 46
361 -36
362 76
363 51
364 13
365 56
366 40
367 -86
368 -20
369 99
370 -31
371 30
372 -53
373 -47
374 -35
375 -89
376 7
377 96
378 -91
379 -63
380 92
381 -26
382 53
383 47
384 6
385 79
386 -95
387 -28
388 -98
389 42
390 -70
391 98
392 89
393 64
394 68
395 34
396 42
397 -26
398 92
399 37
400 9
401 57
402 96
403 92
404 -17
405 49
406 -83
407 41
408 -69
409 -30
410 0
411 -78
412 80
413 67
414 85
415 -36
416 20
417 -46
418 62
419 7
420 49
421 -46
422 36
423 -65
424 -60
425 -40
426 71
427 55
428 25
429 -6
430 -62
431 28
432 -59
433 78
434 -47
435 -62
436 100
437 -92
438 -30
439 -85
440 24
441 84
442 86
443 53
444 -58
445 94
446 98
447 -58
448 39
449 59
450 -25
451 -63
452 87
453 99
454 29
455 -81
456 -26
457 -42
458 82
459 -71
460 90
461 -71
462 75
463 57
464 -93
465 21
466 -60
467 77
468 48
469 -89
470 82
471 29
472 67
473 -39
474 73
475 24
476 -3
477 -5
478 -69
479 -87
480 -68
481 69
482 58
483 -49
484 -95
485 -15
486 41
487 -43
488 5
489 -37
490 -3
491 -10
492 88
493 -24
494 40
495 76
496 84
497 -73
498 -84
499 -56
500 75
501 -55
502 67
503 -38
504 -14
505 86
506 -68
507 -85
508 -2
509 -55
510 7
511 49
512 -75
513 -9
514 80
515 -92
516 -3
517 -94
518 36
519 -16
520 -43
521 4
522 -66
523 60
524 56
525 -57
526 20
527 14
528 46
529 24
530 -64
531 -30
532 69
533 -10
534 -80
535 76
536 95
537 -49
538 -14
539 10
540 -11
541 59
542 52
543 -17
544 53
545 53
546 93
547 50
548 56
549 -4
550 -39
551 72
552 -12
553 -92
554 56
555 -31
556 -41
557 -67
558 34
559 -10
560 -56
561 -29
562 29
563 -27
564 -11
565 29
566 48
567 16
568 -36
569 -7
570 94
571 29
572 11
573 26
574 -32
575 70
576 30
577 -82
578 -12
579 71
580 82
581 -87
582 77
583 -97
584 -52
585 -43
586 -77
587 -35
588 -49
589 -93
590 -76
591 -34
592 -57
593 -47
594 47
595 -52
596 -58
597 10
598 -4
599 -3
600 -93
601 62
602 35
603 28
604 -12
605 -2
606 -26
607 -96
608 -25
609 49
610 83
611 -34
612 -27
613 -84
614 62
615 -77
616 -33
617 93
618 -8
619 37
620 -65
621 -51
622 43
623 -71
624 -41
625 12
626 -11
627 11
628 -57
629 -4
630 16
631 -71
632 23
633 -33
634 -45
635 -70
636 -28
637 -4
638 -5
639 86
640 -68
641 -43
642 -60
643 52
644 81
645 63
646 55
647 -21
648 65
649 57
650 -44
651 -46
652 4
653 -82
654 1
655 -46
656 -60
657 -28
658 -14
659 -62
660 83
661 -47
662 19
663 -16
664 86
665 81
666 -90
667 -98
668 59
669 -97
670 -65
671 -9
672 59
673 -68
674 -47
675 -65
676 15
677 -64
678 15
679 30
680 -9
681 64
682 82
683 -80
684 -88
685 87
686 -22
687 -51
688 -29
689 58
690 39
691 -29
692 -38
693 12
694 -58
695 28
696 -10
697 -13
698 -23
699 60
700 80
701 -87
702 -2
703 -97
704 -72
705 43
706 47
707 -72
708 63
709 -87
710 -24
711 -7
712 -35
713 -8
714 14
715 67
716 -57
717 53
718 46
719 48
720 21
721 -91
722 57
723 -34
724 64
725 26
726 -13
727 -50
728 -95
729 1
730 -61
731 -56
732 -8
733 90
734 -15
735 -72
736 21
737 8
738 -4
739 89
740 12
741 -18
742 39
743 24
744 -35
745 100
746 -47
747 70
748 -30
749 -35
750 -15
751 96
752 62
753 100
754 -85
755 11
756 17
757 42
758 79
759 -97
760 49
761 31
762 29
763 11
764 -58
765 -42
766 69
767 49
768 15
769 -67
770 54
771 -89
772 53
773 -3
774 -77
775 -99
776 50
777 6
778 58
779 -22
780 -71
781 -52
782 64
783 10
784 95
785 79
786 16
787 -1
788 -93
789 -97
790 55
791 26
792 -22
793 -13
794 33
795 -83
796 -21
797 -22
798 68
799 -39
800 -36
801 97
802 -18
803 53
804 84
805 51
806 39
807 47
808 -60
809 -61
810 93
811 -23
812 96
813 32
814 -73
815 -88
816 -79
817 62
818 -33
819 -35
820 -13
821 -17
822 -31
823 49
824 -7
825 -95
826 -30
827 33
828 -94
829 -86
830 -32
831 -15
832 -22
833 -32
834 -97
835 -8
836 17
837 31
838 -66
839 -27
840 -12
841 28
842 15
843 -53
844 -67
845 -86
846 61
847 45
848 54
849 -53
850 49
851 81
852 49
853 -41
854 -50
855 44
856 -92
857 22
858 -8
859 -37
860 -82
861 44
862 27
863 -85
864 -68
865 -33
866 -4
867 -94
868 21
869 99
870 -42
871 77
872 -99
873 9
874 -86
875 66
876 45
877 69
878 -97
879 -92
880 -88
881 -7
882 57
883 86
884 -76
885 10
886 -98
887 -13
888 92
889 -38
890 1
891 -78
892 -81
893 86
894 -96
895 -6
896 -49
897 -12
898 -4
899 15
900 -13
901 -38
902 -82
903 -3
904 37
905 61
906 38
907 16
908 -99
909 -81
910 44
911 -4
912 39
913 64
914 24
915 -59
916 36
917 98
918 83
919 12
920 47
921 56
922 -89
923 -19
924 38
925 100
926 52
927 20
928 -67
929 -83
930 35
931 -93
932 -62
933 10
934 11
935 -68
936 -19
937 -72
938 -99
939 59
940 74
941 -36
942 85
943 14
944 -84
945 -25
946 -67
947 -18
948 70
949 -96
950 -74
951 -25
952 -2
953 58
954 82
955 -100
956 -85
957 -21
958 -92
959 -100
960 2
961 74
962 -53
963 -100
964 -67
965 72
966 3
967 58
968 -83
969 92
970 -71
971 -18
972 -6
973 30
974 -25
975 77
976 64
977 54
978 -4
979 15
980 5
981 84
982 -46
983 20
984 99
985 -14
986 -36
987 -60
988 -54
989 21
990 78
991 89
992 -74
993 9
994 68
995 -38
996 80
997 11
998 90
999 -99
1000 -90
1001 66
1002 -97
1003 -4
1004 92
1005 45
1006 -20
1007 39
1008 -40
1009 72
1010 -14
1011 -56
1012 1
1013 81
1014 63
1015 19
1016 -47
1017 36
1018 62
1019 -59
1020 82
1021 83
1022 47
1023 41
