0 -14
1 -37
2 65
3 -36
4 -14
5 -97
6 -95
7 -51
8 -8
9 76
10 37
11 94
12 95
13 -23
14 -41
15 70
16 -100
17 -72
18 -56
19 -16
20 85
21 -42
22 -66
23 30
24 70
25 -97
26 28
27 20
28 43
29 26
30 -10
31 -92
32 43
33 12
34 12
35 16
36 -85
37 -2
38 -58
39 89
40 10
41 50
42 -32
43 -87
44 -11
45 42
46 -95
47 -67
48 -5
49 57
50 -67
51 -10
52 -78
53 30
54 -92
55 -27
56 2
57 -71
58 -13
59 27
60 12
61 -56
62 78
63 -95
64 -6
65 -85
66 -68
67 -97
68 56
69 31
70 4
71 -31
72 68
73 -66
74 -42
75 -49
76 -65
77 -87
78 12
79 36
80 74
81 27
82 -89
83 -21
84 -21
85 -1
86 28
87 -85
88 16
89 -17
90 45
91 35
92 -96
93 -4
94 98
95 7
96 -17
97 -88
98 -5
99 40
100 97
101 13
102 8
103 -42
104 83
105 6
106 -14
107 89
108 39
109 9
110 -84
111 -48
112 86
113 88
114 92
115 5
116 27
117 -13
118 -11
119 34
120 -61
121 -56
122 -55
123 11
124 -13
125 -90
126 22
127 -83
128 -60
129 -40
130 80
131 58
132 -36
133 68
134 -55
135 -8
136 -30
137 -85
138 -9
139 66
140 66
141 -95
142 -2
143 -96
144 4
145 76
146 88
147 -35
148 -40
149 34
150 72
151 -53
152 -13
153 -36
154 87
155 85
156 11
157 4
158 -54
159 -5
160 -21
161 32
162 89
163 71
164 -22
165 -36
166 25
167 -24
168 33
169 -9
170 68
171 44
172 -22
173 -85
174 15
175 78
176 -26
177 42
178 -13
179 -87
180 78
181 -61
182 -84
183 -53
184 94
185 -68
186 -45
187 -72
188 -94
189 -74
190 55
191 -11
192 -54
193 66
194 -58
195 -81
196 77
197 -26
198 88
199 -12
200 -70
201 -41
202 -61
203 21
204 -74
205 46
206 21
207 -28
208 86
209 76
210 -99
211 90
212 39
213 -96
214 -7
215 34
216 -52
217 66
218 -52
219 -90
220 28
221 -100
222 34
223 84
224 54
225 -17
226 85
227 -99
228 59
229 48
230 55
231 -62
232 47
233 -2
234 29
235 -89
236 -70
237 -74
238 30
239 82
240 -34
241 60
242 -56
243 35
244 -18
245 -30
246 27
247 -24
248 -26
249 37
250 -93
251 -90
252 27
253 -93
254 20
255 -30
256 -18
257 17
258 66
259 -17
260 -25
261 3
262 9
263 -80
264 5
265 -71
266 24
267 -57
268 -51
269 25
270 47
271 60
272 58
273 76
274 95
275 55
276 -62
277 13
278 -10
279 -9
280 -3
281 51
282 -88
283 -66
284 -24
285 61
286 74
287 -6
288 84
289 38
290 46
291 -27
292 25
293 18
294 -16
295 56
296 54
297 -14
298 82
299 64
300 18
301 89
302 85
303 68
304 -34
305 -89
306 -73
307 36
308 11
309 19
310 -64
311 -15
312 -64
313 60
314 70
315 -86
316 -84
317 -60
318 31
319 -73
320 19
321 -75
322 92
323 83
324 -5
325 74
326 98
327 0
328 90
329 -57
330 11
331 49
332 -34
333 86
334 65
335 9
336 100
337 -12
338 -80
339 17
340 95
341 87
342 25
343 47
344 53
345 -49
346 -94
347 -35
348 63
349 -99
350 45
351 -78
352 -68
353 -67
354 -3
355 83
356 -36
357 55
358 -25
359 -49
360 -39
361 66
362 78
363 23
364 40
365 -86
366 -72
367 2
368 9
369 76
370 -57
371 76
372 75
373 11
374 47
375 -47
376 73
377 -18
378 -23
379 -38
380 -43
381 50
382 -62
383 86
384 -29
385 -72
386 58
387 -70
388 33
389 -5
390 62
391 -1
392 3
393 90
394 -88
395 -94
396 -39
397 92
398 49
399 -74
400 74
401 -53
402 -50
403 12
404 -100
405 -38
406 56
407 -51
408 -42
409 -57
410 96
411 -86
412 -22
413 98
414 29
415 -2
416 -16
417 -86
418 65
419 -22
420 -1
421 87
422 74
423 -80
424 17
425 65
426 59
427 2
428 9
429 -67
430 -8
431 70
432 13
433 94
434 -83
435 -47
436 32
437 -78
438 -82
439 -100
440 76
441 46
442 27
443 40
444 32
445 -13
446 75
447 -56
448 30
449 -69
450 85
451 -92
452 -48
453 32
454 98
455 -26
456 69
457 -90
458 -80
459 -49
460 27
461 -93
462 56
463 34
464 -52
465 -69
466 14
467 -3
468 12
469 -94
470 -83
471 -99
472 -40
473 -82
474 -19
475 -85
476 56
477 40
478 -77
479 49
480 -68
481 19
482 -62
483 -8
484 -98
485 -93
486 96
487 -66
488 -15
489 37
490 16
491 -98
492 -31
493 -11
494 74
495 36
496 -59
497 23
498 -29
499 90
500 94
501 83
502 34
503 13
504 44
505 -19
506 47
507 -4
508 -49
509 58
510 91
511 23
512 -4
513 -70
514 26
515 -13
516 26
517 -69
518 73
519 -4
520 39
521 -63
522 -98
523 -6
524 -62
525 -75
526 -73
527 19
528 -14
529 3
530 -88
531 95
532 57
533 -26
534 27
535 85
536 -14
537 -9
538 -82
539 54
540 -48
541 -10
542 -22
543 -15
544 -82
545 -29
546 31
547 -85
548 88
549 72
550 -9
551 1
552 -83
553 24
554 -5
555 56
556 -56
557 -91
558 -20
559 -80
560 97
561 -49
562 -3
563 -55
564 -50
565 -85
566 20
567 68
568 -15
569 -93
570 -58
571 73
572 82
573 -65
574 42
575 -64
576 -95
577 20
578 -57
579 -43
580 -9
581 38
582 -39
583 -46
584 51
585 -67
586 -48
587 -77
588 11
589 58
590 22
591 -10
592 66
593 97
594 -85
595 -53
596 95
597 11
598 70
599 1
600 -9
601 86
602 40
603 -100
604 -17
605 -27
606 98
607 -66
608 -36
609 89
610 -30
611 -31
612 -10
613 64
614 -77
615 -24
616 -91
617 -33
618 44
619 88
620 85
621 -75
622 86
623 -42
624 16
625 77
626 -69
627 67
628 -19
629 -75
630 -24
631 95
632 -98
633 -85
634 40
635 5
636 33
637 27
638 25
639 -58
640 -76
641 5
642 16
643 -67
644 -26
645 -46
646 -96
647 -100
648 -51
649 37
650 63
651 -99
652 -32
653 33
654 43
655 15
656 -51
657 -46
658 -14
659 -19
660 -14
661 38
662 -25
663 81
664 -9
665 86
666 85
667 22
668 96
669 19
670 100
671 73
672 87
673 -94
674 50
675 -32
676 91
677 23
678 -25
679 73
680 68
681 76
682 -87
683 68
684 12
685 -31
686 -60
687 -36
688 64
689 11
690 -83
691 -85
692 58
693 -75
694 78
695 13
696 -30
697 -3
698 52
699 -2
700 71
701 28
702 45
703 -8
704 17
705 74
706 76
707 57
708 2
709 23
710 50
711 1
712 -37
713 -53
714 68
715 68
716 55
717 -53
718 68
719 -42
720 80
721 -53
722 63
723 70
724 -31
725 -56
726 62
727 96
728 92
729 -65
730 55
731 13
732 10
733 49
734 37
735 -22
736 -67
737 92
738 56
739 80
740 -39
741 -45
742 -63
743 -14
744 -28
745 -69
746 10
747 49
748 -33
749 31
750 -80
751 65
752 -4
753 -98
754 -69
755 -7
756 -70
757 -77
758 13
759 54
760 94
761 -26
762 48
763 90
764 15
765 80
766 -4
767 63
768 16
769 62
770 69
771 -64
772 -21
773 -22
774 34
775 20
776 -61
777 61
778 -49
779 -29
780 89
781 4
782 -71
783 -55
784 -33
785 -68
786 37
787 -84
788 10
789 -63
790 -79
791 -23
792 -48
793 4
794 -21
795 -68
796 31
797 -71
798 -2
799 86
800 -82
801 -96
802 -99
803 -51
804 85
805 -4
806 -70
807 17
808 -46
809 -22
810 80
811 -51
812 -61
813 -65
814 -98
815 21
816 -16
817 -55
818 -64
819 3
820 -57
821 38
822 -93
823 2
824 -59
825 -81
826 31
827 82
828 46
829 45
830 -67
831 16
832 14
833 -70
834 82
835 40
836 76
837 74
838 80
839 60
840 -6
841 -1
842 -97
843 45
844 -33
845 -77
846 -13
847 71
848 -33
849 11
850 37
851 -74
852 14
853 -77
854 50
855 -19
856 -94
857 94
858 -4
859 -14
860 60
861 -72
862 -13
863 -32
864 18
865 84
866 72
867 23
868 -45
869 51
870 40
871 -7
872 -98
873 -48
874 88
875 -29
876 -26
877 -36
878 62
879 87
880 89
881 4
882 -4
883 -3
884 48
885 -69
886 70
887 -30
888 -86
889 -18
890 24
891 -14
892 -23
893 24
894 40
895 69
896 -46
897 -50
898 12
899 28
900 -92
901 25
902 -13
903 -47
904 55
905 88
906 91
907 -95
908 -53
909 92
910 -20
911 30
912 -44
913 18
914 17
915 -24
916 29
917 55
918 -36
919 -35
920 -69
921 10
922 -99
923 -40
924 82
925 -44
926 89
927 -33
928 -29
929 -59
930 -3
931 -77
932 75
933 -70
934 0
935 -32
936 -78
937 34
938 -24
939 -95
940 2
941 -71
942 47
943 -21
944 99
945 -18
946 -41
947 -53
948 60
949 -79
950 -90
951 -90
952 75
953 86
954 -74
955 -96
956 69
957 87
958 -90
959 -84
960 -47
961 -39
962 -78
963 -82
964 -33
965 -3
966 46
967 92
968 11
969 2
970 -96
971 80
972 55
973 -12
974 -11
975 -39
976 19
977 -74
978 -62
979 1
980 -39
981 -48
982 -46
983 98
984 -78
985 -16
986 -75
987 11
988 95
989 -8
990 -48
991 -30
992 -68
993 50
994 96
995 72
996 -79
997 -37
998 61
999 -68
1000 7
1001 84
1002 -2
1003 -18
1004 -98
1005 87
1006 6
1007 36
1008 96
1009 -40
1010 -20
1011 -17
1012 -66
1013 50
1014 -66
1015 -23
1016 41
1017 -10
1018 58
1019 80
1020 -59
1021 13
1022 -33
1023 68
