0 -48
1 -94
2 4
3 90
4 -95
5 -96
6 -68
7 88
8 38
9 91
10 29
11 -8
12 -4
13 26
14 20
15 33
16 62
17 21
18 32
19 81
20 -46
21 -30
22 5
23 65
24 -8
25 -6
26 89
27 -38
28 -33
29 59
30 25
31 72
32 -73
33 72
34 19
35 -80
36 54
37 -77
38 -24
39 73
40 77
41 -94
42 -78
43 -79
44 -90
45 63
46 -2
47 97
48 -53
49 -66
50 48
51 -72
52 60
53 54
54 92
55 -53
56 -95
57 -37
58 25
59 -86
60 -8
61 -74
62 63
63 -27
64 -12
65 11
66 69
67 -28
68 57
69 35
70 -55
71 -10
72 34
73 66
74 51
75 6
76 98
77 95
78 -75
79 -87
80 -69
81 52
82 -27
83 -11
84 -69
85 -79
86 64
87 53
88 -3
89 98
90 13
91 69
92 75
93 -43
94 -8
95 -56
96 14
97 -85
98 90
99 11
100 -57
101 84
102 -82
103 -90
104 -3
105 37
106 71
107 64
108 54
109 -25
110 54
111 -64
112 -40
113 -49
114 -37
115 -13
116 -64
117 59
118 98
119 56
120 56
121 -61
122 -44
123 -81
124 71
125 32
126 -16
127 -40
128 39
129 -65
130 -99
131 -87
132 -86
133 -82
134 -67
135 -27
136 -71
137 3
138 -59
139 67
140 52
141 85
142 91
143 33
144 24
145 18
146 42
147 70
148 -81
149 47
150 -93
151 33
152 -68
153 -57
154 -33
155 98
156 -38
157 31
158 16
159 10
160 72
161 13
162 92
163 30
164 -81
165 -60
166 10
167 84
168 -99
169 91
170 44
171 -61
172 -41
173 24
174 -20
175 0
176 -52
177 62
178 -46
179 91
180 -31
181 -21
182 32
183 75
184 -67
185 61
186 -87
187 -91
188 -100
189 60
190 -3
191 -39
192 -61
193 76
194 51
195 -46
196 -49
197 84
198 37
199 -17
200 25
201 -55
202 98
203 92
204 -73
205 -71
206 -79
207 -87
208 52
209 25
210 -59
211 93
212 85
213 66
214 -67
215 -10
216 -73
217 71
218 -70
219 41
220 -88
221 -50
222 6
223 -52
224 -6
225 18
226 67
227 10
228 -22
229 -64
230 88
231 22
232 -48
233 -17
234 -89
235 -17
236 0
237 32
238 30
239 89
240 -4
241 95
242 23
243 37
244 -2
245 -37
246 -89
247 -53
248 72
249 41
250 -65
251 59
252 46
253 -20
254 -32
255 -71
256 12
257 63
258 87
259 -9
260 11
261 84
262 -96
263 23
264 -43
265 3
266 2
267 99
268 -71
269 38
270 64
271 -47
272 -40
273 -65
274 -19
275 83
276 -62
277 32
278 8
279 97
280 -84
281 -62
282 -15
283 6
284 57
285 -33
286 -95
287 66
288 22
289 52
290 -87
291 -63
292 -25
293 -7
294 49
295 -81
296 -1
297 -3
298 12
299 -12
300 96
301 14
302 -14
303 -23
304 79
305 -40
306 26
307 49
308 -54
309 76
310 40
311 98
312 5
313 59
314 -85
315 34
316 87
317 50
318 -24
319 -14
320 58
321 38
322 77
323 89
324 -28
325 50
326 -22
327 31
328 83
329 20
330 37
331 -32
332 -95
333 -21
334 -30
335 70
336 -88
337 -56
338 -89
339 40
340 -10
341 -84
342 71
343 -83
344 24
345 100
346 -74
347 2
348 -99
349 -83
350 44
351 94
352 -5
353 -20
354 92
355 -76
356 -64
357 -52
358 20
359 -87
360 34
361 40
362 -81
363 -67
364 -1
365 71
366 -89
367 -79
368 -39
369 3
370 -60
371 99
372 -20
373 -7
374 24
375 29
376 63
377 4
378 -100
379 44
380 62
381 -25
382 12
383 -11
384 -29
385 36
386 74
387 -99
388 62
389 -60
390 -100
391 -63
392 -87
393 -27
394 76
395 -69
396 -62
397 -80
398 -50
399 58
400 62
401 -15
402 77
403 19
404 -12
405 -67
406 -28
407 74
408 41
409 -18
410 8
411 -4
412 -52
413 10
414 71
415 70
416 -54
417 54
418 42
419 -91
420 27
421 32
422 40
423 -48
424 7
425 59
426 -68
427 40
428 85
429 -54
430 24
431 75
432 -11
433 34
434 -74
435 -40
436 17
437 -48
438 -29
439 -59
440 17
441 76
442 -27
443 18
444 -51
445 47
446 16
447 84
448 30
449 5
450 -37
451 -43
452 55
453 73
454 11
455 -39
456 66
457 44
458 100
459 -88
460 30
461 4
462 32
463 36
464 2
465 -41
466 -91
467 62
468 -17
469 -88
470 -75
471 86
472 7
473 -94
474 57
475 94
476 -84
477 -34
478 -67
479 16
480 -41
481 -6
482 -13
483 25
484 -19
485 63
486 71
487 -45
488 -41
489 -60
490 62
491 31
492 -10
493 1
494 -60
495 87
496 5
497 -37
498 55
499 40
500 70
501 -46
502 -78
503 17
504 -16
505 -63
506 -30
507 56
508 -8
509 -19
510 44
511 29
512 52
513 -62
514 -7
515 -28
516 39
517 -56
518 -84
519 87
520 93
521 -2
522 -51
523 100
524 12
525 43
526 61
527 -76
528 -41
529 42
530 -5
531 -44
532 60
533 -38
534 -80
535 5
536 13
537 47
538 -9
539 -50
540 27
541 -34
542 -42
543 72
544 -55
545 5
546 100
547 -13
548 52
549 51
550 -96
551 82
552 -14
553 -73
554 -50
555 -67
556 24
557 83
558 -61
559 -57
560 -54
561 71
562 -20
563 46
564 -3
565 55
566 38
567 82
568 43
569 82
570 1
571 64
572 8
573 -3
574 67
575 60
576 13
577 82
578 76
579 25
580 -80
581 -32
582 51
583 92
584 -22
585 -75
586 20
587 -61
588 -34
589 -55
590 12
591 29
592 -65
593 -12
594 81
595 -41
596 -65
597 -30
598 -13
599 -62
600 -81
601 21
602 -14
603 66
604 -92
605 -39
606 -41
607 -14
608 -74
609 -1
610 25
611 40
612 -24
613 38
614 93
615 -61
616 17
617 -37
618 36
619 -49
620 -35
621 92
622 -68
623 -4
624 -28
625 -34
626 -37
627 -43
628 89
629 -32
630 28
631 -48
632 55
633 -92
634 50
635 -44
636 31
637 -73
638 92
639 9
640 -22
641 -89
642 97
643 -65
644 93
645 7
646 -51
647 26
648 -81
649 -96
650 -3
651 57
652 -12
653 -88
654 75
655 -72
656 23
657 27
658 47
659 -75
660 -4
661 74
662 76
663 -78
664 -73
665 -6
666 -27
667 -26
668 35
669 -20
670 -39
671 -31
672 -19
673 -58
674 17
675 76
676 66
677 16
678 -80
679 50
680 77
681 30
682 22
683 -76
684 -15
685 -24
686 -98
687 95
688 -94
689 98
690 -88
691 -56
692 -79
693 63
694 -45
695 -14
696 26
697 -71
698 61
699 -31
700 -35
701 -95
702 60
703 47
704 13
705 -11
706 100
707 68
708 41
709 28
710 76
711 -2
712 13
713 -69
714 6
715 84
716 -40
717 62
718 -56
719 -35
720 -17
721 69
722 23
723 -78
724 -85
725 92
726 9
727 12
728 40
729 -26
730 71
731 51
732 43
733 -7
734 79
735 80
736 23
737 -53
738 40
739 17
740 91
741 -35
742 -81
743 14
744 -81
745 -49
746 -13
747 3
748 2
749 -96
750 -27
751 -13
752 -11
753 76
754 74
755 -6
756 32
757 62
758 -3
759 -47
760 -27
761 -18
762 -25
763 -16
764 0
765 26
766 74
767 -98
768 -77
769 -63
770 76
771 76
772 -6
773 44
774 58
775 31
776 69
777 -5
778 90
779 -35
780 41
781 -54
782 61
783 45
784 -54
785 74
786 36
787 4
788 -89
789 33
790 37
791 18
792 -1
793 -13
794 46
795 -87
796 -40
797 64
798 -37
799 -5
800 -16
801 58
802 -78
803 -68
804 81
805 -52
806 87
807 29
808 -56
809 -98
810 87
811 77
812 -22
813 -79
814 8
815 -55
816 29
817 100
818 24
819 -13
820 69
821 20
822 -6
823 72
824 75
825 43
826 -87
827 -72
828 86
829 -63
830 3
831 -33
832 -4
833 -81
834 5
835 79
836 -79
837 21
838 -87
839 100
840 -42
841 69
842 -2
843 38
844 -12
845 -68
846 21
847 -22
848 35
849 -50
850 -10
851 88
852 -37
853 56
854 78
855 -92
856 13
857 -91
858 -86
859 68
860 2
861 26
862 -46
863 -2
864 -68
865 -92
866 -61
867 68
868 99
869 -62
870 -52
871 37
872 99
873 94
874 -78
875 29
876 -14
877 15
878 12
879 -69
880 -29
881 -10
882 -17
883 66
884 -57
885 27
886 99
887 -28
888 -25
889 63
890 20
891 60
892 -68
893 -66
894 69
895 -93
896 71
897 -36
898 -15
899 -91
900 63
901 98
902 32
903 64
904 69
905 72
906 80
907 -69
908 -36
909 -69
910 36
911 83
912 -40
913 51
914 72
915 8
916 67
917 -9
918 39
919 92
920 90
921 97
922 4
923 27
924 93
925 91
926 84
927 3
928 0
929 15
930 -32
931 -6
932 -63
933 -49
934 -8
935 -96
936 72
937 92
938 22
939 46
940 2
941 95
942 100
943 36
944 28
945 -78
946 -21
947 -41
948 99
949 -34
950 13
951 -80
952 -20
953 -94
954 -62
955 19
956 -66
957 -5
958 -52
959 26
960 55
961 -58
962 9
963 41
964 81
965 31
966 22
967 -71
968 -48
969 25
970 -26
971 27
972 12
973 -73
974 48
975 -90
976 -35
977 1
978 1
979 -54
980 -39
981 -46
982 54
983 -45
984 2
985 -76
986 83
987 78
988 -3
989 7
990 -67
991 -18
992 -54
993 100
994 27
995 -56
996 -58
997 56
998 57
999 55
1000 -9
1001 -2
1002 -52
1003 75
1004 -50
1005 69
1006 93
1007 -68
1008 -65
1009 27
1010 -29
1011 -91
1012 10
1013 -26
1014 6
1015 56
1016 -45
1017 -31
1018 -61
1019 75
1020 -51
1021 65
1022 -37
1023 -20
