0 -21
1 -7
2 -85
3 -79
4 -57
5 -37
6 57
7 -60
8 -77
9 99
10 35
11 -39
12 48
13 31
14 76
15 -9
16 -29
17 -3
18 38
19 -73
20 93
21 -58
22 -70
23 -68
24 74
25 39
26 -21
27 80
28 -87
29 -1
30 -91
31 21
32 -37
33 50
34 85
35 3
36 -6
37 86
38 -4
39 -32
40 60
41 -83
42 -8
43 71
44 -9
45 47
46 84
47 82
48 -81
49 -18
50 -5
51 -3
52 70
53 24
54 71
55 49
56 25
57 -5
58 -26
59 3
60 -13
61 -17
62 6
63 -16
64 -83
65 86
66 -32
67 20
68 -56
69 -95
70 77
71 -5
72 36
73 88
74 -33
75 -82
76 75
77 46
78 100
79 -98
80 -68
81 60
82 -51
83 -22
84 41
85 58
86 -100
87 72
88 -76
89 -44
90 2
91 76
92 57
93 -87
94 29
95 17
96 -96
97 29
98 -51
99 16
100 -51
101 92
102 54
103 -91
104 44
105 -3
106 -3
107 93
108 -51
109 -33
110 -35
111 -31
112 -8
113 73
114 55
115 78
116 82
117 82
118 34
119 -62
120 63
121 78
122 33
123 -84
124 23
125 24
126 50
127 52
128 -29
129 50
130 -25
131 63
132 -28
133 -25
134 -80
135 -16
136 16
137 81
138 -26
139 94
140 29
141 -23
142 7
143 12
144 -60
145 49
146 -46
147 -43
148 -27
149 42
150 22
151 43
152 -33
153 56
154 -56
155 -87
156 63
157 -64
158 -72
159 24
160 14
161 93
162 -94
163 -79
164 15
165 48
166 -25
167 -88
168 -1
169 76
170 31
171 -29
172 35
173 -48
174 16
175 -44
176 -18
177 -30
178 -72
179 -26
180 -63
181 82
182 -69
183 -32
184 -37
185 91
186 -94
187 -94
188 -72
189 -74
190 -42
191 -53
192 -33
193 35
194 -63
195 -58
196 -2
197 39
198 16
199 3
200 78
201 -76
202 -47
203 -9
204 -16
205 -99
206 -23
207 36
208 99
209 -66
210 58
211 22
212 -43
213 -17
214 -16
215 -72
216 38
217 25
218 -59
219 -97
220 -26
221 -66
222 39
223 -85
224 94
225 40
226 89
227 -90
228 2
229 8
230 27
231 39
232 22
233 19
234 -82
235 30
236 3
237 -12
238 -21
239 -38
240 11
241 0
242 -28
243 -100
244 -10
245 48
246 -21
247 39
248 91
249 91
250 95
251 -43
252 -77
253 -72
254 -41
255 -50
256 -22
257 34
258 -50
259 27
260 79
261 62
262 82
263 97
264 -78
265 -31
266 -46
267 88
268 -76
269 -41
270 73
271 -3
272 -27
273 -68
274 37
275 -3
276 -44
277 10
278 59
279 -95
280 67
281 23
282 -45
283 82
284 11
285 30
286 34
287 88
288 -58
289 79
290 95
291 -19
292 78
293 68
294 -56
295 -69
296 56
297 -47
298 -2
299 58
300 -18
301 6
302 36
303 20
304 46
305 -15
306 -46
307 -74
308 39
309 -8
310 -47
311 46
312 -4
313 -32
314 -70
315 -2
316 -46
317 77
318 27
319 -50
320 33
321 18
322 -7
323 -17
324 -27
325 18
326 86
327 1
328 56
329 -38
330 -67
331 45
332 97
333 -38
334 89
335 36
336 -31
337 11
338 -36
339 41
340 94
341 -58
342 29
343 -27
344 48
345 88
346 -39
347 5
348 -46
349 -96
350 -19
351 -53
352 47
353 45
354 -68
355 -26
356 -63
357 -43
358 -32
359 -84
360 -91
361 2
362 85
363 68
364 -21
365 8
366 -63
367 43
368 -92
369 100
370 29
371 -77
372 -90
373 -11
374 63
375 -44
376 -49
377 -25
378 -94
379 -69
380 42
381 -61
382 -3
383 -17
384 35
385 -93
386 12
387 76
388 -34
389 99
390 -61
391 -100
392 18
393 -17
394 80
395 99
396 -11
397 -14
398 98
399 -16
400 65
401 -98
402 -67
403 29
404 20
405 10
406 14
407 88
408 69
409 -47
410 -76
411 -15
412 21
413 3
414 46
415 -67
416 63
417 32
418 -64
419 72
420 -76
421 85
422 -25
423 -19
424 23
425 -68
426 6
427 -43
428 -30
429 -51
430 96
431 89
432 91
433 36
434 -65
435 -30
436 -78
437 20
438 1
439 8
440 -92
441 -98
442 84
443 33
444 -66
445 -92
446 94
447 -77
448 -16
449 98
450 -53
451 39
452 49
453 -5
454 100
455 34
456 -31
457 -93
458 -35
459 -50
460 -75
461 -24
462 -13
463 -48
464 -46
465 -77
466 -35
467 87
468 63
469 41
470 -5
471 27
472 -7
473 91
474 34
475 -25
476 55
477 71
478 29
479 62
480 -66
481 -38
482 -94
483 92
484 -52
485 18
486 -87
487 58
488 85
489 75
490 49
491 43
492 -70
493 16
494 57
495 22
496 -46
497 24
498 -29
499 -93
500 -61
501 9
502 100
503 41
504 2
505 23
506 -48
507 88
508 54
509 67
510 -75
511 -100
512 -87
513 -8
514 21
515 -38
516 -22
517 32
518 33
519 29
520 -19
521 -13
522 -27
523 29
524 22
525 -93
526 -17
527 -72
528 98
529 16
530 52
531 -2
532 6
533 89
534 15
535 -95
536 68
537 77
538 -94
539 89
540 76
541 96
542 30
543 28
544 93
545 -62
546 -94
547 -24
548 8
549 25
550 88
551 -53
552 10
553 30
554 71
555 58
556 -82
557 -19
558 83
559 -3
560 59
561 -12
562 -29
563 24
564 5
565 23
566 59
567 -85
568 -72
569 -84
570 -9
571 88
572 -100
573 -70
574 -24
575 21
576 82
577 -93
578 13
579 36
580 6
581 -43
582 7
583 -46
584 84
585 -36
586 -29
587 55
588 -38
589 8
590 12
591 45
592 -91
593 -84
594 -50
595 -19
596 61
597 -87
598 -69
599 -47
600 65
601 9
602 -2
603 32
604 99
605 -20
606 -8
607 85
608 -16
609 61
610 -50
611 -20
612 41
613 -69
614 59
615 98
616 -65
617 -37
618 25
619 -23
620 5
621 33
622 71
623 -46
624 -7
625 -90
626 72
627 -8
628 -52
629 -98
630 -3
631 -66
632 -56
633 -44
634 -10
635 -33
636 -30
637 96
638 -15
639 -65
640 69
641 36
642 92
643 60
644 -54
645 -61
646 -18
647 -13
648 19
649 -67
650 -17
651 -64
652 -22
653 39
654 62
655 99
656 99
657 -35
658 57
659 89
660 61
661 -37
662 78
663 -69
664 48
665 -27
666 59
667 71
668 -81
669 11
670 -32
671 -52
672 50
673 17
674 33
675 -69
676 -46
677 55
678 -64
679 -29
680 -23
681 -10
682 80
683 34
684 97
685 71
686 25
687 11
688 9
689 55
690 17
691 -7
692 95
693 -38
694 -39
695 -45
696 -34
697 -80
698 48
699 7
700 37
701 -68
702 -19
703 71
704 -58
705 19
706 95
707 -4
708 11
709 96
710 -24
711 0
712 33
713 94
714 33
715 -28
716 54
717 54
718 52
719 70
720 35
721 -27
722 -43
723 -90
724 -99
725 71
726 43
727 54
728 35
729 64
730 35
731 83
732 -18
733 -63
734 13
735 38
736 53
737 47
738 -7
739 36
740 -29
741 -48
742 27
743 14
744 -86
745 -85
746 87
747 95
748 91
749 -41
750 -88
751 -15
752 -83
753 92
754 -83
755 -54
756 -31
757 85
758 14
759 -16
760 35
761 73
762 58
763 49
764 65
765 -51
766 -22
767 -17
768 -99
769 -14
770 63
771 42
772 -40
773 -36
774 31
775 31
776 68
777 17
778 -20
779 49
780 72
781 -27
782 -49
783 -32
784 -69
785 -93
786 66
787 -5
788 80
789 -89
790 -63
791 -43
792 -83
793 8
794 -47
795 -65
796 77
797 -50
798 -31
799 -78
800 92
801 51
802 -70
803 30
804 18
805 72
806 63
807 88
808 -89
809 -46
810 -34
811 -39
812 16
813 52
814 -11
815 -42
816 43
817 56
818 -65
819 1
820 -88
821 58
822 -46
823 83
824 -75
825 99
826 -33
827 27
828 36
829 77
830 -40
831 -11
832 70
833 18
834 -87
835 -33
836 59
837 30
838 30
839 -95
840 2
841 60
842 -47
843 68
844 -75
845 -64
846 -36
847 6
848 -11
849 -9
850 8
851 -44
852 71
853 -87
854 74
855 28
856 -86
857 -29
858 -9
859 -13
860 -27
861 18
862 39
863 38
864 6
865 -99
866 89
867 -15
868 -95
869 21
870 97
871 59
872 -68
873 -60
874 -69
875 12
876 -76
877 -74
878 24
879 -94
880 19
881 93
882 -66
883 99
884 63
885 -30
886 28
887 17
888 -87
889 -58
890 -55
891 80
892 31
893 -88
894 93
895 -40
896 75
897 90
898 -95
899 30
900 -19
901 54
902 44
903 -66
904 77
905 2
906 48
907 -79
908 88
909 -49
910 -21
911 -79
912 -99
913 -29
914 70
915 -37
916 -93
917 69
918 0
919 82
920 49
921 51
922 4
923 -54
924 35
925 85
926 18
927 -69
928 -7
929 -68
930 90
931 26
932 61
933 54
934 -90
935 -29
936 -55
937 -8
938 9
939 84
940 -98
941 -95
942 -32
943 41
944 -18
945 -74
946 72
947 21
948 -69
949 -4
950 -81
951 -20
952 88
953 -52
954 20
955 -71
956 47
957 96
958 -73
959 73
960 54
961 -45
962 14
963 -42
964 -87
965 -42
966 -40
967 -66
968 13
969 54
970 47
971 -78
972 -24
973 -56
974 81
975 33
976 -32
977 4
978 21
979 60
980 61
981 88
982 82
983 -21
984 66
985 -25
986 -18
987 0
988 -22
989 -59
990 53
991 28
992 52
993 18
994 92
995 64
996 -26
997 52
998 -23
999 98
1000 52
1001 -88
1002 99
1003 -92
1004 -8
1005 17
1006 -11
1007 -46
1008 -44
1009 -7
1010 -51
1011 70
1012 96
1013 72
1014 -9
1015 87
1016 -9
1017 22
1018 -79
1019 -34
1020 -4
1021 -91
1022 12
1023 24
