0 55
1 -59
2 63
3 -95
4 -71
5 52
6 -96
7 27
8 30
9 -5
10 42
11 -98
12 -72
13 34
14 -41
15 60
16 -100
17 35
18 62
19 75
20 -49
21 66
22 -62
23 -31
24 -39
25 91
26 69
27 50
28 60
29 -1
30 18
31 99
32 89
33 -47
34 64
35 -64
36 -88
37 -61
38 63
39 67
40 0
41 71
42 100
43 53
44 -54
45 49
46 63
47 -14
48 -13
49 -30
50 72
51 13
52 45
53 -63
54 -65
55 12
56 33
57 -83
58 46
59 -4
60 -60
61 -10
62 -98
63 -59
64 26
65 -22
66 -100
67 -2
68 33
69 82
70 45
71 57
72 -56
73 -51
74 -42
75 74
76 -16
77 -22
78 -43
79 74
80 3
81 42
82 60
83 86
84 -64
85 22
86 -93
87 -81
88 11
89 9
90 87
91 -38
92 10
93 56
94 20
95 88
96 -18
97 95
98 -17
99 60
100 45
101 38
102 -40
103 -46
104 19
105 -42
106 25
107 34
108 71
109 -12
110 72
111 15
112 -74
113 95
114 55
115 76
116 82
117 42
118 -76
119 -66
120 23
121 94
122 0
123 -92
124 98
125 -63
126 57
127 -31
128 88
129 -27
130 91
131 74
132 89
133 50
134 -82
135 -19
136 -40
137 19
138 -92
139 5
140 -24
141 18
142 40
143 72
144 -26
145 -28
146 37
147 -34
148 -76
149 15
150 11
151 48
152 -90
153 -69
154 14
155 72
156 77
157 38
158 -67
159 16
160 22
161 51
162 -98
163 -87
164 -13
165 -67
166 -77
167 78
168 -59
169 -44
170 -76
171 12
172 100
173 -100
174 58
175 3
176 -14
177 -99
178 -46
179 71
180 89
181 81
182 -79
183 26
184 -10
185 -63
186 18
187 -60
188 -52
189 -92
190 93
191 40
192 -66
193 59
194 -55
195 -45
196 -4
197 -46
198 83
199 -20
200 66
201 -10
202 -15
203 8
204 -61
205 42
206 -97
207 -89
208 -38
209 -98
210 -27
211 -17
212 -17
213 -5
214 100
215 26
216 -96
217 76
218 -22
219 56
220 27
221 89
222 -46
223 21
224 60
225 75
226 34
227 -58
228 5
229 86
230 99
231 -46
232 50
233 -68
234 34
235 87
236 -19
237 -69
238 37
239 -59
240 67
241 -72
242 89
243 13
244 -45
245 80
246 -12
247 -69
248 44
249 9
250 -79
251 45
252 -35
253 0
254 -17
255 -93
256 5
257 58
258 5
259 17
260 21
261 -62
262 -25
263 37
264 71
265 8
266 -18
267 9
268 25
269 -77
270 53
271 56
272 31
273 66
274 88
275 10
276 -50
277 -55
278 -66
279 -67
280 88
281 -93
282 73
283 -28
284 -55
285 56
286 54
287 63
288 -19
289 86
290 69
291 -95
292 -94
293 97
294 -86
295 -42
296 -9
297 14
298 -71
299 38
300 -80
301 -85
302 -51
303 -98
304 79
305 -81
306 -7
307 -80
308 24
309 -4
310 -26
311 -34
312 -100
313 15
314 -36
315 38
316 32
317 100
318 24
319 -56
320 -70
321 -58
322 -36
323 -77
324 -57
325 23
326 -64
327 -63
328 -48
329 -86
330 -21
331 70
332 46
333 83
334 -88
335 18
336 59
337 -57
338 -52
339 -68
340 -78
341 95
342 3
343 15
344 -35
345 82
346 86
347 -3
348 96
349 11
350 -34
351 -26
352 -53
353 -71
354 -7
355 33
356 -29
357 -32
358 21
359 67
360 -80
361 -46
362 -65
363 32
364 -97
365 100
366 38
367 81
368 -14
369 -40
370 23
371 73
372 55
373 -34
374 -13
375 -23
376 84
377 69
378 10
379 37
380 -48
381 73
382 -5
383 89
384 -96
385 -36
386 -99
387 -57
388 -76
389 96
390 44
391 -53
392 -39
393 4
394 67
395 -93
396 -28
397 53
398 -56
399 -73
400 10
401 -44
402 7
403 -14
404 54
405 -48
406 -7
407 10
408 -80
409 20
410 -15
411 -51
412 -32
413 -96
414 -87
415 -55
416 -50
417 100
418 -25
419 -37
420 -89
421 21
422 -21
423 -72
424 -34
425 60
426 -57
427 23
428 -2
429 -36
430 -67
431 -43
432 -40
433 -82
434 -36
435 57
436 -79
437 -6
438 -68
439 13
440 -9
441 -32
442 -10
443 99
444 29
445 82
446 -93
447 -72
448 -89
449 25
450 -93
451 58
452 -35
453 34
454 -88
455 72
456 -97
457 -26
458 56
459 -85
460 33
461 58
462 -9
463 -19
464 53
465 -38
466 -55
467 54
468 56
469 83
470 -70
471 -51
472 8
473 -36
474 13
475 73
476 46
477 37
478 7
479 10
480 -51
481 38
482 -69
483 36
484 -9
485 -22
486 48
487 37
488 16
489 -36
490 64
491 77
492 46
493 39
494 -14
495 -22
496 -81
497 65
498 54
499 99
500 44
501 -63
502 99
503 19
504 -15
505 -24
506 -28
507 15
508 -63
509 -43
510 -19
511 17
512 17
513 -68
514 -80
515 63
516 99
517 -29
518 -49
519 -98
520 -100
521 23
522 45
523 40
524 -41
525 50
526 -15
527 -35
528 -98
529 48
530 44
531 -98
532 -22
533 40
534 -33
535 -26
536 27
537 70
538 -89
539 67
540 2
541 13
542 27
543 -83
544 30
545 18
546 80
547 -59
548 80
549 20
550 -96
551 77
552 -3
553 -1
554 43
555 27
556 -11
557 8
558 99
559 -98
560 -83
561 -68
562 -73
563 46
564 -17
565 7
566 -3
567 -56
568 70
569 -46
570 17
571 -40
572 -25
573 -15
574 60
575 39
576 33
577 -50
578 -55
579 -81
580 28
581 -100
582 41
583 -56
584 29
585 -97
586 0
587 1
588 -75
589 89
590 33
591 56
592 -68
593 -54
594 -39
595 92
596 -81
597 83
598 -47
599 12
600 -69
601 -85
602 68
603 -73
604 91
605 -3
606 -67
607 -27
608 -98
609 -52
610 38
611 -80
612 80
613 -38
614 -53
615 -51
616 32
617 -51
618 0
619 60
620 -7
621 -93
622 5
623 89
624 -38
625 28
626 45
627 98
628 33
629 -80
630 89
631 -34
632 48
633 -45
634 35
635 -10
636 -4
637 38
638 -61
639 97
640 90
641 -35
642 35
643 76
644 -35
645 -12
646 -68
647 -47
648 -40
649 55
650 -50
651 3
652 -91
653 -70
654 45
655 24
656 12
657 44
658 -72
659 -49
660 -25
661 -19
662 -89
663 89
664 42
665 10
666 11
667 18
668 -49
669 -65
670 -41
671 -51
672 27
673 61
674 37
675 84
676 45
677 -68
678 -38
679 -84
680 -80
681 -59
682 -51
683 38
684 21
685 17
686 -70
687 -99
688 4
689 -57
690 -22
691 -77
692 -57
693 6
694 98
695 29
696 -98
697 35
698 59
699 42
700 -77
701 -18
702 -2
703 61
704 -36
705 -67
706 -87
707 -22
708 81
709 15
710 25
711 -99
712 -47
713 -21
714 -4
715 -68
716 6
717 -72
718 -61
719 59
720 -34
721 -18
722 -36
723 87
724 -28
725 52
726 -23
727 -88
728 -8
729 -27
730 -21
731 -47
732 10
733 -72
734 71
735 -22
736 53
737 -63
738 -40
739 21
740 -48
741 35
742 25
743 -18
744 58
745 -88
746 -24
747 47
748 -88
749 19
750 98
751 94
752 -49
753 33
754 -71
755 16
756 -88
757 -48
758 -46
759 -5
760 43
761 86
762 -29
763 38
764 56
765 -88
766 -34
767 -21
768 -27
769 -86
770 39
771 -32
772 27
773 95
774 62
775 -91
776 -99
777 -94
778 73
779 -21
780 -2
781 -65
782 -17
783 -8
784 84
785 -66
786 6
787 87
788 45
789 -21
790 -40
791 -77
792 61
793 -36
794 -3
795 0
796 -74
797 -86
798 -15
799 -57
800 59
801 53
802 19
803 46
804 75
805 -22
806 -68
807 -2
808 -58
809 82
810 -98
811 76
812 67
813 -52
814 -20
815 -45
816 -54
817 48
818 26
819 -38
820 -1
821 42
822 -38
823 -71
824 -92
825 -50
826 -36
827 43
828 31
829 -83
830 -43
831 12
832 27
833 94
834 -43
835 -58
836 -1
837 83
838 -52
839 -93
840 -11
841 -51
842 61
843 -22
844 -60
845 68
846 -20
847 -13
848 -12
849 -95
850 -87
851 -12
852 -78
853 50
854 78
855 72
856 -68
857 -78
858 -41
859 -51
860 52
861 80
862 33
863 -61
864 49
865 -67
866 88
867 -70
868 21
869 65
870 -91
871 12
872 39
873 -48
874 96
875 44
876 -52
877 -28
878 63
879 79
880 -8
881 30
882 -75
883 59
884 -54
885 69
886 -13
887 3
888 -73
889 -100
890 7
891 -92
892 17
893 -4
894 -28
895 -100
896 -12
897 -60
898 -82
899 -61
900 89
901 49
902 -25
903 -90
904 49
905 13
906 -21
907 -23
908 45
909 -74
910 -53
911 36
912 85
913 88
914 66
915 -19
916 -16
917 -56
918 89
919 67
920 -81
921 -40
922 83
923 -99
924 41
925 -95
926 -36
927 7
928 33
929 -52
930 -73
931 -54
932 49
933 13
934 -100
935 -5
936 48
937 -79
938 11
939 31
940 65
941 -55
942 -68
943 -71
944 -99
945 -55
946 -90
947 -50
948 31
949 31
950 8
951 57
952 68
953 -62
954 44
955 46
956 -3
957 -4
958 -75
959 26
960 -28
961 -90
962 43
963 -5
964 51
965 -87
966 -40
967 86
968 70
969 34
970 -76
971 55
972 16
973 -17
974 50
975 76
976 19
977 -89
978 -62
979 63
980 64
981 38
982 -71
983 71
984 45
985 80
986 -35
987 97
988 43
989 -9
990 56
991 -71
992 20
993 -54
994 -55
995 7
996 24
997 92
998 -99
999 78
1000 -54
1001 91
1002 15
1003 -70
1004 56
1005 -65
1006 -48
1007 -5
1008 64
1009 -99
1010 48
1011 35
1012 8
1013 -3
1014 -27
1015 -64
1016 7
1017 -11
1018 -18
1019 74
1020 33
1021 -100
1022 -74
1023 26
