0 -66
1 79
2 -31
3 -68
4 -40
5 34
6 -78
7 -1
8 29
9 -96
10 13
11 6
12 11
13 3
14 3
15 11
16 -60
17 -20
18 -80
19 18
20 -40
21 33
22 -83
23 59
24 -14
25 99
26 -97
27 -69
28 37
29 16
30 74
31 73
32 -12
33 -10
34 8
35 -12
36 -16
37 65
38 -65
39 42
40 10
41 0
42 -77
43 -99
44 6
45 61
46 87
47 44
48 9
49 -66
50 24
51 72
52 -75
53 -78
54 -48
55 -75
56 21
57 69
58 -33
59 54
60 57
61 -84
62 2
63 43
64 -61
65 -19
66 20
67 25
68 -22
69 -75
70 -74
71 -81
72 82
73 -25
74 -23
75 -87
76 67
77 -39
78 53
79 -51
80 84
81 43
82 58
83 68
84 -43
85 -19
86 -42
87 26
88 82
89 -28
90 78
91 45
92 82
93 90
94 -41
95 -95
96 22
97 -5
98 -77
99 68
100 -69
101 42
102 28
103 -81
104 32
105 -69
106 -75
107 74
108 -25
109 -87
110 -83
111 40
112 -68
113 -53
114 -99
115 -67
116 -98
117 -85
118 -23
119 33
120 79
121 92
122 68
123 -12
124 65
125 21
126 29
127 92
128 -16
129 2
130 6
131 27
132 55
133 73
134 41
135 -91
136 -4
137 -38
138 44
139 21
140 91
141 38
142 15
143 99
144 1
145 -22
146 -37
147 35
148 74
149 72
150 -33
151 88
152 64
153 -34
154 -8
155 -7
156 -42
157 -2
158 -40
159 66
160 67
161 -98
162 52
163 -37
164 28
165 -19
166 -2
167 -2
168 -40
169 -89
170 -45
171 52
172 -95
173 -93
174 92
175 -16
176 79
177 -36
178 37
179 -88
180 14
181 -52
182 -59
183 -92
184 85
185 91
186 30
187 -57
188 -60
189 -72
190 72
191 -89
192 20
193 -30
194 15
195 -11
196 -65
197 78
198 -9
199 95
200 88
201 -36
202 -78
203 93
204 40
205 81
206 -25
207 -29
208 2
209 28
210 -18
211 72
212 -29
213 -25
214 -69
215 64
216 13
217 12
218 46
219 -64
220 -40
221 -79
222 25
223 -15
224 15
225 -82
226 96
227 89
228 -56
229 -92
230 96
231 -73
232 -100
233 92
234 -75
235 -71
236 -90
237 21
238 -17
239 -44
240 29
241 -39
242 86
243 100
244 68
245 96
246 98
247 12
248 6
249 -72
250 28
251 -34
252 23
253 -10
254 -28
255 50
256 -43
257 29
258 4
259 88
260 30
261 97
262 2
263 7
264 95
265 -79
266 76
267 -86
268 -83
269 -86
270 99
271 48
272 -39
273 -68
274 29
275 37
276 34
277 -52
278 32
279 90
280 27
281 -52
282 5
283 37
284 -51
285 -61
286 81
287 -88
288 49
289 -35
290 56
291 -10
292 -29
293 52
294 43
295 54
296 34
297 -60
298 93
299 88
300 -42
301 -79
302 -23
303 93
304 -40
305 88
306 81
307 17
308 -56
309 65
310 76
311 -72
312 -91
313 -40
314 -84
315 -61
316 -93
317 84
318 -26
319 -21
320 11
321 -24
322 94
323 33
324 -28
325 3
326 45
327 -91
328 96
329 -8
330 20
331 -32
332 51
333 -84
334 -87
335 0
336 -93
337 -24
338 63
339 -34
340 25
341 -30
342 56
343 -62
344 83
345 -32
346 -14
347 -5
348 46
349 -86
350 56
351 99
352 89
353 7
354 76
355 -19
356 89
357 30
358 -28
359 56
360 -1
361 46
362 47
363 88
364 -4
365 -83
366 89
367 7
368 1
369 96
370 16
371 -82
372 -75
373 72
374 19
375 73
376 20
377 97
378 15
379 -17
380 -99
381 73
382 -68
383 -58
384 -27
385 -71
386 14
387 53
388 90
389 -75
390 -91
391 1
392 59
393 -92
394 -67
395 33
396 -20
397 -30
398 -71
399 -65
400 -13
401 93
402 -18
403 -45
404 -41
405 4
406 67
407 -84
408 57
409 -51
410 -49
411 56
412 -58
413 76
414 -76
415 75
416 -70
417 10
418 24
419 38
420 -99
421 61
422 99
423 -27
424 -78
425 -40
426 15
427 23
428 -40
429 -37
430 -57
431 -1
432 66
433 -45
434 -31
435 -13
436 -71
437 -84
438 25
439 -6
440 -18
441 2
442 26
443 -72
444 33
445 13
446 -82
447 61
448 31
449 -58
450 82
451 -50
452 -63
453 -51
454 58
455 7
456 -94
457 -27
458 -34
459 56
460 85
461 -98
462 -14
463 33
464 -80
465 54
466 36
467 -22
468 -23
469 89
470 91
471 29
472 57
473 76
474 67
475 -70
476 44
477 99
478 36
479 -26
480 66
481 -36
482 44
483 -28
484 -1
485 -33
486 28
487 -80
488 -2
489 19
490 -42
491 -34
492 51
493 -70
494 -93
495 24
496 38
497 67
498 -25
499 12
500 82
501 21
502 -71
503 -71
504 -71
505 -45
506 -53
507 83
508 -60
509 8
510 20
511 87
512 84
513 -80
514 4
515 96
516 25
517 -86
518 1
519 -97
520 46
521 -90
522 25
523 -50
524 -80
525 61
526 -56
527 32
528 94
529 -98
530 -22
531 -55
532 87
533 1
534 23
535 67
536 40
537 38
538 84
539 -40
540 -73
541 -70
542 26
543 -61
544 -14
545 -66
546 -89
547 80
548 -77
549 -12
550 14
551 20
552 23
553 -25
554 75
555 62
556 -11
557 56
558 -68
559 45
560 6
561 60
562 16
563 -75
564 -27
565 -95
566 -78
567 -72
568 -76
569 48
570 -70
571 -18
572 -47
573 14
574 -2
575 69
576 70
577 -45
578 56
579 73
580 -60
581 20
582 -38
583 44
584 36
585 73
586 -10
587 40
588 87
589 -88
590 -89
591 44
592 92
593 -97
594 -65
595 85
596 90
597 10
598 -52
599 44
600 55
601 4
602 96
603 -33
604 -29
605 4
606 -88
607 97
608 7
609 -88
610 59
611 -46
612 -63
613 48
614 -68
615 -3
616 31
617 -76
618 51
619 -51
620 62
621 -84
622 53
623 -58
624 -35
625 3
626 -31
627 -32
628 15
629 22
630 13
631 -63
632 57
633 99
634 -30
635 25
636 62
637 -43
638 -95
639 -87
640 -78
641 91
642 -52
643 -50
644 51
645 14
646 85
647 -18
648 -46
649 -43
650 -77
651 -45
652 -15
653 -47
654 -32
655 -49
656 -49
657 98
658 44
659 -69
660 -32
661 88
662 36
663 89
664 100
665 42
666 35
667 -96
668 -29
669 52
670 82
671 -88
672 -37
673 51
674 -29
675 -8
676 6
677 -41
678 55
679 -75
680 -69
681 -76
682 -70
683 7
684 -16
685 -31
686 45
687 78
688 -40
689 -75
690 -26
691 86
692 -33
693 -64
694 -64
695 -16
696 49
697 85
698 -47
699 -42
700 7
701 -64
702 -35
703 -5
704 90
705 5
706 -10
707 -40
708 59
709 -67
710 74
711 13
712 95
713 -56
714 -93
715 63
716 12
717 60
718 83
719 -52
720 70
721 -82
722 -49
723 -20
724 46
725 -53
726 -36
727 19
728 32
729 -11
730 67
731 -94
732 -35
733 7
734 -5
735 -45
736 -50
737 36
738 -86
739 -32
740 -3
741 94
742 -17
743 -22
744 -45
745 54
746 -2
747 -14
748 -36
749 31
750 97
751 -95
752 98
753 45
754 2
755 -31
756 62
757 -70
758 -73
759 44
760 91
761 -49
762 89
763 -62
764 43
765 -6
766 -83
767 5
768 -86
769 -55
770 83
771 -35
772 -53
773 45
774 57
775 -26
776 -34
777 11
778 58
779 46
780 95
781 -59
782 -11
783 -50
784 17
785 7
786 -96
787 54
788 -79
789 62
790 -99
791 -30
792 80
793 47
794 4
795 24
796 23
797 -29
798 -67
799 -56
800 22
801 3
802 -86
803 -23
804 -46
805 41
806 -84
807 63
808 84
809 64
810 -68
811 -37
812 -31
813 -28
814 45
815 66
816 -66
817 -26
818 29
819 -9
820 97
821 -5
822 77
823 94
824 -8
825 -57
826 98
827 -30
828 -62
829 -76
830 -92
831 -66
832 -61
833 86
834 -20
835 -100
836 31
837 -47
838 -78
839 82
840 47
841 76
842 91
843 57
844 4
845 50
846 13
847 -88
848 91
849 -100
850 -30
851 93
852 95
853 83
854 35
855 -93
856 70
857 63
858 40
859 -64
860 72
861 39
862 -21
863 -18
864 -18
865 88
866 67
867 -12
868 -7
869 -75
870 -85
871 79
872 -3
873 1
874 -60
875 -68
876 15
877 -80
878 45
879 -23
880 57
881 -19
882 -69
883 -27
884 -63
885 52
886 61
887 -30
888 -93
889 -33
890 -65
891 -29
892 -5
893 38
894 0
895 48
896 -100
897 -66
898 7
899 54
900 87
901 -91
902 -84
903 32
904 40
905 -92
906 64
907 82
908 -54
909 92
910 16
911 -90
912 -10
913 -85
914 -75
915 41
916 35
917 -34
918 -82
919 -30
920 -3
921 -2
922 73
923 59
924 95
925 -83
926 94
927 91
928 53
929 -40
930 -29
931 -53
932 60
933 -78
934 53
935 -62
936 56
937 -86
938 27
939 -13
940 51
941 -98
942 -98
943 56
944 66
945 -58
946 39
947 -12
948 25
949 -82
950 -94
951 -40
952 12
953 79
954 -35
955 77
956 -60
957 48
958 40
959 -42
960 -44
961 99
962 -92
963 -10
964 24
965 4
966 97
967 94
968 -35
969 46
970 1
971 -98
972 58
973 -27
974 -91
975 -22
976 -1
977 -24
978 54
979 -32
980 -6
981 -23
982 -30
983 87
984 47
985 86
986 93
987 7
988 35
989 59
990 8
991 45
992 57
993 -27
994 53
995 9
996 -9
997 60
998 32
999 -79
1000 90
1001 -27
1002 13
1003 -60
1004 -54
1005 91
1006 -31
1007 11
1008 75
1009 99
1010 8
1011 87
1012 -11
1013 -10
1014 60
1015 -44
1016 -25
1017 52
1018 92
1019 -90
1020 81
1021 91
1022 98
1023 90
