0 -99
1 -25
2 92
3 -49
4 -22
5 -71
6 -94
7 -49
8 -86
9 85
10 95
11 -52
12 62
13 -76
14 -18
15 -33
16 14
17 65
18 12
19 89
20 -53
21 27
22 -98
23 0
24 61
25 90
26 26
27 -91
28 -53
29 40
30 45
31 -52
32 -76
33 -74
34 -75
35 8
36 -69
37 64
38 89
39 -89
40 -82
41 -59
42 -88
43 15
44 7
45 -22
46 20
47 -29
48 23
49 1
50 -79
51 69
52 -2
53 -69
54 -44
55 21
56 99
57 15
58 -76
59 -82
60 9
61 35
62 -13
63 54
64 -61
65 -36
66 -66
67 -86
68 -70
69 69
70 -98
71 -99
72 -57
73 40
74 34
75 78
76 -69
77 87
78 81
79 47
80 -87
81 -27
82 4
83 -33
84 -31
85 16
86 16
87 -23
88 80
89 -15
90 49
91 62
92 73
93 25
94 -58
95 -32
96 -74
97 -66
98 26
99 -24
100 12
101 -74
102 8
103 13
104 -89
105 -33
106 20
107 85
108 28
109 -9
110 48
111 -13
112 35
113 -69
114 55
115 90
116 75
117 -57
118 14
119 6
120 13
121 88
122 -47
123 30
124 -94
125 -14
126 83
127 12
128 32
129 -18
130 -73
131 -38
132 -73
133 -88
134 85
135 69
136 67
137 93
138 -10
139 -30
140 -71
141 -21
142 -93
143 -8
144 -10
145 87
146 -79
147 5
148 41
149 75
150 33
151 -85
152 -30
153 -51
154 70
155 70
156 -41
157 24
158 -22
159 98
160 -23
161 -33
162 -42
163 9
164 -71
165 -20
166 56
167 21
168 43
169 81
170 54
171 86
172 -80
173 58
174 -9
175 61
176 -55
177 -19
178 -23
179 29
180 -14
181 56
182 36
183 27
184 30
185 -96
186 -82
187 -23
188 -9
189 -28
190 -11
191 -66
192 10
193 86
194 31
195 50
196 9
197 84
198 -69
199 22
200 -23
201 86
202 -91
203 -42
204 -25
205 89
206 33
207 -45
208 -43
209 -28
210 37
211 58
212 -61
213 -61
214 100
215 38
216 9
217 46
218 44
219 -61
220 -47
221 -45
222 9
223 74
224 29
225 -74
226 -19
227 -7
228 -31
229 16
230 47
231 -46
232 82
233 56
234 62
235 -48
236 -75
237 -17
238 -73
239 39
240 95
241 58
242 98
243 65
244 -51
245 -59
246 16
247 80
248 76
249 -66
250 -15
251 -25
252 56
253 -61
254 55
255 3
256 -9
257 45
258 90
259 -54
260 37
261 -13
262 49
263 50
264 -43
265 87
266 22
267 37
268 -40
269 16
270 -80
271 33
272 -60
273 80
274 44
275 83
276 -38
277 -77
278 -79
279 10
280 -78
281 -61
282 49
283 -27
284 -19
285 84
286 7
287 55
288 -16
289 -44
290 6
291 30
292 -91
293 12
294 -52
295 84
296 18
297 -86
298 -12
299 44
300 -81
301 61
302 -32
303 -23
304 -88
305 50
306 -52
307 20
308 -9
309 -81
310 -37
311 -64
312 4
313 43
314 -88
315 -44
316 53
317 30
318 32
319 7
320 10
321 86
322 79
323 59
324 -38
325 15
326 56
327 -19
328 -51
329 -37
330 -72
331 91
332 18
333 -82
334 -58
335 73
336 57
337 75
338 8
339 -88
340 82
341 87
342 -69
343 -60
344 -87
345 51
346 3
347 27
348 85
349 9
350 13
351 74
352 -50
353 -68
354 -63
355 -76
356 -64
357 -83
358 -44
359 66
360 36
361 99
362 90
363 9
364 -19
365 75
366 17
367 14
368 -25
369 -34
370 -65
371 -27
372 52
373 -38
374 59
375 88
376 49
377 17
378 -99
379 100
380 31
381 99
382 68
383 54
384 61
385 58
386 -35
387 99
388 -91
389 -80
390 29
391 92
392 83
393 89
394 21
395 95
396 -45
397 -36
398 25
399 45
400 -13
401 -63
402 84
403 -48
404 -12
405 -44
406 0
407 63
408 -95
409 -7
410 -71
411 19
412 17
413 -46
414 7
415 61
416 -89
417 -60
418 27
419 -2
420 -1
421 -1
422 -30
423 54
424 -87
425 -28
426 42
427 -100
428 33
429 -41
430 -96
431 98
432 25
433 75
434 14
435 60
436 19
437 71
438 -31
439 -41
440 -70
441 -79
442 -32
443 6
444 -52
445 24
446 -28
447 -75
448 40
449 17
450 -79
451 21
452 -67
453 50
454 39
455 -58
456 -82
457 69
458 69
459 -30
460 25
461 58
462 -78
463 3
464 28
465 18
466 -4
467 11
468 -77
469 -18
470 -88
471 -96
472 -35
473 -29
474 0
475 49
476 17
477 56
478 -93
479 44
480 59
481 50
482 -91
483 7
484 -16
485 14
486 -84
487 -20
488 -2
489 -82
490 88
491 -90
492 -1
493 -72
494 -21
495 86
496 -46
497 76
498 81
499 -73
500 -25
501 -10
502 40
503 82
504 88
505 10
506 -98
507 -100
508 -78
509 48
510 -9
511 54
512 38
513 12
514 -83
515 -41
516 -38
517 88
518 6
519 -16
520 68
521 21
522 20
523 -35
524 95
525 4
526 -53
527 -53
528 -34
529 -46
530 25
531 2
532 -74
533 57
534 -93
535 67
536 -5
537 56
538 -58
539 83
540 -90
541 68
542 -100
543 -14
544 32
545 -31
546 -61
547 61
548 -17
549 48
550 -91
551 -26
552 -53
553 -89
554 -2
555 -38
556 18
557 27
558 39
559 58
560 99
561 62
562 -63
563 45
564 41
565 -50
566 19
567 -50
568 -37
569 -19
570 32
571 -62
572 70
573 74
574 7
575 -15
576 -23
577 46
578 54
579 66
580 15
581 51
582 35
583 76
584 -98
585 -100
586 -59
587 35
588 -50
589 69
590 73
591 -76
592 12
593 59
594 14
595 100
596 8
597 -62
598 -65
599 -22
600 100
601 -57
602 68
603 7
604 -68
605 91
606 65
607 79
608 -54
609 85
610 -21
611 44
612 88
613 86
614 -83
615 -90
616 29
617 44
618 13
619 -55
620 -99
621 -40
622 49
623 -25
624 71
625 2
626 49
627 -43
628 54
629 -80
630 93
631 -34
632 11
633 -56
634 -17
635 -98
636 32
637 54
638 52
639 65
640 -88
641 11
642 -61
643 -15
644 46
645 -22
646 -79
647 -37
648 31
649 -1
650 19
651 17
652 -7
653 76
654 -69
655 33
656 84
657 30
658 77
659 -85
660 -71
661 -46
662 -100
663 -29
664 -81
665 -29
666 97
667 76
668 39
669 -64
670 -94
671 -28
672 -58
673 10
674 -41
675 72
676 74
677 60
678 28
679 -46
680 67
681 74
682 23
683 -43
684 62
685 -26
686 -40
687 8
688 -28
689 95
690 -89
691 9
692 -30
693 53
694 27
695 71
696 32
697 -11
698 -17
699 54
700 37
701 -11
702 23
703 92
704 29
705 -45
706 -7
707 43
708 -55
709 81
710 0
711 -36
712 86
713 5
714 -27
715 -98
716 -63
717 -30
718 -66
719 -63
720 -48
721 40
722 38
723 53
724 3
725 64
726 38
727 -34
728 43
729 72
730 -3
731 89
732 91
733 -82
734 -82
735 40
736 78
737 -81
738 -89
739 -23
740 76
741 69
742 -81
743 -21
744 55
745 48
746 -10
747 -95
748 11
749 89
750 -73
751 -92
752 35
753 -58
754 40
755 -31
756 16
757 41
758 73
759 51
760 25
761 -21
762 -34
763 -19
764 7
765 38
766 -80
767 -8
768 -83
769 2
770 90
771 -46
772 -80
773 -3
774 -15
775 -48
776 34
777 30
778 -10
779 95
780 -5
781 -81
782 -24
783 -69
784 4
785 -81
786 81
787 71
788 88
789 40
790 97
791 2
792 31
793 -11
794 17
795 27
796 -30
797 -8
798 -67
799 0
800 40
801 1
802 -61
803 97
804 -93
805 -77
806 95
807 24
808 -36
809 -24
810 13
811 11
812 63
813 -41
814 29
815 -60
816 -64
817 39
818 -76
819 -58
820 89
821 68
822 -3
823 -14
824 -34
825 71
826 69
827 -19
828 57
829 79
830 91
831 86
832 55
833 -43
834 -4
835 66
836 -57
837 -65
838 96
839 -61
840 -17
841 -98
842 39
843 -6
844 34
845 -25
846 -19
847 -12
848 10
849 -54
850 41
851 -74
852 68
853 -37
854 -23
855 59
856 -15
857 100
858 -15
859 -21
860 13
861 50
862 -71
863 12
864 -21
865 24
866 100
867 -28
868 86
869 56
870 31
871 -7
872 -12
873 6
874 -65
875 -73
876 -49
877 -96
878 -7
879 -16
880 15
881 96
882 40
883 -91
884 4
885 56
886 29
887 -23
888 48
889 -21
890 -93
891 -69
892 76
893 -28
894 70
895 -80
896 17
897 31
898 56
899 -5
900 81
901 44
902 -39
903 90
904 -64
905 -55
906 76
907 28
908 32
909 46
910 74
911 10
912 -1
913 46
914 -68
915 77
916 45
917 -77
918 -87
919 -3
920 90
921 -33
922 -56
923 -11
924 -82
925 -31
926 -100
927 88
928 19
929 -74
930 -83
931 58
932 -50
933 32
934 72
935 12
936 -14
937 -50
938 8
939 -87
940 -67
941 -52
942 -77
943 32
944 87
945 -38
946 -69
947 -40
948 89
949 -15
950 -38
951 55
952 -58
953 -98
954 -90
955 -84
956 87
957 77
958 21
959 -74
960 -14
961 -27
962 -40
963 8
964 -3
965 -43
966 -32
967 55
968 -11
969 -47
970 15
971 -75
972 -53
973 29
974 74
975 -11
976 44
977 50
978 -48
979 -70
980 18
981 73
982 96
983 -83
984 89
985 31
986 10
987 22
988 9
989 78
990 66
991 -98
992 58
993 -83
994 -98
995 41
996 60
997 52
998 64
999 -36
1000 -18
1001 -25
1002 -90
1003 52
1004 89
1005 2
1006 -60
1007 23
1008 -86
1009 -59
1010 -87
1011 -72
1012 56
1013 29
1014 90
1015 79
1016 80
1017 48
1018 78
1019 -3
1020 58
1021 -57
1022 -54
1023 66
