0 -38
1 -62
2 27
3 -21
4 -43
5 8
6 -86
7 -56
8 -89
9 15
10 11
11 -95
12 75
13 -34
14 -28
15 95
16 -96
17 -18
18 -58
19 51
20 17
21 85
22 36
23 -34
24 48
25 75
26 80
27 -100
28 29
29 18
30 48
31 -79
32 41
33 12
34 -68
35 -90
36 52
37 -49
38 -20
39 17
40 77
41 2
42 -29
43 24
44 -93
45 61
46 100
47 51
48 -16
49 -38
50 56
51 -7
52 26
53 -4
54 -54
55 -40
56 9
57 99
58 40
59 -60
60 -82
61 -5
62 -43
63 -22
64 54
65 52
66 -57
67 73
68 -39
69 63
70 44
71 86
72 -86
73 -77
74 -88
75 60
76 43
77 -26
78 -21
79 54
80 26
81 95
82 -56
83 -91
84 -47
85 -100
86 90
87 -33
88 77
89 -34
90 93
91 -65
92 15
93 -81
94 58
95 86
96 97
97 -74
98 7
99 -67
100 10
101 100
102 -41
103 -59
104 -46
105 64
106 98
107 -70
108 -71
109 -30
110 22
111 -53
112 86
113 39
114 -69
115 -78
116 2
117 -60
118 33
119 -57
120 -7
121 48
122 -8
123 73
124 -100
125 -96
126 -86
127 57
128 71
129 15
130 -36
131 -47
132 -75
133 90
134 -21
135 33
136 -20
137 45
138 45
139 -52
140 -73
141 88
142 -18
143 79
144 97
145 16
146 -7
147 96
148 -30
149 -97
150 50
151 -35
152 -22
153 3
154 -75
155 -38
156 -20
157 -75
158 -21
159 16
160 67
161 20
162 37
163 -91
164 -99
165 -33
166 -53
167 58
168 14
169 61
170 27
171 6
172 46
173 77
174 54
175 -30
176 -15
177 -93
178 -91
179 24
180 -32
181 -89
182 -54
183 -24
184 71
185 32
186 -28
187 -90
188 62
189 -4
190 -61
191 -4
192 -61
193 -8
194 29
195 -40
196 90
197 7
198 -22
199 8
200 10
201 -41
202 99
203 62
204 25
205 -37
206 -68
207 -57
208 30
209 35
210 36
211 -57
212 87
213 19
214 -26
215 91
216 83
217 16
218 -65
219 76
220 -77
221 20
222 60
223 74
224 -73
225 83
226 59
227 -36
228 -23
229 82
230 -95
231 -74
232 13
233 -5
234 34
235 88
236 -51
237 -47
238 -44
239 33
240 -90
241 71
242 82
243 -56
244 17
245 -43
246 3
247 -57
248 -65
249 -22
250 -10
251 5
252 1
253 -26
254 -37
255 -15
256 80
257 -70
258 -63
259 -13
260 -77
261 53
262 50
263 61
264 -18
265 3
266 -84
267 72
268 -90
269 -7
270 -92
271 49
272 -5
273 -27
274 -83
275 -27
276 -80
277 82
278 -26
279 -67
280 -99
281 -91
282 84
283 -44
284 -50
285 -28
286 3
287 2
288 10
289 -95
290 -91
291 -83
292 57
293 -72
294 96
295 -95
296 68
297 -62
298 -45
299 -90
300 -89
301 -56
302 26
303 24
304 -15
305 15
306 -68
307 98
308 59
309 -6
310 -97
311 -91
312 -82
313 -59
314 -44
315 -14
316 -99
317 85
318 50
319 -82
320 -27
321 24
322 -78
323 7
324 75
325 -22
326 62
327 21
328 95
329 -55
330 -53
331 69
332 26
333 21
334 -30
335 -75
336 75
337 10
338 -23
339 21
340 -67
341 23
342 -28
343 -93
344 -94
345 -80
346 -42
347 -28
348 25
349 40
350 -72
351 -62
352 -61
353 -93
354 -58
355 22
356 55
357 16
358 -2
359 69
360 -31
361 -70
362 -34
363 40
364 -45
365 72
366 -33
367 -99
368 94
369 -45
370 -3
371 -20
372 -77
373 6
374 66
375 82
376 75
377 -27
378 14
379 -64
380 33
381 82
382 -36
383 68
384 23
385 31
386 81
387 27
388 -6
389 29
390 -56
391 57
392 77
393 20
394 10
395 -59
396 -95
397 62
398 -47
399 -22
400 21
401 -90
402 6
403 47
404 -9
405 66
406 -73
407 -72
408 -4
409 92
410 73
411 33
412 -51
413 -25
414 -35
415 -15
416 66
417 -57
418 13
419 -64
420 -55
421 -96
422 27
423 -23
424 15
425 -86
426 -79
427 -35
428 71
429 -79
430 26
431 17
432 83
433 -76
434 -30
435 -25
436 42
437 13
438 -45
439 75
440 -60
441 46
442 3
443 -23
444 -85
445 -99
446 30
447 -81
448 -24
449 -68
450 -89
451 42
452 -58
453 -55
454 88
455 38
456 -62
457 -23
458 -26
459 -97
460 55
461 90
462 100
463 -17
464 -74
465 21
466 -43
467 84
468 46
469 -43
470 -88
471 34
472 -44
473 -7
474 -48
475 -64
476 88
477 42
478 2
479 -39
480 16
481 -82
482 -78
483 39
484 -7
485 -67
486 -92
487 13
488 57
489 55
490 -12
491 -32
492 -16
493 11
494 -26
495 -8
496 42
497 -70
498 80
499 72
500 60
501 17
502 -7
503 -69
504 76
505 0
506 -97
507 -75
508 72
509 -35
510 -2
511 -77
512 97
513 57
514 83
515 -2
516 -70
517 -40
518 -82
519 72
520 33
521 87
522 -40
523 -3
524 -6
525 -17
526 -81
527 65
528 83
529 -16
530 -38
531 -54
532 72
533 -77
534 -37
535 26
536 20
537 97
538 -28
539 23
540 91
541 -53
542 -15
543 12
544 -2
545 -1
546 -1
547 25
548 -89
549 89
550 -79
551 28
552 -13
553 -98
554 15
555 -62
556 85
557 -20
558 -16
559 50
560 92
561 100
562 -19
563 -84
564 -18
565 65
566 90
567 7
568 36
569 69
570 -39
571 87
572 25
573 -29
574 -37
575 51
576 -12
577 81
578 34
579 -5
580 30
581 34
582 -45
583 51
584 11
585 81
586 -72
587 11
588 64
589 -7
590 56
591 -21
592 -2
593 39
594 47
595 36
596 -80
597 98
598 66
599 -80
600 -58
601 26
602 -58
603 63
604 73
605 -40
606 33
607 -42
608 -93
609 52
610 79
611 -91
612 -35
613 93
614 90
615 15
616 -42
617 59
618 28
619 52
620 -76
621 -93
622 80
623 39
624 66
625 22
626 80
627 -89
628 11
629 56
630 49
631 11
632 27
633 75
634 -59
635 -43
636 91
637 -50
638 -93
639 -87
640 38
641 -2
642 2
643 -47
644 -3
645 -19
646 -83
647 -15
648 -48
649 -22
650 68
651 -39
652 69
653 34
654 25
655 28
656 -29
657 -90
658 -47
659 85
660 79
661 -16
662 -61
663 -74
664 -81
665 25
666 40
667 1
668 55
669 -23
670 88
671 49
672 -41
673 31
674 -80
675 75
676 -92
677 -38
678 44
679 91
680 9
681 -47
682 87
683 -36
684 66
685 -58
686 -15
687 97
688 16
689 -54
690 74
691 -22
692 -1
693 -35
694 -27
695 57
696 -54
697 -11
698 -95
699 39
700 81
701 91
702 69
703 79
704 -65
705 68
706 49
707 -39
708 -69
709 21
710 -30
711 -50
712 72
713 36
714 53
715 -28
716 -37
717 60
718 -60
719 34
720 -9
721 19
722 -40
723 32
724 33
725 82
726 4
727 -78
728 56
729 2
730 -20
731 29
732 8
733 94
734 -53
735 100
736 -93
737 -37
738 -56
739 85
740 23
741 6
742 97
743 29
744 -1
745 32
746 12
747 -4
748 76
749 25
750 -84
751 28
752 -100
753 60
754 -86
755 -59
756 -70
757 18
758 -38
759 99
760 79
761 57
762 73
763 85
764 21
765 95
766 83
767 -47
768 89
769 80
770 -16
771 23
772 97
773 47
774 60
775 -71
776 58
777 -35
778 -53
779 -17
780 -75
781 -50
782 -35
783 40
784 98
785 11
786 -47
787 2
788 58
789 52
790 53
791 0
792 89
793 -95
794 -76
795 94
796 -73
797 -100
798 71
799 -93
800 76
801 -50
802 4
803 95
804 -58
805 -3
806 69
807 27
808 66
809 -59
810 -61
811 34
812 -8
813 -26
814 -39
815 84
816 55
817 40
818 40
819 -30
820 -33
821 16
822 32
823 68
824 40
825 -75
826 63
827 -92
828 -35
829 -18
830 -49
831 85
832 61
833 -57
834 -96
835 -8
836 -43
837 -14
838 -84
839 -3
840 14
841 39
842 83
843 75
844 74
845 2
846 89
847 60
848 38
849 90
850 45
851 -54
852 -55
853 60
854 -37
855 -40
856 94
857 29
858 86
859 37
860 60
861 89
862 19
863 -99
864 27
865 -60
866 -49
867 27
868 77
869 77
870 32
871 25
872 84
873 20
874 55
875 69
876 5
877 57
878 -43
879 59
880 95
881 -84
882 -43
883 -98
884 60
885 -48
886 79
887 -55
888 7
889 71
890 -15
891 70
892 54
893 32
894 55
895 -59
896 -26
897 -75
898 58
899 75
900 -66
901 -40
902 68
903 93
904 58
905 75
906 -35
907 66
908 11
909 -79
910 -74
911 -96
912 43
913 25
914 51
915 -98
916 62
917 24
918 -1
919 48
920 26
921 43
922 1
923 -97
924 -94
925 -92
926 -3
927 76
928 52
929 -84
930 12
931 -15
932 27
933 21
934 85
935 -97
936 -17
937 88
938 -30
939 -63
940 85
941 -50
942 28
943 28
944 9
945 -13
946 -42
947 -97
948 47
949 -44
950 46
951 -18
952 -17
953 31
954 29
955 44
956 -67
957 -37
958 65
959 -86
960 -58
961 -27
962 1
963 35
964 -27
965 -8
966 12
967 -16
968 70
969 83
970 -43
971 -68
972 -17
973 67
974 -84
975 50
976 65
977 96
978 52
979 91
980 -2
981 20
982 43
983 69
984 14
985 62
986 -62
987 92
988 7
989 62
990 96
991 -40
992 78
993 16
994 93
995 39
996 -17
997 49
998 -73
999 87
1000 85
1001 19
1002 -29
1003 28
1004 -47
1005 -16
1006 77
1007 -31
1008 40
1009 91
1010 -72
1011 43
1012 -52
1013 -29
1014 84
1015 85
1016 -72
1017 -27
1018 16
1019 88
1020 -62
1021 -73
1022 84
1023 84
