0 44
1 86
2 -6
3 77
4 -68
5 -23
6 -20
7 24
8 49
9 -92
10 -65
11 -6
12 -75
13 -39
14 -80
15 -60
16 -81
17 -58
18 -5
19 80
20 -32
21 47
22 60
23 -39
24 40
25 68
26 -48
27 1
28 32
29 -81
30 31
31 -18
32 93
33 7
34 -55
35 -46
36 19
37 -44
38 -53
39 -71
40 82
41 -15
42 43
43 98
44 25
45 16
46 88
47 88
48 -76
49 3
50 -98
51 0
52 -10
53 -31
54 -53
55 17
56 -24
57 -88
58 54
59 11
60 -71
61 27
62 88
63 -19
64 60
65 -11
66 45
67 38
68 -62
69 -41
70 -37
71 75
72 -9
73 90
74 64
75 13
76 -30
77 -98
78 21
79 -39
80 80
81 -94
82 60
83 -47
84 27
85 -39
86 -19
87 2
88 -6
89 -63
90 -8
91 35
92 33
93 77
94 90
95 0
96 -96
97 -86
98 -42
99 -59
100 38
101 39
102 -75
103 -9
104 -85
105 -100
106 82
107 28
108 84
109 14
110 -35
111 54
112 37
113 -47
114 1
115 28
116 12
117 10
118 -35
119 -79
120 47
121 -31
122 -70
123 37
124 -67
125 -94
126 -85
127 88
