0 5
1 -7
2 -59
3 19
4 -7
5 7
6 63
7 -83
8 67
9 38
10 -62
11 55
12 -53
13 -41
14 -41
15 20
16 -14
17 72
18 -48
19 13
20 -32
21 70
22 96
23 -63
24 94
25 -80
26 74
27 31
28 76
29 89
30 51
31 -85
32 94
33 -13
34 91
35 -65
36 41
37 -58
38 28
39 87
40 73
41 75
42 -56
43 47
44 -23
45 19
46 17
47 -57
48 -28
49 -65
50 -67
51 -59
52 97
53 -75
54 5
55 -5
56 -99
57 9
58 4
59 -57
60 -14
61 46
62 -91
63 -31
64 -28
65 96
66 87
67 -87
68 -19
69 51
70 2
71 -65
72 77
73 -53
74 -57
75 -22
76 93
77 -12
78 -87
79 43
80 -5
81 61
82 -5
83 -80
84 -13
85 96
86 37
87 10
88 -92
89 35
90 -66
91 88
92 68
93 20
94 -76
95 -55
96 -56
97 -28
98 1
99 23
100 95
101 93
102 43
103 -27
104 43
105 -58
106 66
107 88
108 17
109 40
110 78
111 -46
112 -38
113 -85
114 -15
115 -38
116 -32
117 -44
118 -89
119 -72
120 -38
121 -31
122 -47
123 -27
124 70
125 -74
126 47
127 78
