0 86
1 36
2 -80
3 28
4 100
5 -31
6 63
7 -2
8 -94
9 93
10 33
11 -65
12 63
13 96
14 14
15 56
16 -53
17 23
18 -21
19 -63
20 87
21 18
22 89
23 85
24 -72
25 -86
26 20
27 18
28 86
29 -75
30 35
31 -13
32 -18
33 89
34 -39
35 -39
36 -14
37 60
38 38
39 -53
40 89
41 36
42 -51
43 45
44 44
45 -46
46 37
47 -38
48 42
49 83
50 -37
51 64
52 -59
53 -96
54 30
55 -43
56 80
57 -11
58 82
59 8
60 -43
61 -47
62 -50
63 26
64 80
65 -9
66 -46
67 51
68 97
69 55
70 93
71 39
72 90
73 -2
74 -6
75 -30
76 16
77 -87
78 -3
79 -73
80 51
81 -88
82 71
83 60
84 19
85 43
86 47
87 57
88 -25
89 99
90 2
91 -53
92 37
93 -60
94 71
95 64
96 12
97 -75
98 12
99 11
100 71
101 91
102 -89
103 71
104 81
105 62
106 38
107 57
108 -89
109 -11
110 -11
111 -24
112 -3
113 97
114 94
115 39
116 4
117 61
118 -49
119 58
120 -38
121 -15
122 -89
123 -13
124 -51
125 -82
126 -86
127 -94
