0 92
1 82
2 -67
3 -77
4 -39
5 50
6 -35
7 -65
8 91
9 73
10 93
11 13
12 34
13 5
14 85
15 -29
16 77
17 -39
18 -11
19 -67
20 -62
21 -83
22 0
23 6
24 44
25 16
26 -58
27 81
28 -57
29 15
30 56
31 72
32 -69
33 26
34 -95
35 -54
36 95
37 -77
38 57
39 44
40 -79
41 20
42 -64
43 -98
44 -28
45 12
46 -49
47 40
48 52
49 9
50 -58
51 -59
52 42
53 73
54 -64
55 -1
56 58
57 -92
58 -97
59 -88
60 27
61 -12
62 95
63 73
64 79
65 -37
66 -7
67 -68
68 -43
69 39
70 26
71 78
72 75
73 -61
74 88
75 87
76 -48
77 74
78 -37
79 -29
80 23
81 41
82 38
83 -81
84 75
85 -90
86 -81
87 51
88 -38
89 -28
90 39
91 -69
92 -75
93 74
94 76
95 58
96 85
97 -35
98 -29
99 35
100 28
101 -11
102 -8
103 -28
104 16
105 -64
106 -88
107 43
108 60
109 72
110 14
111 -95
112 -64
113 30
114 32
115 43
116 -1
117 56
118 50
119 -9
120 96
121 4
122 -36
123 50
124 -58
125 16
126 -13
127 -60
