0 90
1 19
2 13
3 74
4 -91
5 76
6 100
7 1
8 100
9 -34
10 -25
11 -52
12 84
13 58
14 -89
15 41
16 -87
17 32
18 -73
19 75
20 53
21 51
22 21
23 58
24 -84
25 9
26 -2
27 27
28 38
29 5
30 91
31 -38
32 88
33 100
34 -59
35 85
36 8
37 -72
38 15
39 -77
40 22
41 -90
42 -78
43 -75
44 -73
45 -18
46 8
47 91
48 57
49 -4
50 -99
51 31
52 1
53 -64
54 -32
55 54
56 -90
57 -14
58 37
59 4
60 -34
61 72
62 10
63 -57
64 24
65 -59
66 -4
67 -52
68 84
69 -38
70 68
71 89
72 -26
73 -81
74 -36
75 -45
76 1
77 40
78 31
79 100
80 -55
81 -78
82 -16
83 -10
84 -90
85 65
86 -84
87 56
88 59
89 -17
90 -85
91 80
92 -89
93 54
94 -77
95 43
96 -96
97 -78
98 16
99 -9
100 67
101 50
102 44
103 -68
104 -18
105 -94
106 -1
107 64
108 92
109 -92
110 -68
111 93
112 73
113 -12
114 64
115 98
116 21
117 62
118 72
119 46
120 -81
121 -71
122 60
123 16
124 -21
125 -98
126 87
127 -89
