0 58
1 -61
2 -48
3 -1
4 -19
5 4
6 8
7 -63
8 -24
9 96
10 55
11 67
12 -97
13 -54
14 44
15 -78
16 46
17 8
18 78
19 44
20 66
21 98
22 13
23 -62
24 7
25 -41
26 10
27 7
28 -77
29 -85
30 80
31 62
32 82
33 -8
34 6
35 -24
36 96
37 25
38 -52
39 -23
40 -78
41 29
42 3
43 87
44 -12
45 -25
46 1
47 63
48 89
49 -68
50 -9
51 -47
52 -79
53 77
54 -39
55 66
56 -32
57 72
58 66
59 -7
60 -36
61 31
62 -40
63 95
64 -81
65 -67
66 -59
67 -74
68 -33
69 -40
70 97
71 -61
72 92
73 71
74 56
75 -94
76 28
77 -66
78 -71
79 78
80 81
81 89
82 -89
83 -27
84 48
85 66
86 6
87 95
88 -57
89 80
90 64
91 -95
92 -52
93 -81
94 -12
95 -3
96 35
97 -80
98 70
99 48
100 -62
101 -7
102 -38
103 -63
104 48
105 3
106 89
107 -67
108 -55
109 60
110 31
111 78
112 -23
113 63
114 77
115 -11
116 -60
117 -6
118 26
119 25
120 45
121 96
122 -37
123 82
124 6
125 -46
126 -59
127 -75
