0 34
1 71
2 -86
3 -30
4 27
5 38
6 -63
7 -41
8 29
9 -56
10 57
11 95
12 -40
13 -77
14 -9
15 -9
16 -95
17 8
18 94
19 -89
20 -47
21 74
22 76
23 -52
24 72
25 95
26 -65
27 76
28 -40
29 -37
30 -59
31 -36
32 88
33 46
34 6
35 75
36 -18
37 -83
38 51
39 24
40 26
41 -70
42 -44
43 48
44 18
45 4
46 6
47 82
48 43
49 28
50 13
51 -19
52 -52
53 -62
54 39
55 37
56 -100
57 24
58 32
59 -12
60 -65
61 40
62 90
63 89
64 -71
65 -38
66 37
67 -91
68 18
69 -19
70 -20
71 64
72 85
73 -94
74 22
75 -95
76 81
77 23
78 93
79 -32
80 -88
81 -99
82 10
83 -74
84 -52
85 -75
86 28
87 9
88 80
89 -22
90 -61
91 -60
92 90
93 54
94 61
95 -51
96 -56
97 -55
98 -18
99 62
100 96
101 -69
102 -71
103 -22
104 -90
105 5
106 26
107 -88
108 -100
109 73
110 79
111 -88
112 -78
113 -88
114 -99
115 33
116 -8
117 -46
118 42
119 -68
120 84
121 -79
122 -49
123 30
124 -74
125 -43
126 51
127 -53
