0 -86
1 12
2 14
3 -44
4 -19
5 -3
6 60
7 -13
8 -31
9 91
10 78
11 -17
12 -96
13 -70
14 60
15 -25
16 -92
17 -73
18 75
19 -53
20 -70
21 -51
22 51
23 -43
24 52
25 29
26 -3
27 -96
28 97
29 -97
30 15
31 -27
32 -78
33 97
34 17
35 37
36 6
37 38
38 86
39 84
40 100
41 -70
42 83
43 -53
44 44
45 -44
46 -15
47 -92
48 -90
49 -16
50 29
51 -48
52 -85
53 19
54 -58
55 35
56 80
57 -1
58 -100
59 63
60 -69
61 -1
62 -7
63 24
64 -22
65 73
66 -9
67 95
68 -12
69 -100
70 -51
71 -93
72 18
73 -18
74 99
75 55
76 -18
77 3
78 60
79 -77
80 -98
81 79
82 32
83 25
84 -74
85 2
86 42
87 -62
88 -53
89 -67
90 82
91 -54
92 53
93 50
94 80
95 23
96 -83
97 -95
98 0
99 66
100 -71
101 45
102 10
103 -38
104 27
105 -40
106 -85
107 -5
108 -87
109 41
110 -93
111 -28
112 95
113 -65
114 -15
115 -3
116 -35
117 -49
118 -2
119 40
120 -60
121 -93
122 -92
123 39
124 -82
125 -33
126 -67
127 -29
