0 43
1 10
2 -95
3 26
4 1
5 93
6 -33
7 -32
8 35
9 -90
10 78
11 96
12 52
13 -68
14 -99
15 -77
16 -61
17 70
18 42
19 47
20 -80
21 91
22 88
23 -31
24 90
25 -51
26 -17
27 19
28 -24
29 59
30 -61
31 5
32 7
33 29
34 -88
35 91
36 -7
37 -42
38 -85
39 44
40 83
41 -80
42 44
43 -48
44 -18
45 -97
46 -21
47 67
48 18
49 26
50 -60
51 -15
52 95
53 13
54 27
55 -15
56 18
57 -32
58 20
59 53
60 -39
61 46
62 -76
63 -67
64 93
65 -15
66 26
67 -8
68 -76
69 84
70 11
71 -23
72 2
73 -75
74 6
75 37
76 -81
77 86
78 22
79 59
80 90
81 57
82 8
83 36
84 -3
85 -56
86 -37
87 -12
88 83
89 83
90 -2
91 -28
92 89
93 95
94 -11
95 -58
96 45
97 -67
98 -28
99 96
100 -69
101 79
102 -21
103 -44
104 20
105 74
106 86
107 -89
108 -86
109 -78
110 91
111 -44
112 90
113 -33
114 -46
115 51
116 69
117 52
118 -49
119 -48
120 93
121 -13
122 -13
123 79
124 19
125 -64
126 81
127 -10
