0 27
1 -86
2 -76
3 29
4 -81
5 -82
6 88
7 -89
8 78
9 -52
10 51
11 87
12 64
13 75
14 -33
15 -18
16 31
17 -3
18 42
19 50
20 87
21 91
22 3
23 -48
24 90
25 11
26 -92
27 56
28 81
29 -94
30 71
31 94
32 82
33 77
34 21
35 -7
36 -6
37 -11
38 -35
39 86
40 90
41 -6
42 61
43 -16
44 -51
45 -26
46 -66
47 53
48 -52
49 -85
50 100
51 -48
52 -95
53 -56
54 81
55 -2
56 16
57 73
58 -45
59 -35
60 -3
61 63
62 -67
63 -18
64 57
65 89
66 63
67 -92
68 -26
69 -14
70 -68
71 71
72 -47
73 -19
74 98
75 19
76 51
77 -19
78 -24
79 74
80 37
81 -73
82 25
83 67
84 61
85 52
86 19
87 81
88 74
89 51
90 -100
91 17
92 57
93 6
94 -46
95 54
96 91
97 -36
98 -49
99 -99
100 17
101 -58
102 5
103 -89
104 62
105 33
106 -49
107 -20
108 29
109 -65
110 50
111 -51
112 -14
113 -26
114 -91
115 -49
116 49
117 95
118 54
119 20
120 -97
121 37
122 -73
123 -73
124 -16
125 -95
126 71
127 41
