0 -17
1 -38
2 -84
3 -86
4 -93
5 35
6 28
7 -76
8 -58
9 -46
10 -24
11 -58
12 -55
13 48
14 37
15 -9
16 -75
17 -51
18 -48
19 -72
20 -21
21 -82
22 -6
23 -77
24 3
25 -52
26 65
27 66
28 95
29 55
30 63
31 -25
32 38
33 -7
34 -20
35 51
36 -71
37 -45
38 73
39 -97
40 40
41 -98
42 3
43 36
44 57
45 19
46 8
47 29
48 -4
49 31
50 5
51 -60
52 45
53 -43
54 -1
55 -6
56 -60
57 -34
58 -44
59 -67
60 -49
61 27
62 47
63 95
64 -93
65 -97
66 -57
67 41
68 -24
69 -48
70 5
71 -60
72 -38
73 -26
74 -8
75 -98
76 -55
77 -44
78 -99
79 97
80 26
81 -88
82 4
83 -65
84 2
85 36
86 -5
87 -66
88 48
89 11
90 -46
91 20
92 45
93 86
94 -75
95 87
96 13
97 -56
98 -34
99 71
100 -20
101 58
102 91
103 20
104 -92
105 15
106 -97
107 -35
108 -19
109 -93
110 -66
111 -70
112 -29
113 71
114 43
115 82
116 -83
117 31
118 -62
119 62
120 77
121 5
122 71
123 -98
124 -48
125 84
126 81
127 82
128 -16
129 -73
130 -67
131 3
132 38
133 86
134 -67
135 29
136 -59
137 -37
138 87
139 82
140 85
141 3
142 -37
143 27
144 74
145 9
146 -6
147 -13
148 -40
149 81
150 -59
151 50
152 87
153 71
154 -91
155 46
156 82
157 7
158 92
159 -36
160 71
161 35
162 -100
163 -88
164 3
165 18
166 -21
167 49
168 5
169 -68
170 -33
171 9
172 -39
173 64
174 -90
175 35
176 60
177 64
178 -60
179 48
180 45
181 33
182 78
183 5
184 81
185 -95
186 -80
187 53
188 -24
189 -76
190 -14
191 -41
192 57
193 -11
194 42
195 40
196 20
197 51
198 -1
199 -5
200 72
201 30
202 64
203 98
204 -44
205 97
206 35
207 -79
208 43
209 -99
210 -65
211 45
212 -36
213 37
214 -92
215 17
216 -2
217 -87
218 61
219 -87
220 -11
221 34
222 -53
223 -6
224 -58
225 -18
226 14
227 7
228 37
229 -78
230 -27
231 -96
232 -86
233 -46
234 17
235 -33
236 52
237 71
238 98
239 47
240 -77
241 -28
242 -22
243 71
244 -67
245 -8
246 39
247 -60
248 -55
249 -79
250 -23
251 -76
252 58
253 55
254 63
255 -6
