0 -69
1 36
2 12
3 7
4 -44
5 -41
6 80
7 69
8 91
9 55
10 -27
11 -91
12 -19
13 -46
14 12
15 99
16 7
17 42
18 -74
19 -18
20 89
21 -75
22 -81
23 -99
24 70
25 23
26 -32
27 78
28 76
29 -80
30 -30
31 -84
32 -8
33 -95
34 82
35 89
36 -41
37 15
38 97
39 -66
40 -33
41 1
42 90
43 -72
44 -67
45 -71
46 92
47 84
48 81
49 55
50 14
51 -28
52 54
53 23
54 43
55 49
56 75
57 -5
58 13
59 -79
60 45
61 50
62 -26
63 -8
64 -3
65 -64
66 12
67 -68
68 21
69 -67
70 -14
71 68
72 -28
73 85
74 -71
75 -35
76 -98
77 -60
78 44
79 -24
80 100
81 80
82 5
83 55
84 43
85 2
86 79
87 26
88 77
89 96
90 -15
91 65
92 -32
93 -15
94 -59
95 -65
96 39
97 -30
98 -55
99 66
100 82
101 -46
102 82
103 86
104 -98
105 -35
106 -41
107 24
108 97
109 75
110 -52
111 27
112 38
113 37
114 51
115 -14
116 23
117 0
118 -9
119 61
120 -37
121 38
122 56
123 97
124 6
125 44
126 58
127 48
128 -52
129 36
130 41
131 -55
132 68
133 73
134 -61
135 -11
136 5
137 4
138 13
139 20
140 23
141 73
142 3
143 -12
144 55
145 -80
146 97
147 -14
148 -44
149 -90
150 -48
151 62
152 -38
153 -55
154 44
155 98
156 38
157 19
158 -79
159 -22
160 69
161 51
162 -22
163 3
164 90
165 33
166 45
167 19
168 56
169 66
170 67
171 -29
172 65
173 -83
174 98
175 4
176 43
177 -8
178 87
179 2
180 -17
181 84
182 -68
183 -96
184 -37
185 -42
186 -20
187 82
188 -74
189 -47
190 -76
191 -78
192 16
193 40
194 56
195 -86
196 -47
197 -1
198 -29
199 -63
200 56
201 -7
202 -25
203 -89
204 -45
205 -39
206 -21
207 -24
208 70
209 -13
210 59
211 7
212 -52
213 31
214 -38
215 -63
216 -39
217 69
218 37
219 3
220 -49
221 -46
222 50
223 11
224 -1
225 78
226 -73
227 -23
228 -67
229 -48
230 -78
231 85
232 38
233 -98
234 84
235 -28
236 27
237 6
238 -48
239 -99
240 -24
241 80
242 32
243 -11
244 78
245 -99
246 39
247 48
248 -40
249 12
250 54
251 95
252 -53
253 14
254 -30
255 -6
