0 -35
1 -92
2 -51
3 -83
4 33
5 -13
6 77
7 0
8 -71
9 -38
10 71
11 42
12 29
13 85
14 29
15 -23
16 1
17 -40
18 38
19 -64
20 97
21 -85
22 -31
23 -72
24 17
25 32
26 -70
27 -75
28 -7
29 17
30 33
31 -10
32 72
33 -30
34 -32
35 9
36 91
37 -30
38 68
39 -25
40 -28
41 1
42 -23
43 4
44 -22
45 -70
46 -58
47 85
48 -27
49 79
50 88
51 75
52 -100
53 -47
54 28
55 -94
56 -52
57 97
58 59
59 -55
60 -8
61 -44
62 75
63 20
64 -64
65 56
66 -24
67 -41
68 -10
69 -39
70 -39
71 -5
72 -80
73 -55
74 76
75 -18
76 17
77 -42
78 -91
79 -64
80 18
81 93
82 53
83 -46
84 -56
85 76
86 -26
87 83
88 -30
89 -59
90 2
91 -55
92 98
93 62
94 85
95 -61
96 65
97 -70
98 47
99 100
100 38
101 81
102 62
103 30
104 -90
105 -31
106 91
107 22
108 76
109 -64
110 -22
111 -79
112 15
113 16
114 -88
115 -95
116 -63
117 56
118 -41
119 -2
120 -1
121 -78
122 88
123 -89
124 40
125 -94
126 -39
127 52
128 57
129 -56
130 -44
131 12
132 -71
133 91
134 55
135 29
136 5
137 -50
138 17
139 77
140 -12
141 54
142 -14
143 -100
144 17
145 44
146 -76
147 -43
148 4
149 -66
150 79
151 -28
152 60
153 79
154 -4
155 49
156 -50
157 34
158 -65
159 -60
160 -27
161 85
162 12
163 61
164 1
165 30
166 69
167 -54
168 100
169 -46
170 38
171 18
172 -9
173 -28
174 51
175 51
176 54
177 -92
178 -71
179 1
180 88
181 75
182 72
183 -58
184 -67
185 -19
186 43
187 -74
188 -37
189 66
190 79
191 -87
192 -22
193 -7
194 42
195 -29
196 -93
197 51
198 87
199 -63
200 51
201 -94
202 16
203 16
204 -21
205 81
206 -37
207 66
208 -25
209 3
210 42
211 -16
212 -55
213 -4
214 -6
215 -32
216 -100
217 -92
218 -26
219 -27
220 94
221 2
222 89
223 -92
224 52
225 22
226 -74
227 -75
228 83
229 86
230 -29
231 3
232 58
233 68
234 -56
235 -6
236 -15
237 -44
238 0
239 47
240 -20
241 -37
242 33
243 12
244 28
245 -13
246 57
247 -5
248 51
249 -57
250 11
251 -17
252 -91
253 -12
254 75
255 5
