0 -54
1 99
2 38
3 40
4 47
5 -100
6 -31
7 90
8 -62
9 -49
10 53
11 -59
12 -94
13 46
14 14
15 6
16 54
17 -84
18 100
19 -22
20 82
21 -49
22 59
23 -76
24 -42
25 -3
26 -37
27 -81
28 0
29 -93
30 80
31 -57
32 -76
33 -42
34 15
35 57
36 25
37 69
38 -54
39 -92
40 42
41 -24
42 7
43 99
44 52
45 89
46 -88
47 77
48 -32
49 76
50 51
51 64
52 -83
53 72
54 -80
55 31
56 81
57 11
58 -70
59 -98
60 -18
61 20
62 67
63 41
64 -79
65 -64
66 -22
67 30
68 1
69 -30
70 -55
71 -7
72 -96
73 27
74 50
75 60
76 13
77 34
78 95
79 39
80 95
81 44
82 -51
83 3
84 -19
85 -73
86 30
87 79
88 97
89 -69
90 -58
91 -1
92 -56
93 -64
94 79
95 42
96 77
97 51
98 -37
99 11
100 -45
101 73
102 -79
103 90
104 56
105 48
106 81
107 59
108 -73
109 -94
110 -90
111 -73
112 42
113 -67
114 -63
115 -46
116 34
117 -37
118 -72
119 47
120 86
121 -40
122 -74
123 -19
124 -8
125 67
126 39
127 3
128 -93
129 -100
130 -98
131 47
132 4
133 -40
134 39
135 2
136 -35
137 37
138 -65
139 51
140 -44
141 -4
142 56
143 8
144 -10
145 -20
146 -30
147 63
148 -47
149 99
150 -68
151 41
152 51
153 -83
154 89
155 -66
156 53
157 68
158 -19
159 96
160 -18
161 -45
162 -24
163 -56
164 -13
165 -73
166 -48
167 -82
168 -18
169 15
170 -15
171 83
172 -34
173 93
174 93
175 59
176 15
177 -79
178 -20
179 -55
180 -38
181 77
182 85
183 -82
184 88
185 28
186 -58
187 85
188 80
189 -100
190 -77
191 38
192 -83
193 -66
194 -49
195 -45
196 -32
197 -29
198 -67
199 84
200 -87
201 -18
202 22
203 -10
204 71
205 43
206 -95
207 8
208 -77
209 -61
210 97
211 7
212 35
213 37
214 -96
215 -93
216 -16
217 26
218 -14
219 -74
220 25
221 34
222 7
223 10
224 -14
225 25
226 41
227 -6
228 59
229 -4
230 38
231 -20
232 -99
233 34
234 -37
235 -80
236 -84
237 -96
238 -25
239 -66
240 -6
241 -19
242 29
243 -84
244 -94
245 92
246 -39
247 -46
248 37
249 -53
250 27
251 -16
252 -88
253 -36
254 -22
255 -47
