0 52
1 46
2 2
3 92
4 -7
5 -100
6 -65
7 82
8 -90
9 47
10 -98
11 -49
12 -10
13 -83
14 -2
15 93
16 67
17 74
18 -22
19 93
20 57
21 -1
22 -62
23 65
24 30
25 -36
26 3
27 -30
28 57
29 21
30 -12
31 -88
32 17
33 -79
34 6
35 91
36 48
37 5
38 49
39 41
40 -33
41 -75
42 -98
43 68
44 -40
45 51
46 -8
47 -87
48 97
49 -64
50 38
51 71
52 -80
53 61
54 -19
55 43
56 66
57 75
58 -36
59 -75
60 42
61 -98
62 -92
63 -59
64 -29
65 -40
66 -88
67 13
68 16
69 -1
70 -99
71 16
72 -63
73 84
74 -76
75 -97
76 44
77 -67
78 -66
79 30
80 -4
81 98
82 59
83 100
84 -74
85 -97
86 83
87 52
88 -3
89 -52
90 -74
91 59
92 0
93 -46
94 -25
95 57
96 57
97 77
98 -56
99 -23
100 -70
101 -39
102 55
103 -12
104 -85
105 84
106 -59
107 -100
108 -15
109 19
110 31
111 -21
112 47
113 90
114 45
115 39
116 73
117 -18
118 10
119 -58
120 25
121 -65
122 -3
123 -14
124 -32
125 45
126 78
127 51
128 19
129 -40
130 -67
131 -6
132 72
133 -95
134 85
135 -24
136 20
137 -82
138 8
139 -97
140 92
141 -97
142 92
143 -35
144 -70
145 59
146 66
147 95
148 60
149 72
150 95
151 -67
152 -78
153 61
154 61
155 -42
156 72
157 98
158 52
159 96
160 -43
161 100
162 -23
163 72
164 62
165 45
166 60
167 59
168 -24
169 -70
170 -41
171 -88
172 73
173 -90
174 52
175 -41
176 -44
177 -4
178 -73
179 -49
180 97
181 31
182 -34
183 -59
184 -25
185 -4
186 52
187 -9
188 -55
189 66
190 -83
191 -27
192 -39
193 -58
194 12
195 -44
196 -1
197 38
198 -70
199 -94
200 -18
201 91
202 -51
203 -15
204 3
205 25
206 78
207 15
208 -88
209 -41
210 91
211 34
212 5
213 72
214 74
215 -61
216 74
217 2
218 -89
219 -17
220 -54
221 48
222 29
223 -89
224 -84
225 73
226 81
227 -19
228 -59
229 -95
230 -55
231 -17
232 -62
233 51
234 28
235 -34
236 75
237 -12
238 -64
239 35
240 47
241 76
242 40
243 -42
244 93
245 -60
246 86
247 -72
248 46
249 -83
250 -84
251 37
252 31
253 58
254 -96
255 35
