0 -19
1 15
2 89
3 15
4 -88
5 36
6 -78
7 60
8 -26
9 58
10 63
11 2
12 47
13 -30
14 75
15 75
16 -2
17 61
18 -14
19 30
20 78
21 4
22 -94
23 99
24 -21
25 -33
26 -25
27 -6
28 -55
29 -38
30 94
31 -23
32 -64
33 46
34 58
35 49
36 -5
37 -73
38 -48
39 -4
40 -19
41 49
42 -28
43 5
44 -3
45 -4
46 18
47 -12
48 -30
49 -16
50 -71
51 -47
52 14
53 -45
54 -7
55 -13
56 84
57 -93
58 -62
59 60
60 52
61 65
62 -28
63 100
64 -37
65 91
66 95
67 50
68 61
69 28
70 -16
71 -50
72 -48
73 23
74 61
75 24
76 -36
77 94
78 29
79 -100
80 -27
81 -41
82 -27
83 -9
84 44
85 -61
86 -89
87 -86
88 -53
89 17
90 -67
91 70
92 -53
93 36
94 14
95 -60
96 -80
97 -79
98 32
99 82
100 92
101 -16
102 -98
103 86
104 -44
105 93
106 49
107 -6
108 70
109 -28
110 -56
111 99
112 -20
113 63
114 -25
115 -45
116 -54
117 45
118 -18
119 97
120 94
121 21
122 81
123 55
124 -44
125 -89
126 -98
127 -37
128 25
129 -93
130 54
131 74
132 48
133 70
134 82
135 67
136 -47
137 61
138 59
139 -48
140 -8
141 75
142 -3
143 33
144 97
145 52
146 -23
147 47
148 -32
149 75
150 -18
151 -14
152 -44
153 -54
154 -56
155 6
156 100
157 -20
158 58
159 -27
160 -18
161 -100
162 -77
163 38
164 -16
165 -13
166 -7
167 -33
168 -69
169 -12
170 16
171 13
172 34
173 26
174 -45
175 42
176 6
177 60
178 -57
179 -41
180 19
181 -34
182 -67
183 75
184 -95
185 -42
186 -95
187 20
188 56
189 -39
190 -75
191 -60
192 -37
193 86
194 -7
195 71
196 22
197 88
198 -5
199 96
200 -74
201 -82
202 -95
203 -50
204 -72
205 13
206 -1
207 -68
208 91
209 -61
210 -76
211 -29
212 0
213 -34
214 -5
215 92
216 -35
217 -89
218 -41
219 77
220 -26
221 19
222 84
223 51
224 -86
225 -6
226 -99
227 -75
228 99
229 61
230 2
231 31
232 71
233 -33
234 35
235 22
236 73
237 13
238 -31
239 53
240 -52
241 91
242 -25
243 -53
244 -60
245 87
246 -40
247 73
248 97
249 -64
250 21
251 26
252 -41
253 15
254 85
255 80
