0 -63
1 66
2 37
3 -87
4 -27
5 -64
6 55
7 27
8 -97
9 49
10 -62
11 -76
12 76
13 -7
14 6
15 94
16 72
17 -14
18 -41
19 81
20 7
21 -70
22 -30
23 45
24 96
25 88
26 -74
27 13
28 88
29 33
30 67
31 77
32 92
33 -19
34 70
35 -73
36 -27
37 -5
38 -64
39 -4
40 93
41 -18
42 43
43 74
44 92
45 -66
46 -7
47 -99
48 -6
49 35
50 17
51 12
52 92
53 69
54 -25
55 -31
56 -17
57 -11
58 -70
59 -71
60 46
61 -68
62 31
63 33
64 -51
65 -44
66 82
67 -20
68 93
69 -38
70 40
71 37
72 -13
73 40
74 22
75 1
76 -93
77 3
78 38
79 -63
80 58
81 -39
82 -7
83 94
84 4
85 50
86 53
87 -32
88 53
89 -45
90 53
91 83
92 68
93 -64
94 58
95 -80
96 -40
97 -81
98 95
99 1
100 32
101 97
102 87
103 13
104 -69
105 44
106 -21
107 -77
108 -67
109 51
110 -67
111 74
112 -27
113 -88
114 -17
115 -30
116 -35
117 32
118 -3
119 -84
120 -33
121 -31
122 58
123 65
124 9
125 -50
126 92
127 89
128 28
129 -15
130 20
131 32
132 -95
133 -46
134 10
135 -9
136 -58
137 -69
138 23
139 81
140 2
141 -75
142 83
143 -42
144 38
145 44
146 51
147 -100
148 41
149 65
150 92
151 -25
152 69
153 -62
154 -69
155 -95
156 88
157 11
158 39
159 -57
160 -80
161 46
162 32
163 77
164 59
165 68
166 46
167 89
168 -95
169 48
170 -37
171 92
172 -46
173 -11
174 -92
175 42
176 -23
177 100
178 -46
179 37
180 -62
181 -41
182 -61
183 -1
184 -88
185 41
186 0
187 -90
188 -12
189 59
190 -33
191 26
192 -74
193 51
194 8
195 -96
196 -85
197 -41
198 -96
199 42
200 -59
201 19
202 -77
203 -60
204 -24
205 23
206 61
207 -63
208 -56
209 -94
210 -62
211 66
212 -51
213 24
214 -91
215 58
216 -24
217 -38
218 -100
219 63
220 78
221 22
222 96
223 -29
224 3
225 -27
226 -1
227 67
228 25
229 37
230 37
231 -13
232 -95
233 -75
234 -41
235 -90
236 51
237 -82
238 -91
239 21
240 -67
241 55
242 -31
243 94
244 14
245 -11
246 27
247 -22
248 -97
249 -74
250 -53
251 -76
252 -13
253 -73
254 70
255 99
