0 -21
1 5
2 -24
3 -15
4 -57
5 -92
6 -68
7 -52
8 -68
9 96
10 -84
11 76
12 -48
13 -30
14 31
15 -46
16 27
17 -82
18 19
19 96
20 10
21 6
22 -22
23 81
24 70
25 -17
26 -34
27 99
28 64
29 67
30 5
31 -11
32 40
33 88
34 74
35 84
36 40
37 -15
38 71
39 -40
40 -31
41 -85
42 11
43 77
44 -94
45 -24
46 28
47 -85
48 60
49 89
50 95
51 30
52 20
53 11
54 63
55 -27
56 86
57 61
58 -81
59 32
60 -8
61 76
62 66
63 29
64 35
65 -53
66 -17
67 57
68 -78
69 -26
70 -82
71 65
72 67
73 -23
74 -73
75 -18
76 -29
77 -37
78 -49
79 -32
80 36
81 -51
82 77
83 14
84 28
85 12
86 -37
87 -46
88 50
89 -37
90 46
91 80
92 52
93 -98
94 99
95 -88
96 -53
97 35
98 -8
99 83
100 -88
101 -18
102 -40
103 -69
104 100
105 51
106 -66
107 -41
108 33
109 44
110 13
111 -59
112 29
113 57
114 -26
115 100
116 -17
117 46
118 62
119 -17
120 92
121 66
122 83
123 34
124 99
125 85
126 54
127 -94
128 61
129 26
130 -25
131 -28
132 -82
133 10
134 83
135 -47
136 -37
137 65
138 -6
139 84
140 -88
141 -71
142 -16
143 43
144 -69
145 86
146 94
147 16
148 -76
149 99
150 28
151 -100
152 -13
153 -37
154 6
155 -70
156 -98
157 35
158 -59
159 37
160 -88
161 60
162 -46
163 -54
164 -73
165 -18
166 21
167 -98
168 -67
169 60
170 -76
171 -86
172 75
173 -54
174 63
175 -51
176 42
177 6
178 -11
179 49
180 61
181 -19
182 47
183 -27
184 29
185 -84
186 65
187 90
188 38
189 -99
190 7
191 -97
192 -55
193 -96
194 82
195 83
196 -50
197 -32
198 88
199 -83
200 44
201 -17
202 -38
203 17
204 87
205 54
206 6
207 99
208 90
209 65
210 4
211 -57
212 -15
213 -2
214 78
215 -85
216 -90
217 5
218 73
219 86
220 84
221 -7
222 39
223 94
224 81
225 12
226 42
227 16
228 16
229 -52
230 -85
231 34
232 32
233 72
234 -69
235 13
236 -16
237 -70
238 22
239 -45
240 74
241 75
242 71
243 14
244 -62
245 38
246 13
247 -23
248 -90
249 -82
250 13
251 83
252 -64
253 22
254 -97
255 -89
