0 42
1 -68
2 -100
3 -73
4 -63
5 49
6 26
7 -91
8 83
9 56
10 72
11 69
12 75
13 -41
14 31
15 -88
16 -58
17 97
18 -76
19 1
20 59
21 -12
22 47
23 34
24 76
25 -15
26 -12
27 28
28 -23
29 -91
30 -34
31 -54
32 52
33 -16
34 -22
35 77
36 -26
37 -14
38 44
39 -60
40 90
41 -26
42 80
43 -70
44 25
45 96
46 98
47 -61
48 39
49 -28
50 -25
51 -15
52 55
53 -95
54 -80
55 -64
56 -84
57 66
58 69
59 -22
60 25
61 86
62 37
63 -55
64 76
65 70
66 38
67 20
68 88
69 -22
70 27
71 39
72 3
73 63
74 -8
75 -25
76 -1
77 48
78 -36
79 -24
80 -41
81 -18
82 84
83 97
84 55
85 3
86 -50
87 52
88 -75
89 81
90 5
91 9
92 46
93 69
94 -56
95 -49
96 -54
97 59
98 26
99 -80
100 18
101 -9
102 -83
103 -35
104 -4
105 93
106 20
107 -67
108 -79
109 -42
110 12
111 27
112 3
113 38
114 -30
115 -89
116 41
117 88
118 -21
119 -71
120 -4
121 -70
122 3
123 -40
124 -94
125 -9
126 -30
127 46
128 -71
129 -1
130 -1
131 -57
132 -16
133 44
134 93
135 15
136 -21
137 -60
138 -73
139 -39
140 -93
141 -30
142 65
143 12
144 -43
145 -30
146 -14
147 -63
148 -66
149 18
150 47
151 -30
152 -98
153 81
154 -19
155 -31
156 -27
157 44
158 -97
159 -88
160 52
161 -67
162 -53
163 -95
164 54
165 92
166 -9
167 96
168 -87
169 43
170 19
171 -14
172 -91
173 61
174 40
175 69
176 66
177 -97
178 -26
179 -26
180 83
181 50
182 37
183 16
184 15
185 -43
186 65
187 60
188 -65
189 -91
190 -91
191 52
192 56
193 47
194 -6
195 -88
196 12
197 45
198 -78
199 4
200 95
201 26
202 48
203 -3
204 7
205 -25
206 -69
207 98
208 -61
209 73
210 -88
211 11
212 4
213 -93
214 -7
215 0
216 -79
217 78
218 -45
219 92
220 84
221 -60
222 87
223 -96
224 -25
225 61
226 100
227 -99
228 17
229 63
230 -40
231 -58
232 13
233 -57
234 -75
235 -76
236 -12
237 96
238 62
239 -77
240 49
241 50
242 97
243 -86
244 -46
245 -89
246 -47
247 0
248 28
249 -4
250 -23
251 -26
252 12
253 -37
254 78
255 -75
