0 50
1 64
2 -44
3 41
4 53
5 76
6 -46
7 0
8 -32
9 -78
10 11
11 -60
12 56
13 -45
14 62
15 33
16 53
17 36
18 81
19 -4
20 -65
21 54
22 97
23 -12
24 -72
25 25
26 78
27 20
28 -16
29 91
30 47
31 33
32 -49
33 96
34 -72
35 -39
36 71
37 -49
38 57
39 -15
40 -95
41 86
42 69
43 -56
44 -92
45 -25
46 -73
47 -13
48 -36
49 27
50 -47
51 31
52 -25
53 1
54 74
55 77
56 -44
57 -11
58 -1
59 10
60 69
61 -96
62 22
63 9
64 85
65 15
66 -18
67 47
68 -79
69 -67
70 -86
71 -97
72 -48
73 -13
74 39
75 25
76 -79
77 -44
78 15
79 -86
80 25
81 40
82 35
83 26
84 66
85 70
86 -51
87 -72
88 25
89 -62
90 -60
91 -52
92 -88
93 11
94 -8
95 87
96 -84
97 -57
98 -13
99 28
100 -67
101 94
102 -77
103 84
104 38
105 3
106 72
107 -54
108 61
109 39
110 52
111 -29
112 -85
113 -81
114 17
115 30
116 48
117 14
118 74
119 -14
120 53
121 47
122 -88
123 -95
124 -68
125 4
126 -97
127 -27
128 82
129 -12
130 96
131 79
132 93
133 53
134 66
135 32
136 -61
137 -81
138 78
139 93
140 31
141 62
142 79
143 32
144 45
145 -20
146 86
147 9
148 -58
149 -19
150 38
151 39
152 -4
153 19
154 -39
155 10
156 -90
157 62
158 63
159 -25
160 -2
161 -86
162 -63
163 -56
164 -88
165 96
166 80
167 -37
168 -81
169 32
170 -35
171 88
172 -56
173 -58
174 33
175 70
176 -25
177 10
178 5
179 52
180 12
181 5
182 -14
183 -43
184 -41
185 90
186 -89
187 86
188 38
189 77
190 33
191 20
192 -80
193 -38
194 27
195 -78
196 -22
197 -19
198 18
199 1
200 -76
201 -58
202 100
203 35
204 48
205 44
206 48
207 68
208 -95
209 63
210 -11
211 70
212 33
213 56
214 -67
215 16
216 90
217 27
218 -27
219 45
220 11
221 -25
222 -26
223 -22
224 -19
225 -89
226 25
227 -71
228 93
229 -87
230 -30
231 97
232 76
233 -9
234 45
235 -99
236 -23
237 99
238 -46
239 55
240 76
241 -16
242 79
243 -16
244 19
245 -29
246 9
247 63
248 79
249 28
250 -87
251 38
252 -23
253 -33
254 65
255 -79
