0 17
1 -2
2 -63
3 -13
4 -62
5 29
6 85
7 39
8 22
9 -2
10 -72
11 78
12 69
13 -18
14 -33
15 17
16 -17
17 -97
18 4
19 -93
20 3
21 -16
22 -18
23 2
24 -66
25 -49
26 -79
27 -11
28 54
29 -95
30 -14
31 -71
32 7
33 57
34 87
35 -96
36 -72
37 -43
38 -32
39 89
40 100
41 -2
42 -72
43 14
44 -97
45 36
46 -33
47 19
48 88
49 61
50 -62
51 88
52 -7
53 66
54 -15
55 -62
56 0
57 -33
58 28
59 15
60 -81
61 -14
62 -6
63 77
64 -54
65 0
66 -93
67 10
68 19
69 0
70 58
71 72
72 33
73 -70
74 41
75 -8
76 -2
77 -57
78 -2
79 62
80 15
81 -88
82 -4
83 39
84 10
85 29
86 -41
87 5
88 -55
89 -17
90 -77
91 -11
92 9
93 -35
94 94
95 -73
96 -42
97 13
98 -56
99 -65
100 39
101 -93
102 37
103 -58
104 -3
105 54
106 -8
107 -20
108 57
109 40
110 -75
111 -48
112 97
113 -87
114 -45
115 -56
116 -59
117 65
118 -39
119 2
120 53
121 -19
122 -13
123 68
124 -25
125 -16
126 -25
127 27
128 77
129 61
130 -30
131 -45
132 -7
133 -88
134 39
135 52
136 21
137 42
138 -37
139 -50
140 -96
141 -100
142 10
143 93
144 43
145 17
146 -59
147 34
148 -25
149 61
150 -18
151 53
152 50
153 -45
154 33
155 81
156 -6
157 -61
158 -57
159 30
160 -19
161 87
162 -6
163 -41
164 27
165 18
166 -4
167 -18
168 87
169 -52
170 -61
171 48
172 26
173 29
174 73
175 -28
176 -81
177 27
178 31
179 24
180 -61
181 61
182 -74
183 -14
184 -54
185 -18
186 36
187 48
188 -18
189 38
190 53
191 4
192 -37
193 27
194 -18
195 -45
196 44
197 -96
198 -15
199 47
200 -63
201 96
202 3
203 19
204 26
205 -14
206 -68
207 -73
208 -75
209 -63
210 -58
211 -70
212 -7
213 19
214 98
215 15
216 -23
217 59
218 -69
219 -68
220 94
221 20
222 69
223 -75
224 22
225 -85
226 99
227 85
228 -39
229 6
230 -60
231 28
232 -3
233 -71
234 8
235 -92
236 -46
237 40
238 -4
239 -4
240 61
241 2
242 64
243 31
244 25
245 22
246 -19
247 96
248 -32
249 -10
250 -24
251 -33
252 -35
253 -9
254 51
255 61
