0 60
1 23
2 1
3 -96
4 83
5 98
6 -78
7 -94
8 -81
9 -89
10 -17
11 -23
12 -30
13 -9
14 33
15 36
16 -90
17 -13
18 53
19 -63
20 36
21 -3
22 -80
23 60
24 -3
25 -49
26 -45
27 -25
28 12
29 -87
30 -3
31 43
32 4
33 -49
34 82
35 42
36 -74
37 38
38 -33
39 -11
40 3
41 -69
42 1
43 20
44 30
45 -85
46 -45
47 53
48 38
49 -15
50 -66
51 34
52 71
53 -65
54 -43
55 20
56 -48
57 -30
58 56
59 8
60 -57
61 73
62 18
63 -45
64 -98
65 26
66 95
67 20
68 -28
69 1
70 72
71 -61
72 -16
73 -13
74 86
75 62
76 5
77 -3
78 79
79 -30
80 77
81 -1
82 62
83 -27
84 47
85 18
86 74
87 35
88 -14
89 -79
90 -75
91 66
92 89
93 -84
94 75
95 78
96 -91
97 70
98 12
99 -45
100 45
101 -68
102 12
103 95
104 -35
105 -65
106 64
107 21
108 13
109 -84
110 19
111 -16
112 -6
113 -40
114 -1
115 -81
116 -98
117 77
118 85
119 74
120 -99
121 9
122 -83
123 -72
124 -19
125 -22
126 49
127 3
128 -15
129 -82
130 70
131 -69
132 -45
133 -15
134 76
135 45
136 -63
137 33
138 -48
139 -58
140 22
141 48
142 54
143 20
144 91
145 -16
146 0
147 -67
148 -45
149 40
150 65
151 53
152 -20
153 -59
154 -66
155 94
156 9
157 12
158 62
159 -85
160 94
161 -66
162 -76
163 -84
164 -43
165 -53
166 -35
167 -59
168 80
169 13
170 -43
171 72
172 -40
173 -17
174 67
175 48
176 -100
177 32
178 50
179 -80
180 -65
181 60
182 56
183 20
184 51
185 55
186 -7
187 -39
188 58
189 74
190 -84
191 -76
192 49
193 -98
194 37
195 -93
196 20
197 45
198 39
199 -44
200 84
201 -30
202 -34
203 58
204 85
205 68
206 -99
207 57
208 1
209 -63
210 55
211 83
212 35
213 57
214 -71
215 37
216 -32
217 -95
218 -69
219 71
220 26
221 15
222 -96
223 -99
224 -46
225 -29
226 -84
227 -18
228 92
229 -62
230 38
231 7
232 98
233 -92
234 -62
235 -52
236 -3
237 45
238 81
239 6
240 30
241 95
242 -50
243 -65
244 -44
245 93
246 -32
247 82
248 -49
249 -29
250 -5
251 -12
252 70
253 -15
254 50
255 -8
