0 57
1 19
2 -69
3 34
4 64
5 93
6 30
7 25
8 14
9 -7
10 -94
11 -42
12 -57
13 -12
14 -96
15 -99
16 85
17 -96
18 -69
19 63
20 -47
21 34
22 -47
23 -39
24 -54
25 -32
26 -49
27 28
28 66
29 71
30 -91
31 -54
32 -26
33 41
34 -29
35 -19
36 -20
37 68
38 -33
39 -45
40 73
41 -62
42 -27
43 -61
44 -12
45 22
46 -99
47 73
48 21
49 -12
50 85
51 50
52 24
53 70
54 100
55 13
56 32
57 38
58 32
59 82
60 76
61 11
62 92
63 -52
64 -41
65 44
66 -47
67 -4
68 20
69 -30
70 -30
71 -6
72 -81
73 4
74 15
75 -40
76 -38
77 -72
78 -18
79 49
80 95
81 50
82 -97
83 9
84 -2
85 -75
86 95
87 -95
88 -33
89 -38
90 -70
91 -86
92 91
93 -10
94 50
95 1
96 -83
97 46
98 98
99 15
100 -61
101 -28
102 -74
103 -78
104 57
105 91
106 78
107 -91
108 55
109 -88
110 -66
111 41
112 24
113 12
114 -87
115 -23
116 18
117 -52
118 6
119 -19
120 73
121 85
122 -94
123 -8
124 -55
125 -58
126 18
127 -46
128 83
129 -83
130 66
131 48
132 53
133 -84
134 -62
135 -53
136 39
137 44
138 -45
139 -94
140 39
141 2
142 22
143 -46
144 39
145 -74
146 30
147 -1
148 -18
149 79
150 -79
151 -85
152 -51
153 34
154 13
155 -75
156 -70
157 62
158 86
159 -82
160 12
161 -36
162 -82
163 -75
164 76
165 12
166 3
167 88
168 -40
169 -51
170 -31
171 -79
172 21
173 83
174 -43
175 58
176 -29
177 -91
178 35
179 21
180 -6
181 -19
182 -68
183 -90
184 -99
185 79
186 55
187 37
188 18
189 60
190 76
191 75
192 93
193 100
194 59
195 23
196 -43
197 49
198 87
199 60
200 -48
201 45
202 71
203 26
204 8
205 -6
206 -74
207 -55
208 -59
209 28
210 50
211 -73
212 82
213 -86
214 -40
215 92
216 79
217 46
218 -11
219 68
220 97
221 -72
222 12
223 54
224 -26
225 86
226 81
227 64
228 13
229 96
230 -96
231 96
232 98
233 -20
234 83
235 -84
236 30
237 -43
238 -81
239 0
240 -92
241 24
242 23
243 17
244 -43
245 -6
246 42
247 62
248 -9
249 -75
250 -75
251 -47
252 -66
253 -85
254 -17
255 78
