0 -62
1 -16
2 -6
3 -89
4 64
5 90
6 82
7 -80
8 -21
9 -78
10 13
11 57
12 -60
13 -69
14 -79
15 79
16 89
17 -81
18 -96
19 -13
20 -27
21 -3
22 1
23 -74
24 -23
25 87
26 -98
27 -43
28 -90
29 -77
30 62
31 3
32 76
33 -98
34 -20
35 48
36 -5
37 7
38 44
39 -89
40 82
41 -40
42 -32
43 60
44 13
45 51
46 -9
47 -2
48 -44
49 53
50 -33
51 71
52 -80
53 4
54 -3
55 92
56 -17
57 73
58 -96
59 -37
60 -9
61 -72
62 -73
63 -60
64 89
65 -80
66 -44
67 -6
68 -75
69 74
70 43
71 30
72 -94
73 -40
74 65
75 -51
76 15
77 57
78 80
79 51
80 21
81 -25
82 19
83 -12
84 -60
85 42
86 -86
87 -50
88 -41
89 1
90 -67
91 13
92 -26
93 5
94 1
95 40
96 -3
97 74
98 97
99 92
100 89
101 -35
102 -82
103 -19
104 26
105 -1
106 -58
107 53
108 22
109 -46
110 61
111 84
112 -2
113 86
114 -35
115 -72
116 -14
117 74
118 76
119 61
120 -89
121 30
122 -62
123 -51
124 -89
125 12
126 0
127 -80
128 34
129 -37
130 89
131 36
132 68
133 -19
134 49
135 -80
136 -51
137 -52
138 -91
139 70
140 18
141 62
142 20
143 -83
144 -48
145 75
146 12
147 -55
148 -1
149 -42
150 9
151 -56
152 -15
153 13
154 -29
155 21
156 1
157 0
158 11
159 -56
160 -100
161 -8
162 -74
163 36
164 -27
165 -73
166 100
167 -80
168 59
169 99
170 -68
171 11
172 66
173 25
174 57
175 77
176 -94
177 -2
178 89
179 88
180 77
181 -88
182 -79
183 40
184 49
185 -85
186 71
187 72
188 17
189 58
190 79
191 -87
192 -83
193 -29
194 -82
195 -47
196 62
197 13
198 45
199 76
200 -88
201 35
202 48
203 27
204 82
205 -76
206 83
207 -31
208 31
209 31
210 4
211 -54
212 -39
213 83
214 -13
215 65
216 -93
217 -4
218 -60
219 4
220 -23
221 67
222 -30
223 -36
224 57
225 46
226 -12
227 8
228 -80
229 -34
230 -43
231 42
232 12
233 -52
234 76
235 -23
236 -76
237 85
238 -90
239 18
240 92
241 44
242 -93
243 -2
244 14
245 94
246 19
247 99
248 53
249 15
250 54
251 60
252 99
253 -54
254 -87
255 -25
