0 -91
1 -55
2 -83
3 19
4 -94
5 56
6 17
7 -99
8 24
9 51
10 15
11 -25
12 -89
13 -53
14 59
15 -43
16 98
17 -47
18 -44
19 65
20 -29
21 26
22 -22
23 -51
24 -34
25 -2
26 4
27 -55
28 16
29 -64
30 60
31 86
32 34
33 -13
34 -30
35 88
36 -37
37 -57
38 28
39 99
40 71
41 -95
42 -32
43 71
44 -47
45 -58
46 -96
47 -3
48 -19
49 -75
50 -50
51 10
52 40
53 -42
54 50
55 13
56 -34
57 -45
58 55
59 1
60 92
61 -96
62 -3
63 85
64 68
65 -77
66 79
67 -26
68 -46
69 -46
70 90
71 10
72 7
73 71
74 50
75 -30
76 -19
77 42
78 1
79 -46
80 10
81 43
82 55
83 62
84 23
85 -26
86 35
87 51
88 58
89 -17
90 96
91 85
92 -12
93 -45
94 20
95 12
96 0
97 59
98 100
99 78
100 -24
101 -68
102 13
103 47
104 64
105 90
106 -10
107 67
108 -96
109 94
110 -30
111 63
112 98
113 5
114 -37
115 -21
116 -19
117 -20
118 -7
119 44
120 -77
121 -86
122 58
123 19
124 77
125 11
126 -40
127 96
128 -60
129 -11
130 -18
131 -57
132 46
133 80
134 -6
135 -85
136 -89
137 -77
138 72
139 -79
140 -91
141 44
142 -19
143 -94
144 3
145 26
146 42
147 7
148 -10
149 -65
150 18
151 -80
152 -51
153 -9
154 1
155 50
156 21
157 -48
158 -48
159 -97
160 -82
161 99
162 -41
163 -41
164 44
165 10
166 -50
167 -10
168 -10
169 -40
170 66
171 -28
172 58
173 -60
174 49
175 -53
176 11
177 60
178 72
179 -41
180 -2
181 -23
182 -26
183 92
184 26
185 -54
186 61
187 -57
188 45
189 70
190 -39
191 79
192 91
193 -82
194 100
195 -49
196 -82
197 -17
198 -55
199 -87
200 -18
201 41
202 -35
203 35
204 -65
205 -74
206 -4
207 -92
208 -50
209 -68
210 -87
211 -10
212 -91
213 -10
214 7
215 32
216 73
217 -46
218 95
219 69
220 -99
221 86
222 -70
223 72
224 -15
225 -5
226 16
227 -8
228 -85
229 -36
230 -12
231 94
232 16
233 -81
234 71
235 89
236 70
237 59
238 -96
239 80
240 -84
241 14
242 -98
243 -46
244 56
245 78
246 7
247 54
248 42
249 -83
250 36
251 77
252 17
253 62
254 -63
255 -54
