0 42
1 -93
2 40
3 -80
4 -60
5 59
6 -83
7 -48
8 -29
9 77
10 90
11 6
12 -41
13 42
14 89
15 -18
16 -23
17 44
18 90
19 -62
20 51
21 -51
22 73
23 14
24 -43
25 53
26 33
27 -80
28 24
29 69
30 19
31 -54
32 8
33 -64
34 74
35 -51
36 -84
37 100
38 48
39 47
40 2
41 -35
42 29
43 -38
44 -12
45 -4
46 -1
47 50
48 -76
49 -16
50 -57
51 33
52 49
53 -66
54 93
55 63
56 -9
57 -29
58 70
59 -19
60 25
61 -52
62 55
63 89
64 -92
65 -58
66 -57
67 -30
68 63
69 20
70 25
71 -27
72 98
73 61
74 76
75 -68
76 -67
77 76
78 57
79 -24
80 -94
81 37
82 21
83 -26
84 94
85 34
86 -33
87 61
88 -32
89 35
90 -83
91 -7
92 -45
93 -72
94 48
95 58
96 42
97 -2
98 -18
99 -53
100 -82
101 53
102 42
103 55
104 29
105 -39
106 -78
107 37
108 78
109 -32
110 43
111 -19
112 15
113 7
114 55
115 92
116 -1
117 -42
118 19
119 -49
120 -42
121 84
122 47
123 36
124 32
125 77
126 -49
127 22
128 29
129 -20
130 -70
131 -36
132 59
133 76
134 -87
135 33
136 46
137 50
138 -21
139 61
140 -14
141 -41
142 79
143 31
144 9
145 -50
146 -100
147 -17
148 71
149 50
150 -11
151 65
152 92
153 -76
154 2
155 -11
156 39
157 81
158 17
159 70
160 -51
161 -21
162 -30
163 38
164 -5
165 -29
166 65
167 -6
168 90
169 9
170 81
171 65
172 64
173 -12
174 82
175 -79
176 -9
177 -28
178 -59
179 -41
180 -33
181 90
182 -97
183 45
184 31
185 -22
186 -90
187 12
188 -46
189 29
190 -9
191 -62
192 41
193 89
194 -98
195 -8
196 41
197 -76
198 28
199 96
200 23
201 -48
202 60
203 46
204 -83
205 62
206 78
207 -26
208 86
209 -37
210 -69
211 40
212 64
213 -96
214 59
215 -54
216 -52
217 41
218 -33
219 -89
220 -36
221 75
222 30
223 -67
224 6
225 35
226 -95
227 77
228 -65
229 -28
230 -5
231 -67
232 -47
233 -87
234 56
235 14
236 -99
237 -64
238 69
239 42
240 -88
241 18
242 -100
243 -7
244 4
245 58
246 -96
247 29
248 -99
249 81
250 88
251 -51
252 -89
253 -93
254 46
255 15
