0 32
1 14
2 80
3 77
4 23
5 85
6 68
7 -4
8 -63
9 73
10 78
11 -62
12 53
13 -41
14 75
15 12
16 14
17 -38
18 12
19 -45
20 6
21 -64
22 38
23 -91
24 -51
25 88
26 -9
27 24
28 98
29 -28
30 -64
31 -13
32 -34
33 -49
34 -82
35 -5
36 -71
37 -93
38 99
39 96
40 56
41 -33
42 -52
43 -58
44 78
45 91
46 49
47 69
48 -53
49 -2
50 -60
51 23
52 -58
53 52
54 -33
55 -62
56 -31
57 -80
58 95
59 33
60 49
61 -82
62 -1
63 -72
64 -52
65 45
66 -9
67 19
68 -96
69 -87
70 20
71 -94
72 41
73 33
74 11
75 -4
76 -6
77 -7
78 78
79 16
80 -3
81 77
82 -62
83 68
84 -39
85 38
86 -27
87 57
88 -99
89 -73
90 -7
91 96
92 -21
93 10
94 -74
95 74
96 91
97 -78
98 27
99 47
100 -71
101 26
102 -93
103 36
104 -19
105 24
106 -31
107 -71
108 -25
109 -29
110 54
111 29
112 47
113 -36
114 -74
115 -85
116 -15
117 -35
118 -100
119 97
120 1
121 -47
122 -85
123 -45
124 -37
125 27
126 23
127 72
128 30
129 7
130 -39
131 43
132 51
133 96
134 76
135 -84
136 83
137 18
138 -44
139 9
140 30
141 47
142 -43
143 81
144 65
145 -64
146 53
147 60
148 95
149 -67
150 53
151 63
152 85
153 -22
154 -27
155 73
156 0
157 -76
158 73
159 -11
160 -42
161 -86
162 -27
163 -18
164 -47
165 16
166 -45
167 54
168 -97
169 -85
170 25
171 -36
172 79
173 -98
174 -14
175 18
176 28
177 -60
178 86
179 46
180 -8
181 -81
182 -4
183 -18
184 69
185 24
186 -3
187 -48
188 59
189 -12
190 -99
191 -23
192 -1
193 -95
194 16
195 -47
196 -75
197 -28
198 -49
199 33
200 -45
201 97
202 -57
203 -61
204 -47
205 -98
206 -92
207 -54
208 -42
209 74
210 67
211 -47
212 -77
213 -36
214 -36
215 -39
216 61
217 -2
218 91
219 69
220 56
221 -55
222 -54
223 56
224 -8
225 -49
226 -100
227 -39
228 -10
229 69
230 92
231 59
232 -88
233 -12
234 45
235 49
236 18
237 -87
238 3
239 -46
240 1
241 -74
242 100
243 -90
244 -96
245 -9
246 36
247 50
248 -91
249 17
250 71
251 86
252 12
253 -88
254 -56
255 -65
256 91
257 59
258 90
259 24
260 -47
261 52
262 -92
263 43
264 -47
265 -83
266 -95
267 -71
268 7
269 -97
270 -2
271 9
272 7
273 22
274 -59
275 -84
276 -62
277 99
278 74
279 49
280 -71
281 90
282 7
283 56
284 75
285 69
286 -36
287 -79
288 -5
289 -13
290 70
291 -43
292 10
293 99
294 82
295 -45
296 54
297 62
298 33
299 -97
300 -42
301 79
302 17
303 -86
304 65
305 30
306 16
307 -81
308 -86
309 95
310 -93
311 -58
312 5
313 -59
314 26
315 75
316 1
317 68
318 79
319 16
320 40
321 36
322 92
323 87
324 -79
325 -6
326 -1
327 -20
328 -36
329 -51
330 -90
331 -34
332 99
333 88
334 -87
335 -88
336 85
337 29
338 -86
339 47
340 56
341 -38
342 59
343 22
344 70
345 -97
346 -19
347 98
348 0
349 31
350 50
351 -28
352 -39
353 -23
354 38
355 -100
356 -98
357 -53
358 -25
359 -18
360 -68
361 21
362 3
363 -50
364 3
365 -23
366 0
367 -9
368 -66
369 -23
370 -15
371 53
372 59
373 -75
374 94
375 -85
376 -26
377 -68
378 -13
379 47
380 55
381 -92
382 6
383 -69
384 -19
385 -5
386 13
387 -90
388 -32
389 -26
390 -71
391 -71
392 36
393 -60
394 -54
395 56
396 78
397 36
398 67
399 -62
400 -85
401 -38
402 -92
403 -32
404 24
405 -59
406 97
407 19
408 18
409 -21
410 -57
411 74
412 44
413 -98
414 1
415 91
416 80
417 -59
418 -21
419 99
420 -47
421 55
422 -85
423 -96
424 -55
425 97
426 40
427 -8
428 -24
429 75
430 -98
431 50
432 85
433 70
434 90
435 -6
436 95
437 40
438 -77
439 32
440 -3
441 -62
442 -13
443 -76
444 -84
445 -61
446 -60
447 -73
448 -64
449 73
450 -68
451 99
452 31
453 32
454 -37
455 -41
456 62
457 -89
458 14
459 26
460 -58
461 77
462 -26
463 15
464 -43
465 46
466 74
467 -36
468 -83
469 -69
470 2
471 -18
472 75
473 -2
474 62
475 -14
476 -44
477 -28
478 -73
479 23
480 -77
481 62
482 6
483 -70
484 -58
485 56
486 11
487 73
488 51
489 40
490 59
491 8
492 -88
493 35
494 -73
495 -83
496 -35
497 -2
498 -66
499 -86
500 -37
501 -21
502 -43
503 30
504 45
505 73
506 11
507 75
508 -63
509 -95
510 67
511 4
