0 29
1 0
2 -58
3 -97
4 -4
5 10
6 40
7 -12
8 50
9 -41
10 -92
11 11
12 98
13 -54
14 31
15 16
16 43
17 -53
18 -4
19 -72
20 71
21 37
22 -99
23 -48
24 90
25 -100
26 25
27 -75
28 -72
29 -85
30 -68
31 99
32 81
33 -95
34 -38
35 -5
36 92
37 -58
38 38
39 8
40 -16
41 87
42 35
43 42
44 17
45 42
46 97
47 59
48 -15
49 -22
50 93
51 83
52 18
53 32
54 77
55 -25
56 45
57 -66
58 73
59 -91
60 -91
61 58
62 78
63 29
64 55
65 78
66 25
67 -42
68 -99
69 0
70 -41
71 27
72 -70
73 82
74 15
75 -53
76 8
77 -4
78 44
79 32
80 -38
81 -43
82 -66
83 26
84 -47
85 -67
86 -34
87 100
88 92
89 -87
90 43
91 -35
92 -65
93 -58
94 84
95 95
96 70
97 -62
98 -76
99 -48
100 -2
101 -34
102 -94
103 -93
104 89
105 55
106 4
107 56
108 31
109 -95
110 -16
111 -92
112 99
113 52
114 -78
115 -25
116 -26
117 -29
118 91
119 56
120 23
121 14
122 -35
123 -79
124 -36
125 -79
126 32
127 12
128 0
129 35
130 -14
131 -87
132 -80
133 -9
134 43
135 -93
136 -3
137 -49
138 -76
139 88
140 78
141 0
142 -13
143 -100
144 39
145 -9
146 -49
147 57
148 -25
149 44
150 95
151 2
152 7
153 -54
154 -83
155 -34
156 98
157 -52
158 83
159 -73
160 -10
161 86
162 -100
163 81
164 79
165 83
166 -2
167 21
168 40
169 87
170 62
171 33
172 -75
173 82
174 19
175 -78
176 -18
177 -97
178 -57
179 -60
180 89
181 97
182 73
183 -25
184 8
185 38
186 88
187 32
188 -49
189 89
190 -54
191 -46
192 82
193 95
194 45
195 -21
196 -85
197 63
198 26
199 5
200 12
201 -61
202 -12
203 85
204 58
205 24
206 53
207 30
208 92
209 16
210 -86
211 69
212 70
213 -26
214 -58
215 -86
216 -63
217 38
218 15
219 -45
220 20
221 -2
222 55
223 0
224 -82
225 95
226 0
227 38
228 47
229 24
230 -100
231 13
232 4
233 54
234 56
235 0
236 61
237 -70
238 70
239 -50
240 71
241 70
242 -42
243 -13
244 51
245 -77
246 -62
247 -66
248 -71
249 85
250 -32
251 3
252 13
253 8
254 -92
255 -18
256 -22
257 -35
258 -82
259 54
260 11
261 -71
262 12
263 38
264 60
265 -100
266 84
267 -30
268 -24
269 67
270 -96
271 -36
272 -66
273 7
274 17
275 60
276 -76
277 2
278 13
279 -44
280 21
281 57
282 1
283 74
284 100
285 72
286 97
287 75
288 -94
289 -38
290 -77
291 -41
292 -11
293 -5
294 9
295 26
296 34
297 -87
298 -46
299 86
300 -52
301 -69
302 68
303 -2
304 32
305 63
306 -39
307 60
308 94
309 29
310 85
311 -4
312 66
313 -58
314 57
315 -61
316 -61
317 49
318 -29
319 26
320 96
321 38
322 69
323 15
324 -57
325 54
326 -66
327 -2
328 -15
329 -13
330 31
331 -20
332 -68
333 64
334 -89
335 -84
336 -66
337 -53
338 27
339 87
340 100
341 -7
342 -75
343 -99
344 -58
345 -34
346 70
347 -37
348 -39
349 78
350 -31
351 -5
352 -76
353 71
354 -35
355 8
356 51
357 63
358 42
359 -2
360 30
361 8
362 -28
363 91
364 73
365 58
366 15
367 59
368 30
369 -16
370 62
371 71
372 -76
373 -36
374 60
375 -54
376 50
377 50
378 -35
379 -82
380 97
381 59
382 89
383 -20
384 32
385 95
386 -67
387 -11
388 -79
389 79
390 27
391 -1
392 77
393 -8
394 -38
395 23
396 78
397 -37
398 40
399 -13
400 -42
401 24
402 30
403 -23
404 -87
405 -77
406 32
407 8
408 -48
409 28
410 80
411 5
412 96
413 14
414 -87
415 10
416 -21
417 -70
418 88
419 50
420 68
421 -22
422 -39
423 72
424 76
425 50
426 28
427 74
428 -35
429 -85
430 37
431 -29
432 -69
433 57
434 -89
435 -38
436 93
437 16
438 75
439 15
440 26
441 91
442 -78
443 25
444 86
445 74
446 -19
447 34
448 10
449 -94
450 -78
451 -24
452 -27
453 99
454 47
455 -39
456 73
457 -39
458 13
459 23
460 -22
461 27
462 52
463 -83
464 83
465 88
466 55
467 -58
468 -44
469 -93
470 5
471 -39
472 -72
473 49
474 -10
475 -27
476 93
477 -20
478 19
479 100
480 30
481 93
482 78
483 23
484 -63
485 -20
486 -37
487 61
488 -74
489 -85
490 27
491 99
492 98
493 -99
494 97
495 49
496 49
497 -39
498 -68
499 47
500 42
501 -34
502 6
503 -31
504 96
505 8
506 61
507 56
508 -74
509 24
510 -89
511 -69
