0 -87
1 42
2 -60
3 96
4 77
5 75
6 -16
7 85
8 -46
9 -63
10 45
11 74
12 -41
13 -81
14 -6
15 -60
16 28
17 -68
18 -87
19 7
20 20
21 37
22 -33
23 63
24 26
25 -36
26 38
27 -62
28 57
29 -12
30 32
31 -46
32 99
33 77
34 75
35 79
36 67
37 -65
38 21
39 -50
40 -9
41 -48
42 -95
43 -2
44 89
45 73
46 73
47 23
48 -8
49 42
50 -72
51 11
52 -60
53 -1
54 -47
55 18
56 -41
57 21
58 47
59 71
60 -68
61 4
62 46
63 -97
64 -90
65 96
66 -16
67 93
68 -38
69 22
70 -100
71 56
72 -61
73 35
74 -82
75 -42
76 21
77 33
78 70
79 82
80 -49
81 12
82 -72
83 -96
84 87
85 -40
86 18
87 -20
88 -2
89 -66
90 -13
91 -63
92 -13
93 -20
94 36
95 -45
96 -46
97 -49
98 -46
99 44
100 73
101 47
102 77
103 45
104 -38
105 -11
106 63
107 -60
108 -56
109 88
110 -42
111 8
112 64
113 -56
114 -78
115 -32
116 87
117 30
118 25
119 68
120 -81
121 -29
122 -85
123 11
124 42
125 97
126 -31
127 -45
128 52
129 -39
130 -52
131 -42
132 -26
133 84
134 89
135 27
136 -57
137 -19
138 89
139 100
140 -44
141 65
142 -52
143 11
144 39
145 87
146 -73
147 42
148 95
149 -99
150 68
151 -68
152 -61
153 -4
154 58
155 -3
156 -48
157 85
158 -77
159 -11
160 11
161 54
162 -66
163 71
164 66
165 63
166 42
167 -7
168 21
169 -46
170 -81
171 96
172 -38
173 -73
174 -11
175 -52
176 -2
177 -37
178 -4
179 -39
180 -95
181 -78
182 83
183 6
184 51
185 23
186 10
187 -1
188 -20
189 -90
190 -58
191 -35
192 93
193 25
194 -36
195 4
196 94
197 85
198 47
199 26
200 -40
201 73
202 -34
203 1
204 4
205 32
206 12
207 -49
208 -35
209 -25
210 24
211 -43
212 -94
213 -8
214 0
215 17
216 81
217 38
218 87
219 -10
220 -48
221 43
222 76
223 -40
224 -56
225 52
226 -25
227 -74
228 -82
229 95
230 -93
231 91
232 79
233 -34
234 -81
235 -80
236 32
237 10
238 87
239 -2
240 -28
241 -63
242 -24
243 -20
244 88
245 41
246 54
247 58
248 -35
249 91
250 -99
251 96
252 20
253 -97
254 -87
255 -27
256 -100
257 72
258 93
259 -71
260 -98
261 10
262 -21
263 -23
264 -36
265 -73
266 -95
267 58
268 -36
269 16
270 -82
271 -97
272 -90
273 50
274 -60
275 43
276 20
277 83
278 -23
279 -28
280 68
281 18
282 88
283 -27
284 -42
285 97
286 80
287 2
288 95
289 30
290 50
291 97
292 -28
293 -89
294 61
295 -48
296 76
297 -42
298 53
299 -68
300 71
301 -17
302 -91
303 -56
304 32
305 -27
306 10
307 24
308 -20
309 -9
310 -94
311 60
312 -15
313 -50
314 -34
315 93
316 66
317 55
318 -80
319 96
320 7
321 84
322 -57
323 35
324 10
325 71
326 -19
327 30
328 15
329 -30
330 -90
331 -72
332 25
333 45
334 -70
335 -5
336 -91
337 -66
338 92
339 41
340 24
341 -22
342 71
343 -86
344 -18
345 21
346 -83
347 -16
348 89
349 1
350 87
351 28
352 -25
353 -21
354 -72
355 -7
356 -95
357 43
358 -69
359 40
360 88
361 -85
362 -45
363 -76
364 97
365 17
366 97
367 -57
368 -76
369 -37
370 -25
371 36
372 2
373 -83
374 -45
375 -14
376 -76
377 -93
378 86
379 -37
380 -13
381 70
382 62
383 -65
384 -57
385 33
386 33
387 1
388 20
389 -84
390 -66
391 72
392 50
393 72
394 -72
395 27
396 85
397 -72
398 -79
399 6
400 38
401 68
402 31
403 -33
404 45
405 2
406 -83
407 -13
408 -92
409 78
410 -5
411 28
412 -76
413 30
414 -40
415 7
416 -43
417 -23
418 81
419 -12
420 -38
421 -14
422 -73
423 56
424 86
425 -67
426 81
427 -8
428 53
429 19
430 35
431 -36
432 97
433 -59
434 73
435 75
436 76
437 -100
438 83
439 54
440 -3
441 -39
442 92
443 -70
444 100
445 -50
446 -17
447 64
448 13
449 59
450 44
451 -95
452 -34
453 96
454 82
455 65
456 80
457 -9
458 -58
459 -77
460 -54
461 50
462 56
463 84
464 -22
465 64
466 22
467 -78
468 26
469 55
470 -60
471 14
472 18
473 -67
474 -74
475 -47
476 93
477 79
478 -71
479 100
480 -85
481 -8
482 89
483 97
484 -39
485 -30
486 -89
487 90
488 28
489 47
490 -20
491 1
492 45
493 28
494 58
495 79
496 -93
497 -87
498 96
499 30
500 94
501 81
502 81
503 73
504 -11
505 -12
506 82
507 -17
508 -42
509 -57
510 17
511 -96
