0 -5
1 87
2 -74
3 10
4 79
5 -32
6 -31
7 -70
8 76
9 53
10 -7
11 30
12 72
13 -100
14 56
15 -23
16 -38
17 -44
18 -93
19 3
20 -83
21 -68
22 -14
23 100
24 -72
25 -44
26 1
27 9
28 -46
29 77
30 -52
31 24
32 43
33 70
34 40
35 -93
36 -8
37 -13
38 -14
39 46
40 -59
41 24
42 76
43 -84
44 91
45 -84
46 40
47 -17
48 22
49 54
50 -74
51 -63
52 73
53 -83
54 18
55 78
56 -60
57 -51
58 28
59 60
60 -88
61 65
62 93
63 -96
64 42
65 -66
66 -12
67 79
68 -95
69 -56
70 -39
71 94
72 22
73 -64
74 -65
75 -57
76 30
77 -42
78 -75
79 -59
80 42
81 -2
82 35
83 -55
84 -55
85 -58
86 -10
87 -94
88 -1
89 94
90 61
91 -25
92 -92
93 -60
94 -72
95 59
96 -63
97 -64
98 79
99 29
100 -28
101 -59
102 74
103 -27
104 -95
105 -76
106 -73
107 37
108 5
109 -90
110 100
111 -86
112 94
113 -43
114 92
115 -2
116 8
117 -84
118 -37
119 -60
120 -15
121 21
122 16
123 40
124 73
125 29
126 -16
127 84
128 -86
129 -89
130 41
131 21
132 -85
133 -69
134 -36
135 -52
136 37
137 -51
138 66
139 -73
140 97
141 95
142 85
143 -91
144 -41
145 38
146 -37
147 -53
148 42
149 -11
150 82
151 98
152 11
153 72
154 -24
155 -23
156 19
157 5
158 85
159 45
160 -60
161 60
162 48
163 73
164 -34
165 22
166 -42
167 -45
168 92
169 -75
170 -47
171 -33
172 9
173 -96
174 93
175 -87
176 -68
177 -46
178 62
179 89
180 29
181 69
182 68
183 -33
184 3
185 83
186 93
187 -80
188 -91
189 -25
190 -15
191 -45
192 -61
193 97
194 -46
195 -47
196 25
197 43
198 -5
199 -12
200 -39
201 -55
202 -69
203 -86
204 -45
205 88
206 -8
207 56
208 67
209 -68
210 -80
211 -14
212 17
213 63
214 -65
215 18
216 -65
217 61
218 71
219 -29
220 7
221 -87
222 -34
223 74
224 -10
225 -95
226 62
227 -25
228 72
229 -98
230 47
231 -58
232 56
233 -93
234 68
235 47
236 -99
237 -28
238 -36
239 49
240 -17
241 37
242 -89
243 14
244 41
245 -80
246 19
247 -52
248 -16
249 -51
250 28
251 -55
252 16
253 9
254 -15
255 18
256 -19
257 78
258 28
259 84
260 -95
261 14
262 -4
263 35
264 -1
265 -43
266 3
267 89
268 59
269 26
270 -43
271 75
272 -92
273 -28
274 -53
275 50
276 -61
277 30
278 -17
279 27
280 97
281 63
282 -85
283 -86
284 -77
285 -49
286 -59
287 24
288 -42
289 4
290 -72
291 73
292 -80
293 -33
294 24
295 -13
296 5
297 75
298 34
299 -9
300 -98
301 54
302 48
303 80
304 -99
305 -78
306 -16
307 -22
308 69
309 -100
310 6
311 -14
312 13
313 -63
314 75
315 -8
316 32
317 -37
318 4
319 -88
320 3
321 -70
322 5
323 1
324 -69
325 -60
326 22
327 -8
328 15
329 79
330 -40
331 -20
332 47
333 15
334 23
335 -13
336 32
337 38
338 17
339 -84
340 63
341 76
342 50
343 67
344 80
345 26
346 -68
347 -21
348 -20
349 -42
350 -28
351 -41
352 -83
353 -90
354 -54
355 -47
356 46
357 -3
358 66
359 52
360 -14
361 -83
362 -8
363 2
364 2
365 37
366 -75
367 0
368 49
369 48
370 1
371 22
372 -5
373 80
374 -98
375 -48
376 -78
377 73
378 -52
379 60
380 -51
381 12
382 -47
383 40
384 52
385 83
386 16
387 62
388 -15
389 15
390 60
391 -97
392 70
393 -22
394 84
395 -10
396 -25
397 -90
398 100
399 -10
400 -82
401 -94
402 -49
403 -94
404 1
405 -50
406 64
407 57
408 97
409 70
410 -44
411 19
412 -16
413 -30
414 -53
415 -63
416 -76
417 -53
418 -44
419 54
420 51
421 33
422 60
423 -96
424 -83
425 31
426 13
427 -92
428 64
429 -55
430 32
431 -43
432 -42
433 33
434 -1
435 -19
436 -50
437 73
438 -97
439 59
440 17
441 64
442 -33
443 -45
444 98
445 59
446 -92
447 -20
448 23
449 -25
450 63
451 83
452 21
453 -42
454 6
455 26
456 72
457 53
458 92
459 -47
460 -1
461 9
462 -47
463 39
464 -75
465 -92
466 87
467 47
468 0
469 -43
470 -54
471 68
472 -11
473 -94
474 -38
475 -98
476 -52
477 -90
478 31
479 12
480 -16
481 98
482 -33
483 -9
484 23
485 -92
486 100
487 3
488 29
489 -100
490 -78
491 -23
492 13
493 -36
494 15
495 29
496 24
497 75
498 -91
499 31
500 -68
501 -82
502 34
503 -79
504 34
505 61
506 -89
507 32
508 -83
509 -97
510 97
511 -80
