0 55
1 2
2 -37
3 5
4 63
5 -69
6 -13
7 80
8 -20
9 7
10 96
11 -15
12 -78
13 14
14 20
15 6
16 45
17 -45
18 31
19 -53
20 -21
21 45
22 5
23 61
24 -8
25 87
26 27
27 -46
28 34
29 -58
30 31
31 68
32 -4
33 55
34 89
35 25
36 93
37 34
38 -47
39 -98
40 -66
41 80
42 65
43 54
44 -66
45 29
46 -43
47 -86
48 -33
49 10
50 30
51 -75
52 81
53 61
54 92
55 -17
56 -85
57 77
58 44
59 13
60 19
61 -57
62 81
63 28
64 57
65 -39
66 -44
67 -98
68 -36
69 -35
70 19
71 81
72 -77
73 -64
74 -59
75 -50
76 36
77 28
78 14
79 -15
80 50
81 -30
82 51
83 60
84 22
85 22
86 -84
87 -21
88 -94
89 42
90 -47
91 -90
92 -2
93 -98
94 2
95 -58
96 -39
97 -7
98 90
99 -74
100 0
101 24
102 -81
103 43
104 -10
105 30
106 69
107 38
108 51
109 -19
110 -61
111 93
112 -90
113 -64
114 -34
115 60
116 92
117 -87
118 -31
119 24
120 -82
121 0
122 25
123 -95
124 -97
125 -26
126 -29
127 66
128 19
129 46
130 -38
131 -25
132 79
133 -62
134 -89
135 91
136 33
137 -47
138 51
139 89
140 11
141 -94
142 13
143 -41
144 51
145 74
146 -92
147 -52
148 9
149 81
150 -81
151 88
152 -87
153 -79
154 20
155 -66
156 -46
157 39
158 30
159 -7
160 -15
161 -45
162 22
163 -53
164 -58
165 43
166 -52
167 70
168 41
169 -36
170 0
171 -73
172 27
173 1
174 96
175 42
176 -65
177 39
178 -46
179 93
180 14
181 -41
182 89
183 -23
184 78
185 -30
186 49
187 32
188 -3
189 100
190 99
191 -8
192 8
193 0
194 100
195 93
196 63
197 84
198 87
199 9
200 46
201 62
202 -26
203 -66
204 98
205 11
206 70
207 -79
208 -9
209 -30
210 81
211 53
212 -67
213 -99
214 88
215 -62
216 -83
217 97
218 -39
219 -81
220 -16
221 32
222 -9
223 11
224 -60
225 87
226 41
227 19
228 -19
229 -85
230 -70
231 -48
232 80
233 -24
234 88
235 59
236 -16
237 -62
238 -24
239 50
240 -88
241 -63
242 -62
243 38
244 12
245 77
246 -43
247 -87
248 -64
249 -40
250 70
251 -95
252 96
253 -69
254 -18
255 70
256 -72
257 53
258 -36
259 96
260 18
261 -7
262 -86
263 21
264 16
265 31
266 30
267 -93
268 60
269 -11
270 -24
271 10
272 -22
273 94
274 36
275 64
276 13
277 -75
278 24
279 -26
280 19
281 -45
282 38
283 33
284 59
285 70
286 85
287 77
288 -36
289 31
290 32
291 47
292 86
293 -91
294 -100
295 60
296 1
297 -48
298 -8
299 69
300 59
301 -65
302 -84
303 36
304 73
305 -74
306 -21
307 26
308 -86
309 -68
310 49
311 -76
312 31
313 38
314 -27
315 27
316 -80
317 -53
318 -66
319 93
320 -31
321 -5
322 34
323 29
324 -76
325 27
326 -14
327 63
328 74
329 -3
330 18
331 -60
332 -47
333 12
334 57
335 -19
336 -95
337 -31
338 16
339 51
340 63
341 38
342 -71
343 89
344 25
345 1
346 86
347 75
348 -94
349 -79
350 -86
351 89
352 51
353 -3
354 -46
355 17
356 -95
357 -34
358 -65
359 -37
360 12
361 98
362 -33
363 -63
364 93
365 44
366 64
367 57
368 -47
369 -66
370 -12
371 -79
372 44
373 -87
374 81
375 -29
376 90
377 61
378 -28
379 -78
380 45
381 31
382 13
383 -2
384 -16
385 54
386 -35
387 -14
388 81
389 -41
390 -6
391 32
392 -2
393 31
394 96
395 -7
396 66
397 23
398 56
399 -63
400 94
401 -41
402 94
403 -75
404 -66
405 34
406 -2
407 78
408 -9
409 -69
410 -2
411 -48
412 55
413 -1
414 40
415 45
416 41
417 -57
418 50
419 93
420 2
421 90
422 8
423 53
424 95
425 -16
426 -29
427 61
428 42
429 -62
430 28
431 -63
432 -7
433 -45
434 23
435 68
436 11
437 -41
438 -90
439 10
440 46
441 -84
442 16
443 18
444 -1
445 63
446 53
447 66
448 42
449 15
450 -77
451 -50
452 68
453 -46
454 -81
455 -55
456 -30
457 33
458 75
459 -13
460 0
461 -50
462 83
463 1
464 -25
465 63
466 5
467 -61
468 59
469 81
470 -23
471 -6
472 53
473 -4
474 100
475 -56
476 -7
477 81
478 97
479 50
480 97
481 -54
482 -3
483 31
484 -89
485 -68
486 92
487 5
488 69
489 15
490 63
491 -41
492 85
493 63
494 -63
495 -41
496 28
497 89
498 -73
499 98
500 -57
501 -72
502 -91
503 -87
504 -86
505 -27
506 -28
507 57
508 52
509 -34
510 -89
511 74
