0 -43
1 -16
2 -47
3 90
4 25
5 70
6 -14
7 56
8 -5
9 -20
10 6
11 10
12 -9
13 -51
14 85
15 29
16 -25
17 33
18 -4
19 -99
20 66
21 77
22 85
23 1
24 -82
25 16
26 -19
27 -50
28 -61
29 -44
30 -25
31 -56
32 -28
33 52
34 -84
35 -75
36 30
37 -42
38 -37
39 13
40 47
41 15
42 59
43 -83
44 72
45 -5
46 -83
47 -17
48 87
49 91
50 -26
51 11
52 64
53 99
54 -24
55 94
56 -77
57 78
58 60
59 -32
60 17
61 54
62 83
63 38
64 88
65 -73
66 -84
67 26
68 60
69 -12
70 -37
71 -17
72 -67
73 -73
74 -80
75 -40
76 47
77 -83
78 5
79 -85
80 6
81 24
82 -45
83 65
84 20
85 -11
86 78
87 38
88 40
89 -86
90 -4
91 60
92 64
93 -35
94 4
95 -25
96 86
97 64
98 84
99 78
100 99
101 -60
102 42
103 -13
104 14
105 32
106 -53
107 -72
108 -43
109 5
110 -44
111 2
112 17
113 41
114 -50
115 25
116 -93
117 8
118 55
119 -8
120 80
121 -38
122 -21
123 82
124 86
125 -35
126 74
127 -15
128 -65
129 -43
130 47
131 10
132 -95
133 75
134 8
135 86
136 -52
137 -67
138 2
139 31
140 -1
141 41
142 36
143 61
144 -43
145 0
146 46
147 -37
148 4
149 77
150 97
151 -34
152 20
153 28
154 51
155 62
156 61
157 -98
158 -69
159 -100
160 -32
161 61
162 -66
163 81
164 46
165 85
166 -3
167 63
168 91
169 -6
170 -76
171 19
172 34
173 -79
174 -86
175 69
176 49
177 -43
178 58
179 -12
180 -69
181 93
182 62
183 -40
184 22
185 -16
186 62
187 -13
188 -59
189 37
190 57
191 -36
192 93
193 -49
194 28
195 100
196 8
197 -93
198 68
199 -56
200 -79
201 25
202 10
203 -4
204 -6
205 -27
206 28
207 -83
208 80
209 39
210 65
211 -82
212 15
213 -29
214 -81
215 62
216 25
217 -11
218 95
219 -93
220 41
221 -11
222 -88
223 -95
224 -74
225 -84
226 -61
227 64
228 -97
229 -4
230 -35
231 37
232 -40
233 -9
234 -6
235 -16
236 -27
237 -95
238 36
239 -45
240 -48
241 16
242 -79
243 66
244 73
245 -69
246 -16
247 -25
248 -90
249 -52
250 -28
251 -20
252 -43
253 39
254 92
255 -75
256 -10
257 2
258 -21
259 10
260 -19
261 63
262 -6
263 94
264 -97
265 73
266 25
267 84
268 70
269 -62
270 -80
271 -42
272 8
273 90
274 80
275 54
276 44
277 14
278 -31
279 77
280 -6
281 1
282 4
283 60
284 70
285 -83
286 -64
287 40
288 -11
289 -1
290 -73
291 87
292 95
293 26
294 -55
295 -5
296 9
297 -28
298 -83
299 65
300 -52
301 30
302 -50
303 -53
304 -2
305 -32
306 41
307 -52
308 5
309 -26
310 37
311 61
312 -24
313 -87
314 -43
315 -85
316 43
317 -76
318 -71
319 -99
320 -82
321 37
322 27
323 11
324 -55
325 -85
326 -4
327 -75
328 20
329 -19
330 -9
331 -74
332 -93
333 -4
334 46
335 -7
336 69
337 33
338 6
339 91
340 39
341 -10
342 -26
343 55
344 25
345 30
346 61
347 19
348 -67
349 -52
350 97
351 -39
352 37
353 13
354 -22
355 -73
356 23
357 -74
358 -84
359 -10
360 54
361 13
362 -54
363 60
364 59
365 -8
366 -73
367 -2
368 -97
369 -28
370 -16
371 56
372 -73
373 18
374 -46
375 89
376 -38
377 88
378 -60
379 -35
380 -25
381 19
382 44
383 58
384 -54
385 -1
386 -88
387 94
388 -5
389 -20
390 48
391 -85
392 13
393 -37
394 -61
395 59
396 -57
397 -77
398 -85
399 94
400 49
401 -43
402 -89
403 -42
404 -10
405 57
406 -87
407 65
408 72
409 -23
410 -43
411 -42
412 65
413 53
414 -90
415 67
416 78
417 -67
418 35
419 76
420 -47
421 -83
422 19
423 -98
424 -78
425 -2
426 34
427 35
428 -32
429 67
430 35
431 -83
432 -39
433 -12
434 -73
435 96
436 15
437 8
438 49
439 -84
440 82
441 -94
442 59
443 -89
444 22
445 1
446 89
447 -91
448 -44
449 -24
450 -13
451 100
452 97
453 -7
454 -60
455 82
456 -66
457 0
458 4
459 -75
460 -89
461 60
462 -85
463 -58
464 54
465 77
466 -20
467 -73
468 60
469 -91
470 -53
471 -93
472 40
473 34
474 -15
475 -8
476 35
477 -99
478 38
479 83
480 53
481 45
482 50
483 93
484 63
485 -76
486 -33
487 -9
488 -78
489 89
490 -12
491 -91
492 5
493 46
494 -68
495 78
496 21
497 37
498 -52
499 -53
500 -23
501 -9
502 -32
503 -34
504 7
505 39
506 44
507 -63
508 60
509 -4
510 -17
511 -1
