0 -77
1 -13
2 -40
3 -29
4 -84
5 97
6 -69
7 40
8 77
9 -72
10 89
11 -88
12 95
13 -50
14 32
15 -31
16 84
17 -97
18 -15
19 -1
20 0
21 -78
22 39
23 37
24 92
25 29
26 11
27 -24
28 71
29 -100
30 -22
31 73
32 -87
33 -88
34 -11
35 -87
36 -65
37 -50
38 -41
39 63
40 86
41 -95
42 -45
43 -84
44 -61
45 43
46 27
47 86
48 -93
49 13
50 79
51 28
52 71
53 31
54 -45
55 13
56 33
57 77
58 26
59 -36
60 97
61 -26
62 77
63 -100
64 -54
65 -82
66 -32
67 -1
68 -43
69 19
70 -50
71 75
72 53
73 -3
74 -94
75 66
76 43
77 -66
78 -61
79 -17
80 -93
81 -39
82 -45
83 13
84 45
85 -64
86 -12
87 32
88 40
89 24
90 -88
91 9
92 50
93 -13
94 47
95 13
96 71
97 -98
98 22
99 -44
100 -61
101 6
102 92
103 -34
104 -25
105 -11
106 -96
107 17
108 -13
109 -66
110 89
111 65
112 15
113 -69
114 81
115 -91
116 75
117 31
118 -76
119 -69
120 -87
121 -86
122 -46
123 94
124 -61
125 100
126 -23
127 39
128 79
129 -14
130 -75
131 32
132 -75
133 63
134 -27
135 -87
136 -63
137 35
138 88
139 -68
140 53
141 -78
142 -96
143 24
144 -89
145 -5
146 -64
147 8
148 -7
149 -69
150 24
151 85
152 26
153 -97
154 88
155 94
156 -35
157 2
158 95
159 33
160 -37
161 -51
162 -37
163 -86
164 71
165 -21
166 59
167 0
168 100
169 -59
170 -12
171 -93
172 -16
173 -23
174 97
175 0
176 87
177 11
178 -91
179 37
180 -79
181 -76
182 -60
183 -55
184 -42
185 -19
186 -3
187 -50
188 -20
189 -70
190 65
191 70
192 -98
193 6
194 89
195 -49
196 -51
197 -70
198 -93
199 -25
200 53
201 3
202 -4
203 79
204 8
205 95
206 5
207 -78
208 4
209 -10
210 -41
211 -77
212 -46
213 -71
214 -76
215 98
216 -2
217 -44
218 49
219 46
220 -56
221 -23
222 16
223 16
224 12
225 63
226 75
227 22
228 -96
229 39
230 7
231 -40
232 -32
233 -12
234 72
235 -1
236 -59
237 -14
238 -3
239 29
240 91
241 97
242 -15
243 73
244 -56
245 17
246 87
247 8
248 -31
249 61
250 10
251 17
252 -11
253 -17
254 -56
255 32
256 35
257 -2
258 -39
259 -78
260 84
261 -66
262 -77
263 -62
264 42
265 -54
266 -52
267 -76
268 -2
269 85
270 19
271 51
272 -95
273 -26
274 -53
275 74
276 -37
277 47
278 16
279 -75
280 98
281 -4
282 53
283 27
284 33
285 73
286 14
287 75
288 75
289 -32
290 -43
291 -36
292 100
293 -76
294 16
295 -3
296 29
297 83
298 -54
299 50
300 -36
301 81
302 27
303 -33
304 74
305 -30
306 -86
307 -79
308 -39
309 32
310 -31
311 -21
312 -81
313 100
314 -98
315 -31
316 68
317 11
318 38
319 -96
320 -86
321 67
322 70
323 35
324 -44
325 97
326 -77
327 -44
328 87
329 8
330 -8
331 87
332 33
333 37
334 -17
335 -77
336 -89
337 -97
338 18
339 -46
340 75
341 73
342 95
343 54
344 -37
345 43
346 47
347 98
348 -28
349 96
350 -1
351 7
352 0
353 -28
354 -96
355 -61
356 55
357 -67
358 71
359 91
360 -60
361 -80
362 17
363 38
364 -88
365 -80
366 73
367 -78
368 47
369 16
370 92
371 28
372 78
373 100
374 -44
375 -73
376 -93
377 -85
378 -20
379 38
380 -36
381 -12
382 -6
383 -57
384 -21
385 93
386 -26
387 -47
388 13
389 44
390 29
391 -1
392 49
393 -47
394 20
395 -54
396 4
397 62
398 -32
399 -72
400 -99
401 -36
402 90
403 32
404 58
405 -65
406 -1
407 -76
408 6
409 58
410 63
411 56
412 -39
413 -87
414 29
415 77
416 9
417 -62
418 24
419 -63
420 16
421 -33
422 97
423 10
424 -11
425 59
426 -93
427 -47
428 94
429 83
430 39
431 -98
432 12
433 -84
434 38
435 -89
436 4
437 -88
438 53
439 -76
440 -97
441 40
442 55
443 -66
444 97
445 -7
446 -46
447 -73
448 -47
449 -27
450 96
451 37
452 94
453 28
454 94
455 92
456 28
457 -56
458 30
459 -77
460 64
461 -78
462 83
463 21
464 -34
465 30
466 -26
467 50
468 77
469 51
470 12
471 80
472 18
473 -85
474 -19
475 -5
476 87
477 -79
478 -70
479 2
480 16
481 -48
482 38
483 86
484 -87
485 -45
486 9
487 -25
488 -49
489 39
490 15
491 99
492 10
493 36
494 -14
495 -3
496 47
497 -5
498 -61
499 58
500 -100
501 79
502 99
503 57
504 -93
505 92
506 -16
507 -41
508 93
509 -40
510 -34
511 6
