0 -73
1 -87
2 81
3 24
4 -56
5 26
6 -53
7 99
8 -100
9 -81
10 -22
11 5
12 -84
13 -41
14 71
15 -78
16 -32
17 -25
18 77
19 -91
20 -47
21 -4
22 -64
23 46
24 -11
25 -66
26 15
27 28
28 -70
29 -84
30 60
31 73
32 -12
33 14
34 31
35 -13
36 15
37 4
38 6
39 57
40 -34
41 -70
42 -73
43 5
44 39
45 -40
46 7
47 41
48 -7
49 -73
50 -35
51 -57
52 -49
53 -34
54 54
55 -76
56 11
57 -30
58 5
59 60
60 -82
61 -22
62 -47
63 -7
64 71
65 35
66 -37
67 -42
68 96
69 5
70 19
71 61
72 -51
73 -81
74 -93
75 66
76 -22
77 -71
78 66
79 -24
80 -59
81 18
82 -79
83 -35
84 22
85 -4
86 69
87 4
88 32
89 88
90 -71
91 -26
92 -98
93 6
94 57
95 98
96 -36
97 -1
98 83
99 -6
100 -70
101 -42
102 -61
103 -76
104 28
105 91
106 100
107 12
108 -48
109 -22
110 87
111 31
112 40
113 -58
114 40
115 -99
116 57
117 58
118 16
119 -84
120 11
121 -24
122 83
123 22
124 27
125 71
126 9
127 68
128 -39
129 -32
130 78
131 -23
132 52
133 27
134 86
135 81
136 73
137 3
138 83
139 38
140 -54
141 53
142 95
143 84
144 69
145 -73
146 -97
147 -74
148 -14
149 76
150 85
151 91
152 40
153 39
154 40
155 -35
156 34
157 -94
158 6
159 61
160 43
161 -90
162 85
163 75
164 31
165 -9
166 11
167 -18
168 -45
169 -96
170 99
171 32
172 48
173 -85
174 -10
175 -85
176 21
177 -6
178 15
179 2
180 1
181 -8
182 -47
183 91
184 -23
185 -9
186 90
187 -98
188 53
189 53
190 96
191 -33
192 80
193 -26
194 36
195 35
196 -78
197 3
198 -67
199 13
200 -90
201 -53
202 -4
203 34
204 51
205 27
206 -73
207 -14
208 -19
209 -95
210 -88
211 13
212 -86
213 -84
214 71
215 95
216 84
217 -34
218 17
219 6
220 -59
221 -53
222 58
223 48
224 86
225 6
226 -91
227 5
228 32
229 -78
230 -61
231 33
232 -33
233 -13
234 2
235 100
236 -93
237 22
238 -38
239 57
240 -77
241 43
242 27
243 -57
244 -57
245 49
246 74
247 -19
248 24
249 -22
250 -17
251 -76
252 0
253 51
254 91
255 60
256 -30
257 -42
258 1
259 -33
260 -87
261 65
262 -78
263 8
264 -32
265 78
266 -87
267 -83
268 -49
269 41
270 54
271 1
272 91
273 -82
274 -40
275 -91
276 -100
277 -89
278 79
279 65
280 47
281 -94
282 99
283 99
284 -83
285 23
286 36
287 -10
288 66
289 -15
290 5
291 54
292 -26
293 -31
294 -68
295 -86
296 -67
297 96
298 37
299 -15
300 20
301 -27
302 100
303 -76
304 29
305 46
306 50
307 95
308 69
309 72
310 -44
311 -43
312 -4
313 -95
314 77
315 -4
316 -44
317 2
318 56
319 31
320 -51
321 -8
322 91
323 -18
324 8
325 -45
326 3
327 52
328 69
329 -24
330 -29
331 -76
332 50
333 -64
334 1
335 -47
336 -5
337 -100
338 -50
339 70
340 53
341 76
342 50
343 -10
344 31
345 25
346 -7
347 23
348 -4
349 43
350 32
351 -57
352 -13
353 -100
354 60
355 81
356 56
357 35
358 -44
359 -31
360 -16
361 24
362 -46
363 79
364 29
365 92
366 64
367 27
368 0
369 -94
370 71
371 -21
372 15
373 47
374 14
375 77
376 -49
377 -57
378 39
379 -35
380 -22
381 -26
382 100
383 -68
384 34
385 -48
386 11
387 -41
388 45
389 -62
390 -66
391 42
392 31
393 -3
394 23
395 -38
396 -95
397 -81
398 -100
399 91
400 7
401 64
402 -89
403 70
404 -22
405 -66
406 86
407 4
408 53
409 -39
410 -36
411 40
412 28
413 -60
414 1
415 -1
416 -98
417 -86
418 -68
419 53
420 -45
421 24
422 76
423 49
424 13
425 61
426 -16
427 -59
428 -70
429 96
430 81
431 25
432 46
433 -59
434 4
435 -28
436 15
437 2
438 -56
439 3
440 4
441 -12
442 61
443 78
444 -42
445 61
446 -93
447 -38
448 -62
449 16
450 97
451 29
452 -67
453 88
454 -30
455 36
456 37
457 86
458 -100
459 29
460 86
461 -77
462 -31
463 88
464 42
465 76
466 -90
467 79
468 8
469 30
470 54
471 -60
472 -86
473 -63
474 91
475 22
476 89
477 10
478 -49
479 29
480 -45
481 -94
482 31
483 -10
484 -72
485 77
486 72
487 -54
488 25
489 -16
490 73
491 -98
492 3
493 47
494 6
495 83
496 72
497 -96
498 58
499 -99
500 98
501 -48
502 -54
503 -28
504 -3
505 -86
506 -20
507 -61
508 -38
509 -1
510 17
511 97
