0 12
1 -40
2 -100
3 -22
4 -49
5 62
6 63
7 90
8 -17
9 -20
10 20
11 -83
12 100
13 79
14 43
15 49
16 87
17 24
18 -4
19 81
20 88
21 4
22 -54
23 27
24 -47
25 -47
26 42
27 -59
28 16
29 -12
30 -5
31 71
32 -39
33 33
34 46
35 -58
36 -38
37 90
38 21
39 82
40 -89
41 92
42 -79
43 -27
44 -14
45 -84
46 -16
47 -62
48 -97
49 0
50 -15
51 93
52 82
53 -88
54 -69
55 80
56 -95
57 48
58 -41
59 -62
60 86
61 10
62 38
63 -83
64 21
65 7
66 64
67 53
68 -100
69 -95
70 8
71 37
72 36
73 26
74 55
75 32
76 31
77 -88
78 -13
79 49
80 16
81 -47
82 92
83 -60
84 43
85 41
86 -97
87 30
88 -59
89 -47
90 26
91 -42
92 -29
93 -89
94 -12
95 75
96 97
97 33
98 -65
99 71
100 88
101 25
102 11
103 -93
104 -60
105 24
106 47
107 -36
108 -23
109 -62
110 -99
111 20
112 77
113 54
114 -3
115 33
116 -48
117 50
118 32
119 -28
120 5
121 87
122 75
123 36
124 66
125 20
126 -83
127 3
128 4
129 -31
130 89
131 -34
132 39
133 34
134 83
135 3
136 -20
137 -90
138 -66
139 79
140 52
141 -33
142 -48
143 -15
144 78
145 -70
146 70
147 -60
148 -72
149 -84
150 -13
151 41
152 58
153 22
154 75
155 39
156 87
157 -71
158 4
159 -25
160 -22
161 54
162 37
163 64
164 100
165 -12
166 35
167 69
168 47
169 -41
170 1
171 22
172 -27
173 19
174 48
175 94
176 -22
177 -36
178 -94
179 55
180 -32
181 -50
182 94
183 -65
184 -30
185 28
186 20
187 -80
188 -70
189 -92
190 -12
191 36
192 -45
193 49
194 -61
195 100
196 10
197 11
198 -33
199 -69
200 -86
201 33
202 -78
203 -63
204 87
205 -1
206 26
207 -29
208 48
209 -37
210 60
211 71
212 92
213 59
214 -40
215 23
216 -27
217 -11
218 -10
219 12
220 26
221 77
222 -79
223 80
224 12
225 99
226 46
227 16
228 93
229 -74
230 24
231 83
232 58
233 -11
234 43
235 13
236 45
237 -90
238 -5
239 74
240 82
241 84
242 9
243 -70
244 63
245 -27
246 -8
247 -56
248 -48
249 -18
250 -57
251 -96
252 -64
253 -21
254 18
255 -58
256 15
257 -42
258 22
259 24
260 -46
261 33
262 -31
263 14
264 19
265 9
266 -58
267 -30
268 57
269 22
270 -38
271 -59
272 68
273 37
274 20
275 6
276 32
277 81
278 11
279 76
280 -12
281 -74
282 84
283 66
284 35
285 48
286 -98
287 -72
288 6
289 -78
290 -33
291 15
292 85
293 -26
294 -79
295 85
296 61
297 83
298 42
299 63
300 62
301 -69
302 4
303 -20
304 30
305 -36
306 -14
307 40
308 64
309 86
310 -70
311 98
312 85
313 -70
314 -87
315 -98
316 43
317 21
318 59
319 -19
320 3
321 -14
322 90
323 -89
324 -9
325 39
326 -68
327 67
328 65
329 33
330 -79
331 71
332 57
333 -46
334 8
335 -81
336 -78
337 20
338 3
339 -74
340 59
341 28
342 -30
343 43
344 10
345 29
346 -36
347 -40
348 52
349 -50
350 79
351 24
352 -100
353 -54
354 69
355 -18
356 36
357 33
358 46
359 22
360 -10
361 49
362 100
363 -60
364 72
365 5
366 -7
367 18
368 -66
369 22
370 44
371 -88
372 -29
373 17
374 -22
375 97
376 49
377 -60
378 59
379 54
380 56
381 54
382 -46
383 -73
384 -89
385 82
386 94
387 -29
388 70
389 -12
390 82
391 64
392 37
393 -10
394 72
395 -4
396 5
397 46
398 -60
399 -74
400 4
401 36
402 -10
403 48
404 54
405 -30
406 77
407 -3
408 37
409 33
410 1
411 -23
412 -77
413 48
414 34
415 15
416 -47
417 52
418 100
419 38
420 98
421 11
422 6
423 20
424 55
425 -14
426 -35
427 -52
428 -9
429 58
430 56
431 -81
432 78
433 12
434 73
435 -76
436 77
437 -63
438 69
439 21
440 -82
441 4
442 91
443 -45
444 -69
445 -21
446 34
447 80
448 -16
449 -68
450 63
451 -74
452 67
453 91
454 -57
455 -36
456 -2
457 10
458 -70
459 33
460 -17
461 -15
462 -94
463 -63
464 41
465 -99
466 96
467 -43
468 49
469 -3
470 26
471 -89
472 -53
473 79
474 25
475 19
476 97
477 -7
478 10
479 6
480 4
481 -80
482 -16
483 70
484 16
485 44
486 33
487 -12
488 95
489 -100
490 9
491 -92
492 51
493 76
494 44
495 -68
496 -41
497 -25
498 100
499 -54
500 -96
501 76
502 -25
503 -84
504 -15
505 97
506 54
507 -49
508 -99
509 62
510 -94
511 62
