0 -56
1 -78
2 49
3 38
4 -62
5 53
6 -5
7 2
8 -87
9 5
10 -11
11 -46
12 87
13 84
14 -69
15 -48
16 3
17 79
18 70
19 65
20 -47
21 50
22 64
23 56
24 54
25 -45
26 17
27 13
28 28
29 -17
30 -41
31 3
32 27
33 64
34 94
35 -67
36 -35
37 -30
38 -17
39 -86
40 90
41 85
42 22
43 12
44 34
45 7
46 -40
47 -78
48 -43
49 -11
50 -64
51 10
52 -17
53 -98
54 -49
55 22
56 -9
57 -14
58 74
59 76
60 -55
61 27
62 20
63 -53
64 -16
65 54
66 99
67 -79
68 69
69 1
70 -4
71 -3
72 67
73 26
74 -9
75 90
76 55
77 25
78 97
79 -30
80 32
81 -16
82 49
83 -91
84 -81
85 -36
86 68
87 63
88 27
89 -88
90 -53
91 46
92 5
93 -29
94 -88
95 13
96 -23
97 80
98 -8
99 -67
100 -86
101 -29
102 -75
103 31
104 23
105 -86
106 40
107 45
108 -80
109 -24
110 -63
111 -15
112 -15
113 -51
114 32
115 34
116 -12
117 -50
118 -91
119 61
120 -66
121 23
122 -79
123 42
124 35
125 -27
126 -26
127 30
128 -55
129 26
130 54
131 14
132 -44
133 96
134 45
135 -6
136 -14
137 70
138 71
139 83
140 -99
141 -59
142 -99
143 48
144 82
145 42
146 -32
147 76
148 42
149 72
150 -71
151 -49
152 71
153 -99
154 17
155 -80
156 -100
157 -4
158 26
159 -35
160 -82
161 -54
162 23
163 -90
164 -35
165 46
166 -85
167 16
168 97
169 81
170 27
171 81
172 69
173 57
174 -80
175 33
176 91
177 -21
178 -42
179 -40
180 -15
181 73
182 -76
183 59
184 84
185 -17
186 60
187 54
188 2
189 59
190 -72
191 84
192 -79
193 -6
194 -92
195 33
196 -45
197 82
198 -76
199 21
200 33
201 22
202 -72
203 59
204 97
205 12
206 36
207 74
208 -73
209 1
210 64
211 54
212 7
213 94
214 48
215 99
216 -72
217 70
218 -27
219 13
220 67
221 -75
222 63
223 -89
224 -25
225 -29
226 8
227 -93
228 13
229 -65
230 4
231 64
232 -13
233 -4
234 -68
235 -36
236 -59
237 89
238 -31
239 -30
240 71
241 61
242 -44
243 10
244 53
245 -13
246 -92
247 29
248 -67
249 95
250 21
251 38
252 -8
253 -39
254 72
255 -46
256 -27
257 -13
258 7
259 -82
260 -43
261 -12
262 -100
263 28
264 83
265 83
266 -67
267 -81
268 -6
269 -22
270 -57
271 -46
272 -33
273 45
274 37
275 100
276 -64
277 39
278 32
279 -42
280 -91
281 -72
282 -78
283 -90
284 -99
285 -66
286 69
287 -82
288 -50
289 -53
290 59
291 42
292 24
293 -61
294 -28
295 42
296 -20
297 -31
298 14
299 -80
300 -86
301 -23
302 -41
303 53
304 73
305 87
306 -96
307 -90
308 -44
309 27
310 64
311 -23
312 -52
313 9
314 -76
315 -88
316 87
317 -44
318 92
319 2
320 61
321 -59
322 74
323 -31
324 -74
325 91
326 -58
327 -76
328 57
329 38
330 63
331 -44
332 17
333 -98
334 -43
335 -80
336 69
337 53
338 -10
339 38
340 89
341 47
342 -50
343 56
344 -34
345 -59
346 72
347 42
348 83
349 -21
350 72
351 83
352 91
353 -11
354 97
355 -19
356 -1
357 -49
358 -50
359 94
360 -73
361 59
362 59
363 6
364 -24
365 -47
366 -28
367 80
368 30
369 -4
370 15
371 -85
372 -24
373 48
374 60
375 97
376 -84
377 68
378 -82
379 24
380 48
381 -84
382 20
383 27
384 25
385 -87
386 4
387 70
388 72
389 41
390 -89
391 10
392 -28
393 -31
394 -19
395 -57
396 -40
397 -99
398 -100
399 96
400 17
401 75
402 49
403 -72
404 78
405 37
406 41
407 -90
408 -43
409 36
410 18
411 -57
412 44
413 42
414 -77
415 6
416 69
417 -22
418 -77
419 44
420 61
421 -77
422 7
423 -26
424 22
425 12
426 85
427 33
428 32
429 22
430 -64
431 -23
432 33
433 -42
434 46
435 -23
436 69
437 2
438 -59
439 -54
440 84
441 -2
442 72
443 -44
444 44
445 98
446 8
447 62
448 99
449 54
450 50
451 -52
452 -69
453 -23
454 21
455 67
456 -1
457 -62
458 -12
459 68
460 -64
461 -57
462 -63
463 85
464 23
465 62
466 54
467 -42
468 36
469 -43
470 70
471 67
472 38
473 45
474 15
475 -4
476 -81
477 -19
478 21
479 -66
480 -43
481 -5
482 45
483 -36
484 83
485 52
486 -22
487 -62
488 65
489 54
490 9
491 -53
492 -63
493 93
494 -17
495 63
496 2
497 -62
498 19
499 -30
500 -41
501 43
502 99
503 78
504 -75
505 -40
506 68
507 -76
508 -99
509 76
510 -27
511 47
