0 -9
1 -51
2 -77
3 -89
4 14
5 73
6 81
7 -13
8 -92
9 91
10 60
11 -16
12 -73
13 87
14 -81
15 -50
16 49
17 -24
18 81
19 20
20 27
21 91
22 -1
23 -60
24 23
25 88
26 23
27 77
28 13
29 57
30 12
31 8
32 76
33 0
34 94
35 -61
36 87
37 16
38 14
39 100
40 80
41 75
42 83
43 -56
44 89
45 -61
46 20
47 -64
48 -34
49 -17
50 -98
51 -14
52 33
53 -32
54 61
55 96
56 -78
57 62
58 -92
59 -64
60 -71
61 -78
62 -13
63 29
64 68
65 4
66 -27
67 -65
68 18
69 19
70 -59
71 94
72 -65
73 71
74 -27
75 31
76 16
77 44
78 24
79 -78
80 82
81 -38
82 -70
83 -13
84 -48
85 3
86 20
87 84
88 10
89 -31
90 -39
91 -95
92 73
93 -4
94 84
95 -13
96 -11
97 78
98 82
99 -37
100 -98
101 -3
102 86
103 87
104 -99
105 -42
106 -64
107 72
108 100
109 -14
110 -2
111 48
112 9
113 -63
114 -84
115 87
116 -30
117 11
118 50
119 80
120 -32
121 83
122 20
123 -71
124 68
125 72
126 -32
127 57
128 -44
129 8
130 11
131 -69
132 -38
133 -63
134 -83
135 -4
136 -15
137 -20
138 7
139 2
140 68
141 -28
142 -45
143 72
144 3
145 -18
146 70
147 87
148 93
149 27
150 -24
151 8
152 4
153 3
154 67
155 60
156 -63
157 -45
158 79
159 16
160 -28
161 63
162 38
163 50
164 93
165 96
166 -53
167 49
168 28
169 -91
170 31
171 -93
172 54
173 72
174 59
175 -39
176 16
177 74
178 -22
179 -57
180 59
181 88
182 -92
183 40
184 -65
185 -26
186 -9
187 -8
188 -79
189 -17
190 -36
191 -98
192 -26
193 -15
194 -33
195 -100
196 79
197 82
198 64
199 -31
200 -72
201 79
202 54
203 93
204 48
205 29
206 -8
207 81
208 14
209 -2
210 3
211 -80
212 -2
213 38
214 -42
215 15
216 82
217 -59
218 23
219 -53
220 25
221 -79
222 5
223 -24
224 -50
225 -56
226 70
227 -52
228 90
229 40
230 -97
231 99
232 65
233 67
234 17
235 24
236 -34
237 50
238 -71
239 -61
240 57
241 -91
242 -49
243 -100
244 7
245 73
246 34
247 12
248 -97
249 17
250 -33
251 58
252 73
253 -68
254 -90
255 -68
256 -84
257 92
258 37
259 82
260 -20
261 59
262 48
263 -48
264 -34
265 33
266 59
267 38
268 -64
269 -96
270 -55
271 -19
272 97
273 43
274 -51
275 42
276 12
277 79
278 -33
279 52
280 40
281 71
282 -60
283 59
284 45
285 61
286 6
287 64
288 8
289 -8
290 -65
291 -13
292 -43
293 -62
294 71
295 5
296 -2
297 -64
298 -34
299 -93
300 -49
301 55
302 -89
303 -16
304 -62
305 27
306 -5
307 -3
308 9
309 72
310 9
311 41
312 96
313 -69
314 -37
315 -32
316 88
317 45
318 -12
319 -100
320 -7
321 93
322 -16
323 -84
324 33
325 86
326 32
327 -86
328 90
329 33
330 16
331 29
332 -16
333 -61
334 89
335 61
336 -74
337 5
338 27
339 -38
340 44
341 -68
342 -80
343 -60
344 60
345 -47
346 11
347 50
348 41
349 -14
350 -46
351 -93
352 -67
353 -100
354 -26
355 17
356 18
357 -5
358 -53
359 -84
360 -98
361 35
362 11
363 22
364 48
365 84
366 -35
367 -14
368 23
369 -50
370 30
371 -97
372 42
373 -69
374 33
375 57
376 -7
377 -46
378 89
379 95
380 99
381 -96
382 84
383 -5
384 -72
385 -45
386 -59
387 93
388 41
389 26
390 15
391 34
392 81
393 -12
394 -58
395 97
396 53
397 10
398 -2
399 -43
400 97
401 70
402 59
403 92
404 0
405 -40
406 -82
407 -36
408 31
409 -94
410 78
411 61
412 -6
413 45
414 18
415 23
416 -65
417 -32
418 52
419 81
420 65
421 15
422 38
423 45
424 97
425 92
426 72
427 25
428 -66
429 83
430 36
431 49
432 -31
433 16
434 -26
435 26
436 52
437 43
438 86
439 83
440 89
441 -97
442 89
443 -44
444 47
445 -2
446 32
447 6
448 -7
449 -48
450 76
451 34
452 -91
453 12
454 40
455 3
456 70
457 72
458 24
459 14
460 -54
461 -26
462 -20
463 63
464 -51
465 -47
466 -74
467 12
468 -93
469 -13
470 16
471 62
472 -63
473 -15
474 -70
475 10
476 24
477 -83
478 16
479 -55
480 -8
481 -44
482 55
483 -41
484 -45
485 22
486 95
487 70
488 86
489 32
490 95
491 -100
492 99
493 47
494 25
495 -90
496 -33
497 -76
498 -54
499 26
500 29
501 71
502 -67
503 15
504 -36
505 42
506 85
507 -9
508 -88
509 -82
510 71
511 -10
