0 98
1 35
2 -53
3 56
4 46
5 87
6 -71
7 -67
8 -77
9 5
10 -63
11 33
12 -48
13 82
14 -54
15 -78
16 -98
17 67
18 -9
19 -65
20 -30
21 -16
22 -86
23 50
24 -18
25 85
26 93
27 79
28 -83
29 -72
30 87
31 -5
32 17
33 -39
34 4
35 -52
36 32
37 21
38 18
39 26
40 -19
41 -48
42 -80
43 2
44 89
45 -54
46 1
47 -3
48 -32
49 -28
50 -79
51 -65
52 -73
53 -86
54 -68
55 20
56 -34
57 89
58 -48
59 -66
60 43
61 12
62 -5
63 -15
64 -60
65 49
66 -52
67 -48
68 -58
69 3
70 -67
71 -53
72 31
73 -41
74 -13
75 24
76 -64
77 -72
78 -61
79 -41
80 10
81 41
82 -99
83 35
84 -97
85 21
86 30
87 -89
88 77
89 10
90 -60
91 58
92 49
93 82
94 -88
95 12
96 25
97 6
98 -86
99 77
100 8
101 -91
102 -41
103 -61
104 88
105 79
106 65
107 -95
108 51
109 -26
110 11
111 92
112 -63
113 4
114 63
115 -5
116 -87
117 57
118 34
119 -57
120 -47
121 -63
122 -94
123 -77
124 -7
125 87
126 -48
127 -31
128 -31
129 -36
130 2
131 18
132 11
133 -75
134 -96
135 -24
136 22
137 -73
138 -75
139 0
140 -2
141 -35
142 -90
143 24
144 -33
145 88
146 30
147 -53
148 -95
149 -9
150 -26
151 85
152 -9
153 -72
154 32
155 -75
156 -96
157 -70
158 39
159 -87
160 21
161 -45
162 44
163 49
164 90
165 97
166 80
167 35
168 -17
169 64
170 6
171 62
172 69
173 79
174 -49
175 29
176 -69
177 -12
178 -48
179 -55
180 -67
181 -27
182 30
183 -22
184 5
185 96
186 90
187 -47
188 -72
189 96
190 -58
191 -36
192 -14
193 8
194 12
195 69
196 52
197 54
198 3
199 81
200 -3
201 -68
202 -31
203 -80
204 -90
205 -23
206 73
207 85
208 34
209 -15
210 63
211 42
212 47
213 49
214 -76
215 -6
216 -92
217 77
218 -81
219 -21
220 -38
221 99
222 -36
223 -49
224 -28
225 45
226 -78
227 -58
228 -23
229 -59
230 -22
231 -59
232 -18
233 87
234 -34
235 -5
236 -57
237 71
238 -24
239 21
240 -6
241 81
242 86
243 82
244 16
245 -26
246 63
247 13
248 -69
249 99
250 -45
251 45
252 -59
253 -66
254 7
255 13
256 -60
257 -38
258 30
259 -41
260 22
261 6
262 -80
263 -73
264 -93
265 -62
266 20
267 -93
268 -14
269 5
270 -76
271 85
272 -70
273 -95
274 -91
275 -14
276 85
277 -5
278 -37
279 -6
280 74
281 -30
282 -11
283 53
284 -27
285 80
286 21
287 -100
288 -96
289 83
290 92
291 -57
292 47
293 86
294 74
295 32
296 33
297 -78
298 68
299 51
300 99
301 20
302 -95
303 40
304 -70
305 -64
306 13
307 83
308 32
309 13
310 -25
311 -89
312 -83
313 58
314 32
315 96
316 -50
317 20
318 -27
319 84
320 -4
321 -89
322 24
323 -77
324 -76
325 35
326 -100
327 -68
328 50
329 -56
330 -8
331 87
332 -16
333 -50
334 79
335 14
336 -61
337 -81
338 8
339 66
340 -75
341 -2
342 84
343 -28
344 -11
345 -68
346 71
347 33
348 20
349 64
350 -20
351 -15
352 -11
353 -49
354 -18
355 7
356 17
357 -85
358 80
359 91
360 -42
361 43
362 -94
363 11
364 6
365 12
366 -90
367 -80
368 3
369 -78
370 -98
371 -1
372 -58
373 50
374 -6
375 80
376 97
377 55
378 64
379 96
380 40
381 15
382 34
383 -45
384 -19
385 100
386 64
387 -86
388 45
389 -80
390 49
391 85
392 88
393 -58
394 12
395 -2
396 -17
397 -72
398 -40
399 73
400 -92
401 46
402 -34
403 -27
404 -75
405 94
406 -87
407 40
408 65
409 31
410 14
411 75
412 60
413 -52
414 86
415 -71
416 28
417 -37
418 88
419 -37
420 74
421 -98
422 -21
423 -31
424 66
425 41
426 -69
427 22
428 -23
429 78
430 -9
431 -48
432 25
433 -28
434 84
435 -57
436 -21
437 60
438 68
439 -76
440 -35
441 78
442 3
443 -57
444 11
445 -62
446 18
447 41
448 20
449 -63
450 -12
451 82
452 -23
453 2
454 4
455 13
456 -84
457 87
458 -62
459 75
460 18
461 13
462 100
463 -18
464 84
465 -54
466 39
467 -94
468 75
469 47
470 11
471 70
472 26
473 -89
474 30
475 -81
476 67
477 58
478 -78
479 74
480 16
481 70
482 87
483 -90
484 12
485 4
486 -15
487 -50
488 65
489 -69
490 -83
491 96
492 81
493 -24
494 -69
495 8
496 -1
497 -63
498 35
499 -58
500 94
501 45
502 -75
503 51
504 66
505 -3
506 64
507 -77
508 -35
509 -29
510 -21
511 61
