0 -31
1 49
2 -79
3 -100
4 -91
5 -16
6 21
7 -16
8 -44
9 7
10 26
11 -89
12 -6
13 13
14 4
15 83
16 85
17 13
18 18
19 -20
20 -26
21 -79
22 9
23 -32
24 -20
25 -50
26 -62
27 -53
28 28
29 11
30 -3
31 23
32 -80
33 -19
34 -76
35 -43
36 -6
37 12
38 45
39 -26
40 11
41 -83
42 -99
43 -44
44 40
45 3
46 60
47 41
48 89
49 9
50 -7
51 -85
52 -25
53 51
54 -94
55 48
56 -92
57 -28
58 74
59 99
60 -66
61 62
62 -97
63 -26
64 24
65 -61
66 12
67 94
68 -23
69 -24
70 -39
71 -9
72 -10
73 13
74 70
75 -60
76 2
77 62
78 -83
79 -25
80 -88
81 67
82 -64
83 97
84 30
85 46
86 -78
87 -99
88 44
89 53
90 -50
91 -99
92 -19
93 25
94 -46
95 -19
96 62
97 93
98 100
99 65
100 -33
101 44
102 -40
103 -82
104 40
105 -75
106 -92
107 4
108 -5
109 86
110 67
111 -82
112 -39
113 -56
114 52
115 -28
116 -66
117 -35
118 -70
119 -30
120 -36
121 -19
122 24
123 -53
124 91
125 65
126 90
127 -9
128 77
129 81
130 -12
131 -48
132 -91
133 -65
134 91
135 24
136 76
137 85
138 -51
139 0
140 1
141 -25
142 -72
143 70
144 65
145 44
146 91
147 7
148 -46
149 -68
150 -10
151 71
152 -25
153 6
154 28
155 -24
156 23
157 77
158 -33
159 26
160 -72
161 -73
162 47
163 -2
164 63
165 95
166 -12
167 -95
168 85
169 18
170 80
171 54
172 -85
173 57
174 -37
175 64
176 83
177 -54
178 79
179 -33
180 63
181 -67
182 81
183 -68
184 -78
185 -21
186 -13
187 -30
188 -9
189 -50
190 -81
191 -52
192 -1
193 -74
194 -50
195 -6
196 99
197 -83
198 46
199 9
200 -82
201 91
202 -18
203 11
204 22
205 55
206 -51
207 74
208 -22
209 26
210 -96
211 48
212 21
213 58
214 70
215 -11
216 -49
217 17
218 -22
219 72
220 -3
221 39
222 -66
223 7
224 -38
225 29
226 -30
227 -48
228 -58
229 42
230 -34
231 40
232 -22
233 -13
234 17
235 -17
236 -16
237 -45
238 -69
239 -78
240 -35
241 -34
242 -22
243 5
244 1
245 1
246 -63
247 -95
248 72
249 73
250 61
251 79
252 99
253 97
254 -4
255 -33
256 -77
257 -42
258 -34
259 -48
260 -95
261 -53
262 42
263 73
264 37
265 55
266 77
267 -13
268 -69
269 -48
270 -55
271 -70
272 -52
273 -51
274 72
275 -24
276 -16
277 -100
278 4
279 6
280 6
281 -68
282 -39
283 -84
284 26
285 -22
286 85
287 -35
288 -33
289 -9
290 12
291 5
292 -36
293 -44
294 32
295 74
296 -5
297 -38
298 54
299 21
300 0
301 -95
302 5
303 -12
304 87
305 44
306 -61
307 16
308 82
309 -14
310 -53
311 64
312 -58
313 -90
314 -69
315 -77
316 55
317 23
318 -35
319 -73
320 43
321 32
322 20
323 41
324 -50
325 -55
326 -2
327 -64
328 64
329 -6
330 96
331 -66
332 82
333 -37
334 75
335 -5
336 70
337 -63
338 -23
339 -12
340 -88
341 55
342 86
343 76
344 -40
345 -19
346 -70
347 -21
348 -94
349 -61
350 -89
351 -73
352 3
353 -68
354 15
355 -68
356 -6
357 72
358 -14
359 -10
360 -85
361 42
362 -42
363 -27
364 89
365 63
366 72
367 45
368 -32
369 80
370 -17
371 92
372 -43
373 -72
374 -60
375 92
376 -27
377 -29
378 -32
379 -48
380 6
381 -66
382 -1
383 84
384 -5
385 -97
386 -53
387 12
388 92
389 78
390 -4
391 -37
392 98
393 -95
394 -39
395 -51
396 41
397 58
398 -5
399 22
400 -92
401 66
402 -15
403 63
404 -81
405 -75
406 -29
407 62
408 -60
409 56
410 -39
411 -58
412 -15
413 -35
414 -5
415 -69
416 -92
417 -92
418 -99
419 59
420 24
421 70
422 5
423 80
424 72
425 5
426 63
427 -27
428 57
429 4
430 46
431 -52
432 -90
433 -77
434 -9
435 42
436 27
437 31
438 44
439 95
440 -7
441 51
442 15
443 83
444 40
445 68
446 1
447 43
448 -84
449 82
450 -54
451 31
452 -63
453 -53
454 -25
455 14
456 -18
457 64
458 30
459 -9
460 -65
461 -40
462 97
463 56
464 -13
465 98
466 -63
467 16
468 -99
469 19
470 13
471 -71
472 22
473 -1
474 -80
475 74
476 -28
477 -36
478 2
479 26
480 63
481 43
482 99
483 21
484 -58
485 -71
486 -72
487 27
488 -63
489 57
490 -97
491 74
492 52
493 -97
494 -8
495 3
496 -8
497 -50
498 -5
499 -26
500 -7
501 33
502 45
503 -81
504 79
505 -92
506 91
507 -13
508 -16
509 -89
510 -90
511 -66
