0 -3
1 29
2 -19
3 25
4 79
5 43
6 69
7 -71
8 70
9 -40
10 40
11 -86
12 79
13 26
14 -54
15 20
16 -99
17 46
18 -42
19 -62
20 -87
21 44
22 66
23 -31
24 57
25 -38
26 -55
27 -20
28 41
29 33
30 54
31 -76
32 -63
33 19
34 63
35 87
36 -75
37 -36
38 -37
39 -53
40 33
41 -30
42 35
43 30
44 61
45 4
46 10
47 -53
48 85
49 91
50 21
51 -91
52 -17
53 13
54 -84
55 10
56 -76
57 -54
58 10
59 -21
60 67
61 -6
62 26
63 72
64 -26
65 16
66 86
67 50
68 46
69 -90
70 46
71 98
72 11
73 96
74 0
75 -80
76 61
77 95
78 37
79 69
80 -28
81 -85
82 -48
83 -55
84 82
85 60
86 -69
87 -31
88 63
89 -62
90 89
91 -83
92 1
93 82
94 63
95 86
96 50
97 9
98 -30
99 42
100 84
101 -64
102 73
103 76
104 -85
105 -7
106 -45
107 29
108 44
109 -78
110 -34
111 72
112 53
113 -30
114 -31
115 80
116 26
117 41
118 -28
119 -36
120 29
121 -100
122 89
123 -77
124 -3
125 -97
126 -64
127 26
128 25
129 -1
130 25
131 13
132 -97
133 100
134 19
135 -40
136 85
137 9
138 -73
139 6
140 -9
141 23
142 -32
143 -69
144 30
145 47
146 61
147 -36
148 92
149 49
150 67
151 91
152 40
153 85
154 -56
155 -69
156 -87
157 -88
158 84
159 94
160 -54
161 75
162 22
163 70
164 57
165 48
166 13
167 90
168 -34
169 -52
170 67
171 -97
172 9
173 -95
174 -64
175 90
176 26
177 -62
178 46
179 -4
180 28
181 1
182 -4
183 58
184 -31
185 -33
186 30
187 61
188 -29
189 30
190 39
191 -98
192 75
193 -1
194 -76
195 -21
196 -65
197 89
198 -29
199 69
200 67
201 -25
202 20
203 -12
204 -19
205 -26
206 -53
207 91
208 51
209 -15
210 -80
211 -8
212 -29
213 18
214 70
215 -69
216 -37
217 51
218 7
219 28
220 -91
221 -43
222 -24
223 -86
224 -14
225 -50
226 52
227 -40
228 -72
229 -47
230 97
231 -28
232 -9
233 -13
234 -35
235 95
236 -1
237 -35
238 -82
239 81
240 -23
241 99
242 53
243 -82
244 -20
245 26
246 4
247 37
248 -20
249 91
250 54
251 47
252 -74
253 35
254 15
255 -75
256 48
257 83
258 -15
259 8
260 -87
261 40
262 93
263 -30
264 94
265 -2
266 -79
267 -97
268 79
269 -71
270 36
271 44
272 -7
273 22
274 -82
275 58
276 81
277 -40
278 86
279 46
280 16
281 22
282 18
283 27
284 68
285 -77
286 -47
287 65
288 -84
289 84
290 40
291 -31
292 49
293 -43
294 -92
295 17
296 -31
297 -13
298 -51
299 64
300 5
301 -55
302 20
303 46
304 16
305 -4
306 45
307 -99
308 -87
309 45
310 -99
311 -42
312 -58
313 -52
314 88
315 72
316 -86
317 10
318 -16
319 61
320 -36
321 60
322 -67
323 -2
324 -17
325 46
326 17
327 35
328 -41
329 -88
330 -2
331 -9
332 -38
333 93
334 -52
335 -91
336 -20
337 -16
338 59
339 87
340 53
341 -82
342 -26
343 5
344 10
345 30
346 -66
347 27
348 89
349 73
350 -20
351 -8
352 25
353 -63
354 -32
355 28
356 -35
357 -76
358 48
359 -65
360 38
361 9
362 74
363 -9
364 -44
365 -61
366 100
367 -69
368 8
369 -47
370 76
371 53
372 1
373 -29
374 38
375 -91
376 47
377 -89
378 -86
379 45
380 -81
381 -15
382 -74
383 23
384 82
385 51
386 -42
387 34
388 0
389 81
390 67
391 -6
392 -60
393 -1
394 -95
395 -34
396 -39
397 15
398 49
399 71
400 77
401 -29
402 -79
403 30
404 84
405 2
406 -34
407 7
408 -6
409 -40
410 95
411 -35
412 -37
413 -74
414 -100
415 -49
416 -54
417 -17
418 -15
419 56
420 55
421 -77
422 -16
423 53
424 -33
425 -37
426 -49
427 75
428 -62
429 4
430 -68
431 46
432 -79
433 43
434 94
435 27
436 82
437 68
438 -8
439 -83
440 29
441 82
442 59
443 -38
444 -76
445 95
446 82
447 -86
448 -81
449 9
450 -6
451 -85
452 12
453 -28
454 94
455 -23
456 96
457 15
458 -79
459 -6
460 -22
461 35
462 -76
463 90
464 5
465 -46
466 -89
467 -91
468 48
469 54
470 -46
471 -58
472 76
473 4
474 -71
475 37
476 -71
477 18
478 74
479 15
480 -54
481 56
482 20
483 29
484 96
485 81
486 -29
487 88
488 -40
489 -86
490 -67
491 43
492 -34
493 78
494 -24
495 -30
496 -59
497 90
498 -9
499 57
500 -70
501 81
502 31
503 9
504 41
505 -96
506 -42
507 24
508 -65
509 83
510 -59
511 -53
