0 55
1 -13
2 -97
3 -54
4 -63
5 -100
6 -37
7 43
8 -55
9 12
10 20
11 69
12 -83
13 1
14 11
15 50
16 -84
17 31
18 -50
19 1
20 13
21 39
22 -67
23 -91
24 89
25 -2
26 32
27 -58
28 54
29 -81
30 98
31 -50
32 89
33 -55
34 -43
35 -36
36 32
37 -51
38 19
39 -78
40 -51
41 64
42 -52
43 41
44 -74
45 -25
46 -96
47 81
48 51
49 97
50 76
51 -25
52 -27
53 20
54 -67
55 -74
56 52
57 -97
58 -37
59 2
60 -26
61 22
62 87
63 -35
64 -35
65 -2
66 95
67 59
68 57
69 79
70 -40
71 -55
72 -33
73 85
74 -67
75 62
76 33
77 44
78 95
79 46
80 85
81 -46
82 -42
83 59
84 4
85 -41
86 22
87 -29
88 11
89 29
90 -79
91 15
92 18
93 72
94 -65
95 -53
96 50
97 -84
98 -11
99 66
100 27
101 76
102 -98
103 75
104 19
105 14
106 -17
107 1
108 100
109 5
110 18
111 49
112 48
113 -32
114 81
115 87
116 79
117 -27
118 32
119 26
120 -88
121 6
122 66
123 69
124 -2
125 56
126 -99
127 93
128 10
129 84
130 23
131 58
132 -78
133 -98
134 50
135 -12
136 51
137 14
138 -75
139 -27
140 -91
141 86
142 -95
143 64
144 66
145 -2
146 -10
147 80
148 8
149 -69
150 75
151 -26
152 -2
153 65
154 8
155 -1
156 58
157 -36
158 79
159 24
160 17
161 97
162 34
163 -2
164 46
165 78
166 56
167 -4
168 -3
169 37
170 29
171 -31
172 80
173 -91
174 -61
175 -91
176 10
177 -39
178 7
179 -74
180 -53
181 20
182 -43
183 38
184 -39
185 60
186 46
187 17
188 -88
189 31
190 -44
191 25
192 -18
193 -24
194 87
195 -70
196 31
197 53
198 91
199 49
200 -19
201 34
202 53
203 -22
204 -35
205 -98
206 39
207 -98
208 78
209 -66
210 82
211 84
212 88
213 7
214 57
215 -52
216 89
217 -21
218 -67
219 -41
220 91
221 63
222 -53
223 -16
224 -67
225 -32
226 27
227 -35
228 -66
229 66
230 99
231 24
232 87
233 -100
234 -80
235 27
236 -42
237 38
238 -78
239 -55
240 23
241 8
242 12
243 60
244 -77
245 -78
246 93
247 73
248 70
249 29
250 -74
251 -100
252 -51
253 -52
254 -67
255 -40
256 51
257 10
258 92
259 43
260 70
261 -3
262 41
263 -33
264 9
265 -57
266 -32
267 1
268 -23
269 64
270 41
271 49
272 -34
273 -57
274 15
275 8
276 62
277 -33
278 64
279 58
280 -45
281 27
282 -27
283 64
284 28
285 6
286 -20
287 -77
288 27
289 -76
290 18
291 0
292 -18
293 -4
294 79
295 -55
296 5
297 16
298 6
299 26
300 -19
301 -28
302 19
303 13
304 37
305 76
306 -10
307 -94
308 -29
309 -61
310 -14
311 -71
312 11
313 -70
314 64
315 -46
316 76
317 75
318 -53
319 -2
320 -4
321 23
322 -53
323 -49
324 33
325 88
326 75
327 -72
328 -58
329 75
330 -1
331 81
332 85
333 21
334 46
335 -50
336 -66
337 -70
338 -14
339 -51
340 38
341 28
342 89
343 -88
344 86
345 -76
346 99
347 35
348 46
349 -22
350 98
351 -53
352 0
353 6
354 -43
355 30
356 64
357 -11
358 11
359 -15
360 53
361 94
362 -32
363 -46
364 84
365 2
366 35
367 -83
368 -44
369 43
370 90
371 -53
372 -5
373 -27
374 -70
375 -40
376 62
377 66
378 -65
379 -12
380 -77
381 -63
382 -22
383 48
384 82
385 -76
386 94
387 60
388 -91
389 -9
390 -11
391 56
392 2
393 -62
394 -61
395 -73
396 50
397 74
398 100
399 -45
400 71
401 -80
402 -77
403 -97
404 -23
405 92
406 -46
407 52
408 -72
409 -51
410 42
411 -42
412 -27
413 68
414 76
415 -6
416 38
417 8
418 -29
419 10
420 -100
421 -54
422 -73
423 -25
424 -63
425 74
426 -70
427 -15
428 52
429 -43
430 62
431 -1
432 49
433 -97
434 27
435 -7
436 -28
437 -25
438 -12
439 -23
440 -9
441 53
442 63
443 -15
444 -77
445 -72
446 -16
447 40
448 83
449 -76
450 -41
451 -99
452 -58
453 12
454 0
455 32
456 50
457 -51
458 42
459 79
460 -43
461 27
462 19
463 60
464 17
465 -39
466 39
467 -71
468 96
469 -6
470 97
471 84
472 -61
473 77
474 50
475 25
476 88
477 -47
478 12
479 5
480 69
481 -43
482 33
483 -67
484 -46
485 21
486 57
487 74
488 85
489 -32
490 50
491 -21
492 90
493 -9
494 19
495 4
496 28
497 7
498 -82
499 12
500 -9
501 -20
502 -59
503 -91
504 89
505 90
506 -25
507 -100
508 29
509 -70
510 -79
511 -44
