0 12
1 -14
2 -74
3 79
4 -57
5 -53
6 -82
7 57
8 100
9 -43
10 1
11 -24
12 33
13 11
14 37
15 86
16 44
17 0
18 -29
19 -11
20 -82
21 -83
22 81
23 -70
24 -69
25 15
26 80
27 -52
28 -48
29 -64
30 27
31 -62
32 89
33 -28
34 -64
35 -89
36 -76
37 92
38 -48
39 82
40 19
41 -71
42 -80
43 -70
44 35
45 4
46 71
47 32
48 53
49 -65
50 -66
51 83
52 -88
53 -8
54 -48
55 -64
56 26
57 -76
58 -57
59 -60
60 -47
61 98
62 65
63 -36
64 -100
65 -23
66 57
67 -50
68 -3
69 3
70 22
71 52
72 -59
73 42
74 8
75 22
76 -19
77 14
78 -31
79 -79
80 68
81 -39
82 -5
83 21
84 -60
85 6
86 -8
87 61
88 -60
89 78
90 -60
91 63
92 -71
93 22
94 11
95 69
96 -28
97 6
98 -59
99 75
100 85
101 11
102 -66
103 43
104 -35
105 86
106 4
107 28
108 22
109 26
110 84
111 86
112 -22
113 -73
114 -4
115 88
116 -93
117 80
118 11
119 -38
120 83
121 -24
122 25
123 17
124 -44
125 20
126 86
127 -86
128 4
129 67
130 0
131 -99
132 -46
133 97
134 -15
135 -91
136 16
137 -56
138 -40
139 10
140 0
141 -35
142 1
143 18
144 -89
145 4
146 -93
147 27
148 -14
149 44
150 -44
151 -38
152 62
153 25
154 15
155 85
156 59
157 -24
158 52
159 52
160 -54
161 -89
162 -35
163 98
164 89
165 80
166 -12
167 39
168 -67
169 -52
170 69
171 -47
172 -2
173 91
174 3
175 -73
176 2
177 9
178 81
179 -53
180 -35
181 -45
182 -86
183 -92
184 5
185 0
186 84
187 -63
188 -50
189 96
190 -49
191 -5
192 87
193 -29
194 -25
195 -87
196 -74
197 -74
198 66
199 -50
200 98
201 17
202 86
203 28
204 82
205 -57
206 24
207 -57
208 -70
209 57
210 47
211 -42
212 -51
213 1
214 -57
215 -84
216 92
217 -67
218 21
219 60
220 49
221 4
222 3
223 33
224 -30
225 42
226 -97
227 82
228 -20
229 5
230 57
231 84
232 62
233 14
234 -2
235 -100
236 -30
237 14
238 59
239 -56
240 -13
241 -92
242 50
243 -69
244 -46
245 6
246 82
247 68
248 42
249 -41
250 70
251 65
252 13
253 -43
254 52
255 -50
256 7
257 88
258 70
259 -33
260 61
261 -72
262 -22
263 -13
264 -49
265 -87
266 34
267 -48
268 -96
269 84
270 60
271 -30
272 83
273 35
274 98
275 -73
276 -28
277 44
278 -25
279 8
280 -92
281 -72
282 73
283 -2
284 -64
285 17
286 -22
287 8
288 76
289 -7
290 -33
291 -33
292 74
293 22
294 -51
295 -23
296 7
297 38
298 -61
299 -54
300 5
301 -96
302 -54
303 73
304 -73
305 -40
306 71
307 77
308 -84
309 22
310 15
311 23
312 83
313 0
314 0
315 -6
316 -24
317 -27
318 13
319 38
320 -19
321 -3
322 -90
323 44
324 -51
325 15
326 -75
327 -34
328 -28
329 -52
330 -38
331 -80
332 -76
333 58
334 -79
335 -8
336 67
337 -79
338 -29
339 30
340 63
341 -1
342 23
343 87
344 60
345 45
346 11
347 42
348 94
349 -17
350 -39
351 -92
352 32
353 97
354 -24
355 -68
356 34
357 54
358 -49
359 80
360 62
361 80
362 72
363 -71
364 -41
365 82
366 1
367 -3
368 68
369 -81
370 20
371 27
372 24
373 43
374 98
375 94
376 -32
377 76
378 10
379 80
380 23
381 -29
382 -13
383 79
384 -72
385 -45
386 51
387 64
388 -82
389 66
390 -74
391 -73
392 -67
393 -87
394 -15
395 -21
396 93
397 -28
398 -54
399 24
400 78
401 -13
402 -47
403 77
404 97
405 96
406 6
407 51
408 -56
409 73
410 -91
411 33
412 41
413 38
414 -10
415 -2
416 15
417 69
418 -87
419 -41
420 -44
421 -16
422 -62
423 -66
424 -34
425 -27
426 -35
427 -30
428 -39
429 -54
430 -100
431 -49
432 -65
433 57
434 100
435 -43
436 -24
437 -4
438 -85
439 -76
440 87
441 99
442 16
443 35
444 75
445 85
446 52
447 -60
448 89
449 -24
450 -78
451 -94
452 14
453 -12
454 57
455 92
456 9
457 -79
458 -48
459 -30
460 55
461 29
462 81
463 10
464 72
465 -49
466 -29
467 -13
468 40
469 -84
470 96
471 90
472 -25
473 99
474 -69
475 87
476 -59
477 -2
478 29
479 -19
480 5
481 59
482 45
483 96
484 -38
485 8
486 -23
487 43
488 27
489 -15
490 -74
491 82
492 -10
493 -14
494 -72
495 -88
496 -80
497 18
498 -17
499 -37
500 69
501 22
502 97
503 -12
504 -46
505 5
506 37
507 78
508 -50
509 -57
510 96
511 -75
