0 -44
7.93798 25
15.876 41
23.814 66
31.7519 -84
39.6899 32
47.6279 -21
55.5659 15
63.5039 82
71.4419 62
79.3798 56
87.3178 -18
95.2558 -75
103.194 98
111.132 12
119.07 -16
127.008 -48
134.946 -71
142.884 -43
150.822 56
158.76 16
166.698 96
174.636 99
182.574 -72
190.512 -44
198.45 89
206.388 98
214.326 15
222.264 -36
230.202 -76
238.14 -63
246.078 67
254.016 5
261.953 -11
269.891 11
277.829 11
285.767 -29
293.705 -91
301.643 -7
309.581 5
317.519 5
325.457 -86
333.395 17
341.333 -42
349.271 -95
357.209 82
365.147 -31
373.085 -99
381.023 22
388.961 -75
396.899 -30
404.837 -49
412.775 56
420.713 -49
428.651 -21
436.589 -30
444.527 9
452.465 -28
460.403 34
468.341 -15
476.279 32
484.217 -99
492.155 66
500.093 36
508.031 11
515.969 10
523.907 -52
531.845 -58
539.783 -81
547.721 79
555.659 -17
563.597 -8
571.535 -97
579.473 100
587.411 10
595.349 40
603.287 -19
611.225 -49
619.163 85
627.101 -3
635.039 -71
642.977 -7
650.915 -1
658.853 3
666.791 -15
674.729 36
682.667 20
690.605 -33
698.543 91
706.481 -75
714.419 -44
722.357 50
730.295 77
738.233 -93
746.171 33
754.109 -92
762.047 69
769.984 -18
777.922 -18
785.86 26
793.798 -57
801.736 12
809.674 8
817.612 -17
825.55 32
833.488 -28
841.426 49
849.364 91
857.302 32
865.24 47
873.178 -68
881.116 -85
889.054 -78
896.992 5
904.93 -24
912.868 1
920.806 75
928.744 -14
936.682 -90
944.62 -20
952.558 20
960.496 -48
968.434 1
976.372 -14
984.31 10
992.248 -29
1000.19 5
1008.12 -15
1016.06 -16
