0 -97
7.93798 -69
15.876 72
23.814 -36
31.7519 -81
39.6899 -72
47.6279 -32
55.5659 -15
63.5039 60
71.4419 -66
79.3798 -84
87.3178 67
95.2558 62
103.194 -38
111.132 76
119.07 27
127.008 -86
134.946 74
142.884 48
150.822 95
158.76 -57
166.698 -95
174.636 -80
182.574 -89
190.512 -60
198.45 83
206.388 55
214.326 -89
222.264 -72
230.202 91
238.14 26
246.078 17
254.016 61
261.953 19
269.891 -5
277.829 -31
285.767 -6
293.705 2
301.643 62
309.581 -22
317.519 -94
325.457 0
333.395 -62
341.333 -53
349.271 -52
357.209 -60
365.147 90
373.085 44
381.023 10
388.961 -5
396.899 57
404.837 -78
412.775 -8
420.713 41
428.651 -70
436.589 29
444.527 -70
452.465 60
460.403 43
468.341 -80
476.279 -59
484.217 67
492.155 45
500.093 -40
508.031 -73
515.969 94
523.907 -81
531.845 -37
539.783 96
547.721 -6
555.659 99
563.597 60
571.535 -70
579.473 61
587.411 -15
595.349 46
603.287 19
611.225 81
619.163 100
627.101 83
635.039 -67
642.977 -49
650.915 40
658.853 10
666.791 -83
674.729 -91
682.667 29
690.605 -55
698.543 90
706.481 39
714.419 58
722.357 -3
730.295 -27
738.233 -43
746.171 -57
754.109 90
762.047 -11
769.984 -11
777.922 1
785.86 64
793.798 -99
801.736 10
809.674 -39
817.612 5
825.55 -74
833.488 7
841.426 31
849.364 40
857.302 -37
865.24 -38
873.178 -58
881.116 -93
889.054 39
896.992 -27
904.93 85
912.868 -30
920.806 4
928.744 82
936.682 -13
944.62 -22
952.558 74
960.496 -17
968.434 -81
976.372 11
984.31 33
992.248 -57
1000.19 71
1008.12 -94
1016.06 67
