0 -17
15.7538 -66
31.5077 66
47.2615 -60
63.0154 100
78.7692 -82
94.5231 -11
110.277 -12
126.031 51
141.785 -53
157.538 -65
173.292 88
189.046 19
204.8 -62
220.554 5
236.308 -11
252.062 -45
267.815 11
283.569 -67
299.323 -57
315.077 -11
330.831 87
346.585 53
362.338 -52
378.092 -39
393.846 -93
409.6 -74
425.354 91
441.108 -36
456.862 -19
472.615 83
488.369 3
504.123 -70
519.877 -78
535.631 18
551.385 -5
567.138 95
582.892 70
598.646 -86
614.4 18
630.154 -39
645.908 58
661.662 64
677.415 5
693.169 42
708.923 -95
724.677 20
740.431 -67
756.185 -89
771.938 38
787.692 11
803.446 -34
819.2 -11
834.954 -80
850.708 -31
866.462 15
882.215 34
897.969 -79
913.723 -6
929.477 97
945.231 15
960.985 87
976.738 0
992.492 -40
1008.25 -87
1024 50
