0 -47
1.96923 41
3.93846 39
5.90769 59
7.87692 8
9.84615 -45
11.8154 62
13.7846 85
15.7538 -65
17.7231 -22
19.6923 -21
21.6615 -99
23.6308 -89
25.6 -45
27.5692 -8
29.5385 36
31.5077 -21
33.4769 -39
35.4462 -94
37.4154 61
39.3846 82
41.3538 73
43.3231 -27
45.2923 -11
47.2615 37
49.2308 13
51.2 33
53.1692 -93
55.1385 -32
57.1077 -64
59.0769 47
61.0462 -15
63.0154 -76
64.9846 -64
66.9538 84
68.9231 -11
70.8923 81
72.8615 -3
74.8308 -2
76.8 -68
78.7692 -6
80.7385 6
82.7077 92
84.6769 -16
86.6462 -63
88.6154 33
90.5846 -27
92.5538 43
94.5231 -47
96.4923 47
98.4615 49
100.431 5
102.4 -97
104.369 39
106.338 40
108.308 64
110.277 -56
112.246 29
114.215 10
116.185 8
118.154 -2
120.123 5
122.092 -95
124.062 -69
126.031 60
128 -34
