0 -66
0.996109 59
1.99222 45
2.98833 44
3.98444 75
4.98054 -11
5.97665 -52
6.97276 -74
7.96887 72
8.96498 -55
9.96109 -7
10.9572 -71
11.9533 97
12.9494 -86
13.9455 42
14.9416 -12
15.9377 82
16.9339 -74
17.93 -49
18.9261 -100
19.9222 -62
20.9183 -85
21.9144 36
22.9105 67
23.9066 84
24.9027 -99
25.8988 63
26.8949 -36
27.8911 -22
28.8872 58
29.8833 71
30.8794 -41
31.8755 89
32.8716 64
33.8677 -14
34.8638 88
35.8599 61
36.856 -44
37.8521 -95
38.8482 -95
39.8444 -32
40.8405 -68
41.8366 0
42.8327 21
43.8288 -13
44.8249 -44
45.821 44
46.8171 24
47.8132 24
48.8093 -71
49.8054 -65
50.8016 77
51.7977 2
52.7938 95
53.7899 20
54.786 88
55.7821 -36
56.7782 -1
57.7743 -91
58.7704 3
59.7665 -85
60.7626 -87
61.7588 93
62.7549 100
63.751 -36
64.7471 40
65.7432 -89
66.7393 -23
67.7354 22
68.7315 48
69.7276 87
70.7237 79
71.7198 -30
72.716 0
73.7121 -100
74.7082 53
75.7043 94
76.7004 -29
77.6965 -75
78.6926 -94
79.6887 12
80.6848 90
81.6809 -21
82.677 91
83.6732 61
84.6693 -1
85.6654 -93
86.6615 -86
87.6576 -25
88.6537 56
89.6498 37
90.6459 -60
91.642 2
92.6381 36
93.6342 43
94.6304 -80
95.6265 -86
96.6226 -40
97.6187 -43
98.6148 -79
99.6109 -10
100.607 -31
101.603 -23
102.599 -37
103.595 66
104.591 -86
105.588 -70
106.584 27
107.58 -80
108.576 54
109.572 -27
110.568 -44
111.564 4
112.56 -34
113.556 13
114.553 -78
115.549 39
116.545 4
117.541 -5
118.537 71
119.533 -97
120.529 62
121.525 75
122.521 28
123.518 65
124.514 -13
125.51 24
126.506 97
127.502 -56
128.498 60
129.494 -54
130.49 -21
131.486 72
132.482 -2
133.479 81
134.475 98
135.471 31
136.467 56
137.463 44
138.459 -66
139.455 -6
140.451 -74
141.447 2
142.444 11
143.44 75
144.436 -60
145.432 67
146.428 21
147.424 -58
148.42 56
149.416 -3
150.412 89
151.409 93
152.405 64
153.401 -32
154.397 -10
155.393 -81
156.389 88
157.385 97
158.381 14
159.377 10
160.374 -27
161.37 -14
162.366 17
163.362 71
164.358 -43
165.354 97
166.35 39
167.346 -32
168.342 -15
169.339 -81
170.335 41
171.331 -90
172.327 -75
173.323 -77
174.319 -60
175.315 -58
176.311 83
177.307 -28
178.304 67
179.3 -32
180.296 -47
181.292 56
182.288 45
183.284 -79
184.28 62
185.276 73
186.272 -75
187.268 -30
188.265 71
189.261 41
190.257 70
191.253 75
192.249 -22
193.245 29
194.241 40
195.237 85
196.233 27
197.23 3
198.226 -72
199.222 59
200.218 -10
201.214 -21
202.21 58
203.206 87
204.202 -29
205.198 -8
206.195 -96
207.191 29
208.187 -48
209.183 23
210.179 43
211.175 -85
212.171 -91
213.167 16
214.163 -43
215.16 68
216.156 -5
217.152 7
218.148 5
219.144 -56
220.14 -32
221.136 -74
222.132 28
223.128 35
224.125 97
225.121 -94
226.117 92
227.113 -83
228.109 94
229.105 -16
230.101 -6
231.097 100
232.093 9
233.089 -68
234.086 17
235.082 -35
236.078 92
237.074 48
238.07 -25
239.066 -86
240.062 25
241.058 -72
242.054 4
243.051 71
244.047 41
245.043 55
246.039 70
247.035 93
248.031 -68
249.027 -56
250.023 -85
251.019 92
252.016 81
253.012 -86
254.008 -25
255.004 -45
256 -89
