0 -48
3.93846 -97
7.87692 29
11.8154 78
15.7538 65
19.6923 59
23.6308 -87
27.5692 77
31.5077 87
35.4462 -57
39.3846 97
43.3231 89
47.2615 20
51.2 75
55.1385 -80
59.0769 -22
63.0154 6
66.9538 22
70.8923 90
74.8308 -18
78.7692 35
82.7077 -69
86.6462 0
90.5846 43
94.5231 76
98.4615 28
102.4 88
106.338 7
110.277 20
114.215 -21
118.154 12
122.092 47
126.031 -46
129.969 26
133.908 -39
137.846 -92
141.785 46
145.723 45
149.662 -96
153.6 63
157.538 -37
161.477 60
165.415 50
169.354 82
173.292 -88
177.231 13
181.169 -30
185.108 -100
189.046 35
192.985 44
196.923 54
200.862 95
204.8 84
208.738 23
212.677 84
216.615 -19
220.554 81
224.492 25
228.431 41
232.369 -89
236.308 -34
240.246 -24
244.185 65
248.123 38
252.062 -57
256 -10
