0 84
1.9845 -60
3.96899 88
5.95349 26
7.93798 40
9.92248 55
11.907 76
13.8915 -12
15.876 46
17.8605 65
19.845 -25
21.8295 -25
23.814 -8
25.7984 80
27.7829 -45
29.7674 -1
31.7519 100
33.7364 62
35.7209 -88
37.7054 72
39.6899 23
41.6744 80
43.6589 25
45.6434 92
47.6279 -11
49.6124 -28
51.5969 -99
53.5814 -59
55.5659 79
57.5504 14
59.5349 -6
61.5194 37
63.5039 18
65.4884 -16
67.4729 74
69.4574 54
71.4419 -13
73.4264 -16
75.4109 39
77.3953 35
79.3798 -84
81.3643 -99
83.3488 -68
85.3333 -72
87.3178 76
89.3023 74
91.2868 -72
93.2713 66
95.2558 -46
97.2403 -15
99.2248 -44
101.209 51
103.194 -42
105.178 73
107.163 49
109.147 43
111.132 97
113.116 -45
115.101 -96
117.085 83
119.07 -100
121.054 73
123.039 78
125.023 -99
127.008 -26
128.992 90
130.977 43
132.961 25
134.946 72
136.93 45
138.915 71
140.899 16
142.884 61
144.868 -60
146.853 -16
148.837 23
150.822 -40
152.806 90
154.791 -51
156.775 60
158.76 4
160.744 0
162.729 21
164.713 49
166.698 43
168.682 -18
170.667 58
172.651 -51
174.636 11
176.62 77
178.605 32
180.589 -23
182.574 37
184.558 -59
186.543 78
188.527 27
190.512 -89
192.496 -69
194.481 -11
196.465 -17
198.45 -76
200.434 -12
202.419 -80
204.403 -94
206.388 -36
208.372 -25
210.357 -58
212.341 38
214.326 3
216.31 61
218.295 -84
220.279 -10
222.264 80
224.248 -53
226.233 -70
228.217 -9
230.202 -28
232.186 -67
234.171 -1
236.155 87
238.14 56
240.124 -93
242.109 37
244.093 97
246.078 -44
248.062 92
250.047 -43
252.031 25
254.016 -89
