0 31
1.9845 -60
3.96899 -26
5.95349 -29
7.93798 27
9.92248 -34
11.907 -67
13.8915 8
15.876 -75
17.8605 -32
19.845 -13
21.8295 48
23.814 1
25.7984 93
27.7829 86
29.7674 -1
31.7519 24
33.7364 56
35.7209 -86
37.7054 -62
39.6899 82
41.6744 -84
43.6589 -28
45.6434 3
47.6279 -37
49.6124 -3
51.5969 -68
53.5814 28
55.5659 -58
57.5504 -2
59.5349 -2
61.5194 -10
63.5039 -8
65.4884 43
67.4729 7
69.4574 74
71.4419 55
73.4264 18
75.4109 18
77.3953 59
79.3798 -80
81.3643 -43
83.3488 39
85.3333 -22
87.3178 -8
89.3023 -33
91.2868 -63
93.2713 -15
95.2558 95
97.2403 2
99.2248 25
101.209 -75
103.194 41
105.178 -73
107.163 100
109.147 52
111.132 0
113.116 -3
115.101 -95
117.085 3
119.07 97
121.054 20
123.039 89
125.023 46
127.008 -26
128.992 85
130.977 37
132.961 -58
134.946 -80
136.93 -94
138.915 61
140.899 51
142.884 -90
144.868 -75
146.853 39
148.837 20
150.822 51
152.806 -76
154.791 72
156.775 16
158.76 15
160.744 -73
162.729 76
164.713 26
166.698 -44
168.682 -42
170.667 -10
172.651 50
174.636 -91
176.62 92
178.605 33
180.589 72
182.574 -70
184.558 -72
186.543 -76
188.527 76
190.512 -66
192.496 96
194.481 59
196.465 4
198.45 93
200.434 99
202.419 -7
204.403 3
206.388 16
208.372 40
210.357 -37
212.341 60
214.326 -100
216.31 50
218.295 38
220.279 22
222.264 16
224.248 -25
226.233 -86
228.217 -92
230.202 -56
232.186 24
234.171 -55
236.155 -76
238.14 -29
240.124 -83
242.109 32
244.093 -78
246.078 51
248.062 91
250.047 -86
252.031 30
254.016 5
