0 9
1.9845 53
3.96899 29
5.95349 21
7.93798 -99
9.92248 78
11.907 100
13.8915 -50
15.876 96
17.8605 -47
19.845 -58
21.8295 -43
23.814 -61
25.7984 -14
27.7829 28
29.7674 -78
31.7519 -42
33.7364 6
35.7209 32
37.7054 -58
39.6899 99
41.6744 -88
43.6589 4
45.6434 50
47.6279 15
49.6124 46
51.5969 -22
53.5814 47
55.5659 -56
57.5504 47
59.5349 60
61.5194 -12
63.5039 64
65.4884 -95
67.4729 -46
69.4574 -95
71.4419 -32
73.4264 -38
75.4109 17
77.3953 -80
79.3798 -69
81.3643 78
83.3488 71
85.3333 -53
87.3178 -47
89.3023 -15
91.2868 -42
93.2713 -26
95.2558 -93
97.2403 -21
99.2248 2
101.209 18
103.194 72
105.178 27
107.163 73
109.147 49
111.132 35
113.116 52
115.101 76
117.085 -26
119.07 83
121.054 55
123.039 -58
125.023 -28
127.008 51
128.992 -84
130.977 17
132.961 -94
134.946 -35
136.93 -84
138.915 79
140.899 -45
142.884 6
144.868 -35
146.853 40
148.837 36
150.822 -23
152.806 -19
154.791 95
156.775 15
158.76 82
160.744 -32
162.729 -59
164.713 -84
166.698 -53
168.682 84
170.667 68
172.651 -49
174.636 61
176.62 70
178.605 -39
180.589 -62
182.574 -90
184.558 1
186.543 -6
188.527 -16
190.512 -9
192.496 -33
194.481 -26
196.465 50
198.45 80
200.434 -41
202.419 17
204.403 91
206.388 36
208.372 -97
210.357 -74
212.341 59
214.326 -84
216.31 23
218.295 86
220.279 81
222.264 -78
224.248 28
226.233 -91
228.217 -97
230.202 -42
232.186 34
234.171 60
236.155 -72
238.14 90
240.124 -2
242.109 79
244.093 70
246.078 -4
248.062 36
250.047 37
252.031 18
254.016 -13
