0 53
7.87692 26
15.7538 -93
23.6308 10
31.5077 5
39.3846 26
47.2615 41
55.1385 44
63.0154 42
70.8923 46
78.7692 75
86.6462 67
94.5231 49
102.4 -80
110.277 -24
118.154 -93
126.031 54
133.908 81
141.785 85
149.662 -89
157.538 55
165.415 95
173.292 -15
181.169 5
189.046 -56
196.923 70
204.8 -83
212.677 92
220.554 -23
228.431 -33
236.308 -30
244.185 34
252.062 44
259.938 45
267.815 -76
275.692 89
283.569 94
291.446 36
299.323 -60
307.2 49
315.077 92
322.954 1
330.831 15
338.708 -71
346.585 85
354.462 -86
362.338 64
370.215 -14
378.092 -22
385.969 60
393.846 -95
401.723 -38
409.6 -73
417.477 -29
425.354 100
433.231 4
441.108 -43
448.985 -76
456.862 -84
464.738 -10
472.615 47
480.492 71
488.369 24
496.246 -10
504.123 -85
512 62
