0 6
3.96899 -28
7.93798 -81
11.907 90
15.876 -32
19.845 -41
23.814 -76
27.7829 -40
31.7519 56
35.7209 -8
39.6899 64
43.6589 -92
47.6279 -22
51.5969 19
55.5659 47
59.5349 -15
63.5039 -99
67.4729 27
71.4419 93
75.4109 -51
79.3798 17
83.3488 -97
87.3178 -1
91.2868 78
95.2558 -64
99.2248 -54
103.194 -35
107.163 49
111.132 27
115.101 -7
119.07 78
123.039 48
127.008 44
130.977 18
134.946 92
138.915 -70
142.884 -29
146.853 59
150.822 -72
154.791 -12
158.76 -44
162.729 -49
166.698 -73
170.667 -14
174.636 58
178.605 45
182.574 24
186.543 -26
190.512 14
194.481 -25
198.45 -10
202.419 7
206.388 -24
210.357 37
214.326 -65
218.295 5
222.264 -92
226.233 32
230.202 65
234.171 -51
238.14 95
242.109 40
246.078 -2
250.047 44
254.016 56
257.984 -55
261.953 -67
265.922 26
269.891 -3
273.86 65
277.829 10
281.798 29
285.767 -9
289.736 -30
293.705 19
297.674 -76
301.643 -12
305.612 84
309.581 -94
313.55 -6
317.519 -30
321.488 7
325.457 53
329.426 -50
333.395 -84
337.364 -9
341.333 61
345.302 -71
349.271 86
353.24 23
357.209 40
361.178 -68
365.147 0
369.116 30
373.085 61
377.054 -56
381.023 -62
384.992 -17
388.961 -15
392.93 -59
396.899 57
400.868 21
404.837 -72
408.806 -11
412.775 -8
416.744 69
420.713 19
424.682 -86
428.651 -92
432.62 -19
436.589 -49
440.558 64
444.527 55
448.496 96
452.465 41
456.434 -19
460.403 56
464.372 -49
468.341 -100
472.31 -82
476.279 5
480.248 94
484.217 -73
488.186 -45
492.155 -37
496.124 -60
500.093 87
504.062 -65
508.031 59
