0 -70
1.99222 -31
3.98444 65
5.97665 23
7.96887 28
9.96109 37
11.9533 -100
13.9455 60
15.9377 14
17.93 39
19.9222 92
21.9144 33
23.9066 62
25.8988 -10
27.8911 6
29.8833 44
31.8755 -63
33.8677 -41
35.8599 40
37.8521 43
39.8444 34
41.8366 15
43.8288 -19
45.821 -8
47.8132 -50
49.8054 -74
51.7977 -79
53.7899 25
55.7821 -79
57.7743 -47
59.7665 -12
61.7588 -20
63.751 68
65.7432 95
67.7354 77
69.7276 -11
71.7198 -95
73.7121 100
75.7043 -49
77.6965 -74
79.6887 -19
81.6809 26
83.6732 -46
85.6654 -63
87.6576 -72
89.6498 -13
91.642 -19
93.6342 60
95.6265 56
97.6187 -28
99.6109 94
101.603 61
103.595 -4
105.588 -97
107.58 22
109.572 -100
111.564 -88
113.556 -37
115.549 0
117.541 7
119.533 -53
121.525 -9
123.518 79
125.51 15
127.502 -83
129.494 -37
131.486 -30
133.479 65
135.471 -54
137.463 -6
139.455 -62
141.447 48
143.44 -82
145.432 -98
147.424 21
149.416 -47
151.409 96
153.401 47
155.393 -53
157.385 44
159.377 98
161.37 -76
163.362 -48
165.354 86
167.346 -85
169.339 37
171.331 15
173.323 85
175.315 42
177.307 60
179.3 -80
181.292 -13
183.284 -26
185.276 -11
187.268 91
189.261 41
191.253 99
193.245 35
195.237 16
197.23 -95
199.222 -73
201.214 -37
203.206 30
205.198 14
207.191 99
209.183 -94
211.175 47
213.167 -59
215.16 -69
217.152 49
219.144 84
221.136 -28
223.128 -93
225.121 0
227.113 -94
229.105 -85
231.097 -31
233.089 17
235.082 -31
237.074 65
239.066 11
241.058 92
243.051 20
245.043 -92
247.035 -74
249.027 54
251.019 47
253.012 -40
255.004 -83
256.996 71
258.988 -76
260.981 -50
262.973 11
264.965 -87
266.957 -16
268.949 2
270.942 65
272.934 80
274.926 -39
276.918 52
278.911 66
280.903 75
282.895 -82
284.887 0
286.879 -33
288.872 -38
290.864 17
292.856 -56
294.848 -49
296.84 -77
298.833 48
300.825 21
302.817 59
304.809 62
306.802 16
308.794 -12
310.786 74
312.778 42
314.77 -9
316.763 76
318.755 94
320.747 83
322.739 83
324.732 -4
326.724 -67
328.716 55
330.708 -72
332.7 -65
334.693 -1
336.685 -40
338.677 -57
340.669 -56
342.661 -13
344.654 0
346.646 -52
348.638 -30
350.63 36
352.623 37
354.615 -81
356.607 85
358.599 88
360.591 -11
362.584 25
364.576 89
366.568 84
368.56 95
370.553 21
372.545 42
374.537 98
376.529 66
378.521 -5
380.514 54
382.506 -89
384.498 -47
386.49 -89
388.482 46
390.475 2
392.467 -44
394.459 -1
396.451 26
398.444 58
400.436 -41
402.428 -23
404.42 69
406.412 -1
408.405 28
410.397 65
412.389 -9
414.381 34
416.374 61
418.366 15
420.358 59
422.35 40
424.342 -37
426.335 -41
428.327 -68
430.319 6
432.311 -23
434.304 -62
436.296 27
438.288 22
440.28 91
442.272 -69
444.265 93
446.257 -57
448.249 95
450.241 -39
452.233 80
454.226 76
456.218 -44
458.21 0
460.202 28
462.195 21
464.187 76
466.179 56
468.171 -91
470.163 -24
472.156 -70
474.148 -22
476.14 -40
478.132 44
480.125 56
482.117 -49
484.109 -50
486.101 -31
488.093 3
490.086 -91
492.078 47
494.07 89
496.062 -72
498.054 68
500.047 -14
502.039 -92
504.031 -70
506.023 74
508.016 -8
510.008 -52
512 67
