0 0
1.9961 1
3.9922 0
5.9883 1
7.98441 0
9.98051 1
11.9766 0
13.9727 1
15.9688 0
17.9649 1
19.961 0
21.9571 1
23.9532 0
25.9493 1
27.9454 0
29.9415 1
31.9376 0
33.9337 1
35.9298 0
37.9259 1
39.922 0
41.9181 1
43.9142 0
45.9103 1
47.9064 0
49.9025 1
51.8986 0
53.8947 1
55.8908 0
57.8869 1
59.883 0
61.8791 1
63.8752 0
65.8713 1
67.8674 0
69.8635 1
71.8596 0
73.8558 1
75.8519 0
77.848 1
79.8441 0
81.8402 1
83.8363 0
85.8324 1
87.8285 0
89.8246 1
91.8207 0
93.8168 1
95.8129 0
97.809 1
99.8051 0
101.801 1
103.797 0
105.793 1
107.789 0
109.786 1
111.782 0
113.778 1
115.774 0
117.77 1
119.766 0
121.762 1
123.758 0
125.754 1
127.75 0
129.747 1
131.743 0
133.739 1
135.735 0
137.731 1
139.727 0
141.723 1
143.719 0
145.715 1
147.712 0
149.708 1
151.704 0
153.7 1
155.696 0
157.692 1
159.688 0
161.684 1
163.68 0
165.676 1
167.673 0
169.669 1
171.665 0
173.661 1
175.657 0
177.653 1
179.649 0
181.645 1
183.641 0
185.637 1
187.634 0
189.63 1
191.626 0
193.622 1
195.618 0
197.614 1
199.61 0
201.606 1
203.602 0
205.598 1
207.595 0
209.591 1
211.587 0
213.583 1
215.579 0
217.575 1
219.571 0
221.567 1
223.563 0
225.559 1
227.556 0
229.552 1
231.548 0
233.544 1
235.54 0
237.536 1
239.532 0
241.528 1
243.524 0
245.52 1
247.517 0
249.513 1
251.509 0
253.505 1
255.501 0
257.497 1
259.493 0
261.489 1
263.485 0
265.481 1
267.478 0
269.474 1
271.47 0
273.466 1
275.462 0
277.458 1
279.454 0
281.45 1
283.446 0
285.442 1
287.439 0
289.435 1
291.431 0
293.427 1
295.423 0
297.419 1
299.415 0
301.411 1
303.407 0
305.404 1
307.4 0
309.396 1
311.392 0
313.388 1
315.384 0
317.38 1
319.376 0
321.372 1
323.368 0
325.365 1
327.361 0
329.357 1
331.353 0
333.349 1
335.345 0
337.341 1
339.337 0
341.333 1
343.329 0
345.326 1
347.322 0
349.318 1
351.314 0
353.31 1
355.306 0
357.302 1
359.298 0
361.294 1
363.29 0
365.287 1
367.283 0
369.279 1
371.275 0
373.271 1
375.267 0
377.263 1
379.259 0
381.255 1
383.251 0
385.248 1
387.244 0
389.24 1
391.236 0
393.232 1
395.228 0
397.224 1
399.22 0
401.216 1
403.212 0
405.209 1
407.205 0
409.201 1
411.197 0
413.193 1
415.189 0
417.185 1
419.181 0
421.177 1
423.173 0
425.17 1
427.166 0
429.162 1
431.158 0
433.154 1
435.15 0
437.146 1
439.142 0
441.138 1
443.135 0
445.131 1
447.127 0
449.123 1
451.119 0
453.115 1
455.111 0
457.107 1
459.103 0
461.099 1
463.096 0
465.092 1
467.088 0
469.084 1
471.08 0
473.076 1
475.072 0
477.068 1
479.064 0
481.06 1
483.057 0
485.053 1
487.049 0
489.045 1
491.041 0
493.037 1
495.033 0
497.029 1
499.025 0
501.021 1
503.018 0
505.014 1
507.01 0
509.006 1
511.002 0
512.998 1
514.994 0
516.99 1
518.986 0
520.982 1
522.979 0
524.975 1
526.971 0
528.967 1
530.963 0
532.959 1
534.955 0
536.951 1
538.947 0
540.943 1
542.94 0
544.936 1
546.932 0
548.928 1
550.924 0
552.92 1
554.916 0
556.912 1
558.908 0
560.904 1
562.901 0
564.897 1
566.893 0
568.889 1
570.885 0
572.881 1
574.877 0
576.873 1
578.869 0
580.865 1
582.862 0
584.858 1
586.854 0
588.85 1
590.846 0
592.842 1
594.838 0
596.834 1
598.83 0
600.827 1
602.823 0
604.819 1
606.815 0
608.811 1
610.807 0
612.803 1
614.799 0
616.795 1
618.791 0
620.788 1
622.784 0
624.78 1
626.776 0
628.772 1
630.768 0
632.764 1
634.76 0
636.756 1
638.752 0
640.749 1
642.745 0
644.741 1
646.737 0
648.733 1
650.729 0
652.725 1
654.721 0
656.717 1
658.713 0
660.71 1
662.706 0
664.702 1
666.698 0
668.694 1
670.69 0
672.686 1
674.682 0
676.678 1
678.674 0
680.671 1
682.667 0
684.663 1
686.659 0
688.655 1
690.651 0
692.647 1
694.643 0
696.639 1
698.635 0
700.632 1
702.628 0
704.624 1
706.62 0
708.616 1
710.612 0
712.608 1
714.604 0
716.6 1
718.596 0
720.593 1
722.589 0
724.585 1
726.581 0
728.577 1
730.573 0
732.569 1
734.565 0
736.561 1
738.558 0
740.554 1
742.55 0
744.546 1
746.542 0
748.538 1
750.534 0
752.53 1
754.526 0
756.522 1
758.519 0
760.515 1
762.511 0
764.507 1
766.503 0
768.499 1
770.495 0
772.491 1
774.487 0
776.483 1
778.48 0
780.476 1
782.472 0
784.468 1
786.464 0
788.46 1
790.456 0
792.452 1
794.448 0
796.444 1
798.441 0
800.437 1
802.433 0
804.429 1
806.425 0
808.421 1
810.417 0
812.413 1
814.409 0
816.405 1
818.402 0
820.398 1
822.394 0
824.39 1
826.386 0
828.382 1
830.378 0
832.374 1
834.37 0
836.366 1
838.363 0
840.359 1
842.355 0
844.351 1
846.347 0
848.343 1
850.339 0
852.335 1
854.331 0
856.327 1
858.324 0
860.32 1
862.316 0
864.312 1
866.308 0
868.304 1
870.3 0
872.296 1
874.292 0
876.288 1
878.285 0
880.281 1
882.277 0
884.273 1
886.269 0
888.265 1
890.261 0
892.257 1
894.253 0
896.25 1
898.246 0
900.242 1
902.238 0
904.234 1
906.23 0
908.226 1
910.222 0
912.218 1
914.214 0
916.211 1
918.207 0
920.203 1
922.199 0
924.195 1
926.191 0
928.187 1
930.183 0
932.179 1
934.175 0
936.172 1
938.168 0
940.164 1
942.16 0
944.156 1
946.152 0
948.148 1
950.144 0
952.14 1
954.136 0
956.133 1
958.129 0
960.125 1
962.121 0
964.117 1
966.113 0
968.109 1
970.105 0
972.101 1
974.097 0
976.094 1
978.09 0
980.086 1
982.082 0
984.078 1
986.074 0
988.07 1
990.066 0
992.062 1
994.058 0
996.055 1
998.051 0
1000.05 1
1002.04 0
1004.04 1
1006.04 0
1008.03 1
1010.03 0
1012.02 1
1014.02 0
1016.02 1
1018.01 0
1020.01 1
1022 0
