0 0
3.93846 1
7.87692 0
11.8154 1
15.7538 0
19.6923 1
23.6308 0
27.5692 1
31.5077 0
35.4462 1
39.3846 0
43.3231 1
47.2615 0
51.2 1
55.1385 0
59.0769 1
63.0154 0
66.9538 1
70.8923 0
74.8308 1
78.7692 0
82.7077 1
86.6462 0
90.5846 1
94.5231 0
98.4615 1
102.4 0
106.338 1
110.277 0
114.215 1
118.154 0
122.092 1
126.031 0
129.969 1
133.908 0
137.846 1
141.785 0
145.723 1
149.662 0
153.6 1
157.538 0
161.477 1
165.415 0
169.354 1
173.292 0
177.231 1
181.169 0
185.108 1
189.046 0
192.985 1
196.923 0
200.862 1
204.8 0
208.738 1
212.677 0
216.615 1
220.554 0
224.492 1
228.431 0
232.369 1
236.308 0
240.246 1
244.185 0
248.123 1
252.062 0
256 1
