32	1	1	1	1	3	0.007987	0.007755	0.043498	0.0318	0.116893
32	1	1	1	2	7	0.007417	0.009294	0.056151	0.052692	0.292668
32	1	1	1	4	11	0.009224	0.015982	0.088037	0.084021	0.48041
32	1	1	1	8	19	0.013231	0.021004	0.208808	0.172967	0.967456
32	1	1	1	16	35	0.02359	0.050807	0.760059	0.567248	3.04562
32	1	1	1	32	33	0.062286	0.067225	0.847849	0.385434	2.83221
32	1	1	2	1	7	0.009016	0.012844	0.068721	0.06438	0.327092
32	1	1	2	2	5	0.009938	0.011272	0.061207	0.045312	0.221116
32	1	1	2	4	13	0.012121	0.017117	0.129839	0.104734	2.03995
32	1	1	2	8	17	0.017995	0.024525	0.184224	0.151668	0.951085
32	1	1	2	16	37	0.027263	0.044901	1.05412	0.649594	3.01905
32	1	1	2	32	37	0.046427	0.058886	0.744129	0.384245	3.02189
32	1	1	4	1	11	0.010976	0.015794	0.093125	0.081451	0.475492
32	1	1	4	2	13	0.011556	0.015628	0.121653	0.095408	0.629452
32	1	1	4	4	9	0.013462	0.016386	0.105601	0.073874	0.404277
32	1	1	4	8	25	0.017824	0.029333	0.351037	0.253436	1.49389
32	1	1	4	16	41	0.029889	0.037918	0.831719	0.583758	2.97831
32	1	1	4	32	41	0.048178	0.06134	0.893672	0.47882	3.99203
32	1	1	8	1	19	0.015708	0.023918	0.226852	0.182829	1.1351
32	1	1	8	2	17	0.016986	0.023965	0.176592	0.134896	1.04517
32	1	1	8	4	25	0.020332	0.042782	0.347704	0.253109	1.59684
32	1	1	8	8	17	0.022789	0.029126	0.209165	0.129041	1.00327
32	1	1	8	16	49	0.034089	0.054922	1.35896	0.858162	4.70724
32	1	1	8	32	49	0.041592	0.088957	0.857463	0.44186	3.44709
32	1	1	16	1	35	0.021332	0.036458	0.77378	0.475453	2.35797
32	1	1	16	2	37	0.024207	0.039184	0.757538	0.437249	2.50099
32	1	1	16	4	41	0.02693	0.044278	0.818463	0.499756	2.72639
32	1	1	16	8	49	0.025448	0.042471	1.02288	0.638876	3.94671
32	1	1	16	16	33	0.04056	0.051724	1.29397	0.680766	2.06771
32	1	1	16	32	65	0.057303	0.08035	1.98473	1.47438	8.45622
32	1	1	32	1	33	0.044868	0.062273	0.595095	0.280962	2.09376
32	1	1	32	2	37	0.076018	0.057112	0.575914	0.281271	2.79413
32	1	1	32	4	41	0.048047	0.064863	1.23365	0.580188	3.58402
32	1	1	32	8	49	0.052946	0.070063	1.03973	0.557494	4.30821
32	1	1	32	16	65	0.057602	0.095244	2.10874	1.1814	6.41501
32	1	1	32	32	33	0.063453	0.070397	0.653561	0.233159	1.85758
32	1	2	1	1	3	0.006128	0.006807	0.024712	0.022826	0.086617
32	1	2	1	2	7	0.005765	0.007438	0.042888	0.040886	0.22266
32	1	2	1	4	11	0.007486	0.010371	0.070294	0.061384	0.409101
32	1	2	1	8	19	0.012187	0.017504	0.158561	0.124791	0.853706
32	1	2	1	16	35	0.019909	0.031105	0.306644	0.20575	1.9098
32	1	2	2	1	7	0.006798	0.007163	0.041443	0.039963	0.214744
32	1	2	2	2	5	0.006384	0.007106	0.037382	0.033206	0.151062
32	1	2	2	4	13	0.008363	0.011387	0.078916	0.06911	0.498787
32	1	2	2	8	17	0.016388	0.02036	0.155226	0.12109	0.815284
32	1	2	2	16	37	0.033168	0.0407	0.475265	0.331983	2.7383
32	1	2	4	1	11	0.009832	0.012368	0.078921	0.074386	0.499127
32	1	2	4	2	13	0.008882	0.013489	0.08295	0.072433	0.470927
32	1	2	4	4	9	0.011379	0.012263	0.075206	0.055017	0.298993
32	1	2	4	8	25	0.014175	0.02168	0.281016	0.169867	1.23881
32	1	2	4	16	41	0.02207	0.034317	0.378803	0.263493	2.4622
32	1	2	8	1	19	0.012458	0.017551	0.150968	0.128063	0.788148
32	1	2	8	2	17	0.012161	0.016862	0.127428	0.093581	0.674949
32	1	2	8	4	25	0.013785	0.021012	0.231237	0.164894	1.20762
32	1	2	8	8	17	0.017937	0.021189	0.150582	0.104448	0.650507
32	1	2	8	16	49	0.022704	0.03635	0.483174	0.30678	3.59875
32	1	2	16	1	35	0.019114	0.031894	0.312802	0.225395	2.11385
32	1	2	16	2	37	0.018647	0.031401	0.305744	0.210195	2.09689
32	1	2	16	4	41	0.021346	0.033496	0.367434	0.24416	2.33918
32	1	2	16	8	49	0.024524	0.037886	0.502494	0.339662	3.82319
32	1	2	16	16	33	0.040387	0.060951	0.435641	0.187339	1.73622
32	1	4	1	1	3	0.010305	0.006623	0.026223	0.024252	0.088722
32	1	4	1	2	7	0.005602	0.007052	0.040688	0.038543	0.212296
32	1	4	1	4	11	0.007422	0.010181	0.065567	0.05835	0.429087
32	1	4	2	1	7	0.005994	0.007643	0.043085	0.040418	0.216917
32	1	4	2	2	5	0.006393	0.00701	0.037572	0.038918	0.145104
32	1	4	2	4	13	0.007967	0.011087	0.082136	0.068056	0.480532
32	1	4	4	1	11	0.007058	0.019954	0.063853	0.067161	0.359888
32	1	4	4	2	13	0.007779	0.010771	0.075674	0.065808	0.45595
32	1	4	4	4	9	0.011072	0.012547	0.072283	0.056479	0.297308
32	1	8	1	1	3	0.005636	0.005099	0.022312	0.020215	0.08086
32	1	8	1	2	7	0.005538	0.006655	0.051054	0.038301	0.222181
32	1	8	2	1	7	0.006741	0.007616	0.0435	0.043615	0.210917
32	1	8	2	2	5	0.007837	0.007651	0.041644	0.033204	0.1431
32	2	1	1	1	3	0.004765	0.004875	0.022998	0.019721	0.082351
32	2	1	1	2	7	0.005486	0.006807	0.040703	0.039318	0.21598
32	2	1	1	4	11	0.00732	0.010308	0.102974	0.07853	0.372535
32	2	1	1	8	19	0.013295	0.020983	0.37828	0.331329	0.936514
32	2	1	1	16	34	0.02	0.031949	1.46657	0.679424	1.93582
32	2	1	1	32	34	0.036491	0.045015	0.865467	0.448406	1.94719
32	2	1	2	1	7	0.007302	0.008358	0.044925	0.042855	0.214948
32	2	1	2	2	5	0.006365	0.007161	0.03719	0.030071	0.162095
32	2	1	2	4	13	0.008077	0.011925	0.122278	0.097213	0.547412
32	2	1	2	8	17	0.013708	0.018316	0.300303	0.205306	0.750128
32	2	1	2	16	36	0.026166	0.03893	1.67006	0.707414	2.21272
32	2	1	2	32	38	0.037609	0.048201	1.13363	0.657984	3.1911
32	2	1	4	1	11	0.010038	0.014881	0.148782	0.118609	0.566971
32	2	1	4	2	13	0.013408	0.018089	0.178087	0.131593	0.649975
32	2	1	4	4	9	0.010954	0.013975	0.089156	0.058175	0.333217
32	2	1	4	8	25	0.014395	0.022859	0.453427	0.304148	1.23072
32	2	1	4	16	40	0.021565	0.034007	1.74224	0.885411	2.75868
32	2	1	4	32	42	0.044572	0.056826	1.50717	0.755272	2.7257
32	2	1	8	1	19	0.012955	0.019586	0.323772	0.288616	1.02136
32	2	1	8	2	17	0.013255	0.018743	0.310763	0.207562	0.708554
32	2	1	8	4	25	0.015677	0.022962	0.440161	0.300674	1.25595
32	2	1	8	8	17	0.019736	0.023255	0.465438	0.277266	0.719059
32	2	1	8	16	48	0.025453	0.040115	2.54351	1.10174	3.79744
32	2	1	8	32	50	0.060863	0.074348	3.25437	1.09838	4.04623
32	2	1	16	1	34	0.020683	0.031508	1.85604	0.693197	2.10233
32	2	1	16	2	36	0.021271	0.032965	1.75607	1.15199	2.72159
32	2	1	16	4	40	0.025052	0.044734	2.03953	0.884911	2.78255
32	2	1	16	8	48	0.028301	0.04563	2.59518	1.21162	4.06018
32	2	1	16	16	32	0.043745	0.043445	2.69128	1.06602	1.80823
32	2	1	16	32	65	0.048738	0.068042	4.40995	1.84034	5.80453
32	2	1	32	1	34	0.039877	0.053121	0.92031	0.470765	1.99946
32	2	1	32	2	38	0.037291	0.047661	1.07081	0.559922	2.20214
32	2	1	32	4	42	0.036208	0.04661	1.23829	0.687705	3.23798
32	2	1	32	8	50	0.065779	0.075423	3.27945	1.21864	4.52143
32	2	1	32	16	65	0.057963	0.080555	4.65844	2.61678	6.16447
32	2	1	32	32	34	0.062778	0.070993	1.60186	0.773218	2.03835
32	2	2	1	1	3	0.007083	0.007529	0.029799	0.0269	0.103854
32	2	2	1	2	7	0.006033	0.007856	0.044525	0.042022	0.231938
32	2	2	1	4	11	0.008254	0.011101	0.104055	0.085697	0.46117
32	2	2	1	8	19	0.014703	0.023084	0.321336	0.238776	0.897879
32	2	2	1	16	32	0.023764	0.034453	0.640381	0.419613	2.45418
32	2	2	2	1	7	0.007782	0.008719	0.05002	0.047526	0.240332
32	2	2	2	2	5	0.007381	0.008043	0.042406	0.034195	0.160804
32	2	2	2	4	13	0.008896	0.012863	0.118472	0.110317	0.507145
32	2	2	2	8	17	0.012968	0.01773	0.32984	0.219888	0.75559
32	2	2	2	16	36	0.024012	0.039714	0.697849	0.458764	2.13287
32	2	2	4	1	11	0.009501	0.012371	0.102658	0.086801	0.399433
32	2	2	4	2	13	0.008635	0.012126	0.112091	0.091483	0.503192
32	2	2	4	4	9	0.00994	0.011954	0.072376	0.053371	0.300631
32	2	2	4	8	25	0.013918	0.021167	0.428202	0.284539	1.25273
32	2	2	4	16	40	0.025621	0.039275	0.851958	0.569198	3.6444
32	2	2	8	1	19	0.014954	0.020114	0.34573	0.253419	0.939333
32	2	2	8	2	17	0.015823	0.019984	0.322177	0.212329	0.744899
32	2	2	8	4	25	0.015558	0.023972	0.463541	0.313503	1.26039
32	2	2	8	8	17	0.019957	0.024173	0.540293	0.343619	0.793944
32	2	2	8	16	48	0.026362	0.042052	1.2467	0.769188	3.95765
32	2	2	16	1	32	0.037558	0.045058	1.0627	0.425194	2.00117
32	2	2	16	2	36	0.025087	0.037049	0.905433	0.529087	2.41745
32	2	2	16	4	40	0.025454	0.03864	0.884581	0.566866	2.68302
32	2	2	16	8	48	0.027243	0.044334	1.32742	1.20731	3.99513
32	2	2	16	16	32	0.034995	0.044965	1.271	0.866867	4.13811
32	2	4	1	1	3	0.008224	0.008337	0.036928	0.03237	0.108702
32	2	4	1	2	7	0.007992	0.009918	0.063592	0.052179	0.263876
32	2	4	1	4	11	0.011145	0.012367	0.131602	0.093345	0.453162
32	2	4	1	8	19	0.015777	0.0236	0.190513	0.136271	0.885565
32	2	4	2	1	7	0.006958	0.008329	0.049248	0.046923	0.263794
32	2	4	2	2	5	0.007412	0.010002	0.046513	0.03644	0.173587
32	2	4	2	4	13	0.011392	0.015515	0.155428	0.09983	0.55253
32	2	4	2	8	21	0.022175	0.033422	0.248124	0.217924	1.34268
32	2	4	4	1	11	0.020069	0.020621	0.175958	0.096123	0.457829
32	2	4	4	2	13	0.01178	0.014435	0.131047	0.144949	0.548337
32	2	4	4	4	9	0.012284	0.0134	0.100521	0.064101	0.341995
32	2	4	4	8	25	0.016023	0.023625	0.344393	0.287509	2.63098
32	2	4	8	1	19	0.013667	0.021119	0.186733	0.157003	1.01299
32	2	4	8	2	21	0.020158	0.028306	0.251799	0.178148	1.30472
32	2	4	8	4	25	0.017341	0.027216	0.310851	0.209501	1.39603
32	2	4	8	8	17	0.022223	0.030375	0.188981	0.133413	0.877613
32	2	8	1	1	3	0.008109	0.007171	0.035244	0.032055	0.115544
32	2	8	1	2	7	0.00664	0.008383	0.049778	0.048954	0.265709
32	2	8	2	1	7	0.006837	0.008613	0.049359	0.061504	0.333282
32	2	8	2	2	5	0.016988	0.016064	0.072518	0.064148	0.204615
32	4	1	1	1	3	0.016341	0.012387	0.062499	0.052874	0.122524
32	4	1	1	2	7	0.022298	0.017707	0.14504	0.1556	0.400022
32	4	1	1	4	11	0.011003	0.014412	0.188873	0.138445	0.48074
32	4	1	1	8	18	0.014119	0.020797	0.895057	0.527935	1.17295
32	4	1	1	16	34	0.029568	0.043914	4.45232	1.34648	2.28911
32	4	1	1	32	36	0.040382	0.052397	4.79235	1.24048	2.66731
32	4	1	2	1	7	0.011214	0.012828	0.119237	0.100597	0.324191
32	4	1	2	2	5	0.011166	0.011894	0.062284	0.052716	0.207588
32	4	1	2	4	13	0.013385	0.016924	0.391442	0.222202	0.634785
32	4	1	2	8	16	0.016979	0.021063	0.800112	0.44693	0.798248
32	4	1	2	16	36	0.023659	0.0358	5.23813	1.54661	2.32527
32	4	1	2	32	40	0.038944	0.051753	4.53977	1.36137	2.70343
32	4	1	4	1	11	0.011642	0.016199	0.219433	0.164398	0.512477
32	4	1	4	2	13	0.015602	0.018072	0.352584	0.312436	0.726739
32	4	1	4	4	9	0.022452	0.022351	0.342687	0.235924	0.468097
32	4	1	4	8	24	0.022349	0.028408	1.50355	0.771333	1.45992
32	4	1	4	16	40	0.028862	0.042429	5.64926	1.71496	2.82691
32	4	1	4	32	44	0.040847	0.055777	4.67593	1.58885	3.0802
32	4	1	8	1	18	0.016522	0.019818	0.758662	0.35249	0.741492
32	4	1	8	2	16	0.013063	0.017448	0.614381	0.322273	0.627511
32	4	1	8	4	24	0.016255	0.021511	1.13257	0.496093	1.07009
32	4	1	8	8	16	0.017562	0.021448	1.10448	0.535649	0.69823
32	4	1	8	16	47	0.026506	0.039056	6.6421	2.073	3.59165
32	4	1	8	32	51	0.055819	0.066909	6.81199	1.94595	3.78031
32	4	1	16	1	34	0.021728	0.028307	3.40193	1.29547	1.79404
32	4	1	16	2	36	0.019786	0.029171	3.75099	1.25749	2.1656
32	4	1	16	4	40	0.022671	0.033325	5.15676	2.17543	2.37406
32	4	1	16	8	47	0.023992	0.048052	6.03072	1.78222	3.08213
32	4	1	16	16	32	0.0301	0.038031	6.18013	1.83293	1.73537
32	4	1	16	32	65	0.047436	0.064762	13.2305	3.45543	5.6547
32	4	1	32	1	36	0.036118	0.045188	3.30477	1.09318	1.99466
32	4	1	32	2	40	0.033894	0.044866	3.47229	1.17023	2.64955
32	4	1	32	4	44	0.042689	0.058907	5.53013	1.87586	3.47382
32	4	1	32	8	51	0.044795	0.058546	6.58942	2.70591	4.31751
32	4	1	32	16	65	0.060408	0.069484	12.8566	3.48732	5.44525
32	4	1	32	32	36	0.061259	0.068432	7.3236	2.1066	2.27399
32	4	2	1	1	3	0.008057	0.008832	0.037174	0.043394	0.096682
32	4	2	1	2	7	0.006383	0.007793	0.075019	0.061999	0.230739
32	4	2	1	4	11	0.0085	0.011124	0.166726	0.157559	0.407336
32	4	2	1	8	18	0.01272	0.019295	0.847461	0.352771	0.832235
32	4	2	1	16	32	0.022334	0.031304	1.60592	0.65574	2.02882
32	4	2	2	1	7	0.012433	0.013024	0.115316	0.086829	0.346775
32	4	2	2	2	5	0.016156	0.013643	0.062338	0.056324	0.179841
32	4	2	2	4	13	0.017477	0.029751	0.275683	0.167993	0.563733
32	4	2	2	8	16	0.015767	0.020835	0.774431	0.379066	0.745605
32	4	2	2	16	36	0.027399	0.042503	1.79369	0.78643	2.32621
32	4	2	4	1	11	0.009657	0.012851	0.180354	0.1277	0.421827
32	4	2	4	2	13	0.010807	0.013768	0.218607	0.162919	0.598464
32	4	2	4	4	9	0.011817	0.013793	0.222247	0.136743	0.325509
32	4	2	4	8	24	0.015079	0.022607	1.1357	0.575395	1.42094
32	4	2	4	16	40	0.033039	0.053681	2.89945	1.10439	2.94898
32	4	2	8	1	18	0.015622	0.024092	0.869027	0.438096	0.953416
32	4	2	8	2	16	0.015632	0.020117	0.758115	0.401467	0.742028
32	4	2	8	4	24	0.016842	0.024277	1.19558	0.565836	1.31042
32	4	2	8	8	16	0.021382	0.024066	1.77708	0.793653	0.906062
32	4	2	8	16	47	0.037477	0.060264	4.31252	1.58889	3.72057
32	4	2	16	1	32	0.022025	0.032064	1.48451	0.682932	2.62939
32	4	2	16	2	36	0.025278	0.034357	1.94315	0.873536	2.66813
32	4	2	16	4	40	0.025412	0.040166	2.37554	1.02187	2.82914
32	4	2	16	8	47	0.032833	0.042273	5.03184	1.49182	3.77068
32	4	2	16	16	32	0.036182	0.044116	2.5486	1.09432	1.87766
32	4	4	1	1	3	0.006684	0.006125	0.026955	0.022732	0.089134
32	4	4	1	2	7	0.005974	0.007583	0.071742	0.064483	0.235807
32	4	4	1	4	11	0.0078	0.011645	0.160384	0.117156	0.394674
32	4	4	1	8	16	0.011613	0.016228	0.289571	0.203562	0.671669
32	4	4	2	1	7	0.006118	0.008703	0.070048	0.057928	0.225802
32	4	4	2	2	5	0.008156	0.008287	0.049849	0.036917	0.179931
32	4	4	2	4	13	0.010523	0.012722	0.206664	0.162774	0.526332
32	4	4	2	8	20	0.015863	0.021685	0.427558	0.295414	1.012
32	4	4	4	1	11	0.012438	0.016919	0.241644	0.183552	0.527185
32	4	4	4	2	13	0.01389	0.018705	0.259383	0.159282	0.521752
32	4	4	4	4	9	0.013079	0.014792	0.227134	0.135387	0.341573
32	4	4	4	8	24	0.014869	0.023736	0.615139	0.398681	1.19732
32	4	4	8	1	16	0.01276	0.017525	0.292919	0.225638	0.692534
32	4	4	8	2	20	0.014512	0.022716	0.461055	0.270882	0.955646
32	4	4	8	4	24	0.015737	0.023362	0.608346	0.374248	1.22739
32	4	4	8	8	16	0.028743	0.027811	0.720055	0.390822	0.85234
32	4	8	1	1	3	0.006881	0.007204	0.029069	0.025754	0.091779
32	4	8	1	2	7	0.006118	0.007741	0.075072	0.076681	0.234595
32	4	8	1	4	11	0.008177	0.011273	0.101495	0.083444	0.423491
32	4	8	2	1	7	0.151977	0.008694	0.077597	0.063995	0.252089
32	4	8	2	2	5	0.009091	0.010903	0.067918	0.044696	0.195855
32	4	8	2	4	13	0.01213	0.01603	0.163955	0.140699	0.671771
32	4	8	4	1	11	0.013355	0.018037	0.14216	0.117766	0.487863
32	4	8	4	2	13	0.013126	0.03898	0.140187	0.100038	0.547758
32	4	8	4	4	9	0.013794	0.015745	0.083931	0.065754	0.353282
32	8	1	1	1	3	0.008962	0.00908	0.040392	0.028887	0.095555
32	8	1	1	2	7	0.006743	0.008274	0.101222	0.083373	0.270668
32	8	1	1	4	10	0.009048	0.011734	0.35839	0.196992	0.40148
32	8	1	1	8	18	0.014568	0.018299	1.7726	0.570708	0.815927
32	8	1	1	16	34	0.021148	0.031944	11.3699	2.24477	1.94107
32	8	1	1	32	40	0.03419	0.045841	10.6401	2.27725	2.24663
32	8	1	2	1	7	0.007081	0.008371	0.096257	0.070319	0.240354
32	8	1	2	2	5	0.007693	0.007658	0.082668	0.068756	0.151143
32	8	1	2	4	12	0.009302	0.016116	0.480628	0.274958	0.472066
32	8	1	2	8	16	0.013	0.016251	1.49939	0.516195	0.678438
32	8	1	2	16	36	0.021132	0.043318	9.79236	2.22764	2.17787
32	8	1	2	32	44	0.061594	0.057126	14.1381	3.03984	2.87837
32	8	1	4	1	10	0.012252	0.010844	0.32793	0.16535	0.340804
32	8	1	4	2	12	0.008458	0.024695	0.458297	0.224954	0.417683
32	8	1	4	4	8	0.009625	0.010506	0.374173	0.181016	0.262237
32	8	1	4	8	23	0.012426	0.018707	2.6554	0.839728	0.996348
32	8	1	4	16	39	0.020941	0.031429	12.2257	2.62255	2.38136
32	8	1	4	32	47	0.036595	0.054507	14.4585	3.06967	3.81933
32	8	1	8	1	18	0.011661	0.016979	1.50458	0.496486	0.711539
32	8	1	8	2	16	0.012225	0.015651	1.32288	0.479213	0.588129
32	8	1	8	4	23	0.017537	0.019529	2.54529	0.844621	0.984314
32	8	1	8	8	16	0.017978	0.021362	2.37495	0.709765	0.606341
32	8	1	8	16	46	0.024579	0.037937	17.2011	4.41496	3.3239
32	8	1	8	32	54	0.041096	0.053758	21.3632	5.05145	4.09442
32	8	1	16	1	34	0.017497	0.027867	9.78726	2.05275	1.79205
32	8	1	16	2	36	0.01881	0.027965	10.0351	2.22889	2.41149
32	8	1	16	4	39	0.021191	0.032112	12.0236	2.85576	2.73596
32	8	1	16	8	46	0.024559	0.036833	18.1919	3.75831	3.41276
32	8	1	16	16	32	0.037953	0.050468	18.5396	4.10489	2.44194
32	8	1	16	32	65	0.043984	0.062109	37.6436	6.95139	4.90708
32	8	1	32	1	40	0.030888	0.041189	10.3654	3.11731	2.13905
32	8	1	32	2	44	0.031675	0.042932	12.0653	3.26703	2.77626
32	8	1	32	4	47	0.035872	0.050975	14.6105	3.27	3.2736
32	8	1	32	8	54	0.047955	0.056006	21.1223	4.87418	3.81923
32	8	1	32	16	65	0.043473	0.061748	35.629	7.2842	4.96186
32	8	1	32	32	40	0.055047	0.07401	19.7117	3.98418	2.10747
32	8	2	1	1	3	0.006279	0.006101	0.026715	0.020212	0.076222
32	8	2	1	2	7	0.005106	0.006957	0.109365	0.072516	0.213982
32	8	2	1	4	10	0.006699	0.008912	0.317705	0.144395	0.302272
32	8	2	1	8	18	0.009743	0.017276	1.40488	0.449118	0.637093
32	8	2	1	16	32	0.019246	0.030344	3.14169	0.919474	1.4768
32	8	2	2	1	7	0.007663	0.008051	0.129341	0.078931	0.254001
32	8	2	2	2	5	0.00793	0.008734	0.097441	0.061173	0.134811
32	8	2	2	4	12	0.007375	0.010332	0.471657	0.207341	0.379273
32	8	2	2	8	17	0.012431	0.023755	1.27774	0.434887	0.639811
32	8	2	2	16	36	0.020453	0.031877	3.63655	1.10028	1.90313
32	8	2	4	1	10	0.008671	0.010914	0.343392	0.150987	0.314616
32	8	2	4	2	12	0.007599	0.010109	0.475932	0.203241	0.377963
32	8	2	4	4	8	0.008995	0.014424	0.408687	0.167929	0.231836
32	8	2	4	8	23	0.012396	0.022369	2.59124	0.818832	0.925973
32	8	2	4	16	39	0.021737	0.037228	4.70949	1.4325	2.06145
32	8	2	8	1	18	0.012762	0.01774	1.42841	0.521902	0.664617
32	8	2	8	2	17	0.013582	0.017716	1.31692	0.456502	0.605662
32	8	2	8	4	23	0.014702	0.022181	2.38248	0.801857	0.912033
32	8	2	8	8	16	0.019	0.022631	2.62521	0.873571	0.585585
32	8	2	8	16	45	0.025768	0.039418	7.43084	2.03968	2.64155
32	8	2	16	1	32	0.019692	0.029967	3.02717	0.917309	1.47975
32	8	2	16	2	36	0.021936	0.03261	3.55538	1.13545	1.78292
32	8	2	16	4	39	0.028251	0.037083	4.4614	1.35662	1.98842
32	8	2	16	8	45	0.026937	0.039485	7.6769	2.08814	2.60332
32	8	2	16	16	32	0.033485	0.042118	5.60936	1.56682	1.86444
32	8	4	1	1	3	0.004489	0.004897	0.021942	0.019601	0.079634
32	8	4	1	2	7	0.00612	0.008222	0.105284	0.062952	0.195281
32	8	4	1	4	10	0.006791	0.008891	0.277113	0.143933	0.299406
32	8	4	1	8	16	0.009901	0.013579	0.538005	0.274272	0.58678
32	8	4	2	1	7	0.006137	0.006722	0.081227	0.060934	0.194994
32	8	4	2	2	5	0.005883	0.00653	0.070458	0.048201	0.132363
32	8	4	2	4	12	0.007621	0.010219	0.419566	0.202349	0.377964
32	8	4	2	8	20	0.010535	0.015819	0.770974	0.364246	0.797272
32	8	4	4	1	10	0.00731	0.009342	0.272301	0.144789	0.353622
32	8	4	4	2	12	0.007551	0.010131	0.415339	0.201963	0.375964
32	8	4	4	4	8	0.009692	0.010053	0.345713	0.165901	0.22975
32	8	4	4	8	23	0.012468	0.018019	1.24403	0.529696	0.916526
32	8	4	8	1	16	0.010319	0.01361	0.569917	0.263159	0.633285
32	8	4	8	2	20	0.011048	0.015988	0.798228	0.38793	0.779129
32	8	4	8	4	23	0.015695	0.018464	1.23748	0.513984	0.952789
32	8	4	8	8	16	0.015431	0.018263	0.947913	0.397671	0.557498
32	8	8	1	1	3	0.00507	0.00489	0.020087	0.017441	0.0802
32	8	8	1	2	7	0.005942	0.006567	0.081168	0.061143	0.194063
32	8	8	1	4	8	0.00668	0.008224	0.133366	0.087035	0.264976
32	8	8	2	1	7	0.005092	0.006739	0.079709	0.060856	0.204469
32	8	8	2	2	5	0.005869	0.006517	0.075381	0.048098	0.132231
32	8	8	2	4	12	0.007561	0.010349	0.240699	0.153355	0.378521
32	8	8	4	1	8	0.006811	0.0085	0.126656	0.087539	0.227849
32	8	8	4	2	12	0.007633	0.010025	0.24016	0.192199	0.506932
32	8	8	4	4	8	0.012129	0.013888	0.240651	0.176095	0.275324
64	1	1	1	1	3	0.004367	0.004665	0.019986	0.026689	0.075791
64	1	1	1	2	7	0.005069	0.006567	0.037504	0.034975	0.207283
64	1	1	1	4	11	0.008587	0.011455	0.078753	0.068733	0.433963
64	1	1	1	8	19	0.012143	0.018868	0.141632	0.116851	0.903034
64	1	1	1	16	35	0.020334	0.032908	0.334978	0.240763	2.24567
64	1	1	1	32	69	0.037873	0.064466	1.50628	0.772356	5.78139
64	1	1	1	64	65	0.053708	0.07482	0.989754	0.383528	4.75916
64	1	1	2	1	7	0.005396	0.006833	0.038048	0.035637	0.194111
64	1	1	2	2	5	0.006082	0.006807	0.03414	0.02762	0.134471
64	1	1	2	4	13	0.007557	0.01034	0.071726	0.06239	0.422448
64	1	1	2	8	17	0.010671	0.014357	0.105726	0.081395	0.697625
64	1	1	2	16	37	0.017119	0.027272	0.273224	0.213777	1.83615
64	1	1	2	32	67	0.029899	0.050554	1.20165	0.726561	5.00289
64	1	1	2	64	69	0.054113	0.074522	0.967014	0.365987	5.49074
64	1	1	4	1	11	0.006846	0.010214	0.0614	0.055198	0.33881
64	1	1	4	2	13	0.00756	0.010303	0.071961	0.061949	0.415411
64	1	1	4	4	9	0.008849	0.010593	0.064915	0.047141	0.26315
64	1	1	4	8	25	0.011922	0.01825	0.17782	0.131907	1.01494
64	1	1	4	16	41	0.018356	0.029776	0.36024	0.226796	2.16027
64	1	1	4	32	75	0.032311	0.055049	1.32489	0.769174	6.094
64	1	1	4	64	73	0.055439	0.080175	1.07559	0.426015	5.8598
64	1	1	8	1	19	0.011054	0.016208	0.112003	0.092458	0.694681
64	1	1	8	2	17	0.01061	0.016134	0.126458	0.082239	0.601144
64	1	1	8	4	25	0.011818	0.018495	0.177513	0.131584	1.01613
64	1	1	8	8	17	0.015348	0.021296	0.135305	0.085372	0.588996
64	1	1	8	16	49	0.021432	0.034063	0.485606	0.28567	3.06683
64	1	1	8	32	79	0.03428	0.058638	1.52156	0.823691	6.67206
64	1	1	8	64	81	0.060268	0.08275	1.286	0.535968	7.09088
64	1	1	16	1	35	0.01795	0.027315	0.259508	0.201541	1.70476
64	1	1	16	2	37	0.016667	0.027131	0.279201	0.185958	1.82629
64	1	1	16	4	41	0.018219	0.029465	0.336841	0.221069	2.17543
64	1	1	16	8	49	0.027659	0.035378	0.455444	0.287175	3.08188
64	1	1	16	16	33	0.034723	0.040389	0.383513	0.193167	1.77359
64	1	1	16	32	99	0.044011	0.072442	1.95097	1.0655	10.0518
64	1	1	16	64	97	0.068576	0.092186	1.77497	0.719556	9.57646
64	1	1	32	1	69	0.030043	0.052717	1.19028	0.676591	5.26795
64	1	1	32	2	67	0.030287	0.05271	1.17258	0.683714	5.12813
64	1	1	32	4	75	0.03277	0.059523	1.30799	0.747052	6.20482
64	1	1	32	8	79	0.036013	0.062124	1.46172	0.87126	6.73134
64	1	1	32	16	99	0.041011	0.073979	1.96828	1.04784	10.5565
64	1	1	32	32	67	0.053303	0.076779	2.0281	1.01961	5.79892
64	1	1	32	64	129	0.080775	0.124624	3.57195	1.62196	16.1653
64	1	1	64	1	65	0.053507	0.074717	0.849142	0.321644	5.01959
64	1	1	64	2	69	0.063052	0.105299	1.15934	0.451975	5.54116
64	1	1	64	4	73	0.070722	0.086419	1.16679	0.414396	5.80057
64	1	1	64	8	81	0.07526	0.137745	1.43252	0.612694	7.20613
64	1	1	64	16	97	0.079318	0.118302	1.76266	0.76244	9.75243
64	1	1	64	32	129	0.079202	0.11964	3.42547	1.43853	16.7986
64	1	1	64	64	65	0.105889	0.125357	1.64739	0.399861	5.10136
64	1	2	1	1	3	0.005625	0.005289	0.024181	0.02166	0.079404
64	1	2	1	2	7	0.005281	0.006731	0.038722	0.036487	0.210351
64	1	2	1	4	11	0.006966	0.00916	0.061427	0.055616	0.367268
64	1	2	1	8	19	0.010394	0.015094	0.113086	0.093175	0.737306
64	1	2	1	16	35	0.017222	0.027267	0.283432	0.203137	1.90199
64	1	2	1	32	67	0.031398	0.054849	0.806994	0.443656	6.53317
64	1	2	2	1	7	0.007016	0.008146	0.048273	0.050739	0.235273
64	1	2	2	2	5	0.006937	0.007939	0.043892	0.033708	0.159435
64	1	2	2	4	13	0.00943	0.013092	0.082852	0.065653	0.445885
64	1	2	2	8	17	0.011008	0.015841	0.112094	0.089604	0.736721
64	1	2	2	16	37	0.018541	0.028479	0.307609	0.213365	2.53262
64	1	2	2	32	71	0.033761	0.060543	0.723217	0.431469	6.12291
64	1	2	4	1	11	0.010962	0.014316	0.087745	0.073607	0.46387
64	1	2	4	2	13	0.0109	0.014883	0.106532	0.093992	0.524671
64	1	2	4	4	9	0.010015	0.011034	0.080774	0.048332	0.270249
64	1	2	4	8	25	0.012111	0.018658	0.211026	0.137384	1.45418
64	1	2	4	16	41	0.028065	0.044854	0.555022	0.357977	2.72864
64	1	2	4	32	75	0.03708	0.060181	0.844566	0.435151	7.14176
64	1	2	8	1	19	0.012906	0.022491	0.12748	0.10401	0.783745
64	1	2	8	2	17	0.01168	0.01676	0.121771	0.09317	0.729326
64	1	2	8	4	25	0.023805	0.027061	0.301545	0.25013	1.65616
64	1	2	8	8	17	0.022123	0.025086	0.163441	0.123474	0.792227
64	1	2	8	16	49	0.026153	0.040466	0.554593	0.358502	3.75489
64	1	2	8	32	83	0.041667	0.072193	1.04558	0.549858	8.13896
64	1	2	16	1	35	0.018427	0.029018	0.271719	0.212332	1.80243
64	1	2	16	2	37	0.017574	0.028732	0.295801	0.19783	1.99275
64	1	2	16	4	41	0.020351	0.031894	0.355382	0.236535	2.28556
64	1	2	16	8	49	0.023551	0.040169	0.511607	0.315621	3.07934
64	1	2	16	16	33	0.029133	0.037393	0.35698	0.169774	1.58545
64	1	2	16	32	99	0.041622	0.071085	1.21699	0.606558	9.98747
64	1	2	32	1	67	0.030166	0.051693	0.576689	0.311595	5.03679
64	1	2	32	2	71	0.030535	0.051841	0.6209	0.341701	5.58867
64	1	2	32	4	75	0.033017	0.055449	0.734215	0.387651	6.14421
64	1	2	32	8	83	0.034773	0.060715	0.868982	0.463076	7.46556
64	1	2	32	16	99	0.041199	0.073293	1.19955	0.584249	10.7051
64	1	2	32	32	67	0.057371	0.075608	0.895531	0.339038	5.07566
64	1	4	1	1	3	0.004817	0.004926	0.021757	0.020483	0.075863
64	1	4	1	2	7	0.005058	0.006622	0.056879	0.03543	0.198687
64	1	4	1	4	11	0.006712	0.009436	0.06826	0.056314	0.351273
64	1	4	1	8	19	0.009502	0.014691	0.108348	0.088898	0.691089
64	1	4	2	1	7	0.005134	0.006571	0.037121	0.035327	0.193834
64	1	4	2	2	5	0.00585	0.00656	0.033696	0.027332	0.135098
64	1	4	2	4	13	0.007493	0.010112	0.07095	0.062296	0.43204
64	1	4	2	8	17	0.010474	0.014352	0.105523	0.08148	0.596168
64	1	4	4	1	11	0.006828	0.009082	0.059538	0.053419	0.350252
64	1	4	4	2	13	0.007617	0.01016	0.071992	0.063433	0.414452
64	1	4	4	4	9	0.008871	0.010189	0.064304	0.046951	0.264151
64	1	4	4	8	25	0.011988	0.018397	0.178366	0.13172	1.01328
64	1	4	8	1	19	0.00959	0.014924	0.108591	0.089268	0.714606
64	1	4	8	2	17	0.010613	0.014652	0.105739	0.089711	0.592655
64	1	4	8	4	25	0.011978	0.018329	0.185366	0.132671	1.0268
64	1	4	8	8	17	0.016313	0.019111	0.136793	0.086907	0.5982
64	1	8	1	1	3	0.004562	0.0046	0.019632	0.017768	0.074819
64	1	8	1	2	7	0.005115	0.009037	0.039321	0.036978	0.208012
64	1	8	1	4	11	0.006609	0.009078	0.0593	0.053699	0.351247
64	1	8	2	1	7	0.005357	0.006421	0.037247	0.035348	0.19195
64	1	8	2	2	5	0.005764	0.006437	0.033574	0.027303	0.131115
64	1	8	2	4	13	0.007343	0.010755	0.07728	0.062381	0.412901
64	1	8	4	1	11	0.006831	0.009212	0.059209	0.053328	0.334828
64	1	8	4	2	13	0.00772	0.010096	0.071755	0.062809	0.415649
64	1	8	4	4	9	0.008876	0.010361	0.064338	0.047053	0.261302
64	2	1	1	1	3	0.004394	0.004547	0.019583	0.017877	0.074647
64	2	1	1	2	7	0.005255	0.006351	0.037173	0.035066	0.195156
64	2	1	1	4	11	0.006772	0.008874	0.058862	0.06225	0.333894
64	2	1	1	8	19	0.009896	0.014807	0.135033	0.104569	0.691903
64	2	1	1	16	35	0.015816	0.026005	0.525522	0.332942	1.72504
64	2	1	1	32	68	0.02953	0.050421	2.48711	1.12734	5.14194
64	2	1	1	64	66	0.054322	0.0762	1.6318	0.801609	4.90772
64	2	1	2	1	7	0.006	0.007048	0.038665	0.037574	0.19436
64	2	1	2	2	5	0.005848	0.006498	0.033864	0.027412	0.131225
64	2	1	2	4	13	0.007355	0.010155	0.071137	0.064616	0.414486
64	2	1	2	8	17	0.010549	0.014399	0.106031	0.081556	0.590766
64	2	1	2	16	37	0.017219	0.037626	0.572868	0.356129	1.84283
64	2	1	2	32	66	0.029994	0.04969	2.52662	1.07446	4.95985
64	2	1	2	64	70	0.055355	0.077489	1.82584	0.848495	5.3989
64	2	1	4	1	11	0.007489	0.010214	0.061045	0.063905	0.33569
64	2	1	4	2	13	0.007422	0.01023	0.071288	0.062182	0.418265
64	2	1	4	4	9	0.008827	0.010364	0.064395	0.046607	0.263614
64	2	1	4	8	25	0.012021	0.018206	0.200997	0.148377	1.05238
64	2	1	4	16	41	0.018595	0.030113	0.66574	0.414654	2.16059
64	2	1	4	32	74	0.032127	0.054176	2.82409	1.21694	6.02881
64	2	1	4	64	74	0.056811	0.080871	2.04971	0.977903	5.96732
64	2	1	8	1	19	0.010824	0.01608	0.136582	0.107598	0.820435
64	2	1	8	2	17	0.017259	0.020088	0.13482	0.115226	0.740206
64	2	1	8	4	25	0.02146	0.02743	0.288522	0.179698	1.02588
64	2	1	8	8	17	0.016757	0.025731	0.138005	0.085738	0.640605
64	2	1	8	16	49	0.021571	0.035169	0.830663	0.507204	3.0362
64	2	1	8	32	78	0.034914	0.061736	3.08375	1.33731	6.48184
64	2	1	8	64	82	0.058976	0.084891	2.41496	1.18029	7.10603
64	2	1	16	1	35	0.017568	0.027479	0.553592	0.350705	1.68881
64	2	1	16	2	37	0.016987	0.028038	0.568233	0.371118	1.89859
64	2	1	16	4	41	0.019009	0.031137	0.662929	0.417348	2.18655
64	2	1	16	8	49	0.022788	0.037663	0.836189	0.50979	3.04879
64	2	1	16	16	33	0.03255	0.037602	0.858657	0.486688	1.56511
64	2	1	16	32	98	0.040969	0.06863	4.3588	1.90641	9.8099
64	2	1	16	64	98	0.065596	0.096846	3.56254	1.6147	9.89095
64	2	1	32	1	68	0.031634	0.048229	2.49511	1.12786	5.23038
64	2	1	32	2	66	0.031217	0.048343	2.53695	1.09488	4.94429
64	2	1	32	4	74	0.032861	0.053935	2.87878	1.22528	6.12208
64	2	1	32	8	78	0.035839	0.057154	3.09456	1.32934	6.60783
64	2	1	32	16	98	0.041529	0.076254	4.45794	1.97556	9.89076
64	2	1	32	32	66	0.054423	0.072636	4.73258	1.84586	5.04897
64	2	1	32	64	129	0.079582	0.115662	7.7038	3.00205	17.3188
64	2	1	64	1	66	0.055642	0.077651	2.37423	1.02614	5.31309
64	2	1	64	2	70	0.057426	0.083606	1.89602	0.912496	5.68594
64	2	1	64	4	74	0.058859	0.082018	2.0692	0.985221	6.2227
64	2	1	64	8	82	0.062343	0.087199	2.53009	1.14561	7.19972
64	2	1	64	16	98	0.065254	0.096166	3.56562	1.64954	9.80763
64	2	1	64	32	129	0.077848	0.122946	7.64329	2.96253	15.9218
64	2	1	64	64	66	0.105038	0.137181	3.08195	1.20807	4.96051
64	2	2	1	1	3	0.004697	0.00492	0.022228	0.019629	0.076248
64	2	2	1	2	7	0.005122	0.006605	0.0375	0.035045	0.194138
64	2	2	1	4	11	0.006576	0.00882	0.05929	0.053098	0.355094
64	2	2	1	8	19	0.010048	0.014861	0.142953	0.10488	0.693043
64	2	2	1	16	35	0.015989	0.025849	0.518619	0.335598	1.67991
64	2	2	1	32	33	0.029214	0.036526	0.339411	0.169015	1.5465
64	2	2	2	1	7	0.006624	0.007702	0.039428	0.046436	0.195421
64	2	2	2	2	5	0.005796	0.006472	0.033653	0.027257	0.132282
64	2	2	2	4	13	0.007314	0.00998	0.071409	0.062352	0.423717
64	2	2	2	8	17	0.0105	0.014169	0.105871	0.081718	0.616543
64	2	2	2	16	37	0.016926	0.027203	0.561108	0.358028	1.84515
64	2	2	2	32	37	0.030759	0.038236	0.442487	0.221196	2.10958
64	2	2	4	1	11	0.009856	0.011947	0.081422	0.056365	0.376764
64	2	2	4	2	13	0.009761	0.013447	0.093039	0.083965	0.576985
64	2	2	4	4	9	0.01353	0.015885	0.150753	0.056983	0.322253
64	2	2	4	8	25	0.016684	0.022524	0.277407	0.166013	1.2266
64	2	2	4	16	41	0.023096	0.038754	0.766044	0.473346	2.26274
64	2	2	4	32	41	0.033565	0.043364	0.568708	0.280812	2.38447
64	2	2	8	1	19	0.01095	0.018181	0.156605	0.121192	0.733029
64	2	2	8	2	17	0.013757	0.016613	0.153547	0.112599	0.680205
64	2	2	8	4	25	0.016003	0.025088	0.267804	0.214853	1.25162
64	2	2	8	8	17	0.01733	0.02154	0.14685	0.093471	0.631913
64	2	2	8	16	49	0.022868	0.037274	0.877178	0.558901	3.25311
64	2	2	8	32	49	0.037171	0.049617	0.70584	0.37228	3.12111
64	2	2	16	1	35	0.017505	0.02787	0.545601	0.348842	1.7687
64	2	2	16	2	37	0.018143	0.032264	0.597983	0.387118	1.89835
64	2	2	16	4	41	0.019327	0.032073	0.695469	0.436559	2.23397
64	2	2	16	8	49	0.022712	0.03725	0.839105	0.557184	3.30606
64	2	2	16	16	33	0.029796	0.038364	0.896394	0.493737	1.59832
64	2	2	16	32	65	0.042197	0.064568	1.58773	0.97535	5.11256
64	2	2	32	1	33	0.031048	0.039933	0.344536	0.188454	1.58988
64	2	2	32	2	37	0.030454	0.040056	0.421944	0.221075	1.9376
64	2	2	32	4	41	0.033635	0.042255	0.52162	0.289738	2.25189
64	2	2	32	8	49	0.036985	0.049536	0.741247	0.377808	3.16104
64	2	2	32	16	65	0.04261	0.071061	1.3951	0.734679	4.96807
64	2	2	32	32	33	0.056256	0.060169	0.571035	0.189671	1.58165
64	2	4	1	1	3	0.004328	0.004571	0.019764	0.018099	0.076486
64	2	4	1	2	7	0.005041	0.006405	0.037215	0.035195	0.196936
64	2	4	1	4	11	0.006665	0.008819	0.05934	0.053308	0.335865
64	2	4	1	8	19	0.009928	0.014701	0.134977	0.104591	0.711731
64	2	4	1	16	35	0.015846	0.026032	0.256363	0.180721	1.78852
64	2	4	2	1	7	0.00657	0.007954	0.041168	0.0389	0.209814
64	2	4	2	2	5	0.005826	0.006458	0.033822	0.027447	0.13416
64	2	4	2	4	13	0.007522	0.010263	0.097012	0.062382	0.417958
64	2	4	2	8	17	0.01035	0.01425	0.106487	0.090931	0.592487
64	2	4	2	16	37	0.0169	0.026552	0.274798	0.191824	1.82705
64	2	4	4	1	11	0.007153	0.009389	0.060606	0.059856	0.336377
64	2	4	4	2	13	0.00745	0.010152	0.071385	0.062233	0.445302
64	2	4	4	4	9	0.010892	0.013532	0.085647	0.062904	0.281215
64	2	4	4	8	25	0.012295	0.018347	0.218998	0.149526	1.05189
64	2	4	4	16	41	0.020245	0.030172	0.33808	0.268905	2.24174
64	2	4	8	1	19	0.010894	0.015452	0.135723	0.114633	0.695783
64	2	4	8	2	17	0.010599	0.015088	0.108326	0.084094	0.595912
64	2	4	8	4	25	0.020985	0.019274	0.20122	0.147267	1.03874
64	2	4	8	8	17	0.016866	0.019013	0.137058	0.087293	0.611078
64	2	4	8	16	49	0.02401	0.034697	0.460613	0.29263	3.06381
64	2	4	16	1	35	0.016729	0.026496	0.268372	0.186689	1.80183
64	2	4	16	2	37	0.021021	0.028045	0.27522	0.197639	1.83689
64	2	4	16	4	41	0.019779	0.030142	0.336439	0.239748	2.31238
64	2	4	16	8	49	0.024686	0.039567	0.545514	0.473869	3.59236
64	2	4	16	16	33	0.080723	0.045726	0.511687	0.250892	1.87979
64	2	8	1	1	3	0.005555	0.005336	0.023527	0.021562	0.081583
64	2	8	1	2	7	0.005319	0.00682	0.039627	0.037513	0.205997
64	2	8	1	4	11	0.007169	0.034331	0.068381	0.055993	0.364907
64	2	8	2	1	7	0.005402	0.006682	0.039075	0.037225	0.206498
64	2	8	2	2	5	0.005992	0.006798	0.035771	0.029056	0.139816
64	2	8	2	4	13	0.009965	0.012351	0.094925	0.084529	0.537614
64	2	8	4	1	11	0.007164	0.009994	0.063512	0.056822	0.361711
64	2	8	4	2	13	0.00786	0.010817	0.086826	0.073749	0.468863
64	2	8	4	4	9	0.011467	0.013285	0.085037	0.059756	0.365571
64	4	1	1	1	3	0.006302	0.006326	0.025778	0.023299	0.093328
64	4	1	1	2	7	0.009087	0.008729	0.045894	0.040952	0.216373
64	4	1	1	4	11	0.00699	0.009638	0.088542	0.071856	0.376612
64	4	1	1	8	19	0.01024	0.01582	0.276052	0.189526	0.740776
64	4	1	1	16	34	0.017454	0.027567	1.46895	0.603717	1.84722
64	4	1	1	32	68	0.030617	0.049911	7.08584	2.10319	5.59359
64	4	1	1	64	68	0.055387	0.076742	5.58071	2.37847	6.8796
64	4	1	2	1	7	0.01082	0.01046	0.052706	0.050592	0.261864
64	4	1	2	2	5	0.007598	0.008728	0.046233	0.036548	0.163504
64	4	1	2	4	13	0.008522	0.012958	0.118737	0.096123	0.51021
64	4	1	2	8	17	0.013265	0.018228	0.329601	0.209001	0.778702
64	4	1	2	16	36	0.021671	0.0329	1.63479	0.729005	2.10795
64	4	1	2	32	66	0.032196	0.051694	7.01892	1.96302	4.9293
64	4	1	2	64	72	0.054585	0.079752	5.83804	1.92893	5.70837
64	4	1	4	1	11	0.008522	0.010986	0.089264	0.072622	0.337627
64	4	1	4	2	13	0.0074	0.010221	0.095534	0.07734	0.420105
64	4	1	4	4	9	0.009276	0.010354	0.064484	0.046674	0.279232
64	4	1	4	8	25	0.012032	0.018775	0.386057	0.251188	1.02361
64	4	1	4	16	40	0.01891	0.028814	1.4259	0.716695	2.08421
64	4	1	4	32	74	0.032495	0.053113	7.45695	2.23736	5.95887
64	4	1	4	64	76	0.058736	0.084916	6.31851	2.05477	6.22815
64	4	1	8	1	19	0.010081	0.01637	0.262568	0.180612	0.691493
64	4	1	8	2	17	0.010389	0.01493	0.258675	0.177434	0.630819
64	4	1	8	4	25	0.012244	0.018763	0.400353	0.252589	1.02838
64	4	1	8	8	17	0.015419	0.019526	0.38884	0.232825	0.617365
64	4	1	8	16	48	0.021834	0.034977	1.9491	0.91303	2.91185
64	4	1	8	32	78	0.035328	0.05715	8.15755	2.52051	6.51168
64	4	1	8	64	84	0.065469	0.086451	7.47201	2.47635	7.39179
64	4	1	16	1	34	0.01728	0.026196	1.14736	0.528026	1.64379
64	4	1	16	2	36	0.017964	0.026687	1.30023	0.584969	1.82603
64	4	1	16	4	40	0.019678	0.030136	1.41181	0.656702	2.10284
64	4	1	16	8	48	0.021199	0.033942	1.95199	0.923812	2.92833
64	4	1	16	16	32	0.02883	0.035414	2.04667	0.846979	1.5165
64	4	1	16	32	97	0.064811	0.068456	11.9422	3.66389	9.52852
64	4	1	16	64	99	0.065297	0.094792	12.0555	3.49557	10.1196
64	4	1	32	1	68	0.033209	0.051446	7.86008	2.03551	5.25706
64	4	1	32	2	66	0.031348	0.051004	6.84762	2.08868	5.05295
64	4	1	32	4	74	0.036464	0.062691	7.83467	3.19451	6.33539
64	4	1	32	8	78	0.044969	0.067139	8.67971	2.66757	7.06978
64	4	1	32	16	97	0.053792	0.087533	14.5332	4.46495	11.5355
64	4	1	32	32	66	0.06918	0.083731	15.82	3.9619	7.08987
64	4	1	32	64	129	0.113072	0.168293	33.7453	7.66957	19.1556
64	4	1	64	1	68	0.072242	0.097091	8.13344	2.16335	6.38299
64	4	1	64	2	72	0.086421	0.113989	7.6417	2.35259	7.10677
64	4	1	64	4	76	0.066816	0.092969	7.14089	2.28931	7.55452
64	4	1	64	8	84	0.063432	0.090184	9.04604	3.09882	10.188
64	4	1	64	16	99	0.09133	0.129463	15.6209	5.089	13.8061
64	4	1	64	32	129	0.130781	0.167275	32.7137	8.35987	20.587
64	4	1	64	64	68	0.122293	0.161748	13.0167	3.41181	6.17868
64	4	2	1	1	3	0.005417	0.005943	0.024684	0.022681	0.099318
64	4	2	1	2	7	0.005881	0.007478	0.04247	0.049334	0.221443
64	4	2	1	4	11	0.007632	0.01013	0.096365	0.098374	0.388392
64	4	2	1	8	19	0.010975	0.016494	0.284489	0.195497	0.768476
64	4	2	1	16	34	0.019629	0.02933	1.76811	0.81861	1.77521
64	4	2	1	32	34	0.033689	0.041987	0.798017	0.434815	1.7706
64	4	2	2	1	7	0.007075	0.008405	0.04249	0.040487	0.206121
64	4	2	2	2	5	0.006075	0.006846	0.036079	0.029015	0.142665
64	4	2	2	4	13	0.00784	0.011183	0.101891	0.082791	0.44654
64	4	2	2	8	17	0.011317	0.015716	0.285164	0.184056	0.658895
64	4	2	2	16	36	0.0188	0.02856	1.33299	0.782472	2.22286
64	4	2	2	32	38	0.035751	0.043873	1.07904	0.553094	2.13509
64	4	2	4	1	11	0.00899	0.011467	0.092399	0.086023	0.366156
64	4	2	4	2	13	0.007847	0.011064	0.102071	0.083114	0.442489
64	4	2	4	4	9	0.009555	0.011556	0.069054	0.050891	0.279523
64	4	2	4	8	25	0.013064	0.019907	0.395117	0.312112	1.10838
64	4	2	4	16	40	0.020282	0.030507	1.52933	0.721864	2.26725
64	4	2	4	32	42	0.035625	0.046072	1.15746	0.639516	2.4147
64	4	2	8	1	19	0.012242	0.018193	0.279111	0.195013	1.04884
64	4	2	8	2	17	0.028661	0.031259	0.680648	0.416486	0.922794
64	4	2	8	4	25	0.022818	0.029295	0.620607	0.414696	1.38227
64	4	2	8	8	17	0.020641	0.024507	0.479086	0.295534	0.712282
64	4	2	8	16	48	0.028267	0.040737	2.34954	1.09895	4.02035
64	4	2	8	32	50	0.057513	0.157921	3.71512	1.49382	5.01978
64	4	2	16	1	34	0.025544	0.039212	1.73053	0.639733	1.87084
64	4	2	16	2	36	0.019957	0.030692	1.67224	0.98221	2.54063
64	4	2	16	4	40	0.031364	0.044029	2.13014	0.935785	2.63594
64	4	2	16	8	48	0.026734	0.041032	2.92211	1.22421	4.25317
64	4	2	16	16	32	0.047503	0.149534	2.62576	1.07374	2.1954
64	4	2	16	32	65	0.061339	0.084582	5.18952	1.79824	6.48501
64	4	2	32	1	34	0.036692	0.045935	0.944519	0.495067	2.08737
64	4	2	32	2	38	0.037015	0.052066	1.09849	0.575309	2.28173
64	4	2	32	4	42	0.04556	0.062757	2.43537	1.05509	2.76852
64	4	2	32	8	50	0.071571	0.055183	1.90186	1.26789	4.20228
64	4	2	32	16	65	0.051337	0.072613	4.88787	2.0402	6.19747
64	4	2	32	32	34	0.068627	0.091634	1.62124	0.807672	2.00195
64	4	4	1	1	3	0.006553	0.005958	0.025749	0.024047	0.092484
64	4	4	1	2	7	0.005994	0.007622	0.043614	0.041333	0.228167
64	4	4	1	4	11	0.00926	0.01296	0.113274	0.096932	0.47526
64	4	4	1	8	19	0.019237	0.019369	0.483622	0.276379	1.07142
64	4	4	1	16	32	0.026702	0.038448	0.659743	0.389459	2.08263
64	4	4	2	1	7	0.012147	0.01206	0.068794	0.066082	0.296478
64	4	4	2	2	5	0.01133	0.011695	0.062133	0.0502	0.187448
64	4	4	2	4	13	0.011184	0.017711	0.126907	0.115934	0.535963
64	4	4	2	8	17	0.016051	0.022354	0.379306	0.234527	0.75053
64	4	4	2	16	36	0.024259	0.037654	0.73642	0.485352	2.2445
64	4	4	4	1	11	0.010068	0.012831	0.105205	0.088081	0.412584
64	4	4	4	2	13	0.009265	0.012434	0.11616	0.093733	0.508296
64	4	4	4	4	9	0.010816	0.0126	0.086278	0.056801	0.318859
64	4	4	4	8	25	0.014684	0.022573	0.503691	0.313011	1.56757
64	4	4	4	16	40	0.036202	0.048638	1.27994	0.738688	2.76895
64	4	4	8	1	19	0.014722	0.022301	0.443176	0.266727	0.867951
64	4	4	8	2	17	0.014062	0.019177	0.318495	0.222527	0.741004
64	4	4	8	4	25	0.016451	0.036547	0.495714	0.454022	1.77016
64	4	4	8	8	17	0.028294	0.034332	0.632193	0.378304	0.917114
64	4	4	8	16	48	0.028601	0.044719	1.38979	1.09656	4.18608
64	4	4	16	1	32	0.028606	0.054734	0.789968	0.388988	1.82123
64	4	4	16	2	36	0.02153	0.034758	0.752724	0.487581	2.20886
64	4	4	16	4	40	0.022852	0.036571	0.826478	0.553587	2.83539
64	4	4	16	8	48	0.038775	0.054817	1.7819	0.814282	3.78913
64	4	4	16	16	32	0.041851	0.052376	1.16138	0.632817	1.88247
64	4	8	1	1	3	0.010279	0.008371	0.039669	0.033535	0.094022
64	4	8	1	2	7	0.00638	0.007957	0.046266	0.043836	0.239913
64	4	8	1	4	11	0.008649	0.012178	0.105387	0.08567	0.453727
64	4	8	1	8	19	0.013065	0.018798	0.16605	0.142221	0.842486
64	4	8	2	1	7	0.006492	0.007951	0.046122	0.042726	0.246258
64	4	8	2	2	5	0.007161	0.007934	0.054405	0.040092	0.201385
64	4	8	2	4	13	0.010605	0.015409	0.149999	0.105618	0.678067
64	4	8	2	8	21	0.021145	0.026384	0.38238	0.196611	1.34397
64	4	8	4	1	11	0.011231	0.014818	0.139855	0.118811	0.532456
64	4	8	4	2	13	0.012158	0.016771	0.156749	0.126675	0.585328
64	4	8	4	4	9	0.012048	0.014531	0.086535	0.064234	0.346172
64	4	8	4	8	25	0.015645	0.025895	0.289918	0.190711	1.37455
64	4	8	8	1	19	0.015176	0.022653	0.17751	0.159304	0.957252
64	4	8	8	2	21	0.016616	0.023105	0.219385	0.156963	1.05087
64	4	8	8	4	25	0.017161	0.024495	0.267687	0.200153	1.51421
64	4	8	8	8	17	0.027436	0.03565	0.207904	0.11278	0.765345
64	8	1	1	1	3	0.006658	0.006748	0.027456	0.025077	0.098417
64	8	1	1	2	7	0.006348	0.008104	0.07938	0.063816	0.245401
64	8	1	1	4	11	0.00851	0.011772	0.17471	0.144891	0.437826
64	8	1	1	8	18	0.012772	0.018488	1.20049	0.512976	1.0811
64	8	1	1	16	34	0.021632	0.034717	3.89496	1.24136	2.07539
64	8	1	1	32	68	0.035816	0.059449	29.05	6.52644	8.12173
64	8	1	1	64	72	0.084782	0.118186	34.5326	7.28846	9.94328
64	8	1	2	1	7	0.009465	0.011917	0.106852	0.089844	0.329796
64	8	1	2	2	5	0.009173	0.011725	0.058447	0.045794	0.231551
64	8	1	2	4	13	0.012007	0.01777	0.286285	0.203482	0.679167
64	8	1	2	8	16	0.016403	0.021961	0.909166	0.538214	0.972128
64	8	1	2	16	36	0.027907	0.041915	6.36184	1.81967	3.1831
64	8	1	2	32	66	0.05342	0.082086	35.0861	6.25926	7.30563
64	8	1	2	64	76	0.064193	0.090863	24.2303	5.29322	6.94413
64	8	1	4	1	11	0.007716	0.010781	0.154212	0.108722	0.368538
64	8	1	4	2	13	0.00802	0.010925	0.200626	0.137326	0.454527
64	8	1	4	4	9	0.010573	0.01158	0.185001	0.116252	0.28251
64	8	1	4	8	24	0.012889	0.01954	0.954762	0.46898	1.09669
64	8	1	4	16	40	0.023529	0.034303	4.67099	1.31018	2.28743
64	8	1	4	32	74	0.035612	0.057708	24.6061	6.67178	6.45001
64	8	1	4	64	80	0.061025	0.085841	26.5209	5.45881	7.56178
64	8	1	8	1	18	0.0114	0.016524	0.617147	0.28618	0.671925
64	8	1	8	2	16	0.011777	0.014379	0.610696	0.289161	0.570828
64	8	1	8	4	24	0.015906	0.023936	1.07566	0.456846	1.21356
64	8	1	8	8	16	0.022091	0.024413	1.22834	0.552228	0.806043
64	8	1	8	16	47	0.02549	0.03887	5.75125	1.7949	2.98834
64	8	1	8	32	77	0.036926	0.060003	28.4273	5.79998	6.71633
64	8	1	8	64	87	0.059901	0.086548	26.5085	6.43976	8.33018
64	8	1	16	1	34	0.016556	0.026148	3.02564	0.974145	1.65295
64	8	1	16	2	36	0.017137	0.025979	3.36594	1.01581	1.7996
64	8	1	16	4	40	0.018442	0.02917	3.90545	1.23607	2.09634
64	8	1	16	8	47	0.022311	0.034595	5.34423	1.66834	2.83686
64	8	1	16	16	32	0.029142	0.03482	5.51169	1.56869	1.47636
64	8	1	16	32	96	0.041633	0.069865	37.2099	8.10542	9.47628
64	8	1	16	64	102	0.065848	0.095776	38.5023	8.0584	10.4393
64	8	1	32	1	68	0.030233	0.048113	20.8647	4.36118	5.22198
64	8	1	32	2	66	0.030975	0.051447	19.9865	4.17693	4.91957
64	8	1	32	4	74	0.032458	0.052674	22.9845	4.79375	5.9909
64	8	1	32	8	77	0.035599	0.057099	25.4242	5.67146	6.65935
64	8	1	32	16	96	0.10775	0.068725	38.7217	8.80804	9.63691
64	8	1	32	32	66	0.054519	0.074055	40.4008	8.00818	4.99508
64	8	1	32	64	129	0.078617	0.116283	78.8549	15.4628	16.4414
64	8	1	64	1	72	0.054392	0.076034	21.1309	4.2442	5.69116
64	8	1	64	2	76	0.055438	0.080229	20.8758	4.58174	6.21847
64	8	1	64	4	80	0.056945	0.090648	22.4549	4.92128	6.96797
64	8	1	64	8	87	0.074297	0.108595	27.234	5.82256	7.84438
64	8	1	64	16	102	0.065325	0.097837	36.9759	8.17271	10.5003
64	8	1	64	32	129	0.077884	0.121096	77.064	15.2015	16.3927
64	8	1	64	64	72	0.102505	0.12767	38.6139	8.1595	5.86795
64	8	2	1	1	3	0.006632	0.005064	0.022456	0.020073	0.079257
64	8	2	1	2	7	0.005117	0.006535	0.066592	0.053106	0.205681
64	8	2	1	4	11	0.006714	0.009126	0.162698	0.103698	0.348135
64	8	2	1	8	18	0.009865	0.01582	0.578499	0.28293	0.660668
64	8	2	1	16	34	0.015968	0.025862	3.09738	0.959649	1.65586
64	8	2	1	32	36	0.030678	0.110968	2.69181	0.930264	1.74794
64	8	2	2	1	7	0.00619	0.007391	0.064301	0.051116	0.195829
64	8	2	2	2	5	0.005949	0.006701	0.034815	0.027945	0.132294
64	8	2	2	4	13	0.007208	0.010687	0.184684	0.125094	0.454257
64	8	2	2	8	16	0.011463	0.014627	0.537736	0.264751	0.565908
64	8	2	2	16	36	0.017241	0.026462	3.23555	1.01496	1.74474
64	8	2	2	32	40	0.032645	0.061377	3.14217	1.10546	2.06356
64	8	2	4	1	11	0.007586	0.010418	0.141418	0.101552	0.340676
64	8	2	4	2	13	0.007695	0.010516	0.182037	0.139506	0.470669
64	8	2	4	4	9	0.008863	0.010539	0.17084	0.118611	0.276564
64	8	2	4	8	24	0.011843	0.018322	0.919815	0.449179	0.972047
64	8	2	4	16	40	0.020125	0.02987	3.86545	1.24544	2.10699
64	8	2	4	32	44	0.03268	0.043501	3.62638	1.30966	2.56345
64	8	2	8	1	18	0.0106	0.015782	0.560218	0.282638	0.662136
64	8	2	8	2	16	0.010737	0.013962	0.553041	0.264159	0.546871
64	8	2	8	4	24	0.012135	0.017931	0.901908	0.44669	1.00279
64	8	2	8	8	16	0.015759	0.017947	0.914884	0.40007	0.551235
64	8	2	8	16	47	0.023005	0.034769	5.32255	1.76158	2.89218
64	8	2	8	32	51	0.035408	0.048884	5.23611	1.86868	3.30631
64	8	2	16	1	34	0.175878	0.025353	3.15432	0.9526	1.65982
64	8	2	16	2	36	0.019096	0.028603	3.48418	1.02092	1.78994
64	8	2	16	4	40	0.019624	0.030964	3.9367	1.29516	2.14164
64	8	2	16	8	47	0.022971	0.035692	5.42146	1.70199	3.35877
64	8	2	16	16	32	0.030245	0.036189	6.96825	1.62513	1.564
64	8	2	16	32	65	0.043209	0.06165	10.8404	3.89309	5.19028
64	8	2	32	1	36	0.035361	0.04216	2.71793	0.940654	1.82819
64	8	2	32	2	40	0.033173	0.042294	3.14891	1.09656	2.20361
64	8	2	32	4	44	0.033982	0.045162	3.76218	1.40463	2.77229
64	8	2	32	8	51	0.036319	0.050219	5.3944	1.86991	3.41677
64	8	2	32	16	65	0.042999	0.061419	11.1233	3.08435	5.04384
64	8	2	32	32	36	0.056248	0.063773	5.1889	1.83137	1.9402
64	8	4	1	1	3	0.007538	0.006058	0.023147	0.022696	0.08257
64	8	4	1	2	7	0.005203	0.006768	0.080728	0.166421	0.206234
64	8	4	1	4	11	0.00703	0.009547	0.143304	0.103216	0.355199
64	8	4	1	8	18	0.0104	0.015059	0.580382	0.27904	0.662298
64	8	4	1	16	32	0.016513	0.025501	1.1665	0.553609	1.57654
64	8	4	2	1	7	0.00732	0.00807	0.067359	0.065375	0.203456
64	8	4	2	2	5	0.005978	0.006731	0.035197	0.028089	0.1368
64	8	4	2	4	13	0.007546	0.010932	0.181175	0.12866	0.438854
64	8	4	2	8	16	0.011631	0.015844	0.58194	0.287739	0.588051
64	8	4	2	16	36	0.019358	0.028988	1.42792	0.651466	1.98353
64	8	4	4	1	11	0.00932	0.01101	0.148633	0.10814	0.386689
64	8	4	4	2	13	0.008913	0.012159	0.191952	0.13774	0.455313
64	8	4	4	4	9	0.010098	0.012036	0.185249	0.118395	0.312376
64	8	4	4	8	24	0.012985	0.019383	0.973746	0.476005	1.04186
64	8	4	4	16	40	0.020752	0.032832	1.83007	0.856857	2.26537
64	8	4	8	1	18	0.012096	0.016541	0.61315	0.308409	0.712092
64	8	4	8	2	16	0.012075	0.015357	0.573083	0.284957	0.613996
64	8	4	8	4	24	0.014487	0.019345	0.995905	0.472994	1.06803
64	8	4	8	8	16	0.018579	0.020765	1.00485	0.438799	0.610459
64	8	4	8	16	47	0.024801	0.038107	3.20322	1.24279	3.13657
64	8	4	16	1	32	0.018379	0.026377	1.21841	0.575693	1.84705
64	8	4	16	2	36	0.026952	0.038484	1.50917	0.661876	1.91101
64	8	4	16	4	40	0.019863	0.029913	2.34431	1.55585	2.31031
64	8	4	16	8	47	0.024868	0.037547	2.91024	1.19251	3.04965
64	8	4	16	16	32	0.030291	0.037536	2.18782	0.921868	1.6878
64	8	8	1	1	3	0.006496	0.005931	0.023848	0.021895	0.080971
64	8	8	1	2	7	0.00542	0.00698	0.074504	0.054126	0.209924
64	8	8	1	4	11	0.00707	0.010116	0.147787	0.110151	0.364319
64	8	8	1	8	16	0.010509	0.014664	0.268323	0.178697	0.588826
64	8	8	2	1	7	0.005317	0.006871	0.066886	0.052225	0.200001
64	8	8	2	2	5	0.006022	0.00668	0.034849	0.028441	0.135417
64	8	8	2	4	13	0.007553	0.011466	0.185112	0.128609	0.454515
64	8	8	2	8	20	0.010803	0.01608	0.349679	0.224657	0.779993
64	8	8	4	1	11	0.00754	0.009826	0.143227	0.103527	0.349126
64	8	8	4	2	13	0.007667	0.010733	0.18801	0.128584	0.429388
64	8	8	4	4	9	0.009128	0.01092	0.176504	0.112599	0.303289
64	8	8	4	8	24	0.01244	0.018962	0.529745	0.382507	1.00729
64	8	8	8	1	16	0.010262	0.014915	0.2572	0.172525	0.565157
64	8	8	8	2	20	0.010802	0.016158	0.339263	0.247301	0.777032
64	8	8	8	4	24	0.012639	0.019068	0.51402	0.33406	1.0159
64	8	8	8	8	16	0.016241	0.01962	0.421779	0.255858	1.02741
128	1	1	1	1	3	0.005558	0.005685	0.022015	0.019619	0.089409
128	1	1	1	2	7	0.00623	0.00794	0.048951	0.041216	0.201624
128	1	1	1	4	11	0.007103	0.009416	0.062135	0.056107	0.358107
128	1	1	1	8	19	0.018171	0.016647	0.117378	0.096362	0.72832
128	1	1	1	16	35	0.030017	0.03461	0.242923	0.17086	1.77038
128	1	1	1	32	69	0.030699	0.053163	0.648914	0.367318	5.79583
128	1	1	1	64	133	0.058541	0.116747	3.30695	1.4739	19.0372
128	1	1	1	128	256	0.122665	0.236117	7.52574	3.20488	65.8017
128	1	1	2	1	7	0.00765	0.009481	0.061335	0.049154	0.241633
128	1	1	2	2	5	0.006248	0.007098	0.037074	0.028851	0.154914
128	1	1	2	4	13	0.008202	0.01119	0.078756	0.069731	0.47418
128	1	1	2	8	17	0.012266	0.016653	0.13136	0.0938	0.678214
128	1	1	2	16	37	0.018981	0.030569	0.286271	0.187142	2.02894
128	1	1	2	32	67	0.033482	0.058637	0.683374	0.350914	5.59772
128	1	1	2	64	135	0.063665	0.144217	3.00408	1.53173	20.7607
128	1	1	2	128	260	0.107722	0.223715	9.62691	4.7499	83.2227
128	1	1	4	1	11	0.023405	0.025752	0.167428	0.12663	0.68009
128	1	1	4	2	13	0.015244	0.018766	0.146343	0.142651	0.75528
128	1	1	4	4	9	0.014669	0.016882	0.113747	0.082703	0.462982
128	1	1	4	8	25	0.020698	0.031379	0.262741	0.209792	1.7115
128	1	1	4	16	41	0.029785	0.050436	0.53419	0.359075	3.44635
128	1	1	4	32	75	0.047384	0.084847	1.01193	0.483414	8.55609
128	1	1	4	64	131	0.068491	0.157645	4.14017	1.82487	21.6943
128	1	1	4	128	264	0.142805	0.264527	9.9716	3.54621	77.9199
128	1	1	8	1	19	0.012543	0.020242	0.135756	0.111748	0.848516
128	1	1	8	2	17	0.012988	0.017847	0.12928	0.099547	0.718998
128	1	1	8	4	25	0.014707	0.02234	0.185377	0.141661	1.2836
128	1	1	8	8	17	0.020237	0.024357	0.169501	0.10571	0.740202
128	1	1	8	16	49	0.036407	0.046359	0.533485	0.373294	4.67366
128	1	1	8	32	79	0.046104	0.085309	1.08995	0.584511	8.62207
128	1	1	8	64	147	0.079047	0.151075	4.61773	1.73691	22.7064
128	1	1	8	128	272	0.16144	0.310112	10.1935	3.34333	76.6757
128	1	1	16	1	35	0.018007	0.029216	0.260025	0.175076	1.80879
128	1	1	16	2	37	0.023214	0.028928	0.269659	0.224701	1.95723
128	1	1	16	4	41	0.020276	0.032118	0.337443	0.223173	2.416
128	1	1	16	8	49	0.026053	0.04139	0.473565	0.321999	3.4127
128	1	1	16	16	33	0.031644	0.038863	0.350445	0.175858	1.64272
128	1	1	16	32	99	0.042733	0.072813	1.31754	0.649084	11.8668
128	1	1	16	64	163	0.074458	0.1272	4.00189	1.84336	27.2806
128	1	1	16	128	288	0.118518	0.236128	9.35447	3.54234	82.2318
128	1	1	32	1	69	0.031185	0.053434	0.662142	0.359815	5.96331
128	1	1	32	2	67	0.033002	0.054724	0.629049	0.3342	6.11791
128	1	1	32	4	75	0.039027	0.070113	0.886206	0.456607	7.89315
128	1	1	32	8	79	0.038431	0.06601	0.885774	0.467142	7.32882
128	1	1	32	16	99	0.04517	0.077016	1.54835	0.67104	16.0372
128	1	1	32	32	67	0.085292	0.110003	1.77527	0.744807	7.71125
128	1	1	32	64	195	0.108757	0.206243	7.34051	3.14973	47.111
128	1	1	32	128	321	0.146069	0.278126	14.3376	5.63117	107.034
128	1	1	64	1	133	0.06334	0.11953	4.59053	1.80505	20.8565
128	1	1	64	2	135	0.06159	0.116885	3.65921	2.59101	21.6857
128	1	1	64	4	131	0.073152	0.121164	3.18026	1.56484	18.8691
128	1	1	64	8	147	0.071991	0.121679	4.62909	2.03615	23.6109
128	1	1	64	16	163	0.069422	0.137137	4.30721	1.86166	27.3261
128	1	1	64	32	195	0.082942	0.160576	5.95426	3.14314	38.6886
128	1	1	64	64	131	0.109127	0.164027	5.22498	2.84921	22.2763
128	1	1	64	128	385	0.168042	0.327362	17.3582	7.0284	147.652
128	1	1	128	1	256	0.139257	0.276946	9.7875	3.73052	75.1197
128	1	1	128	2	260	0.12296	0.254062	9.11316	3.28735	69.7717
128	1	1	128	4	264	0.10693	0.21984	8.03198	3.52744	62.4361
128	1	1	128	8	272	0.109982	0.222882	7.78278	2.85729	64.5452
128	1	1	128	16	288	0.111777	0.228227	8.50032	3.00373	71.5259
128	1	1	128	32	321	0.124218	0.253423	10.4662	3.56027	90.2721
128	1	1	128	64	385	0.148125	0.299901	17.9713	6.64393	155.712
128	1	1	128	128	256	0.255085	0.420634	18.9657	5.76518	63.4743
128	1	2	1	1	3	0.005481	0.005605	0.024935	0.022098	0.082038
128	1	2	1	2	7	0.005449	0.007041	0.040212	0.03787	0.213127
128	1	2	1	4	11	0.007349	0.009631	0.063523	0.057198	0.358045
128	1	2	1	8	19	0.010675	0.015759	0.11776	0.095125	0.750167
128	1	2	1	16	35	0.018645	0.042568	0.260439	0.193446	1.81981
128	1	2	1	32	69	0.034894	0.055294	0.652965	0.380487	6.05806
128	1	2	1	64	131	0.057315	0.105386	1.90377	0.664867	18.8969
128	1	2	2	1	7	0.006109	0.007772	0.042642	0.040339	0.212019
128	1	2	2	2	5	0.015191	0.007151	0.036843	0.029321	0.140389
128	1	2	2	4	13	0.007778	0.010892	0.077248	0.066671	0.445429
128	1	2	2	8	17	0.015449	0.015395	0.12079	0.089031	0.644798
128	1	2	2	16	37	0.01898	0.030028	0.268612	0.192737	2.08586
128	1	2	2	32	67	0.034745	0.055133	0.679175	0.39002	5.65134
128	1	2	2	64	135	0.059626	0.107424	1.81175	0.696142	18.8384
128	1	2	4	1	11	0.007743	0.010293	0.064388	0.058854	0.361834
128	1	2	4	2	13	0.009797	0.010603	0.078316	0.064152	0.426301
128	1	2	4	4	9	0.009111	0.012218	0.078605	0.068997	0.272806
128	1	2	4	8	25	0.012178	0.018503	0.157075	0.120991	1.06379
128	1	2	4	16	41	0.019796	0.031063	0.329247	0.216986	2.282
128	1	2	4	32	75	0.033964	0.058159	0.733917	0.39506	6.53765
128	1	2	4	64	139	0.058706	0.107329	1.82422	0.710844	19.4766
128	1	2	8	1	19	0.012494	0.017546	0.12611	0.101788	0.787589
128	1	2	8	2	17	0.013882	0.018195	0.117867	0.095014	0.632961
128	1	2	8	4	25	0.013642	0.019871	0.162479	0.125162	1.09739
128	1	2	8	8	17	0.017759	0.020702	0.145448	0.094383	0.665663
128	1	2	8	16	49	0.023359	0.036387	0.450089	0.278195	3.9569
128	1	2	8	32	79	0.038264	0.063	0.871071	0.448993	7.37049
128	1	2	8	64	147	0.065076	0.118651	2.17979	0.783535	21.9427
128	1	2	16	1	35	0.017945	0.027781	0.242686	0.183068	1.72998
128	1	2	16	2	37	0.01796	0.030155	0.255932	0.177556	1.90553
128	1	2	16	4	41	0.018549	0.029685	0.321218	0.211225	2.20062
128	1	2	16	8	49	0.022674	0.035758	0.413377	0.278804	3.03042
128	1	2	16	16	33	0.029556	0.037317	0.334135	0.172437	1.58151
128	1	2	16	32	99	0.04167	0.070896	1.2302	0.599878	10.0972
128	1	2	16	64	163	0.065685	0.116357	2.40379	0.863754	24.4957
128	1	2	32	1	69	0.029942	0.0522	0.613976	0.374423	5.35138
128	1	2	32	2	67	0.031716	0.051989	0.584171	0.315411	5.08098
128	1	2	32	4	75	0.035881	0.070583	0.73691	0.387486	6.24036
128	1	2	32	8	79	0.035513	0.063126	0.824896	0.420612	7.75885
128	1	2	32	16	99	0.042849	0.073417	1.23375	0.609765	10.2565
128	1	2	32	32	67	0.07576	0.085096	0.935939	0.346318	5.74771
128	1	2	32	64	195	0.086022	0.168495	3.55164	1.17731	35.3024
128	1	2	64	1	131	0.056135	0.100226	1.55546	0.637473	16.6571
128	1	2	64	2	135	0.054608	0.101256	1.61511	0.630019	18.4158
128	1	2	64	4	139	0.058564	0.107748	1.87885	0.702239	20.1489
128	1	2	64	8	147	0.069968	0.118562	2.37904	0.800906	24.0204
128	1	2	64	16	163	0.086138	0.148825	2.8451	1.00815	33.323
128	1	2	64	32	195	0.09458	0.172774	4.11383	1.59202	42.985
128	1	2	64	64	131	0.108671	0.160162	2.80895	0.68622	18.2634
128	1	4	1	1	3	0.005097	0.005181	0.023968	0.0204	0.07913
128	1	4	1	2	7	0.005248	0.006803	0.038597	0.036582	0.217624
128	1	4	1	4	11	0.006933	0.009389	0.061162	0.055186	0.347178
128	1	4	1	8	19	0.010619	0.0152	0.121046	0.092607	0.706294
128	1	4	1	16	35	0.01636	0.026547	0.235657	0.166365	1.71888
128	1	4	2	1	7	0.005491	0.0069	0.061469	0.036521	0.199334
128	1	4	2	2	5	0.00616	0.006822	0.035389	0.028098	0.135867
128	1	4	2	4	13	0.007656	0.010193	0.083793	0.065872	0.459488
128	1	4	2	8	17	0.012014	0.015276	0.111648	0.091773	0.63377
128	1	4	2	16	37	0.01905	0.030715	0.259354	0.208864	1.96241
128	1	4	4	1	11	0.007332	0.010705	0.061808	0.055464	0.34933
128	1	4	4	2	13	0.00782	0.010457	0.074783	0.064907	0.429763
128	1	4	4	4	9	0.009732	0.010686	0.071686	0.049035	0.270908
128	1	4	4	8	25	0.012514	0.018405	0.156629	0.120261	1.08004
128	1	4	4	16	41	0.019117	0.029961	0.317294	0.219661	2.28186
128	1	4	8	1	19	0.011485	0.016493	0.115987	0.096101	0.73618
128	1	4	8	2	17	0.010914	0.015155	0.110201	0.084223	0.621834
128	1	4	8	4	25	0.012575	0.018791	0.156557	0.120165	1.05536
128	1	4	8	8	17	0.015741	0.019118	0.139331	0.088019	0.607505
128	1	4	8	16	49	0.022082	0.03488	0.443742	0.265534	3.14867
128	1	4	16	1	35	0.018081	0.027919	0.25468	0.170405	1.74799
128	1	4	16	2	37	0.017638	0.028327	0.254844	0.197651	1.96253
128	1	4	16	4	41	0.018667	0.02982	0.338972	0.22708	2.2509
128	1	4	16	8	49	0.023862	0.03674	0.462415	0.277322	3.10329
128	1	4	16	16	33	0.029088	0.03795	0.333485	0.169597	1.65998
128	1	8	1	1	3	0.01129	0.005421	0.023426	0.021527	0.078494
128	1	8	1	2	7	0.005278	0.006655	0.038462	0.036387	0.200334
128	1	8	1	4	11	0.006926	0.009226	0.060844	0.05482	0.344259
128	1	8	1	8	19	0.010276	0.01514	0.112017	0.091726	0.736859
128	1	8	2	1	7	0.005334	0.006663	0.038413	0.035902	0.199357
128	1	8	2	2	5	0.005915	0.006635	0.035094	0.028038	0.136342
128	1	8	2	4	13	0.007531	0.010489	0.073349	0.068974	0.43344
128	1	8	2	8	17	0.011409	0.014679	0.109394	0.084613	0.608165
128	1	8	4	1	11	0.006985	0.009258	0.060989	0.054941	0.345377
128	1	8	4	2	13	0.007634	0.010364	0.073183	0.064211	0.444875
128	1	8	4	4	9	0.009084	0.010618	0.066521	0.048181	0.268781
128	1	8	4	8	25	0.012317	0.018185	0.157323	0.119731	1.04134
128	1	8	8	1	19	0.009913	0.015231	0.124621	0.089516	0.694994
128	1	8	8	2	17	0.011046	0.014637	0.106909	0.082943	0.591811
128	1	8	8	4	25	0.012072	0.018195	0.152113	0.116353	1.06348
128	1	8	8	8	17	0.015553	0.019111	0.137138	0.087076	0.59118
128	2	1	1	1	3	0.004457	0.004608	0.01978	0.017881	0.075166
128	2	1	1	2	7	0.006308	0.00722	0.044081	0.042124	0.236854
128	2	1	1	4	11	0.006795	0.009058	0.059318	0.056598	0.338634
128	2	1	1	8	19	0.009732	0.014798	0.125265	0.108668	0.696113
128	2	1	1	16	35	0.0164	0.026032	0.254375	0.177228	1.6798
128	2	1	1	32	69	0.02913	0.051345	1.19437	0.693896	5.32521
128	2	1	1	64	132	0.054149	0.097242	5.32215	2.17487	18.2589
128	2	1	1	128	256	0.103791	0.204285	14.3332	4.49619	58.7852
128	2	1	2	1	7	0.005969	0.007442	0.039892	0.038306	0.223113
128	2	1	2	2	5	0.005995	0.006703	0.03445	0.027297	0.131671
128	2	1	2	4	13	0.007498	0.010237	0.079524	0.062511	0.414788
128	2	1	2	8	17	0.010766	0.014161	0.105681	0.081674	0.592659
128	2	1	2	16	37	0.016878	0.026977	0.288788	0.186979	1.85595
128	2	1	2	32	67	0.029932	0.051188	1.26677	0.808518	5.41599
128	2	1	2	64	134	0.055241	0.100853	5.68005	2.27632	17.478
128	2	1	2	128	260	0.10196	0.201451	12.7615	4.38206	63.8031
128	2	1	4	1	11	0.007655	0.010562	0.064306	0.05722	0.352616
128	2	1	4	2	13	0.00761	0.010477	0.073669	0.064221	0.42681
128	2	1	4	4	9	0.009914	0.011316	0.067001	0.048964	0.274345
128	2	1	4	8	25	0.013162	0.018968	0.188178	0.145908	1.13966
128	2	1	4	16	41	0.023533	0.033949	0.37924	0.244936	2.40278
128	2	1	4	32	75	0.033912	0.058653	1.495	0.922152	7.54991
128	2	1	4	64	130	0.05952	0.106331	5.78195	2.8686	18.2383
128	2	1	4	128	264	0.122798	0.243936	17.0866	6.15247	82.7438
128	2	1	8	1	19	0.014323	0.020544	0.15932	0.120183	0.895125
128	2	1	8	2	17	0.012955	0.01707	0.162175	0.107491	0.685621
128	2	1	8	4	25	0.019454	0.025508	0.223117	0.142467	1.1319
128	2	1	8	8	17	0.01874	0.02641	0.169632	0.091616	0.626579
128	2	1	8	16	49	0.046536	0.044169	0.545186	0.3195	4.14016
128	2	1	8	32	79	0.044523	0.078013	1.87623	1.28538	9.72292
128	2	1	8	64	146	0.09677	0.192483	10.1136	3.95966	30.4658
128	2	1	8	128	272	0.162864	0.321503	21.4753	6.86426	93.1777
128	2	1	16	1	35	0.018982	0.029994	0.328488	0.200402	1.91344
128	2	1	16	2	37	0.021444	0.031202	0.304681	0.208936	2.02465
128	2	1	16	4	41	0.02125	0.033888	0.384656	0.247009	2.55461
128	2	1	16	8	49	0.025614	0.04156	0.501665	0.318318	3.25835
128	2	1	16	16	33	0.031499	0.040106	0.345773	0.18332	1.7402
128	2	1	16	32	99	0.056131	0.098359	2.535	1.48101	11.3175
128	2	1	16	64	162	0.104304	0.142335	8.20728	3.15362	27.3061
128	2	1	16	128	288	0.122416	0.227528	17.5636	5.4639	84.1814
128	2	1	32	1	69	0.034491	0.063234	1.55841	0.868886	6.54444
128	2	1	32	2	67	0.034009	0.058828	1.28712	0.775661	5.84333
128	2	1	32	4	75	0.045516	0.068692	1.76493	0.883208	6.8551
128	2	1	32	8	79	0.039011	0.081891	1.73066	0.966815	7.46938
128	2	1	32	16	99	0.044044	0.085144	2.18487	1.19786	11.4112
128	2	1	32	32	67	0.058117	0.082621	2.25054	1.09291	5.60968
128	2	1	32	64	194	0.084689	0.148203	12.6326	4.51795	44.2913
128	2	1	32	128	321	0.134446	0.246368	21.8889	7.88185	104.703
128	2	1	64	1	132	0.055429	0.125924	5.67853	2.17707	17.725
128	2	1	64	2	134	0.058689	0.101415	5.75003	2.32951	17.8884
128	2	1	64	4	130	0.058111	0.09952	6.99847	2.39668	17.1977
128	2	1	64	8	146	0.061376	0.105771	6.70566	2.56628	22.3951
128	2	1	64	16	162	0.069666	0.122057	7.67244	4.22933	27.476
128	2	1	64	32	194	0.086768	0.148317	11.5588	4.13822	38.2207
128	2	1	64	64	130	0.128344	0.17193	11.4992	3.91413	18.3829
128	2	1	64	128	384	0.182696	0.306873	36.5484	10.8708	135.166
128	2	1	128	1	256	0.10269	0.206595	12.0065	4.19399	60.4158
128	2	1	128	2	260	0.110685	0.200211	12.8244	4.39117	61.9318
128	2	1	128	4	264	0.107731	0.199435	13.0569	4.64783	63.2556
128	2	1	128	8	272	0.105928	0.196371	13.3221	4.62134	65.7712
128	2	1	128	16	288	0.112289	0.213694	15.2237	5.80631	73.7845
128	2	1	128	32	321	0.128398	0.241995	18.5022	6.45334	90.1023
128	2	1	128	64	384	0.148684	0.280901	29.827	9.66276	124.758
128	2	1	128	128	256	0.194234	0.294757	24.0702	8.44829	61.308
128	2	2	1	1	3	0.005158	0.005166	0.024301	0.020296	0.078451
128	2	2	1	2	7	0.007181	0.006682	0.04929	0.042125	0.204543
128	2	2	1	4	11	0.006697	0.009138	0.060231	0.053372	0.339121
128	2	2	1	8	19	0.010006	0.014824	0.110066	0.090223	0.72993
128	2	2	1	16	35	0.016874	0.026945	0.280229	0.18449	1.80574
128	2	2	1	32	69	0.030351	0.05224	1.34298	0.690768	6.66879
128	2	2	1	64	65	0.056976	0.092243	0.915195	0.352968	5.84072
128	2	2	2	1	7	0.006871	0.007975	0.088977	0.054898	0.200692
128	2	2	2	2	5	0.006116	0.00703	0.035957	0.028834	0.147421
128	2	2	2	4	13	0.007824	0.011201	0.074222	0.065452	0.435036
128	2	2	2	8	17	0.011683	0.015179	0.110257	0.084722	0.613636
128	2	2	2	16	37	0.017434	0.027791	0.280889	0.190687	1.93586
128	2	2	2	32	67	0.032627	0.053617	1.25241	0.702741	5.33199
128	2	2	2	64	69	0.057091	0.093949	1.08607	0.488681	5.96207
128	2	2	4	1	11	0.010874	0.010866	0.066806	0.060102	0.365962
128	2	2	4	2	13	0.007988	0.010847	0.076885	0.066756	0.464133
128	2	2	4	4	9	0.011632	0.011673	0.080826	0.051559	0.283901
128	2	2	4	8	25	0.022787	0.03286	0.302922	0.215329	1.53442
128	2	2	4	16	41	0.032816	0.049752	0.433997	0.265701	2.54859
128	2	2	4	32	75	0.051051	0.060216	1.4785	0.833864	6.78182
128	2	2	4	64	73	0.060722	0.084993	1.15352	0.462385	7.32582
128	2	2	8	1	19	0.011875	0.017573	0.128167	0.103225	0.768683
128	2	2	8	2	17	0.011481	0.018787	0.120531	0.090221	0.655809
128	2	2	8	4	25	0.013386	0.020371	0.198273	0.150065	1.14288
128	2	2	8	8	17	0.019077	0.021539	0.152508	0.096125	0.676586
128	2	2	8	16	49	0.024016	0.038672	0.504587	0.326718	3.80128
128	2	2	8	32	79	0.046431	0.085421	1.77604	0.92994	7.37038
128	2	2	8	64	81	0.062989	0.087902	1.5358	0.578246	8.19647
128	2	2	16	1	35	0.020605	0.028786	0.274917	0.193363	1.83397
128	2	2	16	2	37	0.020165	0.031583	0.29644	0.207744	2.02723
128	2	2	16	4	41	0.01999	0.03208	0.354338	0.235948	2.36573
128	2	2	16	8	49	0.027119	0.038795	0.528306	0.447008	4.06191
128	2	2	16	16	33	0.041841	0.047741	0.480142	0.196998	1.90052
128	2	2	16	32	99	0.048422	0.081344	2.392	1.27446	12.7286
128	2	2	16	64	97	0.071487	0.103764	1.88327	0.806837	11.3678
128	2	2	32	1	69	0.033859	0.060324	1.32624	0.739743	5.94142
128	2	2	32	2	67	0.033788	0.057682	1.27488	0.81506	6.86372
128	2	2	32	4	75	0.037463	0.06642	1.54584	0.891335	6.89148
128	2	2	32	8	79	0.037572	0.065528	1.6648	0.908112	7.64953
128	2	2	32	16	99	0.044747	0.080832	2.4583	1.18285	12.1468
128	2	2	32	32	67	0.071429	0.099857	2.88286	1.29888	7.04566
128	2	2	32	64	129	0.092212	0.142783	4.01206	1.75268	18.5118
128	2	2	64	1	65	0.058838	0.081791	0.939718	0.356375	6.74954
128	2	2	64	2	69	0.060523	0.085719	1.07061	0.417737	6.12758
128	2	2	64	4	73	0.063366	0.087521	1.20965	0.491773	7.12108
128	2	2	64	8	81	0.067808	0.097323	1.4285	0.566108	7.71927
128	2	2	64	16	97	0.080553	0.122212	2.87899	0.983701	11.6368
128	2	2	64	32	129	0.091948	0.153623	5.13352	1.68177	18.765
128	2	2	64	64	65	0.112994	0.136095	1.68382	0.380459	5.40672
128	2	4	1	1	3	0.00747	0.008396	0.033296	0.027634	0.082808
128	2	4	1	2	7	0.011396	0.012994	0.073253	0.074241	0.229896
128	2	4	1	4	11	0.012637	0.014311	0.095393	0.081282	0.42935
128	2	4	1	8	19	0.020757	0.032974	0.157187	0.260064	0.858198
128	2	4	1	16	35	0.020142	0.030821	0.302897	0.209805	2.04154
128	2	4	1	32	67	0.035788	0.058135	0.655627	0.350941	5.9763
128	2	4	2	1	7	0.009137	0.010775	0.062086	0.057661	0.27407
128	2	4	2	2	5	0.008173	0.009887	0.059395	0.041429	0.18472
128	2	4	2	4	13	0.010133	0.014248	0.105482	0.073784	0.498509
128	2	4	2	8	17	0.014391	0.01946	0.12859	0.10396	0.705266
128	2	4	2	16	37	0.024223	0.035141	0.340739	0.306474	2.44923
128	2	4	2	32	71	0.040418	0.069403	0.858727	0.512933	7.84776
128	2	4	4	1	11	0.011755	0.015533	0.096232	0.097637	0.541397
128	2	4	4	2	13	0.011755	0.015703	0.114352	0.098543	0.667614
128	2	4	4	4	9	0.014047	0.015884	0.101501	0.075467	0.424632
128	2	4	4	8	25	0.02133	0.02682	0.385401	0.298951	1.774
128	2	4	4	16	41	0.033424	0.047738	0.548292	0.350957	3.32899
128	2	4	4	32	75	0.043782	0.074159	1.17311	0.611735	8.448
128	2	4	8	1	19	0.014342	0.024619	0.151282	0.137134	0.96655
128	2	4	8	2	17	0.018715	0.024417	0.151694	0.124605	0.768543
128	2	4	8	4	25	0.016559	0.024089	0.229782	0.166375	1.24057
128	2	4	8	8	17	0.019465	0.023294	0.169426	0.113609	0.739738
128	2	4	8	16	49	0.026923	0.042436	0.581698	0.360023	3.55274
128	2	4	8	32	83	0.041435	0.069635	1.03503	0.543062	8.11551
128	2	4	16	1	35	0.019115	0.029361	0.274631	0.197932	1.90453
128	2	4	16	2	37	0.020818	0.030446	0.295221	0.203603	1.99557
128	2	4	16	4	41	0.021705	0.047621	0.372713	0.241446	2.30999
128	2	4	16	8	49	0.024617	0.037941	0.484502	0.312273	3.31142
128	2	4	16	16	33	0.031754	0.041891	0.349411	0.214968	1.69058
128	2	4	16	32	99	0.048328	0.077288	1.50117	0.81778	12.4812
128	2	4	32	1	67	0.036349	0.063273	0.760697	0.462165	6.0573
128	2	4	32	2	71	0.037067	0.062347	0.751343	0.457146	7.35936
128	2	4	32	4	75	0.042412	0.07139	0.946549	0.459948	7.50522
128	2	4	32	8	83	0.045138	0.076832	1.20356	0.489699	8.47411
128	2	4	32	16	99	0.048363	0.075721	1.26449	0.62656	11.9522
128	2	4	32	32	67	0.064242	0.088882	1.08569	0.399605	5.60748
128	2	8	1	1	3	0.005145	0.005461	0.023318	0.021374	0.080644
128	2	8	1	2	7	0.00545	0.00698	0.039889	0.037254	0.212556
128	2	8	1	4	11	0.007236	0.009788	0.095699	0.056675	0.371499
128	2	8	1	8	19	0.010434	0.015626	0.115825	0.095715	0.739649
128	2	8	2	1	7	0.005881	0.007147	0.04064	0.038797	0.204744
128	2	8	2	2	5	0.006205	0.006833	0.036217	0.029885	0.140141
128	2	8	2	4	13	0.007761	0.010693	0.07599	0.066466	0.447834
128	2	8	2	8	17	0.011554	0.015273	0.117039	0.091914	0.657326
128	2	8	4	1	11	0.007702	0.010059	0.066988	0.07183	0.443309
128	2	8	4	2	13	0.011733	0.015714	0.109284	0.096608	0.568211
128	2	8	4	4	9	0.021975	0.013735	0.074698	0.057021	0.299398
128	2	8	4	8	25	0.015564	0.047271	0.209122	0.150921	1.24498
128	2	8	8	1	19	0.012177	0.018021	0.119707	0.106372	0.767592
128	2	8	8	2	17	0.014804	0.016167	0.113995	0.09219	0.690554
128	2	8	8	4	25	0.012965	0.019782	0.200624	0.140375	1.35212
128	2	8	8	8	17	0.020142	0.02407	0.186734	0.119077	0.787017
128	4	1	1	1	3	0.007513	0.010799	0.030188	0.02844	0.094801
128	4	1	1	2	7	0.006382	0.00868	0.062822	0.055512	0.234512
128	4	1	1	4	11	0.012384	0.012632	0.092517	0.071926	0.463708
128	4	1	1	8	19	0.018552	0.01999	0.167606	0.134657	0.834996
128	4	1	1	16	35	0.025276	0.038334	0.670919	0.441519	2.05148
128	4	1	1	32	68	0.035572	0.061749	3.69821	1.37506	15.601
128	4	1	1	64	132	0.072141	0.128405	17.2289	4.6782	18.7341
128	4	1	1	128	256	0.107501	0.215086	38.3061	9.9711	62.2484
128	4	1	2	1	7	0.006492	0.007566	0.048757	0.056413	0.213295
128	4	1	2	2	5	0.005969	0.006904	0.035952	0.028146	0.135393
128	4	1	2	4	13	0.00761	0.010403	0.073616	0.064258	0.42621
128	4	1	2	8	17	0.011235	0.014955	0.10917	0.083817	0.608445
128	4	1	2	16	37	0.01747	0.027856	0.577364	0.371978	1.95234
128	4	1	2	32	66	0.030817	0.050935	2.49534	1.09664	4.98062
128	4	1	2	64	134	0.054351	0.095633	14.5359	3.99597	17.9547
128	4	1	2	128	260	0.106069	0.195037	35.2019	9.76809	65.762
128	4	1	4	1	11	0.007515	0.010552	0.074309	0.058693	0.372683
128	4	1	4	2	13	0.00909	0.011619	0.078954	0.087298	0.484458
128	4	1	4	4	9	0.011438	0.014293	0.082675	0.050804	0.297706
128	4	1	4	8	25	0.012889	0.019772	0.241905	0.157221	1.12295
128	4	1	4	16	41	0.019637	0.045064	0.712504	0.418479	2.27995
128	4	1	4	32	74	0.032644	0.057432	2.97088	1.36883	6.35352
128	4	1	4	64	130	0.057368	0.099643	15.3769	5.1912	19.1974
128	4	1	4	128	264	0.144387	0.265056	38.4943	9.89587	66.3533
128	4	1	8	1	19	0.010509	0.01603	0.138099	0.107177	0.699946
128	4	1	8	2	17	0.010577	0.014769	0.106618	0.08201	0.622871
128	4	1	8	4	25	0.011992	0.01865	0.201146	0.147311	1.01927
128	4	1	8	8	17	0.015135	0.018836	0.136339	0.099122	0.599957
128	4	1	8	16	49	0.022766	0.045664	0.820352	0.50919	3.00301
128	4	1	8	32	78	0.035622	0.057804	3.0491	1.36596	6.72552
128	4	1	8	64	146	0.060972	0.107982	15.8754	4.61045	20.9069
128	4	1	8	128	272	0.116581	0.237657	35.3787	10.4873	69.3414
128	4	1	16	1	35	0.016499	0.026989	0.533319	0.33463	1.69265
128	4	1	16	2	37	0.021409	0.033552	0.600885	0.388148	1.95156
128	4	1	16	4	41	0.020763	0.030854	0.643342	0.415875	2.19917
128	4	1	16	8	49	0.022356	0.035572	0.81567	0.511646	3.11842
128	4	1	16	16	33	0.029675	0.038403	0.85464	0.505448	1.55059
128	4	1	16	32	98	0.041057	0.069128	4.43311	1.94582	10.6484
128	4	1	16	64	162	0.094147	0.131984	20.3552	7.58227	27.4267
128	4	1	16	128	288	0.124721	0.224073	39.7412	10.3143	78.6773
128	4	1	32	1	68	0.030743	0.048182	2.50388	1.07687	5.2938
128	4	1	32	2	66	0.037932	0.050867	2.50053	1.06947	5.07818
128	4	1	32	4	74	0.033202	0.053877	2.85237	1.27524	6.17777
128	4	1	32	8	78	0.03609	0.05723	3.10758	1.37848	6.59478
128	4	1	32	16	98	0.041761	0.069795	4.46897	2.01111	10.8917
128	4	1	32	32	66	0.056296	0.074034	4.83812	1.87707	5.27062
128	4	1	32	64	193	0.099884	0.167525	34.7416	8.21629	37.3646
128	4	1	32	128	320	0.131524	0.238539	52.3783	13.5907	87.9335
128	4	1	64	1	132	0.05402	0.093353	14.3039	3.87801	16.744
128	4	1	64	2	134	0.056083	0.096276	14.3295	4.23283	19.1936
128	4	1	64	4	130	0.058647	0.099671	15.8224	4.55228	18.0211
128	4	1	64	8	146	0.064126	0.110289	17.096	4.79954	22.747
128	4	1	64	16	162	0.067385	0.119158	21.4474	5.79412	26.8019
128	4	1	64	32	193	0.082995	0.163306	27.6643	9.44728	39.0004
128	4	1	64	64	130	0.108452	0.154394	29.2133	8.21204	16.2776
128	4	1	64	128	382	0.185323	0.340284	90.424	21.3135	122.459
128	4	1	128	1	256	0.100288	0.184986	29.4928	7.83801	58.9838
128	4	1	128	2	260	0.101661	0.207196	30.6813	7.88563	64.3743
128	4	1	128	4	264	0.105814	0.197129	32.7232	8.77428	64.2061
128	4	1	128	8	272	0.105446	0.19698	32.2	8.85763	65.5112
128	4	1	128	16	288	0.110893	0.209425	35.4019	10.0785	73.0587
128	4	1	128	32	320	0.127008	0.249761	46.0224	12.6282	87.2628
128	4	1	128	64	382	0.148866	0.279685	81.0201	19.9305	123.656
128	4	1	128	128	256	0.194989	0.296512	58.717	14.4024	60.0546
128	4	2	1	1	3	0.004568	0.005026	0.032094	0.019584	0.076292
128	4	2	1	2	7	0.006108	0.008261	0.049924	0.044406	0.208562
128	4	2	1	4	11	0.008321	0.011321	0.07961	0.064275	0.390108
128	4	2	1	8	19	0.011684	0.017598	0.176001	0.104806	0.698086
128	4	2	1	16	35	0.021073	0.031404	0.517702	0.347038	1.82136
128	4	2	1	32	68	0.036837	0.055149	2.51762	1.10203	5.42389
128	4	2	1	64	66	0.074041	0.101609	2.21396	0.878587	6.57799
128	4	2	2	1	7	0.009231	0.009318	0.056714	0.048331	0.256671
128	4	2	2	2	5	0.006834	0.010622	0.049175	0.038266	0.183494
128	4	2	2	4	13	0.008825	0.015105	0.104295	0.087468	0.561089
128	4	2	2	8	17	0.013324	0.021709	0.150829	0.103791	0.724454
128	4	2	2	16	37	0.022632	0.038474	0.667505	0.36549	2.01457
128	4	2	2	32	66	0.037662	0.055356	2.50101	1.41637	5.67288
128	4	2	2	64	70	0.066911	0.095221	1.91339	0.878981	6.83674
128	4	2	4	1	11	0.009402	0.013727	0.088362	0.073859	0.428141
128	4	2	4	2	13	0.012484	0.017098	0.095117	0.091622	0.585619
128	4	2	4	4	9	0.013747	0.015125	0.092695	0.066864	0.368596
128	4	2	4	8	25	0.014637	0.022204	0.267773	0.206505	1.31914
128	4	2	4	16	41	0.023238	0.038516	0.731455	0.531649	2.69051
128	4	2	4	32	74	0.034868	0.058162	3.13243	1.98352	7.20567
128	4	2	4	64	74	0.074405	0.10385	2.86529	1.07933	7.24985
128	4	2	8	1	19	0.013061	0.019755	0.1857	0.148358	0.940741
128	4	2	8	2	17	0.013469	0.019927	0.183297	0.1133	0.816681
128	4	2	8	4	25	0.017102	0.025343	0.284953	0.205531	1.42479
128	4	2	8	8	17	0.019162	0.024704	0.214754	0.118378	0.834284
128	4	2	8	16	49	0.029257	0.045743	1.10082	0.733056	4.07931
128	4	2	8	32	78	0.079089	0.086622	5.22767	2.0633	9.67951
128	4	2	8	64	82	0.084518	0.121071	3.92387	1.70295	10.6791
128	4	2	16	1	35	0.022483	0.040485	0.63005	0.457332	1.92489
128	4	2	16	2	37	0.023701	0.037288	0.743272	0.534788	2.42478
128	4	2	16	4	41	0.025118	0.040262	0.831788	0.46898	2.91131
128	4	2	16	8	49	0.046678	0.054956	1.25972	0.893496	4.72461
128	4	2	16	16	33	0.035533	0.043637	1.09891	0.649732	1.78635
128	4	2	16	32	98	0.046516	0.081645	4.8933	2.18906	12.1551
128	4	2	16	64	98	0.070509	0.101203	4.29169	2.25184	12.5686
128	4	2	32	1	68	0.033753	0.053911	3.28973	1.35423	6.48435
128	4	2	32	2	66	0.042434	0.065928	3.00752	1.22606	6.8057
128	4	2	32	4	74	0.038103	0.064485	3.65219	1.36967	7.16559
128	4	2	32	8	78	0.048635	0.069859	3.99534	1.6297	7.27126
128	4	2	32	16	98	0.050779	0.091626	6.34089	2.41083	11.7726
128	4	2	32	32	66	0.071225	0.099966	5.57434	2.11794	5.93168
128	4	2	32	64	129	0.095291	0.161654	10.1856	3.51578	20.899
128	4	2	64	1	66	0.075343	0.103213	2.40277	1.08598	7.00704
128	4	2	64	2	70	0.076209	0.094632	2.25973	1.03011	6.36355
128	4	2	64	4	74	0.071513	0.110851	2.17581	1.0241	7.73413
128	4	2	64	8	82	0.095238	0.116729	3.12636	1.27809	8.28893
128	4	2	64	16	98	0.069624	0.102673	4.97688	1.8887	10.8627
128	4	2	64	32	129	0.092898	0.135038	9.00401	3.73789	19.868
128	4	2	64	64	66	0.106579	0.130324	3.73117	1.36538	5.44126
128	4	4	1	1	3	0.005629	0.006004	0.025024	0.026281	0.09651
128	4	4	1	2	7	0.006445	0.007146	0.041333	0.0373	0.207421
128	4	4	1	4	11	0.007277	0.009707	0.064032	0.057285	0.360938
128	4	4	1	8	19	0.010825	0.016454	0.14497	0.113576	0.747112
128	4	4	1	16	35	0.017742	0.028203	0.647009	0.47791	2.61864
128	4	4	1	32	33	0.051417	0.059343	0.545806	0.276053	2.2249
128	4	4	2	1	7	0.009299	0.00985	0.057057	0.052856	0.245244
128	4	4	2	2	5	0.007966	0.009643	0.050675	0.040987	0.187258
128	4	4	2	4	13	0.009294	0.035919	0.098788	0.094828	0.600275
128	4	4	2	8	17	0.013966	0.019883	0.148606	0.114635	0.771358
128	4	4	2	16	37	0.035843	0.035367	0.789483	0.52296	2.56409
128	4	4	2	32	37	0.04413	0.0558	0.640164	0.296045	2.8717
128	4	4	4	1	11	0.010655	0.01436	0.083693	0.065232	0.466869
128	4	4	4	2	13	0.008727	0.012195	0.08876	0.082558	0.527864
128	4	4	4	4	9	0.011954	0.01559	0.076406	0.056363	0.320078
128	4	4	4	8	25	0.014418	0.021871	0.276714	0.223831	1.26835
128	4	4	4	16	41	0.022423	0.036296	0.761891	0.56228	3.03471
128	4	4	4	32	41	0.047038	0.058654	0.786507	0.418868	2.95132
128	4	4	8	1	19	0.015775	0.022248	0.217094	0.182451	1.05566
128	4	4	8	2	17	0.01715	0.022013	0.163768	0.128358	0.821293
128	4	4	8	4	25	0.01676	0.025492	0.283193	0.209083	1.34018
128	4	4	8	8	17	0.021107	0.025937	0.184812	0.118741	0.752162
128	4	4	8	16	49	0.030297	0.046334	1.15393	0.756865	3.68953
128	4	4	8	32	49	0.040111	0.053578	0.934156	0.412627	3.35116
128	4	4	16	1	35	0.018085	0.029046	1.02666	0.499461	2.56241
128	4	4	16	2	37	0.025116	0.042287	0.854712	0.560678	2.63395
128	4	4	16	4	41	0.026033	0.040482	0.878857	0.634709	2.8797
128	4	4	16	8	49	0.036217	0.047999	1.19086	0.716228	4.92016
128	4	4	16	16	33	0.041878	0.055146	1.45084	0.776692	1.95638
128	4	4	16	32	65	0.048041	0.07065	1.65001	1.00523	5.68249
128	4	4	32	1	33	0.042074	0.051533	0.47262	0.235408	2.06942
128	4	4	32	2	37	0.043756	0.057064	0.647089	0.409197	2.32793
128	4	4	32	4	41	0.044162	0.060876	0.68575	0.336987	2.75935
128	4	4	32	8	49	0.043555	0.060177	0.977651	0.540403	4.64647
128	4	4	32	16	65	0.062736	0.102073	2.10209	1.15319	7.13325
128	4	4	32	32	33	0.073704	0.083266	0.759665	0.264619	2.11541
128	4	8	1	1	3	0.014227	0.012043	0.058113	0.051386	0.115402
128	4	8	1	2	7	0.015679	0.019081	0.084776	0.08245	0.306646
128	4	8	1	4	11	0.020796	0.031529	0.125422	0.119028	0.491024
128	4	8	1	8	19	0.014907	0.022397	0.200373	0.162947	1.04627
128	4	8	1	16	35	0.021401	0.032826	0.322616	0.264236	2.16559
128	4	8	2	1	7	0.007129	0.008554	0.046821	0.043389	0.265804
128	4	8	2	2	5	0.007196	0.00808	0.041696	0.033626	0.197675
128	4	8	2	4	13	0.012057	0.016932	0.116827	0.103067	0.526405
128	4	8	2	8	17	0.013566	0.018992	0.128827	0.100014	0.731669
128	4	8	2	16	37	0.020736	0.032466	0.419648	0.226057	2.2133
128	4	8	4	1	11	0.008973	0.012024	0.072614	0.065138	0.396831
128	4	8	4	2	13	0.010861	0.015852	0.104332	0.092776	0.661756
128	4	8	4	4	9	0.014438	0.01607	0.101527	0.082488	0.380848
128	4	8	4	8	25	0.017617	0.026793	0.303261	0.223887	1.46229
128	4	8	4	16	41	0.038616	0.050844	0.591351	0.32105	2.95676
128	4	8	8	1	19	0.015118	0.021363	0.236403	0.15214	0.931673
128	4	8	8	2	17	0.015568	0.019847	0.144653	0.11465	0.750914
128	4	8	8	4	25	0.017057	0.024234	0.275283	0.216909	1.55306
128	4	8	8	8	17	0.022805	0.027217	0.204056	0.132344	0.825443
128	4	8	8	16	49	0.0313	0.04866	0.72198	0.434178	4.99076
128	4	8	16	1	35	0.025995	0.038054	0.375034	0.26356	2.66742
128	4	8	16	2	37	0.027953	0.041923	0.422431	0.276553	2.63559
128	4	8	16	4	41	0.027905	0.045149	0.458999	0.27043	2.76706
128	4	8	16	8	49	0.026659	0.043825	0.580182	0.355532	4.58697
128	4	8	16	16	33	0.033685	0.04376	0.381138	0.194514	1.8746
128	8	1	1	1	3	0.006623	0.006344	0.025725	0.024492	0.088462
128	8	1	1	2	7	0.005926	0.007526	0.043795	0.041405	0.22758
128	8	1	1	4	11	0.007747	0.010757	0.099885	0.080969	0.397344
128	8	1	1	8	19	0.011465	0.017595	0.30383	0.224759	1.06754
128	8	1	1	16	34	0.030055	0.044031	1.67457	0.695106	2.09717
128	8	1	1	32	68	0.035728	0.057546	9.35491	2.72743	5.90047
128	8	1	1	64	132	0.070465	0.12848	51.0049	11.4689	19.1095
128	8	1	1	128	256	0.142353	0.241585	102.027	17.6237	56.6846
128	8	1	2	1	7	0.006057	0.007502	0.040087	0.037611	0.196581
128	8	1	2	2	5	0.005916	0.0067	0.034372	0.027484	0.132751
128	8	1	2	4	13	0.007335	0.010418	0.096687	0.077968	0.414226
128	8	1	2	8	17	0.010472	0.014612	0.256636	0.170365	0.591943
128	8	1	2	16	36	0.016829	0.026585	1.25559	0.569928	1.76944
128	8	1	2	32	66	0.031199	0.049403	6.85873	1.98074	5.09252
128	8	1	2	64	134	0.054703	0.096522	46.2507	9.69404	17.9856
128	8	1	2	128	260	0.103522	0.191647	93.0856	18.1393	58.5005
128	8	1	4	1	11	0.007581	0.010148	0.088232	0.071383	0.350516
128	8	1	4	2	13	0.007525	0.010432	0.096003	0.077565	0.414401
128	8	1	4	4	9	0.009101	0.010428	0.064579	0.046632	0.261332
128	8	1	4	8	25	0.011935	0.018708	0.373967	0.251671	1.01601
128	8	1	4	16	40	0.01835	0.028715	1.43483	0.661014	2.12329
128	8	1	4	32	74	0.036139	0.05667	7.65506	2.25832	5.99498
128	8	1	4	64	130	0.057802	0.097445	46.8614	9.58008	17.0207
128	8	1	4	128	264	0.105254	0.210414	99.6458	18.8337	60.0481
128	8	1	8	1	19	0.01029	0.01584	0.263172	0.180152	0.702781
128	8	1	8	2	17	0.011919	0.016998	0.292947	0.170695	0.5982
128	8	1	8	4	25	0.012202	0.019315	0.372245	0.263446	1.03746
128	8	1	8	8	17	0.015115	0.019256	0.386505	0.243726	0.604611
128	8	1	8	16	48	0.022119	0.034885	1.91825	0.924167	3.15503
128	8	1	8	32	78	0.036727	0.059457	8.60388	2.5437	6.65149
128	8	1	8	64	146	0.06014	0.104679	53.7954	11.714	21.8976
128	8	1	8	128	272	0.118156	0.206491	102.298	19.547	64.0508
128	8	1	16	1	34	0.017028	0.025864	1.146	0.549083	1.61043
128	8	1	16	2	36	0.016938	0.025616	1.25372	0.578074	1.77907
128	8	1	16	4	40	0.019615	0.029677	1.40202	0.661796	2.11079
128	8	1	16	8	48	0.022944	0.035151	1.96716	0.923134	2.98481
128	8	1	16	16	32	0.029204	0.035761	2.08795	0.851721	1.51817
128	8	1	16	32	97	0.042591	0.069551	12.2772	3.66721	10.1974
128	8	1	16	64	161	0.067846	0.119083	66.842	14.36	25.8873
128	8	1	16	128	287	0.115732	0.217091	115.49	22.3357	70.6206
128	8	1	32	1	68	0.029915	0.048513	6.72489	2.03448	5.24935
128	8	1	32	2	66	0.031492	0.048845	6.74396	1.96523	5.02442
128	8	1	32	4	74	0.034475	0.054773	7.62296	2.27599	6.05926
128	8	1	32	8	78	0.035881	0.058589	10.6085	3.06558	8.0296
128	8	1	32	16	97	0.042278	0.070685	13.3491	3.99083	12.6943
128	8	1	32	32	66	0.071763	0.093233	18.1237	4.97382	6.8604
128	8	1	32	64	192	0.103577	0.191325	125.824	23.0076	35.4969
128	8	1	32	128	319	0.124755	0.229381	146.6	29.0983	88.0223
128	8	1	64	1	132	0.053617	0.092554	44.2661	8.71978	17.9674
128	8	1	64	2	134	0.066321	0.100825	45.9787	9.03101	18.1198
128	8	1	64	4	130	0.060672	0.101647	46.5363	9.18806	17.0063
128	8	1	64	8	146	0.064648	0.123189	54.7437	10.6189	20.4996
128	8	1	64	16	161	0.065712	0.114766	59.3455	12.9527	24.1059
128	8	1	64	32	192	0.081287	0.14107	83.8129	16.9853	33.3592
128	8	1	64	64	130	0.103017	0.144693	89.8036	16.8385	16.3147
128	8	1	64	128	378	0.148637	0.268103	253.419	48.7552	120.4
128	8	1	128	1	256	0.101096	0.184721	94.597	18.1588	56.7996
128	8	1	128	2	260	0.101222	0.186633	92.8565	18.0429	58.7831
128	8	1	128	4	264	0.102759	0.190803	98.1022	18.6864	60.558
128	8	1	128	8	272	0.105561	0.19662	101.094	19.7673	64.0263
128	8	1	128	16	287	0.111773	0.208486	111.848	22.4368	72.2131
128	8	1	128	32	319	0.123712	0.234038	146.126	28.9516	87.149
128	8	1	128	64	378	0.148282	0.300656	259.223	50.3361	119.737
128	8	1	128	128	256	0.19507	0.298937	190.042	33.6236	58.1297
128	8	2	1	1	3	0.005115	0.005109	0.022798	0.019835	0.077484
128	8	2	1	2	7	0.005028	0.006581	0.037591	0.035244	0.193413
128	8	2	1	4	11	0.006644	0.009012	0.08531	0.069201	0.350687
128	8	2	1	8	19	0.009947	0.014854	0.25908	0.177957	0.68683
128	8	2	1	16	34	0.016147	0.025652	1.13905	0.549226	1.61823
128	8	2	1	32	68	0.030457	0.050146	6.75381	2.00343	5.30549
128	8	2	1	64	68	0.054167	0.076225	5.43017	1.82938	5.22961
128	8	2	2	1	7	0.006405	0.008537	0.040938	0.039206	0.197507
128	8	2	2	2	5	0.005796	0.006877	0.03419	0.027224	0.13285
128	8	2	2	4	13	0.007345	0.010481	0.096821	0.077472	0.416738
128	8	2	2	8	17	0.010238	0.014938	0.255752	0.170899	0.610529
128	8	2	2	16	36	0.016952	0.027052	1.24424	0.578656	1.75982
128	8	2	2	32	66	0.031159	0.049315	7.1089	2.40793	5.25884
128	8	2	2	64	72	0.06095	0.090927	6.86035	2.31952	8.0799
128	8	2	4	1	11	0.010473	0.01462	0.132831	0.097084	0.435716
128	8	2	4	2	13	0.010144	0.013884	0.136243	0.108751	0.589568
128	8	2	4	4	9	0.012945	0.014597	0.091201	0.065643	0.373648
128	8	2	4	8	25	0.016708	0.025424	0.541355	0.359003	1.37711
128	8	2	4	16	40	0.025712	0.039818	1.94897	0.957125	2.82425
128	8	2	4	32	74	0.05047	0.077505	10.5074	3.01648	6.7706
128	8	2	4	64	76	0.060552	0.087846	8.08088	3.32539	7.35029
128	8	2	8	1	19	0.014708	0.017184	0.283917	0.191695	0.74537
128	8	2	8	2	17	0.013517	0.019213	0.314579	0.189169	0.699423
128	8	2	8	4	25	0.017164	0.023966	0.460309	0.274368	1.10929
128	8	2	8	8	17	0.019029	0.024277	0.517108	0.309598	0.774362
128	8	2	8	16	48	0.029284	0.049916	2.56629	1.53858	3.77821
128	8	2	8	32	78	0.059572	0.077856	10.2675	2.88035	17.4753
128	8	2	8	64	84	0.090954	0.116192	9.72319	4.47257	9.46342
128	8	2	16	1	34	0.017421	0.02699	1.2324	0.579689	1.85192
128	8	2	16	2	36	0.023221	0.037725	1.40481	0.642874	1.90842
128	8	2	16	4	40	0.024837	0.040951	1.49669	0.696113	2.38087
128	8	2	16	8	48	0.029218	0.04536	2.53869	1.18722	3.48764
128	8	2	16	16	32	0.030061	0.036903	2.46752	1.17633	1.99067
128	8	2	16	32	97	0.056954	0.091598	14.5798	4.12767	11.682
128	8	2	16	64	99	0.073828	0.124817	15.1908	4.13023	11.0784
128	8	2	32	1	68	0.038642	0.067297	8.51553	2.18528	5.99464
128	8	2	32	2	66	0.040524	0.063048	7.602	2.38479	6.47811
128	8	2	32	4	74	0.044416	0.06723	9.54486	2.40977	7.38684
128	8	2	32	8	78	0.037038	0.060971	9.62789	2.75868	8.48333
128	8	2	32	16	97	0.043786	0.072779	14.6506	4.02857	13.1923
128	8	2	32	32	66	0.067991	0.092452	16.0595	4.11016	5.6844
128	8	2	32	64	129	0.112133	0.160886	29.3896	8.30457	18.2913
128	8	2	64	1	68	0.056935	0.078876	6.32496	2.68843	6.12846
128	8	2	64	2	72	0.062458	0.090603	6.99275	2.76696	6.34585
128	8	2	64	4	76	0.06292	0.093148	6.84438	2.22531	6.66635
128	8	2	64	8	84	0.061317	0.08729	8.53378	2.69061	8.34281
128	8	2	64	16	99	0.080132	0.112758	12.5856	3.69351	10.4485
128	8	2	64	32	129	0.092639	0.170443	27.6817	6.65518	17.5773
128	8	2	64	64	68	0.108725	0.131072	14.1111	3.62942	6.54152
128	8	4	1	1	3	0.005824	0.006065	0.026187	0.023852	0.089716
128	8	4	1	2	7	0.005792	0.007556	0.042868	0.04013	0.218941
128	8	4	1	4	11	0.007678	0.010137	0.096547	0.078429	0.383312
128	8	4	1	8	19	0.011206	0.016859	0.293311	0.201785	0.817721
128	8	4	1	16	34	0.017921	0.028006	1.30176	0.601761	1.89224
128	8	4	1	32	34	0.034143	0.049996	0.831624	0.421056	1.77177
128	8	4	2	1	7	0.009696	0.011296	0.065523	0.050303	0.215341
128	8	4	2	2	5	0.006349	0.007525	0.038228	0.030294	0.148135
128	8	4	2	4	13	0.008136	0.011353	0.106666	0.094531	0.46441
128	8	4	2	8	17	0.011962	0.016239	0.291968	0.201615	0.715388
128	8	4	2	16	36	0.02437	0.035666	1.65322	0.702715	2.10579
128	8	4	2	32	38	0.035664	0.045185	1.07747	0.559491	2.30815
128	8	4	4	1	11	0.010937	0.012691	0.101653	0.08414	0.38524
128	8	4	4	2	13	0.008749	0.011794	0.111275	0.091317	0.495835
128	8	4	4	4	9	0.014445	0.014639	0.081509	0.060577	0.318838
128	8	4	4	8	25	0.016657	0.024575	0.511982	0.365021	1.26268
128	8	4	4	16	40	0.023509	0.047537	2.2414	1.00501	2.46012
128	8	4	4	32	42	0.03746	0.049031	1.34684	0.660891	2.5064
128	8	4	8	1	19	0.012076	0.018316	0.343047	0.19323	0.752001
128	8	4	8	2	17	0.016354	0.01611	0.275635	0.185246	0.647303
128	8	4	8	4	25	0.014138	0.021361	0.408115	0.276954	1.10501
128	8	4	8	8	17	0.017711	0.020955	0.420036	0.246869	0.634949
128	8	4	8	16	48	0.023399	0.037373	2.1013	0.999431	3.37978
128	8	4	8	32	50	0.044075	0.060515	1.93724	0.902366	3.34134
128	8	4	16	1	34	0.01843	0.027997	1.29954	0.595894	1.81026
128	8	4	16	2	36	0.043705	0.117598	2.89336	0.705662	2.18265
128	8	4	16	4	40	0.023584	0.036611	1.75756	0.813561	2.46466
128	8	4	16	8	48	0.027562	0.040374	2.30662	1.09675	4.11039
128	8	4	16	16	32	0.034484	0.042631	2.46873	1.03578	1.82937
128	8	4	16	32	65	0.049426	0.067324	4.30305	1.64174	6.53789
128	8	4	32	1	34	0.051589	0.063767	1.2734	0.512921	2.01537
128	8	4	32	2	38	0.038599	0.049546	1.0983	0.583266	2.34377
128	8	4	32	4	42	0.038694	0.052545	1.30026	0.683942	3.43889
128	8	4	32	8	50	0.059823	0.0622	2.0046	1.01564	3.65053
128	8	4	32	16	65	0.047408	0.067314	3.91577	1.62008	5.20414
128	8	4	32	32	34	0.057991	0.064886	1.4306	0.672236	1.75687
128	8	8	1	1	3	0.007099	0.006262	0.026204	0.022424	0.080942
128	8	8	1	2	7	0.005771	0.00706	0.040477	0.045728	0.207129
128	8	8	1	4	11	0.007137	0.009875	0.093839	0.073799	0.360392
128	8	8	1	8	19	0.010609	0.015841	0.277271	0.194604	0.752007
128	8	8	1	16	32	0.018671	0.027134	0.589522	0.345718	1.65775
128	8	8	2	1	7	0.008075	0.010244	0.049768	0.04619	0.21273
128	8	8	2	2	5	0.006085	0.007442	0.036586	0.028927	0.140714
128	8	8	2	4	13	0.00784	0.011098	0.10372	0.0839	0.482352
128	8	8	2	8	17	0.014484	0.020478	0.374723	0.256511	0.705158
128	8	8	2	16	36	0.020071	0.03104	0.626514	0.400152	2.01568
128	8	8	4	1	11	0.009595	0.011463	0.093118	0.084407	0.367419
128	8	8	4	2	13	0.008177	0.011028	0.101892	0.08284	0.443625
128	8	8	4	4	9	0.009383	0.012158	0.06896	0.050014	0.279421
128	8	8	4	8	25	0.012646	0.019652	0.395564	0.266833	1.15124
128	8	8	4	16	40	0.023437	0.043275	0.769432	0.505802	2.57127
128	8	8	8	1	19	0.012714	0.021299	0.288713	0.201362	0.772053
128	8	8	8	2	17	0.012699	0.017588	0.289447	0.197433	0.77003
128	8	8	8	4	25	0.023541	0.031606	0.665808	0.457155	1.3862
128	8	8	8	8	17	0.020362	0.024196	0.463127	0.28161	0.696286
128	8	8	8	16	48	0.02519	0.040562	1.19844	0.739629	3.26252
128	8	8	16	1	32	0.019566	0.029295	0.556572	0.361618	1.67791
128	8	8	16	2	36	0.023714	0.03408	0.629177	0.406399	1.95115
128	8	8	16	4	40	0.02909	0.042165	0.91214	0.52159	2.4285
128	8	8	16	8	48	0.030974	0.047986	1.49361	0.788136	3.23531
128	8	8	16	16	32	0.030956	0.04056	0.916846	0.525439	1.58841
