0 -49
1 4
2 -14
3 -38
4 83
5 53
6 -48
7 -4
8 -12
9 57
10 -55
11 0
12 68
13 67
14 6
15 -89
16 40
17 74
18 85
19 21
20 67
21 -70
22 2
23 36
24 57
25 13
26 -9
27 17
28 -55
29 84
30 35
31 92
32 -95
33 -6
34 -28
35 -27
36 72
37 18
38 -15
39 99
40 93
41 -96
42 83
43 -74
44 -35
45 -14
46 -5
47 84
48 21
49 -65
50 85
51 -92
52 -43
53 -99
54 -40
55 0
56 51
57 80
58 51
59 -84
60 72
61 7
62 -38
63 -35
64 56
65 70
66 -97
67 -38
68 -66
69 40
70 -36
71 -25
72 84
73 39
74 -55
75 65
76 -24
77 22
78 -38
79 81
80 57
81 -80
82 46
83 53
84 -18
85 24
86 -3
87 -60
88 8
89 -22
90 -63
91 46
92 -94
93 11
94 18
95 42
96 61
97 81
98 -51
99 -85
100 -57
101 -46
102 -6
103 -5
104 -23
105 6
106 -44
107 71
108 92
109 -1
110 16
111 68
112 -40
113 -39
114 -88
115 -37
116 -8
117 -92
118 37
119 -80
120 100
121 51
122 20
123 87
124 4
125 27
126 -59
127 54
128 72
129 -25
130 85
131 -86
132 -11
133 -24
134 47
135 50
136 63
137 37
138 -69
139 -64
140 -50
141 -51
142 15
143 -53
144 -90
145 54
146 -46
147 -49
148 -26
149 -94
150 -32
151 -90
152 47
153 44
154 90
155 -58
156 12
157 -77
158 -10
159 -67
160 -83
161 -23
162 -21
163 26
164 41
165 80
166 -70
167 66
168 -95
169 18
170 -29
171 -25
172 -34
173 65
174 -74
175 -22
176 28
177 15
178 23
179 -27
180 -35
181 63
182 -73
183 -13
184 -70
185 30
186 -42
187 -97
188 35
189 58
190 -39
191 55
192 -4
193 33
194 7
195 -92
196 46
197 10
198 -66
199 -73
200 55
201 -31
202 15
203 1
204 67
205 97
206 58
207 50
208 7
209 16
210 92
211 -10
212 11
213 -40
214 95
215 95
216 42
217 -99
218 -80
219 -78
220 64
221 18
222 -45
223 -68
224 91
225 26
226 64
227 -50
228 88
229 -33
230 94
231 -45
232 83
233 -31
234 20
235 20
236 40
237 84
238 51
239 55
240 10
241 -78
242 92
243 86
244 44
245 69
246 27
247 -21
248 34
249 67
250 -25
251 10
252 -49
253 28
254 19
255 -57
256 -12
257 86
258 -38
259 90
260 97
261 -14
262 -22
263 27
264 0
265 17
266 -47
267 -67
268 -21
269 -32
270 -52
271 -76
272 92
273 35
274 -58
275 -72
276 -24
277 -51
278 17
279 -100
280 -93
281 97
282 -22
283 60
284 90
285 22
286 72
287 21
288 16
289 -58
290 -74
291 50
292 18
293 -27
294 76
295 80
296 2
297 0
298 -88
299 -52
300 -71
301 -14
302 3
303 -28
304 -62
305 30
306 -11
307 -79
308 16
309 33
310 8
311 -1
312 -51
313 -56
314 18
315 -95
316 -39
317 97
318 -30
319 -63
320 -65
321 -98
322 97
323 -92
324 29
325 77
326 -41
327 -8
328 54
329 -62
330 -73
331 -92
332 -96
333 9
334 -7
335 -78
336 82
337 -61
338 100
339 12
340 36
341 39
342 -94
343 -61
344 61
345 -83
346 -45
347 15
348 -35
349 -75
350 76
351 -87
352 -10
353 10
354 -8
355 80
356 -84
357 -33
358 -54
359 -53
360 -83
361 -25
362 87
363 -58
364 -24
365 42
366 33
367 3
368 -31
369 41
370 40
371 39
372 -7
373 -54
374 -48
375 42
376 85
377 95
378 -35
379 -12
380 -47
381 -90
382 12
383 61
384 -86
385 -23
386 85
387 63
388 -21
389 25
390 90
391 76
392 40
393 -26
394 46
395 95
396 24
397 -41
398 -92
399 100
400 81
401 69
402 45
403 -29
404 79
405 -34
406 -19
407 -81
408 20
409 -69
410 -18
411 -39
412 -31
413 31
414 10
415 32
416 27
417 29
418 61
419 -19
420 95
421 -3
422 49
423 -87
424 -49
425 -62
426 33
427 -88
428 -84
429 30
430 -87
431 46
432 18
433 61
434 23
435 -5
436 97
437 40
438 70
439 43
440 33
441 -32
442 19
443 55
444 0
445 -99
446 45
447 92
448 -6
449 73
450 55
451 25
452 0
453 -46
454 -52
455 86
456 -55
457 -6
458 92
459 91
460 -95
461 26
462 23
463 -28
464 81
465 19
466 -18
467 -54
468 17
469 76
470 -13
471 -30
472 -73
473 -94
474 4
475 64
476 -12
477 14
478 -29
479 56
480 76
481 25
482 37
483 40
484 -29
485 47
486 -25
487 -4
488 -38
489 61
490 38
491 76
492 51
493 -88
494 -56
495 92
496 -72
497 61
498 48
499 83
500 68
501 13
502 -81
503 40
504 89
505 -46
506 65
507 -73
508 48
509 -4
510 -20
511 -28
512 -99
513 84
514 49
515 -62
516 82
517 31
518 -36
519 -79
520 30
521 -56
522 -98
523 31
524 -11
525 -18
526 67
527 27
528 75
529 -90
530 55
531 38
532 42
533 -94
534 3
535 3
536 21
537 69
538 -3
539 -44
540 32
541 32
542 -17
543 -40
544 -57
545 -43
546 51
547 -35
548 69
549 -14
550 -61
551 -20
552 -65
553 18
554 94
555 -27
556 -11
557 11
558 -83
559 16
560 -71
561 63
562 -88
563 89
564 46
565 35
566 63
567 78
568 37
569 -51
570 -83
571 54
572 -100
573 75
574 72
575 -77
576 32
577 -59
578 28
579 61
580 81
581 -46
582 -11
583 -63
584 -84
585 37
586 -80
587 34
588 49
589 -21
590 76
591 100
592 56
593 -35
594 6
595 15
596 -50
597 40
598 -67
599 47
600 -92
601 0
602 -68
603 -20
604 27
605 29
606 -43
607 90
608 -96
609 1
610 44
611 -11
612 40
613 47
614 -79
615 -55
616 33
617 -57
618 -71
619 95
620 56
621 67
622 57
623 22
624 -52
625 34
626 23
627 -7
628 -46
629 -88
630 23
631 -18
632 43
633 -3
634 51
635 26
636 -6
637 58
638 42
639 -29
640 -90
641 51
642 -61
643 -2
644 -100
645 68
646 -45
647 -50
648 37
649 9
650 73
651 -11
652 -25
653 -18
654 -37
655 85
656 20
657 -68
658 93
659 -45
660 -36
661 95
662 -89
663 40
664 61
665 -20
666 -61
667 33
668 -59
669 -33
670 -86
671 100
672 -93
673 -40
674 51
675 -14
676 21
677 -44
678 74
679 -33
680 9
681 -66
682 71
683 38
684 100
685 44
686 23
687 -27
688 -98
689 -78
690 -65
691 29
692 41
693 50
694 20
695 -53
696 6
697 -70
698 -57
699 -13
700 14
701 71
702 99
703 42
704 37
705 61
706 -78
707 60
708 4
709 85
710 13
711 17
712 64
713 -11
714 -57
715 -74
716 93
717 -17
718 80
719 46
720 -38
721 -34
722 81
723 -43
724 6
725 -56
726 -52
727 -100
728 19
729 -16
730 -64
731 5
732 6
733 -61
734 39
735 -47
736 6
737 65
738 -81
739 51
740 -27
741 8
742 -89
743 20
744 -20
745 25
746 40
747 29
748 -88
749 -37
750 -25
751 42
752 81
753 -46
754 -67
755 -60
756 2
757 -53
758 -79
759 11
760 -53
761 52
762 -90
763 -40
764 -5
765 -75
766 -29
767 -5
768 -32
769 -13
770 -2
771 62
772 13
773 -56
774 55
775 27
776 -64
777 -89
778 0
779 22
780 -69
781 21
782 31
783 45
784 37
785 -11
786 -79
787 34
788 28
789 -54
790 -36
791 34
792 39
793 59
794 -16
795 54
796 -63
797 96
798 33
799 28
800 18
801 30
802 -71
803 9
804 -59
805 -41
806 53
807 33
808 18
809 -80
810 59
811 -28
812 -43
813 55
814 50
815 -3
816 41
817 -88
818 -51
819 4
820 -85
821 55
822 55
823 -28
824 65
825 -62
826 27
827 -72
828 31
829 55
830 61
831 0
832 10
833 2
834 -25
835 58
836 14
837 72
838 -23
839 69
840 -41
841 -37
842 70
843 61
844 -74
845 -78
846 20
847 -85
848 27
849 28
850 -82
851 68
852 -18
853 -87
854 2
855 33
856 36
857 43
858 -11
859 69
860 -92
861 -30
862 -46
863 -2
864 16
865 40
866 67
867 -84
868 -5
869 36
870 -39
871 -64
872 86
873 -58
874 41
875 52
876 -90
877 -89
878 5
879 58
880 24
881 -15
882 30
883 -36
884 -83
885 98
886 58
887 -69
888 57
889 -95
890 -76
891 0
892 85
893 100
894 100
895 -2
896 -84
897 29
898 50
899 53
900 100
901 -25
902 24
903 13
904 -20
905 -84
906 67
907 68
908 -66
909 -94
910 -22
911 -79
912 -77
913 -64
914 61
915 -42
916 -61
917 15
918 60
919 8
920 -63
921 -24
922 81
923 92
924 27
925 88
926 58
927 8
928 -29
929 50
930 -54
931 -70
932 34
933 22
934 14
935 -72
936 38
937 3
938 -2
939 -46
940 59
941 -15
942 -19
943 94
944 -74
945 -91
946 -61
947 -48
948 -31
949 91
950 49
951 29
952 30
953 3
954 95
955 56
956 -75
957 62
958 52
959 18
960 -51
961 -56
962 -55
963 7
964 -73
965 98
966 -15
967 -46
968 49
969 28
970 -96
971 -82
972 28
973 -56
974 -10
975 -78
976 -96
977 9
978 -4
979 -57
980 75
981 16
982 -92
983 -90
984 -16
985 13
986 11
987 24
988 -58
989 86
990 -75
991 39
992 -96
993 -98
994 -6
995 52
996 25
997 87
998 -48
999 41
1000 79
1001 37
1002 73
1003 -99
1004 17
1005 -93
1006 90
1007 78
1008 33
1009 32
1010 21
1011 -44
1012 43
1013 82
1014 -95
1015 -86
1016 72
1017 48
1018 -54
1019 -14
1020 -55
1021 -12
1022 68
1023 0
