0 36
1 79
2 -30
3 28
4 -74
5 95
6 -30
7 69
8 -41
9 11
10 -27
11 19
12 4
13 -60
14 -63
15 -26
16 -37
17 6
18 -14
19 -9
20 -9
21 21
22 -22
23 -89
24 -68
25 -26
26 86
27 -30
28 40
29 64
30 91
31 36
32 2
33 36
34 -19
35 51
36 49
37 95
38 26
39 88
40 99
41 37
42 -26
43 -9
44 -57
45 -52
46 -74
47 20
48 -84
49 66
50 -16
51 78
52 9
53 92
54 95
55 -33
56 64
57 -86
58 55
59 31
60 -70
61 62
62 -94
63 -13
64 80
65 66
66 -8
67 40
68 -91
69 95
70 62
71 -66
72 80
73 -95
74 77
75 47
76 -31
77 20
78 49
79 25
80 85
81 -4
82 18
83 43
84 62
85 -89
86 -38
87 -33
88 -100
89 -12
90 -29
91 78
92 -47
93 -51
94 11
95 -31
96 -11
97 18
98 32
99 30
100 -52
101 -26
102 80
103 2
104 65
105 40
106 9
107 -65
108 -42
109 -55
110 83
111 -59
112 -40
113 -91
114 -20
115 72
116 -6
117 -58
118 1
119 71
120 44
121 97
122 79
123 79
124 -94
125 -26
126 67
127 -14
128 -59
129 -70
130 18
131 -49
132 -49
133 -36
134 92
135 64
136 -24
137 -5
138 -33
139 69
140 64
141 -55
142 -97
143 -66
144 -50
145 -56
146 78
147 12
148 -6
149 -76
150 -99
151 -93
152 43
153 72
154 -28
155 42
156 58
157 -61
158 15
159 46
160 -23
161 -81
162 -83
163 -2
164 37
165 2
166 -44
167 94
168 -73
169 61
170 80
171 15
172 40
173 -7
174 36
175 -20
176 -14
177 -80
178 -45
179 4
180 82
181 -54
182 55
183 4
184 39
185 -57
186 -55
187 65
188 -29
189 -100
190 27
191 -50
192 80
193 39
194 86
195 -82
196 49
197 -47
198 4
199 -62
200 -83
201 -54
202 -85
203 -36
204 93
205 34
206 79
207 -28
208 40
209 98
210 -26
211 -29
212 -56
213 -66
214 -17
215 -9
216 0
217 17
218 49
219 -28
220 76
221 96
222 -73
223 37
224 41
225 6
226 90
227 -95
228 15
229 66
230 0
231 -13
232 -60
233 58
234 21
235 -53
236 2
237 65
238 -66
239 -27
240 -58
241 -75
242 -65
243 31
244 97
245 -30
246 -60
247 81
248 50
249 44
250 -33
251 30
252 23
253 -33
254 -6
255 -68
256 73
257 54
258 -18
259 52
260 49
261 77
262 91
263 -76
264 86
265 -49
266 -97
267 -46
268 -82
269 -76
270 -50
271 65
272 21
273 -72
274 58
275 60
276 5
277 56
278 -49
279 -32
280 91
281 -5
282 -35
283 53
284 52
285 48
286 -76
287 1
288 -61
289 -4
290 -78
291 -58
292 49
293 -56
294 -3
295 -29
296 -54
297 -48
298 74
299 -35
300 -12
301 -53
302 -99
303 73
304 -78
305 -84
306 -92
307 -44
308 -65
309 -24
310 -58
311 -21
312 12
313 65
314 -92
315 45
316 41
317 68
318 -5
319 72
320 -12
321 -80
322 -7
323 -18
324 20
325 27
326 68
327 -41
328 -62
329 75
330 -14
331 -47
332 -49
333 -71
334 -40
335 -46
336 97
337 87
338 90
339 -53
340 92
341 -73
342 52
343 -29
344 -60
345 33
346 95
347 79
348 -57
349 68
350 -52
351 52
352 83
353 20
354 -25
355 -10
356 26
357 -44
358 -77
359 19
360 -1
361 24
362 77
363 -44
364 45
365 -14
366 30
367 48
368 -99
369 69
370 -95
371 -55
372 80
373 -41
374 46
375 26
376 82
377 -25
378 -81
379 23
380 -60
381 -57
382 -62
383 -69
384 11
385 79
386 73
387 -4
388 -90
389 -22
390 55
391 44
392 51
393 57
394 -96
395 47
396 -20
397 -51
398 81
399 61
400 -42
401 -94
402 -49
403 -11
404 -77
405 1
406 -12
407 -12
408 -11
409 -10
410 -100
411 -5
412 -17
413 69
414 -48
415 93
416 56
417 -17
418 50
419 -65
420 85
421 -5
422 79
423 -82
424 86
425 1
426 -100
427 -34
428 -35
429 17
430 52
431 -58
432 -34
433 30
434 -46
435 -100
436 -89
437 -94
438 -92
439 56
440 -38
441 57
442 -89
443 -18
444 30
445 97
446 26
447 27
448 -45
449 -83
450 -89
451 -46
452 32
453 -53
454 30
455 20
456 9
457 6
458 -82
459 -46
460 -6
461 5
462 -58
463 -79
464 -22
465 12
466 -47
467 37
468 24
469 -13
470 -97
471 -81
472 97
473 -43
474 97
475 -23
476 -66
477 -37
478 17
479 -59
480 42
481 -86
482 -11
483 81
484 -53
485 24
486 9
487 37
488 35
489 5
490 72
491 -37
492 84
493 -60
494 -45
495 -50
496 34
497 63
498 42
499 -63
500 -74
501 51
502 84
503 14
504 27
505 56
506 -81
507 48
508 75
509 -40
510 -80
511 -26
512 44
513 13
514 -37
515 67
516 -87
517 -69
518 98
519 5
520 -63
521 8
522 61
523 35
524 -58
525 2
526 -97
527 -72
528 54
529 -14
530 -68
531 41
532 72
533 47
534 70
535 -91
536 9
537 91
538 -49
539 17
540 -67
541 -79
542 47
543 -13
544 49
545 57
546 62
547 -35
548 91
549 23
550 -24
551 91
552 -96
553 -28
554 60
555 94
556 2
557 -86
558 45
559 18
560 90
561 -63
562 48
563 -27
564 35
565 -48
566 -48
567 57
568 -3
569 12
570 23
571 91
572 -35
573 -92
574 76
575 -67
576 28
577 -4
578 -61
579 56
580 91
581 -28
582 -41
583 -65
584 -46
585 -50
586 -83
587 11
588 51
589 -85
590 65
591 63
592 41
593 -92
594 -51
595 81
596 -8
597 -100
598 -53
599 -68
600 48
601 3
602 95
603 16
604 94
605 -16
606 -45
607 -28
608 27
609 -61
610 80
611 31
612 67
613 -31
614 -26
615 70
616 86
617 74
618 16
619 34
620 11
621 4
622 -24
623 -96
624 -97
625 31
626 43
627 40
628 63
629 -38
630 96
631 71
632 -26
633 96
634 -49
635 -85
636 -84
637 -88
638 -32
639 80
640 -84
641 26
642 40
643 -21
644 73
645 -30
646 -8
647 -81
648 -51
649 83
650 -96
651 -88
652 -39
653 -31
654 34
655 -51
656 -51
657 -57
658 -85
659 84
660 -23
661 34
662 -81
663 -89
664 46
665 -89
666 -16
667 54
668 -51
669 74
670 47
671 -32
672 -87
673 -46
674 -27
675 -13
676 17
677 -59
678 51
679 -28
680 -78
681 11
682 -84
683 66
684 -7
685 23
686 -62
687 -30
688 -48
689 79
690 15
691 -51
692 -30
693 -36
694 -54
695 8
696 35
697 -14
698 91
699 45
700 -8
701 60
702 -51
703 -32
704 33
705 -34
706 -12
707 97
708 56
709 -50
710 48
711 70
712 -85
713 -77
714 -26
715 32
716 98
717 -46
718 -62
719 57
720 47
721 -63
722 62
723 70
724 -92
725 -81
726 90
727 35
728 -80
729 -61
730 -53
731 75
732 -10
733 51
734 -60
735 55
736 -58
737 61
738 36
739 81
740 -89
741 30
742 74
743 -23
744 -5
745 -62
746 85
747 -43
748 37
749 9
750 -4
751 27
752 -72
753 100
754 72
755 30
756 -81
757 43
758 61
759 -5
760 14
761 25
762 81
763 -46
764 58
765 7
766 -74
767 30
768 -52
769 -73
770 -99
771 54
772 -42
773 6
774 64
775 65
776 -94
777 -90
778 1
779 -95
780 -91
781 -52
782 -40
783 69
784 52
785 -33
786 34
787 -79
788 60
789 -97
790 -14
791 -98
792 47
793 38
794 76
795 92
796 6
797 -67
798 91
799 38
800 -65
801 -92
802 87
803 -4
804 15
805 -35
806 -36
807 86
808 12
809 18
810 -89
811 35
812 92
813 -76
814 59
815 -2
816 -43
817 87
818 4
819 17
820 52
821 -4
822 -87
823 -40
824 33
825 79
826 47
827 27
828 -30
829 54
830 -54
831 92
832 -86
833 15
834 22
835 57
836 -37
837 55
838 67
839 -97
840 87
841 -81
842 74
843 70
844 -59
845 -24
846 -78
847 76
848 80
849 -31
850 80
851 -64
852 43
853 -40
854 96
855 -49
856 97
857 99
858 -90
859 -4
860 -15
861 -41
862 52
863 -96
864 -71
865 56
866 -10
867 -52
868 30
869 46
870 -30
871 -7
872 28
873 -22
874 -66
875 -63
876 -12
877 93
878 60
879 9
880 66
881 87
882 -44
883 11
884 -16
885 -42
886 49
887 20
888 46
889 -16
890 -97
891 -10
892 63
893 -69
894 -24
895 -99
896 92
897 29
898 -47
899 63
900 -93
901 -15
902 92
903 -94
904 18
905 99
906 8
907 27
908 -94
909 95
910 -47
911 19
912 33
913 -30
914 -17
915 -100
916 5
917 95
918 -94
919 42
920 25
921 -1
922 -26
923 -64
924 -18
925 -90
926 -31
927 -15
928 -1
929 -80
930 43
931 -48
932 60
933 46
934 51
935 -6
936 -63
937 15
938 -4
939 -96
940 -50
941 -47
942 -39
943 -26
944 27
945 -89
946 -5
947 -66
948 2
949 40
950 0
951 76
952 -62
953 1
954 24
955 -33
956 -100
957 -48
958 -93
959 98
960 -11
961 60
962 1
963 -8
964 12
965 -90
966 -89
967 67
968 21
969 -36
970 7
971 1
972 35
973 41
974 -71
975 76
976 -36
977 6
978 -48
979 48
980 32
981 17
982 -82
983 -36
984 55
985 13
986 84
987 -96
988 51
989 -60
990 39
991 -67
992 -63
993 54
994 43
995 -3
996 -7
997 -63
998 -94
999 79
1000 47
1001 47
1002 -23
1003 -96
1004 -70
1005 81
1006 4
1007 -72
1008 -70
1009 -75
1010 -42
1011 -77
1012 86
1013 34
1014 72
1015 6
1016 -25
1017 -20
1018 -21
1019 -89
1020 12
1021 77
1022 46
1023 -49
