0 30
1 -92
2 32
3 -82
4 70
5 38
6 24
7 -90
8 79
9 0
10 -3
11 -40
12 83
13 52
14 -27
15 57
16 55
17 -24
18 20
19 86
20 -80
21 -76
22 -68
23 0
24 26
25 -66
26 -52
27 -41
28 -40
29 7
30 -13
31 -26
32 -43
33 10
34 69
35 74
36 -79
37 -67
38 30
39 43
40 82
41 -66
42 -98
43 74
44 7
45 32
46 78
47 -53
48 -56
49 27
50 -57
51 -13
52 -58
53 95
54 59
55 -46
56 -91
57 34
58 -9
59 -32
60 -34
61 -26
62 -25
63 -81
64 -33
65 90
66 -63
67 -16
68 67
69 2
70 9
71 -33
72 55
73 91
74 -32
75 -97
76 -73
77 -34
78 -69
79 -26
80 -71
81 72
82 -6
83 -80
84 -58
85 43
86 -13
87 -58
88 -54
89 -73
90 -48
91 84
92 -18
93 48
94 84
95 38
96 33
97 59
98 81
99 16
100 -59
101 -87
102 -26
103 -19
104 27
105 -44
106 -61
107 -50
108 24
109 46
110 -47
111 -40
112 55
113 -6
114 75
115 23
116 -67
117 39
118 -95
119 98
120 -95
121 40
122 -55
123 94
124 -30
125 -60
126 15
127 -92
128 63
129 -57
130 -27
131 -73
132 -12
133 -65
134 -35
135 50
136 19
137 21
138 49
139 24
140 -88
141 67
142 5
143 -85
144 -72
145 73
146 54
147 -25
148 -38
149 -24
150 -68
151 58
152 -7
153 -49
154 66
155 -28
156 18
157 -50
158 52
159 -5
160 -82
161 18
162 89
163 5
164 -98
165 77
166 83
167 4
168 99
169 96
170 16
171 62
172 10
173 0
174 30
175 -79
176 73
177 -9
178 93
179 -6
180 1
181 61
182 -90
183 -51
184 -43
185 23
186 33
187 3
188 57
189 -18
190 46
191 6
192 -29
193 83
194 51
195 -5
196 -28
197 -5
198 -31
199 100
200 72
201 -90
202 95
203 83
204 80
205 -26
206 5
207 1
208 74
209 15
210 -45
211 -37
212 11
213 15
214 -93
215 -3
216 -27
217 -32
218 -58
219 19
220 -91
221 -70
222 -92
223 14
224 -88
225 25
226 -60
227 -97
228 -15
229 58
230 17
231 15
232 -31
233 94
234 47
235 -38
236 -42
237 27
238 39
239 -86
240 -82
241 -48
242 10
243 29
244 20
245 -58
246 -79
247 12
248 -53
249 80
250 13
251 53
252 32
253 -5
254 -85
255 -58
256 31
257 -98
258 -6
259 71
260 -73
261 69
262 52
263 -22
264 -74
265 7
266 -98
267 -45
268 83
269 -43
270 88
271 -43
272 -46
273 32
274 -22
275 -70
276 -38
277 -61
278 84
279 0
280 95
281 18
282 -55
283 46
284 71
285 -57
286 -16
287 -13
288 57
289 61
290 100
291 -83
292 33
293 -2
294 -71
295 -59
296 76
297 -57
298 36
299 -35
300 83
301 19
302 -43
303 -81
304 63
305 -40
306 -45
307 23
308 -25
309 -23
310 -99
311 -70
312 -97
313 -55
314 -12
315 87
316 57
317 30
318 -4
319 21
320 -40
321 11
322 43
323 -5
324 -77
325 -2
326 2
327 -74
328 -96
329 -66
330 -46
331 79
332 88
333 -93
334 34
335 1
336 43
337 -35
338 -35
339 -20
340 -95
341 4
342 57
343 -39
344 -77
345 -3
346 -92
347 -98
348 93
349 57
350 0
351 -75
352 84
353 -77
354 24
355 -64
356 71
357 -80
358 73
359 -70
360 -25
361 33
362 100
363 -56
364 -91
365 94
366 55
367 15
368 -1
369 -43
370 -7
371 6
372 5
373 -67
374 -94
375 17
376 82
377 -36
378 -73
379 -68
380 35
381 66
382 -50
383 57
384 64
385 -40
386 54
387 -48
388 -92
389 -56
390 68
391 -62
392 40
393 58
394 -16
395 20
396 68
397 34
398 82
399 -41
400 -53
401 93
402 -16
403 -63
404 21
405 -84
406 74
407 26
408 -52
409 30
410 28
411 -80
412 -66
413 -31
414 28
415 -93
416 8
417 -25
418 58
419 25
420 75
421 29
422 -14
423 -87
424 65
425 -5
426 41
427 23
428 -56
429 47
430 53
431 -95
432 -35
433 94
434 1
435 26
436 -56
437 49
438 -22
439 22
440 46
441 61
442 39
443 -84
444 99
445 77
446 91
447 76
448 40
449 2
450 43
451 -16
452 -86
453 -63
454 61
455 16
456 -55
457 -2
458 -21
459 51
460 81
461 -97
462 -70
463 -83
464 48
465 -77
466 86
467 91
468 37
469 37
470 64
471 -18
472 78
473 57
474 -30
475 -15
476 80
477 60
478 42
479 59
480 -60
481 80
482 9
483 -50
484 -21
485 8
486 82
487 6
488 -40
489 -55
490 65
491 -63
492 -39
493 99
494 -42
495 -46
496 56
497 -70
498 50
499 19
500 -58
501 14
502 77
503 -6
504 6
505 -32
506 85
507 -27
508 -82
509 17
510 55
511 -100
512 67
513 -95
514 16
515 50
516 -76
517 -9
518 -37
519 -96
520 71
521 67
522 34
523 -51
524 -44
525 -98
526 2
527 70
528 100
529 52
530 45
531 41
532 -86
533 -19
534 19
535 -8
536 -97
537 -95
538 -86
539 87
540 -30
541 100
542 -43
543 -63
544 85
545 -68
546 68
547 67
548 41
549 -43
550 64
551 -28
552 44
553 -7
554 -42
555 -26
556 2
557 -10
558 42
559 67
560 96
561 25
562 47
563 45
564 86
565 25
566 -2
567 11
568 -26
569 30
570 -71
571 27
572 -61
573 29
574 87
575 -31
576 -26
577 -81
578 -43
579 -41
580 -38
581 -77
582 4
583 13
584 30
585 2
586 -25
587 -98
588 89
589 22
590 -35
591 73
592 -2
593 45
594 -70
595 93
596 15
597 50
598 -6
599 23
600 64
601 -92
602 -56
603 -55
604 57
605 -48
606 -23
607 -37
608 80
609 -54
610 96
611 -53
612 28
613 14
614 97
615 69
616 -18
617 14
618 4
619 -68
620 10
621 23
622 37
623 -7
624 -78
625 -44
626 35
627 -44
628 -55
629 89
630 79
631 97
632 -76
633 80
634 -2
635 -22
636 64
637 -7
638 84
639 -100
640 97
641 -97
642 99
643 57
644 -89
645 -92
646 -35
647 45
648 -82
649 29
650 21
651 5
652 -37
653 42
654 -14
655 -68
656 -43
657 48
658 41
659 55
660 31
661 92
662 -92
663 -13
664 -8
665 -32
666 7
667 -55
668 11
669 -55
670 3
671 32
672 24
673 58
674 -26
675 -21
676 34
677 -26
678 -34
679 -53
680 -57
681 0
682 76
683 -22
684 -3
685 -18
686 98
687 29
688 -14
689 34
690 26
691 87
692 -52
693 -14
694 -99
695 79
696 56
697 92
698 -77
699 -2
700 -73
701 59
702 -61
703 9
704 -24
705 -29
706 -55
707 -38
708 -85
709 14
710 48
711 -77
712 78
713 -34
714 60
715 -12
716 -99
717 -94
718 -66
719 -74
720 69
721 -93
722 83
723 84
724 -32
725 -72
726 -2
727 -67
728 28
729 86
730 -35
731 46
732 8
733 -58
734 60
735 -78
736 -100
737 -76
738 -32
739 10
740 -87
741 75
742 14
743 68
744 89
745 91
746 58
747 -42
748 2
749 22
750 -84
751 -94
752 56
753 62
754 83
755 -42
756 -82
757 -19
758 -53
759 -95
760 -39
761 42
762 -88
763 -12
764 -6
765 91
766 24
767 -18
768 -9
769 29
770 -14
771 24
772 -51
773 -23
774 -36
775 49
776 -64
777 92
778 -3
779 -10
780 -82
781 -86
782 53
783 55
784 80
785 -13
786 54
787 -97
788 37
789 -36
790 95
791 -76
792 -6
793 73
794 -92
795 -38
796 72
797 55
798 -55
799 45
800 -16
801 -84
802 93
803 -35
804 58
805 -31
806 -47
807 -64
808 -74
809 81
810 -60
811 -54
812 97
813 -31
814 60
815 -16
816 47
817 24
818 74
819 -34
820 99
821 -37
822 -32
823 7
824 -95
825 -89
826 28
827 -36
828 -74
829 -76
830 26
831 69
832 -22
833 24
834 52
835 53
836 18
837 69
838 68
839 98
840 -14
841 64
842 49
843 72
844 74
845 69
846 -51
847 96
848 -20
849 59
850 0
851 -34
852 -56
853 -70
854 62
855 36
856 -13
857 97
858 28
859 59
860 -3
861 12
862 3
863 -6
864 76
865 34
866 -1
867 -98
868 72
869 89
870 -38
871 -70
872 7
873 -75
874 -100
875 -87
876 2
877 -72
878 -3
879 -74
880 59
881 -76
882 -96
883 56
884 -28
885 -78
886 11
887 -25
888 3
889 -88
890 -32
891 33
892 50
893 -57
894 -30
895 -78
896 -96
897 61
898 -48
899 19
900 -5
901 -94
902 -41
903 -25
904 -17
905 -70
906 100
907 71
908 -27
909 -20
910 98
911 72
912 -98
913 -73
914 90
915 -62
916 -28
917 -31
918 17
919 -77
920 -91
921 -59
922 -12
923 -66
924 -33
925 -5
926 93
927 -3
928 -35
929 -99
930 86
931 -14
932 2
933 55
934 88
935 43
936 70
937 74
938 -70
939 -33
940 58
941 -56
942 -88
943 68
944 28
945 -25
946 3
947 -51
948 44
949 65
950 -75
951 80
952 54
953 -34
954 61
955 -34
956 -100
957 -54
958 83
959 -20
960 -52
961 50
962 83
963 63
964 19
965 17
966 39
967 -53
968 79
969 97
970 87
971 -75
972 84
973 49
974 -81
975 94
976 70
977 -70
978 90
979 -65
980 -16
981 32
982 100
983 -70
984 86
985 -37
986 86
987 44
988 94
989 -23
990 75
991 -92
992 76
993 72
994 -14
995 -22
996 -4
997 -1
998 91
999 -21
1000 2
1001 -73
1002 -12
1003 95
1004 -91
1005 -11
1006 37
1007 80
1008 86
1009 74
1010 -28
1011 -26
1012 -65
1013 35
1014 51
1015 -36
1016 9
1017 78
1018 82
1019 -39
1020 -39
1021 -48
1022 -93
1023 -14
