0 83
1 -43
2 -6
3 83
4 67
5 16
6 -28
7 -70
8 -78
9 -65
10 91
11 -3
12 -100
13 -93
14 -37
15 -20
16 50
17 76
18 22
19 48
20 -56
21 -6
22 51
23 26
24 51
25 -43
26 61
27 -79
28 -9
29 51
30 -25
31 38
32 49
33 65
34 -67
35 47
36 -42
37 56
38 22
39 43
40 -2
41 -27
42 -86
43 -47
44 18
45 37
46 78
47 -10
48 64
49 79
50 74
51 25
52 -94
53 87
54 17
55 48
56 9
57 -17
58 -99
59 43
60 -14
61 -26
62 59
63 84
64 11
65 8
66 49
67 -96
68 -51
69 -73
70 20
71 -65
72 -14
73 87
74 87
75 -21
76 56
77 -72
78 -84
79 15
80 -65
81 66
82 -60
83 -60
84 -73
85 78
86 100
87 4
88 -14
89 27
90 72
91 90
92 -42
93 53
94 37
95 23
96 55
97 -99
98 40
99 -39
100 -83
101 -96
102 -75
103 -70
104 -52
105 -61
106 99
107 -78
108 7
109 -32
110 -2
111 -63
112 -100
113 -59
114 -95
115 54
116 -35
117 -89
118 63
119 72
120 -28
121 74
122 -58
123 46
124 24
125 63
126 83
127 38
128 57
129 71
130 -12
131 -84
132 17
133 -19
134 46
135 -48
136 6
137 -43
138 -44
139 34
140 -21
141 53
142 28
143 88
144 -12
145 -94
146 -35
147 2
148 -71
149 -41
150 -57
151 -26
152 -35
153 88
154 -82
155 -76
156 -21
157 35
158 18
159 -94
160 6
161 65
162 5
163 -66
164 -65
165 -73
166 -11
167 -69
168 69
169 12
170 96
171 57
172 27
173 -89
174 53
175 49
176 -68
177 -60
178 -29
179 36
180 2
181 53
182 -21
183 -22
184 -55
185 18
186 -24
187 -88
188 75
189 -86
190 90
191 -59
192 -70
193 41
194 -12
195 -76
196 -25
197 46
198 -48
199 -93
200 -14
201 -5
202 50
203 37
204 -4
205 91
206 -97
207 -10
208 -47
209 -3
210 71
211 -24
212 88
213 -78
214 -69
215 -63
216 -18
217 -74
218 -59
219 -79
220 -6
221 90
222 54
223 30
224 55
225 -12
226 -12
227 -34
228 -40
229 -84
230 -20
231 53
232 42
233 -85
234 55
235 -14
236 87
237 -22
238 86
239 -50
240 76
241 81
242 -89
243 0
244 45
245 -14
246 98
247 56
248 -18
249 4
250 -37
251 97
252 -66
253 -3
254 -61
255 48
256 -42
257 60
258 -12
259 -19
260 45
261 69
262 4
263 98
264 -91
265 14
266 -33
267 56
268 60
269 86
270 46
271 -91
272 -32
273 97
274 -58
275 -45
276 -41
277 -87
278 -52
279 84
280 -76
281 56
282 -13
283 -14
284 -95
285 -45
286 -90
287 71
288 -49
289 74
290 70
291 -64
292 27
293 -12
294 -63
295 -48
296 -79
297 -27
298 79
299 92
300 92
301 18
302 -18
303 90
304 -64
305 30
306 96
307 -27
308 76
309 73
310 12
311 -86
312 -55
313 89
314 -15
315 -60
316 92
317 -17
318 -25
319 -11
320 -89
321 -57
322 -17
323 83
324 0
325 52
326 -67
327 -1
328 -57
329 70
330 78
331 82
332 65
333 41
334 -35
335 61
336 -93
337 98
338 10
339 -25
340 -83
341 50
342 -16
343 9
344 29
345 48
346 35
347 87
348 -68
349 89
350 62
351 4
352 -38
353 7
354 -24
355 -56
356 -52
357 -85
358 38
359 83
360 59
361 88
362 37
363 -15
364 -7
365 -56
366 61
367 -9
368 -49
369 -39
370 -80
371 -3
372 19
373 56
374 9
375 49
376 -64
377 -79
378 89
379 23
380 69
381 -12
382 74
383 -80
384 -40
385 -97
386 -45
387 -12
388 58
389 8
390 66
391 -8
392 -88
393 -12
394 -76
395 23
396 -53
397 90
398 -30
399 74
400 -26
401 88
402 74
403 8
404 62
405 -50
406 38
407 -77
408 -26
409 -15
410 100
411 -92
412 -33
413 11
414 79
415 45
416 2
417 -43
418 -17
419 77
420 -4
421 -94
422 24
423 43
424 -21
425 27
426 -76
427 68
428 -61
429 -18
430 -41
431 -80
432 -77
433 -76
434 88
435 -85
436 46
437 91
438 65
439 -88
440 84
441 -61
442 -35
443 26
444 -49
445 54
446 70
447 53
448 80
449 21
450 -23
451 47
452 -11
453 26
454 -48
455 -77
456 -51
457 27
458 -87
459 -70
460 -39
461 25
462 71
463 0
464 -26
465 94
466 70
467 42
468 50
469 -52
470 -9
471 93
472 -52
473 -67
474 95
475 -16
476 85
477 62
478 -53
479 -79
480 84
481 85
482 -96
483 69
484 -6
485 -31
486 -78
487 -20
488 85
489 65
490 -3
491 20
492 12
493 -2
494 -47
495 -58
496 -92
497 89
498 75
499 29
500 -92
501 -8
502 77
503 -53
504 17
505 -51
506 -33
507 83
508 -75
509 -79
510 3
511 48
512 99
513 -84
514 -19
515 -46
516 64
517 -18
518 53
519 -52
520 89
521 80
522 -15
523 -14
524 -26
525 -72
526 -28
527 61
528 22
529 99
530 -13
531 -43
532 -85
533 -33
534 28
535 48
536 75
537 -44
538 33
539 -58
540 66
541 -80
542 -72
543 19
544 -79
545 78
546 67
547 79
548 -38
549 -66
550 1
551 31
552 -87
553 64
554 39
555 -39
556 29
557 60
558 41
559 44
560 -51
561 -28
562 -5
563 -31
564 40
565 -19
566 67
567 45
568 -9
569 -32
570 55
571 -78
572 63
573 71
574 -58
575 7
576 -85
577 78
578 -21
579 85
580 86
581 -24
582 80
583 64
584 -22
585 14
586 30
587 80
588 -6
589 -96
590 -76
591 -62
592 26
593 74
594 0
595 -29
596 65
597 41
598 92
599 -61
600 11
601 -77
602 -25
603 96
604 16
605 -20
606 -17
607 -97
608 82
609 50
610 -88
611 -27
612 58
613 -78
614 24
615 -14
616 -14
617 -62
618 -47
619 1
620 -55
621 94
622 63
623 56
624 -12
625 7
626 99
627 92
628 39
629 -65
630 -18
631 -78
632 -73
633 13
634 67
635 -85
636 77
637 -75
638 -68
639 72
640 -100
641 91
642 8
643 -69
644 21
645 -29
646 90
647 33
648 41
649 -9
650 -82
651 -17
652 21
653 -6
654 7
655 -57
656 33
657 9
658 59
659 -42
660 69
661 69
662 -40
663 -28
664 3
665 96
666 -51
667 46
668 6
669 -57
670 -19
671 86
672 -66
673 -22
674 58
675 -46
676 -4
677 33
678 -14
679 -13
680 82
681 69
682 -17
683 -34
684 33
685 77
686 74
687 -77
688 6
689 8
690 -94
691 -92
692 -3
693 -36
694 71
695 -1
696 77
697 5
698 60
699 -81
700 67
701 91
702 46
703 16
704 36
705 -17
706 56
707 -9
708 98
709 20
710 -14
711 3
712 21
713 -31
714 77
715 96
716 64
717 64
718 21
719 -50
720 -68
721 23
722 -85
723 31
724 -11
725 55
726 -32
727 27
728 -88
729 -33
730 -55
731 -34
732 -85
733 74
734 -39
735 68
736 -89
737 11
738 3
739 46
740 20
741 91
742 -10
743 91
744 54
745 0
746 -24
747 -17
748 -3
749 -83
750 -42
751 83
752 -44
753 72
754 -40
755 26
756 34
757 -59
758 47
759 8
760 -92
761 -84
762 -3
763 -62
764 -32
765 -77
766 -93
767 -48
768 -43
769 -72
770 -60
771 20
772 -60
773 -51
774 65
775 19
776 -3
777 58
778 -33
779 51
780 46
781 57
782 69
783 58
784 -94
785 -9
786 42
787 92
788 -37
789 63
790 10
791 -39
792 -71
793 -14
794 51
795 52
796 -3
797 -86
798 -21
799 79
800 28
801 -21
802 -97
803 -73
804 46
805 48
806 -21
807 67
808 -100
809 60
810 25
811 -98
812 31
813 -1
814 97
815 80
816 91
817 -32
818 50
819 73
820 50
821 45
822 -76
823 -5
824 -38
825 35
826 63
827 -88
828 36
829 -65
830 -67
831 74
832 -23
833 -4
834 57
835 -98
836 50
837 -47
838 93
839 45
840 17
841 20
842 98
843 97
844 -27
845 -89
846 20
847 58
848 -40
849 -73
850 -34
851 -46
852 77
853 -18
854 -14
855 33
856 1
857 -2
858 -53
859 -50
860 -32
861 -63
862 29
863 28
864 -37
865 69
866 49
867 35
868 27
869 70
870 -60
871 99
872 -58
873 -60
874 -6
875 11
876 8
877 -11
878 25
879 1
880 -25
881 -49
882 77
883 2
884 28
885 -84
886 80
887 65
888 35
889 -29
890 13
891 -56
892 7
893 90
894 -69
895 -64
896 40
897 64
898 -40
899 60
900 25
901 14
902 71
903 -81
904 -69
905 91
906 -12
907 77
908 31
909 37
910 -30
911 -50
912 97
913 -93
914 72
915 -54
916 24
917 70
918 -72
919 -8
920 -70
921 30
922 77
923 -40
924 -26
925 -70
926 -50
927 -68
928 31
929 -86
930 100
931 -33
932 -19
933 40
934 -6
935 55
936 91
937 71
938 -1
939 -81
940 78
941 -64
942 91
943 65
944 -69
945 13
946 -38
947 -87
948 9
949 -84
950 81
951 -18
952 44
953 -51
954 -95
955 44
956 36
957 26
958 -14
959 98
960 98
961 -95
962 47
963 -44
964 91
965 -15
966 62
967 -50
968 73
969 97
970 77
971 -61
972 -61
973 18
974 93
975 65
976 -57
977 14
978 -67
979 26
980 64
981 95
982 -2
983 33
984 -92
985 76
986 -67
987 -75
988 7
989 94
990 -32
991 -53
992 95
993 31
994 13
995 49
996 65
997 62
998 -62
999 -19
1000 -40
1001 -45
1002 -87
1003 1
1004 -41
1005 99
1006 -38
1007 -59
1008 50
1009 66
1010 -76
1011 -42
1012 -100
1013 -99
1014 20
1015 -26
1016 -82
1017 55
1018 -58
1019 34
1020 -83
1021 52
1022 96
1023 40
