0 -32
1 65
2 -9
3 71
4 -13
5 29
6 11
7 -61
8 -13
9 -2
10 -31
11 -48
12 -61
13 -95
14 21
15 -69
16 -49
17 -61
18 -53
19 99
20 -49
21 -46
22 -72
23 70
24 9
25 23
26 21
27 63
28 -65
29 -3
30 -69
31 27
32 98
33 83
34 -42
35 -93
36 -59
37 -74
38 -100
39 93
40 88
41 11
42 24
43 -99
44 -45
45 36
46 37
47 37
48 -19
49 -28
50 -74
51 -47
52 -18
53 48
54 -75
55 86
56 20
57 -7
58 56
59 -85
60 -84
61 78
62 19
63 -31
64 -39
65 -92
66 -85
67 -97
68 -93
69 -82
70 88
71 77
72 71
73 36
74 -43
75 86
76 38
77 -7
78 -94
79 26
80 -8
81 55
82 -68
83 -40
84 95
85 -51
86 9
87 13
88 70
89 29
90 -82
91 -4
92 41
93 70
94 -21
95 -32
96 52
97 45
98 -22
99 61
100 -25
101 -20
102 -14
103 63
104 99
105 7
106 -49
107 39
108 62
109 -85
110 60
111 -98
112 -95
113 -67
114 -84
115 -16
116 -6
117 8
118 99
119 -91
120 67
121 -47
122 70
123 -59
124 -94
125 -48
126 10
127 6
128 6
129 83
130 39
131 45
132 -2
133 -98
134 64
135 -40
136 4
137 38
138 49
139 86
140 -8
141 -82
142 -51
143 -3
144 -1
145 41
146 68
147 32
148 -2
149 -31
150 87
151 -5
152 51
153 30
154 -97
155 44
156 -49
157 -26
158 76
159 -22
160 -36
161 -94
162 34
163 98
164 8
165 26
166 59
167 79
168 90
169 9
170 70
171 -40
172 -19
173 90
174 96
175 -52
176 -13
177 32
178 -49
179 32
180 75
181 24
182 -53
183 -78
184 34
185 35
186 -4
187 16
188 -60
189 -24
190 90
191 -45
192 99
193 40
194 45
195 -49
196 -27
197 -19
198 21
199 3
200 -21
201 -54
202 31
203 -22
204 41
205 64
206 53
207 58
208 -74
209 80
210 -14
211 49
212 24
213 -9
214 -72
215 -45
216 -51
217 -24
218 81
219 -17
220 -54
221 -6
222 -85
223 -25
224 -37
225 65
226 -17
227 21
228 60
229 68
230 -94
231 -17
232 44
233 -28
234 -37
235 -84
236 48
237 95
238 89
239 -19
240 22
241 7
242 -69
243 86
244 86
245 87
246 37
247 -77
248 -5
249 -46
250 24
251 -23
252 -19
253 39
254 -61
255 41
256 -22
257 93
258 -96
259 49
260 -60
261 -28
262 -53
263 -96
264 3
265 77
266 69
267 -64
268 78
269 -5
270 -32
271 -62
272 -93
273 -79
274 1
275 -8
276 42
277 -23
278 96
279 -39
280 66
281 36
282 -65
283 -66
284 -39
285 -56
286 2
287 24
288 58
289 47
290 -66
291 53
292 21
293 16
294 53
295 60
296 -34
297 86
298 -40
299 9
300 43
301 -90
302 -56
303 -18
304 30
305 53
306 24
307 61
308 -12
309 -16
310 -28
311 -99
312 28
313 0
314 68
315 86
316 -55
317 -57
318 52
319 81
320 34
321 -34
322 72
323 -73
324 55
325 -86
326 -42
327 -54
328 82
329 81
330 -85
331 81
332 0
333 -31
334 32
335 -77
336 0
337 39
338 81
339 -52
340 24
341 85
342 -82
343 91
344 41
345 -32
346 45
347 58
348 27
349 -39
350 5
351 32
352 -84
353 33
354 -85
355 30
356 -21
357 85
358 -9
359 -14
360 -39
361 -79
362 25
363 -29
364 -7
365 81
366 21
367 -29
368 66
369 -41
370 -68
371 57
372 77
373 10
374 -98
375 -23
376 47
377 -98
378 -64
379 -71
380 93
381 95
382 -22
383 -100
384 9
385 12
386 -51
387 -53
388 -82
389 -60
390 -10
391 1
392 97
393 -51
394 -97
395 -83
396 56
397 -28
398 11
399 -95
400 -14
401 -97
402 -22
403 41
404 -61
405 -39
406 -3
407 82
408 53
409 -91
410 -9
411 31
412 57
413 -41
414 73
415 -80
416 56
417 88
418 72
419 -18
420 -93
421 -25
422 -82
423 87
424 55
425 -5
426 -17
427 2
428 -51
429 -67
430 -93
431 43
432 -37
433 -34
434 -75
435 -76
436 -27
437 -65
438 25
439 -88
440 33
441 34
442 7
443 -28
444 -83
445 62
446 77
447 93
448 -27
449 -99
450 -75
451 16
452 93
453 -39
454 21
455 25
456 69
457 -50
458 72
459 100
460 -67
461 -40
462 -18
463 40
464 65
465 -57
466 -53
467 -42
468 -29
469 -2
470 77
471 96
472 88
473 40
474 -82
475 -37
476 37
477 -8
478 41
479 -98
480 -75
481 -24
482 98
483 11
484 52
485 -10
486 76
487 9
488 89
489 90
490 -97
491 -9
492 17
493 52
494 22
495 -28
496 1
497 67
498 -56
499 82
500 -31
501 12
502 29
503 -26
504 71
505 1
506 71
507 37
508 -91
509 40
510 57
511 -46
512 11
513 -86
514 -82
515 -26
516 -83
517 -50
518 -85
519 -81
520 52
521 -39
522 -25
523 39
524 -87
525 -42
526 -45
527 26
528 58
529 -92
530 -15
531 4
532 -33
533 15
534 -20
535 -26
536 14
537 -68
538 -87
539 -13
540 -92
541 -17
542 -42
543 -22
544 49
545 34
546 74
547 -48
548 -10
549 57
550 48
551 -86
552 -86
553 51
554 38
555 -28
556 -49
557 89
558 70
559 -24
560 52
561 86
562 -86
563 51
564 -22
565 12
566 38
567 83
568 -27
569 62
570 33
571 44
572 66
573 49
574 16
575 -22
576 -98
577 14
578 37
579 -33
580 -1
581 -22
582 -21
583 61
584 -95
585 -76
586 -91
587 -55
588 13
589 31
590 98
591 -94
592 53
593 -51
594 -82
595 44
596 63
597 42
598 88
599 79
600 -14
601 94
602 72
603 13
604 86
605 -44
606 -18
607 3
608 57
609 36
610 98
611 17
612 93
613 67
614 64
615 70
616 97
617 95
618 -5
619 -16
620 62
621 -7
622 -85
623 -58
624 99
625 -9
626 -56
627 6
628 -89
629 -18
630 -3
631 -12
632 -86
633 9
634 3
635 -42
636 8
637 -5
638 -18
639 -67
640 -81
641 -94
642 19
643 -87
644 16
645 -50
646 -67
647 -81
648 65
649 15
650 -85
651 -72
652 -66
653 -35
654 -49
655 -32
656 10
657 94
658 76
659 -86
660 -56
661 -61
662 74
663 -13
664 -28
665 -22
666 86
667 9
668 47
669 -30
670 -52
671 -18
672 -80
673 32
674 19
675 -32
676 31
677 -97
678 38
679 -87
680 85
681 -39
682 11
683 79
684 81
685 75
686 46
687 67
688 85
689 -100
690 -52
691 75
692 29
693 25
694 97
695 -57
696 -88
697 -75
698 -91
699 56
700 46
701 31
702 84
703 97
704 -16
705 74
706 -39
707 14
708 -38
709 79
710 -27
711 24
712 77
713 -2
714 -71
715 85
716 25
717 -41
718 63
719 -14
720 -7
721 -18
722 49
723 -59
724 78
725 70
726 -100
727 80
728 -50
729 -86
730 -34
731 61
732 -94
733 37
734 -30
735 -52
736 45
737 87
738 -90
739 40
740 72
741 20
742 24
743 60
744 62
745 74
746 -8
747 70
748 58
749 -49
750 -59
751 87
752 -9
753 -55
754 46
755 -28
756 61
757 -60
758 -85
759 -78
760 33
761 84
762 14
763 64
764 32
765 -82
766 69
767 -85
768 2
769 -56
770 84
771 -45
772 66
773 -83
774 26
775 18
776 30
777 -54
778 16
779 77
780 -43
781 18
782 -58
783 80
784 24
785 6
786 -31
787 -6
788 -86
789 -49
790 54
791 -13
792 58
793 25
794 24
795 -58
796 40
797 -24
798 8
799 -15
800 -54
801 57
802 -33
803 -61
804 30
805 -43
806 73
807 61
808 -65
809 12
810 -91
811 93
812 26
813 -57
814 51
815 -19
816 -27
817 -3
818 -1
819 -17
820 -54
821 100
822 -97
823 -46
824 90
825 11
826 76
827 -75
828 69
829 27
830 69
831 25
832 98
833 -9
834 -51
835 -29
836 69
837 -3
838 -43
839 -38
840 38
841 18
842 -82
843 7
844 11
845 -77
846 -88
847 17
848 -13
849 90
850 70
851 13
852 9
853 -75
854 73
855 20
856 18
857 89
858 6
859 32
860 -81
861 73
862 51
863 77
864 -4
865 -90
866 94
867 -71
868 94
869 -25
870 62
871 4
872 -19
873 -43
874 40
875 -88
876 59
877 55
878 19
879 -46
880 -55
881 52
882 37
883 26
884 79
885 -72
886 -4
887 -38
888 -35
889 -95
890 47
891 -65
892 -17
893 73
894 20
895 27
896 79
897 69
898 96
899 60
900 42
901 -91
902 17
903 -37
904 -38
905 -40
906 36
907 71
908 80
909 -78
910 85
911 0
912 -89
913 -11
914 -100
915 -92
916 16
917 -100
918 22
919 6
920 7
921 -99
922 -39
923 -22
924 -43
925 -89
926 5
927 -34
928 -10
929 66
930 -31
931 13
932 95
933 87
934 74
935 -1
936 -53
937 -77
938 50
939 -94
940 -57
941 70
942 49
943 21
944 52
945 23
946 -40
947 63
948 -16
949 47
950 54
951 37
952 80
953 -2
954 43
955 63
956 -69
957 -44
958 74
959 47
960 -59
961 -91
962 -52
963 52
964 -97
965 48
966 16
967 28
968 -97
969 65
970 8
971 29
972 72
973 -6
974 -55
975 65
976 -35
977 -94
978 -1
979 -15
980 47
981 -91
982 -94
983 -35
984 29
985 -7
986 -5
987 55
988 -95
989 -37
990 95
991 55
992 68
993 -88
994 -35
995 -73
996 -18
997 33
998 -65
999 95
1000 60
1001 92
1002 96
1003 48
1004 98
1005 46
1006 62
1007 82
1008 66
1009 7
1010 87
1011 -31
1012 79
1013 36
1014 3
1015 -19
1016 -58
1017 14
1018 14
1019 44
1020 58
1021 -5
1022 5
1023 72
