0 -31
1 10
2 -11
3 4
4 65
5 50
6 -99
7 85
8 13
9 -10
10 58
11 -25
12 -72
13 -34
14 -37
15 53
16 35
17 27
18 92
19 15
20 -23
21 -17
22 -67
23 -79
24 -3
25 -37
26 -70
27 -49
28 63
29 96
30 18
31 -36
32 -44
33 31
34 23
35 -30
36 97
37 -40
38 -63
39 -52
40 77
41 -80
42 -64
43 -30
44 -40
45 13
46 -78
47 -96
48 23
49 4
50 3
51 13
52 72
53 -31
54 -52
55 -4
56 86
57 -83
58 58
59 11
60 74
61 -97
62 -97
63 73
64 45
65 53
66 -15
67 46
68 19
69 -95
70 -15
71 -66
72 28
73 -79
74 65
75 3
76 -57
77 84
78 67
79 -40
80 -85
81 64
82 41
83 -22
84 -5
85 67
86 -94
87 2
88 11
89 50
90 45
91 69
92 -74
93 15
94 39
95 -62
96 -87
97 -72
98 -90
99 35
100 -74
101 8
102 58
103 -41
104 -45
105 -62
106 50
107 -33
108 -24
109 71
110 82
111 93
112 -40
113 -78
114 0
115 95
116 -54
117 97
118 -56
119 8
120 3
121 73
122 -87
123 91
124 -22
125 -21
126 77
127 49
128 3
129 -88
130 33
131 60
132 28
133 -40
134 42
135 48
136 -69
137 -53
138 -87
139 -43
140 63
141 19
142 -46
143 44
144 -97
145 -52
146 -20
147 -13
148 -87
149 -9
150 87
151 -37
152 -86
153 -54
154 32
155 12
156 -14
157 -41
158 37
159 -46
160 55
161 30
162 -45
163 33
164 -16
165 4
166 -6
167 -61
168 -8
169 83
170 67
171 -11
172 40
173 -68
174 81
175 -20
176 -60
177 11
178 -90
179 10
180 73
181 100
182 48
183 -90
184 99
185 -49
186 -90
187 -35
188 44
189 -80
190 77
191 -81
192 -71
193 15
194 38
195 -42
196 78
197 10
198 -87
199 3
200 -61
201 -75
202 86
203 33
204 72
205 -52
206 66
207 -95
208 -68
209 -67
210 -1
211 68
212 -26
213 93
214 100
215 -93
216 -27
217 -3
218 49
219 -76
220 53
221 -29
222 72
223 -31
224 -92
225 -20
226 -13
227 -78
228 91
229 -59
230 39
231 75
232 -70
233 50
234 -24
235 71
236 6
237 26
238 95
239 98
240 30
241 -72
242 37
243 46
244 42
245 100
246 -80
247 3
248 -92
249 83
250 35
251 83
252 -13
253 99
254 -52
255 77
256 55
257 -54
258 -8
259 -4
260 -46
261 32
262 -84
263 49
264 -88
265 -21
266 -22
267 56
268 -70
269 -99
270 -32
271 79
272 -73
273 -70
274 -42
275 4
276 11
277 67
278 63
279 89
280 74
281 19
282 -58
283 48
284 -17
285 -13
286 -4
287 -51
288 57
289 8
290 19
291 36
292 -36
293 -78
294 91
295 70
296 43
297 -66
298 -56
299 90
300 59
301 50
302 -81
303 -41
304 -1
305 -48
306 69
307 65
308 29
309 -5
310 48
311 -29
312 -38
313 -19
314 -91
315 -56
316 -53
317 97
318 -46
319 96
320 63
321 51
322 -10
323 60
324 -67
325 -37
326 -31
327 -65
328 61
329 24
330 27
331 5
332 31
333 84
334 24
335 -59
336 79
337 -68
338 -39
339 -97
340 99
341 25
342 27
343 43
344 -43
345 -54
346 47
347 -33
348 -48
349 -100
350 4
351 -97
352 46
353 -43
354 -80
355 -60
356 86
357 83
358 -64
359 -59
360 -3
361 4
362 73
363 69
364 -29
365 91
366 90
367 16
368 95
369 -89
370 -26
371 0
372 -98
373 -96
374 93
375 -17
376 15
377 42
378 60
379 -77
380 46
381 -97
382 -91
383 -63
384 -75
385 -71
386 -71
387 99
388 -60
389 -48
390 90
391 -45
392 -26
393 -87
394 1
395 78
396 37
397 17
398 -5
399 100
400 -65
401 29
402 41
403 -2
404 -36
405 87
406 17
407 70
408 66
409 12
410 89
411 -71
412 45
413 -70
414 -31
415 -27
416 52
417 -38
418 -31
419 -10
420 41
421 69
422 89
423 95
424 -96
425 49
426 -98
427 52
428 72
429 -54
430 70
431 -92
432 -74
433 82
434 86
435 75
436 26
437 -37
438 52
439 -61
440 60
441 15
442 61
443 -13
444 -68
445 21
446 61
447 2
448 70
449 90
450 20
451 52
452 -24
453 35
454 -69
455 -89
456 -37
457 8
458 -11
459 77
460 52
461 70
462 -31
463 12
464 26
465 -54
466 61
467 15
468 62
469 100
470 -92
471 61
472 -73
473 -62
474 -54
475 5
476 -84
477 16
478 -31
479 -46
480 -80
481 -9
482 -83
483 76
484 76
485 -92
486 -42
487 30
488 39
489 -99
490 -66
491 -93
492 -50
493 35
494 -100
495 -11
496 -33
497 98
498 99
499 17
500 -30
501 25
502 87
503 11
504 37
505 34
506 1
507 59
508 -85
509 46
510 78
511 -66
512 -45
513 14
514 -88
515 7
516 75
517 66
518 89
519 68
520 78
521 31
522 35
523 78
524 -56
525 93
526 53
527 42
528 -91
529 -90
530 -20
531 -68
532 -58
533 -18
534 46
535 47
536 83
537 6
538 73
539 -42
540 -66
541 -57
542 87
543 -32
544 99
545 38
546 30
547 84
548 29
549 12
550 -76
551 90
552 38
553 -31
554 6
555 -70
556 -13
557 81
558 25
559 -1
560 71
561 59
562 76
563 -30
564 -14
565 24
566 -53
567 34
568 -22
569 -5
570 -35
571 17
572 -65
573 -97
574 66
575 -33
576 -34
577 -51
578 56
579 96
580 -11
581 -72
582 24
583 53
584 94
585 -99
586 -2
587 -46
588 53
589 25
590 -19
591 -54
592 99
593 -17
594 66
595 -1
596 -4
597 -69
598 -4
599 -98
600 -25
601 9
602 57
603 -27
604 76
605 -29
606 39
607 -39
608 -26
609 -65
610 20
611 52
612 -91
613 71
614 -82
615 81
616 -83
617 -44
618 -83
619 -11
620 71
621 34
622 -58
623 61
624 56
625 -71
626 -34
627 13
628 -49
629 4
630 -74
631 -92
632 -33
633 7
634 -71
635 -34
636 -91
637 5
638 -52
639 -97
640 -53
641 21
642 -58
643 -96
644 -57
645 48
646 57
647 21
648 13
649 31
650 -85
651 -12
652 -92
653 54
654 54
655 74
656 -26
657 -78
658 -19
659 72
660 -45
661 -65
662 21
663 -64
664 69
665 33
666 -34
667 -91
668 89
669 -56
670 -40
671 -86
672 63
673 65
674 74
675 -47
676 -98
677 -3
678 -53
679 41
680 35
681 27
682 53
683 48
684 31
685 -2
686 50
687 86
688 97
689 -64
690 34
691 -39
692 -54
693 36
694 23
695 6
696 -48
697 16
698 -25
699 -99
700 -70
701 64
702 -22
703 29
704 -93
705 -93
706 56
707 -30
708 90
709 85
710 51
711 49
712 83
713 -46
714 12
715 58
716 -92
717 -63
718 -96
719 63
720 87
721 -65
722 -61
723 51
724 -48
725 -97
726 7
727 92
728 4
729 21
730 -86
731 -55
732 -89
733 -46
734 2
735 -29
736 -69
737 27
738 27
739 17
740 28
741 45
742 -78
743 -94
744 -58
745 18
746 -7
747 -29
748 -80
749 81
750 -46
751 -45
752 -10
753 -41
754 -86
755 -73
756 -54
757 -77
758 53
759 -56
760 -75
761 58
762 50
763 -20
764 -7
765 63
766 -84
767 -91
768 82
769 34
770 -75
771 34
772 77
773 -47
774 -6
775 19
776 37
777 57
778 88
779 -82
780 -77
781 -8
782 4
783 87
784 -93
785 -10
786 55
787 45
788 -7
789 -56
790 -55
791 26
792 -16
793 -21
794 -20
795 69
796 26
797 -58
798 35
799 -56
800 -6
801 -38
802 -73
803 -32
804 74
805 -16
806 23
807 69
808 84
809 -84
810 -50
811 43
812 -71
813 -100
814 -7
815 33
816 -62
817 67
818 54
819 -44
820 15
821 21
822 70
823 53
824 -26
825 -22
826 -49
827 -23
828 75
829 -47
830 42
831 -11
832 6
833 -72
834 -16
835 76
836 58
837 51
838 42
839 -90
840 -18
841 -20
842 84
843 2
844 95
845 98
846 94
847 52
848 -81
849 -86
850 -8
851 51
852 -55
853 58
854 -14
855 -74
856 17
857 -51
858 5
859 -24
860 -69
861 49
862 -65
863 50
864 3
865 75
866 -3
867 -75
868 60
869 27
870 -45
871 75
872 44
873 -41
874 -55
875 72
876 -3
877 70
878 44
879 76
880 -7
881 82
882 90
883 -35
884 93
885 -50
886 34
887 -99
888 40
889 -69
890 99
891 -88
892 -11
893 58
894 36
895 -14
896 12
897 -47
898 6
899 -29
900 15
901 -21
902 41
903 -12
904 4
905 -29
906 46
907 -16
908 77
909 -54
910 -93
911 -97
912 -91
913 -50
914 -54
915 -26
916 38
917 -62
918 -86
919 -2
920 -54
921 -12
922 -76
923 -68
924 -12
925 -17
926 -50
927 -60
928 59
929 -12
930 -95
931 -80
932 -1
933 -6
934 93
935 12
936 16
937 -8
938 -66
939 -17
940 -2
941 54
942 -23
943 6
944 57
945 61
946 85
947 62
948 -26
949 0
950 75
951 -70
952 61
953 -67
954 -95
955 -52
956 -93
957 -89
958 9
959 19
960 -2
961 81
962 88
963 34
964 -30
965 66
966 -37
967 -93
968 -73
969 8
970 65
971 82
972 2
973 94
974 34
975 -36
976 -5
977 51
978 4
979 -20
980 -68
981 -78
982 54
983 -83
984 63
985 -29
986 2
987 -97
988 97
989 -55
990 -48
991 21
992 75
993 100
994 -88
995 -61
996 -25
997 51
998 -46
999 41
1000 -46
1001 48
1002 -53
1003 91
1004 19
1005 8
1006 -47
1007 82
1008 21
1009 -53
1010 75
1011 -67
1012 54
1013 -22
1014 -74
1015 -37
1016 42
1017 33
1018 41
1019 -62
1020 60
1021 64
1022 -99
1023 -75
