0 -87
1 -86
2 -5
3 -21
4 40
5 25
6 73
7 -88
8 -62
9 -83
10 -51
11 87
12 -7
13 -52
14 69
15 69
16 52
17 -86
18 14
19 8
20 -48
21 23
22 -78
23 18
24 66
25 -62
26 -86
27 46
28 -50
29 -63
30 19
31 -37
32 50
33 -24
34 37
35 100
36 -65
37 -97
38 25
39 94
40 82
41 -86
42 5
43 59
44 -20
45 39
46 -70
47 38
48 -23
49 -49
50 56
51 40
52 13
53 5
54 -18
55 -26
56 91
57 98
58 -12
59 22
60 -96
61 -3
62 12
63 -87
64 89
65 54
66 -100
67 -89
68 -67
69 -15
70 -87
71 22
72 2
73 -30
74 -21
75 35
76 51
77 -75
78 -45
79 82
80 -90
81 -81
82 -13
83 -25
84 56
85 17
86 26
87 71
88 64
89 -65
90 -92
91 -20
92 -96
93 -23
94 -94
95 -90
96 -19
97 72
98 95
99 89
100 -45
101 91
102 52
103 62
104 19
105 -76
106 -47
107 -4
108 27
109 -44
110 65
111 50
112 -89
113 88
114 -54
115 49
116 -25
117 -3
118 36
119 -62
120 11
121 4
122 -80
123 -73
124 44
125 83
126 97
127 14
128 -79
129 89
130 91
131 95
132 -56
133 47
134 40
135 -27
136 96
137 79
138 -76
139 -54
140 2
141 -95
142 -2
143 -76
144 3
145 76
146 32
147 15
148 83
149 33
150 -62
151 52
152 64
153 59
154 49
155 8
156 -22
157 -95
158 -100
159 51
160 -96
161 54
162 15
163 55
164 -62
165 0
166 96
167 -64
168 -26
169 86
170 -28
171 33
172 74
173 4
174 -50
175 92
176 -28
177 -92
178 -88
179 -46
180 4
181 83
182 -72
183 45
184 40
185 -51
186 30
187 -71
188 14
189 91
190 88
191 30
192 73
193 -60
194 -67
195 43
196 -74
197 -51
198 24
199 40
200 25
201 -18
202 -25
203 -87
204 36
205 -26
206 81
207 32
208 -84
209 -30
210 -38
211 34
212 -8
213 6
214 9
215 -59
216 -31
217 21
218 -48
219 -17
220 -22
221 6
222 36
223 -93
224 49
225 58
226 57
227 22
228 -76
229 -30
230 86
231 49
232 -31
233 -83
234 -3
235 -53
236 49
237 98
238 60
239 22
240 -88
241 40
242 58
243 -69
244 47
245 -90
246 55
247 -92
248 -34
249 -81
250 25
251 0
252 95
253 -7
254 56
255 -17
256 -90
257 -74
258 -80
259 27
260 -59
261 -90
262 -80
263 -79
264 -6
265 -33
266 100
267 -92
268 -53
269 -91
270 49
271 -31
272 -20
273 99
274 -51
275 15
276 22
277 -54
278 37
279 -78
280 82
281 24
282 77
283 -50
284 -86
285 -11
286 -67
287 -55
288 27
289 36
290 -26
291 49
292 89
293 77
294 -17
295 27
296 -94
297 -98
298 -14
299 67
300 1
301 -12
302 -47
303 84
304 100
305 -22
306 36
307 50
308 50
309 -15
310 54
311 -6
312 74
313 94
314 84
315 -100
316 61
317 -1
318 -90
319 31
320 -54
321 -90
322 55
323 97
324 85
325 -22
326 -68
327 -19
328 -1
329 -86
330 -15
331 31
332 5
333 68
334 -11
335 -37
336 -71
337 -41
338 98
339 14
340 76
341 -38
342 -58
343 -78
344 -91
345 92
346 100
347 91
348 73
349 2
350 44
351 -66
352 55
353 -61
354 13
355 -15
356 -43
357 26
358 9
359 -67
360 55
361 42
362 38
363 -37
364 -28
365 6
366 -6
367 0
368 23
369 -8
370 48
371 -75
372 -89
373 -44
374 42
375 -46
376 46
377 -4
378 -34
379 -44
380 -98
381 -85
382 -75
383 -27
384 -15
385 -6
386 -76
387 7
388 91
389 -45
390 35
391 53
392 57
393 17
394 -69
395 -19
396 26
397 -32
398 62
399 -55
400 -58
401 -93
402 75
403 -88
404 80
405 83
406 -96
407 -35
408 -96
409 83
410 -51
411 -59
412 -30
413 56
414 35
415 77
416 -59
417 -72
418 8
419 -34
420 -58
421 71
422 -87
423 -97
424 29
425 -81
426 -92
427 -77
428 -44
429 9
430 -56
431 -74
432 -1
433 -37
434 -27
435 -42
436 -83
437 93
438 -73
439 41
440 -81
441 -82
442 -73
443 85
444 65
445 -94
446 28
447 -97
448 -37
449 15
450 85
451 -2
452 44
453 -6
454 -67
455 -91
456 -5
457 89
458 -61
459 45
460 68
461 -19
462 -16
463 -27
464 63
465 89
466 93
467 -60
468 26
469 -72
470 -11
471 48
472 -26
473 41
474 71
475 100
476 22
477 26
478 -20
479 -85
480 -20
481 -19
482 -90
483 -72
484 62
485 -50
486 89
487 -45
488 25
489 -76
490 -83
491 -41
492 -25
493 26
494 -30
495 33
496 97
497 -12
498 56
499 -93
500 99
501 -38
502 58
503 37
504 98
505 -51
506 48
507 -17
508 -19
509 -96
510 15
511 -53
512 -2
513 -39
514 59
515 -64
516 58
517 -98
518 -61
519 -14
520 55
521 -12
522 4
523 24
524 -11
525 -94
526 -45
527 -64
528 96
529 -13
530 -30
531 29
532 -20
533 -87
534 24
535 -54
536 74
537 100
538 30
539 60
540 -68
541 -84
542 -80
543 52
544 98
545 -78
546 -17
547 -43
548 62
549 76
550 85
551 -96
552 -4
553 -98
554 50
555 -95
556 99
557 60
558 89
559 4
560 27
561 80
562 -95
563 -76
564 -12
565 -99
566 86
567 -78
568 43
569 48
570 23
571 -71
572 -12
573 -81
574 -10
575 -73
576 80
577 -65
578 22
579 89
580 89
581 -93
582 -59
583 -36
584 58
585 17
586 67
587 -44
588 79
589 11
590 -11
591 13
592 -41
593 -16
594 -57
595 -46
596 19
597 9
598 53
599 72
600 -34
601 -50
602 -41
603 -63
604 48
605 31
606 65
607 65
608 14
609 -76
610 16
611 27
612 -19
613 5
614 -89
615 74
616 -25
617 -6
618 62
619 17
620 38
621 56
622 70
623 -47
624 37
625 12
626 40
627 -75
628 -8
629 27
630 53
631 52
632 57
633 -45
634 -72
635 -94
636 -90
637 -1
638 52
639 -59
640 -12
641 -39
642 -18
643 -38
644 81
645 -61
646 -46
647 -86
648 11
649 89
650 52
651 29
652 99
653 86
654 -74
655 76
656 42
657 54
658 39
659 -30
660 9
661 -99
662 -94
663 -75
664 -27
665 12
666 -34
667 87
668 -56
669 -40
670 39
671 -43
672 35
673 -20
674 7
675 -62
676 -72
677 -30
678 -83
679 -26
680 4
681 -42
682 57
683 93
684 56
685 62
686 84
687 61
688 78
689 35
690 -57
691 32
692 10
693 -71
694 -33
695 -32
696 14
697 88
698 73
699 25
700 -71
701 83
702 -7
703 -23
704 -55
705 -29
706 -6
707 -82
708 -73
709 -61
710 -38
711 -61
712 -84
713 58
714 30
715 -68
716 -72
717 31
718 90
719 77
720 34
721 81
722 -99
723 15
724 -87
725 -8
726 -47
727 0
728 -94
729 -43
730 -42
731 3
732 -76
733 -81
734 18
735 -80
736 -57
737 -76
738 99
739 -68
740 6
741 3
742 30
743 -90
744 8
745 -14
746 89
747 15
748 17
749 -96
750 -32
751 32
752 75
753 -88
754 53
755 52
756 -52
757 4
758 36
759 -98
760 -67
761 -33
762 2
763 -28
764 -5
765 -23
766 68
767 20
768 -41
769 -2
770 -52
771 5
772 -58
773 -7
774 -86
775 78
776 -95
777 98
778 -85
779 -24
780 -57
781 25
782 97
783 72
784 82
785 71
786 -59
787 95
788 69
789 36
790 -95
791 85
792 42
793 -99
794 38
795 -69
796 37
797 -73
798 -27
799 -52
800 6
801 -88
802 -36
803 91
804 -39
805 -31
806 28
807 -88
808 -51
809 -41
810 -15
811 -79
812 -53
813 82
814 48
815 70
816 52
817 -64
818 15
819 -52
820 -44
821 -86
822 83
823 59
824 -40
825 -70
826 -44
827 -61
828 35
829 -64
830 -31
831 -4
832 70
833 31
834 -59
835 -22
836 -59
837 39
838 -19
839 25
840 -28
841 -5
842 -72
843 68
844 22
845 -74
846 -67
847 79
848 -42
849 -65
850 15
851 6
852 -39
853 -47
854 -10
855 43
856 38
857 -30
858 99
859 -82
860 32
861 20
862 7
863 -27
864 -32
865 -92
866 86
867 -76
868 99
869 -69
870 -19
871 38
872 -97
873 -79
874 -5
875 69
876 68
877 -9
878 -88
879 -26
880 -71
881 31
882 96
883 -60
884 -95
885 -95
886 81
887 55
888 -47
889 29
890 -31
891 64
892 -91
893 -25
894 -66
895 -17
896 81
897 85
898 -42
899 -1
900 95
901 96
902 47
903 -38
904 51
905 -27
906 58
907 95
908 -81
909 17
910 -52
911 -47
912 75
913 -70
914 -2
915 -24
916 30
917 15
918 -95
919 -80
920 77
921 -91
922 -37
923 71
924 84
925 60
926 -47
927 -4
928 -67
929 56
930 -18
931 -13
932 46
933 -35
934 -75
935 -66
936 1
937 88
938 62
939 64
940 -52
941 -92
942 -44
943 5
944 1
945 46
946 -57
947 -1
948 -12
949 -17
950 3
951 -9
952 14
953 -84
954 87
955 16
956 -5
957 38
958 30
959 35
960 76
961 -39
962 -69
963 -24
964 77
965 -5
966 2
967 6
968 84
969 31
970 -22
971 -61
972 1
973 89
974 -6
975 -88
976 -10
977 0
978 -73
979 -3
980 -70
981 -41
982 96
983 -74
984 -66
985 -85
986 36
987 -11
988 -100
989 53
990 14
991 -64
992 6
993 10
994 -53
995 -37
996 -67
997 16
998 -65
999 -79
1000 -98
1001 -56
1002 47
1003 -22
1004 77
1005 -38
1006 100
1007 -95
1008 -26
1009 -99
1010 72
1011 55
1012 22
1013 -37
1014 -79
1015 40
1016 -13
1017 -8
1018 67
1019 53
1020 1
1021 74
1022 71
1023 46
