0 61
1 -44
2 -56
3 34
4 82
5 10
6 -49
7 79
8 -34
9 52
10 92
11 -49
12 73
13 -100
14 99
15 -15
16 -50
17 -69
18 15
19 33
20 78
21 -39
22 -16
23 -55
24 -25
25 15
26 37
27 20
28 68
29 -45
30 -100
31 -36
32 -71
33 75
34 -95
35 44
36 -25
37 -6
38 58
39 35
40 22
41 -66
42 82
43 38
44 12
45 85
46 -3
47 -45
48 -31
49 -41
50 47
51 81
52 -50
53 10
54 -2
55 -99
56 64
57 -51
58 18
59 -75
60 39
61 96
62 -36
63 49
64 -55
65 -3
66 -57
67 -74
68 -42
69 2
70 -14
71 -13
72 -65
73 33
74 20
75 -79
76 -36
77 69
78 89
79 70
80 59
81 -60
82 5
83 50
84 91
85 73
86 87
87 54
88 19
89 -30
90 -49
91 1
92 -55
93 -1
94 25
95 75
96 62
97 -57
98 -84
99 31
100 50
101 -49
102 10
103 -31
104 -31
105 -22
106 92
107 -69
108 -9
109 -31
110 3
111 44
112 99
113 73
114 38
115 1
116 -65
117 -86
118 -57
119 -81
120 -23
121 -6
122 -10
123 -13
124 -95
125 20
126 36
127 15
128 40
129 80
130 93
131 -58
132 66
133 37
134 -37
135 -65
136 44
137 77
138 -62
139 79
140 16
141 54
142 42
143 -36
144 -5
145 -26
146 -4
147 89
148 -99
149 36
150 -60
151 21
152 27
153 42
154 100
155 -23
156 -83
157 -37
158 22
159 80
160 -27
161 -77
162 21
163 -2
164 94
165 -31
166 78
167 38
168 3
169 -82
170 79
171 50
172 77
173 3
174 11
175 26
176 -4
177 39
178 8
179 -99
180 31
181 72
182 21
183 89
184 -34
185 -80
186 -45
187 26
188 -55
189 -42
190 42
191 -36
192 21
193 -7
194 83
195 3
196 -33
197 90
198 -55
199 62
200 1
201 -74
202 7
203 -51
204 0
205 -20
206 91
207 -100
208 -92
209 -84
210 98
211 -40
212 73
213 87
214 49
215 -52
216 -100
217 30
218 -50
219 73
220 84
221 18
222 15
223 -59
224 -93
225 70
226 -89
227 -77
228 -27
229 -94
230 -56
231 31
232 14
233 -34
234 -70
235 82
236 17
237 61
238 23
239 -62
240 -94
241 -25
242 39
243 3
244 -72
245 51
246 -19
247 -27
248 -70
249 -10
250 -89
251 -34
252 -33
253 71
254 24
255 2
256 25
257 33
258 32
259 -76
260 51
261 -86
262 62
263 83
264 0
265 41
266 -92
267 -1
268 58
269 12
270 99
271 92
272 -28
273 0
274 -39
275 74
276 76
277 14
278 -40
279 -7
280 34
281 81
282 -52
283 -91
284 -15
285 -21
286 11
287 39
288 51
289 76
290 6
291 -35
292 5
293 -15
294 30
295 -88
296 -29
297 -77
298 17
299 -36
300 -13
301 -24
302 -59
303 4
304 -79
305 93
306 80
307 46
308 -58
309 -28
310 -4
311 57
312 52
313 7
314 -33
315 78
316 77
317 51
318 19
319 99
320 76
321 13
322 -23
323 -79
324 4
325 -2
326 58
327 -40
328 35
329 24
330 84
331 -10
332 78
333 -59
334 -20
335 -37
336 42
337 -82
338 86
339 -70
340 -44
341 3
342 65
343 -65
344 -74
345 -68
346 -52
347 54
348 -39
349 -34
350 -39
351 62
352 -39
353 92
354 -84
355 90
356 -67
357 78
358 -7
359 26
360 -34
361 -99
362 -56
363 12
364 -75
365 12
366 -95
367 61
368 27
369 -29
370 -62
371 68
372 -17
373 44
374 -72
375 -74
376 11
377 -6
378 10
379 97
380 59
381 18
382 -20
383 -6
384 42
385 100
386 -4
387 64
388 53
389 -6
390 -88
391 68
392 60
393 19
394 10
395 -83
396 6
397 46
398 73
399 -96
400 63
401 7
402 12
403 -79
404 -73
405 2
406 -88
407 52
408 -83
409 -30
410 81
411 16
412 -53
413 9
414 -9
415 48
416 -80
417 -65
418 -95
419 -78
420 5
421 -88
422 61
423 72
424 -70
425 -58
426 -52
427 8
428 30
429 59
430 -94
431 42
432 -63
433 59
434 -100
435 79
436 53
437 -84
438 -3
439 88
440 -27
441 41
442 65
443 -29
444 73
445 0
446 81
447 -15
448 15
449 69
450 -23
451 90
452 -1
453 -55
454 56
455 -55
456 -89
457 41
458 82
459 -46
460 -38
461 -36
462 -79
463 -74
464 56
465 26
466 50
467 -75
468 -59
469 -43
470 -77
471 -28
472 -78
473 28
474 72
475 73
476 31
477 -87
478 3
479 -22
480 78
481 -48
482 41
483 -69
484 86
485 -5
486 89
487 -21
488 58
489 -8
490 -21
491 77
492 20
493 -44
494 -66
495 -32
496 -68
497 64
498 -15
499 4
500 -73
501 30
502 -8
503 6
504 20
505 -86
506 -36
507 -48
508 66
509 92
510 -31
511 29
512 27
513 58
514 -1
515 -93
516 59
517 -82
518 17
519 73
520 56
521 -21
522 -64
523 -28
524 -41
525 -41
526 40
527 -46
528 9
529 11
530 -20
531 17
532 -76
533 -29
534 -22
535 -1
536 -74
537 41
538 -51
539 -48
540 -30
541 -22
542 -41
543 57
544 36
545 22
546 -6
547 -14
548 54
549 -90
550 -4
551 39
552 -37
553 12
554 -75
555 87
556 -90
557 81
558 22
559 -93
560 -45
561 75
562 -98
563 55
564 54
565 40
566 88
567 -51
568 -90
569 -59
570 -88
571 76
572 -38
573 -9
574 46
575 89
576 84
577 -14
578 -64
579 27
580 47
581 -43
582 3
583 34
584 -67
585 4
586 -81
587 79
588 -37
589 -69
590 78
591 -79
592 35
593 -64
594 32
595 -10
596 32
597 67
598 -75
599 96
600 -28
601 -50
602 -60
603 -59
604 -41
605 99
606 -21
607 69
608 48
609 -21
610 -90
611 -62
612 29
613 76
614 48
615 85
616 -69
617 13
618 23
619 -89
620 -30
621 38
622 -49
623 81
624 -25
625 -17
626 22
627 75
628 33
629 -19
630 -93
631 56
632 -84
633 -75
634 65
635 -88
636 -19
637 -61
638 -9
639 -7
640 72
641 84
642 -35
643 -83
644 -1
645 15
646 12
647 88
648 -61
649 -87
650 64
651 -8
652 -2
653 -6
654 34
655 -22
656 -91
657 77
658 68
659 4
660 24
661 -22
662 68
663 -41
664 -16
665 33
666 56
667 -45
668 -71
669 16
670 -66
671 30
672 61
673 30
674 27
675 50
676 -92
677 17
678 19
679 9
680 78
681 -28
682 -19
683 99
684 54
685 -29
686 70
687 57
688 62
689 -50
690 -24
691 -69
692 -55
693 -68
694 -47
695 -77
696 -54
697 29
698 85
699 -17
700 56
701 23
702 10
703 -35
704 -5
705 -47
706 -53
707 13
708 19
709 39
710 -64
711 57
712 -35
713 71
714 -79
715 -48
716 60
717 95
718 -6
719 -80
720 16
721 -10
722 -39
723 -41
724 17
725 -89
726 39
727 -86
728 67
729 9
730 93
731 -84
732 36
733 -13
734 72
735 88
736 47
737 100
738 56
739 -34
740 -63
741 81
742 -65
743 -95
744 17
745 -95
746 -16
747 76
748 78
749 94
750 55
751 59
752 32
753 99
754 55
755 -68
756 46
757 55
758 92
759 -20
760 -67
761 -58
762 -6
763 56
764 66
765 -89
766 -45
767 86
768 70
769 -1
770 -86
771 -13
772 -35
773 -31
774 16
775 99
776 -53
777 -8
778 16
779 -88
780 18
781 34
782 61
783 93
784 -68
785 -85
786 -44
787 68
788 -29
789 -100
790 -74
791 84
792 -59
793 99
794 40
795 -38
796 16
797 5
798 69
799 -10
800 -73
801 -30
802 66
803 53
804 -21
805 -57
806 -44
807 -63
808 28
809 57
810 -95
811 9
812 -37
813 -54
814 43
815 -41
816 12
817 28
818 -99
819 -43
820 -40
821 -71
822 -74
823 8
824 86
825 -22
826 -79
827 -96
828 18
829 67
830 67
831 -46
832 96
833 -78
834 -29
835 46
836 31
837 -87
838 1
839 27
840 31
841 -44
842 -57
843 -18
844 -30
845 -84
846 -16
847 97
848 72
849 6
850 38
851 81
852 -5
853 26
854 96
855 -53
856 -91
857 95
858 69
859 3
860 98
861 34
862 49
863 84
864 12
865 -96
866 -100
867 -30
868 -5
869 98
870 46
871 5
872 -4
873 -41
874 -84
875 75
876 -2
877 48
878 -25
879 -79
880 -59
881 72
882 78
883 33
884 31
885 4
886 -4
887 3
888 -11
889 97
890 12
891 25
892 -13
893 90
894 46
895 -93
896 1
897 52
898 -61
899 -41
900 -16
901 30
902 30
903 -7
904 21
905 56
906 47
907 57
908 -84
909 -70
910 -25
911 -64
912 -98
913 -3
914 -36
915 25
916 50
917 -13
918 7
919 77
920 72
921 -69
922 -52
923 95
924 -10
925 5
926 6
927 -44
928 -93
929 -41
930 54
931 -12
932 -67
933 81
934 72
935 -45
936 -4
937 -32
938 14
939 -66
940 -87
941 66
942 81
943 -52
944 -50
945 -17
946 14
947 34
948 -62
949 89
950 58
951 41
952 -75
953 -5
954 57
955 -30
956 23
957 54
958 -82
959 -55
960 3
961 -12
962 -21
963 -37
964 -38
965 13
966 46
967 71
968 -29
969 -8
970 47
971 -93
972 28
973 -1
974 44
975 -5
976 62
977 -75
978 49
979 81
980 31
981 -21
982 40
983 -42
984 -57
985 -78
986 58
987 -52
988 27
989 -83
990 14
991 -54
992 -40
993 -57
994 58
995 -71
996 8
997 -31
998 -22
999 34
1000 -28
1001 64
1002 84
1003 -55
1004 -84
1005 -30
1006 -47
1007 83
1008 75
1009 -39
1010 -41
1011 71
1012 59
1013 -26
1014 99
1015 40
1016 -88
1017 49
1018 25
1019 73
1020 -29
1021 49
1022 62
1023 93
