0 -89
1 71
2 56
3 -25
4 -96
5 23
6 -95
7 13
8 0
9 -2
10 -18
11 -98
12 -75
13 4
14 -38
15 -80
16 81
17 67
18 54
19 75
20 84
21 78
22 -92
23 -56
24 70
25 -39
26 94
27 -26
28 -6
29 -47
30 -5
31 -87
32 -50
33 2
34 -13
35 91
36 -88
37 17
38 61
39 75
40 -56
41 82
42 57
43 -25
44 -24
45 83
46 29
47 47
48 93
49 -87
50 26
51 -73
52 -63
53 84
54 -49
55 -57
56 -21
57 73
58 -73
59 -90
60 -18
61 76
62 79
63 22
64 15
65 -34
66 -1
67 -91
68 -68
69 7
70 10
71 -12
72 22
73 86
74 -45
75 60
76 54
77 -95
78 -31
79 21
80 -14
81 23
82 -44
83 88
84 -98
85 13
86 -59
87 77
88 -63
89 -64
90 -57
91 0
92 -78
93 87
94 82
95 -18
96 7
97 46
98 -67
99 94
100 39
101 99
102 24
103 39
104 35
105 -11
106 36
107 -4
108 -74
109 91
110 1
111 -16
112 27
113 -23
114 -77
115 66
116 92
117 40
118 44
119 -9
120 -62
121 3
122 -44
123 -57
124 -22
125 -87
126 -78
127 -42
128 51
129 51
130 99
131 41
132 15
133 17
134 42
135 -94
136 26
137 35
138 -90
139 -74
140 -88
141 49
142 -24
143 93
144 77
145 88
146 20
147 76
148 46
149 -90
150 -82
151 -90
152 -37
153 58
154 -51
155 0
156 -11
157 -70
158 -10
159 -14
160 16
161 41
162 -48
163 35
164 44
165 98
166 64
167 91
168 -59
169 -100
170 41
171 21
172 68
173 1
174 -91
175 -70
176 24
177 19
178 -23
179 20
180 70
181 72
182 -9
183 85
184 -30
185 49
186 52
187 57
188 -15
189 -48
190 -13
191 -70
192 -24
193 66
194 -14
195 79
196 35
197 90
198 86
199 -40
200 8
201 6
202 -60
203 -46
204 85
205 13
206 91
207 50
208 -92
209 92
210 71
211 74
212 -44
213 -20
214 -65
215 34
216 33
217 24
218 -1
219 82
220 88
221 49
222 15
223 45
224 -45
225 20
226 -48
227 -39
228 85
229 -3
230 -68
231 64
232 80
233 6
234 -88
235 80
236 96
237 -2
238 -22
239 -94
240 47
241 -9
242 29
243 71
244 75
245 -10
246 -75
247 -28
248 -41
249 26
250 -70
251 -34
252 -13
253 26
254 63
255 -97
256 49
257 87
258 26
259 -5
260 89
261 -88
262 72
263 -60
264 91
265 73
266 -13
267 91
268 7
269 -75
270 -23
271 58
272 34
273 45
274 97
275 98
276 -16
277 -5
278 2
279 -7
280 -69
281 8
282 -32
283 -87
284 -29
285 -30
286 -9
287 92
288 -30
289 -70
290 28
291 8
292 29
293 13
294 -91
295 -94
296 -78
297 -8
298 22
299 3
300 -13
301 60
302 -99
303 -56
304 -18
305 0
306 -63
307 15
308 32
309 -60
310 56
311 62
312 -48
313 -37
314 100
315 82
316 1
317 -22
318 -57
319 92
320 -36
321 1
322 -71
323 22
324 17
325 -64
326 -69
327 -8
328 -62
329 -72
330 -56
331 56
332 64
333 -18
334 -100
335 46
336 43
337 36
338 -38
339 73
340 -49
341 -5
342 30
343 -15
344 62
345 59
346 -12
347 -96
348 16
349 -61
350 28
351 85
352 -2
353 18
354 -26
355 71
356 -34
357 -98
358 39
359 49
360 -69
361 96
362 28
363 39
364 37
365 -43
366 71
367 -93
368 -82
369 16
370 55
371 -30
372 -63
373 -48
374 -28
375 94
376 23
377 50
378 -21
379 29
380 -82
381 10
382 17
383 -86
384 23
385 -73
386 22
387 100
388 -70
389 -27
390 -92
391 80
392 -47
393 -47
394 20
395 -65
396 -32
397 -87
398 67
399 29
400 -93
401 88
402 -39
403 15
404 -48
405 94
406 -8
407 85
408 -68
409 19
410 33
411 -64
412 22
413 -43
414 77
415 48
416 -39
417 -68
418 25
419 34
420 -58
421 -98
422 86
423 94
424 -8
425 -74
426 71
427 -75
428 -42
429 -82
430 -77
431 2
432 68
433 46
434 14
435 -43
436 6
437 34
438 -27
439 21
440 -63
441 -61
442 -41
443 -81
444 50
445 -33
446 -25
447 43
448 91
449 79
450 -46
451 -36
452 -74
453 2
454 -13
455 -80
456 -71
457 84
458 95
459 29
460 -5
461 -87
462 -56
463 22
464 22
465 41
466 -90
467 -18
468 -17
469 57
470 -27
471 46
472 -2
473 -50
474 46
475 63
476 -74
477 87
478 -64
479 -64
480 -87
481 76
482 22
483 -1
484 -89
485 -55
486 40
487 55
488 -92
489 -13
490 21
491 -8
492 35
493 30
494 58
495 -73
496 -23
497 -39
498 64
499 18
500 62
501 -58
502 77
503 99
504 -76
505 -68
506 -68
507 -57
508 -6
509 -70
510 -92
511 43
512 -36
513 -21
514 38
515 56
516 -97
517 18
518 -74
519 -16
520 -14
521 -50
522 85
523 -53
524 -71
525 69
526 37
527 -35
528 -54
529 -3
530 -4
531 -55
532 -19
533 1
534 65
535 79
536 63
537 86
538 -55
539 22
540 41
541 76
542 10
543 79
544 12
545 -9
546 -13
547 39
548 -64
549 -29
550 8
551 -68
552 12
553 0
554 35
555 -43
556 83
557 -74
558 60
559 99
560 -80
561 -44
562 56
563 15
564 -59
565 -48
566 49
567 15
568 -18
569 37
570 45
571 7
572 52
573 -58
574 -23
575 64
576 -62
577 30
578 -6
579 4
580 51
581 87
582 -37
583 -76
584 -44
585 71
586 -69
587 44
588 -86
589 80
590 -99
591 -33
592 47
593 -63
594 49
595 -50
596 -38
597 28
598 62
599 57
600 -87
601 -48
602 -55
603 51
604 28
605 -70
606 92
607 -16
608 -69
609 -29
610 99
611 56
612 -23
613 78
614 94
615 -59
616 -76
617 41
618 17
619 14
620 75
621 26
622 87
623 53
624 55
625 97
626 -61
627 -12
628 -38
629 25
630 -82
631 45
632 14
633 -35
634 52
635 -10
636 -47
637 40
638 -81
639 -81
640 -85
641 42
642 -83
643 27
644 56
645 -7
646 48
647 22
648 -11
649 -8
650 -75
651 1
652 53
653 24
654 -17
655 1
656 -80
657 35
658 28
659 8
660 -86
661 92
662 10
663 -17
664 -20
665 12
666 -100
667 25
668 -9
669 -32
670 28
671 99
672 -51
673 23
674 39
675 67
676 -75
677 -23
678 -44
679 7
680 72
681 -59
682 -99
683 84
684 -86
685 -20
686 54
687 67
688 -38
689 -41
690 -92
691 34
692 47
693 -89
694 -56
695 -86
696 -1
697 96
698 -64
699 -82
700 -48
701 85
702 -64
703 85
704 -75
705 -25
706 -72
707 -88
708 69
709 78
710 -2
711 -62
712 -79
713 78
714 94
715 98
716 -49
717 23
718 -21
719 11
720 -43
721 -53
722 -38
723 35
724 -41
725 0
726 -99
727 8
728 -9
729 -86
730 83
731 4
732 -71
733 74
734 -95
735 -78
736 2
737 3
738 -48
739 21
740 -48
741 72
742 35
743 -42
744 69
745 -3
746 58
747 41
748 1
749 -15
750 17
751 -13
752 -32
753 -75
754 77
755 55
756 -41
757 -96
758 43
759 62
760 -94
761 29
762 88
763 21
764 8
765 40
766 17
767 -57
768 98
769 -83
770 -55
771 50
772 -89
773 28
774 -49
775 5
776 -66
777 85
778 -79
779 -81
780 1
781 -43
782 64
783 -59
784 53
785 61
786 -93
787 69
788 -53
789 -65
790 -85
791 -11
792 -97
793 -67
794 96
795 88
796 48
797 82
798 26
799 7
800 18
801 -1
802 27
803 91
804 -63
805 57
806 -97
807 -48
808 -91
809 -4
810 55
811 -35
812 22
813 31
814 36
815 -31
816 -70
817 -67
818 -32
819 -19
820 -90
821 66
822 -63
823 -13
824 -68
825 56
826 -72
827 -72
828 2
829 15
830 58
831 -7
832 -61
833 -34
834 91
835 -6
836 -18
837 34
838 -53
839 11
840 64
841 69
842 -62
843 -38
844 -78
845 -17
846 21
847 67
848 -40
849 58
850 50
851 83
852 -70
853 60
854 -86
855 -75
856 -2
857 -77
858 -98
859 41
860 -40
861 72
862 18
863 -88
864 -63
865 -68
866 99
867 -60
868 69
869 9
870 -22
871 58
872 36
873 -41
874 92
875 35
876 36
877 23
878 60
879 -37
880 -17
881 -45
882 12
883 28
884 57
885 -10
886 -83
887 -29
888 -25
889 -84
890 30
891 40
892 -92
893 21
894 31
895 22
896 73
897 -94
898 69
899 94
900 -3
901 -25
902 75
903 66
904 -57
905 2
906 95
907 -24
908 74
909 -31
910 -39
911 4
912 -46
913 -8
914 -35
915 91
916 36
917 85
918 35
919 -38
920 -34
921 -68
922 21
923 29
924 85
925 -33
926 -64
927 -89
928 -12
929 -17
930 55
931 16
932 14
933 -11
934 -36
935 92
936 -55
937 8
938 13
939 30
940 66
941 -14
942 93
943 85
944 -19
945 25
946 -3
947 69
948 74
949 58
950 92
951 70
952 90
953 -93
954 -23
955 34
956 11
957 79
958 51
959 76
960 20
961 -3
962 -1
963 -24
964 -24
965 -82
966 35
967 -58
968 73
969 75
970 -15
971 17
972 72
973 18
974 68
975 58
976 81
977 -14
978 -86
979 15
980 -8
981 77
982 -61
983 17
984 66
985 -49
986 -46
987 48
988 2
989 -2
990 37
991 71
992 -57
993 -81
994 49
995 -44
996 54
997 35
998 39
999 -29
1000 88
1001 -97
1002 43
1003 37
1004 -92
1005 -3
1006 -67
1007 -92
1008 35
1009 -11
1010 32
1011 99
1012 74
1013 69
1014 -76
1015 -67
1016 39
1017 -29
1018 25
1019 -55
1020 -83
1021 7
1022 78
1023 -72
