0 22
1 18
2 46
3 24
4 70
5 -74
6 19
7 -65
8 -54
9 -4
10 -61
11 -90
12 80
13 62
14 -75
15 89
16 -61
17 25
18 -97
19 3
20 -26
21 50
22 -91
23 53
24 -38
25 -71
26 47
27 -86
28 -24
29 38
30 -55
31 76
32 19
33 47
34 -76
35 4
36 -89
37 -86
38 -90
39 -57
40 76
41 64
42 39
43 40
44 58
45 29
46 11
47 -10
48 -81
49 99
50 3
51 26
52 87
53 -66
54 87
55 48
56 -54
57 -6
58 -95
59 66
60 -3
61 91
62 -55
63 85
64 39
65 84
66 87
67 -73
68 -84
69 -55
70 70
71 44
72 53
73 -49
74 57
75 -24
76 -93
77 64
78 -40
79 -4
80 -80
81 5
82 -56
83 49
84 -87
85 91
86 -55
87 -76
88 -97
89 62
90 -35
91 85
92 32
93 -69
94 -1
95 17
96 -24
97 84
98 7
99 80
100 49
101 49
102 1
103 80
104 -95
105 -87
106 -18
107 -15
108 -95
109 -76
110 -39
111 -7
112 33
113 59
114 -66
115 -25
116 -89
117 -62
118 76
119 11
120 -65
121 72
122 28
123 73
124 -24
125 11
126 68
127 6
128 79
129 57
130 -74
131 -88
132 77
133 -52
134 -60
135 -49
136 -67
137 41
138 -81
139 -88
140 -94
141 75
142 86
143 -90
144 60
145 -80
146 83
147 74
148 -64
149 52
150 -5
151 41
152 -74
153 -21
154 -89
155 -99
156 -27
157 0
158 29
159 -59
160 55
161 46
162 -8
163 88
164 -28
165 -58
166 -52
167 26
168 -37
169 -76
170 -81
171 -22
172 -91
173 29
174 -63
175 23
176 84
177 -86
178 47
179 -45
180 -55
181 -79
182 74
183 95
184 46
185 86
186 32
187 -90
188 -26
189 -38
190 -4
191 -41
192 92
193 16
194 -47
195 -66
196 76
197 33
198 50
199 -80
200 -16
201 95
202 37
203 -10
204 -75
205 24
206 73
207 35
208 -38
209 52
210 -52
211 -91
212 -65
213 55
214 74
215 -70
216 45
217 49
218 7
219 70
220 -1
221 81
222 56
223 43
224 27
225 7
226 -89
227 67
228 -93
229 -67
230 76
231 -12
232 -18
233 68
234 -3
235 100
236 -90
237 -98
238 -77
239 4
240 56
241 3
242 -51
243 -16
244 -72
245 -5
246 -22
247 35
248 -17
249 71
250 94
251 81
252 -42
253 -82
254 89
255 46
256 1
257 74
258 -99
259 42
260 -78
261 66
262 -27
263 -34
264 98
265 -14
266 2
267 -14
268 75
269 -10
270 -78
271 -9
272 -30
273 74
274 57
275 92
276 20
277 89
278 97
279 100
280 -60
281 -42
282 12
283 -39
284 -72
285 -66
286 -9
287 52
288 72
289 51
290 56
291 -15
292 -98
293 1
294 34
295 57
296 17
297 64
298 -84
299 77
300 98
301 30
302 -10
303 -53
304 91
305 47
306 26
307 28
308 80
309 93
310 -20
311 2
312 71
313 -75
314 37
315 -36
316 70
317 -88
318 -9
319 60
320 32
321 -81
322 67
323 16
324 -4
325 -12
326 85
327 71
328 -17
329 -78
330 24
331 -20
332 -52
333 -56
334 18
335 43
336 -56
337 96
338 -33
339 -56
340 35
341 -88
342 0
343 45
344 82
345 57
346 -78
347 -46
348 -3
349 -86
350 -21
351 -61
352 -16
353 49
354 -98
355 9
356 -57
357 -60
358 -98
359 71
360 -70
361 91
362 -42
363 -44
364 86
365 11
366 -17
367 -51
368 1
369 -48
370 68
371 -75
372 -57
373 -2
374 35
375 -22
376 52
377 -68
378 -39
379 96
380 83
381 -4
382 99
383 18
384 -81
385 42
386 45
387 -59
388 -43
389 -95
390 34
391 11
392 89
393 35
394 -49
395 54
396 100
397 -77
398 -45
399 -92
400 -49
401 -87
402 16
403 6
404 55
405 -9
406 -73
407 19
408 -79
409 73
410 42
411 68
412 33
413 -36
414 -70
415 2
416 34
417 -52
418 66
419 97
420 42
421 -34
422 -32
423 2
424 -52
425 -56
426 93
427 16
428 -59
429 -17
430 58
431 97
432 -71
433 -99
434 -61
435 -62
436 -58
437 37
438 -82
439 10
440 79
441 81
442 62
443 -52
444 11
445 66
446 66
447 99
448 -8
449 59
450 73
451 -26
452 14
453 -24
454 -20
455 -93
456 -57
457 74
458 32
459 75
460 -84
461 84
462 -2
463 -42
464 25
465 -34
466 100
467 42
468 77
469 -50
470 28
471 12
472 -7
473 -95
474 -9
475 -25
476 50
477 32
478 38
479 -37
480 41
481 -44
482 21
483 15
484 -38
485 14
486 -18
487 75
488 30
489 -54
490 8
491 75
492 31
493 -6
494 94
495 -8
496 58
497 -77
498 -56
499 -27
500 96
501 54
502 -63
503 -6
504 70
505 -53
506 -33
507 -87
508 -55
509 44
510 -1
511 -46
512 76
513 83
514 40
515 -17
516 76
517 -21
518 -34
519 -85
520 37
521 44
522 -54
523 64
524 -18
525 -21
526 -15
527 -52
528 -45
529 -34
530 65
531 29
532 14
533 87
534 28
535 -54
536 -92
537 13
538 38
539 49
540 93
541 3
542 83
543 -20
544 44
545 46
546 2
547 -57
548 -26
549 61
550 42
551 35
552 -71
553 -56
554 37
555 -2
556 4
557 -64
558 72
559 96
560 -52
561 54
562 -25
563 37
564 -80
565 -98
566 -81
567 26
568 -3
569 -80
570 50
571 -81
572 37
573 -72
574 -77
575 48
576 69
577 44
578 -71
579 -52
580 -34
581 48
582 -62
583 -98
584 -86
585 -95
586 29
587 -60
588 -68
589 -55
590 -29
591 51
592 55
593 -74
594 -58
595 77
596 76
597 7
598 -61
599 93
600 59
601 70
602 -75
603 77
604 61
605 87
606 7
607 20
608 -79
609 26
610 27
611 -92
612 -16
613 -71
614 -90
615 -57
616 -46
617 -55
618 9
619 -32
620 -20
621 62
622 10
623 -4
624 72
625 67
626 -45
627 66
628 52
629 69
630 -33
631 9
632 15
633 53
634 91
635 5
636 86
637 65
638 70
639 54
640 -93
641 79
642 -37
643 -86
644 65
645 19
646 10
647 -9
648 -36
649 -46
650 -21
651 89
652 -65
653 52
654 2
655 30
656 -50
657 72
658 10
659 -1
660 80
661 61
662 -80
663 -81
664 -62
665 47
666 45
667 -71
668 74
669 -44
670 -68
671 80
672 89
673 -41
674 96
675 50
676 -64
677 -84
678 -80
679 -49
680 -7
681 -66
682 99
683 -18
684 -94
685 -70
686 54
687 18
688 -62
689 -8
690 -17
691 -72
692 72
693 23
694 43
695 -3
696 59
697 -78
698 24
699 50
700 19
701 -93
702 88
703 61
704 40
705 91
706 -29
707 92
708 -8
709 2
710 42
711 42
712 -33
713 -9
714 55
715 -87
716 -61
717 -65
718 -72
719 -18
720 95
721 -2
722 -73
723 43
724 -75
725 -17
726 -63
727 -66
728 52
729 81
730 87
731 -97
732 -98
733 10
734 62
735 16
736 97
737 -24
738 83
739 31
740 93
741 60
742 48
743 -69
744 -19
745 -43
746 -93
747 -71
748 81
749 -50
750 -64
751 63
752 -80
753 -29
754 54
755 33
756 -100
757 23
758 25
759 53
760 73
761 19
762 18
763 49
764 66
765 42
766 87
767 -27
768 -59
769 -56
770 47
771 -12
772 63
773 -97
774 7
775 -83
776 -93
777 -23
778 -78
779 -24
780 -62
781 -93
782 -57
783 -62
784 88
785 75
786 -65
787 -66
788 -74
789 -17
790 -82
791 -92
792 -95
793 -87
794 -19
795 -1
796 -46
797 -75
798 -49
799 -52
800 -77
801 78
802 -29
803 -68
804 -28
805 -39
806 99
807 -99
808 -56
809 100
810 -32
811 13
812 52
813 39
814 99
815 -71
816 79
817 78
818 -95
819 -83
820 22
821 -36
822 5
823 13
824 -2
825 -4
826 68
827 -47
828 37
829 22
830 -14
831 88
832 -72
833 -16
834 -14
835 -49
836 -87
837 83
838 24
839 -30
840 -31
841 51
842 29
843 -74
844 5
845 -21
846 17
847 11
848 30
849 87
850 25
851 33
852 -44
853 15
854 -48
855 -86
856 -90
857 53
858 64
859 -45
860 -87
861 -22
862 95
863 23
864 -31
865 73
866 -35
867 -95
868 10
869 -81
870 75
871 -83
872 -69
873 34
874 -82
875 52
876 -68
877 -61
878 9
879 69
880 4
881 -16
882 72
883 80
884 -64
885 -84
886 48
887 70
888 -62
889 10
890 -47
891 62
892 5
893 91
894 -8
895 44
896 53
897 61
898 30
899 -62
900 -9
901 -61
902 -90
903 -49
904 -81
905 -76
906 28
907 -5
908 -42
909 -24
910 -38
911 18
912 -64
913 -81
914 -20
915 83
916 -28
917 -86
918 59
919 -33
920 20
921 46
922 95
923 -51
924 -32
925 5
926 34
927 -27
928 30
929 53
930 41
931 -37
932 -28
933 -62
934 -7
935 39
936 87
937 -52
938 -24
939 -72
940 78
941 47
942 100
943 -45
944 -40
945 -9
946 87
947 -91
948 54
949 62
950 100
951 -63
952 -97
953 31
954 -99
955 -87
956 -49
957 -8
958 73
959 -71
960 5
961 -31
962 -18
963 26
964 35
965 69
966 -42
967 -26
968 95
969 84
970 -81
971 -14
972 82
973 17
974 55
975 73
976 -52
977 -82
978 2
979 44
980 2
981 -40
982 67
983 -99
984 27
985 -54
986 -22
987 78
988 3
989 31
990 44
991 17
992 -88
993 -63
994 -75
995 -83
996 -35
997 -59
998 -43
999 63
1000 16
1001 -23
1002 -87
1003 -46
1004 96
1005 -31
1006 3
1007 47
1008 -99
1009 90
1010 -63
1011 21
1012 7
1013 -84
1014 68
1015 -55
1016 -12
1017 86
1018 32
1019 16
1020 72
1021 14
1022 -59
1023 16
