0 -15
1 -23
2 -48
3 -89
4 86
5 -40
6 -50
7 11
8 81
9 -8
10 40
11 -54
12 6
13 96
14 35
15 -13
16 -37
17 7
18 -79
19 -87
20 51
21 44
22 -18
23 -46
24 -14
25 50
26 83
27 -83
28 28
29 -37
30 47
31 -66
32 -36
33 -25
34 -48
35 21
36 -88
37 34
38 57
39 84
40 -3
41 59
42 48
43 -2
44 46
45 67
46 -81
47 -71
48 18
49 -84
50 -65
51 45
52 -6
53 -77
54 77
55 -96
56 68
57 8
58 52
59 88
60 35
61 96
62 -49
63 -95
64 34
65 -33
66 -54
67 -42
68 62
69 -48
70 -34
71 98
72 12
73 -11
74 92
75 20
76 -53
77 6
78 -28
79 87
80 -37
81 88
82 70
83 84
84 -33
85 -31
86 -63
87 13
88 79
89 90
90 14
91 1
92 -22
93 -41
94 16
95 96
96 -11
97 84
98 80
99 -16
100 -4
101 97
102 -90
103 -7
104 63
105 -93
106 85
107 27
108 -25
109 -33
110 -80
111 -93
112 44
113 38
114 41
115 -92
116 99
117 -49
118 66
119 79
120 -86
121 -26
122 -22
123 20
124 -13
125 -22
126 14
127 15
128 -71
129 -23
130 -24
131 22
132 94
133 95
134 7
135 81
136 -86
137 -80
138 -27
139 48
140 -99
141 -100
142 -32
143 57
144 90
145 27
146 -35
147 -5
148 -49
149 27
150 27
151 -13
152 9
153 -71
154 -62
155 -74
156 59
157 35
158 65
159 37
160 -90
161 -83
162 -38
163 -14
164 74
165 -93
166 -91
167 6
168 -23
169 -52
170 -33
171 63
172 -34
173 -91
174 -1
175 31
176 -77
177 73
178 -59
179 25
180 86
181 -74
182 -20
183 -22
184 70
185 -76
186 -100
187 76
188 64
189 -6
190 -93
191 20
192 10
193 16
194 50
195 -89
196 85
197 -61
198 -54
199 -20
200 34
201 54
202 89
203 42
204 38
205 -18
206 -32
207 11
208 15
209 14
210 94
211 -72
212 100
213 61
214 -98
215 -42
216 17
217 73
218 -81
219 12
220 56
221 5
222 -99
223 -65
224 -55
225 40
226 100
227 38
228 -67
229 65
230 -21
231 -85
232 -80
233 -23
234 -6
235 54
236 -25
237 -78
238 -78
239 -96
240 78
241 75
242 -62
243 80
244 66
245 42
246 -13
247 -60
248 -9
249 59
250 73
251 6
252 -13
253 24
254 -72
255 -34
256 90
257 85
258 26
259 -24
260 -45
261 83
262 -27
263 92
264 -88
265 96
266 14
267 76
268 -18
269 29
270 29
271 -63
272 -25
273 -22
274 61
275 38
276 9
277 -26
278 37
279 -72
280 43
281 -85
282 2
283 22
284 -82
285 23
286 32
287 67
288 -96
289 -29
290 28
291 28
292 -8
293 33
294 11
295 22
296 -1
297 -100
298 17
299 -67
300 52
301 53
302 -31
303 -8
304 49
305 63
306 -26
307 22
308 -86
309 19
310 32
311 -14
312 33
313 20
314 -12
315 -32
316 -16
317 35
318 67
319 25
320 -23
321 89
322 15
323 1
324 -76
325 61
326 70
327 -44
328 -44
329 64
330 21
331 97
332 100
333 -47
334 -61
335 91
336 -48
337 16
338 11
339 -81
340 -60
341 -82
342 -18
343 7
344 -9
345 -3
346 -1
347 -34
348 69
349 -82
350 -50
351 50
352 9
353 -86
354 -56
355 -77
356 35
357 -1
358 -56
359 -50
360 -94
361 -8
362 90
363 78
364 -76
365 -33
366 -47
367 -5
368 -78
369 -64
370 -89
371 -77
372 55
373 -48
374 71
375 -16
376 80
377 37
378 10
379 -91
380 73
381 81
382 44
383 1
384 73
385 49
386 71
387 36
388 18
389 -9
390 28
391 -85
392 -80
393 -8
394 -9
395 43
396 49
397 86
398 -73
399 66
400 -22
401 70
402 -12
403 -80
404 55
405 28
406 5
407 -48
408 76
409 -73
410 55
411 19
412 89
413 40
414 -15
415 66
416 54
417 -19
418 22
419 57
420 -52
421 -96
422 -44
423 24
424 -44
425 -14
426 -52
427 -32
428 -68
429 10
430 24
431 5
432 -58
433 62
434 -24
435 10
436 -38
437 89
438 -44
439 -75
440 15
441 -74
442 -96
443 7
444 32
445 -29
446 25
447 -72
448 -41
449 -63
450 -51
451 57
452 13
453 -50
454 99
455 87
456 81
457 -42
458 29
459 33
460 -51
461 -34
462 -39
463 15
464 62
465 86
466 83
467 -50
468 12
469 12
470 91
471 -26
472 -69
473 96
474 22
475 85
476 45
477 67
478 56
479 -10
480 98
481 -52
482 84
483 29
484 -86
485 -13
486 -87
487 78
488 18
489 -57
490 24
491 31
492 -67
493 -96
494 -25
495 25
496 64
497 -95
498 -7
499 1
500 41
501 96
502 50
503 -87
504 -94
505 6
506 0
507 24
508 -69
509 59
510 67
511 22
512 -21
513 24
514 42
515 -83
516 -75
517 13
518 61
519 -21
520 49
521 -77
522 44
523 58
524 -60
525 65
526 -99
527 -58
528 61
529 -85
530 -4
531 8
532 17
533 -47
534 73
535 10
536 -93
537 87
538 2
539 59
540 -26
541 82
542 -82
543 72
544 -69
545 -16
546 66
547 -79
548 -90
549 96
550 79
551 32
552 -45
553 75
554 -58
555 -71
556 73
557 22
558 24
559 6
560 50
561 69
562 6
563 80
564 -81
565 -84
566 -22
567 71
568 21
569 -94
570 -67
571 -32
572 6
573 -93
574 -70
575 -50
576 -66
577 -86
578 -69
579 -89
580 8
581 36
582 48
583 23
584 67
585 -85
586 -30
587 31
588 94
589 -38
590 -45
591 70
592 23
593 79
594 16
595 -31
596 -17
597 66
598 5
599 16
600 37
601 -75
602 83
603 24
604 -5
605 67
606 -9
607 70
608 64
609 -92
610 80
611 57
612 10
613 -5
614 -24
615 -41
616 43
617 97
618 72
619 -5
620 -71
621 99
622 52
623 60
624 -60
625 -8
626 63
627 99
628 -27
629 -63
630 -87
631 -78
632 -26
633 -97
634 -57
635 75
636 43
637 37
638 96
639 68
640 -58
641 -11
642 -75
643 86
644 72
645 -57
646 21
647 -55
648 93
649 88
650 97
651 -10
652 -14
653 93
654 -30
655 -93
656 -44
657 -75
658 -53
659 20
660 -6
661 -38
662 -61
663 48
664 58
665 33
666 -94
667 -94
668 13
669 -95
670 -59
671 69
672 -15
673 68
674 69
675 47
676 -53
677 -38
678 56
679 -28
680 -96
681 -2
682 18
683 87
684 80
685 -66
686 42
687 48
688 62
689 -59
690 58
691 59
692 71
693 -97
694 -67
695 -78
696 73
697 75
698 74
699 88
700 71
701 -63
702 22
703 4
704 -25
705 14
706 -63
707 45
708 8
709 -62
710 -23
711 -47
712 -36
713 -32
714 -92
715 98
716 -6
717 -51
718 -84
719 -27
720 52
721 -52
722 -9
723 6
724 -20
725 -3
726 29
727 86
728 -67
729 93
730 56
731 -6
732 -76
733 -46
734 55
735 14
736 -58
737 -72
738 -94
739 21
740 65
741 85
742 47
743 82
744 65
745 -1
746 96
747 72
748 -87
749 -71
750 79
751 -1
752 100
753 -99
754 27
755 -81
756 8
757 -40
758 -7
759 33
760 19
761 6
762 88
763 76
764 -56
765 29
766 63
767 -54
768 66
769 30
770 72
771 -38
772 -65
773 -78
774 66
775 -6
776 -17
777 56
778 -1
779 96
780 7
781 -64
782 -4
783 -44
784 -63
785 -2
786 83
787 -39
788 -35
789 -86
790 -38
791 -22
792 95
793 -37
794 5
795 53
796 94
797 86
798 -61
799 36
800 -76
801 -46
802 -79
803 48
804 2
805 3
806 55
807 -16
808 -56
809 -96
810 -87
811 -1
812 -59
813 15
814 -12
815 64
816 74
817 36
818 -49
819 53
820 -80
821 28
822 -87
823 30
824 69
825 19
826 -54
827 -19
828 17
829 -11
830 -22
831 60
832 65
833 -83
834 20
835 -19
836 32
837 80
838 -13
839 -50
840 21
841 -77
842 47
843 30
844 61
845 59
846 4
847 -18
848 -15
849 -60
850 63
851 36
852 57
853 -95
854 71
855 -63
856 74
857 -80
858 37
859 81
860 38
861 -94
862 23
863 50
864 -2
865 55
866 -86
867 79
868 -33
869 -22
870 65
871 -9
872 -94
873 35
874 -9
875 -95
876 77
877 30
878 65
879 74
880 -69
881 38
882 49
883 45
884 53
885 11
886 -38
887 45
888 -10
889 -41
890 27
891 -23
892 -34
893 -47
894 -99
895 -39
896 -46
897 -89
898 70
899 43
900 81
901 -12
902 68
903 19
904 17
905 -56
906 91
907 -99
908 -23
909 -97
910 8
911 31
912 47
913 89
914 -31
915 8
916 -59
917 60
918 3
919 -73
920 -22
921 -49
922 20
923 -1
924 -10
925 -97
926 -89
927 -89
928 19
929 -90
930 54
931 -88
932 -53
933 93
934 -77
935 41
936 -63
937 25
938 -56
939 -86
940 -83
941 22
942 75
943 -45
944 -15
945 26
946 -56
947 -80
948 69
949 52
950 -42
951 -97
952 -9
953 36
954 87
955 61
956 65
957 68
958 59
959 17
960 -98
961 0
962 -59
963 20
964 -51
965 85
966 51
967 39
968 -93
969 -70
970 -89
971 39
972 94
973 -71
974 65
975 41
976 -10
977 13
978 -16
979 78
980 -1
981 -60
982 90
983 -61
984 61
985 -16
986 -8
987 -10
988 39
989 -63
990 -42
991 13
992 -80
993 16
994 -26
995 -69
996 -44
997 77
998 -72
999 -40
1000 -25
1001 68
1002 55
1003 61
1004 -17
1005 20
1006 -45
1007 5
1008 -56
1009 -51
1010 -36
1011 93
1012 45
1013 67
1014 1
1015 -67
1016 -80
1017 75
1018 72
1019 -4
1020 27
1021 56
1022 -74
1023 -84
