0 12
1 -99
2 55
3 36
4 10
5 51
6 -20
7 -69
8 64
9 57
10 59
11 -62
12 -81
13 68
14 70
15 67
16 60
17 77
18 -96
19 78
20 -96
21 -98
22 -22
23 -37
24 -59
25 39
26 -64
27 31
28 89
29 -73
30 58
31 -89
32 -85
33 88
34 42
35 -42
36 -100
37 25
38 -44
39 2
40 25
41 -15
42 -33
43 94
44 89
45 59
46 63
47 -4
48 -82
49 -67
50 -6
51 -80
52 42
53 62
54 -45
55 89
56 -33
57 -67
58 8
59 -80
60 62
61 -5
62 70
63 97
64 7
65 93
66 50
67 89
68 76
69 -44
70 41
71 26
72 -2
73 -22
74 82
75 -85
76 -53
77 -19
78 -100
79 -78
80 -5
81 -53
82 16
83 -10
84 -3
85 86
86 95
87 66
88 67
89 -89
90 68
91 3
92 -96
93 -51
94 67
95 54
96 -90
97 13
98 -8
99 64
100 -78
101 60
102 -52
103 -92
104 31
105 -4
106 -68
107 -39
108 -24
109 -37
110 66
111 86
112 -94
113 -1
114 -7
115 -74
116 43
117 -35
118 -84
119 -30
120 40
121 53
122 -94
123 -71
124 89
125 56
126 -84
127 51
128 4
129 -74
130 -68
131 59
132 -70
133 31
134 -71
135 5
136 84
137 51
138 18
139 -46
140 -26
141 85
142 -44
143 1
144 18
145 32
146 -23
147 -38
148 64
149 -67
150 -38
151 -24
152 -54
153 25
154 4
155 -39
156 33
157 53
158 -48
159 -6
160 -94
161 7
162 48
163 52
164 -78
165 -96
166 64
167 -89
168 -58
169 -57
170 -11
171 5
172 96
173 -24
174 -85
175 49
176 57
177 8
178 3
179 -66
180 -95
181 -91
182 18
183 32
184 73
185 78
186 65
187 -2
188 -2
189 56
190 -17
191 -76
192 -56
193 -93
194 -70
195 -74
196 -6
197 -43
198 -66
199 -44
200 91
201 77
202 -23
203 -64
204 -59
205 48
206 94
207 31
208 -33
209 20
210 -20
211 13
212 97
213 -76
214 -85
215 -24
216 6
217 -36
218 71
219 -66
220 -26
221 -60
222 41
223 42
224 63
225 -42
226 -75
227 -8
228 -85
229 -64
230 -30
231 -2
232 73
233 10
234 74
235 -54
236 67
237 -17
238 -7
239 -94
240 69
241 -2
242 76
243 -45
244 40
245 53
246 74
247 -65
248 57
249 -2
250 61
251 -4
252 48
253 -1
254 -79
255 29
256 38
257 -85
258 94
259 0
260 46
261 -93
262 97
263 7
264 18
265 -79
266 80
267 -41
268 10
269 4
270 -92
271 14
272 -66
273 39
274 -51
275 -8
276 -9
277 -21
278 87
279 6
280 77
281 74
282 22
283 -40
284 98
285 -98
286 -7
287 -70
288 -73
289 -47
290 11
291 86
292 23
293 9
294 43
295 -79
296 5
297 47
298 51
299 70
300 15
301 32
302 95
303 33
304 -64
305 -5
306 60
307 -98
308 76
309 -100
310 -86
311 7
312 -37
313 75
314 -79
315 -16
316 3
317 -92
318 -82
319 -55
320 67
321 36
322 -68
323 -93
324 -77
325 7
326 -27
327 30
328 -34
329 24
330 61
331 38
332 74
333 26
334 -88
335 2
336 -53
337 3
338 -17
339 26
340 -63
341 -24
342 4
343 -67
344 23
345 55
346 22
347 -89
348 9
349 -57
350 8
351 -70
352 -52
353 5
354 87
355 -7
356 -26
357 -56
358 -77
359 29
360 82
361 -79
362 -60
363 -12
364 75
365 -11
366 55
367 98
368 67
369 34
370 63
371 40
372 96
373 28
374 -15
375 -61
376 -55
377 45
378 -68
379 63
380 -26
381 -35
382 69
383 -18
384 49
385 -92
386 -72
387 -81
388 48
389 -57
390 25
391 -98
392 -71
393 -65
394 58
395 22
396 47
397 -79
398 1
399 27
400 17
401 60
402 63
403 -78
404 -59
405 -59
406 -43
407 12
408 -28
409 -36
410 -89
411 -83
412 -5
413 -87
414 -37
415 -40
416 -72
417 34
418 -65
419 11
420 -17
421 26
422 23
423 -75
424 69
425 29
426 22
427 44
428 28
429 -73
430 75
431 24
432 -50
433 -22
434 80
435 -89
436 13
437 82
438 92
439 -19
440 76
441 49
442 41
443 -41
444 40
445 -90
446 23
447 69
448 -79
449 -89
450 99
451 50
452 -32
453 56
454 94
455 -53
456 -31
457 89
458 -43
459 -92
460 46
461 -70
462 23
463 -98
464 20
465 -26
466 -16
467 21
468 62
469 -27
470 47
471 96
472 35
473 -74
474 39
475 28
476 63
477 100
478 -62
479 7
480 100
481 72
482 -47
483 80
484 40
485 28
486 41
487 -99
488 -62
489 24
490 -24
491 95
492 -47
493 -99
494 39
495 -67
496 61
497 -76
498 50
499 -24
500 -96
501 -10
502 -81
503 59
504 10
505 -57
506 -88
507 70
508 -89
509 72
510 28
511 -53
512 54
513 0
514 -89
515 81
516 -6
517 -76
518 62
519 26
520 63
521 20
522 82
523 46
524 -59
525 76
526 -69
527 5
528 -1
529 58
530 -67
531 -75
532 -94
533 -78
534 43
535 -80
536 -55
537 95
538 -22
539 -22
540 71
541 -88
542 -33
543 64
544 29
545 -26
546 61
547 37
548 9
549 97
550 -51
551 -67
552 -6
553 22
554 66
555 -16
556 -30
557 91
558 -58
559 67
560 -20
561 86
562 91
563 18
564 -17
565 -59
566 49
567 -88
568 57
569 -47
570 18
571 -44
572 63
573 33
574 -63
575 98
576 54
577 35
578 37
579 -85
580 -45
581 -50
582 -98
583 -76
584 5
585 -91
586 -45
587 33
588 -82
589 23
590 2
591 -94
592 -34
593 -26
594 -52
595 7
596 21
597 -97
598 9
599 -77
600 -64
601 45
602 -17
603 42
604 81
605 -65
606 44
607 -65
608 67
609 54
610 -11
611 -17
612 -22
613 21
614 29
615 72
616 71
617 -74
618 -18
619 88
620 89
621 -73
622 62
623 42
624 -19
625 -3
626 -46
627 -11
628 92
629 52
630 96
631 87
632 -45
633 79
634 -5
635 -4
636 -98
637 93
638 -93
639 -47
640 -49
641 15
642 -46
643 -44
644 75
645 28
646 0
647 55
648 -1
649 16
650 18
651 57
652 75
653 45
654 20
655 25
656 89
657 -43
658 -15
659 -18
660 -2
661 -14
662 -33
663 -81
664 -53
665 -67
666 1
667 68
668 -45
669 47
670 96
671 -1
672 -34
673 17
674 95
675 -65
676 41
677 -77
678 -68
679 -35
680 73
681 48
682 -60
683 -100
684 44
685 -86
686 36
687 -51
688 29
689 -32
690 72
691 12
692 31
693 -100
694 15
695 5
696 -35
697 -32
698 -80
699 -18
700 15
701 87
702 -63
703 72
704 70
705 38
706 -42
707 45
708 10
709 -52
710 -26
711 26
712 10
713 72
714 -33
715 -82
716 52
717 92
718 -86
719 66
720 32
721 -5
722 -96
723 87
724 52
725 59
726 0
727 -13
728 65
729 -2
730 61
731 40
732 13
733 -24
734 -56
735 28
736 -27
737 -94
738 -96
739 16
740 27
741 38
742 -83
743 -14
744 -3
745 -82
746 58
747 -76
748 -22
749 75
750 5
751 61
752 -45
753 -84
754 29
755 -56
756 48
757 -61
758 73
759 -2
760 -52
761 87
762 48
763 23
764 22
765 -37
766 47
767 96
768 99
769 10
770 -56
771 -100
772 56
773 40
774 -11
775 24
776 -17
777 22
778 -53
779 86
780 -51
781 -94
782 81
783 9
784 51
785 82
786 -32
787 -21
788 -68
789 35
790 -24
791 -9
792 19
793 63
794 99
795 -47
796 95
797 -100
798 59
799 54
800 -18
801 -84
802 -58
803 4
804 8
805 -26
806 94
807 99
808 70
809 6
810 73
811 -26
812 29
813 71
814 55
815 -10
816 -5
817 41
818 47
819 0
820 -44
821 -33
822 65
823 -93
824 -98
825 -11
826 26
827 0
828 44
829 -1
830 44
831 28
832 -26
833 -20
834 50
835 17
836 -73
837 -15
838 100
839 35
840 33
841 -87
842 -100
843 52
844 -64
845 69
846 94
847 -74
848 -64
849 -49
850 88
851 -78
852 -36
853 90
854 63
855 94
856 -20
857 11
858 28
859 94
860 48
861 -64
862 31
863 -56
864 -65
865 97
866 45
867 -81
868 49
869 -65
870 19
871 -53
872 84
873 -32
874 -85
875 43
876 63
877 27
878 97
879 88
880 0
881 32
882 34
883 -98
884 72
885 67
886 -78
887 67
888 14
889 44
890 -37
891 -10
892 -43
893 17
894 64
895 -34
896 86
897 53
898 -90
899 -63
900 -7
901 2
902 44
903 60
904 -70
905 47
906 -62
907 0
908 16
909 20
910 -34
911 -22
912 42
913 100
914 39
915 -21
916 -50
917 24
918 90
919 -1
920 86
921 57
922 -61
923 44
924 9
925 -68
926 69
927 25
928 -46
929 60
930 46
931 -96
932 -76
933 47
934 -13
935 -6
936 -52
937 -21
938 96
939 36
940 18
941 2
942 62
943 14
944 -26
945 -26
946 -99
947 49
948 -51
949 35
950 64
951 16
952 -48
953 -74
954 1
955 -69
956 23
957 94
958 23
959 -64
960 4
961 18
962 72
963 -80
964 89
965 -84
966 73
967 27
968 -89
969 -43
970 -89
971 -59
972 -99
973 63
974 -47
975 -70
976 34
977 64
978 -63
979 -98
980 8
981 99
982 66
983 -43
984 -10
985 -93
986 -3
987 92
988 72
989 77
990 -68
991 88
992 -78
993 31
994 63
995 61
996 -55
997 -28
998 90
999 -96
1000 26
1001 -30
1002 -100
1003 33
1004 46
1005 66
1006 -72
1007 12
1008 -42
1009 -55
1010 -55
1011 -24
1012 18
1013 44
1014 -5
1015 -85
1016 66
1017 -46
1018 -56
1019 -66
1020 63
1021 76
1022 -18
1023 78
