0 13
1 45
2 -10
3 63
4 16
5 12
6 32
7 -94
8 -95
9 19
10 9
11 -16
12 48
13 17
14 -81
15 -54
16 37
17 37
18 -91
19 -15
20 41
21 -22
22 -24
23 -43
24 -98
25 12
26 96
27 -96
28 -96
29 1
30 -2
31 15
32 -81
33 -32
34 -68
35 -78
36 70
37 -66
38 7
39 25
40 11
41 -42
42 -86
43 -44
44 42
45 65
46 -20
47 -93
48 41
49 -3
50 -15
51 -74
52 -27
53 40
54 68
55 -28
56 -31
57 -87
58 -41
59 -20
60 84
61 -57
62 -13
63 30
64 14
65 -58
66 55
67 58
68 44
69 88
70 -50
71 18
72 8
73 77
74 49
75 -22
76 -17
77 18
78 88
79 -12
80 5
81 64
82 -84
83 39
84 25
85 6
86 37
87 72
88 3
89 -83
90 48
91 44
92 -78
93 65
94 71
95 -3
96 -45
97 -29
98 -28
99 -80
100 99
101 90
102 -20
103 31
104 93
105 -100
106 29
107 -34
108 -85
109 -87
110 9
111 -71
112 -60
113 -49
114 -4
115 26
116 -46
117 -4
118 76
119 -20
120 58
121 80
122 -28
123 -92
124 -80
125 -31
126 85
127 -86
128 -69
129 12
130 -79
131 -54
132 78
133 44
134 -10
135 82
136 90
137 -60
138 69
139 85
140 -34
141 -20
142 19
143 86
144 32
145 11
146 23
147 17
148 5
149 86
150 57
151 -100
152 95
153 -32
154 67
155 6
156 -35
157 -77
158 -89
159 -46
160 -94
161 50
162 9
163 -52
164 -38
165 21
166 55
167 29
168 29
169 -30
170 -24
171 82
172 -46
173 -44
174 -30
175 -14
176 10
177 17
178 56
179 -97
180 -22
181 -79
182 -56
183 46
184 -87
185 86
186 -95
187 -93
188 18
189 33
190 -8
191 5
192 -47
193 10
194 -59
195 -9
196 7
197 -80
198 -83
199 55
200 74
201 45
202 -33
203 97
204 43
205 -92
206 -3
207 -7
208 23
209 90
210 -29
211 27
212 54
213 82
214 45
215 94
216 -33
217 -89
218 23
219 14
220 -41
221 41
222 -40
223 94
224 25
225 26
226 64
227 47
228 -49
229 85
230 40
231 -36
232 44
233 74
234 67
235 -52
236 -53
237 90
238 13
239 -77
240 -48
241 -79
242 -25
243 -89
244 44
245 -52
246 -68
247 -56
248 -43
249 79
250 15
251 -42
252 -51
253 -65
254 -67
255 85
256 41
257 -22
258 -28
259 -88
260 39
261 -59
262 59
263 65
264 -81
265 61
266 -86
267 38
268 -75
269 -45
270 -66
271 49
272 -51
273 52
274 57
275 31
276 48
277 70
278 -57
279 -36
280 -82
281 26
282 -69
283 95
284 0
285 -30
286 -12
287 -54
288 -57
289 -97
290 48
291 38
292 -96
293 -78
294 95
295 -23
296 -81
297 89
298 21
299 93
300 70
301 50
302 -28
303 67
304 -63
305 77
306 -12
307 -29
308 5
309 28
310 39
311 -49
312 40
313 -66
314 32
315 22
316 -98
317 -64
318 -8
319 -27
320 -40
321 -29
322 11
323 -42
324 94
325 -29
326 90
327 14
328 -93
329 -91
330 90
331 37
332 59
333 -32
334 63
335 63
336 30
337 -38
338 -83
339 85
340 100
341 -61
342 -89
343 -55
344 -81
345 15
346 -31
347 78
348 64
349 -30
350 -89
351 27
352 -45
353 -44
354 -24
355 99
356 24
357 71
358 -56
359 -83
360 81
361 -71
362 45
363 -47
364 55
365 -74
366 -54
367 43
368 -35
369 54
370 -17
371 -15
372 47
373 13
374 25
375 100
376 -87
377 6
378 -90
379 11
380 15
381 -6
382 -39
383 97
384 -65
385 -14
386 -18
387 -62
388 90
389 -19
390 97
391 49
392 -62
393 -96
394 77
395 23
396 -90
397 -30
398 32
399 -69
400 -75
401 94
402 14
403 -21
404 -37
405 -44
406 -46
407 -94
408 -73
409 51
410 44
411 86
412 23
413 14
414 38
415 -37
416 -34
417 -74
418 78
419 -78
420 -67
421 46
422 25
423 66
424 -96
425 24
426 21
427 24
428 68
429 48
430 62
431 -34
432 -8
433 99
434 69
435 -85
436 -45
437 -24
438 -26
439 -4
440 5
441 -76
442 8
443 -25
444 -68
445 59
446 -22
447 2
448 73
449 84
450 50
451 52
452 99
453 59
454 31
455 55
456 -16
457 -2
458 33
459 25
460 12
461 63
462 -36
463 16
464 -32
465 31
466 64
467 -55
468 89
469 -21
470 61
471 62
472 -39
473 84
474 37
475 -45
476 -59
477 56
478 12
479 20
480 73
481 -56
482 -45
483 49
484 77
485 88
486 68
487 -89
488 -76
489 15
490 14
491 9
492 70
493 -37
494 91
495 -25
496 -20
497 28
498 15
499 86
500 -24
501 43
502 -36
503 -66
504 -13
505 46
506 -26
507 23
508 34
509 -64
510 42
511 89
512 23
513 55
514 -65
515 -57
516 15
517 17
518 77
519 -85
520 71
521 -47
522 20
523 5
524 87
525 -85
526 -63
527 39
528 -36
529 -21
530 34
531 -74
532 96
533 6
534 -54
535 -43
536 -95
537 40
538 -56
539 -19
540 5
541 69
542 -25
543 -32
544 -91
545 -10
546 57
547 -53
548 90
549 82
550 92
551 -20
552 92
553 35
554 -79
555 -82
556 -62
557 -92
558 32
559 81
560 29
561 12
562 99
563 49
564 -35
565 -61
566 98
567 -50
568 1
569 -6
570 -35
571 20
572 -19
573 -85
574 -56
575 -33
576 -69
577 -52
578 52
579 -23
580 37
581 79
582 -37
583 86
584 69
585 -98
586 89
587 99
588 80
589 -77
590 -98
591 -97
592 81
593 -37
594 31
595 -2
596 -95
597 74
598 -16
599 -77
600 -35
601 87
602 -75
603 7
604 -45
605 -9
606 69
607 -20
608 66
609 -56
610 88
611 -40
612 58
613 -17
614 -42
615 -25
616 67
617 -74
618 24
619 -85
620 -77
621 4
622 -4
623 -5
624 92
625 -95
626 67
627 -24
628 92
629 -72
630 35
631 -83
632 61
633 90
634 95
635 90
636 -16
637 86
638 40
639 -100
640 29
641 11
642 -94
643 1
644 17
645 76
646 -18
647 39
648 95
649 -36
650 69
651 95
652 -29
653 36
654 48
655 -64
656 6
657 33
658 -34
659 4
660 34
661 -44
662 58
663 -99
664 -95
665 2
666 -26
667 -87
668 62
669 37
670 87
671 98
672 34
673 99
674 -79
675 -91
676 -25
677 -89
678 -39
679 63
680 -3
681 -39
682 -96
683 -95
684 57
685 44
686 -9
687 -47
688 -59
689 -17
690 -18
691 6
692 11
693 -100
694 -31
695 -28
696 -97
697 -27
698 -71
699 -47
700 11
701 -42
702 -68
703 74
704 -91
705 -86
706 64
707 -99
708 -96
709 27
710 29
711 -36
712 70
713 4
714 55
715 8
716 -95
717 -97
718 -14
719 -89
720 -8
721 -59
722 45
723 38
724 12
725 95
726 -69
727 -15
728 -33
729 -18
730 -87
731 -47
732 2
733 46
734 -89
735 68
736 42
737 64
738 -94
739 -57
740 -10
741 -29
742 -17
743 32
744 -97
745 -88
746 -43
747 -11
748 -97
749 15
750 -71
751 32
752 14
753 64
754 0
755 47
756 -5
757 -19
758 74
759 72
760 76
761 -75
762 53
763 22
764 12
765 10
766 2
767 37
768 97
769 -58
770 -90
771 52
772 -12
773 -16
774 29
775 -76
776 33
777 24
778 14
779 -7
780 94
781 61
782 55
783 -61
784 35
785 -13
786 -6
787 86
788 -86
789 -22
790 -90
791 58
792 9
793 54
794 11
795 68
796 90
797 0
798 32
799 89
800 26
801 -89
802 -46
803 77
804 41
805 -63
806 5
807 60
808 72
809 -91
810 44
811 26
812 -93
813 57
814 -91
815 73
816 -45
817 82
818 -86
819 45
820 27
821 -28
822 28
823 -32
824 -7
825 -33
826 1
827 -8
828 -83
829 52
830 -46
831 -51
832 18
833 -63
834 -38
835 2
836 86
837 -14
838 -78
839 43
840 -51
841 -29
842 -35
843 54
844 -42
845 33
846 -48
847 -60
848 10
849 44
850 -54
851 68
852 -63
853 2
854 -53
855 80
856 93
857 -58
858 85
859 30
860 36
861 19
862 81
863 68
864 -32
865 -39
866 -63
867 -21
868 -54
869 -53
870 78
871 -16
872 4
873 -32
874 -75
875 12
876 16
877 -100
878 -28
879 -37
880 37
881 95
882 54
883 22
884 60
885 -27
886 -29
887 56
888 91
889 -36
890 -85
891 -29
892 -67
893 -67
894 52
895 -8
896 -97
897 -20
898 -91
899 59
900 -50
901 -54
902 66
903 63
904 90
905 33
906 7
907 88
908 41
909 -33
910 98
911 -94
912 64
913 49
914 32
915 24
916 -39
917 -43
918 -32
919 25
920 -24
921 19
922 -2
923 -71
924 11
925 65
926 -31
927 -65
928 9
929 -49
930 21
931 -11
932 14
933 79
934 17
935 69
936 -64
937 -83
938 36
939 -90
940 -15
941 80
942 -62
943 -9
944 29
945 8
946 52
947 -4
948 -37
949 58
950 44
951 100
952 68
953 -45
954 19
955 75
956 4
957 84
958 -73
959 37
960 96
961 -9
962 -91
963 -46
964 68
965 -22
966 -63
967 -92
968 8
969 76
970 55
971 62
972 -5
973 -100
974 38
975 -67
976 -10
977 -97
978 99
979 -65
980 58
981 51
982 -94
983 45
984 -97
985 29
986 59
987 60
988 42
989 90
990 46
991 21
992 49
993 -40
994 92
995 -38
996 -3
997 78
998 -71
999 25
1000 -96
1001 -89
1002 32
1003 -97
1004 9
1005 36
1006 -32
1007 53
1008 98
1009 -26
1010 -88
1011 -64
1012 42
1013 -52
1014 -59
1015 13
1016 -65
1017 -24
1018 -95
1019 -89
1020 -52
1021 16
1022 58
1023 -27
