0 -80
1 -46
2 -10
3 -15
4 -82
5 90
6 95
7 98
8 -76
9 18
10 35
11 -60
12 34
13 57
14 21
15 -6
16 -35
17 61
18 -100
19 7
20 -50
21 -21
22 99
23 38
24 -21
25 23
26 -31
27 22
28 -56
29 -100
30 27
31 62
32 5
33 84
34 93
35 -39
36 -78
37 -61
38 0
39 -88
40 87
41 -28
42 99
43 -50
44 74
45 -100
46 -14
47 22
48 -68
49 -71
50 -5
51 8
52 43
53 99
54 20
55 -95
56 -42
57 45
58 -90
59 81
60 -94
61 -75
62 -80
63 15
64 -87
65 -53
66 89
67 -47
68 -49
69 -7
70 -65
71 67
72 -42
73 47
74 82
75 12
76 33
77 51
78 34
79 -42
80 -5
81 0
82 -27
83 -46
84 77
85 47
86 -52
87 84
88 76
89 -61
90 8
91 98
92 55
93 10
94 91
95 62
96 59
97 99
98 -25
99 11
100 48
101 -82
102 -24
103 97
104 4
105 -61
106 -27
107 -38
108 -92
109 -54
110 -82
111 24
112 -56
113 53
114 53
115 -12
116 5
117 100
118 -70
119 -32
120 -54
121 -83
122 -43
123 -81
124 -71
125 -59
126 -58
127 36
128 21
129 70
130 77
131 61
132 100
133 50
134 53
135 -1
136 -31
137 -27
138 34
139 -54
140 53
141 65
142 31
143 56
144 10
145 -71
146 36
147 30
148 -77
149 21
150 69
151 33
152 -91
153 -2
154 -26
155 47
156 -69
157 -19
158 71
159 82
160 -13
161 -100
162 -74
163 -76
164 81
165 -93
166 -69
167 -26
168 -81
169 5
170 -94
171 -57
172 -90
173 32
174 48
175 -37
176 46
177 7
178 -35
179 -78
180 -74
181 -34
182 2
183 -17
184 -21
185 -68
186 55
187 -81
188 -15
189 64
190 -12
191 -56
192 11
193 -7
194 62
195 -25
196 -100
197 1
198 -77
199 -38
200 20
201 69
202 1
203 -91
204 45
205 -66
206 38
207 52
208 -38
209 71
210 50
211 91
212 -50
213 -47
214 74
215 -88
216 92
217 -58
218 43
219 41
220 -48
221 -29
222 -91
223 72
224 54
225 59
226 -22
227 -17
228 -67
229 49
230 -94
231 -98
232 69
233 -22
234 43
235 -73
236 -49
237 -38
238 23
239 -77
240 28
241 -54
242 74
243 -3
244 66
245 95
246 -5
247 69
248 10
249 36
250 -16
251 55
252 98
253 -66
254 57
255 -4
256 71
257 75
258 -36
259 0
260 5
261 46
262 20
263 95
264 59
265 52
266 80
267 67
268 -16
269 -74
270 -32
271 74
272 -78
273 93
274 22
275 33
276 -63
277 -74
278 -20
279 -16
280 -59
281 -37
282 72
283 45
284 -8
285 39
286 -88
287 20
288 -84
289 -75
290 94
291 17
292 82
293 35
294 -89
295 38
296 0
297 33
298 94
299 22
300 85
301 -41
302 39
303 -69
304 62
305 7
306 -11
307 -48
308 81
309 -78
310 -85
311 -52
312 -30
313 26
314 46
315 25
316 -72
317 53
318 93
319 52
320 -71
321 17
322 17
323 10
324 -42
325 -81
326 -45
327 -43
328 92
329 -84
330 -72
331 96
332 22
333 83
334 -96
335 -24
336 20
337 65
338 -40
339 55
340 3
341 22
342 -43
343 34
344 25
345 -92
346 27
347 5
348 41
349 89
350 44
351 54
352 -90
353 -79
354 -88
355 -21
356 -3
357 98
358 56
359 -65
360 -45
361 -77
362 30
363 84
364 100
365 -63
366 68
367 2
368 -10
369 4
370 11
371 16
372 -10
373 61
374 55
375 -95
376 -80
377 82
378 -42
379 -35
380 65
381 -25
382 21
383 81
384 -31
385 -33
386 6
387 99
388 -73
389 -35
390 7
391 -21
392 45
393 26
394 -5
395 -50
396 22
397 -9
398 12
399 48
400 29
401 -65
402 89
403 -88
404 13
405 27
406 -42
407 -4
408 -97
409 -41
410 -67
411 -77
412 91
413 -91
414 97
415 -22
416 39
417 89
418 53
419 -33
420 -60
421 75
422 18
423 -44
424 35
425 63
426 -8
427 92
428 -74
429 84
430 72
431 24
432 -37
433 -3
434 -34
435 -80
436 52
437 -64
438 -45
439 -29
440 -62
441 22
442 53
443 12
444 30
445 -49
446 -84
447 -25
448 12
449 -11
450 49
451 -56
452 -29
453 -63
454 -90
455 -56
456 -68
457 18
458 55
459 -66
460 -85
461 -26
462 -20
463 -33
464 15
465 71
466 54
467 -83
468 83
469 -20
470 57
471 -35
472 -97
473 -15
474 41
475 3
476 27
477 -53
478 39
479 7
480 -18
481 -79
482 39
483 -41
484 -1
485 0
486 58
487 -16
488 -46
489 -99
490 -14
491 39
492 28
493 43
494 -72
495 60
496 -71
497 -26
498 56
499 16
500 29
501 -62
502 -65
503 -51
504 -35
505 -33
506 28
507 -75
508 20
509 41
510 33
511 -61
512 34
513 41
514 69
515 89
516 -63
517 -65
518 -35
519 -73
520 34
521 34
522 -45
523 -32
524 49
525 91
526 -29
527 -73
528 59
529 -86
530 -37
531 29
532 -87
533 -20
534 -19
535 16
536 14
537 -48
538 -71
539 -30
540 48
541 62
542 64
543 4
544 3
545 -54
546 -2
547 13
548 22
549 6
550 -81
551 -74
552 50
553 -2
554 -37
555 -73
556 -91
557 5
558 -78
559 9
560 50
561 -92
562 72
563 70
564 -7
565 -90
566 -38
567 -72
568 -31
569 -77
570 -12
571 -42
572 -33
573 88
574 -89
575 -16
576 90
577 -67
578 13
579 50
580 -58
581 -24
582 36
583 28
584 -60
585 -17
586 -42
587 14
588 -51
589 32
590 67
591 -52
592 93
593 -83
594 -19
595 -86
596 -31
597 -73
598 -24
599 78
600 -4
601 23
602 -59
603 73
604 -91
605 36
606 68
607 -86
608 41
609 79
610 -26
611 -32
612 -42
613 -26
614 36
615 42
616 -79
617 21
618 65
619 97
620 -36
621 66
622 93
623 -35
624 76
625 -46
626 -5
627 55
628 -35
629 51
630 55
631 43
632 42
633 11
634 -82
635 89
636 95
637 0
638 -33
639 -94
640 34
641 85
642 50
643 -20
644 84
645 -75
646 -82
647 49
648 44
649 -35
650 6
651 2
652 8
653 -37
654 -3
655 -64
656 66
657 -8
658 -21
659 -76
660 80
661 -70
662 91
663 54
664 -100
665 -82
666 19
667 -31
668 86
669 95
670 57
671 -43
672 -19
673 -16
674 20
675 -93
676 -62
677 -16
678 -23
679 -100
680 -60
681 6
682 -44
683 49
684 -84
685 -60
686 -74
687 55
688 -21
689 20
690 -99
691 14
692 75
693 -6
694 78
695 -8
696 9
697 -67
698 27
699 -38
700 96
701 77
702 26
703 7
704 -12
705 -24
706 5
707 -90
708 -77
709 -37
710 79
711 -92
712 -13
713 48
714 -65
715 -72
716 40
717 43
718 -20
719 -39
720 -9
721 53
722 62
723 -78
724 -76
725 94
726 12
727 94
728 13
729 50
730 74
731 -25
732 -53
733 41
734 -7
735 -3
736 -61
737 14
738 -100
739 -77
740 -2
741 -97
742 11
743 -26
744 81
745 -53
746 25
747 -88
748 -3
749 63
750 -49
751 82
752 -85
753 7
754 69
755 -71
756 92
757 -59
758 80
759 -32
760 -72
761 15
762 -43
763 -94
764 -12
765 -11
766 11
767 -6
768 72
769 99
770 -32
771 -51
772 -50
773 -34
774 -91
775 -2
776 -27
777 58
778 96
779 -1
780 36
781 -50
782 98
783 -27
784 3
785 99
786 -34
787 -67
788 9
789 11
790 100
791 -10
792 13
793 -17
794 -70
795 57
796 -44
797 47
798 54
799 36
800 -86
801 77
802 -75
803 35
804 31
805 -91
806 -58
807 55
808 20
809 22
810 74
811 -95
812 85
813 7
814 81
815 50
816 96
817 -60
818 -98
819 43
820 94
821 87
822 2
823 -46
824 14
825 -52
826 -21
827 -23
828 95
829 17
830 76
831 -18
832 62
833 51
834 -71
835 68
836 -54
837 -50
838 95
839 -52
840 29
841 91
842 15
843 55
844 -91
845 -39
846 -4
847 -43
848 96
849 -47
850 5
851 -27
852 -52
853 -50
854 90
855 -54
856 -84
857 -8
858 -49
859 -50
860 74
861 -53
862 -58
863 58
864 95
865 -79
866 13
867 -95
868 44
869 76
870 -23
871 83
872 -53
873 25
874 10
875 18
876 -8
877 -95
878 56
879 87
880 -21
881 -45
882 12
883 -78
884 -71
885 66
886 -90
887 -16
888 26
889 15
890 -17
891 -26
892 -49
893 -11
894 -89
895 -45
896 -49
897 -83
898 -75
899 -45
900 -28
901 66
902 21
903 -93
904 47
905 -68
906 82
907 -93
908 -17
909 40
910 -36
911 83
912 33
913 -68
914 -24
915 85
916 -18
917 61
918 -48
919 5
920 -1
921 97
922 -5
923 -85
924 -15
925 -71
926 -47
927 32
928 62
929 90
930 40
931 52
932 36
933 -15
934 -58
935 23
936 92
937 -93
938 -61
939 -2
940 -95
941 -46
942 -30
943 29
944 -50
945 72
946 5
947 65
948 29
949 65
950 15
951 80
952 16
953 -61
954 5
955 53
956 93
957 56
958 38
959 -10
960 -93
961 42
962 88
963 -10
964 32
965 -19
966 7
967 43
968 -2
969 -24
970 -91
971 -70
972 -73
973 66
974 -94
975 3
976 82
977 -54
978 -58
979 -13
980 -35
981 88
982 -88
983 -86
984 93
985 51
986 78
987 99
988 -42
989 -44
990 32
991 -93
992 -3
993 83
994 63
995 23
996 8
997 -20
998 -48
999 -72
1000 70
1001 24
1002 30
1003 -57
1004 -51
1005 77
1006 -93
1007 -98
1008 88
1009 -70
1010 -49
1011 -20
1012 61
1013 -24
1014 -49
1015 -68
1016 -83
1017 -7
1018 80
1019 26
1020 7
1021 92
1022 -72
1023 -3
