0 -89
1 76
2 63
3 97
4 -12
5 36
6 35
7 -96
8 -81
9 -7
10 -93
11 -16
12 95
13 37
14 32
15 -27
16 73
17 -35
18 -61
19 -10
20 87
21 23
22 47
23 20
24 12
25 18
26 7
27 -14
28 -51
29 62
30 -45
31 50
32 -85
33 73
34 -44
35 76
36 -31
37 -29
38 96
39 -11
40 27
41 88
42 13
43 47
44 60
45 53
46 72
47 -61
48 -98
49 84
50 34
51 -21
52 -87
53 -96
54 51
55 -68
56 55
57 -13
58 41
59 3
60 -78
61 3
62 53
63 -11
64 -45
65 92
66 -79
67 -1
68 99
69 -67
70 -60
71 83
72 -72
73 15
74 -89
75 -19
76 15
77 75
78 -61
79 39
80 13
81 0
82 -95
83 41
84 86
85 4
86 94
87 20
88 -7
89 22
90 30
91 -53
92 83
93 37
94 35
95 13
96 -14
97 -63
98 21
99 33
100 -42
101 -40
102 77
103 39
104 -16
105 -45
106 46
107 54
108 -65
109 -59
110 64
111 45
112 63
113 52
114 -78
115 -51
116 81
117 -54
118 -79
119 -83
120 -3
121 -75
122 -78
123 23
124 -15
125 4
126 62
127 34
128 -66
129 -49
130 59
131 21
132 6
133 -78
134 36
135 83
136 -18
137 66
138 -45
139 -77
140 28
141 -81
142 45
143 -100
144 9
145 6
146 59
147 76
148 17
149 93
150 75
151 -98
152 74
153 -5
154 56
155 0
156 62
157 -36
158 -37
159 44
160 -100
161 -22
162 68
163 29
164 42
165 33
166 -57
167 41
168 31
169 44
170 -87
171 -44
172 -20
173 -89
174 43
175 64
176 6
177 88
178 -81
179 -51
180 -28
181 -15
182 -1
183 74
184 80
185 -60
186 74
187 -44
188 -76
189 -99
190 -40
191 10
192 73
193 35
194 97
195 -42
196 -92
197 30
198 70
199 -64
200 97
201 -73
202 -12
203 51
204 22
205 10
206 58
207 33
208 -3
209 -73
210 12
211 -30
212 70
213 30
214 59
215 38
216 -34
217 49
218 64
219 -42
220 9
221 57
222 99
223 -23
224 53
225 -45
226 -91
227 -54
228 8
229 -22
230 -5
231 35
232 43
233 37
234 -28
235 5
236 -46
237 -88
238 94
239 8
240 -48
241 99
242 -51
243 -98
244 -9
245 -35
246 -11
247 47
248 -85
249 2
250 -28
251 47
252 -48
253 -56
254 -54
255 -67
256 -5
257 -30
258 -56
259 -38
260 7
261 70
262 65
263 56
264 -60
265 8
266 1
267 43
268 93
269 -35
270 -37
271 50
272 66
273 97
274 -39
275 20
276 -66
277 37
278 -16
279 91
280 15
281 -8
282 28
283 -53
284 18
285 90
286 48
287 -25
288 1
289 -55
290 95
291 -36
292 16
293 37
294 -64
295 32
296 -25
297 3
298 -68
299 -87
300 -65
301 4
302 88
303 35
304 -42
305 55
306 21
307 11
308 -60
309 98
310 -56
311 38
312 64
313 19
314 47
315 -58
316 48
317 13
318 13
319 22
320 66
321 -28
322 -6
323 80
324 -87
325 12
326 -29
327 -71
328 -76
329 22
330 84
331 -70
332 46
333 -95
334 47
335 7
336 -78
337 2
338 -48
339 50
340 -9
341 78
342 -27
343 99
344 -76
345 -22
346 45
347 -61
348 -15
349 45
350 -46
351 60
352 -82
353 38
354 -13
355 -9
356 -17
357 48
358 68
359 -73
360 -65
361 26
362 -92
363 -87
364 58
365 -95
366 19
367 71
368 61
369 -28
370 -73
371 -44
372 -29
373 -29
374 6
375 -5
376 78
377 -4
378 -64
379 64
380 -91
381 -3
382 30
383 73
384 99
385 -86
386 -26
387 82
388 -9
389 37
390 78
391 -13
392 -1
393 -17
394 16
395 -37
396 -16
397 -63
398 27
399 95
400 64
401 -39
402 -84
403 -13
404 38
405 26
406 48
407 95
408 100
409 -23
410 69
411 52
412 -77
413 -70
414 -79
415 -21
416 -84
417 -62
418 29
419 1
420 46
421 -97
422 35
423 -40
424 41
425 -69
426 24
427 -12
428 66
429 -37
430 -34
431 -98
432 10
433 76
434 -37
435 41
436 -70
437 87
438 -89
439 -83
440 -12
441 7
442 12
443 37
444 -56
445 45
446 -4
447 -37
448 37
449 -57
450 -69
451 -34
452 -57
453 5
454 71
455 -22
456 -46
457 70
458 39
459 47
460 -26
461 -29
462 -23
463 1
464 -39
465 90
466 8
467 41
468 50
469 63
470 -6
471 -85
472 19
473 -40
474 -96
475 -96
476 -5
477 -57
478 -88
479 -42
480 -65
481 -98
482 62
483 -46
484 -90
485 61
486 -33
487 83
488 -46
489 89
490 -41
491 73
492 -3
493 71
494 67
495 -74
496 -35
497 -6
498 37
499 -66
500 -36
501 -52
502 58
503 -71
504 -31
505 -32
506 25
507 4
508 78
509 -55
510 52
511 -68
512 -32
513 31
514 52
515 52
516 -17
517 72
518 71
519 63
520 -47
521 -44
522 -86
523 16
524 -94
525 43
526 -3
527 -33
528 -1
529 -51
530 -67
531 11
532 76
533 -21
534 -57
535 -26
536 -68
537 -34
538 -41
539 -65
540 33
541 -71
542 11
543 64
544 39
545 52
546 3
547 24
548 21
549 -82
550 -13
551 -36
552 70
553 34
554 -45
555 38
556 47
557 -25
558 83
559 -28
560 26
561 77
562 66
563 -36
564 -13
565 3
566 -22
567 53
568 43
569 10
570 96
571 -89
572 -100
573 54
574 -29
575 13
576 -81
577 -9
578 -16
579 21
580 -18
581 4
582 -32
583 -66
584 88
585 8
586 48
587 -95
588 -24
589 45
590 -24
591 -81
592 28
593 85
594 -81
595 46
596 93
597 -96
598 22
599 45
600 -96
601 39
602 -59
603 -86
604 29
605 -96
606 -97
607 -8
608 34
609 93
610 -53
611 -91
612 -91
613 43
614 -90
615 -10
616 67
617 96
618 81
619 27
620 23
621 -95
622 66
623 -54
624 -98
625 -94
626 -17
627 -79
628 6
629 -71
630 51
631 65
632 0
633 31
634 48
635 78
636 57
637 97
638 39
639 -78
640 -18
641 22
642 39
643 -44
644 58
645 6
646 45
647 16
648 74
649 33
650 35
651 -10
652 -54
653 4
654 -93
655 -94
656 19
657 -99
658 -85
659 17
660 -63
661 28
662 -67
663 -29
664 96
665 100
666 6
667 52
668 -85
669 -57
670 -74
671 -96
672 -47
673 -80
674 40
675 38
676 18
677 -36
678 85
679 -10
680 21
681 6
682 -46
683 19
684 98
685 -48
686 -32
687 96
688 -83
689 3
690 -35
691 24
692 -33
693 -3
694 -77
695 -81
696 59
697 44
698 -65
699 -77
700 -9
701 73
702 -76
703 0
704 -65
705 -64
706 27
707 -69
708 -93
709 -50
710 -82
711 -59
712 -91
713 44
714 15
715 30
716 22
717 41
718 -6
719 50
720 -25
721 87
722 39
723 -93
724 -12
725 -31
726 47
727 43
728 -100
729 -53
730 -47
731 10
732 -47
733 100
734 53
735 80
736 -46
737 -92
738 -41
739 16
740 6
741 80
742 -12
743 -54
744 90
745 97
746 -16
747 -58
748 -13
749 -41
750 32
751 95
752 12
753 76
754 67
755 69
756 56
757 -20
758 -65
759 -18
760 -55
761 74
762 43
763 89
764 99
765 17
766 -100
767 10
768 30
769 -50
770 -2
771 24
772 19
773 -97
774 -1
775 -50
776 61
777 77
778 -53
779 31
780 -75
781 85
782 -91
783 -57
784 -48
785 -17
786 -64
787 -10
788 -34
789 -76
790 -41
791 -78
792 -75
793 -69
794 33
795 8
796 94
797 -47
798 -16
799 83
800 -53
801 -67
802 81
803 -23
804 -71
805 -86
806 -87
807 -26
808 43
809 34
810 57
811 92
812 -81
813 30
814 90
815 -39
816 -33
817 -8
818 33
819 7
820 69
821 -47
822 1
823 8
824 -75
825 83
826 -59
827 24
828 2
829 -45
830 -84
831 -6
832 98
833 -3
834 99
835 -54
836 24
837 68
838 63
839 60
840 67
841 1
842 -80
843 -25
844 -19
845 82
846 3
847 0
848 -63
849 63
850 -8
851 -30
852 36
853 59
854 -73
855 -17
856 -36
857 36
858 -38
859 38
860 83
861 37
862 71
863 -62
864 -13
865 23
866 59
867 15
868 -25
869 79
870 -100
871 -23
872 39
873 -14
874 16
875 73
876 -62
877 -75
878 -97
879 80
880 29
881 -5
882 2
883 35
884 -95
885 -45
886 72
887 7
888 -4
889 -73
890 88
891 -50
892 -74
893 70
894 -35
895 -6
896 58
897 -19
898 -71
899 40
900 -2
901 97
902 -52
903 8
904 -1
905 -19
906 -96
907 99
908 87
909 42
910 50
911 75
912 35
913 -32
914 -100
915 7
916 -24
917 45
918 -86
919 -30
920 46
921 -53
922 25
923 6
924 36
925 -40
926 -82
927 0
928 -47
929 -65
930 83
931 71
932 66
933 43
934 39
935 -64
936 -75
937 11
938 -60
939 10
940 -77
941 -77
942 -39
943 -99
944 -53
945 -97
946 -43
947 1
948 2
949 -15
950 35
951 2
952 62
953 -12
954 74
955 -36
956 14
957 -56
958 -94
959 14
960 94
961 95
962 -29
963 -90
964 -81
965 22
966 68
967 -85
968 -20
969 77
970 -36
971 86
972 49
973 -75
974 8
975 -31
976 -48
977 57
978 50
979 -57
980 35
981 -54
982 -24
983 -18
984 49
985 -14
986 94
987 78
988 72
989 40
990 -17
991 -81
992 12
993 25
994 86
995 -33
996 68
997 -21
998 -43
999 76
1000 19
1001 -18
1002 10
1003 -92
1004 -63
1005 -63
1006 -49
1007 -11
1008 69
1009 45
1010 -34
1011 -60
1012 65
1013 -79
1014 75
1015 95
1016 56
1017 -80
1018 -63
1019 -23
1020 -47
1021 -91
1022 -35
1023 99
