0 -93
1 4
2 -42
3 -44
4 36
5 88
6 5
7 -8
8 91
9 1
10 -17
11 63
12 -78
13 27
14 1
15 -42
16 -44
17 -51
18 43
19 -20
20 -23
21 -3
22 37
23 74
24 -17
25 40
26 -8
27 53
28 83
29 89
30 23
31 82
32 8
33 -8
34 56
35 97
36 21
37 -85
38 -84
39 28
40 -32
41 -39
42 -60
43 55
44 79
45 38
46 -43
47 -79
48 93
49 13
50 29
51 -68
52 -16
53 37
54 17
55 50
56 51
57 91
58 -29
59 8
60 -95
61 29
62 -69
63 -7
64 -6
65 24
66 -97
67 -20
68 23
69 8
70 37
71 87
72 63
73 55
74 -64
75 -90
76 -19
77 -26
78 -17
79 66
80 80
81 71
82 58
83 78
84 15
85 -31
86 42
87 47
88 -89
89 4
90 95
91 -48
92 68
93 -29
94 45
95 76
96 82
97 -52
98 22
99 83
100 63
101 -63
102 -71
103 -20
104 -97
105 76
106 25
107 30
108 -12
109 -80
110 -23
111 44
112 -13
113 -35
114 -81
115 81
116 49
117 -62
118 100
119 -67
120 -42
121 71
122 -95
123 63
124 -27
125 25
126 -8
127 -48
128 -66
129 -64
130 82
131 -32
132 47
133 68
134 -98
135 60
136 39
137 -50
138 11
139 -88
140 85
141 4
142 3
143 31
144 -50
145 44
146 10
147 -79
148 74
149 -10
150 -30
151 -23
152 -89
153 53
154 -27
155 100
156 27
157 -50
158 -77
159 -95
160 -91
161 -29
162 -17
163 12
164 -96
165 36
166 -25
167 -72
168 -74
169 -20
170 70
171 -19
172 73
173 74
174 -90
175 -88
176 66
177 -87
178 -61
179 -74
180 79
181 -86
182 18
183 -43
184 -40
185 -29
186 -65
187 34
188 59
189 66
190 100
191 -7
192 90
193 20
194 -43
195 84
196 82
197 10
198 -86
199 39
200 15
201 28
202 -68
203 -47
204 -64
205 67
206 -69
207 -61
208 -1
209 -83
210 89
211 -83
212 -93
213 89
214 -83
215 62
216 8
217 76
218 -2
219 -36
220 -100
221 68
222 43
223 -43
224 35
225 -79
226 -48
227 7
228 -11
229 -37
230 19
231 -43
232 77
233 65
234 77
235 13
236 62
237 37
238 -14
239 -54
240 49
241 -91
242 -49
243 55
244 -13
245 -64
246 86
247 -46
248 -92
249 -39
250 28
251 -36
252 -90
253 4
254 -38
255 44
256 -25
257 69
258 4
259 22
260 -87
261 86
262 -87
263 54
264 -67
265 -19
266 40
267 -88
268 79
269 11
270 23
271 70
272 -31
273 75
274 31
275 -82
276 -86
277 45
278 37
279 7
280 67
281 -42
282 -20
283 -61
284 57
285 -1
286 -38
287 -35
288 -47
289 0
290 46
291 -77
292 92
293 31
294 -48
295 -90
296 67
297 -17
298 45
299 17
300 -85
301 63
302 24
303 -52
304 100
305 -80
306 -67
307 5
308 66
309 -44
310 11
311 34
312 -88
313 90
314 25
315 30
316 -86
317 86
318 30
319 85
320 -17
321 70
322 7
323 -68
324 -58
325 -85
326 21
327 -63
328 37
329 -9
330 77
331 -57
332 -46
333 77
334 -87
335 83
336 0
337 -29
338 -69
339 -39
340 -77
341 -75
342 14
343 1
344 95
345 99
346 56
347 -5
348 -38
349 59
350 -93
351 73
352 -96
353 -58
354 100
355 -79
356 70
357 79
358 15
359 100
360 28
361 40
362 5
363 -64
364 75
365 2
366 -3
367 -43
368 17
369 51
370 -74
371 97
372 51
373 -83
374 -5
375 -52
376 -62
377 1
378 22
379 65
380 -9
381 62
382 91
383 63
384 -33
385 87
386 -50
387 93
388 -75
389 -3
390 -66
391 87
392 36
393 22
394 -48
395 -35
396 -5
397 -7
398 42
399 69
400 98
401 62
402 -24
403 98
404 73
405 -69
406 -99
407 -32
408 94
409 52
410 14
411 28
412 -73
413 38
414 1
415 -46
416 19
417 -61
418 -73
419 -25
420 17
421 -39
422 -32
423 87
424 33
425 -73
426 30
427 -35
428 35
429 -39
430 -81
431 21
432 21
433 36
434 88
435 -27
436 63
437 45
438 -41
439 91
440 41
441 -86
442 38
443 -70
444 -39
445 5
446 -43
447 17
448 28
449 -95
450 -97
451 96
452 38
453 -88
454 96
455 -72
456 -94
457 63
458 -87
459 -31
460 79
461 94
462 -51
463 41
464 8
465 98
466 -47
467 43
468 67
469 -66
470 91
471 45
472 79
473 -59
474 34
475 -59
476 -29
477 92
478 -16
479 100
480 -32
481 -53
482 -71
483 94
484 70
485 -90
486 39
487 87
488 -18
489 -86
490 58
491 42
492 -95
493 15
494 -47
495 -41
496 -37
497 54
498 7
499 23
500 60
501 -15
502 19
503 -97
504 75
505 -60
506 -42
507 -85
508 61
509 2
510 38
511 77
512 -69
513 34
514 54
515 67
516 -67
517 -65
518 -21
519 28
520 -50
521 -42
522 -17
523 84
524 0
525 -90
526 -84
527 -51
528 -10
529 -94
530 35
531 25
532 28
533 47
534 -93
535 -45
536 31
537 100
538 70
539 -96
540 -90
541 25
542 -7
543 77
544 0
545 66
546 -7
547 20
548 9
549 21
550 94
551 -49
552 23
553 -48
554 -97
555 -83
556 -70
557 21
558 -28
559 0
560 -33
561 -13
562 74
563 -57
564 -47
565 -30
566 84
567 -63
568 76
569 -55
570 -95
571 93
572 11
573 -52
574 15
575 63
576 -82
577 -23
578 98
579 -71
580 15
581 84
582 53
583 96
584 -59
585 4
586 44
587 74
588 44
589 36
590 -62
591 43
592 80
593 2
594 86
595 -14
596 -13
597 -7
598 79
599 -55
600 -8
601 -61
602 95
603 -33
604 -44
605 -19
606 -97
607 32
608 -88
609 41
610 23
611 -69
612 81
613 -30
614 -12
615 72
616 9
617 -37
618 81
619 7
620 17
621 -77
622 53
623 -80
624 -51
625 -79
626 77
627 -89
628 99
629 46
630 28
631 -56
632 81
633 10
634 73
635 -64
636 -35
637 -47
638 -68
639 87
640 -19
641 52
642 -18
643 -29
644 41
645 91
646 33
647 -60
648 -62
649 85
650 -1
651 -84
652 33
653 -88
654 10
655 -67
656 -47
657 -97
658 76
659 -75
660 52
661 80
662 -34
663 20
664 -31
665 97
666 -95
667 89
668 67
669 -8
670 -7
671 60
672 15
673 95
674 48
675 -54
676 21
677 65
678 -15
679 87
680 -41
681 31
682 -55
683 11
684 -15
685 7
686 -77
687 -33
688 -68
689 32
690 -48
691 48
692 -74
693 47
694 -9
695 -34
696 64
697 -57
698 -7
699 -91
700 -37
701 95
702 -79
703 -58
704 -55
705 -98
706 28
707 -16
708 77
709 84
710 -24
711 -21
712 90
713 3
714 58
715 -29
716 -11
717 -84
718 57
719 82
720 -22
721 -99
722 -88
723 22
724 -72
725 -19
726 72
727 -32
728 43
729 49
730 -67
731 -30
732 -82
733 -36
734 -17
735 -15
736 -4
737 -25
738 4
739 -16
740 1
741 64
742 59
743 -20
744 -72
745 -64
746 96
747 83
748 66
749 14
750 95
751 18
752 -49
753 83
754 -65
755 -9
756 8
757 -76
758 6
759 -1
760 -63
761 -4
762 79
763 6
764 10
765 67
766 2
767 69
768 -34
769 26
770 -57
771 -89
772 78
773 35
774 61
775 36
776 24
777 -50
778 -25
779 57
780 -63
781 89
782 -80
783 73
784 64
785 -10
786 17
787 -5
788 -37
789 8
790 78
791 -93
792 51
793 66
794 -16
795 -64
796 -37
797 51
798 -22
799 -45
800 -43
801 79
802 39
803 -99
804 63
805 -27
806 6
807 -38
808 -11
809 -58
810 95
811 31
812 -23
813 -65
814 67
815 81
816 -66
817 -42
818 45
819 97
820 23
821 18
822 -72
823 -23
824 99
825 67
826 42
827 -62
828 58
829 52
830 21
831 -11
832 -82
833 -33
834 -92
835 82
836 -60
837 52
838 -9
839 -19
840 -88
841 -84
842 16
843 76
844 6
845 80
846 34
847 59
848 86
849 -57
850 -71
851 18
852 -20
853 87
854 -77
855 -95
856 -22
857 -15
858 -77
859 53
860 -63
861 88
862 -15
863 0
864 -100
865 -34
866 -37
867 -47
868 -43
869 97
870 -37
871 82
872 74
873 34
874 -85
875 -27
876 24
877 -6
878 51
879 99
880 -78
881 59
882 87
883 89
884 2
885 8
886 -65
887 -3
888 41
889 23
890 -59
891 85
892 23
893 63
894 94
895 100
896 97
897 -9
898 -10
899 43
900 69
901 -73
902 58
903 98
904 -72
905 42
906 -34
907 75
908 -64
909 52
910 -53
911 -63
912 18
913 -100
914 94
915 83
916 -52
917 77
918 34
919 -70
920 -28
921 -33
922 -16
923 -56
924 -31
925 11
926 -54
927 31
928 -71
929 55
930 -15
931 -53
932 -39
933 -68
934 67
935 -15
936 24
937 16
938 89
939 99
940 -13
941 -88
942 -23
943 13
944 -83
945 -15
946 -29
947 81
948 46
949 16
950 -42
951 56
952 18
953 79
954 36
955 62
956 -39
957 -79
958 26
959 -30
960 -70
961 13
962 -99
963 -11
964 -80
965 70
966 5
967 96
968 87
969 55
970 99
971 -27
972 -39
973 -27
974 56
975 58
976 -10
977 82
978 23
979 -74
980 43
981 -75
982 -68
983 33
984 -37
985 41
986 -4
987 16
988 -23
989 -50
990 -73
991 3
992 -34
993 -88
994 -53
995 86
996 65
997 23
998 62
999 13
1000 53
1001 27
1002 76
1003 9
1004 50
1005 53
1006 25
1007 3
1008 -96
1009 79
1010 -16
1011 -29
1012 85
1013 -60
1014 6
1015 -58
1016 -95
1017 42
1018 9
1019 -9
1020 -32
1021 -24
1022 33
1023 46
