0 28
1 -72
2 34
3 -26
4 -8
5 32
6 -65
7 69
8 48
9 37
10 -38
11 58
12 -70
13 23
14 -56
15 -8
16 44
17 -84
18 12
19 25
20 86
21 57
22 2
23 42
24 18
25 99
26 82
27 -27
28 -69
29 49
30 -69
31 -97
32 98
33 -43
34 -75
35 -83
36 -46
37 1
38 88
39 28
40 -56
41 92
42 -62
43 -76
44 -7
45 -78
46 -53
47 -96
48 73
49 -57
50 -17
51 23
52 -64
53 80
54 7
55 -50
56 -47
57 -80
58 82
59 -84
60 0
61 22
62 97
63 81
64 -4
65 95
66 24
67 -28
68 99
69 -67
70 60
71 -67
72 -20
73 -18
74 -55
75 -24
76 71
77 1
78 99
79 -67
80 -43
81 -13
82 59
83 -75
84 -90
85 -4
86 1
87 3
88 17
89 -90
90 -96
91 47
92 2
93 -67
94 16
95 -41
96 -93
97 -25
98 -17
99 54
100 6
101 -57
102 54
103 -22
104 -76
105 -67
106 75
107 -53
108 27
109 -39
110 46
111 27
112 85
113 10
114 37
115 -6
116 -6
117 -17
118 -19
119 48
120 39
121 -44
122 32
123 -67
124 -43
125 35
126 7
127 60
128 94
129 -4
130 -38
131 -79
132 -83
133 49
134 80
135 18
136 34
137 45
138 -10
139 -17
140 -10
141 99
142 -47
143 57
144 -63
145 -9
146 12
147 42
148 -10
149 -71
150 46
151 15
152 -58
153 -47
154 -33
155 55
156 76
157 27
158 -72
159 69
160 96
161 98
162 42
163 92
164 -32
165 74
166 42
167 -72
168 -28
169 -80
170 90
171 75
172 44
173 37
174 -95
175 -69
176 29
177 -45
178 -38
179 -22
180 12
181 -91
182 -94
183 -38
184 46
185 -82
186 -83
187 53
188 -5
189 48
190 -9
191 66
192 -39
193 -63
194 91
195 -79
196 -64
197 50
198 32
199 -1
200 66
201 77
202 17
203 -79
204 -13
205 40
206 14
207 35
208 6
209 56
210 30
211 -56
212 44
213 43
214 82
215 -97
216 98
217 -55
218 -95
219 -54
220 93
221 -19
222 50
223 -43
224 62
225 -42
226 58
227 48
228 -48
229 -37
230 76
231 55
232 70
233 -63
234 -52
235 66
236 46
237 -50
238 -22
239 -76
240 4
241 -81
242 93
243 44
244 -19
245 23
246 -11
247 -60
248 -36
249 -59
250 4
251 -75
252 -4
253 20
254 27
255 45
256 -36
257 93
258 -79
259 25
260 29
261 22
262 -68
263 -38
264 -51
265 -43
266 -21
267 -84
268 85
269 -82
270 -38
271 66
272 33
273 -33
274 -40
275 -58
276 23
277 -93
278 51
279 -18
280 -52
281 69
282 81
283 -25
284 35
285 38
286 -75
287 88
288 17
289 100
290 69
291 -3
292 40
293 97
294 85
295 78
296 -17
297 -14
298 8
299 28
300 34
301 35
302 -57
303 92
304 34
305 -41
306 -59
307 32
308 34
309 9
310 50
311 -65
312 -100
313 86
314 0
315 10
316 40
317 -35
318 88
319 -98
320 -88
321 93
322 49
323 -79
324 -6
325 55
326 -59
327 -100
328 35
329 -72
330 -89
331 -73
332 9
333 96
334 99
335 46
336 -68
337 -7
338 -34
339 76
340 24
341 -69
342 -47
343 9
344 75
345 82
346 -26
347 100
348 -15
349 21
350 40
351 -81
352 -52
353 62
354 -71
355 26
356 85
357 -36
358 75
359 75
360 -30
361 -7
362 -53
363 -95
364 0
365 84
366 -67
367 95
368 63
369 71
370 65
371 -65
372 75
373 -85
374 2
375 -99
376 48
377 79
378 -46
379 65
380 -63
381 69
382 -27
383 -15
384 -80
385 -98
386 19
387 -83
388 -34
389 -17
390 -51
391 7
392 -30
393 69
394 64
395 41
396 -62
397 -39
398 38
399 -66
400 83
401 -36
402 15
403 -86
404 -17
405 -38
406 -80
407 21
408 -1
409 58
410 -14
411 46
412 33
413 64
414 -79
415 3
416 76
417 -45
418 -66
419 34
420 -44
421 -72
422 -4
423 -37
424 -26
425 -63
426 -65
427 -39
428 79
429 -92
430 49
431 21
432 -40
433 -58
434 -56
435 33
436 -89
437 -24
438 67
439 -14
440 61
441 -99
442 52
443 -4
444 100
445 96
446 99
447 88
448 73
449 -77
450 17
451 -63
452 58
453 -98
454 -46
455 16
456 39
457 17
458 72
459 91
460 -38
461 54
462 -48
463 -66
464 -73
465 -28
466 90
467 61
468 11
469 40
470 77
471 -83
472 -84
473 2
474 90
475 60
476 -1
477 92
478 -88
479 46
480 24
481 -63
482 6
483 89
484 -97
485 -90
486 17
487 28
488 71
489 -98
490 44
491 -100
492 84
493 65
494 60
495 65
496 13
497 67
498 -37
499 -3
500 11
501 -43
502 0
503 52
504 75
505 72
506 -55
507 -6
508 8
509 -75
510 -78
511 60
512 74
513 46
514 30
515 17
516 92
517 -74
518 -94
519 -12
520 8
521 -19
522 30
523 -48
524 -4
525 -33
526 85
527 -95
528 77
529 48
530 -22
531 41
532 1
533 77
534 11
535 -18
536 -40
537 92
538 -75
539 -38
540 61
541 57
542 -1
543 50
544 -3
545 -97
546 26
547 46
548 20
549 25
550 -34
551 99
552 97
553 -55
554 -100
555 -82
556 -44
557 -64
558 -85
559 16
560 -53
561 -1
562 47
563 29
564 15
565 -84
566 73
567 44
568 -83
569 31
570 6
571 -65
572 72
573 12
574 56
575 20
576 -18
577 -100
578 -9
579 14
580 -9
581 57
582 -46
583 -95
584 10
585 -81
586 -50
587 -62
588 47
589 69
590 59
591 -96
592 -51
593 -39
594 8
595 53
596 -73
597 57
598 -62
599 -30
600 -32
601 84
602 -44
603 93
604 -61
605 31
606 23
607 79
608 70
609 -70
610 -92
611 31
612 81
613 75
614 45
615 57
616 37
617 -76
618 11
619 80
620 65
621 29
622 34
623 -54
624 -71
625 2
626 6
627 -90
628 34
629 23
630 -100
631 -24
632 -59
633 -33
634 26
635 69
636 -39
637 -22
638 -15
639 -39
640 -96
641 -48
642 16
643 -58
644 5
645 -57
646 39
647 -39
648 -65
649 61
650 86
651 -62
652 -2
653 54
654 71
655 66
656 -66
657 58
658 -81
659 55
660 59
661 19
662 -14
663 -75
664 -14
665 -97
666 -57
667 58
668 -40
669 -26
670 -77
671 -55
672 30
673 -15
674 51
675 -16
676 0
677 -39
678 74
679 65
680 9
681 80
682 99
683 -9
684 57
685 71
686 -16
687 -66
688 -36
689 -44
690 -74
691 33
692 -94
693 -86
694 -47
695 -19
696 -64
697 91
698 -16
699 39
700 94
701 30
702 -74
703 -62
704 -32
705 -44
706 -85
707 -92
708 81
709 -35
710 88
711 75
712 37
713 -64
714 39
715 81
716 40
717 61
718 91
719 98
720 -9
721 -9
722 -40
723 -8
724 14
725 10
726 27
727 47
728 -16
729 -27
730 95
731 82
732 68
733 94
734 -98
735 -25
736 -71
737 21
738 38
739 -44
740 97
741 -60
742 12
743 44
744 -95
745 -98
746 -41
747 -53
748 37
749 9
750 -22
751 52
752 9
753 -5
754 79
755 -74
756 -84
757 1
758 -43
759 -37
760 -54
761 42
762 0
763 40
764 -15
765 -17
766 -11
767 3
768 -83
769 -89
770 87
771 -58
772 35
773 74
774 -84
775 -21
776 59
777 -45
778 77
779 -54
780 89
781 -63
782 84
783 46
784 56
785 -18
786 57
787 9
788 -16
789 -73
790 -83
791 36
792 -71
793 61
794 56
795 54
796 -3
797 -43
798 58
799 77
800 -78
801 67
802 -78
803 -79
804 5
805 -99
806 -56
807 4
808 -49
809 37
810 -9
811 -33
812 -46
813 64
814 -61
815 -68
816 -68
817 11
818 -27
819 -83
820 -49
821 -39
822 -77
823 -14
824 65
825 81
826 -47
827 88
828 -64
829 24
830 39
831 -48
832 15
833 -99
834 91
835 -100
836 -80
837 -34
838 42
839 -29
840 65
841 -54
842 18
843 41
844 90
845 -58
846 -61
847 16
848 -48
849 -57
850 -26
851 -63
852 76
853 14
854 71
855 15
856 81
857 75
858 -17
859 -83
860 82
861 -78
862 72
863 -19
864 48
865 22
866 22
867 10
868 6
869 -46
870 81
871 -88
872 -57
873 97
874 7
875 -98
876 -87
877 -11
878 -41
879 92
880 0
881 -95
882 -83
883 37
884 43
885 22
886 -74
887 87
888 2
889 -52
890 -68
891 -83
892 -40
893 -66
894 -3
895 84
896 -95
897 -86
898 -35
899 18
900 73
901 -93
902 -59
903 19
904 90
905 -5
906 -36
907 85
908 -77
909 -55
910 40
911 63
912 -84
913 91
914 59
915 -38
916 23
917 -99
918 -43
919 48
920 88
921 -2
922 -35
923 -79
924 -25
925 89
926 0
927 90
928 -67
929 59
930 -90
931 49
932 69
933 -81
934 -35
935 37
936 -23
937 66
938 -24
939 47
940 3
941 -33
942 -60
943 -28
944 -72
945 15
946 -22
947 -43
948 -14
949 -95
950 16
951 -77
952 -5
953 -79
954 -74
955 -67
956 0
957 97
958 -81
959 84
960 47
961 -6
962 -53
963 -100
964 75
965 -9
966 68
967 61
968 25
969 40
970 16
971 -94
972 7
973 73
974 64
975 -4
976 -5
977 42
978 -89
979 61
980 -32
981 17
982 92
983 -82
984 -94
985 90
986 -37
987 57
988 -68
989 -77
990 46
991 94
992 -34
993 69
994 -72
995 -79
996 -63
997 -80
998 14
999 -66
1000 65
1001 -35
1002 61
1003 -94
1004 -14
1005 -20
1006 17
1007 99
1008 100
1009 22
1010 -84
1011 -91
1012 38
1013 85
1014 91
1015 54
1016 -28
1017 77
1018 -29
1019 -19
1020 34
1021 -47
1022 23
1023 15
