0 95
1 -79
2 -32
3 26
4 -78
5 80
6 25
7 44
8 -55
9 62
10 10
11 -93
12 14
13 -66
14 69
15 16
16 98
17 -57
18 33
19 68
20 25
21 -3
22 59
23 6
24 -51
25 58
26 13
27 3
28 40
29 58
30 -93
31 -52
32 -97
33 24
34 -42
35 8
36 -5
37 80
38 -6
39 90
40 73
41 -4
42 80
43 -10
44 -84
45 -92
46 51
47 35
48 -84
49 65
50 -63
51 80
52 -55
53 -10
54 30
55 97
56 -14
57 9
58 37
59 -88
60 59
61 55
62 -40
63 -11
64 84
65 2
66 22
67 -72
68 54
69 -74
70 13
71 -41
72 -11
73 -24
74 34
75 -32
76 55
77 -95
78 14
79 -11
80 27
81 28
82 -29
83 -62
84 82
85 46
86 93
87 -88
88 0
89 -54
90 77
91 -67
92 75
93 34
94 49
95 -25
96 -22
97 67
98 -11
99 45
100 -64
101 -15
102 2
103 100
104 -96
105 49
106 61
107 -14
108 81
109 -87
110 0
111 57
112 -39
113 64
114 14
115 -38
116 12
117 63
118 69
119 -23
120 0
121 77
122 -31
123 37
124 1
125 29
126 22
127 0
128 61
129 -14
130 -52
131 61
132 85
133 -56
134 -44
135 44
136 0
137 77
138 -21
139 54
140 -42
141 -54
142 6
143 -75
144 -67
145 -48
146 42
147 71
148 90
149 97
150 -43
151 74
152 -27
153 7
154 7
155 84
156 31
157 93
158 -34
159 -85
160 63
161 65
162 -17
163 -15
164 5
165 -81
166 -68
167 -74
168 -52
169 11
170 31
171 -58
172 -36
173 -38
174 -75
175 -3
176 -19
177 35
178 96
179 -49
180 25
181 61
182 -46
183 85
184 -77
185 -83
186 -75
187 3
188 42
189 71
190 0
191 26
192 -39
193 57
194 -2
195 27
196 -55
197 -35
198 -16
199 25
200 -44
201 55
202 13
203 28
204 -22
205 -64
206 -15
207 31
208 -96
209 2
210 88
211 79
212 33
213 33
214 -56
215 52
216 75
217 4
218 10
219 91
220 -36
221 -73
222 26
223 93
224 -6
225 -88
226 22
227 -47
228 -93
229 -35
230 -64
231 -19
232 -55
233 -43
234 28
235 -60
236 43
237 19
238 98
239 80
240 85
241 -13
242 -32
243 -35
244 0
245 -97
246 49
247 -5
248 -74
249 -9
250 37
251 -84
252 -98
253 -48
254 -89
255 -4
256 91
257 51
258 92
259 52
260 -17
261 36
262 -94
263 -54
264 -12
265 -52
266 79
267 85
268 -60
269 9
270 -89
271 67
272 -79
273 -97
274 6
275 -76
276 41
277 -91
278 60
279 -88
280 -37
281 0
282 -91
283 54
284 -3
285 -12
286 -55
287 -23
288 48
289 -45
290 -14
291 23
292 -39
293 10
294 -71
295 29
296 85
297 11
298 70
299 -93
300 53
301 -36
302 -80
303 -13
304 8
305 41
306 41
307 17
308 36
309 18
310 -39
311 -8
312 -76
313 100
314 80
315 -8
316 -38
317 -69
318 49
319 0
320 27
321 -53
322 -10
323 -33
324 70
325 -64
326 48
327 -27
328 -68
329 -61
330 52
331 -95
332 -16
333 93
334 -94
335 -51
336 46
337 74
338 -36
339 32
340 31
341 69
342 -14
343 61
344 -65
345 -82
346 -8
347 44
348 -58
349 45
350 18
351 67
352 -80
353 -96
354 0
355 -35
356 90
357 52
358 96
359 27
360 -61
361 88
362 -27
363 89
364 6
365 39
366 -7
367 91
368 -70
369 -40
370 -81
371 76
372 -56
373 -72
374 -33
375 74
376 81
377 -59
378 -10
379 52
380 36
381 -100
382 9
383 -33
384 17
385 62
386 -45
387 -48
388 -62
389 40
390 66
391 -15
392 -73
393 -21
394 52
395 32
396 -92
397 -37
398 -64
399 -28
400 97
401 43
402 76
403 2
404 19
405 5
406 34
407 -34
408 -28
409 -14
410 32
411 64
412 27
413 -75
414 97
415 -61
416 -10
417 98
418 61
419 97
420 -77
421 16
422 -10
423 -9
424 -95
425 -49
426 -18
427 21
428 81
429 70
430 -36
431 40
432 75
433 -74
434 -12
435 -63
436 -22
437 -31
438 -73
439 -69
440 23
441 -35
442 45
443 -63
444 -48
445 45
446 0
447 0
448 -79
449 -99
450 59
451 -26
452 -71
453 19
454 -64
455 -100
456 83
457 22
458 -94
459 36
460 27
461 -21
462 55
463 -48
464 -81
465 -42
466 88
467 91
468 37
469 82
470 82
471 64
472 24
473 3
474 100
475 97
476 -17
477 9
478 -52
479 99
480 73
481 70
482 -59
483 87
484 -6
485 -61
486 97
487 -15
488 91
489 52
490 -94
491 26
492 -19
493 -58
494 -31
495 -24
496 36
497 -85
498 -12
499 59
500 29
501 -99
502 28
503 42
504 89
505 -30
506 -15
507 -49
508 37
509 -85
510 -47
511 83
512 -97
513 17
514 -56
515 77
516 66
517 81
518 0
519 -25
520 -83
521 54
522 -44
523 75
524 -100
525 48
526 31
527 64
528 -43
529 -89
530 94
531 -75
532 60
533 -66
534 -44
535 -60
536 -45
537 -10
538 -21
539 45
540 18
541 -11
542 3
543 -32
544 -32
545 10
546 17
547 -23
548 37
549 94
550 -91
551 -57
552 -25
553 52
554 -59
555 -4
556 8
557 51
558 37
559 -24
560 32
561 -89
562 -85
563 73
564 80
565 67
566 85
567 28
568 -72
569 -6
570 -84
571 -28
572 -92
573 2
574 34
575 78
576 63
577 -62
578 -42
579 -60
580 -92
581 -14
582 55
583 56
584 19
585 40
586 -92
587 -64
588 60
589 -94
590 -78
591 30
592 78
593 -80
594 59
595 62
596 -39
597 -4
598 10
599 68
600 28
601 32
602 34
603 -8
604 -81
605 45
606 -25
607 -40
608 67
609 -13
610 37
611 71
612 26
613 -25
614 12
615 -65
616 -52
617 61
618 -31
619 -56
620 55
621 46
622 -69
623 58
624 -17
625 -54
626 2
627 64
628 50
629 -92
630 12
631 -89
632 -4
633 74
634 80
635 -87
636 49
637 -23
638 -50
639 71
640 19
641 9
642 60
643 -54
644 -91
645 -28
646 39
647 94
648 -59
649 72
650 -56
651 -93
652 70
653 -23
654 92
655 53
656 86
657 100
658 -67
659 89
660 -27
661 -98
662 -61
663 20
664 -22
665 15
666 1
667 -13
668 66
669 -56
670 -71
671 65
672 -3
673 95
674 -15
675 -1
676 -39
677 -34
678 79
679 -62
680 86
681 62
682 32
683 -39
684 67
685 49
686 -32
687 -50
688 -75
689 44
690 29
691 13
692 -70
693 -84
694 36
695 -100
696 17
697 -52
698 -72
699 -63
700 -72
701 -9
702 -69
703 -64
704 -68
705 -17
706 -14
707 29
708 -49
709 2
710 69
711 80
712 52
713 6
714 -35
715 -1
716 91
717 64
718 -53
719 61
720 -84
721 -30
722 -10
723 22
724 98
725 -35
726 -82
727 -81
728 79
729 49
730 -6
731 24
732 42
733 -50
734 41
735 100
736 41
737 48
738 -56
739 20
740 -13
741 -7
742 93
743 -57
744 -45
745 55
746 -92
747 29
748 -46
749 -2
750 -7
751 -45
752 49
753 28
754 88
755 -55
756 -80
757 93
758 23
759 -75
760 -47
761 -34
762 -82
763 75
764 -52
765 -5
766 3
767 66
768 54
769 -96
770 -86
771 -73
772 61
773 92
774 -4
775 -19
776 -38
777 77
778 -43
779 21
780 63
781 82
782 -41
783 37
784 -94
785 96
786 -47
787 5
788 93
789 64
790 -70
791 -63
792 -29
793 23
794 66
795 4
796 -23
797 43
798 21
799 59
800 78
801 41
802 50
803 -99
804 63
805 40
806 -57
807 -11
808 -36
809 7
810 -94
811 -66
812 71
813 56
814 39
815 51
816 -94
817 -12
818 -6
819 94
820 -11
821 -28
822 55
823 63
824 -20
825 -93
826 59
827 19
828 -66
829 51
830 74
831 -46
832 -65
833 -84
834 -64
835 -24
836 7
837 -21
838 35
839 -2
840 2
841 61
842 -18
843 12
844 -42
845 26
846 -63
847 9
848 -12
849 48
850 -61
851 92
852 -7
853 86
854 -53
855 36
856 -18
857 73
858 -38
859 -78
860 -80
861 15
862 -54
863 -59
864 -98
865 -60
866 -76
867 -50
868 70
869 -49
870 81
871 93
872 64
873 17
874 -15
875 -100
876 46
877 -57
878 72
879 -61
880 -39
881 -20
882 -49
883 -87
884 97
885 -44
886 13
887 -75
888 41
889 6
890 -64
891 -83
892 -22
893 -65
894 66
895 63
896 2
897 77
898 -70
899 19
900 -36
901 -59
902 80
903 20
904 -36
905 16
906 29
907 -57
908 -68
909 -48
910 -84
911 24
912 -67
913 -35
914 -86
915 -79
916 -71
917 -32
918 42
919 -31
920 34
921 -73
922 2
923 12
924 41
925 45
926 -95
927 -30
928 66
929 56
930 -90
931 14
932 -61
933 79
934 66
935 -34
936 98
937 96
938 -24
939 -75
940 -64
941 -41
942 -32
943 -80
944 4
945 -35
946 -23
947 67
948 9
949 76
950 -68
951 -88
952 81
953 8
954 -8
955 -98
956 8
957 -41
958 78
959 -51
960 -48
961 48
962 55
963 24
964 19
965 -60
966 68
967 -8
968 -33
969 47
970 66
971 54
972 -7
973 -25
974 -35
975 -37
976 -21
977 -95
978 60
979 8
980 28
981 8
982 95
983 18
984 -26
985 28
986 -55
987 -3
988 -81
989 -75
990 89
991 -1
992 -72
993 -88
994 -22
995 6
996 -72
997 -96
998 78
999 -74
1000 17
1001 64
1002 75
1003 -77
1004 46
1005 24
1006 95
1007 -21
1008 -2
1009 -57
1010 -48
1011 49
1012 -72
1013 1
1014 -20
1015 -69
1016 41
1017 -61
1018 94
1019 -88
1020 43
1021 38
1022 -19
1023 -4
