0 -21
1 83
2 86
3 30
4 -63
5 -82
6 93
7 93
8 6
9 -3
10 17
11 44
12 -91
13 -54
14 -13
15 -28
16 -80
17 79
18 83
19 -33
20 -45
21 -67
22 23
23 -100
24 56
25 -13
26 -82
27 -3
28 -92
29 25
30 -87
31 -6
32 -49
33 -27
34 3
35 -64
36 74
37 62
38 -79
39 5
40 -48
41 32
42 -99
43 -100
44 -8
45 31
46 91
47 -46
48 94
49 -45
50 -3
51 -89
52 -69
53 -6
54 -38
55 -44
56 84
57 -34
58 31
59 -63
60 -23
61 83
62 77
63 91
64 -9
65 44
66 81
67 47
68 20
69 -55
70 37
71 98
72 81
73 100
74 17
75 -1
76 6
77 -22
78 51
79 -61
80 22
81 -51
82 52
83 37
84 46
85 15
86 -59
87 37
88 93
89 97
90 -10
91 -40
92 67
93 -19
94 -64
95 16
96 62
97 65
98 -43
99 31
100 15
101 -88
102 6
103 27
104 -26
105 34
106 -51
107 -17
108 100
109 95
110 16
111 -86
112 68
113 89
114 68
115 -69
116 -40
117 -94
118 -58
119 -5
120 88
121 -17
122 62
123 -37
124 -7
125 -9
126 -51
127 74
