0 -81
1 27
2 -38
3 63
4 -51
5 83
6 -28
7 97
8 -10
9 10
10 53
11 40
12 -44
13 -8
14 -29
15 30
16 14
17 -2
18 58
19 -5
20 92
21 -23
22 0
23 -21
24 -48
25 -81
26 84
27 64
28 26
29 57
30 -38
31 -74
32 -62
33 -37
34 70
35 35
36 85
37 -92
38 -1
39 -45
40 36
41 -40
42 90
43 -51
44 45
45 51
46 -73
47 -64
48 -78
49 33
50 30
51 36
52 -20
53 -63
54 9
55 -100
56 16
57 81
58 -36
59 -8
60 52
61 -53
62 15
63 1
64 -75
65 -81
66 74
67 -24
68 -97
69 66
70 25
71 -89
72 -37
73 -33
74 -63
75 -23
76 -66
77 63
78 -59
79 -51
80 19
81 65
82 -21
83 18
84 -50
85 56
86 2
87 -54
88 1
89 -28
90 43
91 11
92 73
93 -51
94 -47
95 -19
96 -48
97 93
98 -19
99 77
100 -96
101 -39
102 -40
103 69
104 -46
105 -11
106 84
107 -92
108 58
109 35
110 9
111 -9
112 93
113 0
114 51
115 -39
116 -58
117 -67
118 -99
119 54
120 -56
121 68
122 20
123 -49
124 -82
125 52
126 91
127 40
