0 -39
1 -20
2 -36
3 12
4 -87
5 4
6 65
7 77
8 -31
9 -44
10 99
11 17
12 -57
13 43
14 -58
15 3
16 -63
17 -64
18 -58
19 -67
20 -99
21 -7
22 26
23 79
24 92
25 -10
26 89
27 86
28 -76
29 14
30 55
31 -57
32 8
33 -39
34 23
35 51
36 44
37 57
38 99
39 45
40 56
41 -65
42 47
43 -78
44 -75
45 73
46 25
47 -40
48 4
49 -12
50 96
51 -78
52 -33
53 -71
54 58
55 97
56 -57
57 51
58 -10
59 -35
60 9
61 -97
62 52
63 99
64 -99
65 38
66 87
67 -4
68 -74
69 96
70 2
71 92
72 -71
73 76
74 -15
75 -46
76 -96
77 -43
78 -36
79 -14
80 90
81 36
82 32
83 63
84 20
85 7
86 -68
87 -39
88 -56
89 -62
90 -28
91 -79
92 75
93 -41
94 -50
95 -91
96 -35
97 -69
98 80
99 90
100 68
101 -77
102 -84
103 2
104 100
105 -26
106 -100
107 80
108 85
109 -53
110 72
111 -52
112 8
113 -7
114 37
115 -35
116 29
117 -75
118 -91
119 98
120 -3
121 78
122 60
123 56
124 -21
125 -52
126 73
127 -98
