0 88
1 60
2 -25
3 -9
4 -63
5 -48
6 4
7 15
8 13
9 12
10 66
11 69
12 -26
13 21
14 -21
15 41
16 -77
17 -85
18 78
19 -58
20 68
21 56
22 -34
23 20
24 -65
25 -43
26 -99
27 -32
28 -57
29 -99
30 32
31 -86
32 -13
33 -8
34 -43
35 34
36 -24
37 20
38 17
39 58
40 0
41 32
42 63
43 21
44 20
45 -20
46 -54
47 27
48 -38
49 -84
50 -27
51 -19
52 100
53 81
54 15
55 -57
56 89
57 51
58 34
59 -47
60 100
61 97
62 -96
63 87
64 -51
65 -6
66 -54
67 5
68 -16
69 4
70 -46
71 -77
72 -76
73 18
74 29
75 -71
76 66
77 70
78 89
79 5
80 69
81 18
82 -67
83 -97
84 -88
85 -62
86 32
87 -47
88 -5
89 -78
90 -87
91 4
92 1
93 85
94 32
95 -23
96 20
97 -91
98 69
99 -14
100 -46
101 90
102 67
103 -58
104 -53
105 87
106 19
107 97
108 -74
109 -16
110 92
111 -26
112 -79
113 -65
114 4
115 64
116 -1
117 90
118 -40
119 51
120 -44
121 2
122 45
123 38
124 81
125 -90
126 32
127 -68
