0 -83
1 20
2 14
3 -5
4 59
5 -44
6 87
7 26
8 76
9 -96
10 -2
11 74
12 -68
13 -57
14 65
15 -10
16 -78
17 -48
18 13
19 37
20 40
21 -18
22 20
23 5
24 8
25 34
26 74
27 100
28 -78
29 -47
30 52
31 53
32 57
33 80
34 -95
35 48
36 100
37 -93
38 -98
39 -7
40 42
41 -20
42 -60
43 -36
44 95
45 -92
46 88
47 15
48 -77
49 -63
50 -3
51 -64
52 46
53 -98
54 -42
55 -8
56 -77
57 -10
58 22
59 22
60 6
61 -7
62 59
63 -11
64 69
65 -39
66 -25
67 9
68 39
69 -97
70 -3
71 91
72 -16
73 -99
74 91
75 59
76 95
77 46
78 91
79 64
80 -66
81 39
82 -14
83 -43
84 -58
85 -50
86 29
87 45
88 16
89 94
90 -54
91 -65
92 -51
93 73
94 -58
95 83
96 -74
97 80
98 83
99 -90
100 -36
101 -75
102 -31
103 -95
104 2
105 -92
106 23
107 -38
108 -70
109 -97
110 -77
111 8
112 -58
113 -8
114 -34
115 -25
116 28
117 56
118 69
119 -72
120 27
121 -36
122 90
123 11
124 -21
125 -93
126 -4
127 77
