0 -64
1 -91
2 81
3 -37
4 69
5 69
6 -70
7 -48
8 -29
9 -25
10 -96
11 36
12 17
13 23
14 6
15 -53
16 -25
17 -27
18 -79
19 32
20 88
21 19
22 47
23 50
24 -95
25 -90
26 56
27 -1
28 33
29 -50
30 -16
31 40
32 84
33 -42
34 79
35 -77
36 -36
37 -16
38 82
39 89
40 -63
41 -33
42 13
43 51
44 -25
45 78
46 91
47 53
48 -87
49 64
50 11
51 77
52 73
53 -5
54 -64
55 26
56 87
57 -4
58 -53
59 44
60 11
61 -99
62 -69
63 45
64 -47
65 40
66 -99
67 34
68 78
69 -68
70 -4
71 -91
72 -53
73 -10
74 -81
75 -36
76 -40
77 -10
78 -35
79 -30
80 96
81 45
82 65
83 30
84 40
85 46
86 70
87 22
88 -49
89 -84
90 -1
91 -57
92 -32
93 -23
94 -15
95 -99
96 -92
97 45
98 -30
99 -81
100 -54
101 32
102 -20
103 -60
104 78
105 19
106 -80
107 -7
108 -7
109 99
110 2
111 -36
112 -77
113 -49
114 -75
115 86
116 -5
117 34
118 23
119 72
120 23
121 24
122 -91
123 53
124 50
125 -60
126 20
127 -4
