0 71
1 -82
2 -16
3 -68
4 -39
5 18
6 -4
7 -87
8 -41
9 -64
10 -36
11 78
12 -14
13 63
14 -31
15 85
16 -50
17 31
18 48
19 100
20 76
21 12
22 -42
23 22
24 -64
25 87
26 -25
27 -21
28 -57
29 -40
30 -8
31 -6
32 84
33 -20
34 -93
35 94
36 62
37 -72
38 68
39 56
40 81
41 -79
42 55
43 -75
44 9
45 83
46 53
47 51
48 58
49 -49
50 9
51 -31
52 -9
53 -78
54 2
55 81
56 99
57 60
58 -69
59 -32
60 47
61 -29
62 99
63 -44
64 -82
65 42
66 -8
67 -4
68 89
69 -19
70 -62
71 -97
72 41
73 33
74 13
75 -31
76 84
77 -48
78 -40
79 96
80 53
81 -73
82 23
83 -70
84 75
85 90
86 -79
87 34
88 -72
89 29
90 -39
91 -23
92 -54
93 -60
94 23
95 -67
96 -71
97 -74
98 25
99 79
100 93
101 26
102 75
103 93
104 -46
105 8
106 78
107 -4
108 33
109 53
110 14
111 85
112 7
113 3
114 98
115 30
116 -54
117 -57
118 60
119 -42
120 2
121 -70
122 -76
123 -88
124 83
125 -34
126 16
127 49
