0 -21
1 -63
2 -59
3 2
4 62
5 -40
6 -18
7 51
8 3
9 -4
10 58
11 -10
12 -73
13 59
14 41
15 -59
16 87
17 -43
18 -44
19 87
20 65
21 57
22 44
23 -49
24 1
25 -84
26 -8
27 10
28 29
29 75
30 0
31 45
32 27
33 -77
34 10
35 78
36 -69
37 14
38 75
39 7
40 14
41 80
42 -100
43 -8
44 -42
45 52
46 -79
47 -48
48 -87
49 17
50 79
51 73
52 76
53 -89
54 -48
55 -58
56 -80
57 92
58 -96
59 -73
60 -47
61 -9
62 94
63 -42
64 4
65 -32
66 -82
67 66
68 64
69 -92
70 42
71 19
72 48
73 65
74 34
75 77
76 -85
77 95
78 -17
79 70
80 -84
81 42
82 -48
83 -93
84 48
85 -69
86 23
87 -74
88 -90
89 -70
90 -49
91 -93
92 21
93 -53
94 6
95 15
96 -12
97 -88
98 -32
99 98
100 -14
101 -23
102 -96
103 -23
104 -34
105 30
106 -34
107 -93
108 -76
109 87
110 65
111 39
112 -1
113 -82
114 80
115 0
116 -14
117 -13
118 83
119 21
120 -9
121 17
122 58
123 76
124 -30
125 73
126 -56
127 67
