0 -83
1 -23
2 18
3 -49
4 -31
5 -68
6 -58
7 -69
8 -59
9 -94
10 54
11 25
12 43
13 -93
14 36
15 42
16 -74
17 -2
18 -70
19 -2
20 -39
21 5
22 44
23 -80
24 60
25 56
26 -88
27 24
28 14
29 59
30 66
31 73
32 27
33 -85
34 -69
35 -22
36 57
37 -74
38 94
39 78
40 45
41 -68
42 41
43 51
44 23
45 -9
46 94
47 13
48 31
49 73
50 61
51 -73
52 -51
53 13
54 80
55 80
56 68
57 0
58 -64
59 -89
60 9
61 35
62 87
63 12
64 11
65 72
66 71
67 35
68 -22
69 -68
70 59
71 -1
72 62
73 -97
74 -91
75 -75
76 84
77 -31
78 -88
79 55
80 65
81 -23
82 9
83 -67
84 -64
85 78
86 -9
87 66
88 -38
89 63
90 82
91 64
92 67
93 95
94 4
95 -68
96 -16
97 -14
98 -98
99 28
100 -46
101 -28
102 -9
103 -99
104 95
105 -2
106 10
107 97
108 8
109 46
110 82
111 95
112 -8
113 85
114 -36
115 19
116 -45
117 68
118 57
119 54
120 16
121 92
122 -76
123 -99
124 91
125 69
126 -57
127 -15
