0 -29
1 23
2 34
3 -63
4 7
5 71
6 -95
7 -31
8 -30
9 15
10 -89
11 -20
12 -38
13 94
14 -80
15 30
16 90
17 -61
18 4
19 35
20 31
21 53
22 -4
23 29
24 69
25 32
26 -75
27 33
28 -31
29 -85
30 26
31 44
32 6
33 87
34 35
35 27
36 -82
37 -14
38 36
39 83
40 57
41 3
42 5
43 86
44 78
45 -29
46 -24
47 -84
48 -77
49 -48
50 51
51 25
52 82
53 -5
54 -77
55 -32
56 -61
57 -4
58 57
59 89
60 9
61 69
62 59
63 7
64 8
65 -94
66 -16
67 -74
68 73
69 -75
70 73
71 24
72 12
73 80
74 -8
75 88
76 -67
77 -42
78 30
79 -97
80 4
81 -57
82 -28
83 -58
84 -10
85 -73
86 20
87 -23
88 75
89 -1
90 24
91 31
92 -64
93 -85
94 -15
95 31
96 -100
97 56
98 -32
99 60
100 -10
101 -95
102 -92
103 -25
104 -61
105 70
106 26
107 -62
108 -100
109 29
110 -89
111 -52
112 -54
113 -37
114 25
115 52
116 34
117 15
118 -42
119 43
120 89
121 -87
122 34
123 -88
124 53
125 -49
126 36
127 -54
