0 -73
1 -21
2 1
3 -30
4 15
5 -46
6 -65
7 -58
8 69
9 -74
10 76
11 56
12 25
13 -95
14 -5
15 -95
16 -52
17 6
18 67
19 56
20 80
21 -91
22 -60
23 75
24 -51
25 -3
26 -99
27 -50
28 16
29 -28
30 86
31 30
32 27
33 8
34 -100
35 -15
36 -53
37 54
38 -6
39 -70
40 -14
41 -61
42 99
43 -48
44 -66
45 -23
46 -90
47 32
48 28
49 50
50 21
51 -29
52 -56
53 91
54 -54
55 -34
56 -98
57 89
58 27
59 -63
60 21
61 -99
62 78
63 25
64 -8
65 75
66 91
67 42
68 -26
69 -54
70 74
71 59
72 44
73 -64
74 -33
75 -45
76 -97
77 -44
78 37
79 77
80 88
81 -94
82 -80
83 -14
84 10
85 -54
86 -57
87 -85
88 10
89 48
90 -8
91 19
92 23
93 10
94 -10
95 -87
96 -16
97 98
98 80
99 -100
100 99
101 34
102 -32
103 9
104 -82
105 0
106 16
107 2
108 -1
109 -91
110 -75
111 -73
112 -69
113 -58
114 65
115 -93
116 -61
117 -5
118 -53
119 48
120 -86
121 69
122 52
123 -11
124 13
125 36
126 7
127 35
