0 -66
1 -37
2 78
3 -76
4 -7
5 99
6 -99
7 5
8 56
9 53
10 -83
11 84
12 -64
13 -23
14 -33
15 -85
16 -1
17 28
18 -49
19 -75
20 91
21 -59
22 -13
23 78
24 -40
25 95
26 -68
27 -52
28 63
29 -92
30 14
31 71
32 37
33 47
34 89
35 20
36 -79
37 -45
38 -15
39 70
40 96
41 -20
42 61
43 -84
44 -60
45 46
46 -30
47 -66
48 -12
49 -10
50 9
51 70
52 -99
53 49
54 59
55 -87
56 -3
57 26
58 -20
59 -66
60 -99
61 46
62 88
63 15
64 1
65 -2
66 -51
67 33
68 53
69 4
70 1
71 79
72 -92
73 91
74 17
75 34
76 -85
77 81
78 -39
79 71
80 -34
81 -84
82 97
83 66
84 28
85 37
86 -66
87 6
88 87
89 -20
90 61
91 37
92 5
93 11
94 -3
95 90
96 6
97 -59
98 -53
99 46
100 -16
101 48
102 74
103 43
104 2
105 -67
106 -87
107 7
108 -39
109 49
110 -89
111 -64
112 21
113 99
114 -35
115 -57
116 -53
117 -41
118 -80
119 87
120 -48
121 58
122 78
123 63
124 30
125 -40
126 -55
127 53
