0 -94
1 53
2 -4
3 68
4 -10
5 -11
6 87
7 -79
8 84
9 -82
10 25
11 -91
12 34
13 -30
14 -93
15 -27
16 -67
17 -87
18 -96
19 52
20 41
21 20
22 -60
23 -19
24 73
25 -25
26 46
27 56
28 21
29 48
30 -96
31 44
32 26
33 68
34 -24
35 16
36 7
37 90
38 -8
39 17
40 -96
41 -55
42 -84
43 -27
44 97
45 -98
46 -84
47 44
48 -34
49 -84
50 -77
51 -94
52 60
53 -21
54 -69
55 -51
56 -10
57 -2
58 45
59 50
60 75
61 7
62 -64
63 -45
64 68
65 37
66 -33
67 19
68 0
69 -36
70 -81
71 46
72 13
73 -33
74 -63
75 71
76 -69
77 -87
78 -11
79 -47
80 -82
81 14
82 45
83 -78
84 40
85 71
86 -46
87 -57
88 -42
89 -61
90 89
91 -100
92 91
93 -42
94 -9
95 42
96 4
97 11
98 87
99 2
100 25
101 -41
102 78
103 -44
104 -24
105 86
106 97
107 18
108 27
109 96
110 -84
111 -75
112 71
113 -100
114 89
115 15
116 -89
117 -30
118 -69
119 65
120 5
121 30
122 -72
123 79
124 98
125 97
126 14
127 -10
