0 -45
1 15
2 60
3 -12
4 -46
5 44
6 -99
7 -21
8 -80
9 -14
10 -1
11 -77
12 74
13 -23
14 -42
15 16
16 -85
17 -69
18 -49
19 0
20 8
21 52
22 58
23 49
24 -50
25 -24
26 36
27 -93
28 -53
29 88
30 28
31 -46
32 -63
33 86
34 -5
35 -54
36 20
37 -58
38 -67
39 -71
40 45
41 34
42 -54
43 94
44 77
45 -57
46 -10
47 -64
48 -89
49 -60
50 55
51 73
52 89
53 -74
54 30
55 -50
56 -81
57 -13
58 77
59 68
60 17
61 67
62 22
63 -6
64 52
65 -69
66 -83
67 -22
68 34
69 -12
70 -81
71 -78
72 -14
73 91
74 -41
75 -7
76 -63
77 -98
78 57
79 59
80 47
81 6
82 -6
83 5
84 -86
85 -47
86 16
87 77
88 -20
89 27
90 21
91 59
92 -36
93 -7
94 -96
95 -46
96 -66
97 16
98 -40
99 80
100 73
101 52
102 6
103 90
104 -11
105 -9
106 -38
107 37
108 -18
109 -85
110 -58
111 72
112 65
113 -35
114 -26
115 -32
116 18
117 32
118 35
119 16
120 40
121 -39
122 -9
123 39
124 25
125 -14
126 88
127 -53
