0 -9
1 -69
2 -58
3 -58
4 38
5 -38
6 -82
7 53
8 -75
9 -96
10 47
11 -26
12 39
13 89
14 -97
15 22
16 -76
17 -54
18 -64
19 31
20 67
21 -89
22 17
23 0
24 97
25 51
26 48
27 90
28 -91
29 -14
30 30
31 -98
32 -57
33 4
34 15
35 31
36 63
37 72
38 90
39 5
40 91
41 85
42 96
43 -89
44 3
45 -91
46 21
47 -66
48 -8
49 33
50 -33
51 11
52 -34
53 -41
54 -77
55 20
56 95
57 63
58 -60
59 13
60 -82
61 10
62 -48
63 31
64 -57
65 -87
66 5
67 17
68 94
69 -80
70 -79
71 89
72 49
73 41
74 56
75 -22
76 9
77 -68
78 -50
79 62
80 23
81 -76
82 23
83 87
84 -93
85 94
86 43
87 89
88 94
89 14
90 -21
91 -84
92 53
93 -71
94 -99
95 -5
96 19
97 -32
98 25
99 -94
100 -25
101 -79
102 10
103 2
104 72
105 31
106 48
107 11
108 64
109 18
110 -83
111 88
112 -72
113 -96
114 21
115 7
116 89
117 17
118 -85
119 3
120 0
121 -40
122 36
123 16
124 31
125 -58
126 68
127 100
128 -85
129 -92
130 -73
131 69
132 60
133 19
134 -53
135 69
136 40
137 53
138 -7
139 -34
140 6
141 78
142 9
143 -6
144 -28
145 33
146 -94
147 0
148 23
149 -91
150 -54
151 71
152 23
153 -65
154 -45
155 -56
156 -82
157 28
158 64
159 37
160 97
161 28
162 -96
163 66
164 93
165 -61
166 -15
167 75
168 36
169 20
170 78
171 -54
172 69
173 -97
174 76
175 13
176 13
177 -89
178 52
179 -26
180 -47
181 84
182 -50
183 -52
184 -70
185 58
186 23
187 -35
188 -28
189 35
190 65
191 93
192 85
193 -78
194 1
195 87
196 51
197 -20
198 -39
199 42
200 -87
201 -64
202 -19
203 -19
204 26
205 0
206 -45
207 58
208 89
209 50
210 -27
211 -17
212 -68
213 -84
214 -10
215 93
216 100
217 93
218 -37
219 -4
220 -10
221 -75
222 61
223 61
224 -84
225 35
226 53
227 1
228 47
229 90
230 -76
231 -44
232 25
233 11
234 26
235 71
236 -42
237 -15
238 9
239 -85
240 -27
241 34
242 1
243 64
244 69
245 28
246 41
247 -10
248 -63
249 31
250 -13
251 -38
252 88
253 84
254 -2
255 -58
