0 -85
1 12
2 37
3 -66
4 -69
5 40
6 -87
7 52
8 46
9 -19
10 8
11 98
12 -68
13 -77
14 -86
15 -62
16 -83
17 77
18 61
19 -48
20 -82
21 24
22 -63
23 -42
24 -86
25 -29
26 -27
27 -32
28 -10
29 -54
30 -22
31 -50
32 53
33 -55
34 84
35 35
36 74
37 -26
38 -27
39 9
40 53
41 89
42 -4
43 -50
44 36
45 46
46 5
47 22
48 -17
49 -54
50 32
51 55
52 -25
53 96
54 8
55 69
56 63
57 -26
58 36
59 95
60 -60
61 -100
62 37
63 5
64 40
65 -43
66 -2
67 -76
68 43
69 40
70 -13
71 -41
72 84
73 -52
74 -43
75 74
76 -73
77 51
78 -4
79 -26
80 -37
81 -14
82 -5
83 -6
84 94
85 -59
86 49
87 -88
88 -63
89 -77
90 -48
91 -13
92 -49
93 -70
94 -49
95 -23
96 40
97 -6
98 -7
99 34
100 74
101 10
102 29
103 97
104 -61
105 57
106 -42
107 -61
108 49
109 -78
110 -17
111 -24
112 -100
113 -1
114 73
115 90
116 77
117 21
118 1
119 -92
120 -68
121 89
122 76
123 -21
124 71
125 -11
126 -33
127 19
128 63
129 -73
130 -16
131 58
132 -38
133 -59
134 -7
135 -6
136 92
137 56
138 24
139 33
140 -61
141 60
142 -75
143 59
144 -85
145 -93
146 75
147 -59
148 -10
149 6
150 34
151 -98
152 -16
153 -22
154 -25
155 -2
156 41
157 85
158 -28
159 0
160 -75
161 -30
162 -55
163 -46
164 74
165 67
166 -95
167 56
168 64
169 27
170 -19
171 -58
172 -60
173 -44
174 -43
175 69
176 -23
177 -6
178 -62
179 16
180 -93
181 0
182 64
183 -99
184 -4
185 86
186 -56
187 -48
188 -98
189 -21
190 -91
191 -82
192 -21
193 28
194 48
195 76
196 31
197 16
198 93
199 5
200 12
201 50
202 -91
203 -87
204 -10
205 -41
206 49
207 74
208 -18
209 76
210 24
211 24
212 60
213 -17
214 14
215 -7
216 11
217 55
218 -91
219 -72
220 -56
221 -37
222 5
223 -70
224 -28
225 33
226 44
227 -85
228 64
229 73
230 34
231 86
232 -97
233 76
234 -100
235 86
236 -89
237 -76
238 -34
239 -4
240 81
241 -70
242 -92
243 38
244 0
245 -51
246 25
247 -5
248 73
249 60
250 -75
251 95
252 31
253 -62
254 -8
255 -90
