0 -2
1 27
2 78
3 -43
4 -70
5 -39
6 83
7 -82
8 -7
9 44
10 -88
11 -58
12 -84
13 -23
14 -35
15 67
16 34
17 -83
18 32
19 -89
20 95
21 -6
22 -79
23 -7
24 -91
25 -54
26 9
27 72
28 29
29 67
30 -27
31 41
32 20
33 28
34 69
35 16
36 96
37 -36
38 95
39 -20
40 -45
41 -89
42 14
43 83
44 42
45 26
46 -87
47 -29
48 -34
49 -46
50 -80
51 64
52 13
53 43
54 14
55 47
56 41
57 -84
58 -31
59 -29
60 -12
61 -25
62 -19
63 -77
64 43
65 6
66 -47
67 6
68 19
69 80
70 -19
71 -11
72 59
73 6
74 68
75 -29
76 -11
77 -27
78 -28
79 19
80 -44
81 -45
82 62
83 64
84 90
85 39
86 12
87 -46
88 -32
89 99
90 -1
91 88
92 94
93 47
94 35
95 46
96 -29
97 96
98 -65
99 -81
100 20
101 -98
102 65
103 -3
104 -81
105 -94
106 -30
107 49
108 78
109 26
110 90
111 91
112 14
113 -37
114 -63
115 -72
116 -92
117 -25
118 28
119 88
120 -60
121 -45
122 49
123 30
124 -68
125 40
126 4
127 -9
128 18
129 -99
130 68
131 92
132 64
133 -17
134 76
135 -71
136 6
137 49
138 7
139 7
140 -9
141 -35
142 34
143 47
144 54
145 97
146 92
147 -17
148 62
149 -75
150 44
151 -5
152 23
153 -25
154 -88
155 -28
156 22
157 -31
158 -39
159 -88
160 -65
161 69
162 52
163 2
164 -87
165 -35
166 -48
167 93
168 -66
169 25
170 70
171 -35
172 -38
173 -87
174 45
175 37
176 3
177 -28
178 12
179 38
180 44
181 76
182 0
183 94
184 63
185 8
186 -5
187 -79
188 31
189 39
190 78
191 -68
192 -47
193 -4
194 -21
195 84
196 26
197 85
198 52
199 16
200 94
201 99
202 75
203 -38
204 -90
205 56
206 83
207 -8
208 -55
209 56
210 -33
211 -81
212 -3
213 45
214 -40
215 -13
216 -88
217 -75
218 -12
219 37
220 -10
221 -84
222 44
223 36
224 -37
225 91
226 66
227 61
228 -53
229 48
230 63
231 96
232 -48
233 -38
234 -70
235 1
236 -61
237 -2
238 85
239 -83
240 -1
241 -12
242 36
243 10
244 -30
245 -7
246 -67
247 98
248 -85
249 -18
250 -77
251 -90
252 -85
253 89
254 -87
255 -7
