0 31
1 -6
2 -26
3 57
4 -78
5 -13
6 12
7 -72
8 26
9 -7
10 -49
11 8
12 64
13 46
14 16
15 97
16 77
17 65
18 54
19 -44
20 -23
21 -51
22 70
23 71
24 50
25 -28
26 85
27 34
28 62
29 15
30 98
31 -10
32 -39
33 88
34 38
35 -93
36 30
37 52
38 98
39 8
40 60
41 -5
42 -79
43 36
44 -96
45 -34
46 -94
47 -22
48 11
49 -52
50 -58
51 90
52 38
53 52
54 -86
55 77
56 -100
57 -94
58 98
59 88
60 10
61 -39
62 43
63 -60
64 -97
65 -10
66 44
67 -39
68 69
69 -70
70 93
71 -75
72 -93
73 -76
74 26
75 -11
76 -64
77 -10
78 37
79 -16
80 -11
81 -20
82 19
83 54
84 -95
85 8
86 70
87 -47
88 78
89 -94
90 -66
91 -17
92 40
93 -21
94 -78
95 61
96 -80
97 -62
98 -60
99 -69
100 94
101 -63
102 85
103 -92
104 -51
105 -12
106 26
107 -10
108 -40
109 70
110 0
111 -79
112 54
113 -73
114 39
115 100
116 39
117 52
118 -52
119 -5
120 -38
121 55
122 -11
123 -65
124 -55
125 -72
126 10
127 14
128 -95
129 1
130 79
131 16
132 59
133 -88
134 -22
135 95
136 58
137 -61
138 -4
139 74
140 -28
141 9
142 43
143 -6
144 -25
145 34
146 -42
147 -100
148 -11
149 -25
150 -75
151 18
152 54
153 16
154 59
155 -37
156 19
157 65
158 -94
159 77
160 95
161 65
162 8
163 38
164 -79
165 29
166 63
167 6
168 -2
169 -89
170 97
171 -90
172 -49
173 25
174 -63
175 -56
176 -53
177 99
178 -79
179 88
180 60
181 28
182 29
183 74
184 31
185 90
186 40
187 -49
188 -35
189 -71
190 87
191 -75
192 20
193 -24
194 36
195 56
196 -54
197 -28
198 -52
199 63
200 -47
201 34
202 -75
203 40
204 -87
205 -1
206 97
207 40
208 31
209 -62
210 14
211 64
212 -42
213 40
214 22
215 69
216 79
217 -42
218 -7
219 82
220 -75
221 54
222 -50
223 23
224 -94
225 61
226 60
227 34
228 49
229 88
230 -48
231 47
232 46
233 78
234 58
235 12
236 68
237 -97
238 -23
239 -84
240 -58
241 -64
242 27
243 -54
244 2
245 -12
246 -87
247 -93
248 -16
249 -84
250 -62
251 -70
252 -45
253 16
254 -43
255 -22
