0 -61
1 32
2 -59
3 8
4 -3
5 -68
6 -42
7 75
8 -62
9 24
10 44
11 53
12 -73
13 -19
14 -67
15 48
16 -94
17 9
18 75
19 -94
20 -1
21 81
22 90
23 13
24 -72
25 31
26 -18
27 -27
28 -26
29 85
30 -70
31 -51
32 -2
33 87
34 51
35 -90
36 -7
37 -6
38 -91
39 44
40 20
41 -81
42 -48
43 36
44 -22
45 -50
46 67
47 -71
48 -49
49 -14
50 100
51 -90
52 -91
53 -21
54 -75
55 65
56 -84
57 -42
58 -59
59 33
60 23
61 -67
62 79
63 11
64 -74
65 -97
66 -60
67 -5
68 33
69 -9
70 -20
71 91
72 86
73 96
74 -85
75 74
76 10
77 64
78 -62
79 65
80 5
81 79
82 82
83 -14
84 32
85 75
86 92
87 7
88 27
89 -8
90 -98
91 -13
92 -45
93 73
94 32
95 -88
96 -45
97 22
98 -43
99 76
100 27
101 -47
102 -80
103 -20
104 97
105 15
106 -95
107 96
108 -18
109 18
110 97
111 -27
112 64
113 -33
114 25
115 -87
116 3
117 57
118 -4
119 -22
120 22
121 49
122 63
123 -12
124 14
125 -21
126 -49
127 -61
128 78
129 9
130 23
131 69
132 -90
133 -59
134 -46
135 -71
136 97
137 -74
138 21
139 -52
140 -90
141 17
142 -84
143 47
144 18
145 -50
146 43
147 44
148 -64
149 -81
150 -60
151 -93
152 88
153 -70
154 58
155 57
156 -13
157 -33
158 34
159 -1
160 -24
161 -94
162 -79
163 -28
164 48
165 -65
166 98
167 26
168 28
169 -49
170 -16
171 49
172 -6
173 -3
174 -87
175 -15
176 23
177 38
178 68
179 80
180 -52
181 61
182 38
183 0
184 80
185 -17
186 -55
187 -23
188 -83
189 57
190 -63
191 -72
192 72
193 -56
194 94
195 -85
196 -95
197 54
198 26
199 -2
200 -85
201 -18
202 -15
203 58
204 89
205 83
206 -76
207 7
208 -82
209 71
210 -15
211 32
212 95
213 -54
214 21
215 -85
216 -39
217 -51
218 -55
219 -81
220 83
221 68
222 86
223 -36
224 78
225 51
226 -38
227 -1
228 34
229 -33
230 -80
231 62
232 10
233 -64
234 37
235 78
236 -93
237 -28
238 -61
239 76
240 1
241 -93
242 13
243 70
244 -25
245 85
246 -26
247 -9
248 -88
249 -92
250 -66
251 65
252 -47
253 63
254 -99
255 -98
