0 -32
1 67
2 -88
3 56
4 18
5 -80
6 37
7 85
8 -82
9 89
10 -30
11 -65
12 41
13 1
14 65
15 77
16 92
17 63
18 63
19 -96
20 65
21 -49
22 -4
23 -43
24 -46
25 47
26 99
27 67
28 -75
29 -12
30 -50
31 -28
32 -77
33 -74
34 -97
35 91
36 0
37 66
38 -5
39 -19
40 -57
41 62
42 32
43 -83
44 86
45 78
46 -46
47 94
48 1
49 -98
50 -80
51 70
52 -88
53 -75
54 44
55 14
56 55
57 82
58 -13
59 72
60 35
61 -97
62 -100
63 -70
64 -14
65 -3
66 -35
67 -85
68 97
69 -14
70 1
71 73
72 -41
73 -29
74 -68
75 57
76 -73
77 2
78 41
79 -35
80 -76
81 41
82 58
83 89
84 -67
85 49
86 -70
87 56
88 -18
89 -16
90 13
91 15
92 -51
93 -12
94 -64
95 -47
96 -41
97 -89
98 -78
99 -48
100 21
101 -64
102 -77
103 -66
104 42
105 -36
106 -18
107 57
108 -92
109 -2
110 21
111 41
112 78
113 94
114 93
115 39
116 40
117 12
118 -100
119 3
120 -49
121 74
122 -27
123 -68
124 25
125 86
126 -33
127 75
128 88
129 63
130 85
131 -21
132 24
133 -50
134 -2
135 -25
136 85
137 17
138 -24
139 56
140 -50
141 82
142 41
143 -32
144 3
145 -68
146 -58
147 26
148 10
149 -35
150 -88
151 -32
152 43
153 -6
154 67
155 45
156 -28
157 68
158 77
159 2
160 21
161 86
162 47
163 77
164 -77
165 -8
166 9
167 -19
168 -78
169 -84
170 65
171 -5
172 -66
173 -29
174 -23
175 57
176 -7
177 53
178 69
179 35
180 41
181 51
182 -97
183 -79
184 -39
185 -36
186 40
187 -8
188 -44
189 -98
190 -32
191 -30
192 -78
193 -11
194 54
195 94
196 -18
197 -28
198 63
199 15
200 18
201 2
202 32
203 -2
204 -73
205 -95
206 3
207 70
208 -3
209 -24
210 -79
211 -60
212 47
213 -88
214 18
215 -90
216 -87
217 -59
218 -57
219 25
220 6
221 75
222 -87
223 -38
224 -78
225 64
226 49
227 16
228 67
229 0
230 -52
231 -2
232 69
233 -62
234 50
235 8
236 47
237 41
238 47
239 -93
240 47
241 50
242 64
243 -61
244 -68
245 93
246 67
247 -60
248 -54
249 19
250 22
251 -45
252 -77
253 -26
254 -76
255 -5
