0 54
1 81
2 14
3 48
4 -64
5 20
6 15
7 -10
8 -76
9 -72
10 -11
11 -72
12 29
13 99
14 85
15 88
16 -24
17 -44
18 -83
19 -84
20 8
21 -38
22 16
23 -90
24 -8
25 -86
26 78
27 92
28 -95
29 -32
30 -78
31 -89
32 -32
33 46
34 -32
35 -56
36 36
37 59
38 78
39 -100
40 43
41 -71
42 88
43 99
44 73
45 -2
46 33
47 96
48 -60
49 46
50 -99
51 -20
52 79
53 49
54 -22
55 -76
56 7
57 20
58 -3
59 -51
60 65
61 -22
62 96
63 -29
64 -24
65 -84
66 -86
67 -85
68 -82
69 94
70 -81
71 -89
72 -62
73 -19
74 16
75 -63
76 -11
77 3
78 1
79 84
80 55
81 -6
82 20
83 -90
84 6
85 4
86 5
87 -95
88 33
89 -97
90 -33
91 91
92 -98
93 34
94 3
95 16
96 16
97 36
98 32
99 -33
100 -48
101 15
102 -51
103 -28
104 -62
105 31
106 -36
107 -5
108 -81
109 -71
110 -67
111 -4
112 -65
113 -53
114 42
115 -42
116 15
117 -21
118 -42
119 -56
120 0
121 -91
122 40
123 -52
124 -74
125 -49
126 12
127 -67
128 -6
129 -57
130 66
131 11
132 -62
133 -51
134 39
135 -76
136 92
137 12
138 -72
139 -49
140 -44
141 81
142 56
143 -13
144 -76
145 -75
146 7
147 -36
148 -18
149 -24
150 52
151 -29
152 -38
153 -51
154 -27
155 -68
156 -26
157 -63
158 98
159 -5
160 -18
161 -17
162 -86
163 -39
164 -53
165 -89
166 89
167 -73
168 8
169 -93
170 37
171 -13
172 -34
173 -70
174 -87
175 -85
176 -82
177 -15
178 37
179 -30
180 -44
181 -63
182 -68
183 73
184 -20
185 5
186 78
187 31
188 -53
189 -75
190 -22
191 -40
192 58
193 -97
194 3
195 47
196 -97
197 71
198 93
199 -13
200 68
201 44
202 -80
203 7
204 -56
205 99
206 -18
207 80
208 13
209 92
210 -49
211 -14
212 -35
213 -44
214 -12
215 51
216 96
217 -93
218 -72
219 -21
220 23
221 12
222 76
223 -29
224 -90
225 81
226 -79
227 32
228 26
229 -95
230 -3
231 -96
232 -46
233 -58
234 34
235 -48
236 -99
237 -19
238 -21
239 -90
240 -63
241 -88
242 -65
243 -5
244 -63
245 -88
246 76
247 -75
248 75
249 -17
250 19
251 -61
252 -22
253 63
254 -84
255 34
