0 -20
1 -96
2 38
3 54
4 -6
5 -61
6 50
7 26
8 23
9 -41
10 -84
11 29
12 3
13 11
14 -56
15 -79
16 64
17 -59
18 64
19 -44
20 87
21 39
22 23
23 -36
24 47
25 -28
26 4
27 37
28 -25
29 -9
30 -57
31 -27
32 -76
33 83
34 -60
35 -94
36 -58
37 80
38 35
39 -8
40 -26
41 -23
42 -29
43 -65
44 -89
45 -54
46 -13
47 89
48 38
49 -67
50 61
51 -67
52 -67
53 -58
54 -40
55 -63
56 100
57 62
58 -56
59 96
60 -31
61 -29
62 -99
63 -11
64 32
65 -98
66 -33
67 76
68 44
69 -30
70 -51
71 -10
72 9
73 4
74 -35
75 -20
76 -5
77 -82
78 60
79 -32
80 56
81 -15
82 47
83 1
84 -87
85 96
86 31
87 -83
88 33
89 -5
90 -67
91 73
92 -91
93 -73
94 -90
95 37
96 -66
97 35
98 -75
99 -10
100 28
101 91
102 -65
103 -17
104 -87
105 -6
106 34
107 44
108 100
109 75
110 -79
111 -48
112 72
113 -53
114 -79
115 -85
116 -80
117 -58
118 -60
119 14
120 63
121 29
122 32
123 -5
124 9
125 7
126 14
127 63
128 -81
129 15
130 91
131 5
132 -14
133 -60
134 100
135 15
136 -22
137 -39
138 -85
139 -86
140 57
141 95
142 74
143 67
144 94
145 -76
146 -40
147 -81
148 -37
149 -61
150 28
151 -59
152 -76
153 76
154 -24
155 -20
156 58
157 -22
158 -6
159 90
160 -12
161 -19
162 98
163 -23
164 -76
165 39
166 -85
167 -57
168 74
169 4
170 -84
171 22
172 68
173 24
174 89
175 16
176 -77
177 59
178 81
179 -67
180 -25
181 -37
182 -17
183 -25
184 -57
185 79
186 3
187 0
188 41
189 22
190 7
191 52
192 7
193 -83
194 98
195 -89
196 -4
197 76
198 35
199 2
200 -12
201 -82
202 -17
203 76
204 -76
205 -9
206 20
207 7
208 -47
209 9
210 57
211 45
212 -40
213 23
214 -51
215 35
216 76
217 3
218 -97
219 96
220 -42
221 30
222 -20
223 8
224 -93
225 -100
226 83
227 44
228 42
229 -45
230 -91
231 59
232 -84
233 0
234 -45
235 -26
236 -79
237 -57
238 64
239 38
240 -40
241 45
242 -37
243 -65
244 -41
245 -83
246 30
247 85
248 -7
249 29
250 86
251 16
252 -42
253 17
254 72
255 88
