0 -84
1 -59
2 -9
3 -62
4 -23
5 -99
6 17
7 50
8 -43
9 43
10 36
11 -13
12 30
13 -22
14 82
15 -21
16 -82
17 -61
18 -98
19 23
20 92
21 90
22 86
23 58
24 -15
25 -97
26 -91
27 13
28 -42
29 -60
30 -36
31 -39
32 81
33 56
34 -92
35 -83
36 17
37 16
38 -34
39 59
40 -46
41 -14
42 -14
43 -40
44 2
45 -75
46 63
47 -83
48 -7
49 -23
50 59
51 -90
52 33
53 -54
54 -1
55 53
56 -25
57 -33
58 39
59 -27
60 63
61 52
62 89
63 79
64 -60
65 -81
66 18
67 99
68 83
69 -24
70 -47
71 -23
72 60
73 -25
74 98
75 61
76 -58
77 66
78 -4
79 2
80 -58
81 -65
82 -48
83 -51
84 46
85 18
86 60
87 -10
88 40
89 24
90 51
91 30
92 73
93 76
94 -10
95 -47
96 -14
97 -62
98 65
99 75
100 -21
101 -27
102 95
103 -58
104 -3
105 -50
106 -6
107 23
108 28
109 27
110 -9
111 -97
112 -32
113 -29
114 14
115 48
116 100
117 -79
118 -56
119 39
120 32
121 85
122 66
123 30
124 78
125 -60
126 -29
127 -94
128 90
129 -59
130 4
131 -92
132 -1
133 45
134 32
135 -36
136 -33
137 68
138 -66
139 -38
140 81
141 25
142 -80
143 13
144 91
145 -24
146 47
147 51
148 -58
149 85
150 33
151 47
152 91
153 67
154 -50
155 -14
156 -52
157 -39
158 -4
159 89
160 -31
161 94
162 46
163 5
164 72
165 84
166 -65
167 -99
168 79
169 90
170 32
171 -59
172 97
173 8
174 -74
175 -76
176 -41
177 44
178 -62
179 -83
180 42
181 -36
182 56
183 89
184 -46
185 86
186 -57
187 -72
188 28
189 27
190 -18
191 -5
192 -23
193 -93
194 91
195 -37
196 -26
197 -31
198 43
199 33
200 94
201 -4
202 -79
203 -77
204 -74
205 -9
206 23
207 -56
208 18
209 41
210 -44
211 82
212 -30
213 -69
214 -19
215 -5
216 51
217 49
218 -10
219 -25
220 10
221 -76
222 14
223 -34
224 24
225 17
226 -73
227 61
228 78
229 -58
230 33
231 -90
232 4
233 35
234 34
235 -14
236 -62
237 -56
238 -44
239 -65
240 27
241 23
242 -15
243 9
244 -76
245 -39
246 -46
247 54
248 6
249 -67
250 -24
251 -63
252 49
253 -40
254 93
255 -77
