0 89
1 -80
2 29
3 96
4 -51
5 66
6 -14
7 -91
8 10
9 0
10 -96
11 19
12 -43
13 8
14 0
15 -57
16 50
17 -71
18 -32
19 2
20 -98
21 10
22 43
23 -22
24 -67
25 3
26 96
27 18
28 -100
29 80
30 13
31 55
32 -79
33 -6
34 21
35 -87
36 -45
37 -18
38 59
39 -93
40 -41
41 -30
42 -97
43 76
44 -15
45 15
46 -41
47 10
48 1
49 -14
50 18
51 -82
52 55
53 -6
54 70
55 74
56 -68
57 -57
58 80
59 65
60 12
61 -29
62 -67
63 92
64 -47
65 90
66 -67
67 48
68 -45
69 -97
70 41
71 24
72 57
73 2
74 80
75 -79
76 41
77 96
78 78
79 44
80 -30
81 85
82 87
83 9
84 13
85 -27
86 -60
87 -50
88 -54
89 -43
90 6
91 -25
92 -18
93 -46
94 -66
95 -29
96 73
97 -90
98 -87
99 -22
100 63
101 -51
102 -67
103 -57
104 -25
105 50
106 44
107 -4
108 82
109 -93
110 6
111 64
112 -96
113 14
114 -7
115 -80
116 -58
117 3
118 47
119 15
120 93
121 43
122 -15
123 -1
124 -41
125 -40
126 27
127 -94
128 65
129 -66
130 -44
131 -70
132 -68
133 23
134 96
135 -100
136 -75
137 -23
138 11
139 -75
140 -77
141 -8
142 93
143 -2
144 42
145 48
146 65
147 -58
148 38
149 55
150 3
151 -28
152 -11
153 -56
154 85
155 53
156 -51
157 66
158 -52
159 41
160 56
161 87
162 -78
163 -23
164 -62
165 -81
166 -77
167 30
168 59
169 59
170 38
171 54
172 5
173 23
174 -8
175 11
176 -74
177 61
178 -25
179 -62
180 49
181 65
182 49
183 33
184 -44
185 70
186 89
187 -91
188 51
189 72
190 80
191 -88
192 -10
193 67
194 51
195 60
196 28
197 19
198 38
199 -54
200 -47
201 -1
202 -35
203 44
204 -39
205 -81
206 71
207 20
208 -47
209 -25
210 65
211 91
212 -49
213 -18
214 97
215 -93
216 -84
217 34
218 -64
219 27
220 -13
221 94
222 0
223 38
224 46
225 -44
226 -41
227 6
228 -81
229 88
230 69
231 -8
232 7
233 -29
234 3
235 -47
236 -71
237 38
238 -70
239 -12
240 3
241 -5
242 -79
243 -1
244 32
245 -99
246 60
247 -22
248 93
249 46
250 51
251 -45
252 98
253 15
254 -15
255 -38
