0 14
1 -5
2 -92
3 98
4 15
5 -66
6 -83
7 -14
8 -43
9 -84
10 -3
11 39
12 90
13 5
14 2
15 -41
16 13
17 32
18 -100
19 65
20 58
21 -26
22 90
23 25
24 27
25 -40
26 -47
27 -66
28 -94
29 -62
30 88
31 27
32 10
33 34
34 56
35 31
36 -31
37 80
38 -17
39 -71
40 -18
41 56
42 1
43 7
44 -40
45 -40
46 69
47 4
48 -80
49 79
50 55
51 83
52 -7
53 81
54 -19
55 77
56 15
57 36
58 -46
59 -41
60 -93
61 -2
62 65
63 7
64 75
65 -77
66 4
67 -89
68 89
69 -22
70 28
71 -58
72 10
73 28
74 86
75 -86
76 -20
77 -23
78 45
79 -98
80 -17
81 -62
82 -43
83 -81
84 46
85 -91
86 -77
87 51
88 47
89 -37
90 -14
91 95
92 41
93 29
94 -98
95 -18
96 -82
97 76
98 -95
99 32
100 21
101 -50
102 94
103 -1
104 -84
105 -76
106 -42
107 -23
108 77
109 31
110 0
111 87
112 -68
113 -25
114 59
115 98
116 -39
117 -43
118 -61
119 95
120 85
121 -67
122 -61
123 -6
124 -21
125 17
126 -56
127 80
128 -36
129 -64
130 88
131 57
132 16
133 -93
134 -70
135 -46
136 79
137 13
138 23
139 26
140 -14
141 -73
142 14
143 -84
144 -34
145 25
146 -34
147 97
148 -70
149 10
150 28
151 -60
152 19
153 97
154 -45
155 4
156 93
157 -14
158 52
159 70
160 -78
161 -59
162 62
163 19
164 -99
165 -80
166 4
167 -63
168 -56
169 27
170 -93
171 -73
172 97
173 23
174 -79
175 2
176 -29
177 -95
178 41
179 57
180 47
181 98
182 -98
183 -34
184 41
185 82
186 61
187 86
188 -41
189 -43
190 4
191 26
192 -10
193 -63
194 54
195 -70
196 -17
197 86
198 33
199 14
200 -57
201 18
202 6
203 61
204 -15
205 89
206 -14
207 98
208 -17
209 -4
210 -32
211 14
212 33
213 -44
214 -64
215 51
216 -51
217 64
218 97
219 83
220 57
221 -47
222 -21
223 94
224 -58
225 -92
226 -26
227 -33
228 14
229 0
230 -47
231 71
232 91
233 -95
234 41
235 75
236 -65
237 -90
238 -79
239 6
240 -82
241 -6
242 14
243 -36
244 53
245 -33
246 -33
247 -50
248 -24
249 -51
250 86
251 70
252 96
253 93
254 37
255 -17
