0 88
1 -56
2 -42
3 -21
4 79
5 -42
6 94
7 72
8 17
9 -94
10 -28
11 37
12 -31
13 44
14 -51
15 28
16 19
17 -24
18 -12
19 -81
20 50
21 -45
22 93
23 80
24 -36
25 25
26 -94
27 -63
28 26
29 44
30 -26
31 0
32 -44
33 -78
34 43
35 69
36 28
37 87
38 19
39 87
40 -30
41 90
42 -83
43 77
44 -74
45 92
46 -2
47 25
48 46
49 86
50 92
51 74
52 41
53 50
54 -11
55 -67
56 52
57 -26
58 82
59 -84
60 77
61 -25
62 -26
63 -5
64 10
65 62
66 -84
67 92
68 -32
69 89
70 57
71 -25
72 -7
73 -31
74 68
75 -14
76 -93
77 14
78 44
79 -21
80 33
81 28
82 -27
83 66
84 -81
85 -16
86 43
87 52
88 77
89 -78
90 43
91 2
92 -10
93 30
94 -95
95 -60
96 -8
97 -80
98 48
99 -53
100 41
101 -47
102 31
103 10
104 59
105 -83
106 59
107 -83
108 -31
109 10
110 -58
111 21
112 7
113 7
114 75
115 39
116 92
117 63
118 -10
119 -63
120 98
121 -43
122 10
123 -5
124 -20
125 59
126 22
127 28
128 74
129 -64
130 28
131 -43
132 -70
133 -22
134 -49
135 -20
136 -27
137 -69
138 53
139 -31
140 -3
141 -72
142 9
143 42
144 -23
145 -77
146 33
147 -51
148 39
149 17
150 9
151 37
152 -57
153 -58
154 16
155 -68
156 88
157 80
158 -72
159 -52
160 85
161 99
162 92
163 -41
164 11
165 35
166 15
167 -40
168 96
169 -44
170 -48
171 18
172 6
173 -36
174 25
175 18
176 -4
177 -72
178 -61
179 -11
180 32
181 -36
182 21
183 -91
184 -48
185 52
186 65
187 -97
188 52
189 -19
190 -57
191 93
192 -36
193 19
194 -30
195 -26
196 12
197 27
198 -52
199 42
200 -37
201 -88
202 43
203 57
204 17
205 40
206 71
207 61
208 -85
209 61
210 87
211 32
212 -52
213 -25
214 19
215 -45
216 -89
217 -13
218 -68
219 -56
220 -17
221 -87
222 -24
223 -50
224 -12
225 -43
226 1
227 92
228 40
229 -90
230 -60
231 -26
232 -77
233 3
234 27
235 -3
236 -31
237 37
238 100
239 -100
240 77
241 76
242 90
243 10
244 -21
245 22
246 24
247 36
248 99
249 -56
250 39
251 -65
252 15
253 -97
254 42
255 0
256 -60
257 56
258 29
259 -5
260 -56
261 34
262 -35
263 24
264 -91
265 -8
266 68
267 -75
268 -57
269 62
270 -27
271 55
272 -56
273 -38
274 40
275 -26
276 -68
277 -36
278 49
279 -73
280 3
281 5
282 84
283 17
284 -16
285 15
286 90
287 -82
288 -21
289 -45
290 -8
291 -6
292 -16
293 -49
294 39
295 37
296 -98
297 -36
298 -93
299 19
300 89
301 36
302 32
303 34
304 -59
305 80
306 11
307 91
308 78
309 91
310 68
311 12
312 92
313 -62
314 3
315 -66
316 53
317 17
318 -16
319 76
320 6
321 47
322 -83
323 -2
324 -85
325 16
326 -2
327 -75
328 91
329 -57
330 42
331 -68
332 -45
333 -96
334 -63
335 -79
336 94
337 93
338 -87
339 67
340 0
341 83
342 -19
343 -16
344 20
345 -99
346 -51
347 -47
348 89
349 68
350 -90
351 61
352 -95
353 -99
354 -38
355 -82
356 67
357 -56
358 -12
359 -49
360 -49
361 -22
362 30
363 -100
364 -75
365 89
366 -64
367 55
368 53
369 -81
370 -31
371 -81
372 -34
373 24
374 92
375 38
376 18
377 62
378 -8
379 -90
380 58
381 -81
382 45
383 -17
384 -24
385 -45
386 19
387 -13
388 22
389 28
390 -20
391 35
392 28
393 20
394 10
395 -73
396 99
397 -78
398 5
399 15
400 91
401 2
402 -2
403 -84
404 81
405 -50
406 -69
407 9
408 71
409 -63
410 -83
411 -78
412 -31
413 100
414 8
415 79
416 -70
417 -73
418 65
419 -55
420 15
421 -100
422 45
423 53
424 -46
425 -36
426 36
427 -4
428 37
429 99
430 -6
431 -100
432 -33
433 46
434 43
435 -22
436 -65
437 20
438 70
439 -54
440 -17
441 -52
442 -27
443 22
444 72
445 -59
446 50
447 -97
448 32
449 20
450 -10
451 -99
452 -55
453 79
454 -45
455 -87
456 -1
457 -95
458 57
459 -75
460 14
461 32
462 96
463 6
464 58
465 -34
466 -76
467 -3
468 91
469 -5
470 -15
471 41
472 -88
473 8
474 -28
475 -89
476 41
477 69
478 98
479 95
480 76
481 6
482 -51
483 -25
484 -75
485 -82
486 -83
487 -32
488 71
489 -63
490 47
491 48
492 -47
493 -59
494 -8
495 -80
496 -39
497 39
498 60
499 -83
500 -12
501 79
502 76
503 -69
504 12
505 28
506 -81
507 -73
508 8
509 -42
510 60
511 -59
