0 -43
1 -92
2 48
3 64
4 76
5 75
6 -21
7 -75
8 45
9 -100
10 21
11 -92
12 68
13 -29
14 11
15 -18
16 -1
17 47
18 -19
19 36
20 -50
21 39
22 -46
23 33
24 -11
25 -66
26 10
27 39
28 -9
29 -40
30 32
31 -19
32 56
33 57
34 11
35 51
36 -29
37 -68
38 -93
39 79
40 66
41 7
42 50
43 -76
44 -54
45 32
46 99
47 -50
48 -53
49 42
50 19
51 -1
52 -61
53 -46
54 76
55 -69
56 -86
57 -64
58 -74
59 -31
60 46
61 -34
62 -90
63 -11
64 94
65 -46
66 43
67 5
68 63
69 83
70 85
71 90
72 -6
73 -50
74 -36
75 81
76 -52
77 -1
78 22
79 50
80 -98
81 -64
82 36
83 -7
84 71
85 36
86 6
87 26
88 88
89 16
90 92
91 -42
92 3
93 25
94 67
95 49
96 -81
97 -44
98 -65
99 -63
100 -94
101 -71
102 40
103 57
104 89
105 36
106 -76
107 80
108 -37
109 -22
110 -61
111 76
112 2
113 88
114 29
115 -7
116 41
117 98
118 79
119 -10
120 -59
121 63
122 -66
123 31
124 -13
125 -68
126 20
127 -42
128 -80
129 49
130 98
131 -76
132 -67
133 73
134 -57
135 -25
136 6
137 95
138 -61
139 -2
140 82
141 37
142 -78
143 -17
144 83
145 -9
146 15
147 73
148 -73
149 -81
150 70
151 67
152 -32
153 51
154 -90
155 -30
156 15
157 -50
158 -53
159 39
160 27
161 -5
162 33
163 13
164 79
165 36
166 -8
167 -39
168 43
169 -19
170 91
171 25
172 7
173 93
174 -73
175 33
176 -4
177 87
178 -12
179 -96
180 -16
181 30
182 -90
183 13
184 18
185 -75
186 45
187 -75
188 59
189 9
190 -59
191 -12
192 -26
193 5
194 -75
195 -12
196 -60
197 -93
198 -44
199 -35
200 -67
201 63
202 -40
203 -88
204 93
205 43
206 18
207 -39
208 -14
209 29
210 -13
211 39
212 -37
213 -6
214 -30
215 -78
216 -30
217 14
218 -94
219 -6
220 4
221 -72
222 -62
223 93
224 -43
225 77
226 -11
227 -39
228 92
229 -61
230 11
231 40
232 -92
233 92
234 -62
235 43
236 -20
237 -78
238 6
239 9
240 -32
241 57
242 -97
243 75
244 58
245 -12
246 -99
247 -72
248 48
249 -15
250 -70
251 41
252 48
253 99
254 59
255 -89
256 19
257 -47
258 95
259 89
260 -87
261 52
262 74
263 -100
264 46
265 89
266 41
267 -49
268 -5
269 2
270 92
271 -81
272 3
273 36
274 -19
275 90
276 -61
277 6
278 71
279 -36
280 72
281 68
282 45
283 64
284 -15
285 67
286 -90
287 -50
288 -96
289 1
290 -80
291 10
292 54
293 60
294 -53
295 -100
296 97
297 5
298 -58
299 -95
300 22
301 12
302 -74
303 95
304 80
305 -66
306 80
307 -9
308 -70
309 97
310 -19
311 29
312 -64
313 62
314 -19
315 29
316 -44
317 29
318 17
319 -96
320 -72
321 0
322 -87
323 -9
324 47
325 -49
326 -84
327 44
328 -44
329 -98
330 12
331 84
332 57
333 38
334 22
335 96
336 -42
337 -33
338 74
339 86
340 -65
341 -94
342 57
343 27
344 -53
345 -67
346 -33
347 -79
348 -95
349 29
350 -42
351 19
352 -72
353 -7
354 34
355 62
356 -40
357 -33
358 -6
359 -54
360 63
361 34
362 57
363 30
364 -53
365 -53
366 89
367 75
368 -81
369 78
370 -42
371 -6
372 -12
373 -42
374 80
375 -95
376 -72
377 -83
378 -97
379 38
380 -46
381 8
382 -67
383 -27
384 9
385 -23
386 -97
387 32
388 -99
389 93
390 89
391 78
392 10
393 96
394 87
395 -8
396 -56
397 -60
398 57
399 12
400 -1
401 -40
402 31
403 26
404 -7
405 23
406 -4
407 -31
408 87
409 67
410 38
411 -73
412 -13
413 56
414 25
415 86
416 -76
417 25
418 -11
419 45
420 -70
421 13
422 7
423 -62
424 -10
425 14
426 100
427 -65
428 -44
429 2
430 -62
431 -6
432 89
433 -17
434 -41
435 -13
436 23
437 11
438 -96
439 59
440 -35
441 -2
442 -39
443 -42
444 49
445 -49
446 -34
447 9
448 -2
449 -76
450 -70
451 17
452 -40
453 76
454 -40
455 -20
456 -83
457 -34
458 37
459 -45
460 17
461 -56
462 -5
463 -58
464 59
465 -50
466 5
467 -92
468 -63
469 1
470 -1
471 -1
472 1
473 1
474 -42
475 84
476 35
477 43
478 -52
479 12
480 39
481 9
482 -100
483 46
484 21
485 -11
486 20
487 21
488 -34
489 65
490 77
491 -9
492 -54
493 -19
494 4
495 42
496 2
497 15
498 -84
499 2
500 64
501 -45
502 43
503 -47
504 -98
505 41
506 73
507 -83
508 -8
509 -60
510 39
511 87
