0 -79
1 -57
2 27
3 89
4 38
5 1
6 -64
7 -17
8 83
9 75
10 -26
11 -3
12 -49
13 50
14 -32
15 31
16 44
17 -75
18 -53
19 46
20 67
21 -87
22 63
23 53
24 -55
25 -50
26 48
27 -23
28 -19
29 62
30 -22
31 57
32 42
33 -75
34 64
35 56
36 76
37 93
38 -8
39 -89
40 66
41 71
42 11
43 -75
44 -95
45 36
46 -62
47 -22
48 -84
49 -12
50 -62
51 -30
52 -53
53 -59
54 -47
55 68
56 22
57 88
58 -36
59 -73
60 75
61 39
62 -49
63 -75
64 47
65 -23
66 68
67 -71
68 94
69 43
70 -15
71 2
72 90
73 72
74 -19
75 40
76 33
77 -26
78 -61
79 41
80 -27
81 -38
82 -68
83 -19
84 5
85 -28
86 24
87 56
88 19
89 -93
90 -6
91 -54
92 -92
93 57
94 49
95 75
96 -42
97 42
98 -84
99 25
100 -88
101 -95
102 5
103 -17
104 49
105 -65
106 -11
107 -27
108 12
109 94
110 -35
111 69
112 -72
113 -44
114 94
115 -72
116 23
117 40
118 -92
119 36
120 62
121 33
122 56
123 -71
124 -91
125 88
126 100
127 -93
128 -13
129 52
130 69
131 -2
132 62
133 -12
134 -54
135 6
136 -47
137 -24
138 -51
139 14
140 27
141 -36
142 86
143 59
144 -37
145 -24
146 -1
147 -100
148 -6
149 53
150 23
151 62
152 1
153 -85
154 -70
155 0
156 71
157 -74
158 44
159 28
160 91
161 27
162 95
163 -1
164 17
165 -64
166 -51
167 2
168 52
169 53
170 -33
171 82
172 -4
173 23
174 17
175 39
176 -69
177 37
178 33
179 34
180 -24
181 67
182 42
183 -58
184 41
185 -71
186 -67
187 85
188 49
189 62
190 30
191 -52
192 22
193 22
194 87
195 70
196 -35
197 2
198 -22
199 81
200 10
201 -47
202 -78
203 -61
204 -50
205 -14
206 86
207 -91
208 20
209 -76
210 54
211 -65
212 -8
213 -35
214 -62
215 89
216 -37
217 -71
218 46
219 -57
220 32
221 -84
222 46
223 -88
224 -65
225 72
226 59
227 85
228 -86
229 -29
230 -76
231 -8
232 16
233 56
234 91
235 -76
236 6
237 -4
238 -12
239 67
240 -3
241 -71
242 -5
243 37
244 -85
245 6
246 13
247 -15
248 83
249 98
250 64
251 65
252 58
253 35
254 71
255 -18
256 65
257 -87
258 6
259 -17
260 71
261 -40
262 -71
263 17
264 86
265 -25
266 -62
267 15
268 -72
269 -93
270 -88
271 89
272 54
273 83
274 15
275 48
276 69
277 -79
278 -25
279 -62
280 -81
281 -5
282 -9
283 33
284 43
285 19
286 -40
287 37
288 11
289 0
290 56
291 -71
292 -2
293 -37
294 52
295 66
296 33
297 9
298 -90
299 -56
300 -4
301 16
302 -1
303 0
304 -16
305 -41
306 97
307 -59
308 15
309 92
310 -15
311 -45
312 7
313 49
314 77
315 43
316 56
317 56
318 11
319 -91
320 74
321 -6
322 28
323 64
324 -9
325 16
326 13
327 81
328 20
329 33
330 -53
331 -19
332 -88
333 -92
334 -68
335 59
336 -63
337 66
338 -54
339 -76
340 -8
341 88
342 93
343 -94
344 -74
345 -4
346 -33
347 38
348 78
349 -9
350 4
351 -40
352 66
353 55
354 52
355 20
356 -52
357 83
358 88
359 78
360 75
361 75
362 -83
363 -9
364 32
365 -74
366 20
367 -65
368 -31
369 5
370 -70
371 62
372 -18
373 88
374 88
375 -2
376 57
377 16
378 42
379 10
380 -48
381 82
382 36
383 12
384 -2
385 7
386 86
387 2
388 -56
389 -52
390 38
391 -17
392 -41
393 0
394 -1
395 84
396 -45
397 83
398 -86
399 -53
400 30
401 -1
402 -67
403 69
404 81
405 -87
406 -7
407 91
408 22
409 45
410 -10
411 -51
412 -16
413 -29
414 9
415 -50
416 -10
417 75
418 54
419 -29
420 -37
421 -97
422 -54
423 -17
424 -17
425 -99
426 53
427 -65
428 7
429 81
430 0
431 -28
432 -39
433 -80
434 -52
435 61
436 73
437 -62
438 100
439 2
440 -90
441 -42
442 -90
443 46
444 -29
445 56
446 86
447 -69
448 -43
449 32
450 -26
451 -59
452 -88
453 81
454 43
455 90
456 -14
457 -84
458 61
459 -82
460 -8
461 2
462 8
463 4
464 96
465 48
466 -96
467 -88
468 50
469 50
470 49
471 71
472 34
473 97
474 -95
475 -56
476 -43
477 88
478 -84
479 96
480 -18
481 14
482 -20
483 17
484 59
485 -10
486 66
487 54
488 -93
489 75
490 -24
491 -76
492 18
493 35
494 10
495 50
496 31
497 50
498 -52
499 14
500 -62
501 31
502 -78
503 -94
504 80
505 83
506 -77
507 -16
508 75
509 -55
510 84
511 -99
