0 20
1 57
2 -50
3 98
4 -49
5 -58
6 -58
7 83
8 -52
9 -53
10 -50
11 29
12 72
13 -18
14 -1
15 -58
16 -80
17 -68
18 49
19 29
20 -74
21 99
22 -3
23 -9
24 -36
25 94
26 65
27 47
28 -60
29 2
30 29
31 3
32 -48
33 34
34 56
35 -97
36 -41
37 -64
38 98
39 -55
40 -67
41 -100
42 52
43 -33
44 -23
45 9
46 30
47 34
48 56
49 46
50 100
51 -32
52 25
53 -78
54 -27
55 -26
56 -54
57 -5
58 -29
59 55
60 61
61 -14
62 62
63 68
64 -12
65 -95
66 10
67 60
68 -42
69 58
70 26
71 -36
72 72
73 -61
74 -18
75 96
76 -94
77 95
78 55
79 -88
80 -71
81 -17
82 73
83 -25
84 -85
85 -1
86 31
87 -96
88 68
89 7
90 -60
91 -12
92 -27
93 -33
94 66
95 68
96 -26
97 3
98 -81
99 -73
100 32
101 -47
102 -88
103 4
104 40
105 -33
106 -54
107 -19
108 95
109 -93
110 50
111 -14
112 91
113 74
114 -41
115 48
116 -73
117 52
118 52
119 -10
120 34
121 10
122 -78
123 18
124 87
125 29
126 -3
127 55
128 -31
129 28
130 92
131 -3
132 81
133 -20
134 21
135 93
136 32
137 -12
138 -58
139 -90
140 -41
141 34
142 -25
143 34
144 55
145 -5
146 -58
147 -49
148 14
149 28
150 57
151 -86
152 44
153 1
154 -47
155 -18
156 -3
157 66
158 -89
159 -92
160 7
161 86
162 -76
163 -7
164 -75
165 -45
166 79
167 -39
168 -69
169 67
170 94
171 75
172 6
173 -84
174 -79
175 17
176 75
177 96
178 12
179 -1
180 -99
181 86
182 37
183 49
184 -83
185 61
186 -88
187 27
188 74
189 8
190 -59
191 -67
192 -55
193 -88
194 -87
195 0
196 -66
197 79
198 -49
199 -97
200 -39
201 -57
202 32
203 -89
204 -92
205 -58
206 -11
207 36
208 -72
209 85
210 -82
211 -52
212 10
213 46
214 40
215 21
216 -8
217 57
218 47
219 -43
220 -16
221 -53
222 62
223 17
224 -60
225 -33
226 72
227 -22
228 -95
229 75
230 66
231 -66
232 64
233 29
234 0
235 60
236 -22
237 -39
238 -78
239 -61
240 72
241 87
242 24
243 -70
244 -28
245 51
246 -86
247 30
248 80
249 -90
250 31
251 -90
252 -87
253 -24
254 -78
255 -13
256 -24
257 66
258 -1
259 -16
260 60
261 -1
262 -34
263 51
264 57
265 94
266 70
267 45
268 -45
269 59
270 -74
271 -30
272 65
273 22
274 -81
275 46
276 -77
277 -79
278 -68
279 63
280 -73
281 -85
282 -95
283 60
284 20
285 -1
286 36
287 88
288 63
289 68
290 44
291 18
292 70
293 -4
294 -81
295 -95
296 41
297 60
298 -1
299 -32
300 50
301 -6
302 -97
303 -40
304 -96
305 -48
306 -3
307 13
308 61
309 50
310 95
311 35
312 -85
313 -37
314 -16
315 -92
316 50
317 -15
318 98
319 46
320 -28
321 96
322 -12
323 56
324 -36
325 -60
326 16
327 89
328 -96
329 8
330 -76
331 -14
332 59
333 -81
334 19
335 34
336 -66
337 81
338 -5
339 94
340 -90
341 -34
342 -35
343 94
344 38
345 -39
346 -62
347 33
348 -8
349 -91
350 -62
351 -75
352 17
353 -69
354 -54
355 -21
356 65
357 -50
358 -35
359 -45
360 -65
361 65
362 -36
363 -45
364 21
365 5
366 35
367 -70
368 54
369 -33
370 27
371 -19
372 -50
373 -18
374 -85
375 67
376 10
377 -71
378 -89
379 -18
380 -39
381 31
382 -31
383 48
384 -65
385 42
386 11
387 4
388 61
389 25
390 57
391 64
392 44
393 61
394 73
395 74
396 47
397 79
398 45
399 -1
400 22
401 49
402 -64
403 -17
404 -100
405 -17
406 -68
407 -96
408 74
409 17
410 66
411 76
412 42
413 33
414 -2
415 -72
416 -77
417 -86
418 39
419 -52
420 -66
421 60
422 99
423 89
424 10
425 -65
426 -35
427 -39
428 -81
429 -98
430 100
431 73
432 91
433 -98
434 -56
435 16
436 100
437 -4
438 18
439 84
440 76
441 94
442 57
443 69
444 -15
445 40
446 -86
447 -94
448 -96
449 -33
450 -84
451 63
452 -91
453 -39
454 -58
455 -42
456 22
457 -86
458 71
459 46
460 -77
461 29
462 -94
463 66
464 -10
465 93
466 -42
467 50
468 38
469 -91
470 16
471 83
472 -91
473 -7
474 -85
475 62
476 70
477 16
478 85
479 26
480 -31
481 -54
482 94
483 91
484 -95
485 27
486 77
487 10
488 -90
489 70
490 -8
491 -33
492 81
493 94
494 -6
495 -20
496 -65
497 8
498 -70
499 6
500 -77
501 34
502 96
503 27
504 -47
505 21
506 70
507 -74
508 -58
509 22
510 -84
511 59
