0 85
1 -92
2 53
3 20
4 -27
5 85
6 77
7 -87
8 2
9 -92
10 54
11 80
12 -80
13 -35
14 24
15 94
16 84
17 33
18 89
19 -58
20 38
21 -94
22 -93
23 -17
24 -14
25 79
26 -92
27 81
28 -63
29 94
30 -64
31 75
32 70
33 46
34 24
35 69
36 -38
37 -91
38 0
39 -47
40 47
41 35
42 56
43 -25
44 -72
45 -95
46 94
47 -65
48 -30
49 -51
50 -53
51 -76
52 17
53 97
54 -96
55 -97
56 35
57 -69
58 -67
59 38
60 0
61 -85
62 42
63 56
64 65
65 -58
66 40
67 13
68 -17
69 -14
70 -64
71 -28
72 40
73 -53
74 -70
75 -9
76 -29
77 74
78 18
79 -57
80 -26
81 79
82 2
83 29
84 -35
85 98
86 86
87 -92
88 -34
89 13
90 79
91 70
92 25
93 -21
94 -2
95 -13
96 -63
97 -100
98 92
99 -52
100 4
101 -25
102 72
103 -6
104 -9
105 -49
106 -53
107 -86
108 -65
109 -17
110 13
111 -97
112 96
113 11
114 -84
115 -87
116 -1
117 -43
118 -88
119 -57
120 -3
121 65
122 24
123 97
124 86
125 94
126 -80
127 55
128 -30
129 -27
130 -55
131 7
132 91
133 0
134 -2
135 50
136 20
137 88
138 -91
139 76
140 40
141 30
142 67
143 -11
144 -11
145 -30
146 -52
147 64
148 -58
149 99
150 -47
151 69
152 -11
153 68
154 -18
155 95
156 -70
157 -60
158 -24
159 -11
160 77
161 -20
162 -38
163 31
164 18
165 99
166 -3
167 24
168 26
169 49
170 90
171 -13
172 25
173 15
174 24
175 -25
176 -59
177 -5
178 -42
179 77
180 -56
181 -42
182 -58
183 67
184 -57
185 -68
186 -88
187 6
188 -60
189 59
190 7
191 18
192 -82
193 100
194 -52
195 0
196 99
197 9
198 42
199 35
200 58
201 -47
202 29
203 84
204 2
205 80
206 94
207 48
208 -13
209 -80
210 36
211 5
212 -51
213 -60
214 -37
215 -8
216 11
217 -38
218 59
219 -90
220 68
221 64
222 91
223 40
224 -35
225 71
226 -1
227 40
228 -17
229 -28
230 15
231 16
232 69
233 -97
234 -84
235 95
236 98
237 -35
238 -13
239 20
240 46
241 -73
242 5
243 44
244 -9
245 -20
246 28
247 -75
248 -58
249 36
250 41
251 44
252 14
253 -93
254 -30
255 30
256 -28
257 -96
258 56
259 -29
260 82
261 -50
262 58
263 -70
264 78
265 59
266 27
267 -71
268 89
269 -8
270 25
271 -61
272 96
273 2
274 54
275 -6
276 13
277 14
278 70
279 -80
280 -23
281 23
282 12
283 -49
284 61
285 27
286 -51
287 76
288 4
289 -88
290 21
291 12
292 22
293 93
294 45
295 -75
296 -77
297 -65
298 -4
299 -34
300 -80
301 -17
302 -85
303 99
304 -60
305 72
306 -33
307 39
308 -61
309 -26
310 -12
311 -16
312 -36
313 -15
314 81
315 -21
316 -36
317 -24
318 -30
319 -67
320 19
321 1
322 -60
323 48
324 -91
325 50
326 63
327 -50
328 50
329 64
330 -58
331 -88
332 82
333 -67
334 65
335 50
336 -23
337 -8
338 -15
339 45
340 -63
341 -9
342 -26
343 -21
344 -15
345 76
346 38
347 -30
348 -8
349 -21
350 4
351 -26
352 -14
353 -96
354 -23
355 -52
356 -96
357 8
358 -62
359 -34
360 -28
361 38
362 -25
363 -9
364 -28
365 -57
366 -56
367 78
368 -57
369 -31
370 2
371 36
372 85
373 88
374 -53
375 67
376 -76
377 -35
378 -15
379 -36
380 -95
381 58
382 -98
383 49
384 -32
385 -9
386 -13
387 -27
388 89
389 -88
390 1
391 -69
392 -100
393 68
394 74
395 -30
396 35
397 -27
398 -22
399 12
400 38
401 -75
402 73
403 -51
404 -34
405 -94
406 72
407 42
408 31
409 -61
410 27
411 -88
412 -95
413 91
414 -1
415 -41
416 54
417 -89
418 74
419 78
420 85
421 -5
422 -83
423 -74
424 -40
425 94
426 -46
427 36
428 -40
429 -89
430 -72
431 65
432 -1
433 -2
434 -26
435 53
436 47
437 39
438 -3
439 59
440 -55
441 -97
442 45
443 0
444 68
445 -34
446 10
447 -58
448 -60
449 79
450 14
451 -40
452 83
453 2
454 -3
455 -5
456 0
457 48
458 -65
459 55
460 33
461 79
462 -33
463 8
464 -66
465 -51
466 -44
467 -62
468 80
469 99
470 82
471 70
472 -25
473 -11
474 21
475 -86
476 43
477 75
478 -72
479 71
480 -41
481 -85
482 24
483 88
484 -10
485 49
486 92
487 92
488 -95
489 44
490 -88
491 -21
492 -23
493 -24
494 40
495 17
496 -87
497 72
498 -100
499 58
500 65
501 94
502 -28
503 77
504 -43
505 -44
506 -35
507 -13
508 27
509 50
510 59
511 -42
