0 75
1 33
2 15
3 30
4 7
5 -55
6 41
7 -50
8 -25
9 -81
10 -56
11 87
12 -48
13 -20
14 68
15 62
16 -92
17 36
18 61
19 -18
20 51
21 12
22 -16
23 -22
24 -32
25 93
26 -79
27 -18
28 92
29 -100
30 9
31 -96
32 -48
33 -41
34 -77
35 -70
36 11
37 24
38 -49
39 -74
40 56
41 33
42 5
43 -6
44 -45
45 53
46 23
47 64
48 -96
49 15
50 46
51 40
52 21
53 36
54 -35
55 4
56 -62
57 -67
58 -69
59 92
60 95
61 2
62 57
63 -98
64 52
65 -91
66 85
67 13
68 -60
69 54
70 -58
71 -2
72 6
73 92
74 -19
75 -64
76 -70
77 -2
78 -7
79 -12
80 -19
81 47
82 -77
83 -80
84 -71
85 -64
86 -11
87 32
88 61
89 -32
90 -74
91 26
92 -52
93 -53
94 -62
95 60
96 -88
97 48
98 -53
99 81
100 -62
101 -8
102 -13
103 76
104 60
105 79
106 -38
107 -2
108 -73
109 46
110 76
111 82
112 62
113 -64
114 66
115 -14
116 38
117 31
118 10
119 -54
120 -85
121 92
122 69
123 -59
124 -10
125 60
126 -96
127 11
128 -95
129 -40
130 -5
131 -54
132 85
133 -59
134 18
135 47
136 38
137 19
138 -76
139 -33
140 -78
141 -11
142 9
143 80
144 -57
145 -70
146 -15
147 -71
148 -88
149 -97
150 -99
151 56
152 21
153 -79
154 51
155 30
156 49
157 78
158 -33
159 75
160 69
161 -57
162 -20
163 -95
164 78
165 -87
166 -30
167 78
168 -84
169 -30
170 65
171 -31
172 39
173 -82
174 0
175 83
176 88
177 -63
178 -78
179 86
180 -87
181 -18
182 84
183 -38
184 -1
185 -95
186 82
187 36
188 32
189 -44
190 -14
191 -27
192 36
193 11
194 32
195 36
196 -47
197 16
198 29
199 4
200 75
201 0
202 86
203 -75
204 -57
205 47
206 -30
207 -49
208 41
209 2
210 83
211 -73
212 47
213 44
214 66
215 61
216 57
217 -14
218 -42
219 -83
220 42
221 76
222 24
223 -29
224 63
225 69
226 -2
227 79
228 -50
229 -46
230 -74
231 -2
232 -62
233 17
234 -87
235 -12
236 19
237 40
238 37
239 65
240 70
241 7
242 26
243 5
244 -79
245 -58
246 -51
247 84
248 32
249 -77
250 -74
251 -83
252 -31
253 35
254 35
255 14
256 72
257 31
258 46
259 60
260 -94
261 -94
262 -61
263 -4
264 68
265 -10
266 -65
267 63
268 73
269 -98
270 -54
271 -6
272 -98
273 -67
274 -17
275 19
276 -71
277 -73
278 56
279 56
280 -60
281 -27
282 67
283 -43
284 23
285 47
286 -32
287 41
288 58
289 79
290 0
291 -55
292 86
293 32
294 2
295 -90
296 98
297 66
298 31
299 92
300 -71
301 -18
302 82
303 -56
304 33
305 35
306 39
307 25
308 27
309 -7
310 28
311 -61
312 -17
313 -48
314 27
315 -52
316 -32
317 -4
318 64
319 -48
320 -85
321 -62
322 60
323 37
324 -75
325 -3
326 -15
327 23
328 72
329 -81
330 35
331 29
332 -14
333 47
334 30
335 -35
336 -8
337 14
338 75
339 76
340 -38
341 13
342 -20
343 64
344 8
345 86
346 -22
347 67
348 32
349 47
350 90
351 46
352 0
353 39
354 -19
355 83
356 -26
357 -75
358 -86
359 36
360 86
361 -66
362 61
363 87
364 10
365 -19
366 31
367 -35
368 99
369 -97
370 -51
371 24
372 73
373 -72
374 71
375 -8
376 -15
377 -19
378 5
379 75
380 -16
381 -3
382 -68
383 1
384 76
385 78
386 73
387 33
388 -72
389 -98
390 50
391 28
392 -17
393 29
394 -68
395 -5
396 -28
397 24
398 -12
399 71
400 28
401 -7
402 -18
403 72
404 49
405 -10
406 -22
407 25
408 6
409 -59
410 -35
411 -75
412 -26
413 79
414 71
415 -99
416 -3
417 -29
418 27
419 -23
420 65
421 -27
422 10
423 50
424 31
425 27
426 -52
427 -76
428 30
429 -51
430 48
431 -32
432 -64
433 99
434 -28
435 -43
436 61
437 -31
438 31
439 -10
440 -51
441 2
442 -83
443 -74
444 -83
445 -15
446 32
447 -25
448 77
449 -88
450 -3
451 94
452 88
453 67
454 -17
455 -77
456 58
457 26
458 -66
459 85
460 -49
461 -14
462 -28
463 -21
464 74
465 -73
466 -81
467 -16
468 53
469 -11
470 2
471 -7
472 -31
473 -27
474 -87
475 37
476 -49
477 -91
478 51
479 19
480 -55
481 43
482 10
483 74
484 -20
485 -80
486 25
487 -94
488 -18
489 -66
490 36
491 54
492 85
493 -71
494 -64
495 51
496 40
497 -52
498 -7
499 -19
500 25
501 82
502 89
503 81
504 -53
505 10
506 55
507 30
508 -39
509 28
510 19
511 43
