0 56
1 -9
2 -1
3 -95
4 100
5 61
6 -2
7 44
8 81
9 49
10 61
11 52
12 -44
13 78
14 -71
15 -19
16 65
17 80
18 -41
19 -44
20 26
21 90
22 22
23 -11
24 -40
25 -7
26 96
27 -14
28 21
29 -22
30 -46
31 -70
32 -63
33 -22
34 -44
35 53
36 -33
37 51
38 71
39 -8
40 27
41 36
42 14
43 47
44 91
45 94
46 -29
47 -77
48 80
49 -97
50 -53
51 68
52 93
53 -91
54 43
55 27
56 67
57 53
58 -96
59 75
60 63
61 -60
62 -92
63 81
64 -53
65 -78
66 66
67 -37
68 97
69 -93
70 44
71 -5
72 -50
73 70
74 -28
75 -43
76 41
77 -97
78 52
79 -68
80 80
81 90
82 4
83 92
84 71
85 -65
86 62
87 -15
88 -75
89 66
90 76
91 -20
92 92
93 -84
94 62
95 96
96 3
97 7
98 100
99 -98
100 37
101 -40
102 -80
103 89
104 68
105 -60
106 -87
107 91
108 -29
109 -40
110 -5
111 -30
112 -3
113 -36
114 30
115 35
116 16
117 7
118 4
119 -14
120 -34
121 -18
122 93
123 78
124 -80
125 20
126 13
127 56
128 -27
129 54
130 16
131 74
132 -68
133 71
134 -23
135 -39
136 -76
137 -27
138 67
139 -81
140 13
141 72
142 -36
143 -22
144 -53
145 100
146 -95
147 -28
148 45
149 -67
150 83
151 43
152 -28
153 -29
154 82
155 -65
156 -85
157 -78
158 -33
159 -84
160 79
161 52
162 -33
163 -47
164 -32
165 -98
166 22
167 -65
168 -86
169 -16
170 90
171 -19
172 -63
173 71
174 17
175 96
176 -31
177 45
178 12
179 -5
180 5
181 73
182 -58
183 41
184 -45
185 -88
186 73
187 54
188 4
189 48
190 -16
191 61
192 -40
193 39
194 3
195 74
196 -100
197 52
198 -15
199 -59
200 -48
201 -15
202 19
203 -74
204 -29
205 -87
206 -57
207 61
208 -35
209 4
210 -69
211 82
212 -55
213 -44
214 -24
215 64
216 90
217 67
218 -54
219 66
220 -97
221 -87
222 99
223 27
224 85
225 -3
226 82
227 80
228 25
229 91
230 58
231 40
232 -96
233 10
234 48
235 -87
236 5
237 -92
238 -30
239 7
240 87
241 85
242 -59
243 53
244 48
245 -72
246 -81
247 -17
248 39
249 30
250 61
251 65
252 20
253 19
254 -100
255 1
256 -34
257 -96
258 73
259 62
260 -59
261 -2
262 61
263 33
264 85
265 81
266 -36
267 -98
268 43
269 87
270 7
271 0
272 34
273 -40
274 -45
275 44
276 70
277 -68
278 59
279 -87
280 45
281 -40
282 -44
283 6
284 86
285 98
286 59
287 79
288 -12
289 20
290 -24
291 57
292 -26
293 81
294 -27
295 -86
296 47
297 41
298 75
299 7
300 81
301 -6
302 23
303 23
304 21
305 69
306 -53
307 76
308 50
309 3
310 -81
311 -85
312 24
313 98
314 33
315 -36
316 -99
317 -30
318 -70
319 -81
320 -65
321 0
322 65
323 -46
324 93
325 -17
326 -21
327 -9
328 67
329 3
330 -9
331 -22
332 -74
333 33
334 31
335 44
336 24
337 -66
338 -39
339 22
340 -90
341 39
342 -20
343 -12
344 7
345 -89
346 27
347 -40
348 -30
349 -97
350 -90
351 -31
352 -72
353 95
354 -24
355 28
356 63
357 100
358 -12
359 59
360 69
361 -60
362 -33
363 37
364 76
365 -50
366 7
367 -18
368 24
369 -72
370 -16
371 75
372 -12
373 63
374 7
375 -29
376 8
377 -59
378 -39
379 -5
380 62
381 74
382 55
383 21
384 100
385 -41
386 90
387 7
388 -18
389 -67
390 93
391 -51
392 -28
393 33
394 -38
395 -67
396 45
397 -74
398 69
399 68
400 -18
401 -42
402 65
403 87
404 -22
405 49
406 50
407 73
408 89
409 62
410 42
411 -50
412 -70
413 54
414 87
415 68
416 27
417 -45
418 -31
419 -64
420 94
421 -11
422 -79
423 -2
424 41
425 -28
426 30
427 -58
428 74
429 -92
430 -18
431 -10
432 -63
433 -19
434 -25
435 -14
436 -34
437 -74
438 37
439 -100
440 39
441 -15
442 31
443 50
444 -37
445 -85
446 27
447 -89
448 67
449 -10
450 32
451 -19
452 -1
453 -1
454 -69
455 -11
456 -33
457 -68
458 35
459 -76
460 -82
461 -3
462 -5
463 91
464 -32
465 -86
466 93
467 -3
468 -82
469 -7
470 -88
471 55
472 -100
473 -69
474 -33
475 77
476 18
477 -38
478 -55
479 1
480 59
481 -65
482 92
483 66
484 -19
485 -100
486 -33
487 22
488 -68
489 20
490 -5
491 95
492 66
493 3
494 -87
495 -10
496 37
497 75
498 55
499 54
500 49
501 -49
502 -81
503 77
504 15
505 69
506 -19
507 65
508 17
509 73
510 19
511 0
