0 39
1 99
2 57
3 93
4 -22
5 31
6 -27
7 -59
8 43
9 -73
10 -60
11 94
12 0
13 51
14 -74
15 3
16 89
17 91
18 10
19 -37
20 -38
21 25
22 25
23 0
24 -82
25 -75
26 -96
27 -84
28 12
29 85
30 32
31 -70
32 -51
33 -41
34 47
35 -90
36 77
37 -7
38 -45
39 96
40 50
41 80
42 48
43 8
44 -16
45 -49
46 -94
47 92
48 14
49 75
50 -64
51 -33
52 85
53 -27
54 -35
55 -86
56 -51
57 76
58 46
59 35
60 -84
61 46
62 41
63 74
64 62
65 -7
66 75
67 -50
68 -21
69 33
70 83
71 -100
72 53
73 53
74 -10
75 70
76 -58
77 49
78 6
79 59
80 -92
81 -68
82 49
83 86
84 -69
85 100
86 35
87 -48
88 55
89 65
90 28
91 -93
92 76
93 35
94 76
95 -52
96 86
97 -44
98 19
99 -63
100 25
101 -80
102 46
103 87
104 87
105 99
106 -60
107 3
108 77
109 71
110 -39
111 -15
112 -92
113 -15
114 -87
115 92
116 -87
117 -68
118 76
119 20
120 59
121 43
122 -91
123 -88
124 18
125 93
126 -96
127 -28
128 -59
129 -58
130 90
131 -25
132 -97
133 -94
134 -28
135 6
136 -53
137 72
138 86
139 75
140 -31
141 1
142 36
143 -88
144 -13
145 -73
146 -70
147 42
148 8
149 -64
150 39
151 99
152 91
153 -33
154 4
155 -90
156 -29
157 71
158 -54
159 -20
160 -90
161 -50
162 -20
163 73
164 5
165 -50
166 17
167 15
168 -63
169 -92
170 -31
171 -49
172 74
173 91
174 8
175 19
176 5
177 -92
178 -18
179 10
180 -84
181 27
182 -30
183 -10
184 -36
185 44
186 -18
187 -22
188 63
189 73
190 55
191 -58
192 -18
193 -32
194 71
195 36
196 -77
197 -6
198 38
199 -32
200 35
201 24
202 8
203 5
204 -26
205 -100
206 77
207 40
208 -52
209 -75
210 -57
211 -16
212 57
213 -71
214 -52
215 -87
216 -31
217 -39
218 -87
219 28
220 -81
221 -1
222 35
223 -33
224 12
225 -47
226 -1
227 74
228 -41
229 95
230 29
231 13
232 47
233 80
234 -72
235 35
236 -5
237 -43
238 -2
239 -26
240 -70
241 -57
242 -25
243 -77
244 58
245 -61
246 -29
247 -96
248 -22
249 93
250 -89
251 -54
252 -4
253 61
254 29
255 -3
256 45
257 35
258 -62
259 -41
260 9
261 74
262 -89
263 44
264 -8
265 -66
266 -62
267 -55
268 56
269 94
270 -51
271 89
272 50
273 -40
274 -29
275 31
276 -44
277 -38
278 -33
279 33
280 100
281 -33
282 -20
283 22
284 -50
285 56
286 29
287 69
288 31
289 -76
290 87
291 -15
292 -9
293 -14
294 -80
295 -70
296 26
297 22
298 19
299 -74
300 13
301 90
302 -18
303 80
304 46
305 87
306 -53
307 84
308 -47
309 -22
310 -73
311 67
312 -37
313 -45
314 -44
315 -14
316 14
317 -21
318 53
319 -42
320 74
321 -18
322 58
323 -7
324 -24
325 27
326 16
327 77
328 -24
329 13
330 -62
331 -90
332 -39
333 18
334 61
335 46
336 -8
337 74
338 80
339 -100
340 13
341 67
342 -28
343 71
344 60
345 50
346 36
347 35
348 55
349 -91
350 -12
351 -68
352 -58
353 -67
354 58
355 -1
356 -27
357 -73
358 -22
359 -80
360 -53
361 33
362 -83
363 -5
364 37
365 -37
366 -40
367 69
368 89
369 -29
370 -42
371 -91
372 5
373 18
374 -67
375 16
376 -42
377 65
378 80
379 14
380 95
381 -33
382 -7
383 -81
384 61
385 -42
386 64
387 90
388 -52
389 49
390 -19
391 -97
392 -71
393 0
394 67
395 80
396 -16
397 59
398 16
399 75
400 -52
401 11
402 23
403 75
404 -11
405 22
406 87
407 56
408 -45
409 -29
410 50
411 -61
412 58
413 -33
414 85
415 -66
416 98
417 -66
418 1
419 -29
420 91
421 47
422 25
423 39
424 -47
425 -59
426 67
427 95
428 -27
429 -87
430 -16
431 -94
432 -53
433 -88
434 36
435 -57
436 -98
437 80
438 15
439 -40
440 21
441 11
442 -7
443 40
444 68
445 -4
446 85
447 21
448 -85
449 -74
450 -19
451 79
452 -50
453 69
454 -27
455 -40
456 -44
457 -86
458 40
459 68
460 33
461 43
462 -77
463 87
464 68
465 -95
466 -66
467 -66
468 -3
469 -36
470 25
471 30
472 70
473 55
474 36
475 85
476 15
477 -28
478 57
479 -96
480 -41
481 -39
482 24
483 -80
484 -33
485 -44
486 -70
487 0
488 98
489 35
490 -79
491 -89
492 -71
493 -7
494 23
495 -20
496 31
497 -42
498 -80
499 29
500 18
501 -88
502 69
503 82
504 82
505 -28
506 -64
507 -13
508 37
509 -3
510 27
511 28
