0 -62
1 38
2 40
3 -69
4 90
5 57
6 87
7 14
8 -75
9 -65
10 -24
11 12
12 43
13 30
14 5
15 -46
16 -74
17 -20
18 7
19 27
20 26
21 91
22 -34
23 98
24 -30
25 -68
26 33
27 25
28 9
29 -93
30 42
31 -21
32 17
33 -14
34 -54
35 -12
36 -48
37 -91
38 -36
39 56
40 -51
41 -92
42 90
43 -91
44 -45
45 -31
46 -21
47 97
48 -72
49 1
50 -37
51 -11
52 -1
53 33
54 88
55 24
56 -91
57 66
58 79
59 -67
60 -14
61 30
62 91
63 -20
64 28
65 -45
66 72
67 60
68 -48
69 17
70 60
71 -22
72 86
73 -71
74 22
75 0
76 50
77 1
78 -41
79 70
80 -93
81 39
82 -80
83 5
84 -57
85 -43
86 49
87 -24
88 -24
89 -9
90 56
91 -33
92 83
93 31
94 -74
95 86
96 -13
97 95
98 81
99 16
100 98
101 77
102 78
103 -100
104 90
105 19
106 81
107 -71
108 74
109 -2
110 -15
111 41
112 79
113 -12
114 -27
115 -2
116 72
117 78
118 -81
119 -49
120 45
121 -19
122 -99
123 -39
124 -39
125 16
126 0
127 65
128 46
129 0
130 11
131 -59
132 76
133 -12
134 -72
135 74
136 41
137 -79
138 -89
139 19
140 -24
141 73
142 66
143 2
144 -27
145 -2
146 89
147 -100
148 -71
149 -74
150 99
151 49
152 -43
153 -71
154 -80
155 50
156 36
157 -83
158 7
159 16
160 -77
161 -44
162 -22
163 50
164 47
165 30
166 -49
167 -23
168 31
169 44
170 -23
171 -45
172 -80
173 64
174 -66
175 -99
176 -53
177 -5
178 20
179 -12
180 -13
181 55
182 93
183 78
184 53
185 -22
186 -58
187 -24
188 4
189 -73
190 -78
191 -48
192 -11
193 92
194 -1
195 -51
196 5
197 -32
198 57
199 33
200 69
201 7
202 -30
203 -60
204 24
205 -81
206 -41
207 99
208 -77
209 -93
210 42
211 -70
212 -79
213 40
214 10
215 -72
216 -100
217 21
218 30
219 -70
220 19
221 -82
222 -95
223 -83
224 53
225 35
226 34
227 -58
228 12
229 -34
230 -65
231 93
232 -36
233 -28
234 94
235 96
236 -2
237 -88
238 79
239 -8
240 -34
241 47
242 92
243 20
244 11
245 -19
246 98
247 76
248 -32
249 -88
250 -38
251 -41
252 -17
253 64
254 -62
255 -72
256 48
257 63
258 -26
259 -89
260 -56
261 -81
262 -5
263 15
264 -74
265 -36
266 -61
267 -85
268 -67
269 -63
270 -9
271 -42
272 77
273 75
274 1
275 96
276 70
277 74
278 97
279 77
280 90
281 94
282 -97
283 12
284 -76
285 -85
286 -26
287 -28
288 -18
289 19
290 -75
291 -39
292 -42
293 7
294 -51
295 23
296 -89
297 -71
298 -41
299 28
300 -99
301 -42
302 43
303 81
304 -60
305 -93
306 -92
307 54
308 15
309 -2
310 27
311 -62
312 80
313 -43
314 18
315 64
316 -2
317 9
318 -33
319 -34
320 -87
321 32
322 62
323 -92
324 -69
325 -38
326 26
327 -97
328 1
329 -44
330 51
331 100
332 33
333 -58
334 -42
335 10
336 -8
337 0
338 6
339 -66
340 1
341 -89
342 67
343 98
344 -11
345 72
346 44
347 49
348 -9
349 -11
350 82
351 74
352 -16
353 -91
354 68
355 -10
356 -14
357 -76
358 96
359 -34
360 93
361 -68
362 -37
363 83
364 -65
365 71
366 -5
367 -85
368 16
369 43
370 -94
371 81
372 -26
373 -45
374 -28
375 -16
376 53
377 68
378 -48
379 -20
380 54
381 71
382 -100
383 52
384 -52
385 2
386 -13
387 -13
388 -73
389 67
390 -42
391 9
392 48
393 -60
394 64
395 -60
396 26
397 -5
398 6
399 1
400 -96
401 18
402 -2
403 -96
404 -64
405 33
406 89
407 -53
408 -56
409 -64
410 -25
411 70
412 -80
413 -68
414 -16
415 -83
416 -97
417 99
418 -85
419 -75
420 -67
421 43
422 100
423 -60
424 4
425 25
426 6
427 70
428 -41
429 100
430 -46
431 -87
432 -19
433 20
434 73
435 -75
436 82
437 -30
438 -6
439 -45
440 -61
441 52
442 -21
443 -77
444 -21
445 28
446 -54
447 -52
448 -64
449 -95
450 7
451 -4
452 -76
453 51
454 87
455 -13
456 70
457 40
458 88
459 -45
460 -67
461 -83
462 5
463 11
464 -100
465 -43
466 92
467 17
468 -100
469 60
470 -11
471 -33
472 95
473 -47
474 -63
475 -11
476 -72
477 -65
478 -55
479 27
480 -65
481 55
482 49
483 44
484 62
485 20
486 -93
487 -97
488 -9
489 -62
490 37
491 -44
492 68
493 -66
494 -41
495 95
496 -1
497 -67
498 -72
499 -61
500 -3
501 -10
502 -61
503 1
504 7
505 -33
506 -58
507 3
508 58
509 82
510 94
511 -24
