0 28
1 -34
2 -42
3 47
4 -10
5 51
6 -9
7 -84
8 21
9 -71
10 97
11 81
12 61
13 -6
14 -79
15 40
16 -42
17 89
18 61
19 3
20 -62
21 19
22 -83
23 -20
24 49
25 -58
26 -18
27 69
28 -83
29 -61
30 -75
31 20
32 -4
33 -98
34 -89
35 -73
36 -94
37 9
38 62
39 72
40 -72
41 63
42 -12
43 18
44 -64
45 -18
46 69
47 41
48 -36
49 -2
50 97
51 98
52 42
53 -20
54 63
55 -11
56 98
57 -57
58 92
59 -69
60 -75
61 76
62 -75
63 -88
64 28
65 96
66 -95
67 0
68 -74
69 25
70 57
71 -63
72 66
73 -24
74 30
75 -42
76 -60
77 -56
78 -65
79 -70
80 21
81 -1
82 60
83 -14
84 96
85 46
86 -79
87 57
88 -23
89 -16
90 70
91 -79
92 -74
93 40
94 -81
95 -30
96 -41
97 -82
98 -45
99 0
100 79
101 -15
102 75
103 -40
104 5
105 -43
106 -61
107 -75
108 98
109 71
110 -69
111 35
112 25
113 -76
114 48
115 8
116 -95
117 66
118 -82
119 97
120 87
121 35
122 27
123 -34
124 81
125 -42
126 12
127 -27
128 39
129 -89
130 -41
131 -42
132 -91
133 -95
134 7
135 -32
136 80
137 70
138 17
139 18
140 76
141 37
142 12
143 7
144 73
145 56
146 -52
147 22
148 2
149 44
150 -88
151 -61
152 4
153 62
154 -62
155 -68
156 -18
157 90
158 -53
159 97
160 21
161 -87
162 -59
163 -64
164 -91
165 -96
166 -49
167 78
168 6
169 -45
170 -75
171 -7
172 61
173 17
174 49
175 47
176 98
177 -67
178 -100
179 -15
180 82
181 -40
182 -14
183 -50
184 -99
185 46
186 27
187 -28
188 -67
189 -43
190 9
191 -12
192 -15
193 -32
194 -96
195 -29
196 36
197 -40
198 -11
199 63
200 60
201 -37
202 40
203 -2
204 46
205 -50
206 -16
207 -52
208 -95
209 -9
210 72
211 69
212 96
213 -13
214 42
215 36
216 84
217 83
218 68
219 -34
220 48
221 84
222 34
223 98
224 69
225 -97
226 41
227 -32
228 -100
229 32
230 55
231 2
232 93
233 83
234 54
235 19
236 17
237 -27
238 -64
239 -22
240 1
241 -30
242 -50
243 73
244 36
245 -50
246 -54
247 40
248 -58
249 -51
250 -26
251 -41
252 -92
253 87
254 -57
255 9
256 -42
257 67
258 -67
259 43
260 -56
261 63
262 52
263 32
264 -90
265 34
266 -100
267 25
268 -30
269 -49
270 93
271 63
272 -7
273 -85
274 61
275 91
276 -9
277 45
278 17
279 -44
280 -92
281 41
282 -70
283 -86
284 -51
285 -5
286 -66
287 85
288 0
289 -76
290 -17
291 -32
292 -63
293 -53
294 99
295 -74
296 10
297 68
298 -29
299 -34
300 -95
301 28
302 19
303 -37
304 16
305 15
306 63
307 -61
308 83
309 27
310 -4
311 41
312 -57
313 98
314 62
315 -31
316 63
317 -46
318 -41
319 -92
320 23
321 -92
322 27
323 -49
324 -95
325 -72
326 -22
327 -71
328 -69
329 57
330 10
331 4
332 -94
333 92
334 -60
335 65
336 -8
337 100
338 68
339 -47
340 5
341 10
342 -33
343 -84
344 -11
345 79
346 -66
347 18
348 50
349 -66
350 57
351 -41
352 10
353 -20
354 -20
355 -6
356 89
357 43
358 60
359 93
360 36
361 22
362 31
363 57
364 95
365 -23
366 27
367 61
368 63
369 -24
370 -51
371 -76
372 47
373 -93
374 0
375 -91
376 -24
377 28
378 33
379 -45
380 46
381 -43
382 -57
383 97
384 90
385 -47
386 -71
387 -65
388 35
389 -78
390 22
391 90
392 20
393 -48
394 58
395 66
396 -16
397 7
398 -25
399 -88
400 -1
401 66
402 70
403 -58
404 8
405 49
406 -76
407 53
408 28
409 -22
410 84
411 86
412 54
413 -68
414 78
415 86
416 9
417 -14
418 73
419 -2
420 -44
421 -99
422 9
423 55
424 -79
425 91
426 -30
427 23
428 63
429 -27
430 28
431 -73
432 -54
433 75
434 45
435 -24
436 -51
437 -55
438 45
439 -1
440 -94
441 -43
442 18
443 -68
444 38
445 -87
446 64
447 -97
448 17
449 28
450 -16
451 20
452 -39
453 -13
454 -95
455 14
456 -17
457 80
458 42
459 16
460 38
461 8
462 -93
463 -93
464 -62
465 4
466 99
467 -29
468 -4
469 29
470 -87
471 -30
472 27
473 66
474 -100
475 30
476 4
477 -93
478 -2
479 30
480 -24
481 -63
482 -73
483 55
484 -76
485 0
486 15
487 6
488 3
489 -66
490 54
491 64
492 -17
493 -40
494 -34
495 60
496 -13
497 -22
498 36
499 72
500 60
501 88
502 52
503 64
504 -4
505 -25
506 -80
507 22
508 33
509 -41
510 -4
511 62
