0 29
1 -9
2 -35
3 -81
4 -11
5 38
6 16
7 -20
8 -79
9 -4
10 -55
11 19
12 40
13 32
14 64
15 -90
16 91
17 -32
18 39
19 25
20 -72
21 83
22 -55
23 68
24 -15
25 -42
26 -5
27 -100
28 85
29 -82
30 83
31 75
32 23
33 10
34 -68
35 5
36 67
37 -57
38 -91
39 7
40 -40
41 69
42 41
43 78
44 -46
45 -81
46 -95
47 42
48 50
49 32
50 46
51 100
52 20
53 31
54 98
55 -61
56 -64
57 -85
58 50
59 84
60 60
61 -75
62 -78
63 25
64 75
65 14
66 -58
67 -73
68 4
69 -70
70 -38
71 3
72 19
73 -61
74 -89
75 47
76 77
77 -9
78 -81
79 -56
80 -10
81 62
82 28
83 -53
84 39
85 -65
86 -90
87 96
88 -54
89 -10
90 59
91 30
92 -56
93 10
94 -69
95 -22
96 -14
97 -9
98 -41
99 -9
100 -32
101 43
102 83
103 83
104 -28
105 73
106 57
107 40
108 17
109 17
110 78
111 32
112 -3
113 47
114 -63
115 -82
116 -19
117 53
118 -25
119 66
120 14
121 -25
122 -62
123 -18
124 -92
125 64
126 1
127 30
128 -5
129 66
130 48
131 -51
132 -95
133 83
134 -99
135 51
136 35
137 57
138 2
139 34
140 22
141 98
142 -19
143 8
144 -36
145 -9
146 -30
147 -61
148 -39
149 97
150 -20
151 14
152 -90
153 87
154 -97
155 -50
156 29
157 -63
158 2
159 53
160 -46
161 29
162 21
163 21
164 16
165 -1
166 -51
167 4
168 -28
169 -61
170 -81
171 -42
172 61
173 -49
174 87
175 57
176 53
177 -53
178 97
179 -29
180 9
181 2
182 32
183 -79
184 -70
185 42
186 20
187 -97
188 -80
189 23
190 21
191 -76
192 -84
193 49
194 53
195 -28
196 22
197 78
198 -47
199 -74
200 3
201 -35
202 -66
203 84
204 -73
205 62
206 -7
207 52
208 -82
209 26
210 47
211 -60
212 94
213 33
214 32
215 65
216 89
217 87
218 -73
219 -98
220 -30
221 -35
222 -42
223 3
224 -33
225 -70
226 68
227 59
228 -37
229 70
230 67
231 20
232 62
233 6
234 59
235 60
236 -26
237 23
238 57
239 -62
240 27
241 82
242 -1
243 -72
244 66
245 34
246 -35
247 63
248 -38
249 32
250 69
251 10
252 -32
253 24
254 84
255 75
256 53
257 -17
258 82
259 97
260 4
261 68
262 -83
263 24
264 40
265 25
266 26
267 33
268 -21
269 13
270 24
271 -60
272 -24
273 100
274 49
275 -9
276 -32
277 80
278 -43
279 -27
280 76
281 -4
282 7
283 -34
284 -6
285 -75
286 -15
287 -6
288 -76
289 45
290 64
291 93
292 49
293 -86
294 24
295 28
296 61
297 35
298 38
299 31
300 3
301 61
302 -78
303 -89
304 91
305 -16
306 44
307 -21
308 -39
309 -75
310 65
311 79
312 9
313 2
314 64
315 63
316 -63
317 -24
318 78
319 17
320 -77
321 -11
322 61
323 -4
324 -100
325 87
326 -70
327 -54
328 8
329 -26
330 82
331 2
332 95
333 49
334 9
335 -100
336 14
337 -87
338 -32
339 -21
340 45
341 58
342 77
343 100
344 -73
345 -11
346 -28
347 -97
348 -99
349 -66
350 -40
351 85
352 -30
353 47
354 99
355 -98
356 8
357 -69
358 89
359 -72
360 -42
361 46
362 1
363 64
364 8
365 4
366 -56
367 -45
368 79
369 -45
370 -67
371 -31
372 -58
373 4
374 45
375 -9
376 94
377 21
378 51
379 -39
380 -30
381 2
382 4
383 55
384 -90
385 52
386 56
387 18
388 -2
389 -17
390 -6
391 -76
392 14
393 58
394 9
395 -23
396 -36
397 45
398 -58
399 77
400 71
401 91
402 -33
403 62
404 -76
405 50
406 -100
407 -95
408 -70
409 88
410 -88
411 86
412 42
413 -32
414 -68
415 44
416 2
417 10
418 26
419 -2
420 -88
421 59
422 3
423 -70
424 -49
425 -54
426 47
427 98
428 -20
429 -75
430 39
431 86
432 21
433 65
434 -62
435 53
436 -67
437 58
438 -96
439 -38
440 -59
441 -85
442 81
443 -89
444 88
445 -16
446 -97
447 -78
448 26
449 3
450 -33
451 -62
452 -95
453 -26
454 44
455 15
456 7
457 -67
458 -23
459 14
460 65
461 22
462 -31
463 35
464 -24
465 59
466 -85
467 79
468 -17
469 -42
470 -46
471 56
472 94
473 -25
474 -40
475 98
476 -59
477 7
478 97
479 -69
480 55
481 13
482 98
483 62
484 -46
485 79
486 -71
487 88
488 -68
489 50
490 -66
491 64
492 52
493 36
494 -71
495 -53
496 84
497 43
498 -62
499 91
500 -20
501 -42
502 40
503 69
504 48
505 -59
506 33
507 -22
508 82
509 -94
510 63
511 -5
