0 99
1 16
2 39
3 15
4 14
5 -74
6 33
7 16
8 4
9 53
10 -67
11 13
12 -85
13 -51
14 96
15 49
16 53
17 -15
18 -47
19 -33
20 -8
21 -35
22 -100
23 75
24 -17
25 -24
26 41
27 25
28 74
29 -43
30 -15
31 -32
32 -22
33 -91
34 -94
35 20
36 21
37 -75
38 -46
39 45
40 -32
41 -83
42 34
43 -36
44 22
45 94
46 -69
47 -81
48 75
49 54
50 -82
51 64
52 76
53 -14
54 -26
55 -69
56 79
57 -92
58 81
59 3
60 -82
61 98
62 94
63 -26
64 -18
65 -76
66 -39
67 3
68 -75
69 -69
70 -46
71 -76
72 54
73 44
74 76
75 -3
76 7
77 -5
78 -67
79 56
80 -32
81 36
82 82
83 99
84 100
85 -31
86 0
87 -83
88 -37
89 81
90 -80
91 -47
92 27
93 -93
94 -63
95 37
96 -43
97 9
98 -63
99 13
100 62
101 -76
102 -7
103 -81
104 -43
105 -21
106 -35
107 3
108 76
109 -75
110 -83
111 -95
112 -10
113 -2
114 -25
115 -8
116 -48
117 -78
118 -6
119 -47
120 76
121 42
122 -23
123 -30
124 -94
125 -55
126 82
127 82
128 70
129 -22
130 38
131 -87
132 -15
133 67
134 -24
135 -43
136 -75
137 -64
138 -35
139 20
140 -49
141 -69
142 -80
143 -69
144 -42
145 25
146 81
147 91
148 -78
149 -95
150 -72
151 65
152 -94
153 47
154 5
155 26
156 68
157 -66
158 -47
159 -7
160 32
161 -15
162 -44
163 7
164 -71
165 17
166 -20
167 71
168 -1
169 -83
170 -24
171 -75
172 48
173 53
174 72
175 -77
176 25
177 -65
178 -69
179 -31
180 13
181 0
182 -50
183 -46
184 52
185 38
186 9
187 7
188 -80
189 -100
190 65
191 -17
192 -44
193 51
194 62
195 95
196 39
197 44
198 85
199 12
200 71
201 -6
202 -26
203 7
204 59
205 21
206 65
207 -88
208 -41
209 -77
210 -92
211 -25
212 32
213 -76
214 -5
215 -62
216 -95
217 31
218 24
219 -15
220 3
221 96
222 1
223 12
224 100
225 -39
226 -50
227 -18
228 -18
229 6
230 5
231 37
232 -25
233 97
234 47
235 -21
236 56
237 21
238 -80
239 -48
240 0
241 29
242 -60
243 23
244 16
245 -75
246 92
247 -38
248 83
249 -90
250 -18
251 -65
252 32
253 85
254 -7
255 13
256 82
257 50
258 -47
259 -3
260 65
261 73
262 -87
263 -7
264 -79
265 -80
266 50
267 6
268 30
269 91
270 -78
271 28
272 -59
273 -6
274 36
275 61
276 53
277 -26
278 93
279 -18
280 89
281 12
282 38
283 -41
284 -42
285 -45
286 -32
287 89
288 -11
289 91
290 46
291 -2
292 68
293 -13
294 -90
295 53
296 19
297 -10
298 20
299 -73
300 -13
301 35
302 -19
303 14
304 -12
305 -40
306 -92
307 26
308 -51
309 -10
310 -34
311 67
312 80
313 -32
314 76
315 -33
316 33
317 -11
318 -85
319 -1
320 -63
321 -100
322 88
323 -84
324 -69
325 -12
326 54
327 -11
328 -45
329 -95
330 -24
331 -50
332 -48
333 20
334 -66
335 35
336 58
337 -73
338 -73
339 95
340 -70
341 83
342 -25
343 -21
344 83
345 -100
346 -52
347 100
348 -46
349 10
350 57
351 -18
352 0
353 -34
354 -32
355 -44
356 -2
357 78
358 69
359 -71
360 81
361 6
362 34
363 65
364 -50
365 85
366 83
367 55
368 98
369 -36
370 -70
371 -64
372 51
373 -40
374 -19
375 -45
376 -2
377 9
378 -42
379 91
380 14
381 97
382 74
383 -89
384 38
385 15
386 69
387 39
388 48
389 -4
390 -58
391 99
392 -72
393 37
394 96
395 65
396 59
397 95
398 34
399 -15
400 -70
401 -42
402 53
403 30
404 49
405 -3
406 -69
407 19
408 -38
409 80
410 -23
411 66
412 -100
413 -96
414 91
415 25
416 -23
417 -74
418 -53
419 45
420 -13
421 -59
422 -97
423 -31
424 -90
425 -81
426 -98
427 43
428 -70
429 2
430 25
431 -92
432 26
433 -6
434 52
435 94
436 -22
437 -26
438 60
439 -27
440 -87
441 29
442 1
443 -93
444 -7
445 -22
446 36
447 -48
448 -92
449 -93
450 -15
451 -80
452 -66
453 52
454 -19
455 -59
456 15
457 67
458 50
459 29
460 34
461 10
462 -88
463 67
464 -17
465 49
466 -43
467 10
468 73
469 -14
470 27
471 -20
472 -22
473 31
474 -91
475 98
476 91
477 46
478 -60
479 80
480 54
481 15
482 -45
483 44
484 78
485 92
486 -54
487 -16
488 75
489 23
490 67
491 -12
492 55
493 -78
494 64
495 45
496 96
497 31
498 98
499 -81
500 -59
501 -45
502 -100
503 97
504 -65
505 -44
506 -34
507 -92
508 -64
509 81
510 59
511 -96
