0 -61
1 -66
2 -72
3 41
4 -2
5 80
6 -83
7 32
8 7
9 -14
10 -6
11 73
12 45
13 -40
14 -48
15 -4
16 -2
17 96
18 -98
19 -65
20 99
21 54
22 -45
23 72
24 56
25 -11
26 70
27 -100
28 3
29 75
30 -7
31 66
32 85
33 -50
34 30
35 -33
36 94
37 20
38 -12
39 63
40 73
41 52
42 -53
43 -76
44 13
45 66
46 -56
47 41
48 41
49 -25
50 65
51 -89
52 -7
53 39
54 -51
55 73
56 -44
57 100
58 100
59 -67
60 99
61 -15
62 -82
63 25
64 -3
65 29
66 36
67 60
68 -95
69 -67
70 95
71 -90
72 -46
73 -4
74 -8
75 -69
76 -69
77 9
78 -53
79 18
80 43
81 73
82 -37
83 -31
84 82
85 -13
86 72
87 18
88 61
89 -12
90 45
91 -33
92 26
93 -45
94 -77
95 -80
96 91
97 7
98 -20
99 84
100 8
101 96
102 20
103 19
104 -72
105 50
106 -52
107 -61
108 22
109 -34
110 0
111 -94
112 -51
113 -48
114 60
115 -24
116 37
117 42
118 -10
119 -33
120 52
121 -46
122 95
123 53
124 -54
125 83
126 -30
127 -63
128 -79
129 28
130 -3
131 96
132 79
133 -46
134 80
135 -50
136 8
137 -9
138 89
139 1
140 49
141 51
142 45
143 -8
144 16
145 65
146 -49
147 -43
148 -26
149 -6
150 -56
151 36
152 65
153 -62
154 -87
155 26
156 60
157 61
158 -96
159 -39
160 54
161 -28
162 28
163 6
164 -54
165 96
166 -28
167 -45
168 -40
169 -62
170 44
171 -15
172 -61
173 -87
174 -37
175 12
176 -5
177 14
178 50
179 8
180 32
181 47
182 -60
183 -31
184 1
185 97
186 78
187 24
188 98
189 -81
190 -90
191 -12
192 -31
193 -73
194 87
195 -94
196 36
197 -92
198 2
199 -30
200 -70
201 75
202 -7
203 -18
204 76
205 73
206 -72
207 62
208 27
209 5
210 41
211 -56
212 -31
213 -49
214 74
215 -48
216 -54
217 -19
218 77
219 77
220 -86
221 -64
222 -9
223 33
224 34
225 -56
226 2
227 -94
228 -30
229 -27
230 41
231 -60
232 53
233 -84
234 45
235 -91
236 48
237 -12
238 87
239 59
240 -89
241 -9
242 100
243 19
244 -68
245 -99
246 -5
247 -60
248 -5
249 16
250 -15
251 -65
252 93
253 -8
254 44
255 87
256 -50
257 97
258 -72
259 40
260 -4
261 83
262 67
263 86
264 95
265 91
266 -69
267 -77
268 -94
269 69
270 73
271 -56
272 -54
273 0
274 -12
275 85
276 66
277 -76
278 -6
279 -21
280 -98
281 87
282 23
283 -50
284 3
285 -80
286 -20
287 61
288 79
289 -78
290 74
291 -48
292 -34
293 -36
294 69
295 -72
296 32
297 88
298 43
299 -9
300 -65
301 86
302 -98
303 -81
304 -64
305 82
306 11
307 96
308 21
309 16
310 -37
311 -42
312 -5
313 100
314 61
315 -42
316 69
317 42
318 38
319 -96
320 22
321 98
322 74
323 -16
324 23
325 80
326 8
327 -98
328 -68
329 -22
330 -71
331 -90
332 20
333 37
334 -9
335 -26
336 59
337 33
338 -95
339 58
340 21
341 52
342 33
343 -20
344 84
345 98
346 -89
347 -95
348 14
349 -100
350 -17
351 11
352 -53
353 -95
354 30
355 -43
356 82
357 -64
358 -9
359 -12
360 27
361 64
362 -75
363 59
364 26
365 36
366 86
367 -34
368 -82
369 -52
370 3
371 -46
372 -79
373 19
374 -98
375 -52
376 -72
377 -44
378 -55
379 -95
380 -3
381 -90
382 84
383 98
384 46
385 52
386 -38
387 -20
388 50
389 16
390 95
391 -97
392 82
393 -49
394 -73
395 -7
396 56
397 14
398 45
399 -35
400 -44
401 100
402 42
403 20
404 40
405 36
406 -60
407 -96
408 18
409 14
410 59
411 -78
412 -86
413 7
414 -39
415 83
416 93
417 -27
418 -85
419 -23
420 85
421 -38
422 76
423 -85
424 71
425 81
426 -27
427 30
428 54
429 94
430 -33
431 70
432 4
433 73
434 -98
435 -75
436 59
437 -89
438 16
439 -18
440 22
441 -50
442 39
443 48
444 -62
445 -91
446 -56
447 64
448 -36
449 36
450 45
451 -46
452 -82
453 14
454 73
455 84
456 -29
457 -27
458 54
459 -50
460 -13
461 8
462 -23
463 -75
464 98
465 -23
466 91
467 13
468 -76
469 40
470 -8
471 -96
472 59
473 63
474 58
475 -71
476 6
477 -98
478 -58
479 -46
480 100
481 -76
482 -13
483 44
484 -45
485 -64
486 25
487 -93
488 59
489 7
490 67
491 35
492 47
493 86
494 -2
495 18
496 -100
497 -88
498 -80
499 -19
500 57
501 26
502 -72
503 69
504 -24
505 -30
506 24
507 -36
508 -60
509 16
510 34
511 95
