0 62
1 -100
2 63
3 7
4 -47
5 44
6 20
7 -66
8 61
9 36
10 -49
11 -44
12 -5
13 7
14 44
15 -97
16 -68
17 18
18 -3
19 1
20 -74
21 -53
22 -73
23 -68
24 -38
25 6
26 86
27 0
28 -89
29 -43
30 -56
31 -70
32 92
33 92
34 -15
35 96
36 70
37 6
38 11
39 -72
40 65
41 100
42 20
43 -86
44 14
45 60
46 -19
47 98
48 73
49 -15
50 93
51 45
52 -92
53 18
54 13
55 56
56 -100
57 -6
58 38
59 23
60 -13
61 99
62 41
63 85
64 66
65 -22
66 -67
67 -38
68 -96
69 13
70 -82
71 57
72 -71
73 1
74 -12
75 91
76 78
77 -92
78 -37
79 99
80 18
81 -81
82 -18
83 -37
84 -79
85 -54
86 -29
87 -32
88 1
89 -73
90 -29
91 57
92 -53
93 -44
94 -88
95 20
96 94
97 -34
98 69
99 -71
100 82
101 -2
102 -51
103 63
104 -97
105 -55
106 -1
107 -55
108 -49
109 76
110 -65
111 88
112 75
113 -93
114 37
115 -41
116 31
117 -91
118 61
119 -64
120 -69
121 -51
122 46
123 -69
124 68
125 -78
126 28
127 -5
128 -45
129 5
130 -58
131 -30
132 -81
133 -62
134 -78
135 90
136 63
137 11
138 -92
139 -33
140 41
141 6
142 -1
143 24
144 -1
145 16
146 64
147 66
148 46
149 59
150 7
151 44
152 84
153 26
154 43
155 43
156 25
157 -52
158 59
159 99
160 -100
161 88
162 13
163 -75
164 31
165 73
166 -9
167 58
168 -26
169 -33
170 56
171 45
172 -83
173 -94
174 -5
175 4
176 -70
177 -42
178 -47
179 -18
180 72
181 -13
182 -22
183 -93
184 -39
185 -12
186 -46
187 -55
188 -18
189 60
190 -32
191 27
192 -1
193 -18
194 9
195 54
196 -37
197 -94
198 85
199 -32
200 -65
201 -31
202 -87
203 62
204 -46
205 -97
206 -38
207 82
208 62
209 -95
210 14
211 44
212 -74
213 -9
214 -89
215 57
216 44
217 31
218 -13
219 -22
220 -51
221 69
222 5
223 60
224 -68
225 -87
226 6
227 -30
228 -30
229 50
230 55
231 47
232 22
233 59
234 -87
235 -96
236 -29
237 -11
238 -20
239 75
240 89
241 16
242 44
243 -60
244 1
245 -8
246 -18
247 40
248 -48
249 -56
250 -79
251 100
252 19
253 -8
254 52
255 89
256 20
257 -45
258 35
259 -15
260 -65
261 -33
262 8
263 -49
264 -7
265 -79
266 44
267 -89
268 85
269 -52
270 31
271 45
272 -54
273 -41
274 23
275 54
276 96
277 -92
278 -72
279 -63
280 -83
281 70
282 58
283 -57
284 -8
285 25
286 19
287 -84
288 -40
289 10
290 21
291 76
292 -8
293 -50
294 94
295 -99
296 -30
297 -79
298 -65
299 13
300 -55
301 87
302 -47
303 46
304 -95
305 82
306 5
307 20
308 46
309 58
310 8
311 47
312 66
313 91
314 32
315 9
316 62
317 -75
318 -89
319 91
320 66
321 48
322 -51
323 -16
324 -63
325 -39
326 -98
327 44
328 1
329 -59
330 -35
331 35
332 72
333 70
334 46
335 25
336 49
337 -3
338 61
339 73
340 -67
341 -10
342 -61
343 -94
344 -40
345 79
346 63
347 71
348 -49
349 -74
350 93
351 -46
352 85
353 -60
354 -58
355 84
356 -8
357 -90
358 -17
359 -87
360 96
361 2
362 7
363 36
364 91
365 56
366 -29
367 -1
368 72
369 -100
370 50
371 -57
372 53
373 -82
374 -30
375 36
376 -34
377 -61
378 -96
379 71
380 -95
381 -86
382 -98
383 -83
384 -17
385 -91
386 -76
387 35
388 -77
389 -77
390 -56
391 20
392 93
393 10
394 -85
395 -90
396 70
397 66
398 -52
399 -6
400 -43
401 -28
402 -82
403 94
404 -15
405 71
406 27
407 4
408 92
409 -12
410 81
411 74
412 15
413 -55
414 -55
415 44
416 6
417 -90
418 28
419 30
420 94
421 -49
422 53
423 3
424 60
425 49
426 -69
427 -31
428 -53
429 -97
430 -7
431 -9
432 28
433 78
434 -33
435 100
436 57
437 69
438 -82
439 -35
440 43
441 -81
442 -52
443 -6
444 -13
445 87
446 -75
447 33
448 -59
449 69
450 12
451 87
452 -20
453 27
454 74
455 21
456 -98
457 -11
458 -22
459 -54
460 70
461 -62
462 -76
463 -50
464 -42
465 -29
466 7
467 18
468 -43
469 -88
470 4
471 -82
472 -17
473 81
474 58
475 -13
476 -79
477 -83
478 -86
479 54
480 51
481 -14
482 -25
483 -15
484 -50
485 -28
486 -34
487 1
488 33
489 28
490 50
491 69
492 33
493 37
494 -9
495 -39
496 100
497 -55
498 78
499 19
500 -77
501 99
502 98
503 71
504 -48
505 64
506 24
507 17
508 -40
509 -11
510 -37
511 -90
