0 -67
1 -52
2 42
3 11
4 61
5 54
6 -62
7 72
8 -37
9 -11
10 60
11 -42
12 59
13 -32
14 15
15 -55
16 9
17 -64
18 43
19 -48
20 -45
21 61
22 -7
23 -87
24 80
25 70
26 85
27 48
28 39
29 32
30 35
31 85
32 61
33 91
34 -57
35 3
36 -90
37 -82
38 -44
39 -3
40 -24
41 -65
42 -46
43 -58
44 -40
45 100
46 -4
47 57
48 29
49 6
50 -13
51 86
52 -87
53 -96
54 36
55 35
56 -8
57 97
58 64
59 31
60 -8
61 -37
62 -32
63 66
64 -86
65 11
66 -34
67 -69
68 -92
69 10
70 63
71 -98
72 -20
73 -24
74 -39
75 86
76 77
77 36
78 -46
79 4
80 -74
81 -29
82 26
83 48
84 37
85 -98
86 -31
87 -66
88 88
89 12
90 -70
91 -4
92 -19
93 33
94 80
95 -32
96 51
97 -26
98 18
99 89
100 -50
101 0
102 -28
103 -76
104 -4
105 34
106 28
107 58
108 -45
109 -62
110 -20
111 78
112 -42
113 -81
114 -57
115 66
116 -84
117 33
118 15
119 -51
120 75
121 28
122 1
123 84
124 9
125 52
126 73
127 -31
128 -65
129 94
130 92
131 36
132 -42
133 29
134 -71
135 81
136 -17
137 -50
138 82
139 -96
140 -47
141 -80
142 -51
143 64
144 -84
145 -12
146 82
147 -52
148 67
149 18
150 -97
151 84
152 -80
153 -37
154 -41
155 10
156 51
157 6
158 -55
159 30
160 10
161 86
162 -32
163 100
164 -61
165 70
166 57
167 -4
168 -5
169 24
170 57
171 -18
172 20
173 -80
174 -54
175 -86
176 -54
177 -73
178 76
179 -53
180 -8
181 85
182 -52
183 32
184 60
185 6
186 76
187 94
188 -68
189 41
190 24
191 -67
192 -83
193 19
194 -98
195 -21
196 -87
197 40
198 49
199 -7
200 -19
201 7
202 60
203 -58
204 31
205 -51
206 75
207 15
208 -32
209 37
210 32
211 13
212 58
213 7
214 11
215 74
216 1
217 -94
218 98
219 31
220 64
221 -88
222 69
223 44
224 -50
225 -14
226 51
227 -18
228 -78
229 27
230 15
231 40
232 34
233 25
234 71
235 -33
236 -59
237 95
238 -78
239 17
240 -62
241 5
242 58
243 -79
244 -7
245 -99
246 -100
247 -51
248 79
249 75
250 0
251 -82
252 -6
253 46
254 -94
255 -82
256 2
257 15
258 -12
259 94
260 -17
261 -51
262 28
263 14
264 36
265 98
266 16
267 74
268 16
269 86
270 -20
271 -18
272 -66
273 94
274 38
275 46
276 34
277 -67
278 -11
279 42
280 -41
281 -54
282 22
283 91
284 27
285 60
286 -45
287 63
288 -62
289 57
290 -60
291 -26
292 -65
293 84
294 -76
295 71
296 -72
297 -68
298 -57
299 41
300 42
301 -75
302 73
303 -57
304 -20
305 -71
306 25
307 49
308 -88
309 -72
310 -75
311 86
312 64
313 -63
314 83
315 -85
316 53
317 2
318 -70
319 -38
320 0
321 -65
322 29
323 6
324 -39
325 88
326 0
327 34
328 64
329 29
330 69
331 -72
332 -15
333 42
334 -22
335 -75
336 67
337 46
338 21
339 17
340 -62
341 42
342 0
343 52
344 -11
345 10
346 5
347 -10
348 -29
349 -72
350 -52
351 96
352 -13
353 35
354 -16
355 20
356 -5
357 -30
358 98
359 89
360 -76
361 -68
362 -59
363 -66
364 -96
365 -8
366 -25
367 -19
368 86
369 -42
370 -2
371 -89
372 -64
373 17
374 -70
375 -84
376 77
377 60
378 -87
379 47
380 -13
381 34
382 -82
383 19
384 18
385 71
386 -43
387 -53
388 29
389 2
390 -10
391 -14
392 90
393 -12
394 33
395 -11
396 33
397 43
398 55
399 -55
400 -66
401 4
402 73
403 3
404 -95
405 -64
406 -48
407 -69
408 88
409 -76
410 -71
411 -89
412 44
413 48
414 -66
415 -12
416 13
417 -31
418 -24
419 34
420 -88
421 -66
422 29
423 -99
424 -53
425 -87
426 -51
427 57
428 56
429 -87
430 48
431 -36
432 90
433 20
434 7
435 -7
436 -89
437 -31
438 -89
439 -17
440 -41
441 24
442 58
443 52
444 74
445 84
446 -39
447 1
448 -89
449 21
450 70
451 30
452 10
453 33
454 74
455 -36
456 2
457 -34
458 21
459 71
460 -1
461 54
462 89
463 -98
464 43
465 -73
466 14
467 -61
468 -72
469 48
470 -90
471 -43
472 69
473 -82
474 -46
475 56
476 65
477 -70
478 43
479 -44
480 4
481 7
482 -6
483 35
484 -28
485 -9
486 26
487 41
488 -86
489 22
490 36
491 -13
492 42
493 100
494 88
495 -61
496 -3
497 -52
498 -75
499 71
500 -74
501 -53
502 -33
503 -100
504 -56
505 -31
506 -51
507 68
508 25
509 8
510 14
511 -52
