0 -5
1 -39
2 43
3 -80
4 81
5 17
6 -10
7 -93
8 68
9 -60
10 78
11 -20
12 36
13 13
14 -93
15 -42
16 -40
17 61
18 99
19 -13
20 69
21 94
22 6
23 17
24 15
25 -88
26 -14
27 -21
28 28
29 5
30 -26
31 -90
32 79
33 -41
34 6
35 91
36 24
37 18
38 53
39 42
40 -54
41 -33
42 16
43 -27
44 -1
45 -49
46 -76
47 -41
48 -55
49 12
50 -47
51 8
52 2
53 -78
54 -71
55 -73
56 -70
57 -24
58 -86
59 -7
60 -40
61 92
62 70
63 -74
64 -98
65 88
66 38
67 23
68 -54
69 67
70 95
71 45
72 -69
73 33
74 -76
75 72
76 -42
77 83
78 60
79 -19
80 40
81 82
82 -67
83 10
84 1
85 -78
86 90
87 -71
88 98
89 -88
90 -57
91 11
92 -77
93 83
94 23
95 37
96 -25
97 -72
98 4
99 29
100 55
101 61
102 27
103 -78
104 35
105 -94
106 39
107 -59
108 47
109 37
110 25
111 85
112 57
113 34
114 69
115 17
116 -98
117 70
118 -83
119 -4
120 20
121 -5
122 9
123 -43
124 -26
125 -69
126 90
127 -45
128 -60
129 95
130 76
131 50
132 -24
133 -45
134 -37
135 -75
136 6
137 -92
138 -19
139 53
140 -28
141 9
142 -30
143 51
144 -53
145 -91
146 18
147 28
148 3
149 69
150 -65
151 -76
152 -66
153 -81
154 93
155 36
156 -19
157 69
158 24
159 76
160 54
161 -55
162 -43
163 93
164 50
165 67
166 17
167 57
168 64
169 42
170 -41
171 41
172 28
173 81
174 25
175 2
176 13
177 75
178 -24
179 -15
180 53
181 -28
182 -98
183 53
184 -79
185 100
186 84
187 15
188 82
189 -58
190 8
191 -11
192 -21
193 73
194 -99
195 65
196 30
197 25
198 -84
199 2
200 94
201 58
202 -100
203 -58
204 -40
205 -20
206 12
207 -85
208 44
209 43
210 91
211 -56
212 53
213 28
214 86
215 -27
216 83
217 45
218 -65
219 79
220 26
221 28
222 -80
223 77
224 -44
225 -63
226 -95
227 -94
228 75
229 87
230 -68
231 87
232 -23
233 20
234 69
235 92
236 -85
237 -84
238 -89
239 -19
240 29
241 9
242 -81
243 56
244 63
245 -97
246 26
247 -10
248 14
249 -17
250 -25
251 -71
252 -44
253 18
254 -74
255 18
256 -56
257 -56
258 59
259 72
260 85
261 7
262 -78
263 71
264 -82
265 -67
266 70
267 -19
268 45
269 -16
270 -27
271 -39
272 -100
273 -6
274 27
275 58
276 -69
277 81
278 -31
279 97
280 -89
281 -83
282 -81
283 -78
284 99
285 -11
286 -13
287 -24
288 -28
289 -16
290 -37
291 -30
292 -46
293 25
294 85
295 -68
296 2
297 -67
298 -46
299 57
300 -25
301 35
302 67
303 92
304 -2
305 -49
306 -86
307 97
308 -26
309 8
310 0
311 -7
312 6
313 -91
314 -69
315 9
316 15
317 -58
318 22
319 -34
320 16
321 54
322 90
323 30
324 -22
325 96
326 88
327 74
328 -5
329 75
330 -14
331 4
332 -85
333 -96
334 23
335 -20
336 29
337 29
338 61
339 -37
340 49
341 -64
342 -88
343 23
344 52
345 99
346 37
347 30
348 -63
349 50
350 -37
351 96
352 62
353 62
354 57
355 -4
356 -65
357 54
358 -25
359 -9
360 -76
361 37
362 97
363 36
364 45
365 16
366 -65
367 8
368 -66
369 33
370 -5
371 -89
372 45
373 67
374 92
375 88
376 85
377 39
378 31
379 3
380 -89
381 34
382 3
383 79
384 -71
385 44
386 43
387 31
388 -1
389 91
390 -8
391 66
392 11
393 12
394 -97
395 90
396 -59
397 -72
398 -93
399 -56
400 -5
401 98
402 78
403 91
404 50
405 8
406 -27
407 -20
408 15
409 -97
410 78
411 -15
412 -48
413 69
414 0
415 -72
416 -74
417 33
418 -44
419 54
420 -60
421 -100
422 46
423 55
424 -16
425 -18
426 94
427 71
428 89
429 80
430 1
431 -24
432 -17
433 -78
434 -41
435 -82
436 -14
437 -93
438 35
439 71
440 89
441 -67
442 18
443 62
444 64
445 35
446 -87
447 45
448 -9
449 97
450 57
451 73
452 98
453 76
454 -41
455 -14
456 -87
457 43
458 39
459 -94
460 2
461 70
462 98
463 46
464 -92
465 -61
466 57
467 100
468 -81
469 -19
470 -1
471 76
472 -89
473 -90
474 -60
475 -24
476 25
477 58
478 19
479 85
480 -86
481 -98
482 -97
483 -72
484 -5
485 -87
486 -7
487 61
488 30
489 17
490 85
491 -41
492 -42
493 31
494 43
495 -68
496 96
497 29
498 -47
499 -30
500 69
501 -13
502 67
503 -83
504 -40
505 29
506 -40
507 66
508 -18
509 -98
510 -63
511 76
512 53
513 -98
514 31
515 -96
516 -64
517 96
518 59
519 98
520 89
521 -44
522 -28
523 93
524 56
525 -84
526 54
527 58
528 90
529 54
530 29
531 -80
532 31
533 -27
534 -70
535 14
536 12
537 91
538 -66
539 -95
540 53
541 -56
542 -93
543 31
544 62
545 -26
546 0
547 -49
548 -86
549 73
550 -18
551 -65
552 26
553 -95
554 -20
555 -91
556 56
557 21
558 -39
559 -99
560 -26
561 96
562 51
563 -75
564 72
565 -73
566 -52
567 61
568 23
569 96
570 -59
571 93
572 -10
573 60
574 99
575 -30
576 99
577 34
578 88
579 55
580 85
581 73
582 -12
583 5
584 67
585 57
586 25
587 44
588 -65
589 -14
590 24
591 -75
592 78
593 -97
594 76
595 7
596 -74
597 -27
598 -13
599 -3
600 -47
601 21
602 42
603 28
604 -30
605 -74
606 -43
607 -80
608 -46
609 39
610 69
611 40
612 -39
613 -86
614 62
615 -41
616 -82
617 94
618 1
619 77
620 -51
621 88
622 23
623 96
624 5
625 50
626 52
627 60
628 32
629 -32
630 36
631 44
632 55
633 34
634 -9
635 -3
636 -7
637 51
638 -96
639 -6
640 46
641 -61
642 76
643 70
644 62
645 82
646 43
647 -86
648 20
649 84
650 46
651 -73
652 87
653 48
654 29
655 -7
656 43
657 29
658 -69
659 -65
660 38
661 -49
662 -66
663 79
664 57
665 -38
666 -81
667 -56
668 77
669 76
670 -61
671 10
672 -54
673 -99
674 96
675 67
676 50
677 28
678 100
679 -79
680 18
681 89
682 28
683 14
684 -61
685 86
686 -17
687 14
688 55
689 82
690 -21
691 6
692 43
693 92
694 -79
695 54
696 -71
697 57
698 -32
699 -67
700 45
701 58
702 -49
703 -74
704 29
705 -62
706 18
707 86
708 5
709 -74
710 -41
711 65
712 22
713 88
714 -43
715 69
716 -58
717 17
718 95
719 -11
720 19
721 5
722 -23
723 -97
724 46
725 -57
726 -58
727 -65
728 38
729 16
730 12
731 -98
732 -9
733 -66
734 -89
735 85
736 -27
737 84
738 -2
739 55
740 67
741 21
742 -95
743 85
744 -36
745 -7
746 -52
747 -64
748 53
749 92
750 45
751 -26
752 -74
753 90
754 -65
755 -44
756 13
757 -60
758 88
759 20
760 16
761 27
762 -87
763 -6
764 96
765 -57
766 33
767 2
768 4
769 -30
770 55
771 -5
772 -29
773 -32
774 -81
775 18
776 28
777 24
778 -53
779 92
780 94
781 62
782 -25
783 -52
784 -65
785 22
786 -88
787 60
788 38
789 38
790 17
791 36
792 52
793 78
794 54
795 -88
796 53
797 -53
798 26
799 36
800 -24
801 97
802 -30
803 -3
804 -22
805 -14
806 76
807 -45
808 41
809 -78
810 64
811 67
812 9
813 63
814 20
815 53
816 0
817 -17
818 13
819 56
820 92
821 -80
822 -54
823 74
824 98
825 -21
826 49
827 -29
828 -99
829 35
830 41
831 -36
832 59
833 -87
834 80
835 -11
836 -12
837 -21
838 -81
839 79
840 43
841 -13
842 84
843 100
844 -52
845 -47
846 77
847 -24
848 66
849 -1
850 15
851 55
852 -29
853 -16
854 25
855 31
856 -28
857 -55
858 16
859 88
860 -45
861 93
862 59
863 -88
864 78
865 6
866 18
867 54
868 -55
869 -26
870 61
871 -94
872 89
873 46
874 -26
875 -16
876 0
877 -49
878 10
879 -41
880 42
881 -36
882 -30
883 25
884 -14
885 -68
886 -59
887 45
888 -11
889 -89
890 -55
891 3
892 97
893 60
894 -43
895 34
896 55
897 83
898 65
899 88
900 -49
901 58
902 68
903 -22
904 -78
905 -74
906 8
907 75
908 94
909 -54
910 57
911 -45
912 71
913 -50
914 -61
915 -3
916 17
917 52
918 87
919 -47
920 -60
921 25
922 75
923 92
924 40
925 59
926 -38
927 2
928 -63
929 -37
930 68
931 -20
932 -25
933 -50
934 -27
935 -12
936 -75
937 -86
938 15
939 45
940 35
941 18
942 -4
943 -31
944 80
945 -76
946 89
947 64
948 91
949 42
950 -98
951 -86
952 -66
953 56
954 -41
955 1
956 92
957 93
958 -43
959 60
960 -29
961 61
962 -28
963 -1
964 92
965 11
966 73
967 4
968 69
969 91
970 -67
971 48
972 -2
973 -10
974 -58
975 94
976 -13
977 -9
978 -47
979 47
980 25
981 54
982 -8
983 93
984 59
985 -98
986 56
987 92
988 30
989 -69
990 -15
991 -12
992 63
993 -10
994 33
995 81
996 -8
997 -68
998 -73
999 53
1000 43
1001 -28
1002 62
1003 31
1004 -59
1005 -76
1006 25
1007 -60
1008 53
1009 97
1010 96
1011 -47
1012 -49
1013 55
1014 6
1015 42
1016 59
1017 50
1018 22
1019 5
1020 12
1021 -20
1022 51
1023 -91
