0 92
1 47
2 -6
3 91
4 -54
5 -38
6 -48
7 97
8 25
9 -70
10 -91
11 -48
12 40
13 -21
14 12
15 75
16 -33
17 14
18 -60
19 -29
20 96
21 -24
22 41
23 -38
24 -91
25 -38
26 -46
27 84
28 -53
29 4
30 33
31 80
32 -9
33 -43
34 46
35 43
36 79
37 90
38 -1
39 -44
40 -84
41 -40
42 -18
43 -30
44 73
45 60
46 -63
47 -65
48 16
49 -58
50 34
51 67
52 -86
53 40
54 70
55 25
56 13
57 -90
58 33
59 -27
60 47
61 94
62 89
63 27
64 -95
65 90
66 8
67 -24
68 -83
69 93
70 87
71 80
72 -1
73 -26
74 -77
75 37
76 -91
77 72
78 -46
79 -15
80 -51
81 65
82 -59
83 0
84 -31
85 -29
86 56
87 80
88 -17
89 17
90 100
91 -13
92 62
93 29
94 -61
95 -18
96 -93
97 21
98 65
99 -10
100 -98
101 50
102 78
103 -2
104 46
105 64
106 -19
107 -95
108 -71
109 15
110 71
111 -42
112 64
113 -32
114 4
115 -59
116 71
117 -63
118 37
119 -98
120 -72
121 -98
122 40
123 42
124 -89
125 55
126 -43
127 65
128 50
129 -65
130 -87
131 -79
132 5
133 -79
134 38
135 7
136 90
137 -38
138 -3
139 -46
140 72
141 49
142 88
143 71
144 68
145 98
146 31
147 -16
148 55
149 40
150 -54
151 20
152 95
153 -9
154 -94
155 13
156 -2
157 61
158 -32
159 -97
160 34
161 -37
162 25
163 81
164 -25
165 95
166 -38
167 -23
168 -18
169 85
170 87
171 96
172 36
173 54
174 21
175 17
176 -25
177 58
178 61
179 -48
180 96
181 0
182 -84
183 98
184 88
185 21
186 -49
187 93
188 13
189 53
190 99
191 10
192 28
193 3
194 -26
195 33
196 -49
197 99
198 40
199 73
200 98
201 -10
202 51
203 63
204 -4
205 65
206 27
207 -71
208 66
209 -61
210 26
211 68
212 -95
213 21
214 -16
215 51
216 81
217 45
218 -14
219 26
220 -67
221 82
222 53
223 38
224 -93
225 40
226 -50
227 55
228 85
229 95
230 -67
231 -48
232 24
233 -16
234 -91
235 2
236 89
237 -89
238 49
239 52
240 48
241 -27
242 27
243 -55
244 -67
245 9
246 43
247 -59
248 11
249 -95
250 -83
251 24
252 58
253 72
254 86
255 -87
256 -25
257 -64
258 -76
259 -92
260 94
261 11
262 52
263 -61
264 49
265 47
266 -85
267 -82
268 68
269 -97
270 62
271 -99
272 -77
273 -21
274 69
275 -91
276 -40
277 -100
278 -25
279 94
280 -82
281 85
282 -95
283 -33
284 -14
285 23
286 17
287 -54
288 31
289 -96
290 90
291 78
292 98
293 -50
294 42
295 96
296 -72
297 -51
298 -59
299 79
300 4
301 -43
302 -16
303 46
304 32
305 77
306 59
307 -11
308 -90
309 -43
310 7
311 48
312 52
313 66
314 35
315 60
316 -53
317 76
318 86
319 -43
320 -67
321 -84
322 7
323 77
324 -29
325 28
326 55
327 -62
328 18
329 -33
330 100
331 28
332 -65
333 -27
334 -72
335 67
336 -85
337 86
338 84
339 66
340 -6
341 67
342 -67
343 -55
344 14
345 -33
346 2
347 25
348 13
349 43
350 -49
351 -83
352 -30
353 87
354 70
355 20
356 -89
357 -13
358 67
359 -63
360 -88
361 -35
362 67
363 -85
364 -3
365 75
366 96
367 -33
368 -82
369 -75
370 -10
371 -93
372 -57
373 89
374 -84
375 -25
376 -94
377 87
378 -11
379 -23
380 33
381 -62
382 2
383 66
384 -20
385 -62
386 32
387 70
388 68
389 -99
390 40
391 -38
392 70
393 -77
394 73
395 -23
396 -22
397 58
398 82
399 16
400 26
401 6
402 -44
403 69
404 -82
405 -88
406 75
407 0
408 -37
409 -59
410 -91
411 54
412 75
413 -80
414 -39
415 73
416 -86
417 -11
418 83
419 9
420 12
421 -5
422 -39
423 60
424 36
425 -1
426 90
427 -78
428 46
429 -28
430 57
431 88
432 7
433 92
434 57
435 -16
436 -20
437 83
438 -36
439 31
440 26
441 -52
442 43
443 -25
444 -78
445 -32
446 -13
447 -95
448 -93
449 13
450 -64
451 -21
452 -93
453 -41
454 78
455 -64
456 63
457 2
458 23
459 12
460 87
461 -1
462 83
463 -46
464 90
465 -1
466 47
467 -21
468 99
469 -77
470 66
471 -30
472 62
473 -50
474 11
475 22
476 -35
477 61
478 -16
479 28
480 57
481 80
482 16
483 58
484 -50
485 87
486 75
487 -46
488 32
489 99
490 53
491 -64
492 54
493 67
494 26
495 3
496 70
497 -72
498 -46
499 -85
500 3
501 -97
502 90
503 99
504 47
505 55
506 76
507 9
508 67
509 -37
510 -96
511 56
512 39
513 -74
514 -72
515 33
516 -94
517 -55
518 -88
519 -62
520 0
521 7
522 23
523 -11
524 -19
525 -93
526 -10
527 88
528 50
529 11
530 91
531 -53
532 -18
533 -9
534 4
535 -93
536 77
537 -73
538 -38
539 14
540 84
541 -4
542 83
543 -27
544 32
545 -10
546 -33
547 -77
548 -68
549 41
550 44
551 71
552 -90
553 7
554 -62
555 65
556 -23
557 -5
558 -63
559 3
560 -41
561 -93
562 -49
563 2
564 -74
565 -20
566 19
567 40
568 35
569 99
570 -41
571 49
572 -51
573 92
574 -34
575 48
576 -27
577 -48
578 -12
579 6
580 -46
581 -99
582 86
583 73
584 -43
585 9
586 52
587 -36
588 -54
589 -79
590 8
591 -57
592 62
593 -30
594 85
595 44
596 -40
597 -7
598 -65
599 -41
600 -32
601 -27
602 -54
603 -51
604 -35
605 0
606 37
607 -98
608 51
609 31
610 -55
611 -28
612 99
613 -62
614 36
615 47
616 46
617 -19
618 68
619 -88
620 -34
621 -21
622 68
623 -61
624 48
625 -34
626 57
627 88
628 4
629 -94
630 87
631 76
632 95
633 4
634 -31
635 -10
636 -99
637 -40
638 77
639 -16
640 -99
641 45
642 60
643 98
644 28
645 -80
646 -29
647 75
648 93
649 0
650 10
651 -48
652 -43
653 -44
654 60
655 -72
656 9
657 85
658 -65
659 34
660 -53
661 -77
662 70
663 -51
664 -50
665 -23
666 78
667 -86
668 59
669 86
670 36
671 100
672 -55
673 5
674 -50
675 38
676 -44
677 -59
678 -58
679 -94
680 70
681 -33
682 60
683 91
684 71
685 -46
686 -37
687 33
688 15
689 83
690 -94
691 -62
692 -55
693 -37
694 -80
695 -18
696 -30
697 97
698 39
699 -83
700 74
701 -23
702 -85
703 10
704 -43
705 18
706 58
707 65
708 -68
709 -64
710 -54
711 54
712 -12
713 21
714 -49
715 22
716 89
717 34
718 -83
719 -64
720 31
721 -32
722 39
723 -12
724 75
725 41
726 74
727 34
728 -38
729 24
730 -58
731 -10
732 -89
733 37
734 23
735 -28
736 -93
737 20
738 -9
739 -48
740 -51
741 26
742 26
743 -95
744 -63
745 78
746 5
747 1
748 38
749 -85
750 -50
751 29
752 -86
753 85
754 -67
755 -93
756 -47
757 20
758 -1
759 -6
760 -58
761 -4
762 99
763 59
764 8
765 21
766 17
767 -60
768 41
769 -76
770 -98
771 -98
772 -93
773 -100
774 13
775 -100
776 16
777 47
778 -75
779 -25
780 3
781 -27
782 51
783 47
784 51
785 2
786 -86
787 -78
788 52
789 40
790 -78
791 -65
792 -87
793 -68
794 50
795 22
796 89
797 94
798 -8
799 66
800 31
801 51
802 18
803 -36
804 4
805 -28
806 28
807 -59
808 31
809 -64
810 -72
811 -78
812 -66
813 -99
814 -18
815 -75
816 -68
817 27
818 -98
819 -54
820 86
821 15
822 -69
823 2
824 13
825 -48
826 73
827 -55
828 -40
829 -27
830 -4
831 -38
832 17
833 51
834 1
835 99
836 -5
837 4
838 46
839 -70
840 57
841 -5
842 -85
843 -90
844 -62
845 96
846 -99
847 -52
848 -25
849 74
850 80
851 -33
852 -92
853 1
854 -5
855 55
856 -18
857 49
858 -33
859 30
860 -35
861 40
862 99
863 -48
864 83
865 48
866 6
867 28
868 -86
869 0
870 56
871 80
872 -12
873 -1
874 57
875 -14
876 67
877 -72
878 3
879 -94
880 -15
881 -68
882 28
883 -3
884 92
885 100
886 -14
887 -87
888 -98
889 68
890 -71
891 25
892 28
893 -52
894 -68
895 -46
896 -20
897 85
898 70
899 48
900 -64
901 10
902 -67
903 19
904 -94
905 69
906 2
907 -58
908 -99
909 -84
910 55
911 -92
912 -43
913 95
914 76
915 53
916 75
917 45
918 87
919 98
920 -90
921 11
922 2
923 -74
924 -46
925 -90
926 -43
927 -45
928 -9
929 -47
930 20
931 -37
932 -46
933 -19
934 48
935 -76
936 -92
937 -51
938 7
939 -3
940 -40
941 7
942 -27
943 57
944 -25
945 52
946 98
947 -31
948 84
949 22
950 -49
951 32
952 63
953 -34
954 82
955 -45
956 -28
957 52
958 82
959 98
960 3
961 -81
962 -29
963 85
964 -31
965 -81
966 -39
967 15
968 85
969 83
970 -27
971 2
972 76
973 14
974 -57
975 -45
976 19
977 -63
978 -98
979 -88
980 65
981 -21
982 57
983 -2
984 -23
985 65
986 -50
987 -54
988 16
989 -19
990 -92
991 53
992 1
993 72
994 -54
995 -1
996 -60
997 -50
998 -51
999 -1
1000 41
1001 72
1002 -24
1003 -57
1004 -22
1005 -2
1006 -66
1007 53
1008 -98
1009 -64
1010 -84
1011 24
1012 -9
1013 36
1014 -76
1015 -28
1016 -71
1017 -96
1018 32
1019 93
1020 -52
1021 -64
1022 -36
1023 14
