0 -12
1 -43
2 30
3 6
4 95
5 -73
6 4
7 89
8 53
9 -5
10 62
11 22
12 -98
13 88
14 85
15 -95
16 -19
17 81
18 43
19 85
20 -63
21 -42
22 -31
23 9
24 -70
25 41
26 99
27 34
28 21
29 11
30 8
31 -9
32 86
33 -69
34 -84
35 -73
36 -2
37 -95
38 -98
39 60
40 48
41 3
42 -69
43 56
44 -38
45 8
46 -81
47 -50
48 -68
49 -39
50 -20
51 -1
52 63
53 93
54 37
55 74
56 99
57 40
58 22
59 -9
60 -100
61 2
62 -3
63 49
64 17
65 -21
66 6
67 66
68 45
69 25
70 72
71 -36
72 77
73 47
74 81
75 54
76 42
77 52
78 58
79 -41
80 5
81 -40
82 -99
83 -63
84 10
85 -37
86 42
87 96
88 35
89 -9
90 -60
91 92
92 -60
93 21
94 81
95 70
96 41
97 -70
98 -42
99 11
100 40
101 -65
102 46
103 94
104 -21
105 83
106 22
107 83
108 -84
109 -2
110 -47
111 66
112 -19
113 63
114 -13
115 1
116 -54
117 -42
118 44
119 -23
120 85
121 77
122 95
123 -5
124 64
125 -48
126 -75
127 -10
128 97
129 -47
130 82
131 -35
132 -45
133 47
134 66
135 -95
136 -27
137 -62
138 -46
139 -15
140 33
141 -71
142 -83
143 54
144 -73
145 20
146 0
147 -98
148 39
149 25
150 -47
151 36
152 60
153 34
154 -69
155 96
156 98
157 -2
158 59
159 -39
160 14
161 -49
162 -49
163 20
164 83
165 38
166 -15
167 2
168 88
169 -32
170 71
171 49
172 -48
173 -82
174 -75
175 -97
176 31
177 -3
178 -29
179 35
180 -31
181 75
182 -11
183 -50
184 79
185 -28
186 4
187 18
188 -51
189 -76
190 95
191 -95
192 31
193 -69
194 -54
195 25
196 71
197 -5
198 -28
199 -24
200 -37
201 -46
202 -87
203 91
204 -39
205 -14
206 76
207 -11
208 -46
209 -39
210 -51
211 -68
212 -9
213 20
214 55
215 13
216 -27
217 91
218 -44
219 47
220 50
221 87
222 -18
223 -55
224 -43
225 15
226 79
227 19
228 29
229 7
230 -61
231 -16
232 35
233 57
234 68
235 -15
236 32
237 -88
238 -25
239 46
240 -53
241 14
242 -15
243 33
244 23
245 -36
246 72
247 -64
248 79
249 -93
250 -90
251 64
252 -93
253 -66
254 74
255 43
256 12
257 46
258 -24
259 -81
260 73
261 -77
262 19
263 -39
264 -85
265 0
266 16
267 -42
268 -30
269 22
270 -85
271 40
272 -5
273 -89
274 5
275 -82
276 17
277 -88
278 79
279 10
280 -98
281 -62
282 -80
283 -28
284 25
285 -76
286 63
287 11
288 -59
289 -69
290 -25
291 -46
292 28
293 73
294 77
295 -97
296 93
297 88
298 -16
299 -62
300 16
301 -18
302 58
303 15
304 -37
305 -25
306 -13
307 -25
308 -91
309 8
310 -2
311 64
312 -59
313 99
314 -37
315 -48
316 62
317 47
318 9
319 67
320 8
321 -93
322 -85
323 15
324 42
325 -19
326 72
327 31
328 -88
329 45
330 66
331 -56
332 -86
333 21
334 70
335 -29
336 86
337 -58
338 -91
339 -43
340 18
341 -68
342 -93
343 -83
344 79
345 -37
346 23
347 -19
348 -48
349 -76
350 -54
351 56
352 75
353 52
354 35
355 -23
356 -55
357 48
358 -82
359 -77
360 -11
361 -62
362 45
363 -60
364 -7
365 34
366 67
367 31
368 81
369 -13
370 70
371 46
372 -60
373 -33
374 -25
375 38
376 -53
377 -2
378 -32
379 9
380 -24
381 88
382 -3
383 88
384 78
385 -100
386 62
387 -26
388 -17
389 42
390 76
391 -71
392 89
393 40
394 47
395 -40
396 12
397 -65
398 20
399 -53
400 19
401 -31
402 70
403 21
404 -88
405 96
406 -38
407 0
408 9
409 -45
410 64
411 -92
412 -40
413 -85
414 -25
415 -18
416 -6
417 -54
418 -69
419 63
420 51
421 -50
422 97
423 -2
424 -24
425 -57
426 66
427 42
428 48
429 -27
430 20
431 -52
432 -86
433 -75
434 26
435 20
436 -85
437 16
438 -33
439 -56
440 -80
441 -56
442 -19
443 47
444 -67
445 -91
446 35
447 58
448 17
449 -91
450 -27
451 -28
452 -12
453 12
454 -23
455 -55
456 64
457 7
458 76
459 94
460 -58
461 -95
462 11
463 24
464 40
465 -26
466 -55
467 39
468 93
469 48
470 94
471 45
472 -94
473 2
474 -67
475 59
476 78
477 85
478 17
479 -27
480 -59
481 -83
482 61
483 -91
484 68
485 40
486 -19
487 16
488 100
489 -6
490 8
491 23
492 -76
493 -61
494 31
495 80
496 -27
497 37
498 -54
499 -38
500 86
501 -46
502 43
503 48
504 13
505 41
506 44
507 26
508 84
509 -33
510 -81
511 0
512 44
513 -2
514 -23
515 25
516 2
517 -81
518 63
519 74
520 21
521 -70
522 28
523 53
524 -62
525 95
526 -1
527 -58
528 12
529 -4
530 95
531 -29
532 -44
533 10
534 62
535 67
536 74
537 -43
538 -22
539 99
540 27
541 -62
542 20
543 74
544 41
545 51
546 -32
547 47
548 3
549 -88
550 -33
551 66
552 2
553 -23
554 38
555 0
556 -7
557 -48
558 -64
559 -8
560 75
561 61
562 -94
563 56
564 -8
565 -57
566 36
567 73
568 85
569 -15
570 8
571 -83
572 -48
573 -32
574 39
575 -49
576 -84
577 -29
578 88
579 23
580 -21
581 -89
582 -10
583 74
584 84
585 77
586 54
587 -29
588 99
589 48
590 50
591 52
592 9
593 24
594 -31
595 -5
596 28
597 -23
598 -29
599 74
600 -44
601 -61
602 66
603 -58
604 71
605 -58
606 -11
607 -95
608 9
609 -89
610 -69
611 28
612 -56
613 8
614 -85
615 -17
616 83
617 86
618 -95
619 -88
620 72
621 43
622 -43
623 -7
624 -79
625 -81
626 -41
627 -16
628 6
629 -35
630 -33
631 -44
632 40
633 -95
634 -30
635 -44
636 -82
637 -81
638 -91
639 -26
640 57
641 40
642 -29
643 80
644 -95
645 -68
646 38
647 70
648 5
649 -38
650 -63
651 -78
652 -49
653 82
654 -72
655 12
656 27
657 -7
658 -39
659 -12
660 -66
661 -22
662 50
663 -35
664 -19
665 -36
666 46
667 84
668 -2
669 -25
670 -92
671 99
672 42
673 73
674 -28
675 58
676 -29
677 96
678 13
679 -77
680 50
681 98
682 -5
683 -1
684 22
685 77
686 -26
687 -5
688 -97
689 36
690 93
691 -59
692 89
693 51
694 -87
695 -40
696 -32
697 20
698 -15
699 62
700 55
701 -44
702 -41
703 -5
704 -2
705 -99
706 -9
707 72
708 83
709 -49
710 -7
711 -2
712 47
713 -78
714 4
715 95
716 21
717 8
718 -41
719 81
720 18
721 -100
722 46
723 -35
724 -72
725 -49
726 99
727 -83
728 -43
729 -35
730 -35
731 44
732 80
733 -89
734 99
735 -35
736 92
737 25
738 -85
739 0
740 1
741 -68
742 -19
743 -95
744 -14
745 9
746 66
747 -38
748 -2
749 -12
750 -13
751 46
752 -6
753 47
754 -98
755 26
756 87
757 -58
758 -28
759 -48
760 92
761 81
762 31
763 -13
764 19
765 99
766 88
767 82
768 -90
769 -16
770 -19
771 92
772 -30
773 -54
774 -39
775 -92
776 -84
777 66
778 99
779 6
780 -56
781 53
782 -29
783 35
784 -75
785 -54
786 -78
787 -50
788 67
789 -22
790 24
791 -85
792 39
793 -48
794 55
795 37
796 35
797 9
798 -89
799 97
800 -11
801 43
802 95
803 -13
804 -80
805 -76
806 -67
807 -17
808 29
809 58
810 -38
811 -56
812 -71
813 49
814 -55
815 75
816 29
817 12
818 26
819 -2
820 -92
821 -82
822 -94
823 55
824 -55
825 -19
826 90
827 70
828 -66
829 82
830 -34
831 61
832 -94
833 -20
834 66
835 14
836 -89
837 64
838 51
839 74
840 -56
841 35
842 -3
843 -32
844 -53
845 -22
846 -57
847 58
848 -60
849 36
850 93
851 21
852 -71
853 -37
854 71
855 -65
856 -72
857 16
858 -25
859 -30
860 21
861 3
862 8
863 -81
864 2
865 83
866 -82
867 -10
868 65
869 76
870 83
871 -55
872 -34
873 -94
874 97
875 -71
876 -72
877 54
878 -82
879 -33
880 87
881 -7
882 77
883 66
884 81
885 -32
886 -20
887 59
888 -38
889 1
890 -100
891 80
892 -89
893 59
894 46
895 -78
896 -65
897 -51
898 -17
899 -57
900 33
901 77
902 -38
903 50
904 -97
905 -59
906 -39
907 -15
908 20
909 -24
910 -87
911 64
912 64
913 60
914 55
915 60
916 -25
917 88
918 -97
919 -42
920 68
921 50
922 -48
923 -77
924 22
925 -61
926 28
927 -70
928 5
929 -65
930 2
931 50
932 86
933 87
934 55
935 -50
936 -98
937 -4
938 -88
939 -37
940 -67
941 66
942 56
943 54
944 -33
945 -86
946 -33
947 -88
948 51
949 58
950 43
951 -1
952 -8
953 46
954 -48
955 -42
956 -63
957 24
958 -87
959 -90
960 -10
961 -34
962 -15
963 39
964 -80
965 91
966 95
967 -75
968 -82
969 64
970 -16
971 69
972 22
973 -19
974 -80
975 -86
976 42
977 -57
978 -24
979 -13
980 16
981 2
982 66
983 70
984 34
985 4
986 -47
987 -53
988 93
989 -1
990 98
991 -38
992 -94
993 -46
994 -55
995 6
996 -21
997 -72
998 -7
999 83
1000 -7
1001 42
1002 53
1003 -89
1004 -76
1005 27
1006 -29
1007 99
1008 73
1009 38
1010 56
1011 26
1012 86
1013 98
1014 -54
1015 -33
1016 2
1017 54
1018 51
1019 -26
1020 41
1021 19
1022 -87
1023 -84
