0 -19
1 -87
2 45
3 -4
4 -30
5 91
6 47
7 18
8 -19
9 -9
10 99
11 -87
12 5
13 -33
14 55
15 -39
16 57
17 35
18 -73
19 98
20 79
21 60
22 2
23 -12
24 52
25 41
26 88
27 -48
28 46
29 58
30 -67
31 -69
32 -95
33 92
34 18
35 -22
36 -8
37 59
38 58
39 -24
40 73
41 51
42 51
43 -20
44 34
45 -3
46 41
47 -97
48 54
49 63
50 -8
51 -93
52 -43
53 33
54 -95
55 66
56 44
57 -25
58 41
59 74
60 91
61 49
62 25
63 -1
64 44
65 2
66 68
67 -69
68 -79
69 45
70 57
71 78
72 95
73 24
74 80
75 -90
76 -23
77 -20
78 -29
79 -55
80 45
81 -1
82 22
83 -92
84 56
85 19
86 20
87 48
88 84
89 -99
90 23
91 -99
92 -45
93 -35
94 -64
95 62
96 -62
97 -68
98 72
99 78
100 33
101 -18
102 19
103 36
104 -70
105 88
106 13
107 11
108 60
109 -30
110 79
111 40
112 -57
113 -17
114 91
115 -19
116 24
117 95
118 -75
119 -82
120 76
121 43
122 -63
123 -100
124 -95
125 -81
126 34
127 4
128 55
129 -73
130 23
131 10
132 -18
133 97
134 -73
135 -15
136 -7
137 -36
138 -60
139 -50
140 56
141 -73
142 7
143 64
144 -79
145 -8
146 49
147 -74
148 69
149 -40
150 -99
151 10
152 -71
153 -90
154 65
155 -78
156 44
157 79
158 -66
159 -28
160 73
161 -61
162 -31
163 39
164 10
165 91
166 -15
167 34
168 -61
169 -37
170 -88
171 -8
172 -47
173 7
174 96
175 -16
176 -5
177 -20
178 2
179 -92
180 23
181 -17
182 47
183 0
184 -41
185 61
186 74
187 -29
188 59
189 -69
190 -3
191 -51
192 29
193 -79
194 12
195 4
196 -39
197 10
198 -70
199 -54
200 -54
201 74
202 -72
203 35
204 70
205 -2
206 -46
207 -34
208 -96
209 -54
210 -28
211 -23
212 79
213 -28
214 -70
215 -12
216 -56
217 -26
218 -43
219 -44
220 -46
221 8
222 72
223 -23
224 -38
225 -18
226 63
227 -33
228 12
229 58
230 -92
231 93
232 -3
233 25
234 -20
235 96
236 -49
237 99
238 -24
239 -36
240 17
241 -73
242 83
243 -43
244 -55
245 28
246 70
247 -83
248 37
249 87
250 48
251 -86
252 15
253 -6
254 -58
255 -7
256 60
257 -40
258 -34
259 2
260 -41
261 -7
262 -11
263 72
264 6
265 -6
266 -57
267 -63
268 9
269 -40
270 95
271 -36
272 -34
273 60
274 52
275 -12
276 -91
277 -63
278 94
279 -19
280 -80
281 -33
282 2
283 -4
284 -4
285 -26
286 38
287 56
288 -75
289 94
290 -20
291 -89
292 96
293 -60
294 42
295 -64
296 -49
297 4
298 -46
299 -16
300 98
301 92
302 -31
303 37
304 85
305 84
306 -30
307 93
308 96
309 26
310 87
311 42
312 -67
313 8
314 10
315 -22
316 -95
317 44
318 -87
319 -47
320 52
321 -52
322 -76
323 62
324 -26
325 -82
326 -71
327 -42
328 -69
329 86
330 -45
331 22
332 -35
333 25
334 -21
335 67
336 -37
337 100
338 55
339 -61
340 69
341 -43
342 39
343 0
344 92
345 57
346 -23
347 48
348 -10
349 -15
350 5
351 -36
352 -35
353 -84
354 -99
355 19
356 79
357 40
358 -75
359 -17
360 -90
361 50
362 4
363 90
364 63
365 -73
366 47
367 -27
368 -60
369 -78
370 -35
371 -81
372 68
373 14
374 -24
375 92
376 90
377 -1
378 37
379 -31
380 100
381 -13
382 -77
383 99
384 61
385 3
386 -57
387 18
388 61
389 3
390 45
391 -36
392 -89
393 14
394 -78
395 -83
396 54
397 -41
398 -96
399 -26
400 94
401 -54
402 6
403 -24
404 -63
405 -49
406 -77
407 -6
408 75
409 24
410 -73
411 -82
412 -50
413 26
414 -76
415 94
416 31
417 8
418 -83
419 -58
420 84
421 72
422 81
423 -100
424 82
425 41
426 -67
427 -5
428 31
429 -43
430 -35
431 -92
432 -51
433 -51
434 3
435 10
436 30
437 91
438 28
439 -53
440 -48
441 42
442 91
443 -61
444 -3
445 10
446 -56
447 72
448 75
449 -2
450 -48
451 58
452 -21
453 -1
454 -77
455 -96
456 20
457 43
458 -68
459 -84
460 61
461 -49
462 3
463 45
464 -41
465 -37
466 -36
467 -7
468 -74
469 -51
470 24
471 -10
472 -74
473 -4
474 -28
475 -17
476 -14
477 -91
478 91
479 80
480 21
481 -70
482 84
483 -80
484 14
485 -31
486 46
487 -43
488 43
489 94
490 -49
491 98
492 20
493 18
494 21
495 41
496 -16
497 68
498 -54
499 13
500 -25
501 76
502 3
503 -82
504 65
505 -79
506 31
507 -2
508 -94
509 59
510 92
511 98
512 92
513 8
514 14
515 9
516 -46
517 -37
518 -40
519 45
520 -14
521 -34
522 -73
523 -55
524 -65
525 -90
526 64
527 23
528 -73
529 -52
530 64
531 95
532 -66
533 -3
534 -26
535 -20
536 35
537 -74
538 -46
539 81
540 48
541 -59
542 88
543 63
544 94
545 33
546 -4
547 -35
548 -11
549 -89
550 1
551 51
552 0
553 -25
554 100
555 -93
556 -65
557 -3
558 1
559 94
560 39
561 -20
562 4
563 -4
564 54
565 -83
566 -82
567 -41
568 24
569 21
570 -73
571 9
572 22
573 100
574 -58
575 -32
576 72
577 -82
578 -19
579 96
580 14
581 1
582 -57
583 -24
584 -71
585 63
586 4
587 82
588 -15
589 -5
590 -82
591 -43
592 72
593 27
594 85
595 -73
596 -56
597 -60
598 -41
599 14
600 -96
601 18
602 80
603 -38
604 -66
605 4
606 29
607 -48
608 59
609 -73
610 -75
611 -62
612 17
613 -35
614 83
615 -65
616 11
617 14
618 -21
619 76
620 32
621 54
622 74
623 -34
624 9
625 -57
626 -69
627 -38
628 83
629 59
630 -12
631 -62
632 56
633 19
634 -32
635 -22
636 -68
637 -100
638 1
639 47
640 97
641 -13
642 -1
643 -98
644 0
645 100
646 70
647 -29
648 22
649 41
650 -92
651 1
652 48
653 99
654 27
655 -43
656 -40
657 -23
658 49
659 -98
660 -25
661 6
662 -16
663 71
664 33
665 8
666 -71
667 -30
668 21
669 -35
670 -48
671 -64
672 -87
673 10
674 15
675 51
676 -33
677 -19
678 -54
679 -4
680 71
681 70
682 21
683 -84
684 -14
685 94
686 77
687 27
688 -35
689 -12
690 -20
691 98
692 2
693 4
694 89
695 -64
696 7
697 72
698 89
699 -96
700 -45
701 -84
702 17
703 10
704 -33
705 -68
706 -32
707 -70
708 -14
709 -42
710 36
711 53
712 80
713 -26
714 -86
715 -64
716 -32
717 -53
718 45
719 32
720 29
721 74
722 17
723 -54
724 -71
725 96
726 31
727 -49
728 28
729 -20
730 -5
731 37
732 14
733 -55
734 83
735 45
736 75
737 71
738 88
739 -25
740 1
741 84
742 -65
743 -31
744 -79
745 72
746 -55
747 -46
748 -22
749 37
750 60
751 45
752 -9
753 88
754 89
755 70
756 6
757 -42
758 -18
759 -89
760 -85
761 -79
762 70
763 52
764 -75
765 31
766 -1
767 15
768 -69
769 -28
770 -69
771 61
772 36
773 -64
774 86
775 68
776 -67
777 -29
778 -84
779 95
780 -45
781 -74
782 23
783 -52
784 -18
785 -33
786 15
787 -42
788 -42
789 -26
790 -11
791 -21
792 -18
793 3
794 13
795 56
796 -7
797 -43
798 -6
799 79
800 23
801 62
802 -94
803 13
804 55
805 17
806 -28
807 79
808 -43
809 -16
810 67
811 -12
812 8
813 42
814 -76
815 4
816 24
817 18
818 -81
819 72
820 -100
821 6
822 -90
823 -43
824 88
825 -57
826 78
827 98
828 10
829 -52
830 -4
831 -66
832 -2
833 -58
834 -67
835 47
836 -42
837 13
838 -16
839 69
840 -41
841 82
842 52
843 36
844 -47
845 -42
846 -79
847 -64
848 -25
849 65
850 -78
851 38
852 77
853 -90
854 -99
855 -49
856 72
857 36
858 1
859 -57
860 92
861 -88
862 -30
863 63
864 92
865 -10
866 94
867 -58
868 24
869 -10
870 -67
871 70
872 22
873 -37
874 -69
875 -24
876 78
877 86
878 8
879 -93
880 -100
881 84
882 71
883 -65
884 30
885 18
886 -31
887 65
888 -85
889 38
890 -52
891 -28
892 60
893 60
894 0
895 17
896 35
897 69
898 -25
899 -88
900 14
901 -1
902 -16
903 -26
904 -5
905 66
906 90
907 35
908 58
909 57
910 58
911 -67
912 37
913 -42
914 -48
915 81
916 78
917 58
918 -74
919 49
920 -73
921 46
922 65
923 -92
924 -7
925 77
926 81
927 -36
928 -2
929 76
930 94
931 -68
932 57
933 -11
934 -10
935 -39
936 -71
937 83
938 56
939 -43
940 -65
941 27
942 -85
943 -96
944 73
945 -62
946 -11
947 3
948 97
949 -24
950 28
951 38
952 4
953 39
954 -42
955 -94
956 41
957 -20
958 -92
959 -10
960 37
961 48
962 58
963 52
964 69
965 -82
966 63
967 55
968 31
969 27
970 29
971 -17
972 -18
973 16
974 91
975 89
976 9
977 -18
978 15
979 16
980 62
981 49
982 28
983 10
984 -20
985 -41
986 -39
987 19
988 76
989 -31
990 10
991 -82
992 -1
993 49
994 95
995 23
996 -29
997 -15
998 -50
999 -89
1000 -4
1001 56
1002 54
1003 50
1004 -90
1005 -58
1006 -44
1007 22
1008 -70
1009 -36
1010 100
1011 80
1012 85
1013 -71
1014 -54
1015 -99
1016 92
1017 -25
1018 -58
1019 -87
1020 -66
1021 -15
1022 -73
1023 63
