0 -10
1 49
2 -75
3 -6
4 -98
5 -63
6 -93
7 41
8 -56
9 -82
10 72
11 22
12 -78
13 -6
14 -52
15 57
16 -4
17 -93
18 -29
19 -67
20 -87
21 8
22 -57
23 -50
24 67
25 -43
26 53
27 91
28 -15
29 7
30 -62
31 -31
32 -88
33 -49
34 39
35 4
36 -71
37 20
38 75
39 -76
40 -53
41 60
42 -94
43 -34
44 -33
45 32
46 -82
47 15
48 -47
49 71
50 -84
51 71
52 -75
53 -93
54 74
55 -64
56 -51
57 -69
58 41
59 78
60 77
61 0
62 -38
63 -31
64 -52
65 13
66 53
67 -26
68 -16
69 18
70 62
71 -68
72 29
73 -17
74 37
75 -99
76 -9
77 34
78 73
79 87
80 -12
81 38
82 -28
83 41
84 -74
85 82
86 14
87 30
88 49
89 -6
90 75
91 89
92 82
93 -10
94 -72
95 98
96 76
97 -98
98 -97
99 -58
100 10
101 -2
102 83
103 41
104 -90
105 -20
106 53
107 -17
108 -15
109 46
110 -48
111 -60
112 19
113 55
114 -76
115 16
116 18
117 2
118 76
119 -45
120 -1
121 80
122 -29
123 89
124 -81
125 40
126 63
127 -32
128 -12
129 -53
130 37
131 81
132 21
133 -28
134 55
135 5
136 -50
137 -97
138 90
139 -60
140 80
141 7
142 82
143 14
144 -91
145 79
146 77
147 -91
148 -80
149 -20
150 -34
151 -1
152 -28
153 11
154 38
155 93
156 4
157 -99
158 -74
159 28
160 53
161 -68
162 -33
163 -19
164 29
165 -28
166 68
167 -78
168 -18
169 -53
170 70
171 -67
172 -14
173 -55
174 -79
175 -95
176 -84
177 -7
178 -67
179 -15
180 86
181 14
182 -44
183 -64
184 -61
185 -28
186 -87
187 78
188 -13
189 91
190 90
191 89
192 -7
193 -41
194 -87
195 -76
196 64
197 66
198 28
199 29
200 -30
201 10
202 -88
203 74
204 85
205 50
206 -91
207 -2
208 -87
209 65
210 31
211 10
212 56
213 21
214 -16
215 23
216 -28
217 -97
218 41
219 98
220 68
221 85
222 -28
223 32
224 -52
225 -28
226 89
227 36
228 50
229 70
230 -59
231 49
232 -53
233 45
234 36
235 4
236 -100
237 89
238 6
239 -60
240 -9
241 100
242 -54
243 -1
244 -50
245 -70
246 5
247 25
248 -69
249 45
250 49
251 46
252 6
253 14
254 -5
255 68
256 -85
257 -37
258 2
259 95
260 -93
261 -80
262 62
263 -95
264 -95
265 52
266 65
267 -70
268 16
269 29
270 -78
271 60
272 -47
273 -32
274 -99
275 2
276 42
277 -23
278 -96
279 -71
280 -7
281 -16
282 -100
283 -20
284 96
285 -24
286 46
287 -26
288 -98
289 -75
290 -45
291 65
292 4
293 -27
294 34
295 -69
296 -83
297 27
298 -53
299 54
300 -64
301 24
302 79
303 -93
304 -57
305 -66
306 61
307 95
308 37
309 21
310 15
311 -32
312 78
313 -22
314 -66
315 6
316 52
317 15
318 24
319 55
320 29
321 88
322 16
323 -86
324 -69
325 -98
326 57
327 -21
328 79
329 -47
330 50
331 55
332 -70
333 75
334 45
335 98
336 -38
337 -50
338 -66
339 68
340 28
341 12
342 82
343 -19
344 96
345 -21
346 -88
347 -32
348 29
349 29
350 -52
351 62
352 -12
353 -65
354 98
355 7
356 -88
357 -9
358 -60
359 -56
360 -4
361 -37
362 -60
363 -42
364 35
365 10
366 54
367 98
368 -95
369 -5
370 43
371 -6
372 58
373 21
374 -22
375 -5
376 65
377 -76
378 75
379 94
380 -91
381 64
382 -30
383 52
384 -31
385 -18
386 3
387 28
388 -88
389 -64
390 -85
391 95
392 72
393 -34
394 72
395 31
396 77
397 76
398 61
399 77
400 57
401 74
402 62
403 -69
404 -45
405 7
406 42
407 -47
408 42
409 59
410 -81
411 -19
412 87
413 -69
414 -15
415 -14
416 -64
417 86
418 36
419 -91
420 68
421 -27
422 -49
423 -41
424 12
425 -19
426 45
427 48
428 56
429 13
430 -36
431 18
432 98
433 23
434 80
435 -9
436 -80
437 22
438 -18
439 -63
440 84
441 -72
442 -72
443 -40
444 -86
445 -14
446 74
447 84
448 -71
449 -47
450 38
451 52
452 -79
453 88
454 54
455 85
456 19
457 -65
458 38
459 -93
460 -89
461 92
462 -29
463 90
464 -85
465 -88
466 -20
467 59
468 -76
469 -21
470 38
471 8
472 -59
473 9
474 -2
475 -60
476 63
477 76
478 72
479 3
480 1
481 -61
482 85
483 -72
484 73
485 75
486 -2
487 91
488 -84
489 35
490 17
491 -37
492 17
493 82
494 34
495 57
496 81
497 -25
498 -67
499 73
500 68
501 -9
502 83
503 49
504 39
505 -26
506 -98
507 48
508 30
509 -57
510 61
511 -41
512 51
513 -39
514 -95
515 99
516 -89
517 -78
518 -3
519 70
520 30
521 -92
522 -30
523 -7
524 15
525 -77
526 -55
527 46
528 -99
529 95
530 29
531 -23
532 84
533 6
534 91
535 -84
536 -24
537 -41
538 40
539 -61
540 -87
541 17
542 20
543 27
544 -75
545 -50
546 11
547 37
548 -61
549 -12
550 40
551 71
552 -6
553 -49
554 -63
555 -81
556 43
557 42
558 47
559 -98
560 -43
561 76
562 -46
563 -100
564 -6
565 -90
566 15
567 23
568 73
569 27
570 -19
571 -6
572 6
573 99
574 88
575 -38
576 -53
577 -67
578 55
579 -64
580 42
581 18
582 -70
583 23
584 -57
585 69
586 -62
587 -66
588 -54
589 -42
590 88
591 82
592 -57
593 -98
594 84
595 61
596 -16
597 13
598 -23
599 10
600 59
601 -17
602 12
603 47
604 87
605 7
606 10
607 -40
608 -49
609 60
610 -27
611 88
612 -9
613 7
614 -86
615 46
616 -8
617 95
618 -54
619 78
620 -61
621 56
622 48
623 48
624 -57
625 -54
626 27
627 45
628 69
629 12
630 -9
631 9
632 -92
633 -42
634 82
635 88
636 59
637 87
638 -47
639 22
640 55
641 -43
642 -88
643 31
644 -44
645 22
646 -3
647 -65
648 -84
649 -81
650 24
651 -47
652 5
653 -55
654 -46
655 -96
656 78
657 32
658 -43
659 2
660 95
661 73
662 -80
663 19
664 -58
665 24
666 -24
667 -89
668 64
669 77
670 76
671 82
672 -75
673 -38
674 -22
675 25
676 -6
677 71
678 39
679 17
680 -16
681 -27
682 -9
683 -93
684 64
685 -55
686 -80
687 38
688 32
689 99
690 79
691 56
692 48
693 -34
694 36
695 19
696 -28
697 -91
698 -6
699 64
700 -43
701 67
702 -47
703 -60
704 94
705 18
706 -89
707 -16
708 -11
709 -10
710 -36
711 78
712 82
713 28
714 96
715 8
716 -20
717 89
718 -36
719 -66
720 -48
721 -51
722 88
723 96
724 -63
725 45
726 20
727 -91
728 -65
729 -85
730 -80
731 -93
732 22
733 17
734 -12
735 -9
736 -88
737 82
738 -10
739 8
740 -77
741 85
742 47
743 -3
744 3
745 -1
746 -53
747 1
748 37
749 -52
750 -37
751 -31
752 -71
753 71
754 -1
755 -46
756 -58
757 100
758 -49
759 -69
760 98
761 18
762 33
763 -62
764 -73
765 75
766 -16
767 75
768 96
769 29
770 77
771 -46
772 2
773 11
774 13
775 -39
776 -89
777 -92
778 -97
779 -92
780 -72
781 -59
782 -24
783 95
784 -93
785 48
786 50
787 -39
788 75
789 9
790 14
791 -64
792 -15
793 -6
794 -62
795 20
796 -10
797 83
798 -92
799 -58
800 71
801 14
802 -6
803 94
804 -82
805 31
806 -33
807 -5
808 58
809 -9
810 89
811 36
812 -25
813 -96
814 -34
815 72
816 61
817 62
818 -5
819 -90
820 -2
821 -37
822 39
823 4
824 83
825 -55
826 -8
827 -5
828 -56
829 -43
830 63
831 83
832 72
833 33
834 -23
835 -47
836 -56
837 -86
838 -30
839 -13
840 -13
841 62
842 39
843 -54
844 92
845 1
846 -53
847 -30
848 59
849 -34
850 62
851 -85
852 39
853 -43
854 56
855 -56
856 84
857 39
858 74
859 -67
860 79
861 -80
862 -17
863 73
864 -18
865 -59
866 93
867 -10
868 -40
869 -76
870 -73
871 -58
872 -78
873 52
874 50
875 63
876 8
877 51
878 70
879 50
880 25
881 13
882 -57
883 36
884 -65
885 36
886 65
887 67
888 -13
889 -27
890 63
891 -2
892 -90
893 58
894 59
895 5
896 -58
897 -67
898 -19
899 85
900 30
901 -46
902 17
903 -87
904 -10
905 -7
906 -59
907 -4
908 -12
909 -65
910 -92
911 11
912 79
913 -13
914 68
915 -95
916 -68
917 73
918 97
919 -25
920 11
921 -70
922 -29
923 -53
924 -4
925 -1
926 24
927 20
928 -45
929 -38
930 51
931 -7
932 -28
933 -53
934 99
935 3
936 -73
937 -24
938 83
939 26
940 -22
941 78
942 -6
943 55
944 68
945 74
946 -30
947 85
948 28
949 35
950 74
951 22
952 37
953 98
954 -77
955 1
956 -84
957 97
958 71
959 62
960 66
961 -56
962 -23
963 -60
964 6
965 26
966 -97
967 -52
968 -87
969 59
970 -97
971 89
972 21
973 58
974 47
975 90
976 -61
977 34
978 29
979 32
980 66
981 50
982 30
983 -84
984 77
985 -71
986 -87
987 45
988 -43
989 -93
990 -29
991 -32
992 -77
993 -69
994 75
995 12
996 12
997 -68
998 67
999 -73
1000 -52
1001 82
1002 -73
1003 -81
1004 5
1005 68
1006 52
1007 -87
1008 53
1009 -72
1010 36
1011 -57
1012 -57
1013 31
1014 25
1015 -64
1016 28
1017 42
1018 -23
1019 71
1020 27
1021 92
1022 -21
1023 60
