0 21
1 26
2 60
3 -38
4 19
5 100
6 -6
7 -88
8 64
9 -60
10 15
11 -89
12 -72
13 51
14 -18
15 16
16 -70
17 26
18 -57
19 -78
20 -5
21 -96
22 73
23 -58
24 -58
25 -10
26 61
27 86
28 54
29 82
30 -100
31 38
32 -13
33 -49
34 -75
35 92
36 64
37 49
38 89
39 18
40 62
41 5
42 -19
43 54
44 41
45 -45
46 -58
47 11
48 77
49 -33
50 -66
51 -19
52 -36
53 9
54 -45
55 -2
56 19
57 -20
58 -62
59 33
60 -25
61 -96
62 -11
63 82
64 33
65 -45
66 -31
67 0
68 92
69 63
70 -8
71 -89
72 10
73 -98
74 -35
75 15
76 35
77 16
78 44
79 -84
80 47
81 71
82 -18
83 35
84 6
85 38
86 -49
87 -49
88 -66
89 -15
90 50
91 -63
92 35
93 45
94 -17
95 10
96 -53
97 7
98 -90
99 69
100 24
101 68
102 26
103 -52
104 83
105 -67
106 53
107 -23
108 89
109 46
110 21
111 -31
112 2
113 43
114 -23
115 -47
116 14
117 -64
118 48
119 42
120 -16
121 -23
122 84
123 -54
124 28
125 -87
126 -76
127 87
128 -82
129 66
130 -11
131 -87
132 -1
133 -53
134 2
135 -78
136 -51
137 -33
138 -90
139 -89
140 66
141 -37
142 -46
143 47
144 -66
145 7
146 -2
147 -81
148 -99
149 63
150 -7
151 92
152 -43
153 -5
154 -7
155 74
156 76
157 81
158 50
159 -1
160 41
161 -83
162 17
163 -4
164 66
165 69
166 -96
167 -21
168 19
169 -42
170 -24
171 67
172 39
173 97
174 51
175 60
176 30
177 61
178 -30
179 -100
180 63
181 76
182 44
183 35
184 -25
185 74
186 -59
187 -22
188 68
189 -17
190 36
191 78
192 22
193 16
194 83
195 -59
196 54
197 64
198 -58
199 -51
200 59
201 57
202 42
203 -14
204 -16
205 54
206 -74
207 18
208 20
209 -67
210 -6
211 29
212 64
213 13
214 -88
215 10
216 91
217 61
218 -23
219 44
220 -27
221 -9
222 -24
223 69
224 -91
225 -3
226 44
227 -35
228 -42
229 92
230 23
231 63
232 20
233 18
234 -51
235 0
236 -58
237 -21
238 88
239 -12
240 51
241 -25
242 42
243 -58
244 -63
245 -52
246 -11
247 -55
248 -65
249 84
250 -57
251 50
252 -56
253 96
254 6
255 54
256 17
257 -57
258 74
259 -66
260 -80
261 36
262 -13
263 22
264 -90
265 36
266 40
267 3
268 43
269 29
270 55
271 79
272 36
273 43
274 89
275 -1
276 -35
277 -50
278 57
279 -50
280 -100
281 -32
282 -60
283 8
284 -14
285 36
286 77
287 93
288 46
289 71
290 82
291 -23
292 98
293 -18
294 -19
295 95
296 -9
297 24
298 68
299 37
300 -32
301 -57
302 6
303 61
304 28
305 -58
306 40
307 -46
308 45
309 6
310 4
311 87
312 26
313 -55
314 53
315 73
316 9
317 20
318 -83
319 42
320 50
321 82
322 -54
323 58
324 2
325 -14
326 54
327 -6
328 -33
329 -53
330 -28
331 96
332 -60
333 -73
334 60
335 -31
336 0
337 -23
338 54
339 -12
340 -71
341 -44
342 -58
343 -37
344 43
345 57
346 36
347 -62
348 -52
349 -52
350 -53
351 -68
352 -9
353 -69
354 44
355 21
356 -41
357 -96
358 -21
359 69
360 73
361 44
362 73
363 -87
364 73
365 29
366 -84
367 -49
368 -54
369 31
370 -39
371 91
372 36
373 -19
374 59
375 -29
376 41
377 11
378 -17
379 45
380 19
381 -83
382 -57
383 90
384 -46
385 -44
386 89
387 -63
388 -82
389 12
390 -84
391 -90
392 82
393 -20
394 -51
395 -18
396 45
397 -26
398 -14
399 16
400 -3
401 -8
402 -97
403 51
404 -91
405 17
406 -6
407 41
408 -52
409 84
410 31
411 43
412 -6
413 51
414 20
415 1
416 71
417 -27
418 -28
419 -12
420 -97
421 72
422 79
423 78
424 93
425 72
426 86
427 85
428 -87
429 -52
430 6
431 24
432 -57
433 65
434 15
435 -42
436 66
437 54
438 -54
439 77
440 -93
441 67
442 5
443 50
444 -94
445 -100
446 -92
447 71
448 44
449 25
450 -97
451 -23
452 -77
453 -15
454 -28
455 -39
456 -64
457 -4
458 19
459 50
460 -11
461 -86
462 -57
463 2
464 23
465 -53
466 -62
467 -37
468 -69
469 59
470 34
471 97
472 -82
473 -76
474 19
475 98
476 -14
477 -31
478 31
479 -53
480 -91
481 -49
482 -8
483 28
484 -47
485 -34
486 63
487 -52
488 -47
489 -57
490 70
491 -69
492 6
493 26
494 -27
495 -95
496 95
497 47
498 -44
499 -58
500 76
501 69
502 57
503 0
504 -38
505 75
506 -2
507 15
508 -66
509 -20
510 -4
511 -55
512 -32
513 12
514 -19
515 90
516 1
517 33
518 43
519 -85
520 62
521 30
522 58
523 81
524 79
525 54
526 89
527 -8
528 44
529 88
530 -23
531 96
532 -31
533 -78
534 51
535 97
536 58
537 -54
538 -78
539 -28
540 25
541 49
542 13
543 -100
544 82
545 -8
546 2
547 -49
548 -59
549 -2
550 -95
551 30
552 -63
553 76
554 -52
555 21
556 41
557 2
558 86
559 9
560 58
561 76
562 50
563 21
564 1
565 -78
566 -26
567 79
568 -58
569 98
570 -48
571 -70
572 67
573 87
574 12
575 -37
576 23
577 -60
578 -20
579 20
580 29
581 89
582 24
583 65
584 32
585 82
586 -24
587 -96
588 -22
589 55
590 9
591 92
592 -5
593 81
594 -43
595 13
596 23
597 64
598 18
599 -35
600 -15
601 -65
602 -6
603 -61
604 -35
605 -37
606 -24
607 31
608 54
609 26
610 -36
611 26
612 -83
613 -54
614 82
615 -79
616 -1
617 96
618 16
619 49
620 60
621 58
622 44
623 -6
624 94
625 13
626 -45
627 9
628 -97
629 -58
630 30
631 92
632 100
633 -94
634 100
635 39
636 29
637 95
638 15
639 12
640 51
641 -20
642 -85
643 85
644 57
645 -49
646 65
647 22
648 74
649 70
650 -7
651 71
652 41
653 -64
654 -35
655 56
656 22
657 -55
658 -65
659 -64
660 30
661 80
662 -13
663 38
664 24
665 -22
666 -75
667 79
668 -81
669 23
670 -47
671 95
672 -55
673 -8
674 89
675 -39
676 94
677 -85
678 -7
679 7
680 -62
681 -92
682 22
683 17
684 -48
685 15
686 -16
687 72
688 45
689 -53
690 -79
691 -74
692 -65
693 30
694 37
695 25
696 56
697 2
698 -68
699 62
700 52
701 -16
702 79
703 -8
704 15
705 19
706 34
707 -67
708 -87
709 -30
710 82
711 14
712 90
713 88
714 75
715 -2
716 0
717 51
718 -55
719 50
720 -15
721 72
722 74
723 7
724 75
725 38
726 -76
727 25
728 -17
729 -77
730 64
731 58
732 40
733 59
734 91
735 71
736 -63
737 -43
738 -62
739 5
740 81
741 25
742 -72
743 46
744 -83
745 -38
746 -3
747 -69
748 -61
749 7
750 92
751 72
752 38
753 35
754 3
755 42
756 -93
757 33
758 12
759 42
760 -43
761 -16
762 -97
763 -28
764 -63
765 12
766 91
767 60
768 -23
769 66
770 13
771 -45
772 66
773 93
774 95
775 -69
776 -90
777 -44
778 38
779 -32
780 68
781 -55
782 -14
783 -38
784 -24
785 39
786 -41
787 -48
788 60
789 15
790 32
791 -4
792 10
793 -44
794 2
795 -94
796 -2
797 13
798 -59
799 -97
800 -29
801 96
802 94
803 54
804 -23
805 -65
806 -27
807 -19
808 -33
809 -63
810 74
811 29
812 74
813 17
814 57
815 91
816 3
817 -22
818 67
819 4
820 -54
821 92
822 -65
823 -84
824 34
825 -16
826 100
827 -98
828 -54
829 64
830 -78
831 60
832 -58
833 77
834 -26
835 86
836 -1
837 20
838 93
839 49
840 -42
841 55
842 -31
843 20
844 -2
845 90
846 50
847 61
848 32
849 -62
850 42
851 -79
852 -69
853 84
854 28
855 36
856 100
857 -11
858 27
859 -2
860 -25
861 -78
862 53
863 80
864 34
865 75
866 19
867 -9
868 -32
869 13
870 -8
871 11
872 29
873 71
874 -47
875 -61
876 -79
877 -97
878 -39
879 -27
880 66
881 27
882 -9
883 -28
884 -53
885 37
886 -85
887 18
888 2
889 -80
890 -64
891 10
892 7
893 79
894 -80
895 -42
896 -30
897 48
898 7
899 -14
900 38
901 62
902 26
903 58
904 -19
905 -81
906 86
907 -22
908 -38
909 90
910 -79
911 84
912 -6
913 67
914 -29
915 -77
916 -50
917 -25
918 -28
919 -90
920 -27
921 -9
922 45
923 13
924 57
925 -6
926 -48
927 -8
928 -5
929 19
930 43
931 -57
932 75
933 47
934 24
935 -11
936 -25
937 26
938 84
939 -67
940 -91
941 -71
942 52
943 -26
944 27
945 27
946 -31
947 52
948 86
949 -95
950 19
951 26
952 45
953 5
954 50
955 11
956 15
957 28
958 -56
959 -20
960 -58
961 45
962 -8
963 100
964 92
965 60
966 85
967 46
968 81
969 -43
970 -65
971 38
972 -14
973 -47
974 -13
975 50
976 -21
977 -25
978 -92
979 -89
980 79
981 -6
982 68
983 -64
984 30
985 -66
986 -87
987 -11
988 12
989 88
990 91
991 -48
992 -44
993 -69
994 -35
995 30
996 9
997 86
998 47
999 -20
1000 -10
1001 -51
1002 -97
1003 23
1004 -6
1005 22
1006 -21
1007 70
1008 -59
1009 -9
1010 14
1011 40
1012 14
1013 -92
1014 -88
1015 -100
1016 -37
1017 98
1018 14
1019 -23
1020 78
1021 21
1022 12
1023 71
