0 -33
1 -50
2 -78
3 79
4 -45
5 -85
6 56
7 7
8 -74
9 86
10 40
11 1
12 -46
13 -22
14 -27
15 18
16 40
17 50
18 3
19 -39
20 -71
21 30
22 -21
23 -90
24 -3
25 47
26 72
27 94
28 -31
29 -86
30 -51
31 -59
32 -86
33 44
34 1
35 26
36 70
37 -83
38 12
39 -3
40 42
41 84
42 7
43 94
44 -15
45 20
46 -16
47 -34
48 87
49 -91
50 -13
51 81
52 3
53 91
54 -31
55 23
56 37
57 83
58 79
59 -67
60 -17
61 -37
62 61
63 -12
64 -9
65 -57
66 -66
67 -41
68 100
69 22
70 -20
71 -96
72 82
73 61
74 -29
75 -73
76 47
77 -12
78 70
79 -40
80 82
81 30
82 -71
83 -23
84 -58
85 74
86 55
87 5
88 -76
89 5
90 -68
91 -69
92 60
93 38
94 63
95 -88
96 51
97 -94
98 92
99 21
100 75
101 34
102 42
103 45
104 -21
105 92
106 -10
107 20
108 7
109 44
110 -55
111 -80
112 -83
113 90
114 67
115 40
116 16
117 -50
118 88
119 -38
120 -74
121 -13
122 -75
123 83
124 -6
125 -76
126 93
127 -26
128 -65
129 -12
130 -17
131 96
132 -71
133 48
134 30
135 -26
136 -13
137 74
138 -14
139 -79
140 -27
141 0
142 -26
143 63
144 20
145 25
146 -88
147 58
148 44
149 -77
150 19
151 36
152 36
153 -24
154 66
155 -20
156 16
157 51
158 -99
159 -56
160 11
161 -73
162 -67
163 90
164 -83
165 -81
166 20
167 61
168 82
169 -93
170 -95
171 72
172 -21
173 61
174 94
175 79
176 -38
177 -54
178 -76
179 65
180 78
181 69
182 -35
183 -72
184 -94
185 -42
186 -94
187 6
188 55
189 9
190 -66
191 -61
192 -94
193 -17
194 40
195 -52
196 -68
197 -63
198 -32
199 41
200 49
201 75
202 78
203 -94
204 65
205 23
206 -62
207 85
208 -19
209 96
210 65
211 97
212 -60
213 51
214 94
215 -45
216 11
217 71
218 -22
219 -69
220 -76
221 -64
222 -44
223 -66
224 54
225 3
226 89
227 -100
228 -43
229 51
230 90
231 95
232 82
233 10
234 -50
235 -87
236 92
237 39
238 46
239 -54
240 85
241 -81
242 -48
243 -22
244 41
245 29
246 98
247 84
248 73
249 -39
250 52
251 15
252 -59
253 -40
254 -33
255 67
256 -96
257 -53
258 76
259 87
260 41
261 -51
262 -4
263 -52
264 -66
265 -46
266 -95
267 -61
268 63
269 -25
270 -79
271 -32
272 -26
273 19
274 -4
275 8
276 49
277 55
278 38
279 5
280 39
281 85
282 -79
283 -26
284 -1
285 -85
286 2
287 45
288 -16
289 70
290 -62
291 -95
292 9
293 -38
294 53
295 83
296 52
297 -20
298 -79
299 -81
300 69
301 95
302 3
303 -96
304 26
305 -54
306 -33
307 2
308 -55
309 71
310 14
311 -16
312 48
313 88
314 81
315 3
316 -31
317 3
318 71
319 -73
320 86
321 8
322 65
323 4
324 -43
325 -24
326 37
327 57
328 -39
329 58
330 -2
331 -77
332 -27
333 -18
334 -26
335 -30
336 -78
337 -5
338 -75
339 -65
340 23
341 56
342 77
343 -89
344 -6
345 -72
346 -84
347 95
348 68
349 63
350 -3
351 57
352 76
353 71
354 13
355 -89
356 62
357 78
358 43
359 69
360 30
361 96
362 -10
363 16
364 41
365 -56
366 63
367 63
368 -36
369 14
370 33
371 -43
372 100
373 100
374 76
375 -39
376 54
377 45
378 98
379 -80
380 -8
381 -20
382 35
383 91
384 55
385 -58
386 45
387 14
388 91
389 -8
390 74
391 40
392 56
393 -90
394 6
395 -78
396 68
397 -98
398 -12
399 96
400 -93
401 70
402 23
403 6
404 -10
405 -56
406 40
407 -91
408 31
409 -83
410 37
411 -61
412 7
413 -93
414 16
415 -89
416 -84
417 73
418 94
419 -59
420 85
421 40
422 -63
423 55
424 44
425 -56
426 34
427 10
428 -29
429 35
430 73
431 -23
432 -24
433 39
434 -62
435 -14
436 72
437 91
438 13
439 64
440 -38
441 2
442 67
443 -34
444 50
445 22
446 25
447 4
448 100
449 -55
450 -55
451 -72
452 -41
453 43
454 -2
455 43
456 -96
457 -98
458 -41
459 5
460 -81
461 56
462 -74
463 -15
464 -53
465 -3
466 49
467 -75
468 88
469 65
470 42
471 -32
472 -10
473 7
474 98
475 78
476 33
477 -57
478 62
479 82
480 91
481 7
482 -86
483 -52
484 -46
485 16
486 30
487 12
488 60
489 -80
490 -24
491 7
492 -84
493 76
494 -8
495 84
496 -76
497 93
498 -77
499 73
500 6
501 62
502 44
503 -83
504 82
505 -25
506 -68
507 9
508 -27
509 -3
510 44
511 67
512 -97
513 24
514 72
515 31
516 19
517 95
518 -1
519 55
520 -25
521 -78
522 5
523 35
524 92
525 -41
526 75
527 0
528 -9
529 -22
530 84
531 -59
532 22
533 6
534 72
535 17
536 84
537 -10
538 68
539 -2
540 -13
541 81
542 64
543 75
544 -59
545 17
546 -6
547 -25
548 44
549 -80
550 -50
551 5
552 30
553 -39
554 78
555 32
556 -49
557 50
558 16
559 85
560 -2
561 47
562 93
563 -4
564 84
565 82
566 65
567 3
568 92
569 -46
570 -6
571 -77
572 50
573 38
574 -68
575 -1
576 46
577 3
578 42
579 -33
580 -8
581 72
582 34
583 43
584 -7
585 -74
586 45
587 64
588 15
589 85
590 90
591 -23
592 -11
593 71
594 94
595 -3
596 34
597 -31
598 -8
599 -51
600 -43
601 4
602 -91
603 17
604 97
605 56
606 -65
607 75
608 19
609 -76
610 -38
611 -82
612 22
613 54
614 2
615 77
616 79
617 55
618 -46
619 -19
620 6
621 -73
622 100
623 76
624 94
625 100
626 -82
627 -93
628 -76
629 -46
630 66
631 -58
632 -41
633 65
634 -97
635 -43
636 30
637 2
638 13
639 -91
640 57
641 -99
642 36
643 -59
644 -13
645 12
646 35
647 58
648 -8
649 -46
650 -71
651 -23
652 -45
653 52
654 7
655 -89
656 87
657 36
658 -34
659 -47
660 96
661 44
662 -37
663 -12
664 -88
665 -76
666 7
667 65
668 47
669 -48
670 25
671 47
672 30
673 90
674 14
675 10
676 73
677 -77
678 -7
679 65
680 -52
681 54
682 -46
683 70
684 -18
685 -87
686 -59
687 46
688 -47
689 -40
690 70
691 -55
692 97
693 -9
694 15
695 6
696 84
697 -15
698 -23
699 71
700 -71
701 -14
702 -47
703 40
704 -52
705 -52
706 -38
707 83
708 66
709 -22
710 -10
711 -64
712 -51
713 69
714 95
715 48
716 18
717 -14
718 -67
719 -90
720 -14
721 51
722 -50
723 17
724 10
725 17
726 33
727 22
728 -77
729 36
730 -34
731 -34
732 52
733 49
734 -9
735 -32
736 -4
737 100
738 -72
739 -68
740 -64
741 91
742 -58
743 -84
744 -66
745 100
746 3
747 45
748 40
749 -23
750 -70
751 37
752 -90
753 -66
754 68
755 27
756 41
757 -82
758 47
759 13
760 -74
761 27
762 56
763 -59
764 50
765 80
766 21
767 69
768 -12
769 -11
770 54
771 68
772 -23
773 -48
774 81
775 -43
776 -3
777 54
778 49
779 27
780 50
781 71
782 21
783 -84
784 -56
785 -5
786 -25
787 71
788 73
789 -53
790 -80
791 64
792 9
793 -52
794 -20
795 84
796 -76
797 -70
798 27
799 -33
800 89
801 5
802 -59
803 61
804 92
805 68
806 -1
807 -69
808 1
809 -46
810 35
811 59
812 -35
813 -81
814 -77
815 79
816 -9
817 -85
818 -57
819 -34
820 -75
821 29
822 -71
823 -31
824 58
825 -57
826 -19
827 -54
828 39
829 77
830 71
831 -42
832 -88
833 -55
834 91
835 22
836 95
837 -43
838 52
839 -54
840 -44
841 16
842 -21
843 91
844 -86
845 -72
846 45
847 0
848 33
849 5
850 36
851 72
852 99
853 -89
854 -35
855 28
856 26
857 17
858 74
859 61
860 6
861 -27
862 34
863 100
864 20
865 47
866 -84
867 12
868 -81
869 67
870 -62
871 -53
872 -52
873 -81
874 69
875 20
876 -39
877 -95
878 -29
879 -9
880 -53
881 -43
882 -49
883 -30
884 7
885 97
886 96
887 16
888 61
889 -35
890 91
891 -20
892 71
893 -50
894 43
895 -76
896 69
897 29
898 11
899 62
900 -91
901 -67
902 -84
903 87
904 -10
905 -29
906 -43
907 66
908 39
909 -67
910 21
911 -47
912 73
913 62
914 -66
915 17
916 69
917 23
918 85
919 48
920 -30
921 -2
922 -38
923 -65
924 -51
925 -62
926 21
927 -21
928 -93
929 -13
930 -91
931 -1
932 -96
933 85
934 13
935 -12
936 59
937 55
938 -8
939 52
940 -75
941 -89
942 -18
943 -72
944 24
945 22
946 -53
947 -99
948 27
949 -8
950 37
951 -93
952 -94
953 -100
954 -59
955 54
956 -63
957 -31
958 -73
959 79
960 38
961 48
962 78
963 29
964 85
965 -51
966 -31
967 -16
968 26
969 -100
970 12
971 4
972 -53
973 93
974 32
975 -42
976 -4
977 -39
978 92
979 18
980 96
981 48
982 -29
983 44
984 99
985 -21
986 -78
987 -54
988 -40
989 -98
990 -10
991 -90
992 59
993 -54
994 98
995 62
996 12
997 13
998 -65
999 79
1000 8
1001 36
1002 -53
1003 -15
1004 -52
1005 -63
1006 -29
1007 -91
1008 48
1009 59
1010 -53
1011 -61
1012 -71
1013 -46
1014 0
1015 -42
1016 71
1017 -53
1018 50
1019 7
1020 -39
1021 -24
1022 -13
1023 -6
