0 -55
1 61
2 73
3 16
4 -72
5 -83
6 -89
7 27
8 66
9 -31
10 63
11 -40
12 -75
13 -78
14 35
15 -11
16 -15
17 -36
18 -49
19 31
20 75
21 -41
22 -45
23 -42
24 12
25 -3
26 6
27 -35
28 64
29 91
30 12
31 -80
32 61
33 29
34 76
35 -87
36 11
37 37
38 -30
39 -80
40 -100
41 -33
42 -80
43 82
44 45
45 -41
46 -86
47 -4
48 -61
49 -14
50 -4
51 90
52 83
53 23
54 80
55 54
56 -37
57 31
58 -45
59 83
60 -34
61 -44
62 -4
63 -34
64 71
65 49
66 -66
67 5
68 2
69 71
70 15
71 -45
72 -3
73 23
74 -39
75 -75
76 51
77 30
78 73
79 50
80 56
81 21
82 72
83 63
84 -12
85 -71
86 -19
87 -1
88 37
89 -88
90 93
91 -55
92 -91
93 40
94 81
95 10
96 13
97 94
98 -60
99 -52
100 67
101 -31
102 50
103 39
104 -29
105 47
106 4
107 -37
108 -94
109 -32
110 -57
111 -32
112 -38
113 21
114 -39
115 -8
116 78
117 -37
118 30
119 -24
120 30
121 -36
122 28
123 -41
124 -9
125 -82
126 49
127 -20
128 -15
129 -73
130 24
131 0
132 -99
133 -60
134 88
135 -81
136 8
137 0
138 87
139 23
140 81
141 -82
142 39
143 22
144 -53
145 -57
146 21
147 -33
148 -90
149 19
150 32
151 17
152 -53
153 89
154 19
155 33
156 -28
157 -78
158 -76
159 65
160 81
161 -87
162 64
163 -50
164 83
165 40
166 -46
167 70
168 60
169 -6
170 -79
171 -99
172 -93
173 -56
174 100
175 -48
176 -68
177 64
178 38
179 -49
180 -55
181 57
182 -57
183 -97
184 81
185 -64
186 34
187 -70
188 47
189 61
190 -22
191 28
192 51
193 60
194 -21
195 -73
196 93
197 -5
198 96
199 49
200 -100
201 93
202 -80
203 74
204 -92
205 33
206 -8
207 -73
208 52
209 39
210 64
211 37
212 33
213 -32
214 72
215 55
216 -47
217 -20
218 16
219 0
220 -88
221 -77
222 12
223 87
224 28
225 -84
226 89
227 47
228 -100
229 -35
230 -69
231 -49
232 89
233 92
234 90
235 -87
236 26
237 77
238 -31
239 21
240 -63
241 86
242 2
243 19
244 -43
245 49
246 -28
247 -43
248 -39
249 22
250 48
251 -75
252 -89
253 6
254 11
255 72
256 100
257 22
258 59
259 80
260 -87
261 3
262 -80
263 53
264 -41
265 94
266 -10
267 25
268 44
269 71
270 -20
271 5
272 -9
273 -28
274 -71
275 -96
276 25
277 -13
278 -21
279 31
280 -80
281 86
282 -55
283 88
284 50
285 86
286 -32
287 -100
288 80
289 -68
290 -55
291 21
292 54
293 17
294 32
295 76
296 -69
297 -100
298 -51
299 -41
300 -20
301 -80
302 -16
303 25
304 48
305 10
306 -55
307 -73
308 75
309 -41
310 73
311 31
312 100
313 -45
314 13
315 -70
316 37
317 -70
318 -16
319 43
320 -100
321 -76
322 -72
323 -99
324 6
325 -24
326 -69
327 31
328 -52
329 80
330 -72
331 -22
332 72
333 68
334 32
335 28
336 -93
337 -13
338 17
339 52
340 59
341 53
342 -30
343 -61
344 -16
345 78
346 79
347 84
348 -97
349 23
350 -89
351 -48
352 -2
353 28
354 -14
355 -79
356 -40
357 75
358 -26
359 75
360 -64
361 -3
362 10
363 -59
364 -28
365 -9
366 26
367 -75
368 22
369 -12
370 -35
371 -48
372 -74
373 -51
374 91
375 -68
376 -75
377 -29
378 -38
379 59
380 16
381 80
382 82
383 15
384 -94
385 -48
386 90
387 43
388 64
389 99
390 -8
391 -6
392 -27
393 69
394 37
395 -66
396 -43
397 36
398 49
399 26
400 -3
401 43
402 65
403 -90
404 -34
405 -92
406 -94
407 59
408 14
409 -52
410 83
411 52
412 98
413 -5
414 -73
415 -18
416 -92
417 -84
418 39
419 88
420 -51
421 15
422 69
423 39
424 77
425 -69
426 -33
427 66
428 14
429 42
430 -35
431 -46
432 24
433 -17
434 91
435 -50
436 63
437 15
438 -6
439 31
440 8
441 60
442 72
443 60
444 -45
445 47
446 -15
447 -8
448 -76
449 -19
450 78
451 29
452 -100
453 73
454 -71
455 -51
456 -8
457 40
458 -23
459 -35
460 -38
461 42
462 30
463 -9
464 -30
465 39
466 12
467 43
468 18
469 47
470 69
471 -77
472 41
473 -58
474 95
475 90
476 88
477 -11
478 -19
479 -28
480 50
481 21
482 -21
483 23
484 -93
485 -100
486 -70
487 -2
488 -84
489 -11
490 14
491 18
492 15
493 56
494 86
495 -6
496 52
497 -52
498 -29
499 71
500 23
501 -81
502 100
503 -100
504 75
505 -36
506 11
507 -81
508 42
509 -10
510 -70
511 29
512 -43
513 22
514 -66
515 -71
516 -33
517 -8
518 65
519 -11
520 81
521 49
522 -29
523 -3
524 75
525 -58
526 63
527 -56
528 -54
529 56
530 -51
531 42
532 -89
533 -14
534 40
535 -55
536 -66
537 -69
538 -8
539 83
540 89
541 8
542 -78
543 16
544 0
545 -75
546 -45
547 24
548 -46
549 -28
550 -82
551 9
552 -1
553 41
554 -53
555 23
556 -100
557 12
558 -50
559 9
560 -32
561 90
562 -80
563 -81
564 -95
565 -96
566 2
567 -45
568 -5
569 7
570 59
571 32
572 -76
573 18
574 7
575 35
576 79
577 -38
578 15
579 22
580 -66
581 -16
582 54
583 -59
584 -57
585 -64
586 -100
587 35
588 -39
589 -49
590 -31
591 -28
592 69
593 12
594 -71
595 46
596 -57
597 80
598 -36
599 69
600 -81
601 -54
602 59
603 10
604 10
605 -41
606 87
607 22
608 86
609 9
610 73
611 64
612 47
613 18
614 -95
615 82
616 98
617 -32
618 96
619 56
620 -11
621 33
622 47
623 57
624 -16
625 30
626 58
627 -100
628 38
629 22
630 54
631 48
632 89
633 -57
634 45
635 28
636 69
637 0
638 -27
639 4
640 -22
641 0
642 70
643 -80
644 22
645 -74
646 -77
647 18
648 -72
649 -52
650 -62
651 -5
652 23
653 12
654 -61
655 33
656 -17
657 -72
658 -13
659 -2
660 15
661 -87
662 10
663 97
664 22
665 -14
666 -30
667 -45
668 94
669 70
670 43
671 28
672 97
673 66
674 91
675 59
676 38
677 -67
678 -19
679 -88
680 39
681 9
682 75
683 44
684 -50
685 -71
686 -1
687 37
688 60
689 94
690 82
691 -53
692 -44
693 8
694 -83
695 -43
696 -12
697 -7
698 -22
699 35
700 72
701 -41
702 67
703 -37
704 -58
705 63
706 -39
707 -27
708 64
709 32
710 96
711 0
712 55
713 -89
714 -74
715 14
716 -65
717 -23
718 30
719 -1
720 -53
721 25
722 72
723 -40
724 47
725 -49
726 36
727 68
728 -24
729 88
730 61
731 -18
732 -87
733 -3
734 50
735 -48
736 29
737 16
738 -38
739 -25
740 98
741 -1
742 72
743 -35
744 -31
745 87
746 90
747 -60
748 74
749 96
750 93
751 -69
752 92
753 90
754 62
755 9
756 -35
757 -95
758 50
759 58
760 28
761 46
762 -75
763 53
764 -61
765 -61
766 -70
767 71
768 -57
769 21
770 -75
771 -22
772 42
773 33
774 -26
775 -6
776 63
777 95
778 85
779 -18
780 -74
781 -50
782 -88
783 33
784 -20
785 -90
786 18
787 -97
788 30
789 42
790 -21
791 15
792 -3
793 -20
794 -30
795 -60
796 -81
797 44
798 -31
799 4
800 32
801 -25
802 -15
803 68
804 -15
805 85
806 -100
807 66
808 62
809 -45
810 89
811 -78
812 -62
813 77
814 80
815 20
816 -60
817 85
818 41
819 -100
820 14
821 -41
822 -57
823 -41
824 32
825 -94
826 56
827 57
828 -99
829 54
830 -73
831 23
832 22
833 -74
834 89
835 6
836 -80
837 -61
838 7
839 71
840 -48
841 19
842 -62
843 73
844 31
845 4
846 97
847 -21
848 43
849 -40
850 -63
851 69
852 -58
853 -92
854 -39
855 87
856 35
857 -60
858 32
859 -53
860 -24
861 75
862 -12
863 83
864 22
865 69
866 -43
867 -53
868 -7
869 -52
870 96
871 59
872 72
873 -96
874 -57
875 -87
876 -37
877 72
878 -43
879 6
880 -57
881 -21
882 -63
883 30
884 93
885 -1
886 -94
887 32
888 45
889 17
890 -3
891 -17
892 67
893 -60
894 86
895 -39
896 -66
897 -98
898 -71
899 45
900 64
901 -86
902 -46
903 -33
904 57
905 -2
906 -34
907 -43
908 70
909 11
910 86
911 23
912 77
913 10
914 72
915 -53
916 -53
917 100
918 15
919 54
920 38
921 19
922 10
923 -8
924 28
925 33
926 55
927 -60
928 -97
929 -33
930 -80
931 -74
932 73
933 -60
934 -4
935 46
936 -81
937 79
938 12
939 25
940 92
941 -62
942 -22
943 14
944 -40
945 -33
946 -22
947 -14
948 96
949 29
950 -34
951 17
952 42
953 -4
954 52
955 -57
956 -44
957 -98
958 64
959 35
960 60
961 86
962 -80
963 -33
964 -99
965 -78
966 80
967 -51
968 -96
969 -40
970 -67
971 -26
972 -24
973 88
974 -65
975 14
976 -4
977 41
978 70
979 2
980 -64
981 -16
982 30
983 46
984 -87
985 -63
986 -41
987 2
988 29
989 -35
990 -52
991 -67
992 54
993 -24
994 6
995 -86
996 -7
997 -52
998 91
999 -91
1000 -13
1001 94
1002 83
1003 -69
1004 49
1005 -99
1006 14
1007 66
1008 -62
1009 -55
1010 23
1011 -96
1012 -19
1013 35
1014 -87
1015 -74
1016 -30
1017 -16
1018 -23
1019 -53
1020 -7
1021 -46
1022 85
1023 49
