0 40
1 20
2 -74
3 -68
4 -56
5 -20
6 -61
7 65
8 -53
9 -30
10 5
11 -76
12 47
13 -11
14 13
15 74
16 -32
17 -13
18 1
19 -74
20 84
21 31
22 -64
23 76
24 59
25 91
26 44
27 -8
28 -19
29 72
30 -14
31 14
32 72
33 -32
34 64
35 41
36 7
37 8
38 -6
39 36
40 -1
41 -96
42 -22
43 -65
44 -22
45 -43
46 54
47 45
48 17
49 11
50 36
51 45
52 39
53 73
54 58
55 -84
56 -73
57 22
58 86
59 100
60 30
61 32
62 -54
63 14
64 45
65 94
66 83
67 64
68 -33
69 -72
70 85
71 39
72 -57
73 -12
74 -38
75 64
76 -22
77 33
78 -4
79 -51
80 43
81 -89
82 -42
83 70
84 33
85 -55
86 4
87 94
88 49
89 14
90 72
91 7
92 44
93 -89
94 14
95 30
96 -32
97 -13
98 93
99 -62
100 -82
101 18
102 -85
103 -75
104 -56
105 -28
106 -49
107 30
108 -59
109 30
110 -22
111 -37
112 4
113 99
114 16
115 -98
116 -44
117 -4
118 0
119 -64
120 -22
121 -18
122 30
123 -89
124 -26
125 52
126 -14
127 -57
128 -52
129 -19
130 38
131 46
132 -16
133 -95
134 -87
135 -78
136 -80
137 60
138 -31
139 44
140 59
141 14
142 26
143 15
144 58
145 86
146 -99
147 0
148 -56
149 4
150 -99
151 17
152 -84
153 -91
154 -61
155 -50
156 -86
157 77
158 -2
159 -39
160 -67
161 -79
162 -71
163 -77
164 57
165 -100
166 33
167 -63
168 -97
169 68
170 -15
171 86
172 77
173 62
174 -19
175 -44
176 -81
177 67
178 22
179 90
180 3
181 -21
182 22
183 -97
184 20
185 24
186 -40
187 87
188 -69
189 -98
190 48
191 -86
192 63
193 13
194 -30
195 84
196 37
197 -56
198 43
199 52
200 -51
201 -21
202 -29
203 -13
204 17
205 -66
206 -88
207 73
208 -53
209 18
210 -2
211 -43
212 23
213 -93
214 61
215 -37
216 -72
217 -91
218 -33
219 -55
220 19
221 0
222 98
223 -24
224 -53
225 98
226 73
227 -19
228 -19
229 -55
230 59
231 -46
232 -42
233 21
234 -47
235 85
236 23
237 -62
238 -62
239 83
240 -25
241 76
242 92
243 -100
244 -4
245 -15
246 55
247 24
248 -96
249 -68
250 98
251 29
252 -74
253 68
254 94
255 51
256 -15
257 19
258 80
259 -75
260 97
261 -99
262 -23
263 24
264 -89
265 74
266 17
267 77
268 35
269 69
270 -86
271 5
272 -52
273 -40
274 38
275 -22
276 -75
277 -58
278 27
279 -36
280 -79
281 15
282 -64
283 98
284 -73
285 11
286 -37
287 -11
288 -32
289 -59
290 -42
291 7
292 58
293 58
294 -19
295 -32
296 -31
297 75
298 63
299 -25
300 86
301 93
302 23
303 -50
304 59
305 -92
306 -3
307 73
308 30
309 96
310 -5
311 6
312 -69
313 69
314 -97
315 4
316 -43
317 43
318 33
319 -53
320 21
321 -55
322 -12
323 -63
324 17
325 30
326 67
327 -100
328 -88
329 -95
330 32
331 -92
332 78
333 -9
334 -55
335 -27
336 40
337 76
338 -45
339 44
340 -37
341 -42
342 43
343 83
344 -24
345 39
346 -19
347 -59
348 -94
349 77
350 -32
351 16
352 -36
353 80
354 69
355 41
356 -77
357 7
358 21
359 0
360 -89
361 -75
362 14
363 49
364 74
365 70
366 -51
367 -78
368 -71
369 94
370 28
371 41
372 -83
373 95
374 -26
375 98
376 15
377 -38
378 39
379 42
380 -41
381 -18
382 -46
383 53
384 -50
385 66
386 5
387 -32
388 -32
389 -78
390 26
391 72
392 11
393 -46
394 38
395 42
396 -20
397 -8
398 -69
399 81
400 -15
401 -50
402 2
403 -52
404 -19
405 87
406 -88
407 -84
408 1
409 -42
410 11
411 -100
412 86
413 -75
414 -30
415 -81
416 90
417 54
418 -84
419 -82
420 26
421 -21
422 27
423 47
424 78
425 -25
426 70
427 80
428 14
429 17
430 77
431 91
432 -90
433 76
434 37
435 -50
436 -61
437 -36
438 78
439 -7
440 -12
441 -91
442 63
443 7
444 -78
445 4
446 -98
447 -61
448 -13
449 78
450 48
451 -36
452 0
453 -5
454 -74
455 -45
456 62
457 59
458 -80
459 -70
460 -34
461 -66
462 16
463 63
464 -54
465 -86
466 -1
467 -94
468 2
469 -94
470 -32
471 35
472 -91
473 99
474 18
475 78
476 32
477 -24
478 -61
479 -4
480 -29
481 -17
482 31
483 -36
484 -80
485 81
486 53
487 49
488 54
489 -82
490 29
491 -59
492 25
493 -65
494 30
495 -40
496 13
497 -100
498 -45
499 0
500 -23
501 -37
502 -63
503 -98
504 -64
505 -3
506 -64
507 88
508 -67
509 -80
510 -59
511 -52
512 -70
513 -28
514 1
515 99
516 69
517 -30
518 34
519 35
520 -41
521 -63
522 61
523 -86
524 -79
525 22
526 6
527 -26
528 -57
529 -57
530 87
531 30
532 12
533 59
534 44
535 -72
536 -40
537 -41
538 34
539 -21
540 -56
541 92
542 -51
543 -16
544 -88
545 9
546 -42
547 -51
548 -51
549 -25
550 -71
551 81
552 -47
553 -81
554 -60
555 24
556 -55
557 -24
558 78
559 -18
560 12
561 100
562 -22
563 -30
564 -77
565 -76
566 97
567 3
568 -47
569 63
570 36
571 -68
572 93
573 -8
574 94
575 -9
576 -78
577 0
578 -74
579 65
580 -64
581 -57
582 4
583 -60
584 -95
585 94
586 65
587 66
588 91
589 -92
590 21
591 41
592 -4
593 -16
594 -1
595 22
596 78
597 -86
598 42
599 50
600 93
601 73
602 77
603 34
604 -9
605 -57
606 73
607 -83
608 -78
609 49
610 -69
611 70
612 44
613 73
614 62
615 -7
616 21
617 50
618 20
619 -6
620 35
621 -95
622 -88
623 26
624 -99
625 -32
626 54
627 70
628 79
629 -100
630 -90
631 -52
632 -70
633 12
634 52
635 -56
636 -88
637 -26
638 -9
639 -62
640 98
641 13
642 -38
643 -4
644 -90
645 54
646 -65
647 69
648 23
649 71
650 -61
651 -18
652 -29
653 -68
654 40
655 -93
656 49
657 -100
658 54
659 -100
660 -89
661 -55
662 77
663 -5
664 -77
665 31
666 -35
667 31
668 -93
669 -28
670 -51
671 12
672 -62
673 13
674 28
675 -66
676 1
677 -61
678 -69
679 -49
680 41
681 58
682 -78
683 -68
684 -92
685 -93
686 7
687 30
688 -55
689 -12
690 -48
691 -90
692 45
693 -34
694 31
695 31
696 50
697 -14
698 84
699 59
700 -88
701 -55
702 -68
703 -34
704 32
705 -40
706 -40
707 -90
708 65
709 96
710 91
711 -4
712 -80
713 29
714 -70
715 13
716 36
717 15
718 73
719 26
720 -39
721 -23
722 80
723 -27
724 45
725 -24
726 62
727 57
728 62
729 69
730 89
731 -57
732 49
733 -40
734 66
735 -77
736 -64
737 40
738 -52
739 1
740 88
741 25
742 -37
743 75
744 -12
745 94
746 82
747 93
748 29
749 55
750 26
751 83
752 95
753 -49
754 1
755 83
756 38
757 -52
758 -22
759 41
760 -7
761 5
762 87
763 -2
764 -94
765 72
766 -100
767 7
768 66
769 -92
770 57
771 30
772 65
773 4
774 -72
775 -78
776 11
777 -27
778 -30
779 59
780 26
781 27
782 77
783 -26
784 11
785 40
786 -96
787 85
788 -95
789 -2
790 14
791 44
792 33
793 -20
794 74
795 -64
796 54
797 -38
798 -56
799 3
800 20
801 89
802 -43
803 -68
804 3
805 6
806 78
807 -2
808 -52
809 -20
810 -49
811 -81
812 -69
813 21
814 -35
815 -28
816 -53
817 67
818 -90
819 -87
820 64
821 -47
822 -13
823 45
824 -25
825 74
826 66
827 44
828 92
829 26
830 -10
831 -77
832 -73
833 -18
834 -34
835 -95
836 -42
837 35
838 23
839 45
840 22
841 -8
842 23
843 -63
844 55
845 20
846 5
847 77
848 -25
849 92
850 100
851 87
852 33
853 6
854 -36
855 30
856 46
857 -42
858 48
859 9
860 80
861 -35
862 -16
863 -30
864 -26
865 17
866 -1
867 73
868 -13
869 85
870 22
871 -53
872 -16
873 77
874 42
875 -83
876 -38
877 0
878 6
879 47
880 -4
881 68
882 -82
883 30
884 1
885 -76
886 26
887 78
888 -66
889 55
890 57
891 84
892 -78
893 -89
894 -39
895 -8
896 -3
897 -8
898 75
899 77
900 -23
901 -28
902 28
903 -83
904 51
905 16
906 -17
907 -99
908 -4
909 85
910 -41
911 -52
912 13
913 -10
914 -87
915 91
916 -59
917 -35
918 98
919 45
920 58
921 81
922 27
923 -57
924 -16
925 -45
926 -32
927 16
928 -61
929 73
930 -24
931 41
932 -73
933 -19
934 23
935 -93
936 -71
937 -97
938 -6
939 -8
940 -29
941 10
942 16
943 -92
944 -33
945 -77
946 -53
947 -56
948 -23
949 -33
950 -89
951 -13
952 79
953 59
954 -57
955 -40
956 -72
957 67
958 -30
959 -93
960 53
961 -32
962 -81
963 -73
964 67
965 -86
966 -66
967 -20
968 -59
969 -35
970 97
971 -83
972 -19
973 34
974 -26
975 -99
976 -48
977 -3
978 -69
979 83
980 -9
981 -76
982 0
983 -37
984 53
985 0
986 12
987 50
988 52
989 74
990 46
991 -22
992 23
993 74
994 46
995 85
996 0
997 3
998 51
999 -53
1000 3
1001 69
1002 -42
1003 65
1004 -64
1005 31
1006 30
1007 -26
1008 31
1009 8
1010 -67
1011 -100
1012 -36
1013 -49
1014 -39
1015 98
1016 48
1017 -33
1018 25
1019 -58
1020 93
1021 -47
1022 -52
1023 -41
