0 17
1 20
2 77
3 80
4 -42
5 -80
6 19
7 41
8 90
9 31
10 -13
11 -77
12 32
13 -9
14 50
15 -16
16 24
17 -86
18 57
19 43
20 70
21 30
22 -70
23 -22
24 -35
25 88
26 -90
27 -69
28 45
29 -88
30 -4
31 86
32 -39
33 31
34 -9
35 2
36 -43
37 -97
38 -47
39 36
40 -54
41 79
42 -90
43 88
44 -52
45 -28
46 21
47 8
48 -13
49 -50
50 37
51 30
52 99
53 -3
54 -17
55 32
56 89
57 8
58 -80
59 52
60 9
61 0
62 -63
63 6
64 -4
65 97
66 76
67 -11
68 42
69 26
70 -23
71 -90
72 -75
73 -59
74 77
75 -89
76 92
77 -42
78 -40
79 31
80 76
81 78
82 -20
83 81
84 58
85 44
86 -58
87 -41
88 -60
89 -23
90 -68
91 62
92 -93
93 29
94 3
95 66
96 66
97 93
98 48
99 -22
100 -52
101 -92
102 74
103 80
104 16
105 23
106 74
107 -82
108 -75
109 58
110 -35
111 15
112 -2
113 -68
114 9
115 -80
116 2
117 61
118 11
119 -38
120 77
121 13
122 -36
123 -1
124 -55
125 80
126 -73
127 -94
128 17
129 71
130 88
131 85
132 59
133 -36
134 89
135 -30
136 -59
137 30
138 -20
139 -49
140 49
141 84
142 -47
143 -95
144 -45
145 -6
146 26
147 13
148 -77
149 -68
150 56
151 -88
152 52
153 25
154 -41
155 -67
156 -98
157 21
158 100
159 12
160 -90
161 87
162 -20
163 -28
164 80
165 29
166 -21
167 48
168 62
169 -22
170 -65
171 -87
172 31
173 68
174 62
175 -46
176 51
177 -57
178 -66
179 -73
180 -21
181 -31
182 -48
183 73
184 -83
185 93
186 4
187 56
188 13
189 14
190 -94
191 -77
192 54
193 60
194 53
195 -37
196 -31
197 32
198 81
199 47
200 35
201 42
202 43
203 -69
204 -15
205 51
206 -61
207 6
208 -56
209 -81
210 -98
211 -8
212 20
213 -50
214 -9
215 82
216 -50
217 -12
218 -71
219 60
220 -23
221 68
222 -45
223 -9
224 -33
225 41
226 -40
227 6
228 15
229 -92
230 28
231 -27
232 -62
233 19
234 -24
235 -100
236 98
237 -30
238 -74
239 83
240 -41
241 -16
242 -27
243 -19
244 -80
245 19
246 25
247 1
248 -87
249 -2
250 -79
251 46
252 24
253 -30
254 66
255 81
256 35
257 -6
258 -41
259 -52
260 44
261 -69
262 -37
263 -37
264 -80
265 21
266 70
267 -7
268 82
269 46
270 -25
271 29
272 74
273 6
274 -52
275 85
276 -82
277 59
278 -48
279 40
280 -4
281 -33
282 0
283 -86
284 -47
285 47
286 94
287 36
288 -42
289 -19
290 -44
291 96
292 -26
293 -42
294 -18
295 52
296 34
297 -61
298 -70
299 24
300 -9
301 -21
302 67
303 17
304 -24
305 16
306 97
307 36
308 -68
309 52
310 -29
311 4
312 -7
313 34
314 -57
315 43
316 -87
317 -83
318 -11
319 88
320 -100
321 -54
322 -99
323 99
324 31
325 -35
326 5
327 48
328 90
329 -38
330 -70
331 -47
332 36
333 -42
334 0
335 -38
336 -18
337 -22
338 -65
339 -13
340 -1
341 38
342 85
343 73
344 -44
345 -49
346 -88
347 -67
348 -61
349 84
350 44
351 -95
352 -65
353 -59
354 -78
355 50
356 -28
357 -51
358 -8
359 -63
360 -86
361 -3
362 -15
363 -88
364 36
365 76
366 84
367 26
368 -74
369 28
370 63
371 -83
372 23
373 -44
374 31
375 -38
376 75
377 -76
378 28
379 -11
380 25
381 -44
382 -51
383 -48
384 -70
385 -64
386 -12
387 8
388 50
389 57
390 67
391 -53
392 89
393 -82
394 5
395 25
396 60
397 -12
398 52
399 -32
400 9
401 -10
402 13
403 67
404 82
405 -39
406 -27
407 -65
408 -37
409 78
410 5
411 9
412 -29
413 -8
414 2
415 -20
416 42
417 83
418 63
419 91
420 -99
421 -76
422 24
423 78
424 94
425 -85
426 -2
427 -73
428 57
429 70
430 82
431 -78
432 -59
433 -68
434 -48
435 81
436 48
437 12
438 79
439 87
440 -32
441 -35
442 18
443 35
444 36
445 -53
446 26
447 -99
448 1
449 73
450 -56
451 -61
452 -33
453 17
454 -16
455 -43
456 39
457 -95
458 13
459 -98
460 -74
461 28
462 -88
463 15
464 94
465 55
466 -54
467 -16
468 -98
469 -29
470 -45
471 30
472 -17
473 71
474 -56
475 -99
476 77
477 -73
478 -96
479 -12
480 3
481 2
482 79
483 -43
484 46
485 -48
486 -6
487 -57
488 -90
489 -11
490 -30
491 14
492 -85
493 29
494 74
495 39
496 -65
497 -13
498 16
499 -89
500 -39
501 -80
502 -23
503 -99
504 27
505 71
506 13
507 -73
508 80
509 27
510 25
511 51
512 -15
513 64
514 45
515 -66
516 35
517 39
518 45
519 0
520 -92
521 95
522 -15
523 -85
524 29
525 -43
526 -100
527 36
528 -83
529 50
530 -49
531 -48
532 32
533 48
534 1
535 -90
536 -30
537 -7
538 -5
539 -1
540 -82
541 -29
542 -12
543 -72
544 -21
545 -12
546 45
547 88
548 65
549 -60
550 40
551 16
552 -89
553 -10
554 76
555 -92
556 -9
557 76
558 6
559 -48
560 -47
561 25
562 25
563 16
564 -11
565 -33
566 81
567 99
568 38
569 -63
570 -64
571 61
572 -96
573 -97
574 45
575 29
576 -70
577 -56
578 2
579 -22
580 -94
581 77
582 68
583 -97
584 -95
585 65
586 50
587 -82
588 24
589 70
590 -71
591 -26
592 -66
593 -82
594 39
595 63
596 -40
597 -13
598 42
599 37
600 22
601 61
602 -25
603 78
604 67
605 -9
606 97
607 19
608 96
609 -19
610 -40
611 49
612 85
613 -86
614 93
615 -14
616 -66
617 36
618 53
619 62
620 88
621 21
622 -63
623 44
624 90
625 41
626 -19
627 -50
628 77
629 -29
630 -58
631 71
632 -17
633 3
634 -74
635 18
636 7
637 -93
638 -38
639 -39
640 -71
641 -80
642 -78
643 -43
644 56
645 -48
646 64
647 -89
648 -80
649 13
650 77
651 76
652 -11
653 -38
654 -5
655 -65
656 -35
657 -59
658 34
659 -22
660 63
661 -31
662 91
663 39
664 43
665 -43
666 -82
667 -38
668 -43
669 75
670 13
671 -8
672 -6
673 27
674 8
675 -26
676 65
677 58
678 -97
679 -71
680 9
681 -32
682 -59
683 83
684 56
685 77
686 -7
687 -96
688 -38
689 39
690 28
691 -78
692 -41
693 98
694 -64
695 -84
696 -12
697 83
698 -65
699 -13
700 -73
701 -34
702 -15
703 11
704 -12
705 -14
706 37
707 -33
708 -48
709 -2
710 -4
711 30
712 -29
713 -52
714 6
715 35
716 -18
717 80
718 -3
719 -32
720 92
721 -52
722 22
723 55
724 20
725 -43
726 -48
727 3
728 83
729 18
730 43
731 46
732 -40
733 -8
734 -68
735 87
736 -48
737 53
738 54
739 68
740 -89
741 -99
742 -50
743 5
744 23
745 -42
746 -43
747 -41
748 13
749 -24
750 -16
751 75
752 -54
753 -72
754 92
755 -76
756 -73
757 -100
758 29
759 60
760 -82
761 54
762 -26
763 -13
764 83
765 10
766 47
767 -34
768 68
769 31
770 -74
771 -19
772 -26
773 -43
774 97
775 41
776 -34
777 6
778 54
779 62
780 -11
781 49
782 51
783 -95
784 -26
785 -91
786 -87
787 26
788 1
789 15
790 27
791 28
792 -22
793 -36
794 86
795 -89
796 1
797 -7
798 -53
799 66
800 -40
801 19
802 38
803 -71
804 52
805 -99
806 64
807 -37
808 -41
809 -77
810 81
811 55
812 -73
813 59
814 -20
815 -65
816 94
817 -67
818 -66
819 -92
820 73
821 -11
822 -86
823 -3
824 47
825 0
826 -90
827 39
828 25
829 -14
830 53
831 50
832 -40
833 7
834 36
835 11
836 86
837 82
838 -95
839 94
840 -8
841 99
842 -66
843 -97
844 81
845 81
846 52
847 60
848 81
849 -56
850 -30
851 -95
852 -75
853 -76
854 -33
855 60
856 -81
857 -19
858 97
859 99
860 -22
861 92
862 -1
863 -3
864 -16
865 -67
866 21
867 -3
868 -92
869 83
870 -96
871 -35
872 -18
873 49
874 8
875 -3
876 83
877 -100
878 61
879 90
880 15
881 95
882 -34
883 86
884 48
885 90
886 -52
887 37
888 97
889 -24
890 -17
891 -63
892 -24
893 -32
894 -68
895 88
896 -87
897 58
898 89
899 -100
900 45
901 -4
902 74
903 18
904 -20
905 -89
906 -36
907 -9
908 17
909 -31
910 -89
911 -98
912 5
913 -94
914 93
915 23
916 -53
917 -90
918 50
919 7
920 69
921 15
922 44
923 37
924 -95
925 79
926 -91
927 -72
928 79
929 -31
930 -13
931 26
932 51
933 49
934 -28
935 -87
936 8
937 -66
938 19
939 -37
940 75
941 -51
942 -92
943 91
944 -33
945 -58
946 -87
947 14
948 -79
949 -6
950 -44
951 -55
952 9
953 -61
954 -40
955 -16
956 -32
957 -12
958 90
959 -75
960 -46
961 87
962 54
963 86
964 -43
965 -23
966 -88
967 48
968 87
969 28
970 34
971 69
972 -32
973 -55
974 17
975 -77
976 24
977 -11
978 49
979 75
980 50
981 32
982 -45
983 -12
984 -41
985 8
986 57
987 51
988 14
989 65
990 9
991 45
992 -23
993 -56
994 -36
995 100
996 67
997 69
998 51
999 4
1000 -38
1001 -50
1002 23
1003 -2
1004 21
1005 -98
1006 81
1007 -25
1008 -26
1009 -98
1010 -54
1011 84
1012 -18
1013 8
1014 -73
1015 -74
1016 49
1017 79
1018 -64
1019 -78
1020 -24
1021 87
1022 4
1023 -59
