0 29
1 74
2 57
3 44
4 37
5 -31
6 23
7 58
8 -98
9 39
10 38
11 -55
12 -52
13 -71
14 -15
15 -91
16 68
17 76
18 -24
19 -15
20 88
21 -33
22 -62
23 4
24 69
25 -18
26 -80
27 52
28 -41
29 89
30 44
31 90
32 -22
33 24
34 43
35 -66
36 83
37 96
38 -77
39 -97
40 -13
41 15
42 53
43 65
44 -12
45 -17
46 54
47 -85
48 30
49 81
50 73
51 -35
52 -48
53 -71
54 -38
55 -29
56 45
57 -66
58 -25
59 -37
60 90
61 84
62 -49
63 78
64 -95
65 45
66 -52
67 47
68 -96
69 77
70 20
71 -60
72 -38
73 -59
74 -86
75 33
76 17
77 39
78 78
79 -79
80 83
81 -10
82 49
83 -71
84 85
85 27
86 72
87 46
88 14
89 -28
90 23
91 56
92 7
93 -33
94 -59
95 76
96 20
97 -43
98 26
99 -36
100 -65
101 -46
102 73
103 -26
104 34
105 28
106 79
107 -34
108 -89
109 -80
110 98
111 10
112 55
113 -54
114 23
115 -48
116 -66
117 -82
118 85
119 -43
120 -61
121 -96
122 10
123 58
124 -56
125 58
126 0
127 -60
128 -89
129 -23
130 55
131 -43
132 28
133 91
134 -10
135 66
136 1
137 79
138 42
139 13
140 23
141 -27
142 -37
143 -18
144 44
145 100
146 -58
147 -69
148 28
149 71
150 92
151 26
152 -23
153 -97
154 90
155 -85
156 -84
157 -69
158 56
159 37
160 82
161 -40
162 23
163 -68
164 69
165 -53
166 67
167 94
168 59
169 66
170 55
171 59
172 -10
173 39
174 70
175 -42
176 92
177 19
178 -8
179 90
180 8
181 31
182 -35
183 -97
184 -80
185 0
186 38
187 -59
188 1
189 6
190 -46
191 84
192 75
193 96
194 34
195 34
196 69
197 -4
198 81
199 -98
200 86
201 29
202 19
203 -62
204 -28
205 82
206 72
207 -24
208 61
209 -95
210 57
211 78
212 -89
213 9
214 25
215 -30
216 -51
217 -70
218 -65
219 26
220 -57
221 -91
222 84
223 89
224 12
225 84
226 -94
227 19
228 -14
229 -63
230 -99
231 39
232 85
233 28
234 -95
235 -72
236 26
237 -86
238 -47
239 9
240 -53
241 -83
242 18
243 81
244 -5
245 -5
246 -42
247 89
248 -24
249 32
250 92
251 -90
252 -95
253 -33
254 -47
255 -96
256 -29
257 82
258 -38
259 33
260 -58
261 -16
262 37
263 -48
264 -2
265 40
266 85
267 55
268 -13
269 3
270 -40
271 49
272 -81
273 -36
274 -55
275 97
276 97
277 36
278 -99
279 41
280 94
281 29
282 8
283 91
284 18
285 -42
286 51
287 64
288 50
289 -99
290 17
291 78
292 -91
293 -7
294 -1
295 75
296 63
297 58
298 -27
299 69
300 -66
301 68
302 -56
303 51
304 8
305 -59
306 28
307 65
308 -79
309 81
310 -93
311 76
312 76
313 74
314 33
315 41
316 40
317 91
318 22
319 46
320 90
321 74
322 86
323 66
324 82
325 -88
326 -47
327 -72
328 -41
329 79
330 33
331 78
332 87
333 13
334 73
335 7
336 65
337 90
338 -23
339 17
340 75
341 25
342 39
343 13
344 -64
345 40
346 -91
347 45
348 67
349 -77
350 72
351 -14
352 35
353 -78
354 20
355 -80
356 51
357 61
358 83
359 -26
360 29
361 25
362 79
363 -11
364 -23
365 -63
366 89
367 99
368 -77
369 11
370 76
371 -24
372 75
373 98
374 87
375 -75
376 84
377 36
378 -63
379 -41
380 -37
381 22
382 -46
383 80
384 63
385 -31
386 -98
387 29
388 -94
389 59
390 -22
391 64
392 -25
393 -77
394 -49
395 61
396 -60
397 -92
398 -61
399 -86
400 45
401 -14
402 -87
403 4
404 -21
405 52
406 85
407 89
408 10
409 52
410 52
411 6
412 1
413 -54
414 45
415 83
416 -87
417 -22
418 -7
419 -72
420 -59
421 87
422 47
423 -42
424 -15
425 38
426 40
427 26
428 -9
429 8
430 10
431 -40
432 9
433 42
434 56
435 -3
436 56
437 -23
438 26
439 71
440 29
441 22
442 37
443 -79
444 80
445 29
446 70
447 78
448 46
449 50
450 -36
451 4
452 -52
453 87
454 39
455 -76
456 3
457 -1
458 -78
459 34
460 23
461 -21
462 -31
463 94
464 -65
465 85
466 -48
467 -100
468 -7
469 -31
470 -79
471 -42
472 -31
473 19
474 -23
475 82
476 -75
477 -67
478 71
479 -78
480 33
481 -20
482 -67
483 67
484 74
485 -95
486 -44
487 -87
488 -46
489 61
490 20
491 -26
492 -81
493 -53
494 -87
495 17
496 -29
497 14
498 98
499 80
500 33
501 17
502 72
503 80
504 -27
505 32
506 79
507 70
508 6
509 67
510 46
511 -36
512 -48
513 -26
514 19
515 100
516 67
517 -92
518 15
519 -4
520 -73
521 -6
522 -27
523 -60
524 48
525 24
526 -93
527 41
528 58
529 -94
530 -5
531 -7
532 86
533 -8
534 -40
535 -70
536 43
537 -33
538 55
539 -49
540 38
541 -45
542 16
543 62
544 75
545 36
546 92
547 77
548 5
549 4
550 -20
551 -57
552 -8
553 94
554 95
555 -41
556 -33
557 -19
558 24
559 -23
560 -39
561 73
562 -13
563 96
564 -84
565 -62
566 -1
567 -89
568 0
569 47
570 97
571 -4
572 52
573 -12
574 -33
575 -59
576 60
577 87
578 34
579 37
580 33
581 35
582 84
583 94
584 -52
585 82
586 -61
587 18
588 99
589 8
590 -29
591 42
592 -40
593 24
594 -49
595 -75
596 30
597 53
598 43
599 20
600 -90
601 58
602 -90
603 82
604 -34
605 -29
606 69
607 61
608 -63
609 -38
610 -65
611 48
612 12
613 -82
614 34
615 -64
616 -9
617 75
618 48
619 54
620 62
621 1
622 -27
623 -47
624 -44
625 92
626 90
627 -53
628 81
629 25
630 -93
631 -67
632 -64
633 27
634 53
635 79
636 -76
637 53
638 30
639 -53
640 5
641 -19
642 -50
643 -87
644 46
645 30
646 68
647 -55
648 -57
649 -56
650 -38
651 -23
652 -6
653 -15
654 53
655 -98
656 -88
657 40
658 92
659 69
660 28
661 37
662 73
663 60
664 -27
665 -8
666 -30
667 -58
668 31
669 12
670 81
671 -76
672 71
673 71
674 94
675 -36
676 85
677 7
678 6
679 55
680 9
681 45
682 93
683 -71
684 83
685 -12
686 -79
687 -79
688 -42
689 92
690 42
691 -38
692 95
693 40
694 -33
695 44
696 -94
697 32
698 6
699 -34
700 21
701 -75
702 -34
703 -10
704 -94
705 1
706 15
707 58
708 -24
709 16
710 14
711 44
712 -62
713 -54
714 32
715 98
716 71
717 13
718 100
719 -2
720 92
721 -38
722 62
723 -8
724 -41
725 22
726 40
727 81
728 71
729 77
730 68
731 5
732 -70
733 92
734 42
735 22
736 39
737 97
738 2
739 -52
740 -18
741 6
742 -35
743 76
744 64
745 69
746 41
747 75
748 -78
749 15
750 -36
751 -98
752 -59
753 -16
754 -43
755 2
756 95
757 -69
758 0
759 0
760 0
761 71
762 -90
763 19
764 -83
765 7
766 34
767 -54
768 4
769 -45
770 22
771 -23
772 -88
773 -78
774 82
775 5
776 -79
777 -79
778 55
779 -22
780 13
781 -97
782 -2
783 -29
784 93
785 2
786 99
787 -7
788 35
789 -69
790 44
791 19
792 20
793 42
794 28
795 -12
796 -32
797 -63
798 65
799 -88
800 34
801 7
802 75
803 81
804 44
805 -12
806 58
807 -42
808 20
809 90
810 -88
811 -54
812 12
813 -7
814 84
815 55
816 32
817 62
818 -3
819 -79
820 -5
821 -79
822 54
823 -90
824 -19
825 52
826 -20
827 -96
828 -80
829 85
830 -83
831 -59
832 -9
833 43
834 74
835 43
836 23
837 -24
838 88
839 60
840 -96
841 26
842 48
843 -56
844 -9
845 15
846 -80
847 71
848 63
849 81
850 81
851 36
852 -81
853 -99
854 99
855 -19
856 -38
857 34
858 58
859 -43
860 -36
861 41
862 -19
863 -30
864 -98
865 6
866 61
867 -86
868 -35
869 83
870 -78
871 -88
872 17
873 -15
874 -3
875 -64
876 27
877 48
878 -11
879 -5
880 92
881 19
882 44
883 77
884 53
885 70
886 63
887 54
888 8
889 69
890 32
891 -31
892 -11
893 91
894 35
895 75
896 22
897 16
898 -14
899 57
900 65
901 85
902 -59
903 -51
904 4
905 86
906 -31
907 1
908 -65
909 78
910 64
911 -54
912 -79
913 13
914 -89
915 -15
916 7
917 56
918 70
919 -6
920 38
921 -100
922 -4
923 0
924 -15
925 70
926 -83
927 -59
928 76
929 -8
930 25
931 92
932 -12
933 -77
934 87
935 91
936 -71
937 59
938 8
939 -4
940 25
941 24
942 6
943 29
944 38
945 -80
946 41
947 38
948 77
949 16
950 -61
951 -5
952 -6
953 -38
954 -45
955 -84
956 -68
957 36
958 69
959 -82
960 -53
961 -54
962 -79
963 57
964 -53
965 -97
966 -10
967 79
968 -43
969 74
970 -78
971 71
972 -69
973 -15
974 -25
975 40
976 27
977 48
978 36
979 -4
980 -74
981 56
982 -6
983 99
984 69
985 9
986 -51
987 68
988 86
989 -56
990 -85
991 -69
992 17
993 15
994 -58
995 54
996 33
997 11
998 62
999 -66
1000 23
1001 0
1002 -2
1003 -88
1004 79
1005 -100
1006 -97
1007 -36
1008 -48
1009 -15
1010 -75
1011 61
1012 -15
1013 -96
1014 -5
1015 -96
1016 17
1017 10
1018 41
1019 -20
1020 -40
1021 56
1022 62
1023 -67
