0 65
1 33
2 -61
3 62
4 26
5 45
6 -78
7 -90
8 11
9 90
10 -12
11 47
12 75
13 2
14 -29
15 29
16 -18
17 -6
18 91
19 -75
20 -72
21 -69
22 -17
23 88
24 84
25 60
26 -64
27 -20
28 65
29 -81
30 -67
31 89
32 -15
33 63
34 -82
35 -19
36 -84
37 -11
38 -67
39 -93
40 73
41 29
42 -97
43 -85
44 12
45 2
46 43
47 40
48 3
49 -23
50 58
51 22
52 -78
53 44
54 -77
55 -65
56 18
57 -2
58 -74
59 -50
60 -3
61 -98
62 3
63 -61
64 -44
65 -28
66 12
67 14
68 -23
69 -69
70 -84
71 -71
72 11
73 60
74 -53
75 -57
76 -100
77 81
78 -60
79 -36
80 45
81 79
82 67
83 78
84 -7
85 47
86 -74
87 40
88 46
89 -96
90 -97
91 57
92 99
93 -23
94 -74
95 -79
96 -73
97 7
98 -40
99 -6
100 -42
101 41
102 98
103 -99
104 -88
105 63
106 87
107 28
108 -91
109 -96
110 28
111 -81
112 85
113 62
114 -89
115 24
116 -75
117 80
118 17
119 79
120 58
121 -50
122 -9
123 64
124 41
125 -93
126 50
127 93
128 17
129 -90
130 -78
131 28
132 60
133 -76
134 -50
135 -99
136 57
137 -43
138 89
139 -100
140 98
141 90
142 -75
143 -38
144 -96
145 94
146 -9
147 88
148 -62
149 -37
150 -25
151 81
152 -72
153 -95
154 62
155 -97
156 -88
157 21
158 97
159 -29
160 -72
161 -82
162 -91
163 -76
164 -84
165 32
166 4
167 -12
168 -71
169 -87
170 -44
171 68
172 -24
173 -63
174 -61
175 -19
176 -29
177 -83
178 66
179 0
180 41
181 72
182 -8
183 -91
184 -94
185 76
186 47
187 96
188 81
189 -85
190 81
191 -51
192 65
193 -22
194 27
195 25
196 75
197 -25
198 89
199 -76
200 -77
201 1
202 -59
203 71
204 -13
205 64
206 100
207 59
208 2
209 95
210 50
211 -85
212 93
213 93
214 -22
215 51
216 89
217 15
218 -2
219 58
220 -39
221 22
222 68
223 77
224 78
225 77
226 -93
227 92
228 60
229 86
230 -84
231 87
232 97
233 -13
234 -71
235 14
236 68
237 -87
238 1
239 -70
240 32
241 46
242 80
243 -83
244 -46
245 -72
246 -43
247 -66
248 -96
249 67
250 65
251 -59
252 33
253 42
254 50
255 -6
256 -66
257 -36
258 -71
259 14
260 62
261 96
262 67
263 82
264 -73
265 2
266 43
267 -35
268 -68
269 -84
270 65
271 -85
272 32
273 81
274 -24
275 -76
276 14
277 -82
278 -39
279 -41
280 -59
281 5
282 -80
283 -65
284 62
285 92
286 -100
287 -100
288 8
289 16
290 77
291 59
292 52
293 70
294 -27
295 -39
296 71
297 16
298 36
299 23
300 -10
301 -43
302 -3
303 -6
304 -1
305 28
306 -52
307 -82
308 -93
309 -64
310 12
311 -43
312 -96
313 -8
314 69
315 77
316 72
317 98
318 6
319 82
320 97
321 -55
322 -62
323 94
324 -83
325 -81
326 5
327 -42
328 -55
329 36
330 -1
331 50
332 -72
333 -98
334 30
335 23
336 -59
337 16
338 58
339 -95
340 11
341 -28
342 54
343 -10
344 -50
345 83
346 52
347 78
348 35
349 -41
350 78
351 -94
352 78
353 7
354 39
355 84
356 77
357 -36
358 -23
359 95
360 -62
361 29
362 -70
363 -6
364 78
365 -44
366 5
367 -38
368 -38
369 96
370 -92
371 47
372 24
373 2
374 -70
375 -13
376 79
377 -47
378 -71
379 -87
380 -38
381 25
382 76
383 41
384 -12
385 -17
386 70
387 -80
388 89
389 30
390 -33
391 -40
392 -43
393 55
394 -13
395 -48
396 -61
397 39
398 25
399 -91
400 -40
401 77
402 -13
403 -15
404 -15
405 74
406 20
407 4
408 77
409 70
410 -90
411 -86
412 64
413 78
414 -68
415 98
416 -68
417 15
418 25
419 -97
420 58
421 -15
422 -84
423 34
424 -42
425 -11
426 34
427 75
428 -73
429 -20
430 52
431 89
432 5
433 -45
434 57
435 -62
436 21
437 55
438 19
439 83
440 -57
441 -35
442 -72
443 -19
444 82
445 52
446 -30
447 76
448 -29
449 -60
450 -21
451 -70
452 -70
453 -95
454 61
455 -100
456 10
457 -14
458 -70
459 -83
460 17
461 -49
462 -65
463 91
464 70
465 88
466 86
467 -5
468 -41
469 -58
470 -83
471 -69
472 -40
473 -100
474 -4
475 81
476 34
477 -46
478 -89
479 -69
480 -4
481 -14
482 -59
483 82
484 -20
485 68
486 66
487 67
488 -79
489 -46
490 47
491 20
492 38
493 41
494 23
495 75
496 -69
497 -28
498 69
499 -34
500 -22
501 -47
502 -74
503 -78
504 -98
505 -86
506 64
507 97
508 -21
509 -24
510 -47
511 -77
512 -68
513 81
514 62
515 -7
516 -71
517 77
518 -72
519 -11
520 80
521 -25
522 -56
523 28
524 93
525 82
526 35
527 -33
528 -90
529 76
530 -7
531 54
532 -98
533 16
534 -9
535 58
536 -46
537 -33
538 5
539 77
540 40
541 47
542 27
543 81
544 -61
545 28
546 -71
547 -30
548 59
549 -99
550 92
551 3
552 -89
553 -60
554 58
555 10
556 -99
557 -83
558 49
559 64
560 79
561 83
562 98
563 -45
564 -11
565 60
566 -91
567 -48
568 69
569 -47
570 -3
571 2
572 5
573 -52
574 45
575 -4
576 86
577 -40
578 7
579 -93
580 28
581 64
582 -50
583 84
584 40
585 -73
586 -72
587 -80
588 28
589 -35
590 -26
591 -100
592 13
593 -80
594 -36
595 -7
596 -78
597 -1
598 9
599 -2
600 -32
601 -1
602 -22
603 -79
604 21
605 23
606 29
607 40
608 8
609 -51
610 -16
611 54
612 -60
613 98
614 74
615 9
616 -45
617 28
618 58
619 24
620 -46
621 -56
622 -27
623 -20
624 84
625 42
626 -43
627 -38
628 -47
629 97
630 -62
631 58
632 -30
633 -32
634 36
635 70
636 21
637 -55
638 97
639 -56
640 -85
641 -79
642 98
643 31
644 36
645 62
646 80
647 -65
648 37
649 3
650 3
651 -92
652 42
653 63
654 59
655 2
656 -87
657 85
658 -33
659 -27
660 -77
661 57
662 -3
663 50
664 92
665 32
666 -83
667 50
668 62
669 18
670 -66
671 23
672 75
673 75
674 -8
675 23
676 -84
677 50
678 11
679 -98
680 -41
681 26
682 -82
683 69
684 -79
685 -66
686 -73
687 -69
688 -31
689 -31
690 10
691 73
692 81
693 -97
694 22
695 -75
696 -74
697 -48
698 -23
699 71
700 -19
701 -60
702 5
703 -21
704 -71
705 -9
706 6
707 69
708 45
709 -94
710 -41
711 -23
712 13
713 -57
714 -97
715 -23
716 65
717 93
718 -74
719 43
720 94
721 -14
722 3
723 -3
724 2
725 57
726 35
727 50
728 -7
729 -56
730 -97
731 -23
732 57
733 -7
734 66
735 94
736 67
737 82
738 80
739 8
740 51
741 78
742 -59
743 23
744 37
745 2
746 92
747 -90
748 -65
749 26
750 30
751 -2
752 31
753 30
754 50
755 51
756 76
757 -78
758 71
759 -66
760 -12
761 83
762 -37
763 66
764 -79
765 -5
766 -37
767 -80
768 -25
769 -71
770 -12
771 100
772 -16
773 -24
774 74
775 36
776 -96
777 51
778 -96
779 78
780 -75
781 -79
782 -15
783 -79
784 -10
785 16
786 -86
787 97
788 -13
789 -79
790 -18
791 87
792 -51
793 -54
794 72
795 -53
796 6
797 87
798 56
799 31
800 43
801 93
802 36
803 -26
804 -19
805 -21
806 -13
807 81
808 67
809 -93
810 -23
811 -12
812 -86
813 1
814 -22
815 -93
816 -48
817 68
818 -94
819 1
820 -96
821 18
822 72
823 -28
824 -64
825 80
826 83
827 -71
828 -88
829 33
830 10
831 -98
832 -66
833 73
834 33
835 41
836 -64
837 -83
838 63
839 -26
840 -66
841 30
842 -55
843 -15
844 75
845 85
846 55
847 -75
848 86
849 -37
850 35
851 -57
852 82
853 68
854 -83
855 -65
856 15
857 -12
858 -84
859 -26
860 -28
861 73
862 -49
863 -71
864 3
865 82
866 53
867 -52
868 -11
869 90
870 -39
871 93
872 -49
873 -44
874 -58
875 -95
876 -100
877 56
878 53
879 -84
880 51
881 -56
882 -93
883 -35
884 21
885 -54
886 -56
887 -94
888 -85
889 91
890 61
891 66
892 -47
893 -88
894 -95
895 -22
896 76
897 -50
898 -29
899 -2
900 8
901 -14
902 95
903 -38
904 1
905 -98
906 92
907 57
908 47
909 -19
910 65
911 85
912 -82
913 74
914 78
915 -62
916 25
917 -12
918 -14
919 -96
920 -65
921 14
922 -97
923 56
924 -40
925 -79
926 27
927 -91
928 -10
929 -97
930 -20
931 -82
932 -26
933 97
934 61
935 62
936 -42
937 -10
938 -7
939 90
940 14
941 1
942 -58
943 50
944 7
945 -40
946 -92
947 58
948 41
949 -56
950 24
951 -94
952 64
953 -97
954 -26
955 -60
956 19
957 63
958 32
959 -97
960 -58
961 24
962 -98
963 -14
964 81
965 47
966 16
967 90
968 45
969 100
970 -78
971 83
972 -22
973 80
974 52
975 -76
976 53
977 -3
978 -46
979 78
980 -66
981 68
982 89
983 14
984 79
985 -54
986 89
987 -11
988 5
989 77
990 49
991 8
992 -70
993 -42
994 -60
995 -32
996 -54
997 -53
998 23
999 -66
1000 8
1001 35
1002 -17
1003 47
1004 19
1005 -64
1006 -83
1007 61
1008 28
1009 -86
1010 31
1011 -20
1012 88
1013 -14
1014 87
1015 77
1016 75
1017 -93
1018 68
1019 -19
1020 15
1021 97
1022 -38
1023 100
