0 2
1 -30
2 -15
3 96
4 48
5 -3
6 48
7 65
8 -94
9 -73
10 94
11 -48
12 -21
13 73
14 -78
15 -20
16 -23
17 -83
18 -20
19 85
20 -99
21 -5
22 -14
23 -16
24 10
25 -9
26 8
27 85
28 81
29 56
30 22
31 -2
32 -33
33 -75
34 -29
35 -68
36 12
37 54
38 -29
39 81
40 -17
41 -57
42 -81
43 -75
44 0
45 74
46 18
47 11
48 61
49 -71
50 -94
51 95
52 41
53 -89
54 -93
55 33
56 -48
57 -94
58 48
59 -40
60 -53
61 -47
62 -42
63 89
64 -70
65 30
66 74
67 -41
68 85
69 -98
70 45
71 46
72 -55
73 44
74 52
75 -72
76 69
77 60
78 -82
79 32
80 -31
81 69
82 -37
83 -29
84 -43
85 59
86 -4
87 -32
88 -4
89 55
90 -6
91 11
92 -63
93 60
94 32
95 24
96 37
97 86
98 77
99 -64
100 -40
101 62
102 20
103 30
104 27
105 -32
106 -47
107 92
108 74
109 8
110 -70
111 91
112 34
113 84
114 82
115 -87
116 94
117 -29
118 71
119 -72
120 -58
121 9
122 37
123 16
124 -72
125 -35
126 82
127 -14
128 -74
129 -48
130 -55
131 6
132 44
133 -85
134 62
135 -25
136 -34
137 -6
138 -87
139 45
140 91
141 -87
142 10
143 -30
144 -61
145 -86
146 57
147 76
148 88
149 36
150 100
151 28
152 95
153 24
154 80
155 37
156 42
157 -67
158 -77
159 -89
160 35
161 37
162 -6
163 42
164 37
165 -80
166 -12
167 40
168 77
169 85
170 -89
171 -72
172 -76
173 79
174 -65
175 49
176 37
177 91
178 66
179 79
180 54
181 19
182 -34
183 -6
184 8
185 -71
186 -69
187 -70
188 100
189 -51
190 -87
191 80
192 -44
193 31
194 -11
195 77
196 -76
197 -24
198 73
199 -67
200 48
201 67
202 68
203 69
204 35
205 82
206 -98
207 2
208 -99
209 -28
210 -59
211 29
212 -25
213 -15
214 59
215 76
216 -11
217 21
218 -94
219 48
220 55
221 -58
222 -2
223 -15
224 26
225 65
226 99
227 -86
228 -26
229 -16
230 -100
231 -97
232 -38
233 55
234 -4
235 -31
236 -47
237 5
238 82
239 50
240 43
241 -21
242 82
243 -12
244 96
245 -69
246 -22
247 -2
248 -93
249 -85
250 57
251 -22
252 94
253 76
254 -14
255 100
256 12
257 48
258 32
259 18
260 -7
261 -7
262 31
263 -41
264 52
265 70
266 98
267 -25
268 -5
269 29
270 30
271 28
272 -36
273 51
274 -64
275 25
276 1
277 -67
278 55
279 87
280 -51
281 -80
282 7
283 91
284 -79
285 49
286 -8
287 2
288 -50
289 89
290 -12
291 -8
292 -8
293 47
294 -16
295 -60
296 50
297 -82
298 77
299 42
300 -21
301 89
302 -18
303 12
304 73
305 -13
306 22
307 31
308 -74
309 -64
310 -27
311 4
312 99
313 -54
314 -4
315 -30
316 18
317 -31
318 -92
319 -24
320 -19
321 -46
322 -92
323 -34
324 -19
325 -34
326 34
327 -61
328 12
329 95
330 49
331 -81
332 70
333 23
334 56
335 61
336 -63
337 1
338 57
339 -76
340 -14
341 -30
342 4
343 22
344 15
345 53
346 -75
347 -95
348 60
349 -71
350 34
351 -21
352 38
353 18
354 46
355 -42
356 62
357 35
358 -78
359 14
360 -41
361 98
362 -98
363 -6
364 -59
365 46
366 -16
367 93
368 -76
369 43
370 100
371 90
372 41
373 71
374 92
375 95
376 25
377 -9
378 -46
379 -41
380 -79
381 -52
382 7
383 94
384 56
385 36
386 -63
387 -44
388 49
389 15
390 65
391 -55
392 61
393 46
394 -55
395 84
396 58
397 35
398 72
399 -98
400 -18
401 -18
402 -87
403 -91
404 -98
405 99
406 17
407 0
408 -22
409 -22
410 18
411 89
412 -85
413 86
414 -80
415 84
416 11
417 27
418 -86
419 42
420 -70
421 -2
422 -22
423 91
424 70
425 9
426 -80
427 7
428 -50
429 -72
430 54
431 94
432 -64
433 89
434 -4
435 17
436 -67
437 -26
438 82
439 91
440 -86
441 51
442 -18
443 83
444 -98
445 87
446 -79
447 -61
448 2
449 -2
450 -59
451 91
452 -8
453 78
454 42
455 -18
456 78
457 -17
458 6
459 -3
460 -58
461 -50
462 62
463 -27
464 -59
465 97
466 11
467 -31
468 28
469 52
470 75
471 75
472 61
473 -35
474 -90
475 -24
476 90
477 -22
478 -88
479 -8
480 83
481 88
482 -39
483 -49
484 31
485 4
486 -64
487 -36
488 -70
489 -71
490 -96
491 -14
492 -13
493 23
494 58
495 -6
496 68
497 17
498 93
499 11
500 -96
501 -30
502 -40
503 -56
504 -2
505 -11
506 1
507 -92
508 7
509 -90
510 -95
511 60
512 36
513 -12
514 57
515 19
516 2
517 -34
518 41
519 62
520 -79
521 37
522 -63
523 -2
524 -23
525 -39
526 -87
527 -45
528 -36
529 -65
530 -67
531 -95
532 -15
533 27
534 -12
535 -26
536 55
537 -64
538 90
539 49
540 73
541 79
542 -49
543 -36
544 -2
545 87
546 -43
547 -75
548 -100
549 -95
550 22
551 87
552 72
553 -56
554 -6
555 53
556 -43
557 -44
558 -79
559 95
560 -41
561 -59
562 22
563 -83
564 7
565 -62
566 -74
567 -71
568 41
569 -8
570 -84
571 -47
572 -77
573 -68
574 -30
575 70
576 44
577 4
578 49
579 -23
580 24
581 -19
582 -75
583 87
584 -53
585 72
586 83
587 52
588 -10
589 -87
590 -83
591 -18
592 63
593 29
594 51
595 44
596 57
597 65
598 -14
599 67
600 -42
601 79
602 -17
603 76
604 60
605 31
606 72
607 79
608 -78
609 -57
610 5
611 53
612 93
613 -45
614 -42
615 21
616 -95
617 59
618 16
619 50
620 93
621 85
622 55
623 75
624 -51
625 92
626 -79
627 62
628 -59
629 -47
630 11
631 -82
632 -91
633 -67
634 67
635 -48
636 -34
637 63
638 85
639 9
640 -52
641 60
642 -92
643 -30
644 16
645 -32
646 70
647 -28
648 17
649 88
650 48
651 3
652 -85
653 72
654 69
655 -85
656 -67
657 -73
658 8
659 -39
660 -24
661 43
662 44
663 20
664 4
665 7
666 -41
667 -76
668 -58
669 -9
670 97
671 21
672 -27
673 70
674 -67
675 -15
676 86
677 95
678 -37
679 -83
680 82
681 29
682 -47
683 -60
684 89
685 -14
686 40
687 59
688 -56
689 8
690 -73
691 25
692 67
693 -22
694 -91
695 -7
696 10
697 -78
698 -81
699 -93
700 -40
701 24
702 93
703 -48
704 -1
705 42
706 -79
707 -85
708 -71
709 46
710 78
711 -89
712 38
713 81
714 -49
715 91
716 -93
717 -11
718 53
719 91
720 68
721 5
722 66
723 -45
724 -76
725 -76
726 11
727 -53
728 -54
729 17
730 -8
731 -23
732 -60
733 38
734 28
735 87
736 -83
737 72
738 20
739 62
740 -31
741 -63
742 -27
743 25
744 -90
745 -19
746 34
747 -29
748 -11
749 67
750 -75
751 -7
752 81
753 -96
754 84
755 -89
756 -41
757 9
758 29
759 -36
760 -100
761 82
762 -13
763 -35
764 18
765 -3
766 31
767 -74
768 -90
769 -4
770 15
771 -55
772 40
773 -86
774 -52
775 -68
776 59
777 83
778 -43
779 90
780 -87
781 32
782 61
783 -45
784 -30
785 -48
786 91
787 40
788 34
789 72
790 -68
791 85
792 89
793 -45
794 -21
795 3
796 -98
797 66
798 9
799 -55
800 1
801 -72
802 49
803 30
804 78
805 -73
806 59
807 73
808 58
809 -87
810 56
811 23
812 40
813 13
814 32
815 -74
816 24
817 -20
818 51
819 -49
820 50
821 -84
822 46
823 -78
824 -99
825 15
826 -100
827 93
828 3
829 22
830 34
831 -1
832 89
833 -82
834 34
835 -100
836 85
837 100
838 0
839 82
840 25
841 -35
842 -90
843 -1
844 39
845 -14
846 72
847 69
848 51
849 -26
850 -58
851 15
852 -20
853 -31
854 -30
855 2
856 -27
857 -59
858 -54
859 9
860 100
861 40
862 -8
863 81
864 90
865 -34
866 -6
867 77
868 -78
869 -96
870 -33
871 90
872 -13
873 -31
874 68
875 -57
876 -53
877 -44
878 94
879 2
880 92
881 65
882 -87
883 28
884 45
885 10
886 -35
887 78
888 48
889 -34
890 -51
891 -4
892 -78
893 34
894 67
895 -70
896 68
897 19
898 39
899 32
900 1
901 -64
902 41
903 8
904 74
905 -9
906 81
907 -44
908 75
909 -12
910 -41
911 -99
912 -14
913 -50
914 43
915 -36
916 -26
917 81
918 62
919 70
920 -12
921 89
922 -58
923 -88
924 -99
925 81
926 33
927 64
928 4
929 3
930 -66
931 -17
932 72
933 19
934 -8
935 73
936 -91
937 92
938 -79
939 36
940 30
941 62
942 2
943 -18
944 59
945 -98
946 42
947 -19
948 -8
949 -18
950 -77
951 25
952 -31
953 -43
954 -17
955 29
956 59
957 44
958 -88
959 -83
960 -100
961 -22
962 32
963 -97
964 60
965 5
966 16
967 75
968 24
969 -29
970 -20
971 13
972 75
973 -70
974 48
975 -2
976 -76
977 61
978 67
979 -79
980 -70
981 26
982 -85
983 -10
984 76
985 -18
986 -42
987 55
988 -60
989 -35
990 58
991 38
992 98
993 -16
994 -37
995 -94
996 13
997 47
998 -51
999 60
1000 -20
1001 -42
1002 71
1003 -24
1004 50
1005 -79
1006 -92
1007 17
1008 -50
1009 88
1010 -75
1011 -28
1012 90
1013 -40
1014 -18
1015 -17
1016 -22
1017 89
1018 21
1019 -78
1020 -72
1021 -98
1022 47
1023 94
