0 -64
1 28
2 -56
3 -29
4 -67
5 -99
6 57
7 40
8 -24
9 42
10 44
11 -66
12 84
13 8
14 72
15 -22
16 -28
17 -81
18 49
19 -60
20 68
21 41
22 21
23 8
24 -49
25 66
26 -30
27 -72
28 72
29 -76
30 -79
31 22
32 44
33 -69
34 83
35 2
36 85
37 58
38 48
39 -84
40 17
41 60
42 69
43 66
44 -12
45 -30
46 89
47 72
48 4
49 -79
50 9
51 11
52 16
53 -40
54 29
55 31
56 -59
57 -43
58 -100
59 88
60 5
61 67
62 -39
63 -86
64 -82
65 -38
66 62
67 -10
68 -25
69 -91
70 59
71 -7
72 -4
73 28
74 -58
75 -99
76 78
77 -74
78 -40
79 -90
80 48
81 28
82 -21
83 36
84 -12
85 69
86 71
87 -80
88 95
89 90
90 30
91 3
92 -100
93 63
94 58
95 25
96 84
97 -18
98 20
99 -3
100 92
101 84
102 -53
103 -97
104 -57
105 70
106 77
107 65
108 84
109 -75
110 -70
111 80
112 25
113 45
114 81
115 -98
116 78
117 40
118 -64
119 -95
120 38
121 50
122 -85
123 -98
124 -3
125 68
126 -83
127 -71
128 33
129 -70
130 49
131 19
132 -63
133 -13
134 10
135 -60
136 -29
137 91
138 -48
139 -13
140 -52
141 29
142 17
143 95
144 -22
145 14
146 -27
147 -74
148 47
149 34
150 -41
151 -50
152 66
153 -29
154 25
155 6
156 49
157 -53
158 -61
159 28
160 25
161 -88
162 -99
163 -20
164 57
165 -23
166 1
167 31
168 -59
169 -28
170 -89
171 -96
172 86
173 -44
174 33
175 53
176 -11
177 4
178 -89
179 27
180 -14
181 37
182 -51
183 -99
184 -77
185 54
186 -48
187 -27
188 77
189 -12
190 99
191 48
192 59
193 64
194 -67
195 16
196 91
197 77
198 -65
199 82
200 -25
201 19
202 -75
203 28
204 -47
205 94
206 65
207 74
208 -65
209 81
210 76
211 -47
212 63
213 -70
214 -98
215 -1
216 -9
217 48
218 -74
219 71
220 -38
221 -75
222 -16
223 6
224 -66
225 -73
226 -7
227 63
228 -54
229 -65
230 42
231 -57
232 -33
233 72
234 -5
235 100
236 85
237 27
238 -6
239 -83
240 6
241 -67
242 -29
243 91
244 -29
245 -39
246 39
247 -8
248 -59
249 -95
250 88
251 -82
252 13
253 21
254 -55
255 -11
256 16
257 -49
258 37
259 23
260 41
261 -32
262 -19
263 -59
264 86
265 91
266 87
267 -94
268 4
269 -64
270 15
271 95
272 -47
273 -59
274 -87
275 -40
276 52
277 60
278 -85
279 76
280 79
281 -18
282 35
283 -36
284 -21
285 3
286 77
287 -86
288 -85
289 -80
290 3
291 74
292 -82
293 -76
294 14
295 -26
296 -15
297 15
298 -17
299 -43
300 -36
301 91
302 -98
303 34
304 -7
305 57
306 10
307 -24
308 -94
309 29
310 73
311 -18
312 22
313 14
314 66
315 -42
316 -65
317 88
318 84
319 83
320 78
321 65
322 -76
323 12
324 90
325 -1
326 -89
327 15
328 37
329 91
330 -39
331 41
332 -71
333 -28
334 44
335 -41
336 -21
337 -90
338 -4
339 -60
340 -85
341 84
342 16
343 -99
344 -76
345 74
346 -35
347 -92
348 42
349 -64
350 4
351 -45
352 86
353 4
354 -41
355 55
356 58
357 36
358 -64
359 16
360 -79
361 -27
362 52
363 -21
364 79
365 -73
366 82
367 24
368 47
369 -74
370 78
371 -15
372 -63
373 49
374 86
375 97
376 -11
377 45
378 78
379 74
380 -16
381 -39
382 -60
383 93
384 -10
385 -60
386 -5
387 74
388 -85
389 -4
390 -5
391 37
392 99
393 -77
394 -54
395 54
396 -77
397 -19
398 -56
399 -55
400 62
401 -82
402 -68
403 -65
404 38
405 15
406 42
407 72
408 12
409 -94
410 18
411 6
412 8
413 -64
414 61
415 -27
416 -84
417 -14
418 -30
419 78
420 -93
421 -41
422 -70
423 15
424 -98
425 -9
426 52
427 62
428 -19
429 -79
430 -14
431 49
432 70
433 70
434 64
435 7
436 -42
437 -44
438 -25
439 9
440 80
441 -48
442 -95
443 0
444 73
445 -55
446 36
447 -22
448 -35
449 -36
450 -95
451 -11
452 63
453 73
454 2
455 84
456 24
457 38
458 -99
459 -89
460 11
461 -28
462 62
463 -96
464 -71
465 -9
466 -73
467 37
468 3
469 -95
470 8
471 14
472 88
473 -61
474 22
475 -8
476 99
477 -19
478 -85
479 -52
480 51
481 20
482 -97
483 36
484 -46
485 48
486 -60
487 12
488 -84
489 -11
490 -90
491 2
492 -36
493 -9
494 69
495 70
496 89
497 24
498 -75
499 21
500 -83
501 97
502 29
503 -13
504 -50
505 -59
506 -4
507 -35
508 -25
509 98
510 98
511 -7
512 -50
513 23
514 29
515 71
516 27
517 -56
518 71
519 -84
520 54
521 72
522 86
523 -60
524 -62
525 68
526 29
527 -14
528 64
529 24
530 23
531 -38
532 50
533 -87
534 -78
535 -35
536 -7
537 -42
538 -44
539 -25
540 71
541 8
542 70
543 -62
544 -76
545 -36
546 18
547 -94
548 -56
549 8
550 70
551 -56
552 96
553 53
554 -34
555 -80
556 9
557 67
558 -99
559 -43
560 69
561 81
562 39
563 -31
564 77
565 2
566 22
567 25
568 -69
569 -26
570 -37
571 77
572 -81
573 55
574 -92
575 74
576 -63
577 74
578 61
579 46
580 93
581 -24
582 43
583 -73
584 -38
585 38
586 31
587 70
588 33
589 68
590 -1
591 69
592 6
593 -15
594 -24
595 3
596 59
597 96
598 -31
599 -61
600 31
601 -78
602 62
603 92
604 83
605 12
606 69
607 -95
608 57
609 -68
610 -51
611 90
612 55
613 -58
614 71
615 28
616 27
617 -41
618 48
619 -92
620 52
621 2
622 -99
623 82
624 34
625 -61
626 87
627 -5
628 -62
629 50
630 -66
631 39
632 -36
633 49
634 -2
635 -5
636 -96
637 -46
638 -39
639 46
640 -53
641 81
642 -38
643 -2
644 -57
645 89
646 -49
647 96
648 73
649 31
650 -30
651 1
652 26
653 -22
654 -29
655 58
656 35
657 -36
658 -92
659 15
660 87
661 -4
662 49
663 -29
664 -10
665 46
666 33
667 -92
668 89
669 -58
670 -82
671 -64
672 63
673 -63
674 4
675 -67
676 53
677 -17
678 -36
679 22
680 99
681 -38
682 72
683 -59
684 13
685 -59
686 31
687 14
688 -3
689 -70
690 -45
691 50
692 16
693 -2
694 100
695 54
696 -47
697 -99
698 72
699 -24
700 14
701 -18
702 30
703 57
704 7
705 -77
706 12
707 -40
708 57
709 -61
710 31
711 -66
712 40
713 -78
714 27
715 50
716 -22
717 45
718 -61
719 -19
720 44
721 0
722 61
723 38
724 25
725 67
726 0
727 -31
728 -53
729 -84
730 69
731 -54
732 -56
733 -6
734 -86
735 -19
736 12
737 -40
738 31
739 -25
740 61
741 27
742 -27
743 48
744 14
745 17
746 64
747 25
748 9
749 0
750 53
751 65
752 87
753 -23
754 35
755 43
756 84
757 -28
758 -14
759 57
760 33
761 -10
762 12
763 65
764 15
765 76
766 -55
767 87
768 -21
769 -21
770 -62
771 99
772 16
773 -2
774 -25
775 -32
776 -4
777 -66
778 -26
779 90
780 -60
781 19
782 64
783 -41
784 59
785 -45
786 -97
787 94
788 -4
789 -97
790 15
791 -27
792 42
793 -11
794 -76
795 21
796 57
797 -96
798 -69
799 -35
800 87
801 -93
802 -9
803 85
804 -40
805 -21
806 -23
807 -1
808 -37
809 6
810 9
811 -75
812 21
813 56
814 -2
815 -65
816 26
817 -19
818 -82
819 55
820 -48
821 52
822 -53
823 -55
824 22
825 33
826 35
827 83
828 20
829 -15
830 -14
831 -23
832 76
833 -71
834 -64
835 79
836 -32
837 -88
838 -71
839 4
840 90
841 97
842 -86
843 51
844 -90
845 -11
846 93
847 44
848 -6
849 88
850 87
851 -53
852 72
853 32
854 57
855 -86
856 -12
857 -47
858 31
859 13
860 -46
861 -71
862 71
863 -53
864 -66
865 85
866 -60
867 -79
868 -40
869 -51
870 2
871 -94
872 94
873 93
874 -14
875 64
876 63
877 44
878 4
879 -55
880 -4
881 10
882 -62
883 -87
884 -92
885 -100
886 78
887 -97
888 -54
889 -49
890 -14
891 58
892 62
893 -72
894 -64
895 -68
896 -21
897 -69
898 -47
899 15
900 -99
901 -11
902 -41
903 99
904 73
905 66
906 -54
907 84
908 -55
909 46
910 -41
911 74
912 -50
913 90
914 66
915 -43
916 33
917 15
918 -44
919 75
920 49
921 -65
922 64
923 -58
924 -55
925 59
926 0
927 -31
928 22
929 -81
930 87
931 -1
932 -82
933 48
934 -63
935 -81
936 -4
937 54
938 -96
939 -43
940 -97
941 -13
942 34
943 27
944 -70
945 7
946 -96
947 36
948 6
949 -86
950 -90
951 -50
952 -41
953 -100
954 7
955 -36
956 -12
957 -74
958 -92
959 -64
960 -70
961 55
962 -9
963 93
964 -66
965 -2
966 12
967 100
968 54
969 96
970 23
971 20
972 62
973 4
974 -65
975 -100
976 -42
977 -56
978 26
979 40
980 -30
981 -10
982 82
983 48
984 87
985 -47
986 -21
987 -91
988 -85
989 8
990 -69
991 1
992 84
993 74
994 47
995 -57
996 7
997 -64
998 -62
999 80
1000 -38
1001 -47
1002 58
1003 -89
1004 -81
1005 -38
1006 12
1007 -77
1008 -30
1009 -96
1010 -24
1011 46
1012 -4
1013 -37
1014 8
1015 -45
1016 82
1017 -62
1018 -59
1019 84
1020 34
1021 -6
1022 22
1023 81
