0 -100
1 -54
2 37
3 -92
4 18
5 -12
6 31
7 3
8 -82
9 31
10 -77
11 34
12 9
13 48
14 100
15 9
16 71
17 -93
18 90
19 -16
20 -50
21 66
22 -8
23 14
24 -42
25 -58
26 96
27 -70
28 -93
29 5
30 28
31 76
32 51
33 -8
34 -62
35 9
36 91
37 69
38 -51
39 -34
40 -6
41 -40
42 18
43 93
44 -76
45 -86
46 15
47 -79
48 7
49 -74
50 62
51 67
52 -68
53 -62
54 -18
55 -43
56 -1
57 -58
58 -95
59 -69
60 -35
61 -77
62 -30
63 13
64 22
65 97
66 -27
67 40
68 -100
69 13
70 -73
71 -80
72 -88
73 54
74 70
75 75
76 -36
77 68
78 -93
79 47
80 -60
81 8
82 40
83 62
84 -85
85 40
86 18
87 98
88 -83
89 -40
90 -89
91 92
92 89
93 -8
94 -76
95 85
96 -63
97 87
98 51
99 -10
100 -82
101 -31
102 -49
103 -72
104 86
105 -96
106 38
107 69
108 31
109 25
110 -64
111 -14
112 -10
113 72
114 -13
115 46
116 6
117 -10
118 86
119 12
120 -52
121 91
122 84
123 56
124 70
125 20
126 -62
127 32
128 -54
129 -71
130 -53
131 50
132 -11
133 -24
134 41
135 39
136 36
137 4
138 47
139 0
140 -50
141 -68
142 72
143 -26
144 35
145 -99
146 65
147 12
148 95
149 96
150 -53
151 -28
152 48
153 40
154 -26
155 2
156 -12
157 -86
158 -45
159 38
160 -96
161 0
162 -82
163 -46
164 -25
165 16
166 42
167 -36
168 47
169 -4
170 -15
171 -29
172 63
173 -10
174 -89
175 -63
176 94
177 38
178 79
179 -37
180 91
181 71
182 90
183 94
184 -86
185 44
186 -92
187 65
188 26
189 -95
190 16
191 -58
192 -7
193 89
194 -10
195 -67
196 -7
197 84
198 49
199 78
200 60
201 45
202 -83
203 -13
204 -47
205 -97
206 84
207 48
208 -44
209 -32
210 26
211 -37
212 85
213 -2
214 -68
215 83
216 -10
217 -29
218 -11
219 -10
220 80
221 -75
222 -57
223 34
224 14
225 -21
226 -79
227 -25
228 -40
229 65
230 -73
231 87
232 88
233 -67
234 96
235 -2
236 -13
237 74
238 -19
239 75
240 -11
241 -96
242 -48
243 -2
244 2
245 13
246 -34
247 94
248 29
249 -16
250 35
251 27
252 4
253 -73
254 78
255 -39
256 -9
257 1
258 -48
259 -52
260 72
261 13
262 92
263 62
264 8
265 -96
266 -86
267 -35
268 -14
269 -16
270 -11
271 58
272 -70
273 93
274 -79
275 13
276 79
277 -15
278 100
279 -72
280 14
281 25
282 -53
283 -29
284 -29
285 98
286 -93
287 36
288 72
289 -89
290 16
291 76
292 87
293 -33
294 81
295 86
296 -75
297 85
298 -87
299 0
300 -56
301 -42
302 31
303 -97
304 98
305 65
306 18
307 29
308 -2
309 91
310 -52
311 -8
312 -71
313 -86
314 51
315 -75
316 -71
317 5
318 -71
319 -74
320 -3
321 81
322 98
323 33
324 78
325 -46
326 33
327 41
328 98
329 -46
330 44
331 -100
332 -50
333 84
334 -83
335 34
336 12
337 85
338 -15
339 69
340 -83
341 88
342 43
343 61
344 -46
345 69
346 -60
347 -26
348 -98
349 -91
350 87
351 77
352 47
353 75
354 71
355 31
356 23
357 26
358 -22
359 87
360 -79
361 -6
362 34
363 8
364 -63
365 28
366 -99
367 36
368 -41
369 -98
370 55
371 10
372 -1
373 -41
374 -3
375 -23
376 -74
377 -7
378 -21
379 47
380 54
381 86
382 -1
383 -16
384 20
385 -51
386 40
387 5
388 -60
389 17
390 -68
391 -94
392 -12
393 -46
394 91
395 -56
396 87
397 77
398 -91
399 -74
400 5
401 -87
402 77
403 93
404 49
405 27
406 -63
407 -30
408 -78
409 72
410 18
411 42
412 -35
413 -29
414 -46
415 17
416 57
417 -75
418 73
419 54
420 -94
421 -26
422 0
423 36
424 -6
425 -83
426 -27
427 -3
428 -55
429 67
430 51
431 49
432 83
433 33
434 -12
435 -73
436 45
437 8
438 -83
439 -27
440 66
441 58
442 71
443 44
444 71
445 -94
446 55
447 43
448 -68
449 -28
450 -71
451 73
452 -13
453 -26
454 -91
455 93
456 98
457 -10
458 -25
459 20
460 29
461 -58
462 -8
463 29
464 57
465 -2
466 96
467 45
468 52
469 82
470 -79
471 -57
472 -95
473 58
474 86
475 -44
476 64
477 -73
478 -69
479 92
480 82
481 -54
482 14
483 90
484 -33
485 -15
486 -63
487 28
488 35
489 20
490 -4
491 87
492 91
493 72
494 -39
495 55
496 -16
497 -13
498 21
499 19
500 -44
501 -80
502 -36
503 -74
504 -70
505 80
506 -79
507 77
508 -91
509 -81
510 -65
511 92
512 -32
513 -24
514 -65
515 59
516 2
517 82
518 61
519 65
520 56
521 -46
522 -54
523 -95
524 -25
525 49
526 21
527 86
528 -76
529 11
530 90
531 -94
532 11
533 24
534 64
535 33
536 56
537 88
538 74
539 -13
540 -1
541 91
542 -96
543 -71
544 27
545 15
546 61
547 -36
548 -56
549 -74
550 -78
551 7
552 -2
553 51
554 -45
555 15
556 -2
557 -19
558 36
559 87
560 22
561 21
562 -100
563 -66
564 -32
565 22
566 -57
567 74
568 42
569 -50
570 97
571 -78
572 -31
573 -37
574 -40
575 70
576 -52
577 29
578 -14
579 -93
580 -10
581 -6
582 -38
583 -41
584 86
585 92
586 4
587 24
588 23
589 93
590 37
591 -78
592 -18
593 -54
594 -73
595 -31
596 -51
597 -93
598 47
599 11
600 46
601 40
602 8
603 70
604 44
605 -57
606 -61
607 -47
608 47
609 52
610 -30
611 -49
612 -37
613 -37
614 -59
615 67
616 72
617 14
618 -91
619 45
620 23
621 21
622 39
623 37
624 37
625 -6
626 -37
627 -60
628 -80
629 -87
630 45
631 92
632 41
633 -92
634 55
635 -34
636 16
637 -1
638 -63
639 34
640 1
641 -60
642 22
643 -33
644 -32
645 27
646 -21
647 -51
648 91
649 -73
650 5
651 -34
652 -99
653 -73
654 51
655 69
656 -23
657 43
658 -14
659 -98
660 -72
661 -57
662 -56
663 41
664 58
665 -87
666 69
667 44
668 -23
669 -28
670 -82
671 76
672 -69
673 -72
674 47
675 98
676 -95
677 -89
678 -65
679 3
680 14
681 73
682 34
683 -58
684 -71
685 11
686 -36
687 27
688 51
689 -85
690 99
691 -78
692 44
693 59
694 -34
695 -17
696 78
697 37
698 -24
699 -23
700 -79
701 63
702 -7
703 18
704 -91
705 -79
706 -68
707 -98
708 -58
709 -43
710 60
711 -43
712 90
713 -3
714 99
715 -96
716 -78
717 -58
718 54
719 -3
720 83
721 -17
722 -30
723 -51
724 -82
725 -77
726 33
727 45
728 -68
729 78
730 -69
731 -16
732 -79
733 -33
734 23
735 -50
736 23
737 26
738 23
739 72
740 44
741 -22
742 34
743 11
744 63
745 -55
746 5
747 6
748 -19
749 70
750 64
751 12
752 -27
753 72
754 -6
755 -3
756 48
757 -70
758 -42
759 -67
760 -65
761 27
762 -89
763 22
764 68
765 -94
766 -4
767 -14
768 3
769 74
770 2
771 81
772 -70
773 -16
774 -84
775 -41
776 36
777 59
778 -99
779 -97
780 98
781 50
782 26
783 -28
784 56
785 20
786 -5
787 -57
788 45
789 23
790 73
791 21
792 -57
793 70
794 -87
795 -52
796 55
797 -58
798 45
799 17
800 88
801 -95
802 -10
803 -39
804 -10
805 31
806 73
807 -66
808 84
809 -36
810 -90
811 33
812 3
813 -81
814 62
815 -46
816 -18
817 -83
818 23
819 -76
820 -64
821 10
822 57
823 45
824 -52
825 3
826 38
827 39
828 -80
829 41
830 -72
831 -45
832 57
833 11
834 -47
835 59
836 84
837 -1
838 -82
839 -58
840 63
841 -91
842 -68
843 61
844 78
845 -20
846 -41
847 -50
848 -87
849 80
850 -26
851 -67
852 10
853 -2
854 -20
855 -2
856 26
857 1
858 27
859 -48
860 -58
861 28
862 -58
863 13
864 -93
865 -81
866 6
867 -3
868 -80
869 -74
870 -3
871 -8
872 49
873 42
874 -28
875 -58
876 -73
877 40
878 -83
879 -22
880 -33
881 34
882 -28
883 54
884 -68
885 -51
886 -51
887 20
888 78
889 99
890 -57
891 -21
892 -61
893 -46
894 66
895 -12
896 21
897 24
898 -69
899 -57
900 96
901 -59
902 -43
903 69
904 -79
905 75
906 -43
907 14
908 -56
909 36
910 -74
911 -96
912 51
913 -55
914 63
915 87
916 -13
917 96
918 -73
919 -5
920 56
921 5
922 -74
923 -75
924 -84
925 97
926 61
927 -25
928 93
929 25
930 -37
931 1
932 8
933 13
934 -54
935 -76
936 58
937 -12
938 -50
939 -51
940 -93
941 63
942 74
943 60
944 50
945 39
946 19
947 -65
948 -10
949 -17
950 71
951 -88
952 52
953 47
954 48
955 -30
956 -27
957 -83
958 -21
959 23
960 -60
961 74
962 77
963 -96
964 -69
965 -5
966 -67
967 -39
968 -13
969 -72
970 30
971 -22
972 -78
973 95
974 -95
975 39
976 27
977 49
978 -82
979 3
980 -91
981 18
982 -24
983 -63
984 90
985 -43
986 -34
987 1
988 46
989 62
990 86
991 21
992 -31
993 -19
994 -45
995 -50
996 -85
997 5
998 -89
999 10
1000 -72
1001 41
1002 -15
1003 54
1004 100
1005 7
1006 22
1007 -58
1008 -55
1009 -76
1010 40
1011 -8
1012 31
1013 72
1014 -69
1015 -48
1016 -47
1017 53
1018 -97
1019 79
1020 -98
1021 56
1022 39
1023 53
