0 -65
1 65
2 -14
3 85
4 -80
5 -17
6 -38
7 56
8 -83
9 32
10 -53
11 71
12 -42
13 -39
14 33
15 42
16 -52
17 -46
18 0
19 24
20 -51
21 16
22 -92
23 -85
24 8
25 -5
26 28
27 -25
28 75
29 77
30 -61
31 71
32 -93
33 29
34 -6
35 10
36 55
37 20
38 -86
39 -35
40 71
41 -46
42 35
43 38
44 -45
45 37
46 -60
47 -88
48 -87
49 -77
50 -59
51 72
52 -38
53 -37
54 28
55 89
56 15
57 -4
58 -27
59 74
60 -29
61 -20
62 43
63 18
64 -7
65 9
66 83
67 97
68 40
69 -74
70 86
71 -45
72 -29
73 69
74 -79
75 -42
76 39
77 -28
78 79
79 -40
80 -13
81 -52
82 -45
83 98
84 -68
85 69
86 -46
87 -42
88 -69
89 27
90 -99
91 -25
92 -38
93 -80
94 0
95 66
96 -22
97 -42
98 36
99 46
100 54
101 32
102 57
103 5
104 79
105 60
106 -69
107 16
108 -90
109 -53
110 -10
111 -46
112 12
113 -50
114 22
115 -15
116 34
117 -92
118 42
119 -56
120 83
121 33
122 -76
123 66
124 27
125 -43
126 27
127 -9
