0 -60
1 7
2 81
3 79
4 47
5 -45
6 51
7 92
8 -12
9 20
10 72
11 88
12 -96
13 17
14 61
15 9
16 -56
17 28
18 88
19 -16
20 -16
21 92
22 -80
23 -60
24 -20
25 93
26 -70
27 -58
28 61
29 -32
30 35
31 -68
32 -45
33 -5
34 34
35 -33
36 -3
37 96
38 15
39 -9
40 -27
41 -57
42 72
43 -12
44 3
45 92
46 85
47 -17
48 65
49 15
50 84
51 -91
52 -68
53 73
54 -56
55 79
56 -20
57 -62
58 -90
59 2
60 -56
61 -56
62 -53
63 88
64 3
65 53
66 -67
67 -49
68 -22
69 -36
70 -64
71 -73
72 87
73 95
74 -59
75 84
76 -40
77 47
78 99
79 40
80 -70
81 1
82 -8
83 -67
84 -57
85 19
86 -23
87 65
88 88
89 24
90 19
91 11
92 -46
93 98
94 -58
95 -53
96 28
97 -7
98 85
99 86
100 -43
101 -91
102 24
103 9
104 -96
105 -15
106 -80
107 -89
108 95
109 -19
110 -68
111 -56
112 -11
113 -28
114 4
115 -19
116 -24
117 -82
118 -68
119 61
120 53
121 -80
122 98
123 73
124 -41
125 -43
126 -46
127 -29
