0 97
1 34
2 -33
3 -99
4 -29
5 -75
6 90
7 -100
8 73
9 -85
10 97
11 4
12 50
13 -50
14 91
15 90
16 -90
17 78
18 52
19 -15
20 72
21 20
22 -63
23 16
24 92
25 1
26 1
27 20
28 99
29 -50
30 86
31 29
32 -90
33 33
34 -3
35 -96
36 -99
37 56
38 91
39 89
40 -26
41 40
42 -21
43 3
44 11
45 -92
46 -39
47 -76
48 -41
49 -37
50 97
51 -64
52 65
53 2
54 63
55 52
56 -37
57 75
58 -80
59 19
60 -22
61 77
62 98
63 -32
64 73
65 -50
66 -20
67 -66
68 82
69 100
70 -31
71 -87
72 -65
73 -76
74 -83
75 -1
76 21
77 70
78 23
79 -94
80 29
81 -49
82 8
83 -57
84 98
85 -88
86 -42
87 -54
88 -48
89 77
90 -92
91 -80
92 70
93 -51
94 -53
95 88
96 75
97 -78
98 50
99 37
100 41
101 96
102 -56
103 -77
104 -80
105 -75
106 49
107 22
108 -61
109 30
110 -77
111 21
112 -60
113 -36
114 -42
115 15
116 -22
117 -30
118 -59
119 -49
120 94
121 -8
122 96
123 34
124 37
125 94
126 -83
127 78
