0 10
1 76
2 -35
3 -20
4 38
5 0
6 90
7 93
8 -16
9 65
10 64
11 70
12 17
13 -22
14 -11
15 -92
16 64
17 17
18 60
19 -93
20 -61
21 41
22 61
23 -10
24 83
25 -1
26 3
27 45
28 40
29 -43
30 10
31 97
32 5
33 51
34 -14
35 -64
36 46
37 34
38 -24
39 79
40 62
41 58
42 51
43 2
44 -23
45 -14
46 41
47 -16
48 69
49 -15
50 -64
51 29
52 46
53 -6
54 -3
55 63
56 -15
57 64
58 -42
59 -86
60 6
61 64
62 37
63 16
64 -17
65 83
66 -86
67 -31
68 -99
69 -91
70 -89
71 42
72 30
73 66
74 -53
75 42
76 -81
77 -40
78 28
79 12
80 -7
81 30
82 22
83 -95
84 25
85 -77
86 26
87 -92
88 -81
89 -43
90 -3
91 -87
92 -71
93 95
94 -97
95 -48
96 70
97 83
98 -61
99 19
100 62
101 66
102 -14
103 34
104 43
105 -14
106 -37
107 24
108 -88
109 58
110 -96
111 -49
112 4
113 -81
114 -30
115 19
116 8
117 -81
118 -2
119 30
120 99
121 -60
122 -19
123 65
124 -5
125 -2
126 -77
127 74
