0 -57
1 65
2 85
3 -84
4 -33
5 23
6 -11
7 21
8 40
9 -86
10 -29
11 -99
12 -34
13 -58
14 63
15 63
16 45
17 -73
18 36
19 54
20 89
21 -15
22 -25
23 -88
24 58
25 40
26 -52
27 -77
28 -48
29 86
30 48
31 -58
32 -9
33 -23
34 35
35 -32
36 -95
37 -47
38 -79
39 14
40 76
41 61
42 -81
43 -57
44 33
45 -60
46 -36
47 -27
48 43
49 -6
50 -53
51 96
52 97
53 -6
54 -6
55 -74
56 39
57 -88
58 -98
59 45
60 -30
61 9
62 -81
63 16
64 75
65 -88
66 65
67 -41
68 -77
69 43
70 -15
71 65
72 -17
73 64
74 -45
75 -23
76 89
77 -24
78 -87
79 -73
80 -53
81 40
82 68
83 -57
84 -24
85 40
86 -78
87 -13
88 -62
89 49
90 91
91 94
92 -8
93 25
94 -64
95 -58
96 -98
97 45
98 -56
99 -31
100 -92
101 28
102 96
103 91
104 -28
105 -97
106 -19
107 18
108 58
109 43
110 -32
111 -2
112 88
113 34
114 5
115 39
116 17
117 -34
118 -72
119 19
120 -15
121 -2
122 -22
123 -34
124 -44
125 -24
126 -98
127 -89
