0 -7
1 -74
2 -91
3 66
4 57
5 26
6 99
7 23
8 -43
9 -74
10 12
11 66
12 32
13 13
14 -87
15 -36
16 -11
17 -3
18 22
19 67
20 -78
21 14
22 -98
23 90
24 87
25 -48
26 -13
27 -91
28 -36
29 -90
30 50
31 -10
32 60
33 36
34 1
35 29
36 0
37 -33
38 -60
39 -24
40 -25
41 8
42 80
43 24
44 56
45 100
46 82
47 -36
48 -96
49 -29
50 -24
51 -90
52 -68
53 66
54 -75
55 50
56 -13
57 -14
58 -85
59 -80
60 -1
61 83
62 57
63 4
64 -26
65 -78
66 -2
67 -12
68 68
69 8
70 -66
71 52
72 80
73 -17
74 52
75 -78
76 97
77 55
78 -29
79 -68
80 46
81 96
82 -3
83 -85
84 -20
85 -1
86 -93
87 -24
88 7
89 -81
90 -11
91 -52
92 -46
93 89
94 -70
95 -82
96 -7
97 -52
98 -65
99 -8
100 -27
101 91
102 -58
103 90
104 47
105 12
106 -75
107 -84
108 -15
109 -71
110 -20
111 -54
112 35
113 1
114 95
115 87
116 -57
117 80
118 -75
119 -96
120 -69
121 41
122 94
123 45
124 -74
125 -47
126 78
127 -45
