0 10
1 29
2 65
3 88
4 -17
5 -52
6 22
7 -21
8 -82
9 -40
10 -60
11 -41
12 -7
13 97
14 73
15 89
16 20
17 67
18 16
19 -61
20 16
21 -53
22 9
23 91
24 5
25 -34
26 29
27 64
28 -74
29 -88
30 -35
31 8
32 19
33 42
34 28
35 -9
36 90
37 86
38 -67
39 72
40 66
41 -23
42 -79
43 39
44 -15
45 48
46 -30
47 80
48 59
49 -81
50 -10
51 1
52 30
53 87
54 34
55 89
56 73
57 -82
58 45
59 54
60 65
61 43
62 -34
63 87
64 100
65 -27
66 -3
67 19
68 -67
69 -69
70 59
71 -64
72 -41
73 -54
74 8
75 -90
76 39
77 -61
78 -81
79 37
80 -38
81 -41
82 -25
83 -56
84 85
85 -14
86 -68
87 37
88 73
89 29
90 7
91 13
92 63
93 41
94 77
95 18
96 -10
97 64
98 88
99 37
100 88
101 33
102 -76
103 19
104 74
105 -99
106 -89
107 -94
108 -41
109 -94
110 -17
111 -11
112 -67
113 49
114 8
115 -89
116 2
117 -40
118 13
119 -94
120 25
121 -5
122 -47
123 63
124 -60
125 -40
126 45
127 -49
