0 92
1 -50
2 -70
3 -87
4 0
5 -13
6 17
7 -47
8 -17
9 -100
10 -4
11 35
12 60
13 77
14 58
15 82
16 -44
17 -4
18 -78
19 35
20 -51
21 85
22 11
23 78
24 20
25 -32
26 -62
27 -87
28 -12
29 -2
30 45
31 16
32 -6
33 -24
34 -70
35 -22
36 33
37 92
38 61
39 -79
40 87
41 80
42 -49
43 84
44 -91
45 -72
46 32
47 -37
48 38
49 -59
50 9
51 100
52 28
53 17
54 -72
55 50
56 -58
57 16
58 31
59 11
60 87
61 48
62 -19
63 5
64 -44
65 92
66 30
67 72
68 -66
69 -15
70 81
71 21
72 -83
73 -81
74 -71
75 48
76 -87
77 -26
78 17
79 -81
80 -20
81 62
82 -27
83 4
84 -54
85 81
86 -39
87 94
88 -55
89 -9
90 -27
91 85
92 -93
93 5
94 2
95 -94
96 -59
97 87
98 47
99 30
100 1
101 62
102 -100
103 100
104 66
105 -35
106 -50
107 28
108 -51
109 -29
110 69
111 11
112 71
113 74
114 90
115 24
116 -100
117 -41
118 -24
119 42
120 -49
121 -98
122 61
123 -69
124 -44
125 -93
126 90
127 -82
