0 55
1 -14
2 6
3 94
4 9
5 89
6 -16
7 -4
8 -31
9 -86
10 71
11 -14
12 -58
13 71
14 -88
15 -3
16 -42
17 43
18 3
19 -97
20 30
21 39
22 20
23 91
24 10
25 -5
26 -44
27 -9
28 -80
29 94
30 -62
31 -93
32 -86
33 -36
34 23
35 -47
36 69
37 -12
38 45
39 -15
40 36
41 98
42 -89
43 38
44 63
45 76
46 -5
47 3
48 72
49 -44
50 15
51 8
52 -17
53 -41
54 -62
55 98
56 -59
57 -18
58 -7
59 -38
60 -88
61 23
62 -92
63 -25
64 -73
65 -56
66 -75
67 -80
68 5
69 -65
70 -80
71 78
72 26
73 -49
74 72
75 -10
76 -18
77 -44
78 82
79 -78
80 -38
81 72
82 3
83 87
84 43
85 49
86 3
87 93
88 -53
89 -36
90 -40
91 -34
92 26
93 -3
94 33
95 64
96 27
97 -95
98 -24
99 49
100 -6
101 -86
102 48
103 87
104 42
105 14
106 98
107 -97
108 -66
109 -86
110 18
111 -75
112 6
113 48
114 41
115 -48
116 41
117 37
118 46
119 97
120 -4
121 -8
122 -10
123 73
124 36
125 36
126 -91
127 -18
