0 -81
1 -74
2 46
3 48
4 -48
5 35
6 54
7 -92
8 77
9 15
10 -61
11 79
12 83
13 13
14 8
15 82
16 58
17 -26
18 31
19 -32
20 65
21 -15
22 -36
23 -72
24 -76
25 -30
26 -80
27 84
28 -40
29 67
30 -94
31 3
32 41
33 50
34 6
35 19
36 22
37 66
38 100
39 14
40 100
41 39
42 -24
43 -60
44 26
45 46
46 53
47 16
48 -33
49 44
50 36
51 46
52 39
53 72
54 57
55 -27
56 -43
57 -27
58 -85
59 88
60 82
61 81
62 94
63 -42
64 -3
65 13
66 16
67 -46
68 -92
69 90
70 58
71 -78
72 -43
73 41
74 76
75 -72
76 95
77 25
78 -59
79 27
80 -66
81 -57
82 84
83 99
84 1
85 97
86 -16
87 -52
88 -86
89 25
90 5
91 11
92 -49
93 72
94 54
95 -40
96 32
97 12
98 80
99 -38
100 1
101 -64
102 31
103 22
104 -10
105 72
106 36
107 -13
108 -25
109 -89
110 96
111 -98
112 -51
113 -40
114 -88
115 13
116 5
117 98
118 -46
119 -13
120 -30
121 95
122 -17
123 46
124 46
125 -74
126 48
127 73
