0 63
1 -30
2 33
3 -3
4 89
5 91
6 81
7 52
8 19
9 73
10 47
11 -80
12 -34
13 -19
14 32
15 54
16 -21
17 90
18 -74
19 -77
20 -2
21 -32
22 32
23 -49
24 49
25 25
26 -35
27 -52
28 49
29 -40
30 -50
31 63
32 -42
33 78
34 -6
35 -21
36 98
37 96
38 17
39 -46
40 -2
41 3
42 5
43 -90
44 83
45 93
46 86
47 83
48 81
49 -12
50 14
51 77
52 -58
53 46
54 -47
55 60
56 -30
57 91
58 81
59 8
60 43
61 -58
62 67
63 39
64 -9
65 18
66 31
67 -31
68 80
69 71
70 10
71 -95
72 -53
73 64
74 -58
75 -79
76 97
77 7
78 -95
79 -79
80 24
81 41
82 39
83 26
84 -73
85 -100
86 -27
87 -87
88 23
89 29
90 70
91 88
92 -90
93 -29
94 90
95 34
96 -69
97 95
98 0
99 58
100 9
101 -42
102 7
103 96
104 -23
105 -74
106 75
107 -81
108 -68
109 99
110 23
111 -85
112 20
113 10
114 -11
115 -98
116 68
117 59
118 7
119 45
120 99
121 -4
122 -2
123 -34
124 -76
125 48
126 -64
127 -31
