0 67
1 -10
2 70
3 -60
4 -94
5 43
6 75
7 46
8 48
9 64
10 -71
11 6
12 59
13 -7
14 37
15 40
16 -54
17 -32
18 -91
19 48
20 -84
21 -69
22 61
23 -34
24 -97
25 100
26 -6
27 -32
28 -13
29 88
30 -2
31 47
32 56
33 4
34 -17
35 16
36 -36
37 -21
38 67
39 88
40 61
41 -8
42 23
43 -48
44 12
45 67
46 99
47 -7
48 -5
49 25
50 95
51 -27
52 26
53 44
54 21
55 -68
56 60
57 -96
58 -15
59 72
60 -29
61 -38
62 -60
63 58
64 1
65 96
66 100
67 -76
68 -49
69 -94
70 -25
71 -97
72 14
73 -65
74 38
75 49
76 7
77 25
78 72
79 -37
80 84
81 -86
82 65
83 42
84 76
85 -91
86 89
87 -61
88 -4
89 30
90 -97
91 -72
92 61
93 -10
94 -39
95 68
96 6
97 -94
98 14
99 86
100 52
101 11
102 22
103 15
104 -10
105 -64
106 -36
107 -82
108 -89
109 -85
110 99
111 48
112 -14
113 -28
114 66
115 39
116 -40
117 87
118 69
119 -57
120 -33
121 78
122 66
123 -87
124 -16
125 27
126 60
127 61
