0 -7
1 -11
2 -1
3 85
4 59
5 -19
6 -82
7 32
8 -17
9 75
10 50
11 12
12 -26
13 -39
14 92
15 -80
16 89
17 -60
18 95
19 -80
20 -95
21 74
22 56
23 13
24 59
25 -34
26 36
27 48
28 61
29 -57
30 14
31 63
32 -62
33 68
34 -52
35 -2
36 -4
37 -59
38 -18
39 7
40 -21
41 -6
42 23
43 -35
44 -71
45 13
46 71
47 -27
48 -2
49 76
50 69
51 5
52 -76
53 -12
54 -43
55 22
56 -63
57 57
58 96
59 -53
60 -61
61 36
62 52
63 12
64 34
65 -78
66 88
67 14
68 -20
69 -44
70 42
71 78
72 93
73 -1
74 7
75 -100
76 -89
77 -51
78 73
79 33
80 -19
81 -52
82 1
83 -1
84 -20
85 35
86 7
87 39
88 -43
89 -92
90 -17
91 37
92 62
93 11
94 54
95 -53
96 -47
97 -47
98 9
99 74
100 -7
101 -71
102 2
103 96
104 49
105 44
106 7
107 95
108 29
109 -42
110 59
111 -23
112 85
113 78
114 40
115 50
116 91
117 42
118 96
119 2
120 78
121 -3
122 14
123 10
124 41
125 -13
126 -42
127 26
