0 9
1 -94
2 -53
3 70
4 43
5 13
6 26
7 -94
8 18
9 -79
10 -92
11 -26
12 23
13 -14
14 -9
15 75
16 51
17 32
18 -11
19 -9
20 29
21 41
22 -27
23 17
24 7
25 -30
26 22
27 -50
28 -34
29 -84
30 -51
31 -17
32 -91
33 47
34 88
35 -35
36 -36
37 17
38 -89
39 19
40 -60
41 14
42 82
43 -52
44 11
45 26
46 -84
47 -50
48 -70
49 95
50 69
51 4
52 93
53 93
54 -34
55 -47
56 -88
57 -25
58 -97
59 54
60 -93
61 -48
62 -63
63 -97
64 -10
65 74
66 89
67 71
68 -63
69 71
70 -70
71 -10
72 22
73 20
74 -66
75 -61
76 -54
77 -42
78 53
79 -20
80 79
81 -96
82 -19
83 -3
84 -86
85 -19
86 15
87 -38
88 4
89 93
90 98
91 -79
92 94
93 -71
94 -79
95 -86
96 42
97 74
98 -94
99 -47
100 -3
101 88
102 10
103 -46
104 91
105 -61
106 23
107 -50
108 -61
109 -33
110 -7
111 68
112 -51
113 28
114 25
115 -71
116 9
117 57
118 40
119 17
120 -7
121 -60
122 15
123 -12
124 -96
125 -62
126 -62
127 23
