0 8
1 93
2 41
3 -75
4 -21
5 -24
6 -29
7 77
8 -49
9 -74
10 -14
11 -61
12 -45
13 13
14 45
15 -7
16 -55
17 -49
18 -94
19 -60
20 -31
21 69
22 65
23 -79
24 -53
25 -60
26 -75
27 26
28 36
29 -72
30 -58
31 60
32 30
33 -34
34 -57
35 -91
36 -24
37 -94
38 -10
39 -49
40 14
41 -11
42 -79
43 75
44 -5
45 -28
46 -78
47 -6
48 -32
49 -42
50 -30
51 39
52 95
53 -94
54 -15
55 55
56 -70
57 -81
58 67
59 -48
60 13
61 64
62 -58
63 11
64 -71
65 71
66 -93
67 -49
68 -67
69 92
70 -87
71 89
72 -52
73 -97
74 27
75 -26
76 3
77 49
78 -29
79 -92
80 -15
81 -76
82 -29
83 -74
84 66
85 54
86 50
87 -79
88 -74
89 -40
90 38
91 12
92 -69
93 -10
94 7
95 -17
96 -8
97 -45
98 -98
99 -53
100 78
101 100
102 72
103 -53
104 9
105 -6
106 83
107 -90
108 -73
109 10
110 79
111 5
112 50
113 -84
114 -98
115 -60
116 57
117 73
118 -51
119 -17
120 72
121 -78
122 85
123 11
124 62
125 -100
126 93
127 -52
128 -39
129 -7
130 45
131 56
132 -43
133 -93
134 55
135 2
136 -37
137 59
138 -4
139 86
140 97
141 63
142 -39
143 -81
144 90
145 79
146 35
147 -39
148 -90
149 20
150 -49
151 24
152 13
153 -1
154 -35
155 -20
156 64
157 36
158 -13
159 -19
160 -86
161 -38
162 83
163 70
164 9
165 -99
166 91
167 88
168 -74
169 -69
170 -66
171 50
172 46
173 -79
174 35
175 -8
176 -55
177 50
178 50
179 77
180 86
181 74
182 100
183 -37
184 -95
185 88
186 55
187 -34
188 -19
189 -52
190 14
191 -77
192 6
193 19
194 60
195 24
196 90
197 85
198 -71
199 92
200 43
201 83
202 25
203 -31
204 94
205 71
206 67
207 18
208 25
209 -81
210 67
211 51
212 -21
213 -19
214 -32
215 59
216 -36
217 84
218 -90
219 81
220 -67
221 36
222 58
223 8
224 28
225 -13
226 0
227 -53
228 -84
229 -79
230 -43
231 32
232 96
233 -34
234 -98
235 -4
236 10
237 -62
238 10
239 -75
240 -86
241 68
242 58
243 -94
244 39
245 20
246 -15
247 45
248 -27
249 62
250 82
251 57
252 45
253 81
254 45
255 -19
