0 -40
1 10
2 -81
3 64
4 -89
5 32
6 -65
7 98
8 -100
9 23
10 -22
11 -6
12 -29
13 20
14 94
15 86
16 -97
17 10
18 -85
19 -10
20 -75
21 -10
22 -87
23 -62
24 4
25 -99
26 55
27 0
28 -19
29 -51
30 -8
31 2
32 37
33 -35
34 -76
35 -97
36 -23
37 -94
38 -18
39 93
40 -39
41 -66
42 -43
43 -57
44 -75
45 -8
46 93
47 -90
48 39
49 -59
50 -13
51 0
52 -89
53 10
54 59
55 20
56 -54
57 -90
58 -58
59 67
60 -88
61 92
62 63
63 -38
64 20
65 35
66 100
67 -97
68 16
69 -22
70 -98
71 5
72 -78
73 92
74 73
75 -79
76 -35
77 77
78 30
79 56
80 22
81 11
82 7
83 -33
84 54
85 87
86 47
87 36
88 26
89 96
90 -45
91 42
92 25
93 89
94 6
95 -98
96 31
97 6
98 12
99 23
100 -93
101 -88
102 -19
103 -77
104 55
105 -69
106 77
107 -53
108 -1
109 2
110 17
111 35
112 -74
113 60
114 -89
115 -88
116 -96
117 45
118 68
119 -47
120 -25
121 -14
122 84
123 -52
124 -36
125 91
126 15
127 -99
128 42
129 -49
130 10
131 -51
132 -26
133 -7
134 57
135 -25
136 40
137 -25
138 -62
139 49
140 36
141 23
142 88
143 -89
144 48
145 89
146 -82
147 -100
148 -89
149 54
150 54
151 59
152 -33
153 81
154 -28
155 89
156 -91
157 75
158 49
159 56
160 28
161 -74
162 -99
163 11
164 71
165 83
166 -8
167 72
168 78
169 65
170 66
171 -58
172 -70
173 -68
174 77
175 -38
176 -82
177 -57
178 -95
179 96
180 17
181 -56
182 -55
183 45
184 1
185 -4
186 98
187 -21
188 28
189 56
190 -5
191 69
192 87
193 56
194 89
195 51
196 -51
197 28
198 -38
199 19
200 7
201 -62
202 19
203 -9
204 -6
205 88
206 94
207 -43
208 31
209 83
210 -12
211 70
212 55
213 78
214 33
215 60
216 -51
217 -43
218 -35
219 67
220 -8
221 32
222 -37
223 8
224 -21
225 -98
226 31
227 65
228 -21
229 -47
230 -50
231 83
232 -18
233 84
234 36
235 -1
236 -14
237 51
238 74
239 25
240 -39
241 52
242 71
243 -75
244 52
245 -75
246 -78
247 -23
248 26
249 -97
250 48
251 -28
252 61
253 55
254 -19
255 -62
