0 31
1 -96
2 -85
3 3
4 3
5 97
6 -61
7 -22
8 74
9 51
10 -44
11 94
12 -71
13 -74
14 -65
15 -73
16 1
17 47
18 -86
19 34
20 58
21 93
22 80
23 23
24 -56
25 -12
26 -20
27 -44
28 -48
29 30
30 84
31 -19
32 14
33 42
34 -90
35 -7
36 -87
37 32
38 -44
39 -29
40 43
41 97
42 60
43 19
44 -47
45 -64
46 18
47 53
48 89
49 -28
50 87
51 -71
52 46
53 44
54 57
55 -16
56 47
57 36
58 16
59 -7
60 -91
61 -64
62 -5
63 93
64 -57
65 41
66 20
67 4
68 13
69 89
70 -3
71 -100
72 -31
73 65
74 -52
75 54
76 67
77 0
78 -1
79 35
80 52
81 -25
82 -41
83 -86
84 1
85 47
86 8
87 25
88 -88
89 36
90 -35
91 -30
92 -56
93 -29
94 89
95 98
96 44
97 73
98 44
99 15
100 -88
101 -57
102 57
103 1
104 -49
105 3
106 74
107 -70
108 88
109 -89
110 72
111 -58
112 88
113 92
114 -42
115 9
116 68
117 89
118 -23
119 78
120 18
121 -20
122 96
123 17
124 -4
125 -61
126 89
127 26
128 -57
129 -41
130 -93
131 -17
132 35
133 -56
134 -87
135 41
136 -41
137 35
138 43
139 -36
140 -47
141 0
142 9
143 -27
144 -93
145 -17
146 83
147 41
148 -92
149 87
150 -29
151 33
152 84
153 -25
154 19
155 -46
156 -36
157 72
158 -2
159 74
160 -15
161 12
162 55
163 -34
164 81
165 -53
166 62
167 25
168 -13
169 -39
170 -32
171 -34
172 3
173 46
174 47
175 80
176 -50
177 -63
178 -10
179 71
180 33
181 54
182 -54
183 69
184 82
185 40
186 -21
187 -6
188 -44
189 34
190 -39
191 62
192 54
193 94
194 -23
195 -51
196 -46
197 -99
198 17
199 1
200 -2
201 -4
202 79
203 66
204 39
205 24
206 71
207 -25
208 33
209 -8
210 47
211 -9
212 23
213 55
214 76
215 50
216 27
217 71
218 54
219 -42
220 8
221 -86
222 53
223 -90
224 35
225 70
226 31
227 74
228 60
229 78
230 59
231 61
232 94
233 62
234 -39
235 21
236 74
237 33
238 9
239 -67
240 -66
241 1
242 -19
243 80
244 56
245 59
246 49
247 -28
248 -77
249 33
250 53
251 -92
252 60
253 -12
254 -79
255 -13
