0 100
1 90
2 6
3 87
4 -63
5 -95
6 -93
7 -3
8 10
9 64
10 -48
11 -55
12 -75
13 -91
14 34
15 58
16 90
17 -87
18 -43
19 -12
20 94
21 -16
22 -10
23 -47
24 -26
25 -5
26 67
27 -99
28 18
29 89
30 -28
31 74
32 50
33 3
34 2
35 -39
36 -36
37 -2
38 -51
39 2
40 31
41 -31
42 -97
43 0
44 11
45 7
46 -81
47 -93
48 0
49 72
50 -99
51 -23
52 -98
53 79
54 -41
55 -70
56 47
57 -41
58 74
59 21
60 73
61 42
62 -53
63 -40
64 91
65 10
66 -100
67 59
68 56
69 70
70 38
71 8
72 85
73 44
74 11
75 12
76 66
77 -48
78 32
79 -93
80 96
81 13
82 34
83 -12
84 -85
85 27
86 -33
87 -31
88 -16
89 -5
90 -40
91 -67
92 -61
93 27
94 97
95 -44
96 19
97 -22
98 51
99 -88
100 32
101 -99
102 -83
103 36
104 36
105 -87
106 -32
107 6
108 -37
109 -84
110 -20
111 -41
112 -26
113 -65
114 -97
115 -42
116 -20
117 87
118 40
119 79
120 11
121 -74
122 -33
123 -7
124 -4
125 -35
126 49
127 70
128 41
129 98
130 29
131 31
132 99
133 -9
134 82
135 100
136 -60
137 60
138 -24
139 64
140 68
141 -97
142 -5
143 -79
144 -35
145 12
146 72
147 9
148 -22
149 96
150 7
151 -91
152 2
153 -6
154 4
155 -58
156 -64
157 -25
158 13
159 91
160 66
161 15
162 55
163 -2
164 -19
165 -67
166 -77
167 -59
168 27
169 -40
170 -62
171 -73
172 -89
173 46
174 58
175 -60
176 11
177 58
178 35
179 -99
180 -13
181 23
182 -25
183 86
184 63
185 -57
186 -34
187 49
188 -3
189 85
190 91
191 98
192 26
193 92
194 9
195 -82
196 -39
197 39
198 -20
199 -26
200 74
201 11
202 100
203 59
204 31
205 -18
206 -71
207 88
208 69
209 32
210 7
211 -32
212 -45
213 8
214 68
215 -64
216 36
217 78
218 95
219 28
220 60
221 -26
222 16
223 77
224 8
225 88
226 -9
227 -63
228 -27
229 45
230 -93
231 -47
232 -14
233 -76
234 -38
235 42
236 20
237 -59
238 -46
239 -53
240 31
241 -17
242 -28
243 81
244 94
245 15
246 10
247 -77
248 -44
249 -83
250 -71
251 -83
252 -54
253 -60
254 64
255 63
