0 22
1 5
2 -67
3 7
4 20
5 47
6 -99
7 -94
8 -62
9 25
10 31
11 -13
12 -26
13 -52
14 66
15 97
16 43
17 83
18 -93
19 -51
20 47
21 -81
22 1
23 28
24 92
25 48
26 -6
27 -18
28 -95
29 -73
30 -73
31 -97
32 96
33 99
34 -49
35 69
36 50
37 21
38 38
39 -77
40 68
41 12
42 20
43 -36
44 17
45 72
46 -83
47 52
48 -74
49 -28
50 -28
51 -83
52 24
53 50
54 57
55 93
56 68
57 19
58 25
59 -95
60 29
61 -95
62 -58
63 27
64 1
65 28
66 -36
67 -22
68 -44
69 -93
70 18
71 -16
72 65
73 91
74 64
75 -76
76 -74
77 32
78 91
79 -9
80 59
81 49
82 68
83 65
84 -9
85 6
86 28
87 -36
88 -63
89 -85
90 80
91 17
92 31
93 95
94 -47
95 -18
96 69
97 24
98 -51
99 -6
100 -16
101 -57
102 -89
103 -83
104 -48
105 -15
106 -38
107 63
108 1
109 -24
110 35
111 76
112 32
113 -71
114 49
115 -47
116 -72
117 28
118 27
119 -32
120 56
121 76
122 25
123 -28
124 17
125 -90
126 89
127 28
128 -23
129 -88
130 84
131 94
132 -72
133 -89
134 -26
135 38
136 50
137 -19
138 -73
139 -95
140 -11
141 47
142 1
143 59
144 73
145 29
146 -25
147 -55
148 10
149 87
150 58
151 -9
152 69
153 -90
154 79
155 27
156 -89
157 -44
158 -78
159 32
160 -84
161 76
162 96
163 -20
164 10
165 77
166 76
167 77
168 -25
169 32
170 -79
171 47
172 64
173 -100
174 -28
175 -73
176 -27
177 28
178 -42
179 -1
180 57
181 44
182 -88
183 3
184 74
185 75
186 15
187 57
188 20
189 -34
190 52
191 71
192 24
193 19
194 85
195 43
196 42
197 -67
198 -74
199 -53
200 -69
201 -70
202 -2
203 -34
204 54
205 44
206 -31
207 -49
208 23
209 -61
210 60
211 65
212 16
213 -90
214 -19
215 73
216 54
217 64
218 87
219 -72
220 14
221 15
222 15
223 0
224 -14
225 1
226 8
227 -14
228 -98
229 76
230 -54
231 76
232 90
233 68
234 -94
235 13
236 45
237 34
238 11
239 93
240 73
241 45
242 -46
243 36
244 -70
245 -89
246 -65
247 73
248 6
249 73
250 95
251 50
252 -3
253 -6
254 80
255 -8
