0 29
1 -33
2 -45
3 -50
4 -67
5 100
6 63
7 79
8 -59
9 52
10 36
11 93
12 -46
13 -36
14 23
15 -57
16 -85
17 -49
18 52
19 98
20 -51
21 -68
22 -77
23 -8
24 -30
25 14
26 23
27 71
28 -16
29 -11
30 92
31 78
32 -97
33 -6
34 -76
35 -2
36 -23
37 -73
38 -8
39 -80
40 63
41 14
42 -34
43 22
44 -54
45 0
46 54
47 63
48 75
49 -20
50 43
51 -68
52 22
53 -81
54 -33
55 -2
56 -25
57 61
58 -54
59 96
60 30
61 44
62 -96
63 14
64 -81
65 -27
66 -6
67 23
68 69
69 29
70 -29
71 81
72 65
73 38
74 14
75 -91
76 -92
77 76
78 -52
79 98
80 -23
81 71
82 65
83 -37
84 -91
85 -69
86 -7
87 61
88 -55
89 -13
90 -24
91 -3
92 60
93 43
94 34
95 -31
96 30
97 -31
98 -70
99 -50
100 -54
101 -57
102 -30
103 -10
104 36
105 44
106 -84
107 40
108 87
109 -100
110 -59
111 36
112 62
113 -84
114 -7
115 95
116 -95
117 15
118 -85
119 79
120 29
121 -24
122 -59
123 -54
124 -94
125 -91
126 -58
127 -44
128 -55
129 -59
130 25
131 -88
132 18
133 -47
134 -32
135 -1
136 81
137 65
138 74
139 -92
140 2
141 -13
142 -23
143 28
144 -22
145 88
146 -43
147 27
148 -2
149 25
150 -48
151 69
152 76
153 -81
154 65
155 65
156 52
157 -6
158 -46
159 93
160 89
161 -11
162 -54
163 89
164 -74
165 65
166 3
167 -59
168 100
169 -25
170 6
171 -96
172 23
173 -89
174 94
175 80
176 -95
177 -5
178 -86
179 -71
180 47
181 97
182 -75
183 -89
184 -19
185 -65
186 84
187 -69
188 41
189 64
190 -22
191 -91
192 68
193 19
194 -79
195 -29
196 -38
197 6
198 -64
199 -51
200 -97
201 91
202 -98
203 -56
204 14
205 -70
206 -73
207 28
208 -76
209 -36
210 -74
211 85
212 53
213 93
214 -74
215 -74
216 76
217 87
218 -82
219 -89
220 96
221 15
222 63
223 54
224 -51
225 54
226 92
227 -34
228 -9
229 -72
230 -84
231 12
232 12
233 93
234 -46
235 66
236 36
237 -68
238 3
239 18
240 25
241 -40
242 -2
243 -4
244 -100
245 52
246 -27
247 -99
248 58
249 -29
250 82
251 15
252 -49
253 56
254 64
255 94
