0 44
1 22
2 48
3 -28
4 -24
5 -34
6 -67
7 6
8 41
9 7
10 -55
11 6
12 -23
13 -2
14 1
15 10
16 14
17 5
18 -55
19 -84
20 8
21 56
22 81
23 75
24 43
25 18
26 -86
27 -40
28 -60
29 -20
30 -95
31 48
32 20
33 -87
34 22
35 76
36 -7
37 94
38 87
39 -9
40 71
41 -67
42 60
43 74
44 -92
45 32
46 3
47 -71
48 28
49 82
50 92
51 40
52 77
53 -21
54 -67
55 -14
56 9
57 54
58 -8
59 28
60 -57
61 -14
62 88
63 -28
64 52
65 12
66 3
67 66
68 -47
69 47
70 7
71 -1
72 24
73 -17
74 83
75 -43
76 65
77 38
78 27
79 -87
80 38
81 -47
82 -3
83 -43
84 37
85 -47
86 -1
87 81
88 -70
89 69
90 -5
91 41
92 -6
93 -36
94 -95
95 6
96 81
97 84
98 2
99 -10
100 96
101 -87
102 79
103 37
104 79
105 81
106 92
107 24
108 29
109 -88
110 95
111 82
112 65
113 -89
114 99
115 91
116 97
117 71
118 -10
119 -24
120 29
121 57
122 18
123 76
124 -49
125 -52
126 80
127 -47
128 -100
129 30
130 -80
131 90
132 -50
133 -1
134 95
135 64
136 31
137 9
138 -1
139 82
140 45
141 98
142 -16
143 84
144 -61
145 -76
146 -15
147 -40
148 25
149 95
150 -38
151 -20
152 -72
153 33
154 -20
155 -30
156 54
157 85
158 -56
159 -80
160 -87
161 57
162 83
163 58
164 -42
165 80
166 -42
167 86
168 79
169 -89
170 43
171 -30
172 -41
173 22
174 69
175 -47
176 9
177 54
178 43
179 43
180 97
181 -45
182 34
183 27
184 -4
185 -2
186 20
187 -21
188 52
189 -25
190 59
191 54
192 -78
193 -52
194 -15
195 49
196 -62
197 -87
198 -19
199 31
200 68
201 15
202 -42
203 26
204 -95
205 -34
206 -23
207 -2
208 -69
209 -84
210 -33
211 35
212 55
213 -87
214 -21
215 82
216 -95
217 40
218 -71
219 69
220 25
221 -87
222 -41
223 12
224 44
225 31
226 -33
227 78
228 -10
229 -53
230 -77
231 -61
232 -80
233 76
234 -100
235 15
236 -90
237 -46
238 54
239 -47
240 93
241 -60
242 12
243 -41
244 84
245 -6
246 -20
247 -94
248 37
249 -21
250 -82
251 -11
252 84
253 9
254 -66
255 -65
