0 87
1 -4
2 54
3 87
4 -14
5 64
6 7
7 -14
8 93
9 -56
10 -33
11 -92
12 -20
13 -37
14 -22
15 -97
16 -47
17 -96
18 5
19 30
20 56
21 28
22 81
23 93
24 -58
25 12
26 22
27 -3
28 -9
29 -49
30 42
31 -15
32 65
33 -35
34 -79
35 55
36 -59
37 -78
38 14
39 73
40 -77
41 -78
42 99
43 -71
44 94
45 -76
46 -8
47 64
48 57
49 59
50 67
51 54
52 -34
53 18
54 68
55 10
56 -31
57 13
58 -25
59 62
60 -17
61 -24
62 -37
63 -60
64 -67
65 -69
66 18
67 -81
68 -82
69 -68
70 36
71 42
72 -89
73 -10
74 100
75 67
76 -7
77 -43
78 -38
79 -57
80 -42
81 71
82 24
83 -20
84 43
85 -33
86 -7
87 -97
88 90
89 46
90 -21
91 -67
92 100
93 52
94 -63
95 54
96 -36
97 57
98 37
99 -22
100 -39
101 -61
102 0
103 17
104 56
105 3
106 -18
107 8
108 14
109 81
110 45
111 68
112 -7
113 -18
114 46
115 -17
116 -4
117 -64
118 54
119 -17
120 95
121 63
122 10
123 6
124 -13
125 -8
126 42
127 0
128 79
129 26
130 43
131 8
132 -53
133 -77
134 25
135 -52
136 96
137 -79
138 20
139 -71
140 -90
141 8
142 2
143 -81
144 85
145 78
146 -2
147 -35
148 19
149 -86
150 -5
151 78
152 -29
153 37
154 -19
155 51
156 20
157 -41
158 76
159 -59
160 7
161 23
162 42
163 89
164 72
165 67
166 -97
167 -40
168 18
169 47
170 -83
171 84
172 -74
173 -52
174 -40
175 -33
176 -45
177 -35
178 -88
179 19
180 60
181 -16
182 38
183 -23
184 -44
185 76
186 41
187 8
188 -10
189 -33
190 60
191 -100
192 -33
193 -41
194 -26
195 67
196 5
197 -97
198 68
199 -5
200 57
201 39
202 -42
203 41
204 96
205 16
206 5
207 -70
208 -31
209 98
210 71
211 -76
212 22
213 -25
214 43
215 63
216 -11
217 44
218 -41
219 75
220 9
221 98
222 -33
223 -87
224 60
225 64
226 98
227 31
228 23
229 -24
230 22
231 -89
232 36
233 52
234 16
235 60
236 -6
237 21
238 82
239 -74
240 -48
241 6
242 81
243 -46
244 -67
245 84
246 -22
247 64
248 -68
249 -11
250 35
251 -94
252 -88
253 -80
254 -11
255 -78
