0 50
1 17
2 2
3 -98
4 70
5 86
6 0
7 -71
8 90
9 -21
10 -89
11 14
12 27
13 73
14 99
15 -72
16 42
17 -69
18 -25
19 71
20 77
21 -40
22 20
23 -10
24 -70
25 -64
26 -69
27 -83
28 -81
29 -37
30 92
31 -51
32 -92
33 -77
34 -56
35 -30
36 -42
37 71
38 56
39 -63
40 -17
41 -88
42 -17
43 -99
44 -82
45 -56
46 44
47 28
48 -30
49 65
50 -21
51 96
52 25
53 18
54 -39
55 -51
56 12
57 19
58 -91
59 35
60 -5
61 -61
62 49
63 67
64 -11
65 69
66 92
67 88
68 -9
69 -68
70 -18
71 31
72 93
73 5
74 -34
75 -3
76 22
77 29
78 -78
79 -13
80 -93
81 -97
82 25
83 81
84 -77
85 -75
86 -92
87 85
88 -70
89 42
90 36
91 85
92 -38
93 37
94 -43
95 40
96 95
97 -37
98 100
99 18
100 -62
101 63
102 -72
103 44
104 72
105 77
106 -29
107 -80
108 74
109 3
110 -49
111 -91
112 -1
113 20
114 -94
115 39
116 67
117 -76
118 -56
119 66
120 40
121 37
122 24
123 -79
124 56
125 -55
126 57
127 -49
128 -26
129 -24
130 -54
131 35
132 24
133 6
134 -49
135 13
136 -2
137 43
138 65
139 -52
140 -63
141 -16
142 90
143 8
144 23
145 -32
146 92
147 -92
148 65
149 51
150 -9
151 55
152 45
153 42
154 87
155 70
156 -63
157 58
158 44
159 -23
160 82
161 -23
162 -8
163 -7
164 -23
165 96
166 64
167 43
168 27
169 -27
170 -30
171 86
172 20
173 -97
174 -24
175 93
176 14
177 -15
178 -96
179 48
180 28
181 -42
182 100
183 -99
184 -50
185 -10
186 -45
187 -4
188 -96
189 -32
190 -34
191 87
192 34
193 -43
194 -76
195 88
196 -38
197 -92
198 -26
199 92
200 49
201 98
202 18
203 36
204 65
205 -79
206 -46
207 91
208 92
209 75
210 65
211 54
212 -92
213 20
214 -24
215 -84
216 -63
217 -31
218 -17
219 20
220 -6
221 -63
222 40
223 93
224 75
225 -53
226 54
227 77
228 56
229 76
230 92
231 -11
232 -23
233 -84
234 -85
235 99
236 -30
237 14
238 2
239 87
240 47
241 -91
242 -4
243 -59
244 -10
245 29
246 40
247 52
248 -25
249 14
250 30
251 -45
252 76
253 -95
254 92
255 -68
