0 83
1 -97
2 81
3 -61
4 -37
5 61
6 89
7 31
8 -48
9 13
10 -4
11 -23
12 -25
13 41
14 -10
15 8
16 4
17 -95
18 -75
19 -22
20 19
21 100
22 26
23 -54
24 -57
25 -93
26 97
27 86
28 -16
29 -62
30 72
31 59
32 -55
33 86
34 65
35 32
36 98
37 -1
38 -81
39 -27
40 -48
41 50
42 48
43 71
44 39
45 64
46 -32
47 -25
48 32
49 -72
50 -4
51 -52
52 -32
53 -90
54 -67
55 84
56 -60
57 76
58 -56
59 12
60 -61
61 -23
62 96
63 -68
64 73
65 -97
66 97
67 72
68 -35
69 -77
70 21
71 2
72 -68
73 27
74 -81
75 -33
76 -70
77 73
78 33
79 17
80 62
81 26
82 -89
83 27
84 88
85 47
86 63
87 -65
88 -8
89 13
90 -53
91 -61
92 71
93 -20
94 96
95 -37
96 -20
97 -4
98 -86
99 -58
100 93
101 6
102 6
103 50
104 -26
105 -89
106 -35
107 -60
108 94
109 56
110 -83
111 2
112 18
113 42
114 -84
115 8
116 48
117 9
118 -86
119 -86
120 73
121 0
122 -32
123 30
124 11
125 65
126 -67
127 -19
128 32
129 20
130 -45
131 -25
132 74
133 -2
134 7
135 19
136 70
137 -78
138 -97
139 -68
140 85
141 -27
142 11
143 75
144 -65
145 77
146 23
147 -64
148 43
149 31
150 29
151 30
152 -32
153 66
154 57
155 79
156 8
157 -39
158 23
159 -16
160 -39
161 -3
162 98
163 100
164 27
165 81
166 98
167 35
168 23
169 -27
170 -66
171 -79
172 -46
173 -80
174 -74
175 63
176 -41
177 -99
178 91
179 16
180 59
181 71
182 -35
183 -1
184 -86
185 -14
186 93
187 59
188 50
189 51
190 85
191 -19
192 -18
193 -63
194 -24
195 -62
196 90
197 59
198 -82
199 76
200 -44
201 -4
202 -11
203 89
204 98
205 6
206 85
207 -12
208 -14
209 5
210 -13
211 -29
212 -15
213 77
214 -27
215 37
216 14
217 -41
218 89
219 26
220 -36
221 20
222 -91
223 93
224 -77
225 2
226 22
227 -51
228 -26
229 -42
230 29
231 -94
232 -64
233 -68
234 66
235 99
236 -15
237 98
238 67
239 30
240 27
241 -89
242 -97
243 10
244 -28
245 -3
246 -21
247 28
248 -83
249 31
250 65
251 55
252 -25
253 -13
254 -7
255 -6
