0 -18
1 -68
2 -84
3 33
4 80
5 -53
6 -64
7 -30
8 -92
9 -100
10 -60
11 -85
12 62
13 73
14 -79
15 28
16 -48
17 78
18 -19
19 32
20 26
21 60
22 71
23 -81
24 -49
25 -83
26 -84
27 19
28 -58
29 -96
30 17
31 -2
32 -93
33 50
34 18
35 0
36 -87
37 2
38 18
39 -80
40 82
41 48
42 76
43 -55
44 64
45 79
46 6
47 -73
48 18
49 24
50 -19
51 -67
52 80
53 -39
54 -59
55 -11
56 3
57 -15
58 -40
59 75
60 94
61 20
62 89
63 -33
64 -78
65 -92
66 -63
67 -46
68 10
69 -82
70 -79
71 76
72 48
73 63
74 2
75 45
76 -15
77 -98
78 3
79 -82
80 -64
81 9
82 -69
83 2
84 -3
85 55
86 63
87 -86
88 -7
89 -86
90 61
91 11
92 93
93 38
94 -41
95 2
96 74
97 -60
98 46
99 -67
100 11
101 -75
102 -73
103 73
104 -21
105 13
106 93
107 26
108 3
109 -54
110 -19
111 -44
112 4
113 5
114 8
115 -29
116 98
117 40
118 -37
119 -29
120 -78
121 63
122 -8
123 -3
124 81
125 7
126 97
127 -73
128 -86
129 58
130 -99
131 1
132 -4
133 20
134 89
135 -8
136 82
137 -43
138 25
139 84
140 80
141 0
142 47
143 -1
144 -35
145 -74
146 87
147 -16
148 68
149 -42
150 -69
151 33
152 -35
153 54
154 -87
155 -13
156 -36
157 92
158 23
159 44
160 -85
161 46
162 95
163 87
164 -41
165 -97
166 -2
167 -87
168 -43
169 65
170 -38
171 9
172 69
173 -81
174 20
175 -81
176 60
177 -95
178 -89
179 10
180 -83
181 -62
182 36
183 46
184 96
185 4
186 -17
187 38
188 82
189 -36
190 -23
191 -72
192 39
193 -27
194 -31
195 -8
196 -72
197 30
198 0
199 68
200 57
201 79
202 -64
203 -64
204 -3
205 -33
206 33
207 27
208 85
209 -42
210 62
211 -18
212 -81
213 69
214 91
215 -88
216 -39
217 3
218 28
219 -67
220 -42
221 -83
222 -52
223 -37
224 -48
225 -3
226 83
227 8
228 -5
229 -66
230 -32
231 70
232 -40
233 42
234 -17
235 -7
236 -94
237 -13
238 -8
239 76
240 89
241 23
242 -77
243 39
244 -76
245 62
246 -22
247 -84
248 -55
249 77
250 -77
251 95
252 0
253 -94
254 13
255 -48
