0 83
1 17
2 -70
3 -95
4 -34
5 52
6 -53
7 53
8 -24
9 -79
10 92
11 -76
12 -95
13 99
14 15
15 83
16 85
17 -67
18 -82
19 72
20 83
21 48
22 45
23 52
24 66
25 -73
26 -53
27 -22
28 15
29 -11
30 50
31 27
32 -1
33 -97
34 27
35 89
36 22
37 -25
38 -27
39 13
40 -80
41 -71
42 -62
43 65
44 59
45 -13
46 67
47 57
48 -62
49 -38
50 -7
51 18
52 14
53 -35
54 -40
55 -17
56 20
57 -7
58 90
59 63
60 42
61 65
62 62
63 -10
64 24
65 87
66 52
67 -20
68 59
69 19
70 -17
71 -24
72 -34
73 -25
74 39
75 -81
76 -5
77 61
78 -99
79 29
80 25
81 -30
82 -51
83 -70
84 -63
85 81
86 -76
87 -22
88 -46
89 -7
90 -51
91 88
92 49
93 93
94 -65
95 36
96 57
97 48
98 99
99 -76
100 30
101 79
102 21
103 44
104 -55
105 -99
106 -86
107 80
108 75
109 70
110 12
111 58
112 13
113 15
114 -27
115 -35
116 -39
117 -30
118 28
119 100
120 9
121 -6
122 100
123 83
124 -99
125 15
126 -70
127 -14
128 -72
129 -45
130 2
131 48
132 81
133 3
134 63
135 -70
136 -99
137 -70
138 75
139 82
140 -90
141 32
142 62
143 88
144 31
145 63
146 -90
147 38
148 -7
149 49
150 30
151 9
152 -84
153 -91
154 40
155 84
156 -39
157 54
158 96
159 58
160 70
161 5
162 54
163 6
164 46
165 -14
166 46
167 -1
168 54
169 83
170 -7
171 -60
172 50
173 28
174 22
175 -61
176 -45
177 -12
178 -89
179 68
180 10
181 -30
182 62
183 -18
184 2
185 -74
186 14
187 -12
188 27
189 4
190 50
191 -94
192 18
193 58
194 32
195 97
196 -23
197 -60
198 -20
199 -48
200 -57
201 -21
202 -18
203 -76
204 -35
205 96
206 -10
207 80
208 -32
209 77
210 -9
211 -73
212 -3
213 -24
214 -54
215 -36
216 -52
217 -69
218 -13
219 -28
220 17
221 -45
222 -85
223 -6
224 -32
225 -15
226 76
227 90
228 81
229 -79
230 -47
231 -14
232 50
233 -18
234 29
235 49
236 12
237 -99
238 -48
239 -20
240 11
241 -59
242 -76
243 -77
244 -34
245 -41
246 -28
247 67
248 -27
249 5
250 -75
251 31
252 9
253 37
254 89
255 -85
