0 -32
1 -78
2 94
3 -34
4 -52
5 47
6 -100
7 -94
8 -96
9 43
10 14
11 100
12 -90
13 61
14 78
15 7
16 91
17 -72
18 -98
19 11
20 -77
21 -17
22 18
23 10
24 10
25 53
26 29
27 94
28 -69
29 25
30 -36
31 -35
32 -43
33 -58
34 -48
35 88
36 64
37 91
38 78
39 -20
40 -90
41 51
42 -41
43 -42
44 -36
45 -46
46 5
47 75
48 -8
49 -60
50 -53
51 15
52 -73
53 26
54 -46
55 87
56 79
57 -36
58 78
59 -56
60 38
61 92
62 -77
63 -30
64 55
65 -98
66 58
67 -93
68 -92
69 61
70 24
71 -11
72 73
73 -58
74 -42
75 77
76 -34
77 8
78 -35
79 -50
80 -90
81 -14
82 96
83 -31
84 6
85 -4
86 -11
87 77
88 36
89 -9
90 80
91 89
92 -60
93 29
94 -92
95 -29
96 -24
97 40
98 13
99 77
100 -71
101 17
102 20
103 -66
104 55
105 54
106 85
107 -18
108 71
109 -96
110 -37
111 24
112 -46
113 -40
114 -48
115 71
116 -47
117 -64
118 -22
119 21
120 99
121 40
122 -36
123 24
124 -18
125 60
126 8
127 -53
128 -42
129 11
130 -89
131 -56
132 -71
133 85
134 -12
135 -79
136 -40
137 76
138 -73
139 0
140 25
141 -100
142 44
143 -48
144 -31
145 -68
146 -50
147 81
148 38
149 -93
150 99
151 28
152 -85
153 -20
154 -22
155 46
156 8
157 -99
158 5
159 40
160 95
161 47
162 33
163 -91
164 75
165 11
166 -72
167 -34
168 -18
169 59
170 83
171 4
172 100
173 -12
174 -40
175 -76
176 44
177 53
178 -78
179 -23
180 -7
181 -32
182 74
183 33
184 -81
185 -23
186 14
187 84
188 42
189 -87
190 10
191 -86
192 -18
193 -14
194 -49
195 53
196 10
197 95
198 -77
199 -95
200 -59
201 -5
202 95
203 -95
204 33
205 53
206 -38
207 -13
208 -42
209 5
210 3
211 -58
212 -34
213 -84
214 93
215 54
216 -64
217 -83
218 96
219 -48
220 -96
221 94
222 26
223 68
224 -84
225 91
226 -89
227 63
228 -69
229 -75
230 -49
231 -31
232 -72
233 79
234 8
235 11
236 -27
237 70
238 -58
239 71
240 -7
241 35
242 11
243 33
244 14
245 72
246 64
247 -9
248 -31
249 57
250 -43
251 -43
252 90
253 58
254 27
255 -6
