0 91
1 11
2 14
3 2
4 59
5 22
6 98
7 -4
8 -22
9 40
10 -31
11 -82
12 -20
13 -82
14 98
15 34
16 -78
17 12
18 -47
19 -75
20 -21
21 36
22 70
23 -100
24 12
25 48
26 -86
27 67
28 44
29 -61
30 -91
31 -14
32 -2
33 43
34 84
35 -91
36 80
37 52
38 87
39 3
40 77
41 -74
42 -45
43 27
44 -22
45 -74
46 -56
47 6
48 -25
49 33
50 -40
51 -11
52 2
53 37
54 39
55 -20
56 -20
57 -24
58 -1
59 -42
60 -32
61 -82
62 23
63 -93
64 -75
65 31
66 54
67 57
68 82
69 34
70 89
71 -90
72 83
73 76
74 -6
75 -79
76 -64
77 71
78 90
79 93
80 -56
81 -49
82 48
83 -60
84 -24
85 -42
86 -95
87 21
88 34
89 86
90 62
91 57
92 95
93 38
94 25
95 88
96 -14
97 -85
98 -67
99 17
100 -24
101 -74
102 -36
103 47
104 -9
105 -55
106 -9
107 -28
108 -97
109 7
110 5
111 20
112 59
113 33
114 57
115 16
116 -12
117 66
118 -75
119 -45
120 5
121 77
122 99
123 -3
124 80
125 91
126 -31
127 -81
128 -27
129 -36
130 -97
131 6
132 -2
133 91
134 -77
135 55
136 -63
137 -21
138 67
139 -27
140 68
141 -68
142 -9
143 6
144 83
145 46
146 -59
147 14
148 -35
149 -10
150 -5
151 51
152 -74
153 -98
154 -7
155 -63
156 56
157 -35
158 73
159 40
160 67
161 0
162 -19
163 -46
164 18
165 37
166 60
167 -89
168 -85
169 -16
170 30
171 -41
172 -24
173 88
174 -51
175 1
176 -45
177 31
178 -18
179 32
180 -69
181 -70
182 75
183 23
184 -32
185 -53
186 93
187 54
188 -55
189 100
190 47
191 8
192 -28
193 -57
194 -40
195 -42
196 68
197 -3
198 -39
199 -81
200 64
201 -48
202 91
203 -96
204 -92
205 -21
206 -96
207 73
208 -24
209 -51
210 44
211 72
212 46
213 -59
214 -90
215 -5
216 30
217 34
218 34
219 73
220 40
221 23
222 84
223 -4
224 -21
225 4
226 11
227 -87
228 56
229 76
230 -10
231 90
232 -62
233 -89
234 8
235 38
236 -63
237 17
238 36
239 -72
240 -17
241 -96
242 -27
243 -69
244 -66
245 -38
246 -4
247 22
248 -31
249 68
250 20
251 68
252 40
253 -16
254 97
255 92
256 -52
257 -55
258 27
259 -25
260 64
261 -88
262 -59
263 72
264 83
265 -89
266 -89
267 47
268 4
269 -9
270 -40
271 40
272 -14
273 48
274 -21
275 -64
276 63
277 -50
278 16
279 35
280 39
281 -46
282 -70
283 28
284 -68
285 28
286 -19
287 -77
288 58
289 98
290 -80
291 53
292 80
293 -28
294 73
295 97
296 29
297 20
298 -15
299 -51
300 -47
301 100
302 62
303 51
304 4
305 -44
306 86
307 57
308 73
309 98
310 18
311 -77
312 -54
313 -96
314 -45
315 -94
316 81
317 22
318 -23
319 81
320 -87
321 65
322 -20
323 95
324 -54
325 -88
326 72
327 -21
328 28
329 32
330 -22
331 50
332 39
333 29
334 -1
335 49
336 83
337 2
338 -20
339 34
340 -60
341 29
342 -84
343 73
344 -52
345 2
346 -53
347 41
348 -7
349 10
350 -24
351 -84
352 89
353 91
354 95
355 38
356 21
357 -45
358 10
359 -30
360 55
361 76
362 54
363 39
364 -25
365 77
366 55
367 -87
368 47
369 65
370 4
371 -59
372 64
373 61
374 4
375 35
376 44
377 -46
378 -69
379 50
380 -4
381 73
382 69
383 -24
384 -34
385 9
386 15
387 21
388 -90
389 -6
390 -44
391 34
392 38
393 -80
394 -48
395 100
396 18
397 -26
398 3
399 90
400 -21
401 -8
402 16
403 -82
404 91
405 25
406 18
407 -13
408 -57
409 -51
410 83
411 -43
412 54
413 -60
414 -63
415 -51
416 -67
417 -69
418 -18
419 9
420 65
421 73
422 62
423 52
424 -77
425 46
426 57
427 60
428 54
429 -23
430 25
431 -83
432 -35
433 100
434 -39
435 -4
436 -16
437 -43
438 -77
439 72
440 80
441 85
442 -52
443 -71
444 -31
445 96
446 -90
447 71
448 -17
449 11
450 23
451 -25
452 82
453 -83
454 77
455 -8
456 -21
457 -74
458 -51
459 66
460 -14
461 52
462 -12
463 -1
464 80
465 34
466 -80
467 36
468 45
469 59
470 20
471 -62
472 51
473 40
474 60
475 -39
476 -60
477 62
478 -12
479 12
480 -35
481 67
482 90
483 -87
484 100
485 -67
486 96
487 94
488 89
489 39
490 60
491 -7
492 69
493 -71
494 18
495 98
496 -75
497 -66
498 19
499 -89
500 63
501 3
502 -42
503 91
504 31
505 22
506 24
507 33
508 57
509 65
510 -71
511 -15
