0 84
1 54
2 -60
3 -81
4 71
5 73
6 -85
7 -3
8 -10
9 -72
10 -19
11 -40
12 -63
13 -35
14 26
15 -95
16 -78
17 -78
18 12
19 -70
20 6
21 -62
22 -18
23 74
24 47
25 10
26 -50
27 -21
28 59
29 -93
30 -31
31 -89
32 -29
33 52
34 65
35 -58
36 27
37 -27
38 -19
39 52
40 -62
41 -81
42 12
43 64
44 -67
45 -42
46 81
47 21
48 47
49 -76
50 -59
51 74
52 -95
53 -41
54 31
55 -5
56 -86
57 90
58 -3
59 -75
60 49
61 17
62 -11
63 -39
64 46
65 47
66 84
67 8
68 51
69 37
70 -21
71 11
72 70
73 76
74 85
75 36
76 42
77 29
78 14
79 54
80 -40
81 43
82 19
83 97
84 39
85 8
86 20
87 82
88 -67
89 32
90 95
91 -29
92 97
93 -25
94 82
95 7
96 84
97 -38
98 -44
99 75
100 -83
101 63
102 35
103 -64
104 20
105 87
106 -2
107 0
108 -13
109 84
110 61
111 -69
112 20
113 -58
114 93
115 -31
116 -6
117 -36
118 -26
119 81
120 -78
121 -90
122 7
123 -5
124 -62
125 73
126 -72
127 -7
128 -38
129 -51
130 -29
131 -99
132 -83
133 65
134 64
135 -30
136 87
137 -23
138 -44
139 -91
140 16
141 23
142 -55
143 -91
144 -100
145 56
146 25
147 -36
148 -70
149 -29
150 -60
151 -25
152 65
153 27
154 55
155 -49
156 91
157 2
158 72
159 63
160 -19
161 77
162 -33
163 5
164 -55
165 40
166 21
167 -34
168 18
169 -68
170 -46
171 -23
172 -42
173 -38
174 -94
175 88
176 -4
177 -80
178 98
179 45
180 -83
181 -59
182 -90
183 -50
184 63
185 -79
186 -43
187 34
188 22
189 -43
190 -20
191 -37
192 64
193 44
194 75
195 94
196 18
197 -90
198 -2
199 16
200 -93
201 -28
202 5
203 50
204 81
205 76
206 99
207 -55
208 -84
209 10
210 5
211 -36
212 79
213 -90
214 -4
215 -31
216 47
217 85
218 36
219 25
220 -26
221 -31
222 -98
223 65
224 -51
225 -81
226 93
227 -56
228 -57
229 -53
230 19
231 17
232 12
233 -60
234 48
235 4
236 -5
237 -59
238 -69
239 -83
240 -11
241 -16
242 67
243 94
244 83
245 -2
246 -79
247 -31
248 -99
249 90
250 -6
251 90
252 -38
253 -34
254 -29
255 25
256 70
257 -50
258 -27
259 -85
260 46
261 -19
262 -39
263 -8
264 -6
265 -77
266 -88
267 -17
268 24
269 67
270 -25
271 75
272 -49
273 -81
274 -96
275 58
276 -64
277 14
278 -17
279 -21
280 -49
281 40
282 28
283 -68
284 37
285 -75
286 78
287 -95
288 -92
289 9
290 1
291 16
292 68
293 64
294 -24
295 -19
296 65
297 -86
298 12
299 89
300 48
301 -75
302 -13
303 -61
304 65
305 -36
306 65
307 -91
308 -10
309 -57
310 -52
311 64
312 27
313 4
314 -8
315 63
316 82
317 71
318 -39
319 -62
320 43
321 41
322 -14
323 6
324 4
325 -66
326 39
327 -43
328 34
329 -94
330 98
331 99
332 -49
333 0
334 35
335 -26
336 65
337 79
338 -2
339 -6
340 83
341 76
342 -79
343 72
344 -8
345 -60
346 -68
347 -2
348 11
349 -16
350 -36
351 -99
352 -16
353 -19
354 -20
355 99
356 -12
357 -96
358 85
359 -78
360 -93
361 -42
362 13
363 32
364 -7
365 -36
366 46
367 43
368 -1
369 -75
370 -81
371 55
372 90
373 -42
374 70
375 23
376 -11
377 26
378 -52
379 -34
380 37
381 33
382 46
383 -40
384 39
385 6
386 17
387 10
388 -52
389 -52
390 -42
391 -100
392 -24
393 -39
394 32
395 -20
396 -25
397 -24
398 -45
399 86
400 73
401 50
402 -94
403 34
404 38
405 -38
406 -3
407 -56
408 69
409 -45
410 58
411 87
412 -34
413 -80
414 1
415 -19
416 87
417 -43
418 54
419 18
420 48
421 9
422 64
423 37
424 7
425 -19
426 -60
427 99
428 -39
429 81
430 -4
431 2
432 81
433 100
434 77
435 -81
436 32
437 31
438 -44
439 14
440 77
441 -84
442 -29
443 -74
444 57
445 26
446 13
447 -4
448 88
449 -97
450 -16
451 -18
452 -88
453 67
454 -100
455 49
456 -53
457 -57
458 -38
459 13
460 -86
461 -75
462 46
463 -35
464 68
465 -32
466 52
467 -32
468 33
469 49
470 -78
471 55
472 54
473 100
474 52
475 -38
476 -99
477 -44
478 35
479 80
480 95
481 82
482 -67
483 76
484 99
485 -34
486 -82
487 -4
488 46
489 68
490 59
491 68
492 2
493 -49
494 28
495 -94
496 -3
497 37
498 82
499 -12
500 66
501 42
502 67
503 97
504 4
505 45
506 84
507 -73
508 26
509 27
510 -16
511 18
