0 -80
1 3
2 -95
3 74
4 -35
5 78
6 -78
7 -24
8 12
9 70
10 -53
11 -78
12 -15
13 -89
14 61
15 30
16 68
17 82
18 -25
19 -93
20 27
21 53
22 -41
23 61
24 52
25 20
26 33
27 42
28 93
29 86
30 90
31 -21
32 39
33 64
34 -33
35 62
36 -47
37 12
38 61
39 79
40 91
41 -46
42 37
43 37
44 -63
45 72
46 -24
47 -41
48 -34
49 31
50 -67
51 89
52 44
53 -50
54 -61
55 100
56 -85
57 -23
58 -50
59 84
60 -1
61 -73
62 -27
63 74
64 2
65 87
66 -36
67 52
68 87
69 77
70 -61
71 42
72 -35
73 -51
74 -3
75 -18
76 -30
77 -52
78 53
79 -92
80 93
81 -29
82 83
83 -51
84 -13
85 -88
86 19
87 96
88 -94
89 -82
90 -86
91 -57
92 -6
93 -59
94 -4
95 76
96 -21
97 88
98 57
99 -42
100 88
101 44
102 96
103 -72
104 -83
105 -81
106 43
107 -21
108 86
109 27
110 -57
111 -88
112 75
113 21
114 -70
115 -68
116 -68
117 -25
118 -91
119 78
120 -73
121 -3
122 -80
123 -46
124 18
125 2
126 77
127 -68
128 81
129 19
130 88
131 -61
132 14
133 29
134 -39
135 26
136 84
137 35
138 -54
139 85
140 95
141 19
142 -63
143 40
144 -74
145 68
146 -23
147 57
148 83
149 84
150 -24
151 43
152 -21
153 33
154 56
155 -16
156 89
157 42
158 -97
159 -84
160 -47
161 -35
162 -84
163 -29
164 3
165 88
166 96
167 -67
168 79
169 -78
170 50
171 64
172 -33
173 -40
174 76
175 -43
176 8
177 -17
178 -82
179 12
180 -85
181 56
182 -71
183 -70
184 26
185 -44
186 24
187 -8
188 30
189 30
190 53
191 42
192 84
193 68
194 66
195 29
196 -10
197 36
198 -54
199 85
200 71
201 3
202 80
203 19
204 -15
205 41
206 67
207 -31
208 -61
209 72
210 -96
211 61
212 42
213 33
214 48
215 94
216 -6
217 -23
218 -68
219 84
220 16
221 -42
222 45
223 -88
224 78
225 -82
226 39
227 -73
228 -93
229 -19
230 99
231 62
232 46
233 6
234 12
235 32
236 -40
237 -14
238 18
239 91
240 -70
241 -12
242 2
243 -82
244 92
245 25
246 -52
247 -47
248 -31
249 99
250 -16
251 7
252 -39
253 -70
254 -39
255 18
256 50
257 41
258 -96
259 -91
260 24
261 -75
262 46
263 -7
264 69
265 62
266 95
267 29
268 -30
269 23
270 -68
271 -60
272 -89
273 -60
274 73
275 59
276 -97
277 85
278 -21
279 53
280 3
281 -11
282 6
283 91
284 46
285 31
286 -25
287 -9
288 35
289 25
290 -3
291 -21
292 -86
293 -50
294 33
295 -38
296 -79
297 1
298 -79
299 58
300 42
301 20
302 93
303 -15
304 -41
305 72
306 -13
307 -66
308 -100
309 -33
310 25
311 -4
312 86
313 84
314 83
315 31
316 51
317 -70
318 -53
319 -84
320 -56
321 -57
322 91
323 12
324 93
325 -24
326 6
327 62
328 -88
329 89
330 0
331 -31
332 52
333 -22
334 -39
335 11
336 -68
337 -20
338 -91
339 -62
340 95
341 35
342 -55
343 96
344 9
345 12
346 67
347 -52
348 -71
349 16
350 -9
351 -90
352 85
353 -19
354 -82
355 87
356 -37
357 36
358 71
359 -33
360 -28
361 -62
362 -52
363 53
364 -92
365 95
366 -81
367 -23
368 54
369 82
370 35
371 -52
372 -29
373 44
374 21
375 -9
376 -18
377 -17
378 75
379 15
380 25
381 70
382 10
383 -22
384 10
385 -76
386 -68
387 84
388 10
389 18
390 -29
391 48
392 24
393 -13
394 -33
395 59
396 13
397 -59
398 -18
399 -51
400 -67
401 13
402 76
403 69
404 -13
405 27
406 -22
407 -22
408 -87
409 43
410 -57
411 67
412 42
413 54
414 36
415 -59
416 -76
417 92
418 100
419 11
420 43
421 10
422 -80
423 16
424 38
425 47
426 -27
427 6
428 -51
429 99
430 86
431 -21
432 -97
433 99
434 -86
435 -13
436 73
437 -18
438 57
439 32
440 -20
441 -72
442 23
443 12
444 14
445 56
446 45
447 -43
448 68
449 33
450 -82
451 52
452 91
453 44
454 23
455 85
456 -21
457 9
458 -1
459 -65
460 21
461 54
462 -97
463 46
464 -48
465 13
466 19
467 -38
468 53
469 3
470 94
471 -51
472 -15
473 77
474 -38
475 46
476 27
477 -49
478 75
479 19
480 -90
481 22
482 -43
483 5
484 -2
485 80
486 -10
487 -6
488 -53
489 41
490 -12
491 -51
492 11
493 -74
494 -52
495 -97
496 -9
497 -65
498 11
499 -67
500 67
501 -26
502 77
503 37
504 16
505 14
506 -20
507 52
508 -39
509 -26
510 -93
511 -84
