0 59
1 -86
2 86
3 -18
4 -71
5 -87
6 73
7 -13
8 48
9 -74
10 -50
11 54
12 -42
13 43
14 39
15 -55
16 -37
17 76
18 16
19 61
20 -22
21 75
22 -29
23 -82
24 16
25 -33
26 85
27 47
28 25
29 -29
30 -79
31 -27
32 34
33 78
34 17
35 -11
36 -95
37 -4
38 -66
39 55
40 -9
41 -16
42 -52
43 44
44 -15
45 14
46 60
47 48
48 -54
49 -4
50 -74
51 72
52 21
53 56
54 -37
55 -65
56 15
57 -71
58 26
59 -43
60 -5
61 47
62 47
63 -5
64 -86
65 76
66 -76
67 -64
68 16
69 99
70 69
71 47
72 21
73 -2
74 20
75 -51
76 23
77 61
78 -74
79 -30
80 -78
81 67
82 16
83 -83
84 57
85 21
86 -63
87 24
88 80
89 -89
90 -79
91 91
92 34
93 -99
94 -60
95 -85
96 -31
97 -38
98 74
99 94
100 -46
101 75
102 -21
103 -99
104 -27
105 -39
106 -11
107 94
108 -75
109 -91
110 -49
111 -51
112 -69
113 -9
114 -32
115 -77
116 -61
117 -1
118 94
119 -53
120 -31
121 -42
122 -21
123 6
124 93
125 -60
126 -35
127 31
128 -30
129 -80
130 22
131 42
132 -52
133 -84
134 93
135 -19
136 31
137 86
138 -85
139 -19
140 19
141 52
142 -24
143 43
144 56
145 75
146 -55
147 34
148 -15
149 -17
150 89
151 41
152 -3
153 -33
154 62
155 11
156 -91
157 55
158 88
159 -41
160 87
161 -33
162 -49
163 2
164 -94
165 13
166 37
167 71
168 -79
169 -94
170 8
171 22
172 -40
173 5
174 -19
175 55
176 12
177 -34
178 -94
179 -58
180 -27
181 5
182 -67
183 -15
184 -50
185 -26
186 -17
187 79
188 -34
189 -22
190 0
191 -34
192 59
193 -10
194 -33
195 47
196 35
197 1
198 74
199 63
200 27
201 -68
202 -58
203 93
204 -21
205 23
206 78
207 59
208 -5
209 65
210 -86
211 43
212 22
213 64
214 -67
215 -100
216 58
217 40
218 -82
219 -71
220 70
221 100
222 90
223 99
224 66
225 61
226 85
227 -64
228 6
229 16
230 -51
231 -62
232 6
233 31
234 43
235 -54
236 54
237 73
238 38
239 100
240 -66
241 0
242 42
243 71
244 14
245 73
246 32
247 29
248 64
249 -88
250 73
251 -83
252 -71
253 -96
254 -26
255 -14
256 32
257 -72
258 -57
259 -80
260 -94
261 -82
262 54
263 61
264 -85
265 -51
266 22
267 -36
268 12
269 71
270 -10
271 8
272 37
273 -34
274 87
275 68
276 64
277 24
278 52
279 -72
280 54
281 -27
282 55
283 84
284 14
285 -96
286 77
287 85
288 -8
289 -32
290 64
291 -97
292 -27
293 16
294 -40
295 67
296 -45
297 18
298 90
299 10
300 -96
301 85
302 62
303 5
304 -25
305 96
306 -53
307 42
308 76
309 -75
310 -28
311 100
312 -55
313 73
314 -38
315 84
316 -88
317 -26
318 53
319 -55
320 -23
321 11
322 -67
323 -66
324 29
325 -49
326 -50
327 -88
328 -61
329 -6
330 35
331 -99
332 -9
333 -84
334 -85
335 75
336 54
337 -89
338 9
339 92
340 -82
341 -5
342 93
343 58
344 -81
345 -68
346 -82
347 79
348 -45
349 -2
350 13
351 -52
352 -63
353 -98
354 96
355 29
356 -34
357 72
358 -71
359 -26
360 88
361 41
362 59
363 -46
364 -14
365 33
366 58
367 91
368 60
369 16
370 -34
371 -46
372 71
373 -28
374 60
375 -23
376 -47
377 32
378 -98
379 -5
380 -61
381 -99
382 -16
383 -19
384 -21
385 -94
386 15
387 -67
388 -13
389 -95
390 99
391 49
392 -31
393 -35
394 -26
395 -13
396 35
397 -94
398 20
399 -28
400 -1
401 45
402 98
403 3
404 43
405 -34
406 -9
407 97
408 -15
409 54
410 -70
411 -28
412 -12
413 -51
414 -84
415 48
416 -78
417 -96
418 81
419 80
420 -13
421 -47
422 -82
423 -83
424 34
425 85
426 -84
427 80
428 -81
429 11
430 65
431 32
432 44
433 -68
434 22
435 -17
436 -52
437 -35
438 -5
439 75
440 -69
441 10
442 53
443 50
444 -77
445 65
446 12
447 -87
448 -23
449 -33
450 55
451 -90
452 57
453 19
454 5
455 29
456 96
457 1
458 -65
459 -5
460 -70
461 53
462 96
463 -57
464 -49
465 65
466 73
467 -74
468 10
469 83
470 54
471 34
472 16
473 -37
474 -2
475 -64
476 -75
477 75
478 -88
479 58
480 -74
481 35
482 85
483 -13
484 8
485 36
486 -23
487 -15
488 37
489 100
490 85
491 51
492 22
493 46
494 -61
495 -58
496 96
497 34
498 -96
499 -79
500 71
501 -42
502 -30
503 -27
504 -72
505 38
506 46
507 -14
508 3
509 74
510 3
511 -68
