0 -3
1 4
2 81
3 3
4 -73
5 -63
6 42
7 92
8 20
9 62
10 38
11 88
12 -83
13 -90
14 -17
15 93
16 43
17 -58
18 -78
19 11
20 -84
21 39
22 63
23 -59
24 21
25 82
26 -74
27 -3
28 -74
29 36
30 87
31 -20
32 -79
33 -19
34 -32
35 -71
36 15
37 42
38 -56
39 -19
40 98
41 61
42 -14
43 -19
44 -93
45 86
46 -33
47 77
48 -98
49 -57
50 -78
51 15
52 -95
53 -21
54 -30
55 32
56 77
57 65
58 11
59 -98
60 47
61 82
62 46
63 -62
64 20
65 -54
66 -9
67 -34
68 20
69 -77
70 44
71 -54
72 -72
73 16
74 95
75 43
76 -84
77 79
78 -100
79 28
80 -92
81 -6
82 -29
83 4
84 -95
85 -59
86 -69
87 45
88 -33
89 -5
90 76
91 78
92 69
93 39
94 -87
95 -61
96 93
97 -99
98 73
99 -35
100 -63
101 -25
102 50
103 69
104 -39
105 53
106 65
107 82
108 44
109 21
110 100
111 -44
112 24
113 -69
114 -66
115 -49
116 89
117 53
118 70
119 -6
120 -94
121 -56
122 -72
123 12
124 15
125 -15
126 -31
127 -14
128 35
129 99
130 -74
131 26
132 -40
133 -100
134 31
135 -77
136 -69
137 -34
138 42
139 -6
140 30
141 63
142 15
143 -32
144 90
145 29
146 -4
147 -63
148 -42
149 2
150 -58
151 90
152 -8
153 -19
154 63
155 -100
156 -43
157 60
158 -54
159 30
160 -1
161 73
162 -58
163 26
164 -9
165 36
166 -66
167 79
168 -35
169 32
170 -6
171 -18
172 35
173 -11
174 -21
175 -61
176 72
177 -10
178 5
179 -91
180 -74
181 44
182 -79
183 21
184 32
185 -48
186 94
187 -62
188 69
189 85
190 -44
191 -80
192 -33
193 -4
194 4
195 13
196 22
197 100
198 89
199 71
200 -52
201 -92
202 4
203 -32
204 -44
205 -85
206 42
207 86
208 -60
209 -99
210 1
211 -32
212 55
213 46
214 8
215 64
216 -51
217 -84
218 -61
219 -7
220 77
221 -31
222 50
223 -70
224 34
225 47
226 -18
227 8
228 11
229 -31
230 67
231 93
232 -93
233 87
234 45
235 -61
236 -70
237 79
238 -32
239 -20
240 83
241 -93
242 -24
243 -69
244 -29
245 -71
246 -4
247 99
248 15
249 87
250 -11
251 100
252 8
253 9
254 60
255 -70
256 -5
257 -16
258 -1
259 -39
260 22
261 -45
262 -40
263 98
264 -8
265 -31
266 -7
267 48
268 -99
269 88
270 -40
271 -53
272 -98
273 80
274 6
275 -33
276 24
277 -20
278 -39
279 -69
280 -44
281 52
282 -91
283 97
284 0
285 64
286 -91
287 53
288 -90
289 -72
290 -93
291 -83
292 10
293 41
294 32
295 -28
296 18
297 -9
298 90
299 -73
300 -83
301 -67
302 46
303 59
304 -14
305 -11
306 50
307 -19
308 74
309 87
310 76
311 28
312 48
313 -76
314 97
315 -77
316 -50
317 46
318 21
319 -89
320 -20
321 -7
322 45
323 80
324 -23
325 -64
326 69
327 -91
328 92
329 -29
330 27
331 98
332 -44
333 0
334 78
335 -15
336 53
337 35
338 7
339 3
340 43
341 -84
342 -26
343 -54
344 -45
345 -14
346 -35
347 -70
348 -28
349 -45
350 80
351 90
352 -37
353 87
354 25
355 77
356 65
357 -25
358 44
359 -2
360 -59
361 -50
362 72
363 91
364 -71
365 9
366 -7
367 86
368 -42
369 -78
370 -93
371 73
372 -79
373 -7
374 32
375 20
376 -81
377 29
378 -9
379 9
380 -20
381 20
382 -56
383 -72
384 -90
385 -39
386 -35
387 -36
388 2
389 -24
390 10
391 -36
392 72
393 54
394 68
395 -66
396 -10
397 -52
398 -77
399 -26
400 -5
401 58
402 71
403 -21
404 77
405 23
406 34
407 -82
408 -85
409 -27
410 -73
411 25
412 59
413 -91
414 -65
415 0
416 78
417 68
418 -17
419 -18
420 -3
421 -70
422 -16
423 22
424 -87
425 61
426 -58
427 -95
428 -100
429 67
430 18
431 -45
432 30
433 32
434 -38
435 71
436 59
437 -23
438 28
439 32
440 46
441 -45
442 19
443 -85
444 -7
445 -11
446 -30
447 65
448 46
449 -80
450 -96
451 70
452 94
453 50
454 94
455 -57
456 68
457 -30
458 -97
459 -94
460 96
461 -38
462 -54
463 85
464 63
465 44
466 -41
467 -40
468 41
469 8
470 53
471 2
472 6
473 48
474 -70
475 -11
476 -8
477 85
478 13
479 8
480 35
481 18
482 -41
483 -15
484 8
485 -57
486 7
487 -58
488 -43
489 100
490 -61
491 -95
492 -67
493 -46
494 22
495 -17
496 46
497 -100
498 -73
499 65
500 97
501 2
502 31
503 70
504 -93
505 -63
506 -14
507 49
508 -59
509 -23
510 -3
511 -15
