0 72
1 43
2 40
3 -95
4 -18
5 -74
6 100
7 45
8 -41
9 -37
10 -26
11 94
12 -27
13 -97
14 78
15 -4
16 -94
17 -7
18 -32
19 -80
20 -4
21 -90
22 75
23 -42
24 -98
25 -78
26 -85
27 -66
28 -13
29 -49
30 -92
31 -49
32 -83
33 4
34 -39
35 -65
36 -29
37 10
38 -52
39 25
40 -78
41 84
42 -95
43 -21
44 -1
45 -64
46 36
47 23
48 81
49 25
50 -35
51 -84
52 30
53 100
54 80
55 -54
56 56
57 -65
58 8
59 -17
60 -67
61 -3
62 64
63 79
64 -91
65 89
66 -22
67 14
68 -13
69 28
70 18
71 77
72 -62
73 -47
74 -8
75 99
76 19
77 3
78 -26
79 86
80 -16
81 9
82 -31
83 -38
84 -78
85 52
86 -14
87 16
88 54
89 58
90 85
91 46
92 78
93 85
94 -34
95 -48
96 42
97 49
98 -91
99 97
100 5
101 -12
102 -20
103 64
104 32
105 -65
106 45
107 91
108 73
109 83
110 11
111 98
112 96
113 -13
114 8
115 10
116 82
117 -97
118 -41
119 -49
120 25
121 -92
122 89
123 25
124 41
125 -52
126 8
127 68
128 -92
129 -56
130 -49
131 89
132 53
133 -46
134 -35
135 45
136 -36
137 71
138 -38
139 -51
140 95
141 85
142 7
143 7
144 -92
145 92
146 -56
147 -2
148 -80
149 17
150 -18
151 53
152 17
153 -13
154 30
155 -89
156 -11
157 44
158 45
159 -85
160 -91
161 -83
162 -82
163 47
164 -32
165 -9
166 42
167 -58
168 2
169 -82
170 73
171 21
172 -9
173 82
174 62
175 -39
176 22
177 -15
178 -43
179 -96
180 -25
181 -11
182 81
183 -87
184 51
185 -31
186 98
187 61
188 -95
189 39
190 -30
191 -76
192 -80
193 -87
194 51
195 -96
196 -36
197 -23
198 -64
199 79
200 -15
201 91
202 -3
203 -50
204 7
205 13
206 25
207 -85
208 -33
209 -84
210 81
211 -84
212 7
213 70
214 6
215 -68
216 62
217 31
218 -78
219 -55
220 16
221 -2
222 99
223 -87
224 46
225 66
226 45
227 -30
228 -4
229 7
230 -32
231 33
232 -58
233 72
234 19
235 -13
236 -5
237 -43
238 88
239 -32
240 74
241 -55
242 43
243 -20
244 -92
245 73
246 -84
247 56
248 78
249 -48
250 -18
251 -77
252 -40
253 -36
254 32
255 36
256 -53
257 79
258 -96
259 -98
260 31
261 91
262 -20
263 83
264 70
265 -26
266 -52
267 17
268 -53
269 85
270 48
271 86
272 -49
273 -18
274 -78
275 94
276 -67
277 -12
278 40
279 -80
280 -89
281 80
282 47
283 -51
284 -14
285 -67
286 -71
287 -87
288 90
289 9
290 90
291 -42
292 12
293 -48
294 -56
295 55
296 -16
297 3
298 55
299 23
300 92
301 34
302 -84
303 53
304 -58
305 61
306 -88
307 -26
308 96
309 1
310 28
311 45
312 76
313 -65
314 -70
315 15
316 12
317 -2
318 -15
319 -55
320 -90
321 93
322 30
323 -43
324 -61
325 62
326 27
327 -9
328 79
329 78
330 77
331 55
332 8
333 -91
334 -75
335 -51
336 2
337 78
338 -74
339 -71
340 -5
341 100
342 -53
343 -95
344 -82
345 -1
346 94
347 88
348 -15
349 51
350 -37
351 -15
352 13
353 23
354 94
355 93
356 -39
357 -79
358 82
359 38
360 88
361 66
362 -29
363 -68
364 -46
365 73
366 -32
367 54
368 87
369 -61
370 -42
371 17
372 35
373 91
374 48
375 15
376 -95
377 17
378 -74
379 -25
380 21
381 -51
382 29
383 -79
384 -53
385 -64
386 54
387 -72
388 58
389 -98
390 -51
391 78
392 -40
393 -48
394 -99
395 -44
396 56
397 -42
398 -63
399 90
400 34
401 74
402 65
403 -27
404 92
405 54
406 -75
407 43
408 28
409 -36
410 44
411 98
412 8
413 80
414 88
415 -48
416 28
417 74
418 -35
419 8
420 -62
421 8
422 54
423 28
424 -49
425 50
426 -86
427 -12
428 8
429 9
430 -35
431 56
432 -51
433 -53
434 44
435 90
436 -27
437 -80
438 65
439 66
440 -41
441 -76
442 96
443 -14
444 34
445 16
446 27
447 -37
448 72
449 33
450 -63
451 -15
452 89
453 3
454 -77
455 16
456 -9
457 83
458 83
459 -34
460 -91
461 -84
462 84
463 -48
464 85
465 -17
466 97
467 -27
468 -62
469 31
470 -66
471 86
472 92
473 59
474 -51
475 -4
476 91
477 -89
478 95
479 56
480 60
481 64
482 -33
483 6
484 -63
485 89
486 78
487 32
488 -54
489 -40
490 -95
491 -44
492 -38
493 -47
494 16
495 0
496 33
497 76
498 99
499 -3
500 -2
501 94
502 53
503 32
504 -1
505 -8
506 27
507 51
508 9
509 97
510 -20
511 90
