0 100
1 41
2 65
3 87
4 8
5 -20
6 -93
7 82
8 -95
9 65
10 76
11 -21
12 5
13 86
14 59
15 -69
16 95
17 66
18 -20
19 -91
20 78
21 -23
22 -68
23 80
24 -12
25 -89
26 65
27 -42
28 100
29 -53
30 60
31 100
32 -96
33 67
34 -96
35 -92
36 38
37 -83
38 -53
39 -65
40 -26
41 -41
42 -22
43 14
44 94
45 -49
46 -3
47 95
48 8
49 -68
50 -42
51 88
52 29
53 -62
54 47
55 -51
56 43
57 -89
58 -95
59 -25
60 86
61 -35
62 25
63 -12
64 -48
65 0
66 66
67 -3
68 -65
69 79
70 -36
71 37
72 19
73 -71
74 -93
75 -20
76 -55
77 -15
78 68
79 -91
80 58
81 6
82 83
83 24
84 45
85 -91
86 53
87 2
88 23
89 71
90 69
91 -5
92 26
93 3
94 73
95 -33
96 -89
97 2
98 -41
99 36
100 62
101 -99
102 -29
103 96
104 -7
105 25
106 -48
107 50
108 77
109 -12
110 -22
111 -79
112 59
113 -53
114 36
115 -40
116 -42
117 58
118 67
119 72
120 13
121 27
122 84
123 85
124 97
125 60
126 1
127 -63
128 89
129 -95
130 64
131 -76
132 97
133 -45
134 63
135 -23
136 -13
137 -41
138 82
139 32
140 12
141 98
142 69
143 -43
144 28
145 -46
146 -5
147 -2
148 -71
149 35
150 -83
151 -99
152 49
153 15
154 -49
155 50
156 29
157 89
158 -7
159 26
160 42
161 31
162 89
163 51
164 19
165 84
166 75
167 70
168 -89
169 86
170 84
171 81
172 18
173 -14
174 -43
175 92
176 -98
177 -20
178 -10
179 -52
180 -51
181 -31
182 -66
183 24
184 16
185 93
186 60
187 -44
188 -50
189 -47
190 -80
191 -67
192 -17
193 15
194 80
195 -1
196 -9
197 48
198 3
199 -28
200 75
201 -99
202 -15
203 85
204 -11
205 15
206 -40
207 -23
208 77
209 72
210 -89
211 -60
212 58
213 -92
214 -75
215 41
216 90
217 50
218 45
219 -30
220 82
221 -48
222 -72
223 -62
224 -50
225 -87
226 -96
227 52
228 -62
229 -82
230 36
231 20
232 -84
233 -63
234 37
235 -27
236 -64
237 -8
238 26
239 -30
240 -55
241 96
242 86
243 73
244 67
245 7
246 61
247 -49
248 -85
249 -74
250 -14
251 100
252 70
253 54
254 57
255 -67
256 -21
257 47
258 -74
259 86
260 -68
261 -61
262 13
263 -7
264 -87
265 56
266 60
267 -64
268 -10
269 52
270 15
271 27
272 -46
273 -40
274 82
275 80
276 65
277 16
278 -12
279 -96
280 46
281 81
282 -99
283 -27
284 17
285 80
286 -84
287 89
288 88
289 9
290 -67
291 -83
292 69
293 55
294 -35
295 18
296 55
297 -23
298 -67
299 -79
300 -9
301 -94
302 -52
303 17
304 34
305 -26
306 -95
307 16
308 16
309 55
310 3
311 -50
312 -46
313 6
314 82
315 -75
316 -64
317 -28
318 72
319 18
320 41
321 -1
322 81
323 -34
324 15
325 -89
326 -54
327 -23
328 2
329 -49
330 -51
331 -70
332 -15
333 91
334 -13
335 39
336 85
337 -73
338 -46
339 17
340 16
341 18
342 23
343 8
344 -88
345 96
346 25
347 -96
348 -89
349 72
350 -32
351 -23
352 -58
353 75
354 45
355 25
356 73
357 -32
358 29
359 75
360 58
361 1
362 -45
363 47
364 52
365 -4
366 -46
367 -38
368 -66
369 -4
370 11
371 -77
372 93
373 -7
374 -59
375 28
376 82
377 76
378 -59
379 -94
380 83
381 76
382 -23
383 -74
384 77
385 -16
386 81
387 -99
388 -92
389 8
390 74
391 79
392 -83
393 86
394 -11
395 -31
396 19
397 -83
398 28
399 -44
400 -38
401 -63
402 -28
403 -79
404 -5
405 -78
406 -71
407 90
408 35
409 10
410 92
411 1
412 73
413 -74
414 -52
415 38
416 97
417 -62
418 33
419 39
420 30
421 45
422 11
423 -18
424 -90
425 62
426 -57
427 -29
428 92
429 40
430 -7
431 -73
432 95
433 59
434 32
435 32
436 -39
437 -5
438 -69
439 -12
440 -7
441 45
442 -3
443 -5
444 53
445 30
446 45
447 -26
448 -31
449 17
450 -88
451 -28
452 89
453 37
454 -34
455 78
456 -53
457 -47
458 -50
459 92
460 -100
461 65
462 43
463 -57
464 -56
465 -9
466 -72
467 67
468 -37
469 16
470 -10
471 77
472 -2
473 -27
474 44
475 -71
476 -12
477 -55
478 -15
479 -53
480 36
481 93
482 99
483 -52
484 71
485 42
486 10
487 -65
488 -92
489 -100
490 -62
491 -52
492 99
493 0
494 -28
495 89
496 30
497 -17
498 -55
499 48
500 -11
501 -33
502 -42
503 54
504 -43
505 -40
506 -75
507 20
508 61
509 31
510 -9
511 -84
