0 8
1 -58
2 -4
3 3
4 65
5 16
6 56
7 19
8 -7
9 76
10 -7
11 -63
12 -83
13 -75
14 -47
15 -80
16 16
17 -22
18 -47
19 -74
20 -33
21 54
22 -72
23 -65
24 51
25 33
26 84
27 93
28 24
29 43
30 -99
31 88
32 86
33 86
34 -46
35 19
36 -19
37 -69
38 37
39 29
40 8
41 3
42 -91
43 -27
44 -86
45 45
46 82
47 -15
48 1
49 83
50 -33
51 -4
52 -79
53 5
54 90
55 -91
56 99
57 -54
58 -92
59 74
60 -20
61 -79
62 97
63 -37
64 -55
65 -26
66 39
67 91
68 -93
69 48
70 19
71 63
72 74
73 87
74 -36
75 32
76 12
77 73
78 -19
79 -13
80 -13
81 46
82 35
83 -90
84 -58
85 2
86 -2
87 -45
88 -37
89 5
90 71
91 -88
92 29
93 -38
94 -31
95 84
96 -37
97 66
98 -49
99 63
100 57
101 -86
102 19
103 57
104 29
105 55
106 42
107 35
108 -97
109 18
110 77
111 11
112 60
113 -12
114 83
115 -55
116 8
117 73
118 -59
119 -30
120 -10
121 22
122 -2
123 45
124 24
125 -68
126 -91
127 61
128 25
129 96
130 -61
131 16
132 -41
133 -67
134 44
135 100
136 15
137 13
138 -30
139 97
140 -7
141 43
142 -100
143 5
144 -2
145 -30
146 -3
147 74
148 -31
149 1
150 -55
151 -1
152 68
153 -17
154 99
155 90
156 -39
157 27
158 34
159 -100
160 82
161 56
162 -18
163 -45
164 57
165 6
166 12
167 -68
168 80
169 71
170 24
171 -71
172 -28
173 -38
174 -28
175 23
176 -71
177 -23
178 -10
179 39
180 58
181 -51
182 54
183 -19
184 -12
185 100
186 37
187 3
188 32
189 69
190 -5
191 -56
192 91
193 21
194 -52
195 16
196 -40
197 33
198 -56
199 -70
200 -66
201 -99
202 -44
203 48
204 -25
205 93
206 -98
207 -73
208 20
209 -66
210 4
211 3
212 -84
213 -39
214 -30
215 89
216 -61
217 -60
218 -76
219 83
220 79
221 -55
222 -92
223 56
224 -90
225 -81
226 32
227 -99
228 -29
229 -58
230 -31
231 25
232 74
233 3
234 -39
235 22
236 -98
237 33
238 71
239 78
240 13
241 -42
242 11
243 -79
244 -34
245 -45
246 5
247 -52
248 54
249 -77
250 65
251 -58
252 -78
253 -75
254 -64
255 -81
256 19
257 91
258 8
259 -72
260 -85
261 79
262 -68
263 -23
264 80
265 -22
266 59
267 -57
268 97
269 -64
270 66
271 -49
272 -37
273 -63
274 -24
275 8
276 7
277 47
278 58
279 -43
280 11
281 -39
282 -5
283 -67
284 -95
285 -31
286 85
287 -33
288 88
289 -81
290 62
291 -16
292 -26
293 -33
294 -3
295 -90
296 71
297 -41
298 -61
299 38
300 -20
301 -38
302 -81
303 -8
304 -97
305 -8
306 -89
307 -20
308 -32
309 39
310 -77
311 88
312 21
313 43
314 55
315 66
316 1
317 36
318 32
319 77
320 36
321 33
322 36
323 -42
324 85
325 -59
326 75
327 56
328 93
329 -29
330 -30
331 -16
332 84
333 24
334 24
335 26
336 24
337 83
338 43
339 95
340 -82
341 -36
342 -6
343 -89
344 99
345 -67
346 52
347 -69
348 22
349 -12
350 -49
351 -24
352 -11
353 83
354 97
355 24
356 44
357 46
358 -87
359 -20
360 21
361 73
362 84
363 34
364 -72
365 -98
366 -91
367 -23
368 32
369 -86
370 26
371 66
372 -80
373 19
374 -9
375 83
376 -94
377 -65
378 1
379 83
380 -92
381 70
382 33
383 70
384 -69
385 -50
386 -68
387 -8
388 -24
389 -48
390 -25
391 1
392 97
393 -25
394 14
395 -93
396 -5
397 47
398 -31
399 24
400 78
401 40
402 -36
403 67
404 9
405 4
406 88
407 47
408 -50
409 53
410 12
411 82
412 -83
413 3
414 89
415 92
416 -99
417 77
418 91
419 -6
420 30
421 42
422 100
423 14
424 95
425 4
426 67
427 -77
428 93
429 -86
430 -46
431 -24
432 78
433 11
434 41
435 -31
436 -57
437 40
438 16
439 20
440 69
441 -11
442 97
443 40
444 98
445 -90
446 -66
447 24
448 -85
449 -29
450 -88
451 -24
452 42
453 9
454 53
455 86
456 28
457 -3
458 46
459 -1
460 93
461 49
462 -100
463 -3
464 28
465 86
466 74
467 -72
468 63
469 82
470 -73
471 92
472 79
473 82
474 -12
475 73
476 26
477 26
478 39
479 -32
480 13
481 3
482 53
483 56
484 -70
485 -27
486 -73
487 -50
488 59
489 93
490 -12
491 43
492 75
493 82
494 -98
495 -48
496 20
497 6
498 -40
499 74
500 41
501 57
502 -48
503 56
504 12
505 -84
506 24
507 -8
508 65
509 100
510 -30
511 -75
