0 84
1 23
2 -21
3 28
4 92
5 59
6 -85
7 70
8 33
9 -86
10 -6
11 -25
12 61
13 -88
14 -75
15 -12
16 90
17 13
18 -65
19 75
20 -66
21 63
22 53
23 60
24 -92
25 -28
26 63
27 -31
28 -56
29 37
30 -30
31 80
32 -31
33 75
34 94
35 39
36 8
37 60
38 0
39 53
40 17
41 -56
42 64
43 37
44 31
45 63
46 -63
47 -11
48 -36
49 -14
50 93
51 96
52 12
53 29
54 -49
55 78
56 27
57 -11
58 -62
59 -36
60 -11
61 -47
62 85
63 -11
64 -97
65 -76
66 97
67 26
68 91
69 71
70 25
71 -56
72 -47
73 -44
74 97
75 -24
76 -89
77 52
78 21
79 -76
80 50
81 -25
82 -79
83 -3
84 -15
85 21
86 12
87 -6
88 28
89 80
90 -29
91 86
92 38
93 -18
94 -91
95 -34
96 49
97 65
98 72
99 -95
100 97
101 49
102 93
103 27
104 8
105 65
106 -12
107 49
108 27
109 43
110 33
111 55
112 -2
113 59
114 59
115 77
116 9
117 -64
118 -21
119 100
120 77
121 85
122 -40
123 8
124 -60
125 98
126 -42
127 -3
128 -30
129 96
130 71
131 90
132 -72
133 87
134 16
135 -63
136 -67
137 88
138 -73
139 -80
140 86
141 65
142 -36
143 -9
144 98
145 11
146 -25
147 -18
148 -58
149 44
150 44
151 -90
152 -74
153 92
154 49
155 -6
156 93
157 29
158 12
159 82
160 -95
161 21
162 71
163 -2
164 -32
165 -32
166 2
167 8
168 7
169 -26
170 -24
171 -21
172 -67
173 16
174 41
175 -34
176 74
177 -64
178 59
179 52
180 -7
181 95
182 79
183 93
184 2
185 60
186 76
187 36
188 36
189 2
190 16
191 100
192 -12
193 -38
194 37
195 31
196 -70
197 15
198 28
199 55
200 27
201 -4
202 -77
203 -86
204 31
205 30
206 -74
207 -43
208 -10
209 41
210 -7
211 -61
212 -71
213 -69
214 12
215 38
216 69
217 3
218 -12
219 -62
220 69
221 98
222 -54
223 -87
224 -13
225 -58
226 93
227 -78
228 -52
229 47
230 -63
231 69
232 25
233 95
234 23
235 -62
236 -98
237 -24
238 11
239 -99
240 38
241 97
242 22
243 -94
244 -98
245 -50
246 9
247 98
248 -31
249 32
250 60
251 -28
252 -44
253 -74
254 -69
255 -92
256 58
257 65
258 -5
259 -17
260 57
261 55
262 53
263 66
264 -92
265 38
266 -25
267 25
268 96
269 -7
270 -81
271 -17
272 19
273 0
274 77
275 6
276 83
277 -44
278 42
279 6
280 -39
281 48
282 -14
283 -31
284 84
285 39
286 17
287 73
288 -1
289 -23
290 -63
291 0
292 -96
293 78
294 -49
295 89
296 7
297 -6
298 30
299 80
300 -84
301 12
302 91
303 -64
304 52
305 56
306 -76
307 79
308 -68
309 46
310 100
311 -82
312 -96
313 19
314 -40
315 -50
316 -31
317 68
318 -92
319 99
320 -55
321 -52
322 57
323 84
324 -35
325 -92
326 -4
327 -78
328 33
329 100
330 12
331 49
332 17
333 -94
334 47
335 61
336 -28
337 -6
338 -51
339 -82
340 -3
341 -53
342 -92
343 -84
344 8
345 -58
346 48
347 -22
348 -72
349 26
350 -64
351 74
352 37
353 16
354 -11
355 69
356 29
357 -96
358 14
359 70
360 77
361 -50
362 76
363 52
364 79
365 -41
366 42
367 -62
368 100
369 -60
370 34
371 -72
372 68
373 -54
374 79
375 -94
376 11
377 -79
378 48
379 -3
380 12
381 -69
382 -35
383 65
384 -53
385 -91
386 -46
387 54
388 92
389 -56
390 -29
391 31
392 41
393 -85
394 34
395 -69
396 -53
397 -64
398 34
399 -86
400 86
401 -90
402 -61
403 90
404 79
405 -55
406 -63
407 50
408 7
409 90
410 -72
411 100
412 79
413 -38
414 1
415 -2
416 -84
417 -92
418 -90
419 21
420 -62
421 -19
422 -26
423 -34
424 -64
425 -93
426 63
427 -9
428 -84
429 -44
430 -54
431 -94
432 32
433 -90
434 45
435 96
436 -94
437 39
438 -36
439 73
440 9
441 -78
442 29
443 62
444 57
445 49
446 -43
447 33
448 -17
449 73
450 45
451 64
452 -26
453 -57
454 77
455 45
456 12
457 -24
458 66
459 -18
460 29
461 78
462 -72
463 -7
464 30
465 51
466 1
467 50
468 -81
469 -64
470 55
471 -86
472 -60
473 -82
474 -99
475 35
476 -36
477 -3
478 -1
479 40
480 56
481 84
482 61
483 93
484 -83
485 99
486 29
487 -47
488 23
489 -45
490 63
491 33
492 -13
493 -29
494 13
495 -64
496 -79
497 -8
498 -99
499 -71
500 18
501 71
502 24
503 5
504 33
505 -18
506 -78
507 -18
508 -72
509 74
510 84
511 -59
