0 26
1 -92
2 80
3 -93
4 58
5 8
6 -91
7 -72
8 -81
9 36
10 34
11 -8
12 29
13 69
14 -51
15 4
16 58
17 -9
18 -54
19 9
20 58
21 13
22 47
23 29
24 -20
25 -2
26 71
27 -38
28 -66
29 -96
30 -18
31 100
32 -99
33 -10
34 -84
35 47
36 -61
37 11
38 13
39 80
40 0
41 -22
42 -45
43 -78
44 23
45 -66
46 -17
47 92
48 1
49 -39
50 -53
51 11
52 80
53 16
54 26
55 -25
56 6
57 59
58 -37
59 -20
60 -100
61 -18
62 -26
63 23
64 -60
65 -7
66 -21
67 97
68 -18
69 55
70 -96
71 -10
72 57
73 -44
74 55
75 -38
76 22
77 -37
78 -69
79 -22
80 -41
81 -64
82 35
83 -8
84 73
85 15
86 20
87 -19
88 -71
89 43
90 -67
91 -71
92 -34
93 27
94 -62
95 23
96 8
97 -91
98 0
99 -6
100 -54
101 62
102 -60
103 -76
104 7
105 64
106 -86
107 57
108 31
109 57
110 -63
111 -8
112 15
113 -16
114 -46
115 -66
116 12
117 37
118 59
119 82
120 -40
121 -70
122 -17
123 1
124 90
125 -27
126 -81
127 11
128 -71
129 23
130 93
131 -47
132 17
133 0
134 -65
135 98
136 75
137 -61
138 -73
139 -80
140 57
141 21
142 26
143 70
144 55
145 96
146 65
147 81
148 -28
149 98
150 -44
151 -36
152 -6
153 -43
154 36
155 -14
156 50
157 90
158 -53
159 72
160 15
161 78
162 -73
163 -77
164 20
165 92
166 -78
167 -88
168 88
169 -80
170 13
171 90
172 -45
173 -63
174 29
175 -46
176 58
177 -87
178 77
179 -59
180 -54
181 23
182 47
183 -31
184 -47
185 -63
186 51
187 54
188 21
189 -45
190 -85
191 -62
192 82
193 -27
194 5
195 44
196 10
197 15
198 -91
199 -71
200 -52
201 35
202 7
203 29
204 -59
205 -20
206 18
207 -4
208 89
209 -2
210 16
211 34
212 -13
213 -56
214 93
215 -63
216 70
217 -44
218 2
219 -42
220 -29
221 39
222 -73
223 100
224 -32
225 62
226 36
227 -78
228 -37
229 14
230 -25
231 83
232 80
233 28
234 -53
235 -100
236 39
237 -100
238 6
239 -27
240 -4
241 -41
242 -47
243 -6
244 -36
245 80
246 -89
247 25
248 63
249 -21
250 60
251 -58
252 -77
253 76
254 64
255 -69
256 -86
257 -83
258 -84
259 75
260 -97
261 7
262 -15
263 10
264 -20
265 -20
266 86
267 -30
268 -38
269 -22
270 11
271 51
272 26
273 -20
274 81
275 65
276 -46
277 -14
278 -96
279 -30
280 80
281 63
282 -24
283 -36
284 9
285 1
286 -86
287 -96
288 -36
289 50
290 65
291 -61
292 -73
293 -91
294 99
295 10
296 -65
297 87
298 -98
299 85
300 -29
301 -40
302 -57
303 -81
304 -61
305 54
306 57
307 12
308 -98
309 -88
310 -39
311 69
312 -3
313 93
314 64
315 55
316 68
317 -37
318 10
319 -93
320 97
321 47
322 -68
323 -52
324 -82
325 -11
326 -32
327 71
328 89
329 15
330 84
331 -40
332 64
333 39
334 -23
335 90
336 1
337 66
338 100
339 -60
340 -54
341 85
342 40
343 -53
344 54
345 71
346 -40
347 -96
348 -7
349 72
350 79
351 21
352 -46
353 -88
354 -26
355 81
356 -62
357 -59
358 42
359 56
360 -81
361 -67
362 -72
363 13
364 74
365 -34
366 56
367 -96
368 -23
369 51
370 12
371 62
372 -8
373 36
374 90
375 74
376 13
377 -10
378 -65
379 43
380 98
381 -9
382 12
383 21
384 -49
385 72
386 -88
387 83
388 -22
389 71
390 61
391 -73
392 30
393 66
394 68
395 81
396 -19
397 38
398 14
399 36
400 -59
401 -6
402 56
403 8
404 57
405 -18
406 52
407 47
408 9
409 -15
410 -31
411 68
412 91
413 68
414 29
415 18
416 40
417 34
418 -60
419 -2
420 23
421 -80
422 45
423 73
424 -31
425 50
426 51
427 -97
428 -53
429 76
430 70
431 37
432 100
433 20
434 -77
435 -37
436 -24
437 -4
438 67
439 -26
440 39
441 -74
442 -26
443 -85
444 -69
445 72
446 46
447 -30
448 -60
449 97
450 89
451 -53
452 -49
453 -39
454 -80
455 -18
456 38
457 -10
458 42
459 -97
460 -50
461 32
462 -40
463 -44
464 -70
465 -91
466 -59
467 -23
468 25
469 23
470 86
471 -17
472 16
473 57
474 -77
475 -90
476 34
477 -1
478 95
479 -69
480 25
481 -14
482 29
483 88
484 83
485 -70
486 20
487 99
488 99
489 0
490 -47
491 83
492 -78
493 -56
494 11
495 -29
496 32
497 -4
498 79
499 -39
500 1
501 67
502 12
503 34
504 -69
505 56
506 40
507 -16
508 -74
509 -52
510 28
511 -4
