4 1 - 0 - 0.19498944282531738 1
4 1 - 1 - 0.17187786102294922 1
4 1 - 2 - 0.1771237850189209 1
4 1 - 3 - 0.17174124717712402 1
4 1 - 4 - 0.17267990112304688 1
4 1 - 5 - 0.17709612846374512 1
4 1 - 6 - 0.17239117622375488 1
4 1 - 7 - 0.1707620620727539 1
4 1 - 8 - 0.17234563827514648 1
4 1 - 9 - 0.16995882987976074 1
4 1 - 10 - 0.1684114933013916 1
4 1 - 11 - 0.22448182106018066 0
4 1 - 12 - 0.17159485816955566 1
4 1 - 13 - 0.17757749557495117 1
4 1 - 14 - 0.17496347427368164 1
4 1 - 15 - 0.17182326316833496 1
4 1 - 16 - 0.17258858680725098 1
4 1 - 17 - 0.21918559074401855 0
4 1 - 18 - 0.23109865188598633 0
4 1 - 19 - 0.16880369186401367 1
4 1 - 20 - 0.23023247718811035 0
4 1 - 21 - 0.24581456184387207 0
4 1 - 22 - 0.18080639839172363 1
4 1 - 23 - 0.1874704360961914 1
4 1 - 24 - 0.17869853973388672 1
4 1 - 25 - 0.17604589462280273 1
4 1 - 26 - 0.17882442474365234 1
4 1 - 27 - 0.1768169403076172 1
4 1 - 28 - 0.19311046600341797 1
4 1 - 29 - 0.16950321197509766 1
4 1 - 30 - 0.16910076141357422 1
4 1 - 31 - 0.173079252243042 1
4 1 - 32 - 0.18134212493896484 1
4 1 - 33 - 0.16775774955749512 1
4 1 - 34 - 0.16954588890075684 1
4 1 - 35 - 0.1679697036743164 1
4 1 - 36 - 0.16672921180725098 1
4 1 - 37 - 0.16743206977844238 1
4 1 - 38 - 0.17140793800354004 1
4 1 - 39 - 0.1668081283569336 1
4 1 - 40 - 0.17137837409973145 1
4 1 - 41 - 0.22597217559814453 0
4 1 - 42 - 0.17459964752197266 1
4 1 - 43 - 0.23389506340026855 0
4 1 - 44 - 0.17226624488830566 1
4 1 - 45 - 0.17168664932250977 1
4 1 - 46 - 0.17129898071289062 1
4 1 - 47 - 0.16664361953735352 1
4 1 - 48 - 0.17425799369812012 1
4 1 - 49 - 0.17304348945617676 1
4 1 - 50 - 0.1676476001739502 1
4 1 - 51 - 0.1703352928161621 1
4 1 - 52 - 0.22392916679382324 0
4 1 - 53 - 0.17344021797180176 1
4 1 - 54 - 0.2530672550201416 0
4 1 - 55 - 0.20843100547790527 1
4 1 - 56 - 0.19712018966674805 1
4 1 - 57 - 0.18249940872192383 1
4 1 - 58 - 0.23918533325195312 1
4 1 - 59 - 0.2582688331604004 1
4 1 - 60 - 0.36421704292297363 0
4 1 - 61 - 0.24521231651306152 1
4 1 - 62 - 0.22211265563964844 1
4 1 - 63 - 0.2514054775238037 0
4 1 - 64 - 0.2375636100769043 0
4 1 - 65 - 0.22966480255126953 0
4 1 - 66 - 0.1671764850616455 1
4 1 - 67 - 0.17386126518249512 1
4 1 - 68 - 0.17061758041381836 1
4 1 - 69 - 0.18175888061523438 1
4 1 - 70 - 0.20614981651306152 1
4 1 - 71 - 0.17536330223083496 1
4 1 - 72 - 0.1867966651916504 1
4 1 - 73 - 0.19346880912780762 1
4 1 - 74 - 0.18899321556091309 1
4 1 - 75 - 0.21674203872680664 1
4 1 - 76 - 0.20453858375549316 1
4 1 - 77 - 0.18450212478637695 1
4 1 - 78 - 0.1738147735595703 1
4 1 - 79 - 0.17060065269470215 1
4 1 - 80 - 0.17442893981933594 1
4 1 - 81 - 0.17003870010375977 1
4 1 - 82 - 0.17655611038208008 1
4 1 - 83 - 0.17151308059692383 1
4 1 - 84 - 0.2232072353363037 0
4 1 - 85 - 0.16890597343444824 1
4 1 - 86 - 0.1720125675201416 1
4 1 - 87 - 0.2256767749786377 0
4 1 - 88 - 0.17370033264160156 1
4 1 - 89 - 0.17486882209777832 1
4 1 - 90 - 0.17479968070983887 1
4 1 - 91 - 0.17448997497558594 1
4 1 - 92 - 0.19644951820373535 1
4 1 - 93 - 0.1744556427001953 1
4 1 - 94 - 0.17216706275939941 1
4 1 - 95 - 0.16751980781555176 1
4 1 - 96 - 0.16900253295898438 1
4 1 - 97 - 0.2221081256866455 0
4 1 - 98 - 0.22592949867248535 0
4 1 - 99 - 0.1713719367980957 1
4 2 - 0 - 0.18335795402526855 1
4 2 - 1 - 0.1847822666168213 1
4 2 - 2 - 0.18321871757507324 1
4 2 - 3 - 0.18518781661987305 1
4 2 - 4 - 0.18602728843688965 1
4 2 - 5 - 0.19087505340576172 1
4 2 - 6 - 0.1821274757385254 1
4 2 - 7 - 0.18577361106872559 1
4 2 - 8 - 0.18288731575012207 1
4 2 - 9 - 0.18410730361938477 1
4 2 - 10 - 0.19299888610839844 1
4 2 - 11 - 0.18543601036071777 1
4 2 - 12 - 0.19213652610778809 1
4 2 - 13 - 0.18851256370544434 1
4 2 - 14 - 0.18058443069458008 1
4 2 - 15 - 0.18419456481933594 1
4 2 - 16 - 0.1845245361328125 1
4 2 - 17 - 0.18571972846984863 1
4 2 - 18 - 0.18580961227416992 1
4 2 - 19 - 0.19188570976257324 1
4 2 - 20 - 0.18841981887817383 1
4 2 - 21 - 0.18631958961486816 1
4 2 - 22 - 0.18797779083251953 1
4 2 - 23 - 0.19168353080749512 1
4 2 - 24 - 0.18729686737060547 1
4 2 - 25 - 0.187744140625 1
4 2 - 26 - 0.18859100341796875 1
4 2 - 27 - 0.18839216232299805 1
4 2 - 28 - 0.1907970905303955 1
4 2 - 29 - 0.18514323234558105 1
4 2 - 30 - 0.19140148162841797 1
4 2 - 31 - 0.19950604438781738 1
4 2 - 32 - 0.19161438941955566 1
4 2 - 33 - 0.1998906135559082 1
4 2 - 34 - 0.19292926788330078 1
4 2 - 35 - 0.19063901901245117 1
4 2 - 36 - 0.18770527839660645 1
4 2 - 37 - 0.1930229663848877 1
4 2 - 38 - 0.18916535377502441 1
4 2 - 39 - 0.1876354217529297 1
4 2 - 40 - 0.18831110000610352 1
4 2 - 41 - 0.18694233894348145 1
4 2 - 42 - 0.18640661239624023 1
4 2 - 43 - 0.18617701530456543 1
4 2 - 44 - 0.18802690505981445 1
4 2 - 45 - 0.19022321701049805 1
4 2 - 46 - 0.1868283748626709 1
4 2 - 47 - 0.19123172760009766 1
4 2 - 48 - 0.1859419345855713 1
4 2 - 49 - 0.1876354217529297 1
4 2 - 50 - 0.18824458122253418 1
4 2 - 51 - 0.1960127353668213 1
4 2 - 52 - 0.18790602684020996 1
4 2 - 53 - 0.1889040470123291 1
4 2 - 54 - 0.18962311744689941 1
4 2 - 55 - 0.18974518775939941 1
4 2 - 56 - 0.18812942504882812 1
4 2 - 57 - 0.18610835075378418 1
4 2 - 58 - 0.19054079055786133 1
4 2 - 59 - 0.18713974952697754 1
4 2 - 60 - 0.19231677055358887 1
4 2 - 61 - 0.1869964599609375 1
4 2 - 62 - 0.18939971923828125 1
4 2 - 63 - 0.19041943550109863 1
4 2 - 64 - 0.18803644180297852 1
4 2 - 65 - 0.18780732154846191 1
4 2 - 66 - 0.18915796279907227 1
4 2 - 67 - 0.18731975555419922 1
4 2 - 68 - 0.18900251388549805 1
4 2 - 69 - 0.1863710880279541 1
4 2 - 70 - 0.19082951545715332 1
4 2 - 71 - 0.18663859367370605 1
4 2 - 72 - 0.19333148002624512 1
4 2 - 73 - 0.1856858730316162 1
4 2 - 74 - 0.18591094017028809 1
4 2 - 75 - 0.18558335304260254 1
4 2 - 76 - 0.18978285789489746 1
4 2 - 77 - 0.18536996841430664 1
4 2 - 78 - 0.1866743564605713 1
4 2 - 79 - 0.1894071102142334 1
4 2 - 80 - 0.18689227104187012 1
4 2 - 81 - 0.19042181968688965 1
4 2 - 82 - 0.19072914123535156 1
4 2 - 83 - 0.18756699562072754 1
4 2 - 84 - 0.18862080574035645 1
4 2 - 85 - 0.18764996528625488 1
4 2 - 86 - 0.19122314453125 1
4 2 - 87 - 0.18687033653259277 1
4 2 - 88 - 0.18929672241210938 1
4 2 - 89 - 0.18901920318603516 1
4 2 - 90 - 0.18975400924682617 1
4 2 - 91 - 0.19092369079589844 1
4 2 - 92 - 0.18963885307312012 1
4 2 - 93 - 0.18437790870666504 1
4 2 - 94 - 0.18891000747680664 1
4 2 - 95 - 0.1837480068206787 1
4 2 - 96 - 0.18634653091430664 1
4 2 - 97 - 0.18809723854064941 1
4 2 - 98 - 0.1889657974243164 1
4 2 - 99 - 0.18609046936035156 1
4 4 - 0 - 0.21999573707580566 1
4 4 - 1 - 0.2205514907836914 1
4 4 - 2 - 0.2209792137145996 1
4 4 - 3 - 0.21831703186035156 1
4 4 - 4 - 0.2221674919128418 1
4 4 - 5 - 0.21704626083374023 1
4 4 - 6 - 0.22496986389160156 1
4 4 - 7 - 0.2203989028930664 1
4 4 - 8 - 0.2196061611175537 1
4 4 - 9 - 0.2252957820892334 1
4 4 - 10 - 0.21997880935668945 1
4 4 - 11 - 0.22689580917358398 1
4 4 - 12 - 0.22019553184509277 1
4 4 - 13 - 0.23112821578979492 1
4 4 - 14 - 0.2319643497467041 1
4 4 - 15 - 0.22121906280517578 1
4 4 - 16 - 0.2275710105895996 1
4 4 - 17 - 0.2243492603302002 1
4 4 - 18 - 0.21950054168701172 1
4 4 - 19 - 0.21938157081604004 1
4 4 - 20 - 0.2195725440979004 1
4 4 - 21 - 0.2208254337310791 1
4 4 - 22 - 0.22209715843200684 1
4 4 - 23 - 0.2207775115966797 1
4 4 - 24 - 0.2224726676940918 1
4 4 - 25 - 0.21890544891357422 1
4 4 - 26 - 0.21959877014160156 1
4 4 - 27 - 0.21917319297790527 1
4 4 - 28 - 0.2197408676147461 1
4 4 - 29 - 0.2231273651123047 1
4 4 - 30 - 0.22261500358581543 1
4 4 - 31 - 0.2294611930847168 1
4 4 - 32 - 0.21657538414001465 1
4 4 - 33 - 0.22754549980163574 1
4 4 - 34 - 0.2144465446472168 1
4 4 - 35 - 0.21721649169921875 1
4 4 - 36 - 0.22178292274475098 1
4 4 - 37 - 0.21707487106323242 1
4 4 - 38 - 0.2241063117980957 1
4 4 - 39 - 0.21567487716674805 1
4 4 - 40 - 0.21927261352539062 1
4 4 - 41 - 0.2180955410003662 1
4 4 - 42 - 0.21628642082214355 1
4 4 - 43 - 0.2155923843383789 1
4 4 - 44 - 0.2219099998474121 1
4 4 - 45 - 0.21883559226989746 1
4 4 - 46 - 0.2179703712463379 1
4 4 - 47 - 0.21972060203552246 1
4 4 - 48 - 0.21758294105529785 1
4 4 - 49 - 0.21968889236450195 1
4 4 - 50 - 0.21466779708862305 1
4 4 - 51 - 0.21667742729187012 1
4 4 - 52 - 0.224029541015625 1
4 4 - 53 - 0.21422314643859863 1
4 4 - 54 - 0.22194552421569824 1
4 4 - 55 - 0.22142410278320312 1
4 4 - 56 - 0.21786212921142578 1
4 4 - 57 - 0.21693134307861328 1
4 4 - 58 - 0.21544718742370605 1
4 4 - 59 - 0.22162103652954102 1
4 4 - 60 - 0.22568178176879883 1
4 4 - 61 - 0.21830081939697266 1
4 4 - 62 - 0.21620726585388184 1
4 4 - 63 - 0.22141003608703613 1
4 4 - 64 - 0.2150254249572754 1
4 4 - 65 - 0.21629118919372559 1
4 4 - 66 - 0.21368074417114258 1
4 4 - 67 - 0.2162775993347168 1
4 4 - 68 - 0.21371841430664062 1
4 4 - 69 - 0.2180325984954834 1
4 4 - 70 - 0.2179698944091797 1
4 4 - 71 - 0.21256494522094727 1
4 4 - 72 - 0.21951079368591309 1
4 4 - 73 - 0.2159125804901123 1
4 4 - 74 - 0.22161626815795898 1
4 4 - 75 - 0.22862887382507324 1
4 4 - 76 - 0.2168264389038086 1
4 4 - 77 - 0.2185680866241455 1
4 4 - 78 - 0.2153186798095703 1
4 4 - 79 - 0.2176513671875 1
4 4 - 80 - 0.21924209594726562 1
4 4 - 81 - 0.22485995292663574 1
4 4 - 82 - 0.2231884002685547 1
4 4 - 83 - 0.21969318389892578 1
4 4 - 84 - 0.22083282470703125 1
4 4 - 85 - 0.22043299674987793 1
4 4 - 86 - 0.22098445892333984 1
4 4 - 87 - 0.2263469696044922 1
4 4 - 88 - 0.22388744354248047 1
4 4 - 89 - 0.2207953929901123 1
4 4 - 90 - 0.21660804748535156 1
4 4 - 91 - 0.21908020973205566 1
4 4 - 92 - 0.22269105911254883 1
4 4 - 93 - 0.22090744972229004 1
4 4 - 94 - 0.22499752044677734 1
4 4 - 95 - 0.22620820999145508 1
4 4 - 96 - 0.21873855590820312 1
4 4 - 97 - 0.22003889083862305 1
4 4 - 98 - 0.21789193153381348 1
4 4 - 99 - 0.22353100776672363 1
8 1 - 0 - 0.38423585891723633 1
8 1 - 1 - 0.3870809078216553 1
8 1 - 2 - 0.390857458114624 1
8 1 - 3 - 0.38767242431640625 1
8 1 - 4 - 0.3859546184539795 1
8 1 - 5 - 0.3848757743835449 1
8 1 - 6 - 0.40053248405456543 1
8 1 - 7 - 0.40561819076538086 1
8 1 - 8 - 0.4049417972564697 1
8 1 - 9 - 0.48238348960876465 0
8 1 - 10 - 0.3971593379974365 1
8 1 - 11 - 0.43973231315612793 1
8 1 - 12 - 0.39985203742980957 1
8 1 - 13 - 0.38921475410461426 1
8 1 - 14 - 0.39022302627563477 1
8 1 - 15 - 0.3905038833618164 1
8 1 - 16 - 0.3822934627532959 1
8 1 - 17 - 0.3867683410644531 1
8 1 - 18 - 0.38881659507751465 1
8 1 - 19 - 0.3826789855957031 1
8 1 - 20 - 0.4052107334136963 1
8 1 - 21 - 0.3891465663909912 1
8 1 - 22 - 0.39223527908325195 1
8 1 - 23 - 0.38924407958984375 1
8 1 - 24 - 0.3815600872039795 1
8 1 - 25 - 0.39811253547668457 1
8 1 - 26 - 0.39018774032592773 1
8 1 - 27 - 0.3875095844268799 1
8 1 - 28 - 0.3823111057281494 1
8 1 - 29 - 0.3894782066345215 1
8 1 - 30 - 0.3883087635040283 1
8 1 - 31 - 0.38867664337158203 1
8 1 - 32 - 0.38428735733032227 1
8 1 - 33 - 0.3940258026123047 1
8 1 - 34 - 0.38033342361450195 1
8 1 - 35 - 0.38558435440063477 1
8 1 - 36 - 0.39129185676574707 1
8 1 - 37 - 0.3961601257324219 1
8 1 - 38 - 0.3895838260650635 1
8 1 - 39 - 0.3903169631958008 1
8 1 - 40 - 0.3893153667449951 1
8 1 - 41 - 0.47531867027282715 0
8 1 - 42 - 0.3935248851776123 1
8 1 - 43 - 0.3852956295013428 1
8 1 - 44 - 0.39033985137939453 1
8 1 - 45 - 0.3858070373535156 1
8 1 - 46 - 0.38860416412353516 1
8 1 - 47 - 0.39269280433654785 1
8 1 - 48 - 0.3896307945251465 1
8 1 - 49 - 0.38060832023620605 1
8 1 - 50 - 0.38743066787719727 1
8 1 - 51 - 0.38860607147216797 1
8 1 - 52 - 0.3845198154449463 1
8 1 - 53 - 0.39136838912963867 1
8 1 - 54 - 0.38156557083129883 1
8 1 - 55 - 0.3734018802642822 1
8 1 - 56 - 0.37634754180908203 1
8 1 - 57 - 0.37895965576171875 1
8 1 - 58 - 0.37610864639282227 1
8 1 - 59 - 0.3717958927154541 1
8 1 - 60 - 0.37291860580444336 1
8 1 - 61 - 0.3764357566833496 1
8 1 - 62 - 0.3744330406188965 1
8 1 - 63 - 0.3719773292541504 1
8 1 - 64 - 0.39914917945861816 1
8 1 - 65 - 0.3718717098236084 1
8 1 - 66 - 0.37543678283691406 1
8 1 - 67 - 0.37932467460632324 1
8 1 - 68 - 0.37767839431762695 1
8 1 - 69 - 0.37978625297546387 1
8 1 - 70 - 0.37809324264526367 1
8 1 - 71 - 0.37831687927246094 1
8 1 - 72 - 0.37899065017700195 1
8 1 - 73 - 0.37015652656555176 1
8 1 - 74 - 0.3739492893218994 1
8 1 - 75 - 0.3767247200012207 1
8 1 - 76 - 0.37096524238586426 1
8 1 - 77 - 0.3727872371673584 1
8 1 - 78 - 0.38650965690612793 1
8 1 - 79 - 0.3803901672363281 1
8 1 - 80 - 0.378281831741333 1
8 1 - 81 - 0.37239694595336914 1
8 1 - 82 - 0.3763301372528076 1
8 1 - 83 - 0.37511110305786133 1
8 1 - 84 - 0.3781099319458008 1
8 1 - 85 - 0.37801408767700195 1
8 1 - 86 - 0.38987278938293457 1
8 1 - 87 - 0.3790404796600342 1
8 1 - 88 - 0.37212371826171875 1
8 1 - 89 - 0.38147401809692383 1
8 1 - 90 - 0.379486083984375 1
8 1 - 91 - 0.3778383731842041 1
8 1 - 92 - 0.3807404041290283 1
8 1 - 93 - 0.376448392868042 1
8 1 - 94 - 0.37162017822265625 1
8 1 - 95 - 0.37419581413269043 1
8 1 - 96 - 0.3753643035888672 1
8 1 - 97 - 0.37482142448425293 1
8 1 - 98 - 0.3802804946899414 1
8 1 - 99 - 0.37558960914611816 1
8 2 - 0 - 0.40520811080932617 1
8 2 - 1 - 0.40708065032958984 1
8 2 - 2 - 0.40221118927001953 1
8 2 - 3 - 0.41115522384643555 1
8 2 - 4 - 0.40775537490844727 1
8 2 - 5 - 0.406909704208374 1
8 2 - 6 - 0.4113481044769287 1
8 2 - 7 - 0.3989129066467285 1
8 2 - 8 - 0.4056367874145508 1
8 2 - 9 - 0.40729665756225586 1
8 2 - 10 - 0.403836727142334 1
8 2 - 11 - 0.4025278091430664 1
8 2 - 12 - 0.41013407707214355 1
8 2 - 13 - 0.40537476539611816 1
8 2 - 14 - 0.4069836139678955 1
8 2 - 15 - 0.41657447814941406 1
8 2 - 16 - 0.4099113941192627 1
8 2 - 17 - 0.4125692844390869 1
8 2 - 18 - 0.4089524745941162 1
8 2 - 19 - 0.4069967269897461 1
8 2 - 20 - 0.4138658046722412 1
8 2 - 21 - 0.40891027450561523 1
8 2 - 22 - 0.40819382667541504 1
8 2 - 23 - 0.4056241512298584 1
8 2 - 24 - 0.4134078025817871 1
8 2 - 25 - 0.48119497299194336 1
8 2 - 26 - 0.42913269996643066 1
8 2 - 27 - 0.41824865341186523 1
8 2 - 28 - 0.4161667823791504 1
8 2 - 29 - 0.41062378883361816 1
8 2 - 30 - 0.4241456985473633 1
8 2 - 31 - 0.4779777526855469 1
8 2 - 32 - 0.4138667583465576 1
8 2 - 33 - 0.4223446846008301 1
8 2 - 34 - 0.4106264114379883 1
8 2 - 35 - 0.40914106369018555 1
8 2 - 36 - 0.4142165184020996 1
8 2 - 37 - 0.4158036708831787 1
8 2 - 38 - 0.42063021659851074 1
8 2 - 39 - 0.41355371475219727 1
8 2 - 40 - 0.4173102378845215 1
8 2 - 41 - 0.4195699691772461 1
8 2 - 42 - 0.40838074684143066 1
8 2 - 43 - 0.4074738025665283 1
8 2 - 44 - 0.41989612579345703 1
8 2 - 45 - 0.42823076248168945 1
8 2 - 46 - 0.4584043025970459 1
8 2 - 47 - 0.4472928047180176 1
8 2 - 48 - 0.4201185703277588 1
8 2 - 49 - 0.4272010326385498 1
8 2 - 50 - 0.4185624122619629 1
8 2 - 51 - 0.41821813583374023 1
8 2 - 52 - 0.4216451644897461 1
8 2 - 53 - 0.43529248237609863 1
8 2 - 54 - 0.4212522506713867 1
8 2 - 55 - 0.41875505447387695 1
8 2 - 56 - 0.4225194454193115 1
8 2 - 57 - 0.4195535182952881 1
8 2 - 58 - 0.4208831787109375 1
8 2 - 59 - 0.4170393943786621 1
8 2 - 60 - 0.41675662994384766 1
8 2 - 61 - 0.43050575256347656 1
8 2 - 62 - 0.4227471351623535 1
8 2 - 63 - 0.42110729217529297 1
8 2 - 64 - 0.4223191738128662 1
8 2 - 65 - 0.422471284866333 1
8 2 - 66 - 0.4276304244995117 1
8 2 - 67 - 0.4199564456939697 1
8 2 - 68 - 0.41836023330688477 1
8 2 - 69 - 0.4015803337097168 1
8 2 - 70 - 0.41060614585876465 1
8 2 - 71 - 0.40563011169433594 1
8 2 - 72 - 0.40111637115478516 1
8 2 - 73 - 0.4236633777618408 1
8 2 - 74 - 0.47376418113708496 1
8 2 - 75 - 0.41293907165527344 1
8 2 - 76 - 0.4096951484680176 1
8 2 - 77 - 0.4618985652923584 1
8 2 - 78 - 0.41773080825805664 1
8 2 - 79 - 0.4065206050872803 1
8 2 - 80 - 0.40291619300842285 1
8 2 - 81 - 0.40903663635253906 1
8 2 - 82 - 0.4044516086578369 1
8 2 - 83 - 0.41138601303100586 1
8 2 - 84 - 0.42081665992736816 1
8 2 - 85 - 0.4342319965362549 1
8 2 - 86 - 0.5202407836914062 1
8 2 - 87 - 0.42609667778015137 1
8 2 - 88 - 0.4115464687347412 1
8 2 - 89 - 0.4080359935760498 1
8 2 - 90 - 0.41527628898620605 1
8 2 - 91 - 0.40498995780944824 1
8 2 - 92 - 0.4102151393890381 1
8 2 - 93 - 0.4096109867095947 1
8 2 - 94 - 0.4151477813720703 1
8 2 - 95 - 0.40872645378112793 1
8 2 - 96 - 0.404155969619751 1
8 2 - 97 - 0.4071972370147705 1
8 2 - 98 - 0.41088056564331055 1
8 2 - 99 - 0.404926061630249 1
8 4 - 0 - 0.46179962158203125 1
8 4 - 1 - 0.5088944435119629 1
8 4 - 2 - 0.4573204517364502 1
8 4 - 3 - 0.46743059158325195 1
8 4 - 4 - 0.45696449279785156 1
8 4 - 5 - 0.465831995010376 1
8 4 - 6 - 0.46657729148864746 1
8 4 - 7 - 0.4628171920776367 1
8 4 - 8 - 0.46102356910705566 1
8 4 - 9 - 0.46627235412597656 1
8 4 - 10 - 0.4831554889678955 1
8 4 - 11 - 0.4766700267791748 1
8 4 - 12 - 0.4646306037902832 1
8 4 - 13 - 0.4669821262359619 1
8 4 - 14 - 0.5077786445617676 1
8 4 - 15 - 0.46574902534484863 1
8 4 - 16 - 0.47575855255126953 1
8 4 - 17 - 0.4739718437194824 1
8 4 - 18 - 0.47696709632873535 1
8 4 - 19 - 0.4709317684173584 1
8 4 - 20 - 0.47113466262817383 1
8 4 - 21 - 0.4644904136657715 1
8 4 - 22 - 0.46850037574768066 1
8 4 - 23 - 0.4709780216217041 1
8 4 - 24 - 0.46643567085266113 1
8 4 - 25 - 0.47441792488098145 1
8 4 - 26 - 0.4735076427459717 1
8 4 - 27 - 0.47484827041625977 1
8 4 - 28 - 0.47988224029541016 1
8 4 - 29 - 0.47541308403015137 1
8 4 - 30 - 0.47666478157043457 1
8 4 - 31 - 0.4689207077026367 1
8 4 - 32 - 0.4743998050689697 1
8 4 - 33 - 0.47652459144592285 1
8 4 - 34 - 0.4740891456604004 1
8 4 - 35 - 0.48528337478637695 1
8 4 - 36 - 0.4714663028717041 1
8 4 - 37 - 0.47919273376464844 1
8 4 - 38 - 0.4834938049316406 1
8 4 - 39 - 0.4760589599609375 1
8 4 - 40 - 0.4702789783477783 1
8 4 - 41 - 0.4821469783782959 1
8 4 - 42 - 0.5402476787567139 1
8 4 - 43 - 0.4819333553314209 1
8 4 - 44 - 0.47392702102661133 1
8 4 - 45 - 0.48900914192199707 1
8 4 - 46 - 0.4729626178741455 1
8 4 - 47 - 0.4773104190826416 1
8 4 - 48 - 0.49951791763305664 1
8 4 - 49 - 0.525843620300293 1
8 4 - 50 - 0.4900217056274414 1
8 4 - 51 - 0.49373292922973633 1
8 4 - 52 - 0.48435187339782715 1
8 4 - 53 - 0.47991394996643066 1
8 4 - 54 - 0.46957993507385254 1
8 4 - 55 - 0.47168898582458496 1
8 4 - 56 - 0.4738640785217285 1
8 4 - 57 - 0.4650273323059082 1
8 4 - 58 - 0.467104434967041 1
8 4 - 59 - 0.4672119617462158 1
8 4 - 60 - 0.5473229885101318 1
8 4 - 61 - 0.48536133766174316 1
8 4 - 62 - 0.4766416549682617 1
8 4 - 63 - 0.4927971363067627 1
8 4 - 64 - 0.48126888275146484 1
8 4 - 65 - 0.4834437370300293 1
8 4 - 66 - 0.4776177406311035 1
8 4 - 67 - 0.479764461517334 1
8 4 - 68 - 0.4784212112426758 1
8 4 - 69 - 0.48639607429504395 1
8 4 - 70 - 0.47838568687438965 1
8 4 - 71 - 0.47649502754211426 1
8 4 - 72 - 0.4740419387817383 1
8 4 - 73 - 0.4644169807434082 1
8 4 - 74 - 0.471019983291626 1
8 4 - 75 - 0.4804689884185791 1
8 4 - 76 - 0.48030662536621094 1
8 4 - 77 - 0.47018003463745117 1
8 4 - 78 - 0.48070836067199707 1
8 4 - 79 - 0.4736175537109375 1
8 4 - 80 - 0.47643566131591797 1
8 4 - 81 - 0.475341796875 1
8 4 - 82 - 0.48430418968200684 1
8 4 - 83 - 0.47741007804870605 1
8 4 - 84 - 0.48173069953918457 1
8 4 - 85 - 0.48894333839416504 1
8 4 - 86 - 0.4701426029205322 1
8 4 - 87 - 0.4810059070587158 1
8 4 - 88 - 0.4772629737854004 1
8 4 - 89 - 0.47281908988952637 1
8 4 - 90 - 0.4729115962982178 1
8 4 - 91 - 0.47571873664855957 1
8 4 - 92 - 0.4787101745605469 1
8 4 - 93 - 0.49933862686157227 1
8 4 - 94 - 0.4791262149810791 1
8 4 - 95 - 0.48347020149230957 1
8 4 - 96 - 0.4773409366607666 1
8 4 - 97 - 0.47843360900878906 1
8 4 - 98 - 0.46872615814208984 1
8 4 - 99 - 0.4761223793029785 1
8 8 - 0 - 0.6038906574249268 1
8 8 - 1 - 0.6046082973480225 1
8 8 - 2 - 0.5950782299041748 1
8 8 - 3 - 0.5903427600860596 1
8 8 - 4 - 0.5865859985351562 1
8 8 - 5 - 0.581805944442749 1
8 8 - 6 - 0.5874340534210205 1
8 8 - 7 - 0.581695556640625 1
8 8 - 8 - 0.5858831405639648 1
8 8 - 9 - 0.5867764949798584 1
8 8 - 10 - 0.5824646949768066 1
8 8 - 11 - 0.5825972557067871 1
8 8 - 12 - 0.5928456783294678 1
8 8 - 13 - 0.5981349945068359 1
8 8 - 14 - 0.5830650329589844 1
8 8 - 15 - 0.5782146453857422 1
8 8 - 16 - 0.5869033336639404 1
8 8 - 17 - 0.5970878601074219 1
8 8 - 18 - 0.6014339923858643 1
8 8 - 19 - 0.5909068584442139 1
8 8 - 20 - 0.5912103652954102 1
8 8 - 21 - 0.5957503318786621 1
8 8 - 22 - 0.5893764495849609 1
8 8 - 23 - 0.5958285331726074 1
8 8 - 24 - 0.5902163982391357 1
8 8 - 25 - 0.59688401222229 1
8 8 - 26 - 0.5871071815490723 1
8 8 - 27 - 0.6123142242431641 1
8 8 - 28 - 0.5883481502532959 1
8 8 - 29 - 0.5857541561126709 1
8 8 - 30 - 0.5827500820159912 1
8 8 - 31 - 0.5948450565338135 1
8 8 - 32 - 0.5883769989013672 1
8 8 - 33 - 0.5907294750213623 1
8 8 - 34 - 0.5894429683685303 1
8 8 - 35 - 0.6169705390930176 1
8 8 - 36 - 0.585888147354126 1
8 8 - 37 - 0.5854816436767578 1
8 8 - 38 - 0.5874876976013184 1
8 8 - 39 - 0.5997953414916992 1
8 8 - 40 - 0.613645076751709 1
8 8 - 41 - 0.610734224319458 1
8 8 - 42 - 0.629260778427124 1
8 8 - 43 - 0.6123189926147461 1
8 8 - 44 - 0.6319882869720459 1
8 8 - 45 - 0.6110546588897705 1
8 8 - 46 - 0.6265978813171387 1
8 8 - 47 - 0.6026473045349121 1
8 8 - 48 - 0.6213445663452148 1
8 8 - 49 - 0.6248750686645508 1
8 8 - 50 - 0.6126067638397217 1
8 8 - 51 - 0.607306957244873 1
8 8 - 52 - 0.6156775951385498 1
8 8 - 53 - 0.6072921752929688 1
8 8 - 54 - 0.6303970813751221 1
8 8 - 55 - 0.6060144901275635 1
8 8 - 56 - 0.6155767440795898 1
8 8 - 57 - 0.6035435199737549 1
8 8 - 58 - 0.614781379699707 1
8 8 - 59 - 0.599482536315918 1
8 8 - 60 - 0.6303820610046387 1
8 8 - 61 - 0.6150722503662109 1
8 8 - 62 - 0.6048955917358398 1
8 8 - 63 - 0.623913049697876 1
8 8 - 64 - 0.6093223094940186 1
8 8 - 65 - 0.6051328182220459 1
8 8 - 66 - 0.6066081523895264 1
8 8 - 67 - 0.6058886051177979 1
8 8 - 68 - 0.602013111114502 1
8 8 - 69 - 0.6026079654693604 1
8 8 - 70 - 0.6133511066436768 1
8 8 - 71 - 0.6043999195098877 1
8 8 - 72 - 0.6015710830688477 1
8 8 - 73 - 0.6266186237335205 1
8 8 - 74 - 0.6027665138244629 1
8 8 - 75 - 0.5985281467437744 1
8 8 - 76 - 0.6120681762695312 1
8 8 - 77 - 0.598604679107666 1
8 8 - 78 - 0.6075911521911621 1
8 8 - 79 - 0.6025464534759521 1
8 8 - 80 - 0.6033706665039062 1
8 8 - 81 - 0.6058766841888428 1
8 8 - 82 - 0.5915191173553467 1
8 8 - 83 - 0.5831968784332275 1
8 8 - 84 - 0.6024606227874756 1
8 8 - 85 - 0.5904121398925781 1
8 8 - 86 - 0.5917236804962158 1
8 8 - 87 - 0.5888195037841797 1
8 8 - 88 - 0.5905828475952148 1
8 8 - 89 - 0.5873503684997559 1
8 8 - 90 - 0.5955286026000977 1
8 8 - 91 - 0.5887143611907959 1
8 8 - 92 - 0.5952863693237305 1
8 8 - 93 - 0.5880463123321533 1
8 8 - 94 - 0.5866973400115967 1
8 8 - 95 - 0.5909013748168945 1
8 8 - 96 - 0.5842146873474121 1
8 8 - 97 - 0.5822584629058838 1
8 8 - 98 - 0.5860536098480225 1
8 8 - 99 - 0.5880746841430664 1
16 1 - 0 - 1.0644197463989258 1
16 1 - 1 - 1.0764799118041992 1
16 1 - 2 - 1.0731360912322998 1
16 1 - 3 - 1.07108473777771 1
16 1 - 4 - 1.077721357345581 1
16 1 - 5 - 1.0806694030761719 1
16 1 - 6 - 1.0922563076019287 1
16 1 - 7 - 1.072561502456665 1
16 1 - 8 - 1.0724005699157715 1
16 1 - 9 - 1.0768449306488037 1
16 1 - 10 - 1.1578764915466309 1
16 1 - 11 - 1.075103998184204 1
16 1 - 12 - 1.078202724456787 1
16 1 - 13 - 1.0506136417388916 1
16 1 - 14 - 1.055452585220337 1
16 1 - 15 - 1.0832188129425049 1
16 1 - 16 - 1.065455675125122 1
16 1 - 17 - 1.0664277076721191 1
16 1 - 18 - 1.0734992027282715 1
16 1 - 19 - 1.0621702671051025 1
16 1 - 20 - 1.0752830505371094 1
16 1 - 21 - 1.0721654891967773 1
16 1 - 22 - 1.070455551147461 1
16 1 - 23 - 1.0644187927246094 1
16 1 - 24 - 1.0715999603271484 1
16 1 - 25 - 1.0719313621520996 1
16 1 - 26 - 1.109304428100586 1
16 1 - 27 - 1.111462116241455 1
16 1 - 28 - 1.0985150337219238 1
16 1 - 29 - 1.0708141326904297 1
16 1 - 30 - 1.0555875301361084 1
16 1 - 31 - 1.0621166229248047 1
16 1 - 32 - 1.0741822719573975 1
16 1 - 33 - 1.068777322769165 1
16 1 - 34 - 1.0629301071166992 1
16 1 - 35 - 1.0723087787628174 1
16 1 - 36 - 1.083294153213501 1
16 1 - 37 - 1.1047468185424805 1
16 1 - 38 - 1.0820059776306152 1
16 1 - 39 - 1.0839958190917969 1
16 1 - 40 - 1.0585830211639404 1
16 1 - 41 - 1.0896000862121582 1
16 1 - 42 - 1.1451938152313232 1
16 1 - 43 - 1.0962960720062256 1
16 1 - 44 - 1.064910888671875 1
16 1 - 45 - 1.063962459564209 1
16 1 - 46 - 1.0561866760253906 1
16 1 - 47 - 1.0969550609588623 1
16 1 - 48 - 1.1314177513122559 1
16 1 - 49 - 1.07417893409729 1
16 1 - 50 - 1.0621907711029053 1
16 1 - 51 - 1.067253589630127 1
16 1 - 52 - 1.0690138339996338 1
16 1 - 53 - 1.0641913414001465 1
16 1 - 54 - 1.058713674545288 1
16 1 - 55 - 1.0695643424987793 1
16 1 - 56 - 1.0493545532226562 1
16 1 - 57 - 1.0898969173431396 1
16 1 - 58 - 1.1155269145965576 1
16 1 - 59 - 1.094304084777832 1
16 1 - 60 - 1.0907132625579834 1
16 1 - 61 - 1.2058436870574951 1
16 1 - 62 - 1.117070198059082 1
16 1 - 63 - 1.1852843761444092 1
16 1 - 64 - 1.1310789585113525 1
16 1 - 65 - 1.1181998252868652 1
16 1 - 66 - 1.0753123760223389 1
16 1 - 67 - 1.0717480182647705 1
16 1 - 68 - 1.0648083686828613 1
16 1 - 69 - 1.067302942276001 1
16 1 - 70 - 1.0818464756011963 1
16 1 - 71 - 1.0741066932678223 1
16 1 - 72 - 1.0886750221252441 1
16 1 - 73 - 1.146932601928711 1
16 1 - 74 - 1.0933115482330322 1
16 1 - 75 - 1.0764014720916748 1
16 1 - 76 - 1.192765474319458 1
16 1 - 77 - 1.0829553604125977 1
16 1 - 78 - 1.1706748008728027 1
16 1 - 79 - 1.0881450176239014 1
16 1 - 80 - 1.1667850017547607 1
16 1 - 81 - 1.0813519954681396 1
16 1 - 82 - 1.0783181190490723 1
16 1 - 83 - 1.1043484210968018 1
16 1 - 84 - 1.0843455791473389 1
16 1 - 85 - 1.100304126739502 1
16 1 - 86 - 1.0958023071289062 1
16 1 - 87 - 1.0679845809936523 1
16 1 - 88 - 1.0940625667572021 1
16 1 - 89 - 1.0791094303131104 1
16 1 - 90 - 1.1081297397613525 1
16 1 - 91 - 1.104513168334961 1
16 1 - 92 - 1.1095106601715088 1
16 1 - 93 - 1.097703456878662 1
16 1 - 94 - 1.0887515544891357 1
16 1 - 95 - 1.0818185806274414 1
16 1 - 96 - 1.0928518772125244 1
16 1 - 97 - 1.0824532508850098 1
16 1 - 98 - 1.0790691375732422 1
16 1 - 99 - 1.0767905712127686 1
16 2 - 0 - 1.2082438468933105 1
16 2 - 1 - 1.156707763671875 1
16 2 - 2 - 1.152712345123291 1
16 2 - 3 - 1.140575885772705 1
16 2 - 4 - 1.1508574485778809 1
16 2 - 5 - 1.1337220668792725 1
16 2 - 6 - 1.1281745433807373 1
16 2 - 7 - 1.2301812171936035 1
16 2 - 8 - 1.1676037311553955 1
16 2 - 9 - 1.138866662979126 1
16 2 - 10 - 1.1305389404296875 1
16 2 - 11 - 1.1416075229644775 1
16 2 - 12 - 1.1606974601745605 1
16 2 - 13 - 1.1529688835144043 1
16 2 - 14 - 1.1317577362060547 1
16 2 - 15 - 1.1300811767578125 1
16 2 - 16 - 1.1296052932739258 1
16 2 - 17 - 1.1230030059814453 1
16 2 - 18 - 1.205467700958252 1
16 2 - 19 - 1.157010793685913 1
16 2 - 20 - 1.21439790725708 1
16 2 - 21 - 1.1661808490753174 1
16 2 - 22 - 1.1497175693511963 1
16 2 - 23 - 1.176426887512207 1
16 2 - 24 - 1.1525068283081055 1
16 2 - 25 - 1.141944169998169 1
16 2 - 26 - 1.1399521827697754 1
16 2 - 27 - 1.1095049381256104 1
16 2 - 28 - 1.1047024726867676 1
16 2 - 29 - 1.099095344543457 1
16 2 - 30 - 1.129347562789917 1
16 2 - 31 - 1.1131517887115479 1
16 2 - 32 - 1.129300832748413 1
16 2 - 33 - 1.1574106216430664 1
16 2 - 34 - 1.14280366897583 1
16 2 - 35 - 1.1378920078277588 1
16 2 - 36 - 1.1370551586151123 1
16 2 - 37 - 1.143552541732788 1
16 2 - 38 - 1.1389200687408447 1
16 2 - 39 - 1.1370820999145508 1
16 2 - 40 - 1.132434368133545 1
16 2 - 41 - 1.1344878673553467 1
16 2 - 42 - 1.1412653923034668 1
16 2 - 43 - 1.1325266361236572 1
16 2 - 44 - 1.1284737586975098 1
16 2 - 45 - 1.1186935901641846 1
16 2 - 46 - 1.1415972709655762 1
16 2 - 47 - 1.1252062320709229 1
16 2 - 48 - 1.1252312660217285 1
16 2 - 49 - 1.1181271076202393 1
16 2 - 50 - 1.1268479824066162 1
16 2 - 51 - 1.1340446472167969 1
16 2 - 52 - 1.1276953220367432 1
16 2 - 53 - 1.1222119331359863 1
16 2 - 54 - 1.1293210983276367 1
16 2 - 55 - 1.1486687660217285 1
16 2 - 56 - 1.1343650817871094 1
16 2 - 57 - 1.1226832866668701 1
16 2 - 58 - 1.1236639022827148 1
16 2 - 59 - 1.1288468837738037 1
16 2 - 60 - 1.122659683227539 1
16 2 - 61 - 1.1177570819854736 1
16 2 - 62 - 1.1274240016937256 1
16 2 - 63 - 1.1192846298217773 1
16 2 - 64 - 1.1293561458587646 1
16 2 - 65 - 1.1196792125701904 1
16 2 - 66 - 1.1187326908111572 1
16 2 - 67 - 1.117563247680664 1
16 2 - 68 - 1.124868631362915 1
16 2 - 69 - 1.1202874183654785 1
16 2 - 70 - 1.1223340034484863 1
16 2 - 71 - 1.1245934963226318 1
16 2 - 72 - 1.1204602718353271 1
16 2 - 73 - 1.1242167949676514 1
16 2 - 74 - 1.1195955276489258 1
16 2 - 75 - 1.12247633934021 1
16 2 - 76 - 1.1197552680969238 1
16 2 - 77 - 1.135239601135254 1
16 2 - 78 - 1.125086784362793 1
16 2 - 79 - 1.135467529296875 1
16 2 - 80 - 1.1275250911712646 1
16 2 - 81 - 1.1226673126220703 1
16 2 - 82 - 1.123767375946045 1
16 2 - 83 - 1.123936414718628 1
16 2 - 84 - 1.1250128746032715 1
16 2 - 85 - 1.118908166885376 1
16 2 - 86 - 1.122676134109497 1
16 2 - 87 - 1.1194758415222168 1
16 2 - 88 - 1.1101815700531006 1
16 2 - 89 - 1.1031887531280518 1
16 2 - 90 - 1.096548080444336 1
16 2 - 91 - 1.1026387214660645 1
16 2 - 92 - 1.1033499240875244 1
16 2 - 93 - 1.096662998199463 1
16 2 - 94 - 1.1018247604370117 1
16 2 - 95 - 1.0971674919128418 1
16 2 - 96 - 1.1026527881622314 1
16 2 - 97 - 1.1146185398101807 1
16 2 - 98 - 1.0976483821868896 1
16 2 - 99 - 1.1044132709503174 1
16 4 - 0 - 1.2109830379486084 1
16 4 - 1 - 1.199793815612793 1
16 4 - 2 - 1.2365930080413818 1
16 4 - 3 - 1.2183914184570312 1
16 4 - 4 - 1.2229077816009521 1
16 4 - 5 - 1.2194163799285889 1
16 4 - 6 - 1.2127528190612793 1
16 4 - 7 - 1.2275722026824951 1
16 4 - 8 - 1.265622615814209 1
16 4 - 9 - 1.2387592792510986 1
16 4 - 10 - 1.277782678604126 1
16 4 - 11 - 1.3611986637115479 1
16 4 - 12 - 1.2538700103759766 1
16 4 - 13 - 1.2415518760681152 1
16 4 - 14 - 1.2293622493743896 1
16 4 - 15 - 1.2622613906860352 1
16 4 - 16 - 1.2451081275939941 1
16 4 - 17 - 1.2335896492004395 1
16 4 - 18 - 1.2320356369018555 1
16 4 - 19 - 1.2397141456604004 1
16 4 - 20 - 1.2439711093902588 1
16 4 - 21 - 1.2523257732391357 1
16 4 - 22 - 1.2399609088897705 1
16 4 - 23 - 1.2266850471496582 1
16 4 - 24 - 1.2423100471496582 1
16 4 - 25 - 1.239922285079956 1
16 4 - 26 - 1.23618745803833 1
16 4 - 27 - 1.2349271774291992 1
16 4 - 28 - 1.2326905727386475 1
16 4 - 29 - 1.2704286575317383 1
16 4 - 30 - 1.2378923892974854 1
16 4 - 31 - 1.225306749343872 1
16 4 - 32 - 1.2574150562286377 1
16 4 - 33 - 1.2330777645111084 1
16 4 - 34 - 1.2398922443389893 1
16 4 - 35 - 1.2514078617095947 1
16 4 - 36 - 1.2639050483703613 1
16 4 - 37 - 1.234194278717041 1
16 4 - 38 - 1.2248258590698242 1
16 4 - 39 - 1.2353720664978027 1
16 4 - 40 - 1.2465355396270752 1
16 4 - 41 - 1.237652063369751 1
16 4 - 42 - 1.229679822921753 1
16 4 - 43 - 1.2355468273162842 1
16 4 - 44 - 1.243581771850586 1
16 4 - 45 - 1.2276151180267334 1
16 4 - 46 - 1.2218959331512451 1
16 4 - 47 - 1.2246551513671875 1
16 4 - 48 - 1.2394025325775146 1
16 4 - 49 - 1.2283122539520264 1
16 4 - 50 - 1.2358970642089844 1
16 4 - 51 - 1.2250378131866455 1
16 4 - 52 - 1.2279527187347412 1
16 4 - 53 - 1.231260061264038 1
16 4 - 54 - 1.2271943092346191 1
16 4 - 55 - 1.2568347454071045 1
16 4 - 56 - 1.2319815158843994 1
16 4 - 57 - 1.2408092021942139 1
16 4 - 58 - 1.2190234661102295 1
16 4 - 59 - 1.222489595413208 1
16 4 - 60 - 1.2338788509368896 1
16 4 - 61 - 1.231017827987671 1
16 4 - 62 - 1.2250804901123047 1
16 4 - 63 - 1.2254295349121094 1
16 4 - 64 - 1.25266432762146 1
16 4 - 65 - 1.2471344470977783 1
16 4 - 66 - 1.220343828201294 1
16 4 - 67 - 1.2268517017364502 1
16 4 - 68 - 1.235814094543457 1
16 4 - 69 - 1.2328715324401855 1
16 4 - 70 - 1.249560832977295 1
16 4 - 71 - 1.2427618503570557 1
16 4 - 72 - 1.2496728897094727 1
16 4 - 73 - 1.24147629737854 1
16 4 - 74 - 1.238309621810913 1
16 4 - 75 - 1.245253086090088 1
16 4 - 76 - 1.2512893676757812 1
16 4 - 77 - 1.2715647220611572 1
16 4 - 78 - 1.2460918426513672 1
16 4 - 79 - 1.2454414367675781 1
16 4 - 80 - 1.2437739372253418 1
16 4 - 81 - 1.2483675479888916 1
16 4 - 82 - 1.2443242073059082 1
16 4 - 83 - 1.2679290771484375 1
16 4 - 84 - 1.269336462020874 1
16 4 - 85 - 1.2676172256469727 1
16 4 - 86 - 1.2436621189117432 1
16 4 - 87 - 1.2332706451416016 1
16 4 - 88 - 1.2382640838623047 1
16 4 - 89 - 1.256089210510254 1
16 4 - 90 - 1.2361702919006348 1
16 4 - 91 - 1.251197099685669 1
16 4 - 92 - 1.2674694061279297 1
16 4 - 93 - 1.2476837635040283 1
16 4 - 94 - 1.250631332397461 1
16 4 - 95 - 1.2302892208099365 1
16 4 - 96 - 1.2409327030181885 1
16 4 - 97 - 1.2322800159454346 1
16 4 - 98 - 1.214829444885254 1
16 4 - 99 - 1.2129700183868408 1
16 8 - 0 - 1.4403314590454102 1
16 8 - 1 - 1.499481439590454 1
16 8 - 2 - 1.4684607982635498 1
16 8 - 3 - 1.5476300716400146 1
16 8 - 4 - 1.4421477317810059 1
16 8 - 5 - 1.4263687133789062 1
16 8 - 6 - 1.4471688270568848 1
16 8 - 7 - 1.453721523284912 1
16 8 - 8 - 1.4300568103790283 1
16 8 - 9 - 1.4316024780273438 1
16 8 - 10 - 1.4321660995483398 1
16 8 - 11 - 1.4536361694335938 1
16 8 - 12 - 1.4261460304260254 1
16 8 - 13 - 1.4693117141723633 1
16 8 - 14 - 1.4823119640350342 1
16 8 - 15 - 1.424297571182251 1
16 8 - 16 - 1.4336998462677002 1
16 8 - 17 - 1.4429967403411865 1
16 8 - 18 - 1.4567453861236572 1
16 8 - 19 - 1.4937925338745117 1
16 8 - 20 - 1.4278182983398438 1
16 8 - 21 - 1.4332256317138672 1
16 8 - 22 - 1.4310717582702637 1
16 8 - 23 - 1.4385528564453125 1
16 8 - 24 - 1.4806053638458252 1
16 8 - 25 - 1.44942307472229 1
16 8 - 26 - 1.4445457458496094 1
16 8 - 27 - 1.4425766468048096 1
16 8 - 28 - 1.4562163352966309 1
16 8 - 29 - 1.5273659229278564 1
16 8 - 30 - 1.563291072845459 1
16 8 - 31 - 1.4495413303375244 1
16 8 - 32 - 1.4492504596710205 1
16 8 - 33 - 1.500269889831543 1
16 8 - 34 - 1.5633673667907715 1
16 8 - 35 - 1.465782642364502 1
16 8 - 36 - 1.4498629570007324 1
16 8 - 37 - 1.5014870166778564 1
16 8 - 38 - 1.4679975509643555 1
16 8 - 39 - 1.4400312900543213 1
16 8 - 40 - 1.4442570209503174 1
16 8 - 41 - 1.4730615615844727 1
16 8 - 42 - 1.4475677013397217 1
16 8 - 43 - 1.4410943984985352 1
16 8 - 44 - 1.4513013362884521 1
16 8 - 45 - 1.4462637901306152 1
16 8 - 46 - 1.521817684173584 1
16 8 - 47 - 1.4340746402740479 1
16 8 - 48 - 1.5509819984436035 1
16 8 - 49 - 1.4340829849243164 1
16 8 - 50 - 1.4348852634429932 1
16 8 - 51 - 1.47401762008667 1
16 8 - 52 - 1.434382438659668 1
16 8 - 53 - 1.4297053813934326 1
16 8 - 54 - 1.582348346710205 1
16 8 - 55 - 1.438450813293457 1
16 8 - 56 - 1.5139694213867188 1
16 8 - 57 - 1.4365684986114502 1
16 8 - 58 - 1.4943954944610596 1
16 8 - 59 - 1.642202615737915 1
16 8 - 60 - 1.4573915004730225 1
16 8 - 61 - 1.4728145599365234 1
16 8 - 62 - 1.5408174991607666 1
16 8 - 63 - 1.4730021953582764 1
16 8 - 64 - 1.5528299808502197 1
16 8 - 65 - 1.4819419384002686 1
16 8 - 66 - 1.4440767765045166 1
16 8 - 67 - 1.4500036239624023 1
16 8 - 68 - 1.4583334922790527 1
16 8 - 69 - 1.4504914283752441 1
16 8 - 70 - 1.511720895767212 1
16 8 - 71 - 1.4640758037567139 1
16 8 - 72 - 1.4484398365020752 1
16 8 - 73 - 1.439147710800171 1
16 8 - 74 - 1.450601577758789 1
16 8 - 75 - 1.5224425792694092 1
16 8 - 76 - 1.4465632438659668 1
16 8 - 77 - 1.4583125114440918 1
16 8 - 78 - 1.4416871070861816 1
16 8 - 79 - 1.5263826847076416 1
16 8 - 80 - 1.434560775756836 1
16 8 - 81 - 1.4845869541168213 1
16 8 - 82 - 1.4894518852233887 1
16 8 - 83 - 1.4915006160736084 1
16 8 - 84 - 1.4525766372680664 1
16 8 - 85 - 1.4929556846618652 1
16 8 - 86 - 1.4679443836212158 1
16 8 - 87 - 1.4367282390594482 1
16 8 - 88 - 1.5102417469024658 1
16 8 - 89 - 1.542060136795044 1
16 8 - 90 - 1.4431076049804688 1
16 8 - 91 - 1.440098524093628 1
16 8 - 92 - 1.4402759075164795 1
16 8 - 93 - 1.440434217453003 1
16 8 - 94 - 1.441981554031372 1
16 8 - 95 - 1.4969768524169922 1
16 8 - 96 - 1.4825639724731445 1
16 8 - 97 - 1.4567432403564453 1
16 8 - 98 - 1.4402344226837158 1
16 8 - 99 - 1.4479315280914307 1
32 1 - 0 - 3.4803311824798584 1
32 1 - 1 - 3.498669147491455 1
32 1 - 2 - 3.517338514328003 1
32 1 - 3 - 3.481293201446533 1
32 1 - 4 - 3.483227252960205 1
32 1 - 5 - 3.4807522296905518 1
32 1 - 6 - 3.4871466159820557 1
32 1 - 7 - 3.4973931312561035 1
32 1 - 8 - 3.4689810276031494 1
32 1 - 9 - 3.4504945278167725 1
32 1 - 10 - 3.4631004333496094 1
32 1 - 11 - 3.487461566925049 1
32 1 - 12 - 3.4672954082489014 1
32 1 - 13 - 3.4631173610687256 1
32 1 - 14 - 3.4786276817321777 1
32 1 - 15 - 3.4796969890594482 1
32 1 - 16 - 3.478484630584717 1
32 1 - 17 - 3.477804183959961 1
32 1 - 18 - 3.4524176120758057 1
32 1 - 19 - 3.469893217086792 1
32 1 - 20 - 3.4538512229919434 1
32 1 - 21 - 3.47588849067688 1
32 1 - 22 - 3.453383207321167 1
32 1 - 23 - 3.4396250247955322 1
32 1 - 24 - 3.45259165763855 1
32 1 - 25 - 3.4310269355773926 1
32 1 - 26 - 3.4345147609710693 1
32 1 - 27 - 3.476473093032837 1
32 1 - 28 - 3.46042799949646 1
32 1 - 29 - 3.4668009281158447 1
32 1 - 30 - 3.473222017288208 1
32 1 - 31 - 3.4683141708374023 1
32 1 - 32 - 3.5019547939300537 1
32 1 - 33 - 3.4611923694610596 1
32 1 - 34 - 3.4594099521636963 1
32 1 - 35 - 3.4699323177337646 1
32 1 - 36 - 3.4699676036834717 1
32 1 - 37 - 3.4655680656433105 1
32 1 - 38 - 3.499030590057373 1
32 1 - 39 - 3.5205297470092773 1
32 1 - 40 - 3.542020559310913 1
32 1 - 41 - 3.5341391563415527 1
32 1 - 42 - 3.502624034881592 1
32 1 - 43 - 3.503053903579712 1
32 1 - 44 - 3.514293909072876 1
32 1 - 45 - 3.529928684234619 1
32 1 - 46 - 3.5154995918273926 1
32 1 - 47 - 3.466695547103882 1
32 1 - 48 - 3.498016357421875 1
32 1 - 49 - 3.459319829940796 1
32 1 - 50 - 3.4714548587799072 1
32 1 - 51 - 3.4896554946899414 1
32 1 - 52 - 3.561403512954712 1
32 1 - 53 - 3.5259149074554443 1
32 1 - 54 - 3.479386806488037 1
32 1 - 55 - 3.4649245738983154 1
32 1 - 56 - 3.4660017490386963 1
32 1 - 57 - 3.4735093116760254 1
32 1 - 58 - 3.460214614868164 1
32 1 - 59 - 3.516824960708618 1
32 1 - 60 - 3.472611427307129 1
32 1 - 61 - 3.4632813930511475 1
32 1 - 62 - 3.4611165523529053 1
32 1 - 63 - 3.4816057682037354 1
32 1 - 64 - 3.470644235610962 1
32 1 - 65 - 3.461392641067505 1
32 1 - 66 - 3.474668502807617 1
32 1 - 67 - 3.465484619140625 1
32 1 - 68 - 3.472560405731201 1
32 1 - 69 - 3.4564363956451416 1
32 1 - 70 - 3.4715018272399902 1
32 1 - 71 - 3.469287633895874 1
32 1 - 72 - 3.471386432647705 1
32 1 - 73 - 3.465212345123291 1
32 1 - 74 - 3.468442916870117 1
32 1 - 75 - 3.460512638092041 1
32 1 - 76 - 3.483937978744507 1
32 1 - 77 - 3.470919132232666 1
32 1 - 78 - 3.4570300579071045 1
32 1 - 79 - 3.481489896774292 1
32 1 - 80 - 3.473824977874756 1
32 1 - 81 - 3.4638478755950928 1
32 1 - 82 - 3.472181558609009 1
32 1 - 83 - 3.464789867401123 1
32 1 - 84 - 3.465942859649658 1
32 1 - 85 - 3.4631738662719727 1
32 1 - 86 - 3.4643304347991943 1
32 1 - 87 - 3.4718024730682373 1
32 1 - 88 - 3.4782652854919434 1
32 1 - 89 - 3.4775404930114746 1
32 1 - 90 - 3.4809296131134033 1
32 1 - 91 - 3.470614194869995 1
32 1 - 92 - 3.4528236389160156 1
32 1 - 93 - 3.4626193046569824 1
32 1 - 94 - 3.461636543273926 1
32 1 - 95 - 3.4580652713775635 1
32 1 - 96 - 3.480224132537842 1
32 1 - 97 - 3.4643399715423584 1
32 1 - 98 - 3.485600233078003 1
32 1 - 99 - 3.4759037494659424 1
32 2 - 0 - 3.577064037322998 1
32 2 - 1 - 3.5755984783172607 1
32 2 - 2 - 3.5950794219970703 1
32 2 - 3 - 3.5929112434387207 1
32 2 - 4 - 3.5800299644470215 1
32 2 - 5 - 3.574540853500366 1
32 2 - 6 - 3.5945897102355957 1
32 2 - 7 - 3.6070241928100586 1
32 2 - 8 - 3.5703940391540527 1
32 2 - 9 - 3.5675861835479736 1
32 2 - 10 - 3.5761706829071045 1
32 2 - 11 - 3.5730323791503906 1
32 2 - 12 - 3.564732074737549 1
32 2 - 13 - 3.576603889465332 1
32 2 - 14 - 3.5759716033935547 1
32 2 - 15 - 3.565368413925171 1
32 2 - 16 - 3.558619976043701 1
32 2 - 17 - 3.575153350830078 1
32 2 - 18 - 3.572228193283081 1
32 2 - 19 - 3.5734992027282715 1
32 2 - 20 - 3.5715789794921875 1
32 2 - 21 - 3.58393931388855 1
32 2 - 22 - 3.5421385765075684 1
32 2 - 23 - 3.5504579544067383 1
32 2 - 24 - 3.5520613193511963 1
32 2 - 25 - 3.5382018089294434 1
32 2 - 26 - 3.537590980529785 1
32 2 - 27 - 3.5632717609405518 1
32 2 - 28 - 3.583416223526001 1
32 2 - 29 - 3.575035333633423 1
32 2 - 30 - 3.5730865001678467 1
32 2 - 31 - 3.572052240371704 1
32 2 - 32 - 3.5711617469787598 1
32 2 - 33 - 3.565859317779541 1
32 2 - 34 - 3.571754217147827 1
32 2 - 35 - 3.5742297172546387 1
32 2 - 36 - 3.5761280059814453 1
32 2 - 37 - 3.570049285888672 1
32 2 - 38 - 3.5829083919525146 1
32 2 - 39 - 3.577171564102173 1
32 2 - 40 - 3.578871011734009 1
32 2 - 41 - 3.5695981979370117 1
32 2 - 42 - 3.5772387981414795 1
32 2 - 43 - 3.5631513595581055 1
32 2 - 44 - 3.579225540161133 1
32 2 - 45 - 3.582000494003296 1
32 2 - 46 - 3.566185235977173 1
32 2 - 47 - 3.5737528800964355 1
32 2 - 48 - 3.5690720081329346 1
32 2 - 49 - 3.5750362873077393 1
32 2 - 50 - 3.6315441131591797 1
32 2 - 51 - 3.608372688293457 1
32 2 - 52 - 3.6896352767944336 1
32 2 - 53 - 3.591892957687378 1
32 2 - 54 - 3.5966641902923584 1
32 2 - 55 - 3.588078022003174 1
32 2 - 56 - 3.5815072059631348 1
32 2 - 57 - 3.5888290405273438 1
32 2 - 58 - 3.58707594871521 1
32 2 - 59 - 3.5912721157073975 1
32 2 - 60 - 3.5843398571014404 1
32 2 - 61 - 3.577017307281494 1
32 2 - 62 - 3.5866761207580566 1
32 2 - 63 - 3.581354856491089 1
32 2 - 64 - 3.594956159591675 1
32 2 - 65 - 3.578362226486206 1
32 2 - 66 - 3.5879831314086914 1
32 2 - 67 - 3.5856103897094727 1
32 2 - 68 - 3.5757758617401123 1
32 2 - 69 - 3.5762999057769775 1
32 2 - 70 - 3.596416473388672 1
32 2 - 71 - 3.5761208534240723 1
32 2 - 72 - 3.5719871520996094 1
32 2 - 73 - 3.588271379470825 1
32 2 - 74 - 3.5820441246032715 1
32 2 - 75 - 3.570295810699463 1
32 2 - 76 - 3.5751733779907227 1
32 2 - 77 - 3.5769832134246826 1
32 2 - 78 - 3.5644147396087646 1
32 2 - 79 - 3.5676560401916504 1
32 2 - 80 - 3.5681676864624023 1
32 2 - 81 - 3.569051504135132 1
32 2 - 82 - 3.574197769165039 1
32 2 - 83 - 3.6008553504943848 1
32 2 - 84 - 3.5781569480895996 1
32 2 - 85 - 3.6806559562683105 1
32 2 - 86 - 3.5795183181762695 1
32 2 - 87 - 3.5688629150390625 1
32 2 - 88 - 3.5859808921813965 1
32 2 - 89 - 3.5462803840637207 1
32 2 - 90 - 3.5890376567840576 1
32 2 - 91 - 3.5770673751831055 1
32 2 - 92 - 3.5825841426849365 1
32 2 - 93 - 3.56972336769104 1
32 2 - 94 - 3.581315040588379 1
32 2 - 95 - 3.5649518966674805 1
32 2 - 96 - 3.5866055488586426 1
32 2 - 97 - 3.571941614151001 1
32 2 - 98 - 3.590229034423828 1
32 2 - 99 - 3.572112560272217 1
32 4 - 0 - 3.8325681686401367 1
32 4 - 1 - 3.7959513664245605 1
32 4 - 2 - 3.784792184829712 1
32 4 - 3 - 3.863020896911621 1
32 4 - 4 - 3.783954620361328 1
32 4 - 5 - 3.7891716957092285 1
32 4 - 6 - 3.8207976818084717 1
32 4 - 7 - 3.7809438705444336 1
32 4 - 8 - 3.8596932888031006 1
32 4 - 9 - 3.7831006050109863 1
32 4 - 10 - 3.7943553924560547 1
32 4 - 11 - 3.973933458328247 1
32 4 - 12 - 3.7977294921875 1
32 4 - 13 - 3.849081039428711 1
32 4 - 14 - 3.8547379970550537 1
32 4 - 15 - 3.7705795764923096 1
32 4 - 16 - 3.7695562839508057 1
32 4 - 17 - 3.872433662414551 1
32 4 - 18 - 3.7795581817626953 1
32 4 - 19 - 3.7866525650024414 1
32 4 - 20 - 3.779069662094116 1
32 4 - 21 - 3.860356330871582 1
32 4 - 22 - 3.787041664123535 1
32 4 - 23 - 3.9906678199768066 1
32 4 - 24 - 3.771259307861328 1
32 4 - 25 - 3.781193494796753 1
32 4 - 26 - 3.7834763526916504 1
32 4 - 27 - 3.8227100372314453 1
32 4 - 28 - 3.7828257083892822 1
32 4 - 29 - 3.7582759857177734 1
32 4 - 30 - 3.7785181999206543 1
32 4 - 31 - 3.757499933242798 1
32 4 - 32 - 3.787545919418335 1
32 4 - 33 - 3.756114959716797 1
32 4 - 34 - 3.7695133686065674 1
32 4 - 35 - 3.7841548919677734 1
32 4 - 36 - 3.739072561264038 1
32 4 - 37 - 3.7779338359832764 1
32 4 - 38 - 3.836129665374756 1
32 4 - 39 - 3.796828031539917 1
32 4 - 40 - 3.7378242015838623 1
32 4 - 41 - 3.758908748626709 1
32 4 - 42 - 3.763524055480957 1
32 4 - 43 - 3.7595858573913574 1
32 4 - 44 - 3.9153072834014893 1
32 4 - 45 - 3.9752819538116455 1
32 4 - 46 - 3.8330342769622803 1
32 4 - 47 - 3.7932260036468506 1
32 4 - 48 - 3.821458101272583 1
32 4 - 49 - 3.8742973804473877 1
32 4 - 50 - 3.7792999744415283 1
32 4 - 51 - 3.8891589641571045 1
32 4 - 52 - 3.784860134124756 1
32 4 - 53 - 3.81215500831604 1
32 4 - 54 - 3.7898037433624268 1
32 4 - 55 - 3.8003194332122803 1
32 4 - 56 - 3.810511350631714 1
32 4 - 57 - 3.7745819091796875 1
32 4 - 58 - 3.853513240814209 1
32 4 - 59 - 3.817915201187134 1
32 4 - 60 - 3.8129708766937256 1
32 4 - 61 - 3.7939138412475586 1
32 4 - 62 - 3.79819655418396 1
32 4 - 63 - 3.797194480895996 1
32 4 - 64 - 3.791400671005249 1
32 4 - 65 - 3.9431562423706055 1
32 4 - 66 - 3.8398115634918213 1
32 4 - 67 - 3.793189525604248 1
32 4 - 68 - 3.805199146270752 1
32 4 - 69 - 3.826528787612915 1
32 4 - 70 - 3.8723134994506836 1
32 4 - 71 - 3.787963628768921 1
32 4 - 72 - 3.9102559089660645 1
32 4 - 73 - 3.78395676612854 1
32 4 - 74 - 3.771682024002075 1
32 4 - 75 - 3.8244621753692627 1
32 4 - 76 - 3.785060167312622 1
32 4 - 77 - 3.7627885341644287 1
32 4 - 78 - 3.8016743659973145 1
32 4 - 79 - 3.845006227493286 1
32 4 - 80 - 3.8588802814483643 1
32 4 - 81 - 3.863884687423706 1
32 4 - 82 - 3.8018157482147217 1
32 4 - 83 - 3.852146625518799 1
32 4 - 84 - 3.824333906173706 1
32 4 - 85 - 3.791144847869873 1
32 4 - 86 - 3.81418776512146 1
32 4 - 87 - 3.7721004486083984 1
32 4 - 88 - 3.9091622829437256 1
32 4 - 89 - 3.8033809661865234 1
32 4 - 90 - 3.8462331295013428 1
32 4 - 91 - 3.7736594676971436 1
32 4 - 92 - 3.841799020767212 1
32 4 - 93 - 3.9227027893066406 1
32 4 - 94 - 3.7885730266571045 1
32 4 - 95 - 3.782958507537842 1
32 4 - 96 - 3.7967922687530518 1
32 4 - 97 - 3.754262924194336 1
32 4 - 98 - 3.771939992904663 1
32 4 - 99 - 3.8098087310791016 1
32 8 - 0 - 4.263572931289673 1
32 8 - 1 - 4.425472021102905 1
32 8 - 2 - 4.298342704772949 1
32 8 - 3 - 4.199871301651001 1
32 8 - 4 - 4.193192481994629 1
32 8 - 5 - 4.238449811935425 1
32 8 - 6 - 4.617157459259033 1
32 8 - 7 - 4.20578670501709 1
32 8 - 8 - 4.180671453475952 1
32 8 - 9 - 4.5951714515686035 1
32 8 - 10 - 4.217775344848633 1
32 8 - 11 - 4.732144594192505 1
32 8 - 12 - 4.177666664123535 1
32 8 - 13 - 4.207133054733276 1
32 8 - 14 - 4.277153015136719 1
32 8 - 15 - 4.6324357986450195 1
32 8 - 16 - 4.198975324630737 1
32 8 - 17 - 4.49206280708313 1
32 8 - 18 - 4.503671407699585 1
32 8 - 19 - 4.278978586196899 1
32 8 - 20 - 4.3284523487091064 1
32 8 - 21 - 4.565908432006836 1
32 8 - 22 - 4.3286638259887695 1
32 8 - 23 - 4.2089173793792725 1
32 8 - 24 - 4.21606707572937 1
32 8 - 25 - 4.256669759750366 1
32 8 - 26 - 4.293457746505737 1
32 8 - 27 - 4.2368950843811035 1
32 8 - 28 - 4.226407289505005 1
32 8 - 29 - 4.250003099441528 1
32 8 - 30 - 4.233299255371094 1
32 8 - 31 - 5.328181743621826 1
32 8 - 32 - 4.3515331745147705 1
32 8 - 33 - 4.199618339538574 1
32 8 - 34 - 4.211756706237793 1
32 8 - 35 - 4.210243225097656 1
32 8 - 36 - 4.221590042114258 1
32 8 - 37 - 5.052151679992676 1
32 8 - 38 - 4.213222026824951 1
32 8 - 39 - 4.326907157897949 1
32 8 - 40 - 4.2236223220825195 1
32 8 - 41 - 4.217305660247803 1
32 8 - 42 - 4.2232911586761475 1
32 8 - 43 - 4.192750453948975 1
32 8 - 44 - 4.2274391651153564 1
32 8 - 45 - 4.216326475143433 1
32 8 - 46 - 4.2014007568359375 1
32 8 - 47 - 4.287416458129883 1
32 8 - 48 - 4.3207619190216064 1
32 8 - 49 - 4.736429929733276 1
32 8 - 50 - 4.258225917816162 1
32 8 - 51 - 4.6638805866241455 1
32 8 - 52 - 4.214632511138916 1
32 8 - 53 - 4.431107521057129 1
32 8 - 54 - 4.200564622879028 1
32 8 - 55 - 4.180567741394043 1
32 8 - 56 - 4.307382822036743 1
32 8 - 57 - 4.2320287227630615 1
32 8 - 58 - 4.475561857223511 1
32 8 - 59 - 4.412383079528809 1
32 8 - 60 - 4.198996305465698 1
32 8 - 61 - 4.464724540710449 1
32 8 - 62 - 4.310828685760498 1
32 8 - 63 - 4.243501901626587 1
32 8 - 64 - 4.258619785308838 1
32 8 - 65 - 5.677704811096191 1
32 8 - 66 - 4.282654047012329 1
32 8 - 67 - 4.225009202957153 1
32 8 - 68 - 4.189794540405273 1
32 8 - 69 - 4.617939472198486 1
32 8 - 70 - 4.466286897659302 1
32 8 - 71 - 4.197408199310303 1
32 8 - 72 - 4.2255589962005615 1
32 8 - 73 - 4.194831609725952 1
32 8 - 74 - 4.405910491943359 1
32 8 - 75 - 4.2648749351501465 1
32 8 - 76 - 4.182109117507935 1
32 8 - 77 - 4.234772682189941 1
32 8 - 78 - 4.205056190490723 1
32 8 - 79 - 4.3942577838897705 1
32 8 - 80 - 4.306248188018799 1
32 8 - 81 - 4.269392251968384 1
32 8 - 82 - 4.866106033325195 1
32 8 - 83 - 4.180814027786255 1
32 8 - 84 - 4.258044958114624 1
32 8 - 85 - 4.348196029663086 1
32 8 - 86 - 4.224165916442871 1
32 8 - 87 - 4.1852805614471436 1
32 8 - 88 - 4.204047918319702 1
32 8 - 89 - 4.214122295379639 1
32 8 - 90 - 4.527315139770508 1
32 8 - 91 - 4.244898557662964 1
32 8 - 92 - 4.257019996643066 1
32 8 - 93 - 4.204766035079956 1
32 8 - 94 - 4.216142177581787 1
32 8 - 95 - 4.275166034698486 1
32 8 - 96 - 4.2074267864227295 1
32 8 - 97 - 4.253084659576416 1
32 8 - 98 - 4.287187814712524 1
32 8 - 99 - 4.822533845901489 1
