0 44
1 -27
2 -25
3 -88
4 55
5 24
6 39
7 98
8 -28
9 -81
10 -54
11 -83
12 -17
13 13
14 -40
15 -79
16 -50
17 86
18 13
19 -14
20 20
21 -95
22 -93
23 88
24 -74
25 -2
26 45
27 -31
28 25
29 69
30 28
31 99
32 -75
33 -56
34 14
35 -30
36 -9
37 98
38 -36
39 95
40 -83
41 37
42 40
43 -42
44 -64
45 -58
46 -37
47 95
48 69
49 29
50 84
51 -62
52 51
53 -51
54 59
55 -96
56 -32
57 -52
58 38
59 -78
60 19
61 -92
62 16
63 38
64 -95
65 21
66 3
67 -34
68 38
69 9
70 -70
71 -28
72 -75
73 27
74 -82
75 75
76 74
77 64
78 -83
79 -13
80 -30
81 94
82 -18
83 -92
84 -15
85 -41
86 68
87 -31
88 -75
89 -28
90 16
91 48
92 51
93 -16
94 32
95 7
96 -77
97 75
98 35
99 -59
100 -87
101 -88
102 15
103 -18
104 -6
105 13
106 -42
107 46
108 27
109 70
110 -11
111 44
112 -88
113 35
114 29
115 -34
116 -21
117 6
118 38
119 -30
120 -34
121 89
122 96
123 64
124 23
125 -22
126 74
127 42
128 -67
129 65
130 -67
131 67
132 -91
133 -68
134 -34
135 71
136 -73
137 -1
138 89
139 81
140 69
141 -91
142 47
143 39
144 -96
145 -6
146 99
147 -34
148 58
149 34
150 -26
151 96
152 -91
153 7
154 95
155 -42
156 20
157 -47
158 27
159 33
160 -76
161 -23
162 -100
163 -85
164 -43
165 63
166 71
167 -66
168 69
169 -12
170 47
171 58
172 -51
173 8
174 -79
175 21
176 -32
177 19
178 57
179 7
180 -17
181 82
182 -20
183 -19
184 -41
185 -39
186 97
187 4
188 -36
189 -95
190 -93
191 57
192 51
193 3
194 -33
195 20
196 16
197 -93
198 -81
199 -3
200 89
201 77
202 -95
203 46
204 -17
205 87
206 71
207 66
208 61
209 -97
210 -34
211 46
212 -87
213 -43
214 22
215 70
216 91
217 -90
218 -46
219 45
220 34
221 -99
222 59
223 -68
224 34
225 -93
226 -78
227 3
228 28
229 88
230 13
231 -60
232 -82
233 -33
234 -32
235 -59
236 -75
237 -14
238 -34
239 -18
240 58
241 97
242 -37
243 40
244 -62
245 81
246 64
247 44
248 33
249 15
250 17
251 90
252 88
253 41
254 -28
255 23
256 -25
257 25
258 49
259 -81
260 -67
261 5
262 59
263 -73
264 -42
265 -17
266 -68
267 -60
268 -11
269 60
270 -41
271 25
272 51
273 7
274 51
275 83
276 91
277 95
278 37
279 -37
280 12
281 63
282 -48
283 14
284 -16
285 -60
286 71
287 69
288 55
289 76
290 72
291 -95
292 -68
293 -17
294 33
295 52
296 36
297 -10
298 51
299 12
300 -38
301 92
302 11
303 -49
304 -53
305 24
306 53
307 100
308 78
309 59
310 -20
311 -90
312 -76
313 64
314 -21
315 -17
316 48
317 -79
318 60
319 -9
320 10
321 -61
322 -93
323 75
324 53
325 -31
326 82
327 -47
328 -88
329 40
330 -95
331 -81
332 60
333 100
334 -79
335 -16
336 -74
337 76
338 55
339 -72
340 34
341 40
342 11
343 -69
344 -55
345 -94
346 2
347 -27
348 18
349 42
350 11
351 10
352 -31
353 -68
354 29
355 -95
356 -8
357 -73
358 6
359 -76
360 -2
361 -88
362 82
363 99
364 15
365 -72
366 -4
367 85
368 44
369 -57
370 -84
371 -83
372 66
373 87
374 10
375 -75
376 80
377 70
378 42
379 -48
380 15
381 -32
382 54
383 90
384 -34
385 31
386 40
387 50
388 58
389 -71
390 -1
391 -43
392 61
393 -78
394 30
395 48
396 61
397 -9
398 -36
399 49
400 67
401 -27
402 75
403 99
404 -4
405 72
406 -94
407 -69
408 -7
409 -38
410 -51
411 74
412 -28
413 -65
414 -18
415 24
416 26
417 16
418 96
419 96
420 -28
421 -50
422 -87
423 54
424 -85
425 -65
426 93
427 88
428 45
429 8
430 -14
431 22
432 -56
433 -78
434 18
435 2
436 22
437 83
438 92
439 31
440 -52
441 100
442 44
443 -29
444 40
445 -99
446 -65
447 -38
448 14
449 -52
450 1
451 46
452 -95
453 -40
454 63
455 -14
456 20
457 100
458 80
459 80
460 -13
461 -54
462 33
463 -66
464 82
465 69
466 -53
467 46
468 53
469 61
470 -1
471 -36
472 67
473 -4
474 -51
475 23
476 -28
477 44
478 -4
479 86
480 67
481 73
482 -51
483 33
484 -49
485 40
486 82
487 60
488 -17
489 -11
490 -68
491 -82
492 -10
493 -84
494 -14
495 89
496 -70
497 -24
498 -91
499 7
500 100
501 21
502 68
503 -85
504 49
505 -72
506 -38
507 -4
508 30
509 54
510 43
511 30
512 3
513 73
514 -20
515 -6
516 -90
517 82
518 -84
519 -18
520 87
521 48
522 4
523 85
524 -14
525 -14
526 -71
527 -53
528 -33
529 77
530 40
531 71
532 -21
533 65
534 -51
535 -96
536 -18
537 -21
538 -33
539 -70
540 -56
541 57
542 -17
543 -43
544 -51
545 93
546 19
547 -77
548 -46
549 68
550 66
551 96
552 -87
553 -77
554 -20
555 -34
556 -85
557 49
558 -60
559 14
560 9
561 87
562 53
563 -80
564 87
565 7
566 97
567 -80
568 -27
569 -98
570 -71
571 33
572 42
573 36
574 68
575 58
576 -39
577 44
578 -15
579 1
580 4
581 46
582 10
583 -50
584 63
585 14
586 58
587 92
588 -43
589 19
590 -44
591 82
592 -6
593 -65
594 93
595 -32
596 14
597 -93
598 -6
599 -20
600 16
601 -97
602 86
603 -28
604 -69
605 -14
606 -55
607 -85
608 -12
609 67
610 33
611 -30
612 -48
613 -74
614 -16
615 97
616 78
617 -1
618 72
619 -42
620 -16
621 -86
622 -97
623 66
624 -24
625 -92
626 100
627 84
628 37
629 1
630 82
631 34
632 41
633 -99
634 21
635 -48
636 47
637 -71
638 75
639 -96
640 -40
641 -45
642 -74
643 -79
644 -100
645 -93
646 -15
647 83
648 89
649 -41
650 13
651 -46
652 -27
653 61
654 5
655 -64
656 -69
657 -91
658 -61
659 -77
660 -71
661 45
662 -52
663 69
664 -52
665 37
666 77
667 -29
668 -96
669 -39
670 0
671 58
672 71
673 55
674 65
675 35
676 -5
677 -30
678 -17
679 -23
680 -99
681 52
682 -32
683 -30
684 -25
685 51
686 63
687 10
688 36
689 49
690 -50
691 53
692 99
693 -17
694 77
695 94
696 -79
697 28
698 74
699 -1
700 -42
701 -16
702 -13
703 -29
704 -44
705 93
706 6
707 9
708 -30
709 -10
710 -35
711 -18
712 59
713 -76
714 70
715 -87
716 50
717 -38
718 -63
719 23
720 19
721 -59
722 23
723 48
724 59
725 -44
726 -51
727 7
728 65
729 -4
730 29
731 -78
732 -18
733 -62
734 99
735 81
736 -55
737 40
738 7
739 -81
740 83
741 26
742 -17
743 32
744 87
745 -53
746 99
747 -78
748 -49
749 28
750 84
751 71
752 -50
753 71
754 -33
755 -76
756 62
757 -17
758 18
759 -28
760 -31
761 83
762 -81
763 -98
764 75
765 63
766 22
767 -26
768 56
769 75
770 77
771 -44
772 80
773 5
774 -10
775 -65
776 -47
777 -5
778 -79
779 -66
780 45
781 76
782 89
783 81
784 -24
785 50
786 68
787 -64
788 -39
789 -65
790 -96
791 63
792 6
793 -4
794 -41
795 -85
796 -3
797 25
798 -7
799 -83
800 26
801 -55
802 13
803 90
804 79
805 58
806 34
807 10
808 -20
809 13
810 41
811 58
812 88
813 -84
814 -22
815 74
816 51
817 7
818 -8
819 79
820 18
821 -50
822 -9
823 -67
824 -89
825 69
826 72
827 7
828 48
829 -54
830 13
831 14
832 -32
833 -80
834 -38
835 72
836 -75
837 60
838 -50
839 -8
840 -11
841 -90
842 12
843 27
844 70
845 68
846 -62
847 -32
848 7
849 45
850 64
851 -8
852 2
853 -58
854 10
855 -48
856 -79
857 95
858 50
859 -29
860 83
861 7
862 19
863 -15
864 15
865 -7
866 -84
867 -90
868 41
869 -66
870 34
871 -51
872 -19
873 -67
874 11
875 -43
876 -45
877 -63
878 -32
879 95
880 -18
881 87
882 93
883 -43
884 59
885 -81
886 36
887 96
888 41
889 84
890 -47
891 -76
892 14
893 -61
894 -87
895 20
896 -58
897 -60
898 -21
899 -83
900 -54
901 2
902 -66
903 17
904 80
905 -63
906 62
907 27
908 36
909 1
910 -48
911 73
912 -14
913 96
914 9
915 -78
916 8
917 58
918 47
919 10
920 43
921 46
922 -10
923 37
924 36
925 64
926 -76
927 -31
928 -42
929 -81
930 -51
931 76
932 -1
933 2
934 0
935 33
936 -77
937 -18
938 -57
939 -84
940 -91
941 98
942 16
943 12
944 -27
945 48
946 -53
947 -47
948 77
949 56
950 18
951 21
952 -73
953 9
954 -93
955 74
956 97
957 -63
958 3
959 29
960 -31
961 4
962 -13
963 -56
964 93
965 78
966 9
967 28
968 -83
969 -63
970 -12
971 -61
972 54
973 68
974 -65
975 -18
976 28
977 -53
978 -10
979 37
980 93
981 -57
982 -48
983 99
984 54
985 83
986 69
987 29
988 -38
989 -14
990 -79
991 -75
992 100
993 -34
994 -31
995 73
996 -32
997 4
998 98
999 -32
1000 -55
1001 29
1002 89
1003 93
1004 -82
1005 2
1006 51
1007 -83
1008 43
1009 35
1010 -58
1011 -46
1012 67
1013 72
1014 -16
1015 -84
1016 23
1017 -19
1018 34
1019 -80
1020 86
1021 67
1022 55
1023 87
