0 -11
1 -31
2 51
3 -27
4 -26
5 44
6 67
7 -15
8 -32
9 -69
10 -13
11 53
12 -47
13 -79
14 84
15 99
16 84
17 -84
18 15
19 -29
20 -98
21 72
22 42
23 -100
24 12
25 84
26 20
27 -18
28 -52
29 -57
30 2
31 20
32 90
33 -83
34 7
35 99
36 22
37 37
38 -39
39 -85
40 -14
41 44
42 -11
43 -86
44 54
45 -100
46 23
47 86
48 1
49 -81
50 73
51 17
52 -74
53 27
54 -53
55 -14
56 98
57 83
58 -60
59 -40
60 -19
61 85
62 -94
63 65
64 -7
65 94
66 3
67 -34
68 34
69 61
70 56
71 59
72 -16
73 51
74 39
75 18
76 69
77 -12
78 30
79 39
80 90
81 -76
82 -75
83 -79
84 -35
85 58
86 -36
87 -62
88 -67
89 -77
90 -47
91 0
92 91
93 12
94 37
95 8
96 -73
97 -7
98 3
99 -97
100 97
101 -71
102 5
103 21
104 -27
105 54
106 33
107 -92
108 68
109 -75
110 -95
111 -11
112 58
113 39
114 -6
115 -59
116 -34
117 86
118 -86
119 37
120 -36
121 84
122 -42
123 24
124 86
125 49
126 42
127 58
128 20
129 -73
130 23
131 -18
132 -47
133 53
134 20
135 -94
136 57
137 63
138 -43
139 48
140 -51
141 15
142 93
143 99
144 -25
145 58
146 18
147 59
148 23
149 93
150 8
151 -5
152 -100
153 -90
154 28
155 -51
156 -7
157 -5
158 -52
159 -94
160 48
161 100
162 35
163 -65
164 -60
165 68
166 76
167 99
168 -58
169 15
170 -90
171 -37
172 -39
173 -49
174 67
175 -75
176 98
177 -30
178 11
179 -15
180 61
181 -95
182 -88
183 -23
184 10
185 -64
186 37
187 -59
188 52
189 -76
190 51
191 93
192 8
193 30
194 -37
195 -15
196 29
197 -61
198 77
199 -54
200 -29
201 14
202 -35
203 20
204 -37
205 73
206 0
207 -60
208 -59
209 10
210 51
211 73
212 -42
213 -11
214 9
215 85
216 -5
217 -37
218 -44
219 38
220 -44
221 -72
222 -1
223 34
224 93
225 20
226 -20
227 -21
228 -35
229 -99
230 35
231 98
232 97
233 17
234 81
235 -26
236 -51
237 -13
238 67
239 45
240 22
241 -31
242 28
243 -99
244 -60
245 95
246 -28
247 17
248 -62
249 5
250 58
251 -67
252 20
253 -7
254 15
255 10
256 -51
257 19
258 82
259 83
260 80
261 73
262 7
263 82
264 -72
265 47
266 -71
267 10
268 -64
269 -99
270 93
271 -63
272 85
273 70
274 -47
275 100
276 -12
277 50
278 -68
279 -20
280 -98
281 -16
282 -32
283 -30
284 -44
285 -17
286 -81
287 96
288 -97
289 -34
290 94
291 17
292 -13
293 -51
294 -45
295 -96
296 -13
297 80
298 -79
299 80
300 26
301 17
302 55
303 -72
304 50
305 -60
306 -95
307 49
308 25
309 -48
310 -7
311 -51
312 -26
313 9
314 48
315 71
316 72
317 -23
318 7
319 -99
320 -98
321 12
322 74
323 80
324 74
325 -26
326 -83
327 -40
328 -91
329 -26
330 -22
331 -40
332 24
333 -20
334 68
335 -73
336 68
337 100
338 -13
339 -99
340 -97
341 -67
342 -50
343 -89
344 -44
345 -93
346 77
347 -66
348 -4
349 -24
350 36
351 96
352 58
353 -50
354 75
355 -18
356 81
357 -8
358 -61
359 -25
360 -44
361 81
362 -91
363 60
364 24
365 -64
366 26
367 -96
368 32
369 -95
370 -96
371 88
372 9
373 -88
374 2
375 -8
376 -76
377 -46
378 76
379 -57
380 -96
381 50
382 -27
383 -20
384 -91
385 -83
386 6
387 -11
388 -73
389 13
390 -47
391 53
392 44
393 39
394 0
395 -76
396 85
397 29
398 -84
399 91
400 62
401 -4
402 1
403 98
404 -23
405 -45
406 62
407 -83
408 96
409 43
410 -90
411 -20
412 -45
413 -73
414 -91
415 98
416 -65
417 -21
418 -13
419 92
420 -96
421 39
422 25
423 8
424 65
425 -33
426 73
427 -29
428 65
429 61
430 93
431 85
432 -23
433 13
434 -5
435 74
436 -75
437 59
438 38
439 -72
440 40
441 20
442 77
443 41
444 -19
445 57
446 88
447 4
448 96
449 -50
450 1
451 -95
452 64
453 -53
454 -49
455 -75
456 88
457 -7
458 -14
459 -3
460 16
461 -77
462 -56
463 83
464 -25
465 -56
466 52
467 99
468 49
469 -3
470 -84
471 -31
472 -36
473 29
474 27
475 99
476 -3
477 -6
478 18
479 58
480 41
481 18
482 54
483 97
484 56
485 68
486 64
487 74
488 -83
489 22
490 8
491 -70
492 -29
493 -60
494 -11
495 62
496 31
497 -42
498 60
499 61
500 -21
501 84
502 -94
503 -72
504 -7
505 50
506 17
507 -74
508 67
509 -92
510 98
511 -54
512 66
513 90
514 2
515 64
516 -40
517 15
518 18
519 -1
520 -7
521 49
522 58
523 92
524 28
525 78
526 -14
527 78
528 -36
529 8
530 -47
531 -57
532 -52
533 -1
534 -56
535 -74
536 74
537 87
538 51
539 63
540 23
541 -59
542 69
543 65
544 -10
545 58
546 -69
547 -57
548 -10
549 -68
550 94
551 -24
552 -72
553 -66
554 -48
555 47
556 43
557 -27
558 -97
559 -76
560 32
561 46
562 63
563 -36
564 -29
565 -21
566 11
567 -85
568 77
569 -5
570 -31
571 -53
572 -83
573 25
574 -76
575 54
576 -43
577 52
578 -67
579 81
580 24
581 -41
582 4
583 -88
584 -97
585 -10
586 35
587 16
588 -12
589 58
590 84
591 77
592 -34
593 -58
594 4
595 57
596 -30
597 13
598 -60
599 14
600 91
601 -90
602 -76
603 88
604 -25
605 78
606 -74
607 4
608 -46
609 67
610 -96
611 65
612 17
613 82
614 -55
615 74
616 37
617 19
618 -76
619 -68
620 -17
621 -100
622 60
623 62
624 -7
625 25
626 47
627 55
628 0
629 -3
630 -100
631 -32
632 -29
633 -48
634 92
635 87
636 34
637 65
638 87
639 -27
640 -47
641 55
642 -56
643 -21
644 82
645 3
646 -79
647 -26
648 13
649 -88
650 12
651 -82
652 68
653 42
654 23
655 40
656 -68
657 -73
658 -62
659 -51
660 -43
661 51
662 78
663 -90
664 -71
665 -27
666 84
667 12
668 72
669 -76
670 -12
671 -9
672 -59
673 -19
674 -2
675 -31
676 -51
677 -44
678 -4
679 63
680 -31
681 34
682 -33
683 49
684 28
685 60
686 -90
687 55
688 -53
689 99
690 71
691 5
692 49
693 -28
694 -12
695 86
696 -84
697 58
698 -53
699 95
700 78
701 -24
702 32
703 -43
704 -78
705 82
706 -39
707 62
708 78
709 -90
710 67
711 -73
712 47
713 -91
714 40
715 -83
716 4
717 -35
718 -91
719 51
720 -61
721 -52
722 77
723 -86
724 75
725 -36
726 -32
727 48
728 20
729 -72
730 21
731 -90
732 52
733 -66
734 59
735 81
736 61
737 36
738 17
739 47
740 20
741 -37
742 -67
743 -100
744 56
745 -96
746 42
747 95
748 -83
749 -99
750 57
751 42
752 -64
753 43
754 -77
755 71
756 -74
757 6
758 -42
759 85
760 -33
761 40
762 60
763 58
764 -79
765 -53
766 81
767 25
768 -41
769 -15
770 -22
771 -24
772 -75
773 3
774 -21
775 -30
776 -37
777 73
778 59
779 -76
780 75
781 81
782 -61
783 -21
784 14
785 -42
786 -23
787 -73
788 64
789 -68
790 52
791 85
792 5
793 -8
794 92
795 -71
796 97
797 -65
798 -59
799 71
800 72
801 -55
802 -94
803 -80
804 -97
805 -50
806 60
807 -45
808 -79
809 -22
810 51
811 -22
812 29
813 -60
814 9
815 -75
816 27
817 -84
818 45
819 40
820 9
821 50
822 39
823 -87
824 66
825 -60
826 -38
827 -83
828 -16
829 31
830 97
831 55
832 -43
833 77
834 -82
835 26
836 -3
837 68
838 -48
839 38
840 96
841 68
842 65
843 -97
844 42
845 20
846 -62
847 78
848 93
849 9
850 -81
851 -96
852 -71
853 68
854 37
855 98
856 60
857 7
858 -27
859 -46
860 -46
861 -100
862 19
863 -17
864 -99
865 7
866 92
867 -18
868 -37
869 -28
870 49
871 96
872 83
873 52
874 -97
875 28
876 -33
877 -43
878 -47
879 -43
880 62
881 82
882 59
883 -65
884 -98
885 -78
886 -11
887 -93
888 42
889 -96
890 -85
891 -34
892 85
893 97
894 85
895 99
896 -2
897 10
898 96
899 59
900 -93
901 -49
902 -79
903 1
904 -88
905 76
906 51
907 59
908 13
909 71
910 94
911 7
912 -21
913 56
914 15
915 -78
916 -66
917 33
918 32
919 35
920 -57
921 -27
922 -79
923 58
924 -98
925 -76
926 -87
927 40
928 -44
929 -75
930 47
931 -82
932 -27
933 39
934 -90
935 -75
936 -93
937 6
938 74
939 43
940 -54
941 16
942 -38
943 27
944 -7
945 1
946 79
947 -60
948 66
949 3
950 85
951 38
952 11
953 -9
954 6
955 -19
956 29
957 -90
958 57
959 -17
960 34
961 12
962 47
963 88
964 -38
965 92
966 -31
967 51
968 40
969 28
970 37
971 -27
972 -87
973 100
974 71
975 90
976 17
977 71
978 -38
979 9
980 8
981 64
982 2
983 12
984 -90
985 67
986 -98
987 -31
988 -82
989 -87
990 -85
991 -22
992 50
993 -12
994 28
995 13
996 -98
997 88
998 -82
999 -16
1000 96
1001 92
1002 27
1003 12
1004 72
1005 -61
1006 -48
1007 -31
1008 -45
1009 17
1010 -19
1011 62
1012 -57
1013 82
1014 16
1015 -17
1016 100
1017 -31
1018 -7
1019 -81
1020 55
1021 19
1022 -96
1023 3
