0 -39
1 92
2 89
3 93
4 -80
5 -68
6 -87
7 80
8 -68
9 -65
10 -90
11 -31
12 43
13 59
14 3
15 -55
16 44
17 37
18 -20
19 -12
20 -16
21 -61
22 29
23 44
24 -17
25 49
26 -71
27 15
28 39
29 97
30 -12
31 -78
32 -77
33 -60
34 24
35 -100
36 12
37 -42
38 42
39 -97
40 17
41 -81
42 38
43 38
44 86
45 59
46 85
47 83
48 -68
49 52
50 -28
51 67
52 -61
53 44
54 -25
55 100
56 54
57 60
58 -82
59 79
60 31
61 87
62 -14
63 83
64 -52
65 93
66 45
67 43
68 -92
69 -83
70 99
71 -91
72 -25
73 41
74 -40
75 75
76 15
77 -55
78 -68
79 -56
80 -87
81 -84
82 94
83 67
84 98
85 -32
86 -40
87 -99
88 -73
89 -6
90 -83
91 -65
92 -98
93 -76
94 -71
95 -56
96 -86
97 62
98 -16
99 100
100 87
101 39
102 50
103 -21
104 -22
105 40
106 55
107 -20
108 -30
109 -91
110 -98
111 91
112 -87
113 -69
114 92
115 41
116 -62
117 -60
118 69
119 92
120 -100
121 -47
122 96
123 -25
124 41
125 24
126 -59
127 63
128 -14
129 -19
130 52
131 -50
132 -48
133 -46
134 47
135 -48
136 40
137 52
138 -3
139 -13
140 -29
141 87
142 64
143 -60
144 -31
145 80
146 -96
147 -64
148 -48
149 70
150 62
151 45
152 92
153 -74
154 0
155 54
156 15
157 -9
158 40
159 48
160 -77
161 -87
162 12
163 -19
164 -78
165 91
166 100
167 -70
168 -16
169 45
170 52
171 2
172 -14
173 15
174 -3
175 48
176 23
177 -22
178 -48
179 -10
180 -85
181 -73
182 -35
183 51
184 72
185 50
186 19
187 1
188 -72
189 85
190 -47
191 15
192 -50
193 100
194 60
195 -23
196 60
197 -71
198 -62
199 -34
200 -64
201 -64
202 87
203 29
204 -9
205 -19
206 28
207 -89
208 -29
209 -58
210 -54
211 -77
212 -97
213 12
214 46
215 -38
216 36
217 20
218 -99
219 69
220 -58
221 63
222 -9
223 3
224 -2
225 -43
226 -68
227 44
228 26
229 -15
230 5
231 28
232 -18
233 27
234 3
235 22
236 -39
237 46
238 99
239 -99
240 -57
241 95
242 -13
243 -44
244 -53
245 -16
246 71
247 -3
248 65
249 99
250 53
251 -27
252 27
253 72
254 -3
255 -15
256 54
257 -9
258 59
259 -45
260 44
261 -57
262 -50
263 16
264 -69
265 -90
266 -16
267 73
268 99
269 65
270 -6
271 -22
272 78
273 -68
274 -35
275 54
276 47
277 100
278 -30
279 -17
280 33
281 69
282 99
283 20
284 -71
285 -23
286 -66
287 -54
288 3
289 43
290 -21
291 45
292 -78
293 -15
294 -11
295 -81
296 -60
297 72
298 1
299 -14
300 -27
301 34
302 -10
303 20
304 -14
305 63
306 44
307 -19
308 -34
309 20
310 -37
311 43
312 14
313 37
314 9
315 21
316 -25
317 5
318 -36
319 47
320 -95
321 -46
322 -4
323 63
324 89
325 -99
326 -94
327 -43
328 -28
329 11
330 31
331 0
332 -90
333 -98
334 -89
335 -23
336 -59
337 -39
338 38
339 -22
340 35
341 -66
342 34
343 83
344 66
345 -44
346 99
347 -81
348 -51
349 5
350 -76
351 -66
352 -62
353 -3
354 93
355 -68
356 27
357 8
358 -44
359 -32
360 -95
361 86
362 7
363 -56
364 92
365 -36
366 -50
367 8
368 59
369 -37
370 -23
371 60
372 -66
373 21
374 87
375 -43
376 33
377 -8
378 95
379 -97
380 65
381 86
382 99
383 -27
384 71
385 83
386 20
387 -44
388 -20
389 -94
390 71
391 -69
392 -56
393 93
394 71
395 -93
396 70
397 -17
398 -80
399 -77
400 -8
401 31
402 24
403 95
404 -88
405 -49
406 20
407 61
408 -94
409 43
410 16
411 57
412 83
413 97
414 37
415 -79
416 28
417 -98
418 64
419 -89
420 74
421 -72
422 -29
423 -17
424 7
425 60
426 -68
427 58
428 -61
429 36
430 34
431 -96
432 87
433 22
434 -64
435 48
436 72
437 37
438 -49
439 69
440 -65
441 -56
442 28
443 34
444 -96
445 -78
446 -80
447 -58
448 -69
449 -90
450 59
451 32
452 -3
453 -12
454 1
455 6
456 -16
457 -37
458 84
459 63
460 -61
461 61
462 92
463 -49
464 73
465 73
466 -1
467 40
468 -68
469 -20
470 -52
471 -10
472 24
473 99
474 41
475 98
476 -94
477 -3
478 12
479 -78
480 65
481 -92
482 -7
483 35
484 -97
485 -15
486 24
487 72
488 -27
489 3
490 89
491 100
492 78
493 61
494 46
495 -55
496 -79
497 55
498 83
499 24
500 -65
501 -1
502 -33
503 -40
504 98
505 -40
506 16
507 100
508 97
509 48
510 -60
511 -97
512 60
513 -50
514 -1
515 -54
516 -20
517 32
518 54
519 -9
520 -67
521 -7
522 -37
523 18
524 19
525 -58
526 99
527 -80
528 80
529 5
530 20
531 51
532 10
533 -21
534 -94
535 30
536 59
537 16
538 26
539 26
540 -31
541 36
542 -35
543 -1
544 -73
545 -57
546 75
547 -58
548 60
549 90
550 -70
551 -50
552 -23
553 -57
554 43
555 -34
556 -55
557 68
558 -2
559 -59
560 -88
561 -20
562 -41
563 -68
564 62
565 62
566 -63
567 47
568 78
569 -100
570 20
571 25
572 10
573 44
574 75
575 -15
576 46
577 -47
578 -7
579 94
580 -93
581 42
582 26
583 65
584 55
585 66
586 71
587 27
588 -59
589 -60
590 -82
591 -96
592 32
593 55
594 9
595 100
596 19
597 -33
598 67
599 97
600 42
601 4
602 85
603 -77
604 56
605 65
606 -10
607 82
608 96
609 95
610 -61
611 66
612 9
613 17
614 -56
615 86
616 -8
617 61
618 -51
619 1
620 -51
621 -31
622 95
623 22
624 -87
625 45
626 82
627 57
628 -23
629 -28
630 -1
631 -4
632 -7
633 -76
634 90
635 11
636 -63
637 52
638 -40
639 80
640 90
641 83
642 -38
643 89
644 -32
645 47
646 -21
647 -38
648 -91
649 20
650 96
651 11
652 -97
653 -30
654 -32
655 -6
656 -72
657 -26
658 -66
659 -40
660 27
661 -69
662 96
663 -73
664 -57
665 -32
666 50
667 -4
668 60
669 -76
670 49
671 66
672 70
673 -49
674 -99
675 6
676 -51
677 87
678 -61
679 50
680 -99
681 -57
682 42
683 -62
684 -48
685 -59
686 -48
687 -51
688 75
689 70
690 50
691 -70
692 1
693 -56
694 -86
695 -77
696 -89
697 -52
698 -62
699 -37
700 87
701 -46
702 75
703 -27
704 -88
705 53
706 37
707 75
708 -19
709 -75
710 -81
711 -21
712 -67
713 95
714 -2
715 -31
716 6
717 -87
718 98
719 -29
720 47
721 79
722 -92
723 -34
724 20
725 -30
726 -48
727 76
728 -3
729 -48
730 -62
731 8
732 -56
733 67
734 -3
735 -72
736 -50
737 -28
738 90
739 13
740 -47
741 68
742 -53
743 23
744 -43
745 -88
746 -94
747 -28
748 -11
749 34
750 -34
751 10
752 56
753 -4
754 5
755 54
756 -64
757 84
758 33
759 90
760 70
761 14
762 -18
763 66
764 75
765 22
766 -28
767 21
768 -87
769 30
770 92
771 17
772 74
773 88
774 -8
775 -91
776 61
777 47
778 10
779 97
780 92
781 -3
782 5
783 -30
784 63
785 4
786 -48
787 99
788 28
789 -93
790 -91
791 -96
792 13
793 25
794 -94
795 98
796 7
797 89
798 -74
799 8
800 64
801 70
802 -43
803 24
804 -48
805 -77
806 -75
807 -5
808 -36
809 -63
810 -98
811 -35
812 65
813 39
814 -64
815 -96
816 -12
817 60
818 -31
819 -81
820 10
821 91
822 51
823 -55
824 40
825 -6
826 24
827 -70
828 89
829 -14
830 -9
831 -29
832 -48
833 39
834 -54
835 -18
836 68
837 -8
838 1
839 43
840 -9
841 91
842 32
843 57
844 -24
845 89
846 1
847 -8
848 -83
849 26
850 44
851 94
852 -70
853 60
854 -97
855 -77
856 -93
857 51
858 -77
859 -36
860 59
861 -58
862 88
863 -12
864 63
865 -73
866 50
867 7
868 -91
869 62
870 -91
871 -13
872 87
873 81
874 -79
875 -40
876 -66
877 5
878 72
879 53
880 51
881 85
882 -19
883 55
884 53
885 -78
886 26
887 26
888 -81
889 -92
890 60
891 76
892 98
893 90
894 -10
895 -43
896 100
897 -82
898 -19
899 -87
900 93
901 -44
902 85
903 -39
904 -9
905 67
906 -27
907 78
908 71
909 20
910 -43
911 -42
912 84
913 63
914 -45
915 87
916 17
917 -72
918 18
919 -76
920 -82
921 6
922 -51
923 -52
924 22
925 71
926 -63
927 29
928 1
929 -12
930 -33
931 20
932 65
933 99
934 -3
935 23
936 -50
937 -83
938 61
939 -88
940 -31
941 -80
942 -3
943 13
944 -81
945 70
946 -90
947 94
948 -84
949 -95
950 17
951 -32
952 -35
953 55
954 32
955 49
956 38
957 72
958 62
959 60
960 69
961 -47
962 25
963 75
964 -100
965 14
966 -62
967 -75
968 -89
969 -27
970 -17
971 79
972 39
973 29
974 -62
975 67
976 -34
977 -13
978 57
979 -60
980 42
981 -41
982 -85
983 -18
984 -54
985 5
986 -14
987 53
988 51
989 81
990 15
991 -37
992 94
993 5
994 52
995 -77
996 59
997 61
998 37
999 -24
1000 -2
1001 98
1002 43
1003 7
1004 9
1005 -68
1006 -72
1007 96
1008 96
1009 -64
1010 25
1011 -71
1012 -61
1013 56
1014 -86
1015 33
1016 -37
1017 67
1018 -64
1019 31
1020 89
1021 -70
1022 10
1023 52
