0 -6
1 -69
2 8
3 34
4 64
5 -86
6 67
7 94
8 32
9 -24
10 -72
11 25
12 -8
13 -8
14 2
15 -94
16 -19
17 -50
18 59
19 -13
20 -49
21 65
22 45
23 32
24 -53
25 10
26 -64
27 -48
28 -20
29 13
30 -57
31 42
32 -17
33 87
34 -24
35 -72
36 4
37 -8
38 37
39 85
40 7
41 7
42 82
43 -74
44 33
45 48
46 33
47 7
48 80
49 71
50 47
51 -45
52 -84
53 -10
54 -93
55 -37
56 40
57 95
58 -26
59 51
60 -1
61 14
62 -15
63 -66
64 92
65 51
66 -58
67 93
68 21
69 4
70 90
71 -77
72 -43
73 95
74 78
75 11
76 83
77 -66
78 49
79 20
80 -70
81 44
82 24
83 -98
84 57
85 -86
86 90
87 8
88 -7
89 76
90 41
91 -90
92 -53
93 -14
94 -33
95 -11
96 -64
97 62
98 76
99 82
100 -67
101 -75
102 71
103 38
104 -37
105 48
106 -97
107 -11
108 -4
109 -33
110 -66
111 0
112 -48
113 -20
114 -62
115 -57
116 -37
117 38
118 -70
119 100
120 25
121 -3
122 38
123 59
124 -54
125 -5
126 76
127 99
128 9
129 -32
130 -39
131 75
132 -95
133 5
134 79
135 87
136 77
137 -93
138 9
139 99
140 8
141 -61
142 -11
143 -88
144 8
145 -46
146 97
147 84
148 59
149 9
150 59
151 37
152 -57
153 20
154 -67
155 -27
156 65
157 -30
158 -59
159 90
160 -80
161 -15
162 19
163 95
164 -46
165 38
166 -85
167 40
168 65
169 -9
170 16
171 -80
172 13
173 -49
174 64
175 -82
176 -53
177 5
178 0
179 -30
180 50
181 -43
182 -33
183 90
184 -72
185 5
186 59
187 8
188 -38
189 93
190 52
191 39
192 97
193 37
194 -19
195 93
196 14
197 89
198 -46
199 -74
200 -58
201 -35
202 -52
203 73
204 -33
205 -15
206 97
207 26
208 -17
209 23
210 -49
211 62
212 7
213 22
214 81
215 -78
216 -37
217 64
218 37
219 -28
220 -80
221 47
222 17
223 89
224 -11
225 -13
226 10
227 24
228 14
229 -34
230 52
231 52
232 5
233 -36
234 63
235 43
236 -88
237 -21
238 -52
239 31
240 -91
241 52
242 -64
243 2
244 60
245 80
246 42
247 11
248 -62
249 44
250 98
251 44
252 40
253 47
254 47
255 -72
256 -37
257 13
258 4
259 72
260 -96
261 87
262 -69
263 50
264 14
265 3
266 -12
267 18
268 36
269 68
270 -2
271 28
272 74
273 -33
274 -11
275 -72
276 96
277 -83
278 32
279 -11
280 21
281 -81
282 64
283 92
284 -79
285 85
286 -45
287 -22
288 -16
289 56
290 59
291 -72
292 -67
293 -25
294 -34
295 64
296 48
297 -11
298 -55
299 -87
300 -59
301 11
302 -48
303 5
304 16
305 -77
306 41
307 -63
308 77
309 95
310 46
311 -95
312 -26
313 78
314 -93
315 -69
316 23
317 19
318 -76
319 -100
320 -24
321 -65
322 -44
323 -21
324 -49
325 -94
326 -24
327 -80
328 37
329 -100
330 -18
331 -1
332 -51
333 -41
334 57
335 35
336 -32
337 -27
338 11
339 -58
340 11
341 73
342 -53
343 89
344 -13
345 50
346 -27
347 82
348 -23
349 38
350 -2
351 -95
352 -16
353 -68
354 32
355 32
356 -75
357 -6
358 54
359 13
360 -81
361 -92
362 -45
363 -76
364 -28
365 -39
366 93
367 -97
368 77
369 90
370 4
371 96
372 -1
373 81
374 26
375 98
376 -50
377 -28
378 -36
379 -19
380 -22
381 -23
382 1
383 72
384 -11
385 -36
386 -50
387 -66
388 40
389 81
390 35
391 -86
392 -85
393 47
394 -71
395 -78
396 -95
397 -57
398 24
399 -26
400 72
401 -16
402 -82
403 52
404 -81
405 65
406 -34
407 -23
408 -81
409 -39
410 99
411 44
412 -18
413 -96
414 -87
415 82
416 -12
417 79
418 -95
419 -46
420 44
421 58
422 90
423 4
424 60
425 59
426 41
427 96
428 17
429 12
430 -57
431 21
432 -29
433 -85
434 63
435 53
436 -87
437 -63
438 89
439 51
440 -8
441 -34
442 -18
443 -15
444 -54
445 33
446 -13
447 68
448 10
449 -4
450 -43
451 -22
452 65
453 -75
454 -10
455 -76
456 43
457 -23
458 24
459 -19
460 18
461 -67
462 -100
463 50
464 -82
465 -18
466 71
467 31
468 58
469 -8
470 -79
471 -18
472 58
473 80
474 -31
475 -79
476 -89
477 -80
478 59
479 51
480 36
481 -11
482 -73
483 -36
484 -48
485 99
486 -49
487 75
488 -29
489 -52
490 -42
491 -57
492 -19
493 96
494 -16
495 -80
496 71
497 92
498 48
499 0
500 -87
501 -31
502 59
503 -55
504 74
505 4
506 97
507 -49
508 3
509 32
510 43
511 81
512 40
513 49
514 -47
515 -61
516 47
517 -74
518 -87
519 95
520 36
521 -51
522 -23
523 -11
524 -43
525 73
526 -86
527 -18
528 -16
529 -91
530 21
531 74
532 62
533 -73
534 -59
535 -40
536 -1
537 -19
538 -13
539 -69
540 -90
541 -7
542 -57
543 35
544 -34
545 79
546 90
547 53
548 -40
549 -79
550 53
551 1
552 -92
553 72
554 9
555 41
556 82
557 -17
558 12
559 63
560 5
561 14
562 -83
563 19
564 -57
565 -22
566 19
567 91
568 -33
569 90
570 -72
571 -100
572 -43
573 9
574 -55
575 -50
576 -8
577 -91
578 -95
579 52
580 40
581 -62
582 31
583 -75
584 76
585 -58
586 -16
587 62
588 -37
589 -83
590 90
591 -30
592 17
593 47
594 99
595 -48
596 66
597 85
598 5
599 34
600 -93
601 -57
602 -100
603 -24
604 -90
605 -82
606 78
607 -73
608 -45
609 96
610 61
611 -34
612 63
613 40
614 63
615 99
616 -55
617 23
618 -13
619 73
620 -54
621 -16
622 79
623 -52
624 -6
625 -92
626 77
627 70
628 58
629 -100
630 -51
631 95
632 20
633 -80
634 22
635 -36
636 -82
637 -50
638 33
639 68
640 -14
641 81
642 -91
643 95
644 95
645 27
646 -70
647 -94
648 -4
649 -31
650 4
651 -49
652 28
653 16
654 65
655 -9
656 -97
657 56
658 51
659 -4
660 -62
661 69
662 -94
663 -83
664 30
665 -88
666 -26
667 -27
668 60
669 -98
670 7
671 46
672 57
673 -90
674 91
675 -90
676 -8
677 -64
678 47
679 -84
680 31
681 92
682 -35
683 10
684 -62
685 -56
686 -80
687 -58
688 67
689 71
690 -29
691 32
692 -74
693 -58
694 41
695 89
696 14
697 -34
698 -52
699 18
700 -63
701 -27
702 87
703 -9
704 80
705 87
706 -25
707 -27
708 -75
709 63
710 97
711 25
712 -97
713 -67
714 -39
715 -13
716 63
717 60
718 2
719 43
720 77
721 59
722 30
723 -93
724 -35
725 -49
726 37
727 -13
728 69
729 97
730 12
731 -18
732 -4
733 -7
734 -18
735 21
736 -94
737 -90
738 -24
739 57
740 66
741 -49
742 -87
743 -44
744 36
745 -87
746 -83
747 -26
748 -83
749 96
750 53
751 -52
752 -33
753 -66
754 1
755 -36
756 38
757 76
758 -85
759 -3
760 34
761 -54
762 -42
763 8
764 -49
765 91
766 -56
767 -4
768 -14
769 39
770 65
771 -82
772 -27
773 19
774 40
775 -60
776 72
777 78
778 -11
779 9
780 75
781 -94
782 48
783 -30
784 -21
785 -56
786 87
787 -47
788 -33
789 -78
790 -81
791 30
792 -36
793 99
794 69
795 -22
796 37
797 -98
798 -49
799 -64
800 -57
801 31
802 -20
803 16
804 31
805 11
806 -39
807 -60
808 -14
809 67
810 85
811 47
812 -56
813 34
814 58
815 44
816 -84
817 -65
818 20
819 19
820 -28
821 59
822 52
823 -30
824 25
825 56
826 27
827 -40
828 87
829 65
830 29
831 -88
832 -37
833 -64
834 -94
835 70
836 71
837 -8
838 46
839 -5
840 20
841 -48
842 -68
843 -1
844 93
845 -54
846 -76
847 -9
848 -99
849 -33
850 -99
851 -29
852 62
853 -100
854 -89
855 37
856 34
857 71
858 45
859 83
860 -92
861 -57
862 -1
863 -15
864 -45
865 -87
866 -76
867 85
868 -54
869 -27
870 -100
871 42
872 4
873 27
874 -44
875 -98
876 85
877 -81
878 -80
879 -11
880 -24
881 -49
882 -80
883 13
884 41
885 80
886 -77
887 -12
888 -3
889 -72
890 79
891 25
892 -68
893 -29
894 21
895 50
896 -23
897 -71
898 82
899 -34
900 -30
901 76
902 3
903 73
904 -30
905 95
906 -25
907 54
908 -13
909 -8
910 75
911 -79
912 99
913 -34
914 -43
915 25
916 14
917 56
918 -78
919 5
920 -85
921 -89
922 89
923 36
924 -94
925 66
926 67
927 53
928 -86
929 87
930 -78
931 -53
932 -61
933 80
934 23
935 -72
936 -31
937 81
938 27
939 61
940 69
941 -95
942 -2
943 -100
944 -7
945 56
946 26
947 -93
948 -28
949 -55
950 52
951 -62
952 83
953 38
954 -16
955 94
956 44
957 -67
958 -71
959 26
960 -12
961 -46
962 -2
963 15
964 -69
965 8
966 61
967 63
968 32
969 89
970 49
971 53
972 -62
973 -45
974 89
975 -88
976 72
977 78
978 79
979 50
980 -67
981 68
982 -1
983 15
984 -19
985 -47
986 -90
987 78
988 84
989 -37
990 -28
991 -58
992 56
993 -87
994 -51
995 57
996 20
997 -72
998 -75
999 -91
1000 -62
1001 52
1002 61
1003 7
1004 -4
1005 62
1006 -31
1007 -2
1008 47
1009 -93
1010 -68
1011 79
1012 -24
1013 6
1014 55
1015 24
1016 9
1017 71
1018 -76
1019 -46
1020 -92
1021 -79
1022 81
1023 -73
