0 -77
1 48
2 10
3 38
4 -45
5 -57
6 6
7 27
8 57
9 67
10 61
11 63
12 -50
13 -69
14 -46
15 39
16 35
17 -43
18 -83
19 53
20 -3
21 -59
22 77
23 14
24 -30
25 3
26 12
27 -98
28 -15
29 -51
30 55
31 68
32 57
33 11
34 -28
35 90
36 -82
37 -55
38 -96
39 49
40 -19
41 34
42 28
43 -93
44 60
45 13
46 90
47 21
48 -15
49 15
50 5
51 -45
52 63
53 -99
54 -74
55 -63
56 -57
57 -21
58 59
59 31
60 10
61 61
62 97
63 -18
64 70
65 84
66 75
67 -64
68 42
69 -78
70 -49
71 -25
72 97
73 79
74 62
75 -11
76 85
77 -60
78 78
79 -16
80 -5
81 -55
82 -36
83 -72
84 37
85 -21
86 8
87 18
88 -61
89 -8
90 -22
91 -98
92 -32
93 83
94 -39
95 -61
96 -56
97 -43
98 10
99 83
100 -20
101 81
102 -18
103 38
104 53
105 22
106 -50
107 92
108 35
109 -71
110 -57
111 -37
112 5
113 65
114 16
115 -8
116 47
117 -75
118 -37
119 17
120 -80
121 15
122 45
123 56
124 -1
125 -62
126 -42
127 68
128 52
129 37
130 -60
131 66
132 -90
133 64
134 -18
135 -71
136 -28
137 46
138 -44
139 37
140 -10
141 -20
142 -65
143 -84
144 -16
145 31
146 -13
147 85
148 -37
149 55
150 5
151 87
152 9
153 -98
154 -92
155 48
156 -90
157 -23
158 65
159 -89
160 67
161 -67
162 20
163 -31
164 17
165 49
166 -10
167 -98
168 69
169 46
170 11
171 83
172 -74
173 29
174 -82
175 91
176 -65
177 100
178 65
179 37
180 63
181 -8
182 -40
183 79
184 70
185 -99
186 85
187 -44
188 -49
189 -83
190 35
191 -82
192 -12
193 -45
194 -55
195 98
196 -97
197 -78
198 -53
199 44
200 -55
201 -6
202 60
203 66
204 -86
205 74
206 83
207 87
208 -99
209 59
210 -43
211 42
212 -12
213 97
214 -10
215 -36
216 94
217 -98
218 -14
219 -1
220 -77
221 -65
222 96
223 -42
224 -87
225 -6
226 94
227 -66
228 93
229 -6
230 54
231 61
232 75
233 92
234 31
235 86
236 97
237 93
238 -29
239 18
240 -32
241 20
242 86
243 -82
244 -37
245 19
246 95
247 -21
248 -21
249 -7
250 -44
251 74
252 25
253 -86
254 39
255 -71
256 7
257 91
258 -28
259 5
260 -17
261 -84
262 -5
263 59
264 20
265 26
266 34
267 -18
268 -33
269 -72
270 -92
271 19
272 37
273 -85
274 88
275 -42
276 76
277 27
278 77
279 -6
280 91
281 -82
282 -66
283 -60
284 -12
285 -46
286 -71
287 92
288 73
289 -53
290 52
291 10
292 2
293 -54
294 -21
295 -45
296 89
297 -55
298 27
299 21
300 -14
301 -64
302 0
303 -90
304 -33
305 -60
306 -70
307 1
308 -97
309 22
310 47
311 -24
312 17
313 3
314 71
315 52
316 20
317 -97
318 -20
319 78
320 -98
321 -91
322 33
323 -32
324 -21
325 -77
326 -14
327 13
328 -32
329 -69
330 -12
331 -84
332 4
333 -20
334 80
335 92
336 13
337 21
338 -5
339 -10
340 -85
341 21
342 -53
343 -59
344 12
345 -18
346 -66
347 -11
348 -29
349 -47
350 -83
351 16
352 -30
353 -79
354 58
355 6
356 -7
357 -73
358 -100
359 93
360 36
361 -98
362 95
363 -47
364 -65
365 -44
366 -95
367 3
368 57
369 -3
370 51
371 59
372 -39
373 -34
374 86
375 -34
376 -33
377 -95
378 -70
379 -87
380 -35
381 -40
382 -11
383 17
384 -33
385 95
386 69
387 -8
388 -68
389 -54
390 -37
391 76
392 -68
393 99
394 -32
395 -73
396 22
397 -9
398 87
399 52
400 -95
401 -19
402 40
403 -37
404 62
405 100
406 -90
407 -42
408 37
409 -94
410 86
411 -39
412 33
413 98
414 12
415 100
416 -14
417 83
418 22
419 -90
420 -31
421 -59
422 -87
423 61
424 -71
425 -6
426 -28
427 -27
428 90
429 87
430 -44
431 38
432 -36
433 44
434 86
435 49
436 95
437 -75
438 48
439 -38
440 36
441 79
442 -84
443 28
444 17
445 -88
446 -61
447 -2
448 90
449 33
450 -84
451 -17
452 -83
453 71
454 22
455 76
456 73
457 48
458 -60
459 -11
460 -23
461 -81
462 50
463 53
464 -13
465 4
466 11
467 26
468 -74
469 -62
470 89
471 -52
472 -70
473 -56
474 16
475 70
476 36
477 -80
478 -84
479 5
480 -1
481 -80
482 -41
483 15
484 11
485 92
486 -40
487 -55
488 -88
489 94
490 -100
491 80
492 -87
493 76
494 33
495 -3
496 -75
497 -63
498 30
499 100
500 -80
501 93
502 79
503 -74
504 97
505 -14
506 79
507 -10
508 58
509 57
510 90
511 -7
512 -35
513 56
514 17
515 -2
516 33
517 -93
518 38
519 60
520 5
521 11
522 14
523 62
524 -67
525 -26
526 -47
527 50
528 6
529 93
530 -58
531 55
532 14
533 48
534 -33
535 38
536 36
537 17
538 76
539 55
540 -56
541 42
542 10
543 -60
544 -62
545 -35
546 23
547 -78
548 71
549 1
550 -97
551 3
552 -100
553 -49
554 -12
555 40
556 -41
557 43
558 -27
559 -46
560 -92
561 -57
562 -90
563 37
564 -59
565 -84
566 -86
567 84
568 -91
569 -63
570 58
571 57
572 11
573 36
574 87
575 14
576 -83
577 28
578 34
579 -59
580 48
581 13
582 30
583 48
584 -30
585 -92
586 69
587 5
588 -70
589 -33
590 -78
591 91
592 -91
593 -9
594 37
595 85
596 68
597 -59
598 -68
599 66
600 36
601 40
602 93
603 9
604 -8
605 44
606 34
607 5
608 -89
609 59
610 -10
611 -80
612 92
613 -26
614 -7
615 -13
616 -87
617 78
618 75
619 -68
620 -23
621 41
622 54
623 -22
624 -6
625 -94
626 99
627 9
628 -47
629 22
630 62
631 -57
632 -75
633 -93
634 11
635 -57
636 6
637 28
638 33
639 -52
640 -10
641 45
642 -62
643 66
644 -55
645 94
646 -68
647 9
648 -57
649 -80
650 -45
651 44
652 33
653 -70
654 -88
655 18
656 -48
657 -65
658 -10
659 -49
660 -8
661 77
662 98
663 -84
664 -92
665 8
666 93
667 -98
668 64
669 -86
670 67
671 89
672 -73
673 -65
674 66
675 -87
676 85
677 39
678 69
679 51
680 56
681 37
682 33
683 -65
684 -66
685 84
686 -52
687 -16
688 53
689 -28
690 -54
691 55
692 -46
693 -33
694 -53
695 28
696 -3
697 81
698 -22
699 58
700 -95
701 38
702 -94
703 -28
704 57
705 23
706 10
707 85
708 49
709 -53
710 -67
711 -46
712 79
713 45
714 13
715 63
716 -56
717 -38
718 81
719 43
720 16
721 25
722 -46
723 100
724 -63
725 94
726 33
727 -50
728 -66
729 -43
730 74
731 41
732 57
733 79
734 67
735 -75
736 44
737 -93
738 -19
739 -74
740 -73
741 98
742 14
743 -62
744 60
745 43
746 58
747 28
748 62
749 74
750 50
751 -60
752 20
753 67
754 -80
755 89
756 25
757 -84
758 52
759 1
760 -22
761 -86
762 69
763 -23
764 55
765 -96
766 77
767 29
768 26
769 91
770 -2
771 -67
772 72
773 -27
774 -25
775 16
776 -67
777 -55
778 66
779 -75
780 -84
781 4
782 32
783 -66
784 96
785 -14
786 -83
787 87
788 98
789 -49
790 -54
791 100
792 -12
793 19
794 -14
795 -78
796 -94
797 -7
798 3
799 2
800 -88
801 96
802 -20
803 22
804 89
805 -59
806 -86
807 -50
808 -58
809 24
810 -72
811 -75
812 -50
813 -17
814 -34
815 -40
816 80
817 5
818 1
819 55
820 51
821 43
822 37
823 -22
824 -67
825 -71
826 -53
827 31
828 -70
829 25
830 70
831 54
832 -50
833 -7
834 -8
835 -76
836 -14
837 -23
838 -26
839 44
840 -54
841 -92
842 28
843 -3
844 2
845 92
846 19
847 88
848 -87
849 98
850 -92
851 -56
852 95
853 7
854 -95
855 -75
856 66
857 -68
858 -12
859 6
860 76
861 100
862 65
863 28
864 47
865 59
866 15
867 22
868 -54
869 87
870 93
871 10
872 86
873 37
874 60
875 -9
876 29
877 -82
878 41
879 60
880 93
881 14
882 47
883 -64
884 34
885 -88
886 -68
887 85
888 -1
889 58
890 -95
891 78
892 23
893 2
894 14
895 -69
896 -65
897 -14
898 -88
899 -45
900 83
901 -78
902 -25
903 -87
904 -62
905 2
906 -4
907 -77
908 85
909 -56
910 76
911 -59
912 -34
913 -75
914 -57
915 -91
916 -88
917 87
918 1
919 -56
920 29
921 39
922 20
923 97
924 -12
925 -96
926 -18
927 -84
928 -29
929 -5
930 -56
931 92
932 64
933 -80
934 75
935 -20
936 80
937 97
938 -19
939 -75
940 -92
941 -95
942 91
943 64
944 -71
945 -89
946 -49
947 64
948 76
949 -25
950 -55
951 -79
952 0
953 75
954 -82
955 -72
956 -41
957 84
958 15
959 50
960 35
961 -85
962 89
963 38
964 -96
965 65
966 9
967 -99
968 24
969 59
970 26
971 -39
972 49
973 -7
974 87
975 6
976 -56
977 -23
978 -23
979 -74
980 45
981 93
982 95
983 -32
984 -42
985 -83
986 16
987 -76
988 78
989 -71
990 -33
991 -69
992 4
993 -93
994 -88
995 -59
996 -87
997 99
998 32
999 -86
1000 53
1001 -5
1002 82
1003 12
1004 -67
1005 -86
1006 13
1007 7
1008 -53
1009 98
1010 30
1011 76
1012 -21
1013 71
1014 -84
1015 -28
1016 -89
1017 44
1018 38
1019 26
1020 -40
1021 -42
1022 60
1023 -76
