0 66
1 -52
2 60
3 100
4 -87
5 -97
6 34
7 -65
8 22
9 46
10 -7
11 -42
12 -11
13 43
14 54
15 70
16 23
17 -39
18 68
19 -41
20 -29
21 32
22 -66
23 22
24 -42
25 32
26 67
27 -16
28 85
29 -40
30 85
31 -41
32 99
33 3
34 38
35 -37
36 -47
37 70
38 35
39 31
40 -15
41 -2
42 -13
43 62
44 -45
45 -51
46 30
47 -59
48 -52
49 47
50 96
51 -95
52 -95
53 63
54 68
55 -52
56 66
57 -95
58 82
59 -60
60 50
61 5
62 86
63 90
64 73
65 -82
66 -75
67 14
68 -45
69 -77
70 -45
71 -14
72 -89
73 95
74 -100
75 -7
76 -72
77 64
78 -79
79 -23
80 44
81 65
82 -46
83 -18
84 37
85 -26
86 -55
87 42
88 -90
89 -87
90 -77
91 96
92 -77
93 -89
94 -18
95 53
96 37
97 69
98 82
99 -73
100 25
101 -36
102 -95
103 -60
104 -41
105 -25
106 -72
107 -37
108 -19
109 -99
110 63
111 -25
112 -38
113 30
114 60
115 8
116 -33
117 23
118 -15
119 -40
120 -58
121 10
122 0
123 85
124 39
125 -72
126 26
127 -24
128 54
129 17
130 86
131 -51
132 -33
133 -36
134 64
135 28
136 -95
137 -93
138 -37
139 82
140 -70
141 47
142 84
143 82
144 25
145 -57
146 -85
147 -14
148 66
149 13
150 -39
151 -83
152 -25
153 -32
154 -89
155 -28
156 45
157 -59
158 -43
159 30
160 20
161 37
162 -57
163 32
164 77
165 -72
166 9
167 -47
168 30
169 68
170 46
171 34
172 8
173 -36
174 64
175 -57
176 -31
177 46
178 -82
179 -69
180 20
181 81
182 67
183 -34
184 56
185 -66
186 -34
187 -34
188 -31
189 99
190 1
191 -63
192 17
193 -81
194 27
195 -39
196 -12
197 -13
198 67
199 -32
200 -93
201 -92
202 35
203 -55
204 -57
205 83
206 -9
207 60
208 1
209 -23
210 -32
211 -68
212 -2
213 63
214 38
215 -75
216 1
217 50
218 42
219 18
220 -8
221 13
222 22
223 57
224 36
225 13
226 47
227 88
228 -34
229 -89
230 12
231 -76
232 12
233 -30
234 63
235 -39
236 -8
237 -52
238 29
239 -35
240 63
241 -45
242 95
243 -66
244 22
245 57
246 -42
247 -51
248 5
249 -20
250 -54
251 98
252 -65
253 -70
254 46
255 -11
256 -7
257 73
258 -14
259 -27
260 72
261 71
262 46
263 97
264 23
265 65
266 47
267 -6
268 80
269 -11
270 23
271 4
272 -100
273 45
274 61
275 94
276 -61
277 26
278 6
279 -26
280 59
281 -92
282 -77
283 86
284 88
285 8
286 -100
287 -87
288 1
289 63
290 -46
291 18
292 97
293 -69
294 -37
295 3
296 -54
297 43
298 -92
299 90
300 61
301 -44
302 -53
303 1
304 63
305 -62
306 -89
307 -19
308 -65
309 -84
310 -12
311 -72
312 -86
313 10
314 76
315 48
316 -78
317 -40
318 78
319 85
320 88
321 56
322 11
323 57
324 61
325 22
326 15
327 -98
328 -20
329 40
330 -1
331 -75
332 -78
333 68
334 6
335 -95
336 -79
337 80
338 -10
339 46
340 -40
341 -100
342 83
343 -75
344 46
345 -98
346 -99
347 59
348 51
349 -2
350 -19
351 55
352 85
353 -90
354 41
355 34
356 8
357 -15
358 -55
359 -87
360 50
361 -89
362 -28
363 -89
364 10
365 39
366 26
367 38
368 -65
369 79
370 -55
371 84
372 89
373 -27
374 84
375 -42
376 49
377 65
378 83
379 -27
380 -14
381 39
382 -80
383 -82
384 -22
385 -57
386 2
387 -7
388 83
389 -22
390 -52
391 12
392 31
393 -93
394 11
395 35
396 77
397 -9
398 -36
399 94
400 -92
401 40
402 38
403 14
404 -73
405 56
406 -24
407 97
408 97
409 -90
410 22
411 -37
412 -17
413 -37
414 -36
415 -14
416 -80
417 20
418 -86
419 67
420 -52
421 47
422 -27
423 -8
424 -1
425 -5
426 26
427 -2
428 -87
429 -3
430 1
431 100
432 -95
433 -30
434 92
435 18
436 -21
437 6
438 -52
439 -30
440 -37
441 -24
442 16
443 83
444 95
445 34
446 70
447 -76
448 -97
449 -29
450 99
451 34
452 26
453 -71
454 74
455 44
456 12
457 8
458 -69
459 26
460 -8
461 -65
462 -15
463 2
464 -13
465 -46
466 -92
467 -44
468 8
469 -31
470 -5
471 71
472 -32
473 54
474 -59
475 73
476 90
477 10
478 -3
479 58
480 34
481 46
482 8
483 -35
484 -60
485 -46
486 97
487 90
488 33
489 34
490 51
491 100
492 71
493 90
494 4
495 -82
496 83
497 -16
498 -75
499 91
500 -40
501 19
502 -44
503 34
504 -71
505 39
506 33
507 -57
508 -88
509 85
510 -91
511 -91
512 -80
513 -23
514 -31
515 -96
516 69
517 -92
518 37
519 32
520 -77
521 96
522 20
523 -60
524 35
525 53
526 -92
527 95
528 -55
529 -7
530 -37
531 3
532 58
533 -93
534 -95
535 -31
536 10
537 -82
538 18
539 50
540 95
541 -77
542 -20
543 -98
544 -60
545 58
546 -68
547 -36
548 -28
549 37
550 -70
551 46
552 34
553 78
554 59
555 93
556 33
557 -49
558 27
559 -5
560 -99
561 4
562 49
563 81
564 -99
565 -21
566 26
567 -62
568 -8
569 -42
570 80
571 -30
572 -73
573 31
574 16
575 47
576 -21
577 28
578 10
579 -99
580 22
581 -42
582 -36
583 10
584 8
585 83
586 89
587 -59
588 -52
589 5
590 -76
591 29
592 87
593 13
594 0
595 -28
596 -87
597 -91
598 52
599 77
600 68
601 14
602 4
603 -70
604 66
605 81
606 -91
607 -61
608 -54
609 -57
610 -96
611 -70
612 69
613 -9
614 43
615 -57
616 -91
617 39
618 -79
619 -99
620 -6
621 -44
622 23
623 41
624 -84
625 5
626 84
627 31
628 -58
629 63
630 11
631 -58
632 -72
633 26
634 49
635 100
636 8
637 58
638 -96
639 -16
640 72
641 -21
642 31
643 -32
644 63
645 60
646 93
647 42
648 -68
649 -8
650 4
651 -12
652 -18
653 3
654 87
655 87
656 -21
657 47
658 43
659 -13
660 -72
661 -78
662 51
663 42
664 -40
665 96
666 62
667 -91
668 72
669 10
670 51
671 17
672 88
673 42
674 63
675 -11
676 -56
677 14
678 68
679 -42
680 45
681 -53
682 84
683 38
684 -55
685 95
686 0
687 74
688 -15
689 -98
690 14
691 -89
692 39
693 45
694 -29
695 43
696 1
697 85
698 20
699 -36
700 -4
701 -47
702 -22
703 96
704 30
705 71
706 94
707 42
708 -81
709 100
710 -12
711 56
712 63
713 100
714 -56
715 68
716 79
717 -81
718 25
719 -5
720 28
721 -90
722 -25
723 -23
724 -69
725 78
726 65
727 -61
728 -37
729 -57
730 -65
731 31
732 -55
733 -82
734 35
735 20
736 -2
737 71
738 59
739 39
740 25
741 -24
742 84
743 -42
744 -55
745 52
746 96
747 -64
748 15
749 -92
750 -97
751 -71
752 78
753 -85
754 52
755 -66
756 -26
757 93
758 63
759 5
760 87
761 30
762 94
763 44
764 63
765 50
766 54
767 -64
768 -56
769 -94
770 21
771 81
772 54
773 -91
774 41
775 -82
776 18
777 -17
778 -78
779 -87
780 -4
781 28
782 -87
783 27
784 18
785 38
786 -22
787 78
788 -55
789 -25
790 34
791 98
792 -84
793 -89
794 35
795 47
796 84
797 -67
798 -28
799 -49
800 -35
801 -69
802 97
803 25
804 73
805 64
806 -15
807 -95
808 12
809 53
810 74
811 35
812 22
813 -51
814 26
815 -36
816 39
817 -32
818 -82
819 -5
820 38
821 36
822 40
823 -100
824 -41
825 -54
826 -78
827 -74
828 -33
829 -19
830 16
831 -94
832 31
833 37
834 -20
835 40
836 -18
837 19
838 22
839 -86
840 66
841 -64
842 31
843 97
844 -17
845 45
846 -88
847 -32
848 -90
849 -23
850 78
851 96
852 -15
853 1
854 -35
855 88
856 47
857 30
858 -59
859 30
860 -78
861 -2
862 14
863 6
864 28
865 -5
866 -81
867 91
868 4
869 -87
870 22
871 76
872 -14
873 -97
874 -9
875 83
876 98
877 44
878 93
879 77
880 45
881 15
882 -45
883 -70
884 88
885 -19
886 -47
887 80
888 60
889 48
890 -59
891 -97
892 -49
893 -72
894 89
895 -6
896 -76
897 -77
898 76
899 41
900 -58
901 -59
902 63
903 -37
904 -88
905 18
906 22
907 -62
908 67
909 1
910 16
911 -84
912 -72
913 -74
914 -15
915 21
916 -61
917 -39
918 26
919 -15
920 -6
921 80
922 60
923 -38
924 22
925 56
926 59
927 -11
928 -84
929 48
930 -71
931 -64
932 -39
933 -22
934 -85
935 13
936 77
937 -20
938 47
939 83
940 60
941 0
942 -93
943 -5
944 42
945 89
946 -2
947 90
948 46
949 1
950 57
951 -4
952 -69
953 -41
954 97
955 -85
956 2
957 98
958 -77
959 45
960 -67
961 96
962 -32
963 -43
964 -95
965 80
966 74
967 -8
968 27
969 45
970 -94
971 40
972 90
973 89
974 -9
975 -62
976 -58
977 65
978 68
979 -79
980 -69
981 24
982 42
983 47
984 85
985 -60
986 -53
987 -84
988 -53
989 88
990 -54
991 52
992 44
993 -28
994 76
995 38
996 -4
997 96
998 77
999 89
1000 -11
1001 12
1002 -43
1003 33
1004 40
1005 58
1006 -12
1007 -46
1008 -94
1009 -63
1010 59
1011 -51
1012 -29
1013 -49
1014 47
1015 -29
1016 -56
1017 -48
1018 -4
1019 -15
1020 21
1021 13
1022 -86
1023 -43
