0 -58
1 -79
2 68
3 39
4 -84
5 11
6 -39
7 79
8 16
9 64
10 -66
11 -41
12 -35
13 66
14 15
15 -17
16 25
17 23
18 86
19 -70
20 -77
21 -11
22 -36
23 69
24 -99
25 -58
26 60
27 42
28 74
29 -63
30 -57
31 -49
32 79
33 84
34 8
35 12
36 -2
37 -67
38 -84
39 66
40 -6
41 -61
42 15
43 -58
44 51
45 -35
46 -99
47 43
48 -31
49 -51
50 56
51 5
52 63
53 -42
54 -64
55 -100
56 24
57 -2
58 66
59 42
60 -63
61 -71
62 -21
63 -78
64 0
65 -92
66 -3
67 -95
68 -70
69 -27
70 -70
71 95
72 -72
73 -54
74 58
75 43
76 -94
77 77
78 56
79 53
80 -53
81 -22
82 85
83 -18
84 56
85 99
86 35
87 -9
88 36
89 45
90 -39
91 25
92 98
93 -80
94 41
95 -21
96 27
97 68
98 0
99 -82
100 74
101 -11
102 58
103 -13
104 -57
105 49
106 -86
107 -53
108 -81
109 17
110 -89
111 18
112 -17
113 54
114 26
115 -6
116 -35
117 97
118 14
119 22
120 -80
121 43
122 29
123 53
124 57
125 86
126 -58
127 67
128 33
129 86
130 -85
131 -61
132 0
133 31
134 -3
135 -72
136 57
137 8
138 -53
139 73
140 20
141 25
142 -69
143 28
144 93
145 -25
146 75
147 83
148 -13
149 -8
150 56
151 -80
152 -4
153 48
154 24
155 -22
156 70
157 43
158 68
159 -93
160 -35
161 97
162 47
163 -13
164 -47
165 -45
166 92
167 -9
168 4
169 -98
170 -57
171 -12
172 18
173 12
174 -72
175 48
176 -68
177 -82
178 -63
179 -13
180 -23
181 13
182 -78
183 -87
184 49
185 -9
186 -78
187 35
188 -75
189 -5
190 -60
191 -62
192 76
193 46
194 -62
195 -49
196 67
197 -23
198 -74
199 -81
200 97
201 48
202 72
203 11
204 77
205 -99
206 52
207 33
208 -70
209 -58
210 -58
211 98
212 -95
213 53
214 -11
215 -30
216 12
217 94
218 -74
219 -31
220 44
221 -53
222 5
223 81
224 26
225 -93
226 38
227 -98
228 67
229 -38
230 -15
231 40
232 -5
233 -84
234 27
235 13
236 18
237 -6
238 -88
239 10
240 15
241 -39
242 -56
243 12
244 -1
245 -29
246 -93
247 13
248 -37
249 -54
250 -40
251 -14
252 -28
253 88
254 -94
255 77
256 -80
257 -11
258 -57
259 24
260 56
261 -35
262 -71
263 27
264 33
265 -3
266 -66
267 -7
268 88
269 -92
270 72
271 55
272 -81
273 -40
274 32
275 -72
276 44
277 27
278 -30
279 98
280 2
281 29
282 -47
283 -73
284 -68
285 -4
286 -94
287 14
288 62
289 -50
290 8
291 -36
292 -76
293 73
294 42
295 -56
296 -28
297 -46
298 2
299 93
300 -67
301 -83
302 77
303 3
304 51
305 32
306 82
307 27
308 18
309 72
310 -56
311 -66
312 -25
313 6
314 76
315 -1
316 3
317 -68
318 -82
319 55
320 -64
321 25
322 38
323 22
324 41
325 -46
326 -49
327 82
328 11
329 -10
330 50
331 -15
332 1
333 -79
334 -46
335 3
336 63
337 -57
338 -71
339 29
340 -66
341 62
342 82
343 -45
344 42
345 -46
346 54
347 -31
348 66
349 -69
350 -12
351 81
352 -48
353 -12
354 41
355 10
356 -77
357 19
358 -71
359 40
360 -98
361 -96
362 63
363 -88
364 -95
365 76
366 -64
367 81
368 34
369 -64
370 -4
371 80
372 18
373 -54
374 -66
375 30
376 0
377 -83
378 -70
379 -94
380 69
381 56
382 -91
383 -23
384 -1
385 7
386 52
387 97
388 100
389 28
390 -34
391 97
392 33
393 13
394 -93
395 -36
396 59
397 39
398 -16
399 -22
400 0
401 68
402 -72
403 -57
404 68
405 -38
406 5
407 39
408 81
409 -80
410 15
411 88
412 -84
413 37
414 9
415 -76
416 86
417 36
418 41
419 -18
420 -73
421 17
422 -8
423 -37
424 28
425 -37
426 59
427 82
428 -95
429 -10
430 -5
431 12
432 -44
433 -86
434 15
435 24
436 -9
437 -35
438 45
439 60
440 14
441 5
442 -70
443 49
444 -27
445 41
446 -24
447 2
448 18
449 22
450 -97
451 33
452 9
453 -50
454 -77
455 -94
456 -7
457 -85
458 -99
459 -36
460 55
461 -18
462 46
463 -78
464 -19
465 -70
466 5
467 74
468 -15
469 -60
470 -29
471 -2
472 83
473 25
474 -44
475 26
476 7
477 -4
478 -42
479 28
480 50
481 -34
482 37
483 24
484 62
485 97
486 37
487 1
488 33
489 52
490 8
491 16
492 51
493 -70
494 -53
495 58
496 16
497 72
498 -74
499 94
500 98
501 -48
502 -92
503 -94
504 73
505 77
506 -37
507 100
508 -49
509 -24
510 -76
511 78
512 -52
513 91
514 96
515 -44
516 92
517 40
518 93
519 -48
520 35
521 -65
522 70
523 19
524 -99
525 84
526 -85
527 52
528 -17
529 -23
530 -59
531 57
532 25
533 -6
534 1
535 1
536 -89
537 85
538 29
539 64
540 -61
541 -30
542 -86
543 -66
544 85
545 -85
546 -34
547 27
548 17
549 6
550 74
551 80
552 43
553 62
554 37
555 -82
556 -95
557 25
558 21
559 -35
560 -35
561 -7
562 38
563 -7
564 53
565 71
566 -13
567 27
568 -14
569 21
570 21
571 61
572 41
573 30
574 -94
575 -54
576 -85
577 75
578 72
579 -5
580 -42
581 29
582 21
583 -37
584 -3
585 -27
586 -65
587 -31
588 98
589 -94
590 33
591 -83
592 91
593 -21
594 60
595 -8
596 16
597 15
598 -84
599 64
600 -93
601 99
602 -26
603 79
604 -47
605 68
606 -81
607 26
608 -12
609 79
610 96
611 -63
612 -54
613 -49
614 -16
615 -55
616 -7
617 64
618 -82
619 -76
620 26
621 60
622 11
623 -17
624 -12
625 62
626 -5
627 57
628 34
629 85
630 37
631 21
632 -30
633 -52
634 -45
635 83
636 -18
637 76
638 -85
639 -82
640 59
641 -20
642 -17
643 93
644 -30
645 -87
646 48
647 -90
648 46
649 -60
650 41
651 24
652 96
653 -99
654 -96
655 -17
656 19
657 29
658 43
659 30
660 -78
661 81
662 72
663 -4
664 28
665 50
666 -69
667 -13
668 -21
669 57
670 90
671 -16
672 -20
673 15
674 -81
675 70
676 41
677 91
678 -51
679 86
680 41
681 -24
682 -32
683 -45
684 22
685 2
686 31
687 48
688 25
689 -16
690 -58
691 82
692 34
693 67
694 78
695 -87
696 76
697 72
698 -45
699 -10
700 27
701 -10
702 -76
703 47
704 -93
705 -72
706 87
707 -37
708 35
709 89
710 35
711 94
712 -30
713 -38
714 -90
715 -49
716 -53
717 96
718 -77
719 18
720 -43
721 -66
722 51
723 -19
724 54
725 -53
726 51
727 -59
728 94
729 35
730 -96
731 24
732 -7
733 48
734 -33
735 70
736 45
737 -44
738 48
739 61
740 -15
741 -66
742 13
743 82
744 -11
745 52
746 -52
747 52
748 -43
749 98
750 91
751 62
752 74
753 -15
754 -19
755 -86
756 -64
757 -65
758 80
759 15
760 -47
761 13
762 -58
763 12
764 -75
765 97
766 48
767 -29
768 78
769 81
770 93
771 89
772 48
773 -74
774 19
775 69
776 -84
777 -31
778 62
779 48
780 15
781 -87
782 39
783 -57
784 -87
785 -5
786 10
787 -95
788 91
789 100
790 97
791 35
792 -16
793 -84
794 -3
795 -30
796 35
797 -30
798 -12
799 -64
800 63
801 -96
802 -82
803 -30
804 40
805 -20
806 74
807 65
808 67
809 -72
810 -79
811 -24
812 -26
813 -78
814 -67
815 74
816 85
817 49
818 85
819 89
820 68
821 68
822 -51
823 95
824 40
825 -50
826 -88
827 71
828 -61
829 -98
830 -23
831 -6
832 -27
833 55
834 95
835 21
836 -70
837 -94
838 85
839 -68
840 -91
841 41
842 -66
843 -76
844 -62
845 -12
846 -100
847 -1
848 60
849 49
850 2
851 64
852 -25
853 -70
854 48
855 -10
856 72
857 24
858 -53
859 100
860 -46
861 37
862 -88
863 54
864 -22
865 -33
866 58
867 45
868 -21
869 56
870 -49
871 -87
872 38
873 64
874 68
875 -62
876 -68
877 -74
878 80
879 43
880 15
881 23
882 31
883 -28
884 -4
885 0
886 -98
887 58
888 3
889 -25
890 -72
891 59
892 -68
893 40
894 44
895 -62
896 -18
897 85
898 69
899 42
900 -35
901 99
902 3
903 -1
904 19
905 -81
906 3
907 97
908 47
909 14
910 -71
911 93
912 82
913 -43
914 72
915 83
916 79
917 97
918 64
919 71
920 -36
921 -53
922 95
923 -37
924 1
925 86
926 -52
927 38
928 -9
929 1
930 37
931 -20
932 -60
933 -91
934 18
935 8
936 57
937 -42
938 39
939 -100
940 -12
941 -37
942 -69
943 70
944 29
945 32
946 24
947 98
948 72
949 13
950 -78
951 -59
952 -67
953 -61
954 62
955 -94
956 89
957 26
958 -53
959 28
960 84
961 -21
962 -34
963 65
964 -72
965 38
966 95
967 17
968 -1
969 -10
970 -42
971 3
972 48
973 94
974 79
975 95
976 70
977 45
978 71
979 13
980 -74
981 -81
982 -75
983 88
984 -39
985 -86
986 -93
987 87
988 -35
989 -39
990 46
991 -33
992 -20
993 -85
994 12
995 -17
996 -89
997 94
998 -71
999 37
1000 47
1001 -9
1002 4
1003 -11
1004 47
1005 -63
1006 -53
1007 -93
1008 -42
1009 80
1010 -43
1011 81
1012 -37
1013 -57
1014 30
1015 20
1016 -83
1017 72
1018 96
1019 9
1020 -45
1021 62
1022 -3
1023 -76
