0 7
1 -59
2 -92
3 -25
4 6
5 24
6 58
7 -68
8 3
9 32
10 -16
11 4
12 21
13 -1
14 -49
15 -83
16 40
17 32
18 4
19 58
20 -52
21 59
22 -57
23 -95
24 -12
25 -26
26 -49
27 -28
28 -47
29 -60
30 -71
31 17
32 14
33 -48
34 -42
35 -86
36 -37
37 -31
38 -20
39 72
40 -62
41 -89
42 51
43 62
44 -84
45 57
46 -91
47 66
48 32
49 -54
50 -5
51 59
52 97
53 89
54 -45
55 -37
56 92
57 51
58 28
59 77
60 0
61 -22
62 79
63 57
64 -100
65 -24
66 -38
67 62
68 40
69 37
70 47
71 75
72 -15
73 -84
74 -15
75 24
76 100
77 -94
78 -82
79 -96
80 -61
81 58
82 -81
83 -94
84 52
85 -30
86 -87
87 34
88 19
89 24
90 82
91 49
92 92
93 -49
94 -86
95 -45
96 0
97 30
98 -12
99 71
100 -84
101 -92
102 -56
103 82
104 54
105 -2
106 55
107 -89
108 5
109 16
110 -77
111 88
112 80
113 -63
114 -1
115 11
116 -93
117 38
118 -68
119 21
120 23
121 -60
122 16
123 -22
124 28
125 86
126 -44
127 77
128 71
129 -77
130 -22
131 35
132 -16
133 50
134 -77
135 33
136 -78
137 -39
138 34
139 77
140 32
141 -47
142 -1
143 -70
144 84
145 -64
146 -45
147 74
148 -90
149 36
150 -95
151 -12
152 50
153 32
154 62
155 -44
156 -62
157 -82
158 61
159 26
160 -83
161 92
162 -68
163 74
164 86
165 97
166 48
167 84
168 -37
169 62
170 43
171 64
172 -86
173 -45
174 -33
175 31
176 92
177 -2
178 65
179 71
180 -25
181 65
182 -89
183 -32
184 -94
185 79
186 -44
187 -23
188 -42
189 -27
190 85
191 -75
192 50
193 -50
194 -14
195 -87
196 -98
197 -4
198 -46
199 26
200 95
201 79
202 60
203 73
204 -19
205 33
206 -96
207 25
208 -14
209 -85
210 50
211 51
212 31
213 67
214 -95
215 -66
216 -10
217 -74
218 -62
219 69
220 8
221 -83
222 8
223 56
224 -37
225 -100
226 64
227 86
228 -57
229 -8
230 -26
231 18
232 -92
233 32
234 91
235 28
236 -38
237 41
238 99
239 -18
240 97
241 83
242 87
243 -97
244 89
245 -19
246 81
247 -75
248 52
249 -75
250 20
251 32
252 -60
253 16
254 -65
255 17
256 27
257 0
258 38
259 79
260 12
261 -51
262 78
263 -81
264 21
265 71
266 78
267 26
268 -34
269 54
270 -41
271 74
272 -4
273 31
274 -2
275 -54
276 -12
277 89
278 16
279 24
280 -85
281 48
282 50
283 -6
284 -89
285 90
286 91
287 -16
288 -4
289 83
290 1
291 6
292 -78
293 4
294 71
295 -44
296 28
297 -71
298 -46
299 -7
300 41
301 53
302 13
303 -5
304 2
305 -2
306 66
307 -69
308 -30
309 51
310 38
311 1
312 -81
313 99
314 -6
315 92
316 76
317 -7
318 48
319 -11
320 76
321 27
322 93
323 -70
324 -6
325 84
326 -9
327 -7
328 -56
329 44
330 0
331 24
332 -37
333 14
334 67
335 30
336 23
337 72
338 1
339 -70
340 70
341 84
342 13
343 81
344 -60
345 -16
346 69
347 17
348 -6
349 1
350 70
351 68
352 -6
353 37
354 52
355 69
356 -92
357 -65
358 -32
359 77
360 28
361 -9
362 67
363 -66
364 -98
365 67
366 -57
367 -86
368 -77
369 23
370 -37
371 78
372 35
373 70
374 -93
375 14
376 90
377 -99
378 65
379 90
380 -92
381 -91
382 80
383 -6
384 -45
385 -24
386 59
387 60
388 -92
389 64
390 85
391 -20
392 15
393 39
394 -21
395 -97
396 88
397 58
398 -29
399 -86
400 -55
401 -57
402 68
403 71
404 -48
405 -35
406 7
407 -31
408 -11
409 19
410 50
411 37
412 63
413 43
414 -49
415 72
416 68
417 7
418 41
419 -10
420 -69
421 -61
422 33
423 -51
424 -52
425 42
426 -16
427 -65
428 -19
429 60
430 28
431 -16
432 23
433 37
434 -81
435 -21
436 -51
437 -40
438 -76
439 18
440 -45
441 48
442 -5
443 -83
444 -100
445 -100
446 37
447 -17
448 60
449 17
450 2
451 -99
452 29
453 -49
454 -47
455 55
456 0
457 -19
458 24
459 -57
460 11
461 -21
462 45
463 53
464 -15
465 17
466 -33
467 -56
468 8
469 -90
470 34
471 -57
472 91
473 56
474 83
475 -79
476 95
477 -5
478 45
479 28
480 77
481 65
482 -15
483 41
484 -3
485 -57
486 14
487 -14
488 -27
489 -48
490 56
491 -94
492 -61
493 75
494 70
495 -96
496 -22
497 36
498 -82
499 -20
500 95
501 -35
502 -23
503 53
504 18
505 -40
506 20
507 41
508 -51
509 -35
510 96
511 20
512 -30
513 47
514 28
515 41
516 -60
517 62
518 51
519 78
520 -16
521 70
522 -87
523 -63
524 -46
525 72
526 -19
527 -6
528 -63
529 62
530 61
531 53
532 -5
533 21
534 -12
535 -5
536 15
537 78
538 -36
539 -87
540 -61
541 11
542 -1
543 -100
544 -14
545 -99
546 -80
547 1
548 -89
549 54
550 -58
551 -22
552 -26
553 -49
554 70
555 85
556 15
557 -60
558 -39
559 47
560 -60
561 12
562 77
563 -6
564 -12
565 18
566 -17
567 0
568 -62
569 -88
570 -95
571 21
572 0
573 81
574 86
575 14
576 77
577 -69
578 1
579 89
580 -43
581 -90
582 -48
583 -64
584 -89
585 70
586 15
587 72
588 86
589 -3
590 69
591 34
592 -28
593 -38
594 17
595 66
596 -27
597 -99
598 -74
599 -38
600 49
601 98
602 -72
603 -7
604 -74
605 -55
606 94
607 9
608 -1
609 -56
610 38
611 -100
612 -20
613 17
614 49
615 -62
616 73
617 92
618 -86
619 83
620 -51
621 82
622 70
623 -22
624 32
625 49
626 -3
627 -94
628 50
629 52
630 -79
631 8
632 82
633 -94
634 7
635 -59
636 -60
637 -93
638 -29
639 22
640 25
641 11
642 69
643 66
644 10
645 63
646 -71
647 77
648 10
649 -92
650 0
651 99
652 -47
653 -57
654 14
655 80
656 45
657 28
658 36
659 9
660 29
661 61
662 89
663 -70
664 -11
665 -19
666 -55
667 11
668 -5
669 44
670 99
671 71
672 100
673 -22
674 60
675 -16
676 5
677 -93
678 -20
679 20
680 -54
681 14
682 -5
683 -83
684 16
685 -51
686 -67
687 71
688 2
689 -84
690 -24
691 -88
692 78
693 23
694 24
695 -63
696 11
697 86
698 -10
699 24
700 37
701 -28
702 77
703 8
704 -89
705 -20
706 69
707 -70
708 -63
709 5
710 68
711 6
712 35
713 -13
714 77
715 7
716 54
717 70
718 -81
719 -59
720 -26
721 -43
722 42
723 -44
724 -42
725 -84
726 94
727 -29
728 53
729 -72
730 -78
731 -35
732 -41
733 -12
734 -61
735 -74
736 -78
737 -1
738 42
739 -19
740 86
741 -54
742 16
743 -85
744 87
745 0
746 13
747 -33
748 70
749 98
750 -64
751 49
752 -13
753 -4
754 -52
755 -51
756 22
757 36
758 71
759 58
760 64
761 69
762 1
763 -51
764 38
765 56
766 -28
767 -63
768 32
769 94
770 -23
771 -7
772 73
773 -98
774 79
775 78
776 -100
777 29
778 61
779 -20
780 4
781 87
782 53
783 66
784 -72
785 10
786 -11
787 -18
788 -30
789 8
790 84
791 -43
792 93
793 -84
794 -43
795 -61
796 -1
797 -11
798 -94
799 61
800 -22
801 77
802 51
803 38
804 -43
805 42
806 63
807 99
808 31
809 8
810 -40
811 -70
812 -85
813 27
814 21
815 43
816 27
817 9
818 -76
819 95
820 74
821 -76
822 98
823 -73
824 64
825 60
826 39
827 -8
828 30
829 -58
830 75
831 -29
832 63
833 -29
834 -85
835 -92
836 98
837 93
838 53
839 54
840 -21
841 56
842 12
843 49
844 4
845 -10
846 -97
847 -82
848 37
849 21
850 97
851 95
852 -88
853 -78
854 67
855 -2
856 73
857 17
858 82
859 -21
860 -6
861 -47
862 83
863 -38
864 2
865 48
866 -47
867 -42
868 16
869 -11
870 8
871 66
872 8
873 59
874 -88
875 -47
876 -4
877 -36
878 72
879 66
880 58
881 -83
882 10
883 26
884 -98
885 5
886 -78
887 19
888 5
889 -2
890 77
891 62
892 36
893 91
894 36
895 -52
896 48
897 -22
898 98
899 56
900 70
901 -75
902 -32
903 45
904 39
905 -36
906 36
907 14
908 -48
909 59
910 -58
911 0
912 51
913 -66
914 -70
915 53
916 -54
917 70
918 7
919 -3
920 2
921 -57
922 -52
923 -94
924 -16
925 21
926 81
927 50
928 50
929 57
930 17
931 10
932 -85
933 67
934 -60
935 -55
936 30
937 -59
938 -81
939 19
940 -3
941 18
942 -16
943 47
944 -73
945 27
946 -96
947 -51
948 94
949 94
950 -54
951 -81
952 -5
953 -75
954 -97
955 -53
956 -55
957 -51
958 41
959 79
960 56
961 -63
962 -92
963 86
964 -13
965 -21
966 67
967 8
968 98
969 -90
970 82
971 -11
972 -6
973 -5
974 -47
975 -85
976 21
977 98
978 52
979 -63
980 -3
981 86
982 -44
983 -56
984 -49
985 -15
986 -61
987 -77
988 71
989 -40
990 -86
991 12
992 40
993 -62
994 -65
995 -1
996 -11
997 -13
998 91
999 -18
1000 92
1001 -2
1002 90
1003 -20
1004 74
1005 -48
1006 -18
1007 20
1008 64
1009 -27
1010 -75
1011 -65
1012 -28
1013 63
1014 4
1015 -91
1016 -9
1017 84
1018 41
1019 42
1020 96
1021 -89
1022 -86
1023 -11
