0 20
1 -47
2 70
3 -96
4 -15
5 58
6 -92
7 -43
8 50
9 37
10 -60
11 86
12 11
13 46
14 -1
15 -43
16 5
17 -100
18 -67
19 -86
20 58
21 -91
22 -79
23 86
24 -67
25 22
26 -67
27 4
28 100
29 56
30 -18
31 -53
32 -53
33 24
34 -87
35 85
36 -31
37 -88
38 12
39 82
40 58
41 -73
42 83
43 -49
44 -23
45 -5
46 -56
47 33
48 -68
49 -75
50 -17
51 -15
52 0
53 54
54 -55
55 -34
56 82
57 -36
58 87
59 -81
60 -55
61 98
62 -66
63 46
64 -13
65 15
66 -80
67 -43
68 63
69 53
70 -41
71 -42
72 -6
73 -80
74 18
75 1
76 -91
77 -5
78 -13
79 -50
80 -56
81 -79
82 -12
83 -58
84 34
85 -100
86 -99
87 17
88 -74
89 60
90 53
91 -44
92 20
93 -33
94 0
95 -71
96 -31
97 -24
98 1
99 14
100 69
101 10
102 81
103 22
104 -46
105 28
106 4
107 -2
108 61
109 95
110 -21
111 12
112 70
113 60
114 98
115 -73
116 -57
117 -5
118 -20
119 11
120 -22
121 -82
122 -6
123 75
124 78
125 -19
126 -72
127 3
128 44
129 94
130 -21
131 -37
132 24
133 -83
134 29
135 -97
136 -68
137 24
138 -9
139 -9
140 -4
141 -52
142 13
143 -66
144 9
145 73
146 -90
147 91
148 10
149 -27
150 25
151 -3
152 -55
153 16
154 96
155 -75
156 -68
157 59
158 99
159 81
160 -43
161 -2
162 -100
163 35
164 3
165 2
166 -14
167 10
168 -93
169 85
170 61
171 13
172 77
173 12
174 -42
175 -10
176 59
177 45
178 -42
179 96
180 87
181 33
182 -2
183 76
184 -65
185 93
186 -41
187 -71
188 -91
189 -23
190 29
191 85
192 34
193 1
194 -30
195 -78
196 -28
197 -5
198 -97
199 -2
200 -97
201 -36
202 -70
203 -75
204 -6
205 62
206 -4
207 79
208 -85
209 58
210 -49
211 27
212 -27
213 70
214 -57
215 -64
216 69
217 -9
218 4
219 -23
220 33
221 52
222 38
223 86
224 -3
225 59
226 41
227 32
228 45
229 23
230 -77
231 -10
232 89
233 -55
234 81
235 -38
236 89
237 -57
238 -46
239 10
240 50
241 24
242 -69
243 23
244 -75
245 87
246 -94
247 86
248 24
249 -23
250 10
251 -99
252 -69
253 -5
254 17
255 -19
256 -10
257 -66
258 -72
259 3
260 99
261 64
262 22
263 30
264 80
265 43
266 45
267 -72
268 35
269 -73
270 -87
271 -42
272 -99
273 -19
274 -64
275 -58
276 -96
277 -12
278 -28
279 -30
280 -67
281 97
282 73
283 73
284 41
285 61
286 -78
287 18
288 -83
289 -18
290 33
291 -24
292 55
293 53
294 -29
295 -15
296 96
297 45
298 78
299 1
300 -3
301 -10
302 56
303 -12
304 -37
305 3
306 26
307 44
308 -85
309 25
310 13
311 -72
312 -50
313 -98
314 -64
315 -91
316 -69
317 -53
318 50
319 76
320 -13
321 28
322 48
323 1
324 -81
325 94
326 75
327 -27
328 39
329 -100
330 -77
331 14
332 85
333 -51
334 -45
335 46
336 59
337 54
338 -68
339 -98
340 83
341 -59
342 -2
343 12
344 -86
345 -73
346 -37
347 96
348 -97
349 92
350 57
351 36
352 -44
353 -6
354 -24
355 -86
356 3
357 19
358 22
359 54
360 47
361 43
362 -31
363 56
364 78
365 -59
366 -88
367 28
368 -18
369 -51
370 14
371 -73
372 38
373 -78
374 -59
375 30
376 9
377 71
378 -95
379 100
380 -61
381 -40
382 25
383 -17
384 26
385 63
386 -24
387 90
388 -47
389 -35
390 11
391 -58
392 -55
393 93
394 -49
395 71
396 67
397 -91
398 -93
399 57
400 -97
401 36
402 40
403 75
404 70
405 99
406 -8
407 33
408 -74
409 43
410 14
411 47
412 23
413 -59
414 69
415 -89
416 13
417 -35
418 -21
419 59
420 65
421 -24
422 6
423 91
424 -94
425 -38
426 19
427 -100
428 15
429 44
430 -95
431 88
432 -24
433 -24
434 -22
435 -68
436 -42
437 -5
438 26
439 -94
440 -32
441 72
442 59
443 -31
444 -51
445 34
446 -22
447 -47
448 75
449 26
450 4
451 32
452 -86
453 -64
454 37
455 31
456 -43
457 -42
458 34
459 -81
460 -15
461 3
462 -31
463 -28
464 27
465 22
466 -63
467 -76
468 -20
469 -38
470 50
471 -18
472 5
473 95
474 76
475 49
476 83
477 19
478 81
479 78
480 52
481 -30
482 -20
483 -32
484 75
485 -76
486 -88
487 42
488 35
489 -48
490 -27
491 91
492 -41
493 -54
494 -31
495 23
496 -18
497 86
498 15
499 -22
500 -42
501 -94
502 -70
503 59
504 -49
505 48
506 -13
507 27
508 18
509 32
510 -86
511 64
512 7
513 32
514 8
515 30
516 -18
517 -78
518 49
519 -48
520 -45
521 16
522 -27
523 4
524 21
525 -29
526 93
527 -76
528 -38
529 28
530 -49
531 15
532 -30
533 -51
534 23
535 21
536 43
537 91
538 28
539 -75
540 16
541 -74
542 -45
543 -49
544 -25
545 66
546 99
547 -49
548 -9
549 -88
550 -12
551 -24
552 -20
553 -70
554 77
555 -55
556 0
557 21
558 24
559 -36
560 -26
561 -12
562 17
563 -66
564 -20
565 -86
566 31
567 95
568 67
569 8
570 -43
571 49
572 -80
573 1
574 -15
575 -14
576 34
577 81
578 54
579 77
580 -48
581 86
582 66
583 88
584 -72
585 -80
586 -14
587 -15
588 -85
589 -97
590 -68
591 -91
592 -94
593 -69
594 -100
595 83
596 33
597 -41
598 -81
599 -57
600 -39
601 -13
602 -87
603 -1
604 -91
605 31
606 5
607 -57
608 57
609 -67
610 46
611 -79
612 -91
613 40
614 79
615 -14
616 -15
617 -39
618 -54
619 -56
620 73
621 -82
622 -100
623 -32
624 -72
625 56
626 64
627 42
628 86
629 98
630 86
631 83
632 -3
633 -3
634 -67
635 76
636 -64
637 -7
638 37
639 -55
640 -86
641 -97
642 -50
643 32
644 54
645 -3
646 -8
647 99
648 71
649 -36
650 -37
651 -59
652 90
653 -6
654 44
655 -95
656 -5
657 0
658 -79
659 -51
660 11
661 1
662 17
663 -94
664 14
665 51
666 -24
667 -78
668 64
669 39
670 54
671 26
672 26
673 -1
674 -85
675 62
676 32
677 39
678 -65
679 -41
680 61
681 4
682 16
683 52
684 76
685 39
686 -14
687 -62
688 -81
689 -82
690 -85
691 90
692 60
693 -24
694 -10
695 -99
696 -95
697 -56
698 19
699 -34
700 5
701 -53
702 -86
703 3
704 71
705 11
706 69
707 78
708 -9
709 -37
710 98
711 -81
712 45
713 -98
714 40
715 -31
716 -14
717 -44
718 38
719 78
720 31
721 47
722 87
723 0
724 71
725 -19
726 -29
727 6
728 92
729 23
730 -91
731 78
732 -27
733 -5
734 37
735 85
736 -87
737 -43
738 64
739 7
740 -45
741 -95
742 2
743 12
744 4
745 20
746 -72
747 -27
748 23
749 -79
750 -93
751 53
752 -71
753 -10
754 -94
755 -90
756 71
757 56
758 50
759 -80
760 51
761 84
762 94
763 -16
764 69
765 52
766 50
767 76
768 56
769 -59
770 -84
771 -30
772 52
773 -39
774 -48
775 -92
776 -76
777 38
778 -74
779 4
780 75
781 94
782 73
783 -28
784 67
785 -60
786 -98
787 -94
788 -60
789 -25
790 -32
791 -91
792 -67
793 -31
794 47
795 61
796 -1
797 -21
798 12
799 19
800 33
801 -48
802 73
803 -20
804 -19
805 -52
806 -27
807 87
808 -6
809 80
810 -51
811 -18
812 -8
813 98
814 -39
815 84
816 98
817 -62
818 -89
819 -68
820 48
821 60
822 -3
823 65
824 16
825 -74
826 -59
827 -61
828 -55
829 49
830 93
831 -13
832 -10
833 68
834 28
835 -19
836 -79
837 69
838 -88
839 54
840 -79
841 52
842 -80
843 -99
844 32
845 23
846 -84
847 89
848 -85
849 14
850 -26
851 16
852 -52
853 -82
854 56
855 42
856 -49
857 21
858 -7
859 -53
860 -96
861 13
862 -49
863 -20
864 3
865 4
866 -28
867 44
868 60
869 3
870 12
871 -43
872 39
873 84
874 91
875 99
876 -85
877 37
878 50
879 39
880 59
881 -28
882 -33
883 10
884 -8
885 55
886 -28
887 65
888 94
889 29
890 38
891 70
892 -87
893 9
894 64
895 20
896 -85
897 -89
898 -6
899 -35
900 60
901 -46
902 -96
903 52
904 -46
905 59
906 7
907 -65
908 -12
909 -29
910 70
911 -76
912 -95
913 21
914 37
915 -49
916 47
917 47
918 39
919 21
920 30
921 -21
922 -44
923 57
924 86
925 -42
926 -28
927 53
928 4
929 -7
930 14
931 45
932 -87
933 -81
934 -41
935 -18
936 64
937 -32
938 5
939 74
940 86
941 35
942 82
943 -17
944 54
945 -52
946 -93
947 -12
948 78
949 -74
950 62
951 -11
952 22
953 -40
954 48
955 70
956 1
957 -57
958 36
959 11
960 -9
961 48
962 24
963 -44
964 29
965 7
966 -15
967 51
968 -48
969 -26
970 90
971 -30
972 89
973 37
974 82
975 79
976 8
977 -36
978 94
979 -61
980 -6
981 -77
982 -8
983 15
984 -47
985 -37
986 32
987 68
988 -72
989 30
990 -52
991 -67
992 46
993 91
994 47
995 -41
996 -43
997 -38
998 82
999 52
1000 91
1001 25
1002 43
1003 38
1004 -38
1005 95
1006 -50
1007 98
1008 61
1009 28
1010 -38
1011 83
1012 77
1013 26
1014 -99
1015 -58
1016 88
1017 83
1018 -24
1019 66
1020 59
1021 49
1022 -11
1023 -23
