0 46
1 14
2 26
3 20
4 37
5 39
6 -63
7 62
8 -22
9 17
10 67
11 34
12 39
13 -21
14 -78
15 18
16 18
17 -68
18 33
19 44
20 -32
21 -39
22 26
23 -92
24 44
25 -59
26 22
27 61
28 55
29 -37
30 49
31 33
32 47
33 21
34 -96
35 24
36 89
37 59
38 -58
39 5
40 -99
41 61
42 -4
43 -43
44 -20
45 -82
46 16
47 29
48 44
49 -77
50 38
51 7
52 41
53 -56
54 -96
55 51
56 -98
57 -42
58 73
59 -54
60 -17
61 78
62 -100
63 100
64 49
65 45
66 53
67 92
68 -4
69 -100
70 -98
71 40
72 -22
73 -60
74 36
75 -81
76 80
77 44
78 -33
79 -92
80 59
81 -40
82 79
83 82
84 2
85 -77
86 8
87 -69
88 -17
89 -12
90 16
91 -51
92 -6
93 13
94 53
95 57
96 -33
97 -81
98 25
99 63
100 98
101 -84
102 -33
103 60
104 73
105 20
106 -90
107 -31
108 43
109 -25
110 -98
111 54
112 -85
113 34
114 4
115 35
116 -6
117 90
118 56
119 -70
120 -33
121 -5
122 -6
123 -31
124 79
125 -33
126 -89
127 -6
128 -34
129 34
130 -26
131 13
132 91
133 -41
134 50
135 -53
136 9
137 87
138 -80
139 -57
140 19
141 23
142 29
143 -3
144 -21
145 -37
146 -41
147 -99
148 19
149 -34
150 73
151 -92
152 24
153 100
154 -97
155 -58
156 46
157 7
158 32
159 66
160 27
161 -60
162 -72
163 -40
164 -30
165 -64
166 77
167 -50
168 -19
169 14
170 -42
171 24
172 46
173 -76
174 -21
175 3
176 18
177 -56
178 94
179 57
180 1
181 -28
182 -60
183 2
184 9
185 -79
186 -64
187 -43
188 -100
189 -54
190 -79
191 -77
192 -9
193 -98
194 -5
195 36
196 38
197 -87
198 53
199 96
200 25
201 -39
202 18
203 35
204 -91
205 -35
206 90
207 25
208 43
209 -27
210 -65
211 -31
212 58
213 66
214 -60
215 91
216 -4
217 -21
218 -4
219 -71
220 -72
221 -7
222 -35
223 44
224 13
225 13
226 -12
227 39
228 50
229 20
230 -35
231 -22
232 59
233 31
234 61
235 -11
236 52
237 92
238 69
239 -68
240 56
241 69
242 66
243 76
244 87
245 -85
246 64
247 -59
248 -16
249 -18
250 -95
251 93
252 -59
253 85
254 -92
255 -55
256 15
257 76
258 70
259 -11
260 69
261 36
262 -89
263 75
264 49
265 -61
266 78
267 -54
268 -32
269 -96
270 95
271 4
272 -70
273 -29
274 52
275 40
276 19
277 -30
278 95
279 -29
280 -75
281 53
282 -28
283 65
284 48
285 -27
286 -64
287 -51
288 -90
289 65
290 58
291 -27
292 94
293 -1
294 -52
295 59
296 -68
297 1
298 4
299 2
300 -15
301 36
302 -1
303 3
304 89
305 99
306 -71
307 -43
308 66
309 6
310 73
311 -72
312 94
313 82
314 -17
315 7
316 91
317 55
318 -77
319 -76
320 31
321 79
322 -57
323 -93
324 6
325 43
326 20
327 -7
328 -12
329 -44
330 66
331 59
332 59
333 92
334 -78
335 -62
336 56
337 -80
338 -96
339 -41
340 -47
341 -54
342 12
343 -100
344 -3
345 54
346 55
347 -47
348 11
349 -76
350 7
351 18
352 -13
353 86
354 100
355 86
356 -91
357 91
358 8
359 26
360 11
361 -15
362 65
363 -71
364 52
365 -40
366 58
367 -64
368 89
369 -18
370 -30
371 63
372 -38
373 -81
374 -48
375 80
376 -53
377 83
378 41
379 40
380 -81
381 -44
382 -44
383 -86
384 5
385 -4
386 -45
387 -45
388 -90
389 -9
390 -32
391 -1
392 -69
393 -100
394 58
395 91
396 -95
397 -74
398 13
399 10
400 -56
401 -39
402 -74
403 -48
404 -23
405 -61
406 70
407 -60
408 -35
409 54
410 100
411 -3
412 13
413 -29
414 33
415 -48
416 17
417 -66
418 76
419 56
420 -19
421 -62
422 35
423 3
424 -36
425 -15
426 -96
427 90
428 91
429 -49
430 -72
431 47
432 -73
433 -93
434 -24
435 -81
436 -71
437 72
438 -62
439 -84
440 27
441 35
442 56
443 9
444 -82
445 -100
446 38
447 -18
448 40
449 95
450 22
451 73
452 32
453 52
454 7
455 -25
456 -78
457 10
458 -64
459 30
460 9
461 60
462 50
463 23
464 -6
465 0
466 35
467 68
468 -58
469 -17
470 -20
471 -63
472 31
473 -92
474 62
475 79
476 -92
477 -87
478 -79
479 -27
480 75
481 69
482 -30
483 50
484 94
485 56
486 12
487 9
488 -37
489 -12
490 -42
491 -70
492 86
493 -64
494 -89
495 -22
496 -37
497 5
498 35
499 -3
500 -13
501 69
502 83
503 18
504 -70
505 41
506 -60
507 -88
508 96
509 39
510 87
511 80
512 -45
513 19
514 -57
515 -27
516 85
517 59
518 51
519 -21
520 -60
521 -87
522 23
523 7
524 -62
525 100
526 -44
527 -61
528 54
529 54
530 -28
531 -5
532 -49
533 93
534 -1
535 -43
536 -40
537 -1
538 -36
539 -27
540 -81
541 -15
542 -24
543 20
544 -53
545 13
546 97
547 87
548 -75
549 -81
550 -83
551 77
552 69
553 20
554 -30
555 15
556 12
557 -36
558 -60
559 4
560 -23
561 -1
562 -47
563 -2
564 -20
565 -63
566 46
567 -64
568 20
569 32
570 -37
571 -12
572 -59
573 22
574 -4
575 48
576 -53
577 -64
578 -31
579 66
580 54
581 92
582 4
583 -64
584 56
585 -49
586 -86
587 -96
588 -74
589 43
590 -15
591 67
592 81
593 -87
594 -9
595 66
596 81
597 -33
598 -72
599 80
600 -38
601 23
602 -7
603 -25
604 -54
605 -88
606 -93
607 40
608 49
609 -69
610 60
611 4
612 -79
613 83
614 62
615 -60
616 61
617 -74
618 30
619 -64
620 60
621 -84
622 -53
623 -94
624 -36
625 34
626 6
627 -22
628 83
629 -84
630 4
631 71
632 -40
633 45
634 26
635 36
636 -93
637 -21
638 30
639 -65
640 49
641 61
642 -9
643 13
644 57
645 -15
646 -9
647 15
648 -55
649 1
650 93
651 -51
652 -80
653 23
654 -41
655 -85
656 -52
657 -98
658 -21
659 14
660 -60
661 53
662 20
663 -3
664 30
665 -24
666 -51
667 -71
668 -78
669 -12
670 -35
671 78
672 -3
673 -45
674 -21
675 -58
676 66
677 21
678 -80
679 -62
680 38
681 -66
682 85
683 53
684 90
685 -43
686 68
687 -15
688 50
689 -80
690 60
691 -29
692 -65
693 89
694 41
695 71
696 -86
697 28
698 94
699 -7
700 42
701 -47
702 89
703 -70
704 33
705 -81
706 87
707 10
708 75
709 32
710 -76
711 -9
712 64
713 82
714 15
715 50
716 29
717 57
718 -12
719 -53
720 18
721 19
722 -17
723 64
724 -28
725 54
726 -3
727 8
728 -14
729 -81
730 5
731 82
732 84
733 32
734 29
735 -94
736 -76
737 37
738 6
739 -93
740 -42
741 -49
742 -88
743 58
744 -60
745 -81
746 -23
747 -11
748 -47
749 18
750 -60
751 -35
752 15
753 -100
754 13
755 -65
756 1
757 26
758 42
759 2
760 93
761 98
762 -8
763 -73
764 29
765 38
766 -21
767 -11
768 91
769 -60
770 39
771 97
772 -85
773 32
774 -91
775 -9
776 11
777 -15
778 21
779 100
780 79
781 95
782 -47
783 50
784 86
785 56
786 46
787 -26
788 -70
789 -50
790 -61
791 51
792 51
793 35
794 -61
795 37
796 -23
797 -92
798 25
799 61
800 -3
801 68
802 83
803 23
804 32
805 -36
806 96
807 -60
808 -46
809 46
810 25
811 -28
812 -72
813 -93
814 -83
815 58
816 48
817 29
818 -64
819 91
820 -22
821 33
822 -59
823 -39
824 -38
825 58
826 -67
827 -63
828 18
829 75
830 -98
831 -4
832 92
833 -31
834 -42
835 -14
836 95
837 -57
838 -67
839 -36
840 48
841 40
842 -96
843 -47
844 52
845 -48
846 -99
847 -64
848 28
849 34
850 -72
851 1
852 -46
853 62
854 -32
855 -81
856 -10
857 62
858 31
859 94
860 76
861 30
862 91
863 34
864 -100
865 9
866 21
867 77
868 -4
869 -19
870 -1
871 -68
872 39
873 -69
874 72
875 93
876 54
877 -57
878 78
879 -11
880 11
881 33
882 -44
883 -8
884 4
885 54
886 -72
887 -5
888 -37
889 75
890 -18
891 16
892 51
893 -26
894 59
895 97
896 11
897 26
898 -25
899 38
900 -96
901 5
902 24
903 87
904 -51
905 89
906 -62
907 97
908 -97
909 -33
910 -28
911 88
912 -82
913 -62
914 96
915 -3
916 -57
917 -50
918 -21
919 -18
920 19
921 87
922 41
923 54
924 -19
925 63
926 0
927 -99
928 -86
929 55
930 72
931 -28
932 -21
933 -50
934 -18
935 -67
936 1
937 54
938 54
939 -18
940 63
941 -48
942 -2
943 74
944 -54
945 9
946 -29
947 -7
948 74
949 29
950 34
951 -46
952 43
953 -93
954 71
955 -40
956 90
957 57
958 40
959 19
960 32
961 100
962 -84
963 -3
964 -73
965 84
966 79
967 0
968 -1
969 -27
970 -26
971 49
972 -58
973 -84
974 43
975 96
976 97
977 59
978 -61
979 63
980 -10
981 -92
982 -79
983 -97
984 82
985 -64
986 -27
987 -35
988 -33
989 -79
990 -73
991 -90
992 -33
993 48
994 -18
995 -65
996 69
997 86
998 -63
999 -53
1000 46
1001 -83
1002 67
1003 -49
1004 -44
1005 -92
1006 -1
1007 97
1008 -21
1009 76
1010 38
1011 5
1012 -21
1013 15
1014 67
1015 36
1016 -100
1017 -17
1018 -30
1019 -17
1020 20
1021 16
1022 -9
1023 77
