0 40
1 83
2 -68
3 20
4 4
5 -5
6 -63
7 50
8 -43
9 61
10 -68
11 -72
12 62
13 75
14 -52
15 -72
16 -90
17 -96
18 99
19 9
20 20
21 34
22 -43
23 64
24 -27
25 -21
26 93
27 77
28 71
29 43
30 -57
31 70
32 -97
33 -15
34 22
35 44
36 -95
37 18
38 4
39 16
40 -97
41 61
42 -7
43 -36
44 -36
45 21
46 10
47 -73
48 67
49 -23
50 -7
51 -87
52 33
53 -26
54 -90
55 -65
56 -56
57 71
58 19
59 -65
60 -21
61 20
62 -60
63 -24
64 59
65 -7
66 67
67 19
68 -65
69 12
70 -12
71 -90
72 -98
73 -64
74 7
75 -90
76 -41
77 -36
78 -1
79 45
80 97
81 92
82 -16
83 -43
84 -43
85 3
86 83
87 3
88 -92
89 1
90 13
91 -32
92 -42
93 82
94 44
95 100
96 96
97 7
98 -31
99 45
100 -30
101 70
102 59
103 63
104 -89
105 87
106 93
107 43
108 -91
109 -98
110 -3
111 23
112 -100
113 98
114 -100
115 10
116 94
117 86
118 -25
119 -58
120 59
121 68
122 -5
123 92
124 -73
125 -93
126 12
127 86
