0 -35
1 73
2 7
3 -26
4 10
5 35
6 -89
7 10
8 -59
9 32
10 -56
11 -22
12 -86
13 -4
14 40
15 -74
16 -3
17 34
18 61
19 97
20 -4
21 -80
22 -25
23 44
24 -32
25 -94
26 85
27 97
28 -63
29 -40
30 86
31 57
32 23
33 8
34 40
35 40
36 39
37 -41
38 25
39 46
40 -95
41 -89
42 90
43 92
44 11
45 24
46 80
47 94
48 31
49 -7
50 92
51 -57
52 -69
53 -8
54 -100
55 75
56 24
57 36
58 -74
59 11
60 96
61 58
62 -30
63 -80
64 -18
65 39
66 -53
67 -7
68 -89
69 46
70 -3
71 54
72 30
73 18
74 16
75 -100
76 -1
77 -26
78 21
79 32
80 -7
81 7
82 -73
83 37
84 88
85 -21
86 34
87 24
88 -43
89 -32
90 -21
91 -79
92 8
93 -37
94 -69
95 -92
96 61
97 70
98 -57
99 -67
100 -85
101 56
102 -38
103 -6
104 -94
105 -73
106 -16
107 -83
108 19
109 -73
110 34
111 11
112 -19
113 -65
114 -81
115 42
116 92
117 -53
118 28
119 9
120 55
121 -99
122 -64
123 -32
124 -13
125 5
126 -68
127 -93
