0 7
1 90
2 59
3 55
4 56
5 -94
6 -17
7 33
8 68
9 43
10 -76
11 16
12 -65
13 23
14 77
15 -84
16 97
17 -59
18 -96
19 53
20 42
21 75
22 51
23 65
24 -43
25 92
26 72
27 -26
28 -63
29 -34
30 -64
31 -31
32 -80
33 52
34 53
35 -43
36 6
37 7
38 1
39 -90
40 54
41 12
42 2
43 -90
44 -40
45 38
46 -32
47 91
48 97
49 39
50 17
51 -86
52 -62
53 -64
54 -48
55 -24
56 -72
57 30
58 91
59 70
60 37
61 -29
62 74
63 -6
64 33
65 -89
66 -19
67 50
68 -44
69 55
70 -79
71 20
72 48
73 -50
74 41
75 -67
76 -38
77 -89
78 -83
79 81
80 -63
81 86
82 62
83 -66
84 -79
85 51
86 62
87 -68
88 -40
89 57
90 -13
91 -28
92 57
93 4
94 -55
95 -46
96 12
97 7
98 24
99 -63
100 98
101 -12
102 83
103 37
104 7
105 70
106 4
107 -7
108 87
109 -94
110 -53
111 89
112 -33
113 6
114 52
115 -81
116 10
117 16
118 -66
119 -40
120 54
121 -49
122 6
123 42
124 -42
125 2
126 -75
127 -94
