0 -49
1 50
2 62
3 -47
4 -9
5 34
6 79
7 38
8 63
9 -100
10 82
11 -62
12 6
13 61
14 -14
15 86
16 12
17 -7
18 5
19 57
20 96
21 75
22 -100
23 -73
24 -22
25 -12
26 -53
27 2
28 11
29 -94
30 -66
31 -76
32 37
33 -38
34 -60
35 81
36 -51
37 -40
38 -49
39 -59
40 57
41 -26
42 -80
43 71
44 -8
45 56
46 -52
47 -98
48 -15
49 -20
50 -89
51 18
52 -13
53 -12
54 60
55 22
56 -52
57 -81
58 -24
59 -97
60 -76
61 -19
62 -54
63 -99
64 47
65 93
66 -92
67 3
68 -41
69 -90
70 -66
71 76
72 60
73 -85
74 -87
75 2
76 100
77 -32
78 -57
79 -40
80 13
81 -36
82 -83
83 56
84 49
85 -49
86 -98
87 76
88 -42
89 58
90 31
91 7
92 -65
93 16
94 97
95 -40
96 31
97 63
98 47
99 -44
100 53
101 -92
102 100
103 57
104 -29
105 72
106 -41
107 -84
108 -90
109 -81
110 -96
111 -12
112 -100
113 90
114 13
115 -47
116 81
117 59
118 -80
119 68
120 66
121 25
122 -64
123 8
124 48
125 0
126 69
127 -51
