0 -55
1 96
2 76
3 94
4 -15
5 -4
6 12
7 7
8 -10
9 -27
10 -33
11 -84
12 95
13 69
14 33
15 -64
16 74
17 -67
18 -85
19 69
20 -91
21 88
22 -100
23 -38
24 -39
25 51
26 58
27 96
28 -40
29 -45
30 100
31 -7
32 67
33 97
34 -18
35 -9
36 66
37 -85
38 60
39 -41
40 91
41 -62
42 -98
43 88
44 35
45 69
46 -62
47 16
48 -20
49 -5
50 -57
51 58
52 94
53 -37
54 -57
55 29
56 32
57 77
58 -8
59 10
60 -69
61 -6
62 74
63 -16
64 -94
65 98
66 35
67 88
68 -29
69 -48
70 79
71 -68
72 27
73 73
74 79
75 -82
76 -68
77 34
78 11
79 -53
80 76
81 3
82 -41
83 59
84 -36
85 9
86 52
87 -85
88 45
89 -51
90 90
91 -49
92 -49
93 -28
94 86
95 -82
96 39
97 90
98 99
99 92
100 52
101 -100
102 68
103 20
104 95
105 77
106 -15
107 45
108 87
109 -6
110 -27
111 -3
112 62
113 -37
114 -56
115 32
116 70
117 -47
118 -30
119 -24
120 -95
121 39
122 -45
123 66
124 -34
125 53
126 44
127 -11
