0 54
1 -99
2 -30
3 -97
4 -68
5 80
6 76
7 71
8 56
9 -9
10 -48
11 99
12 -57
13 -40
14 69
15 16
16 87
17 -91
18 -51
19 -21
20 36
21 86
22 -49
23 -71
24 -38
25 55
26 -35
27 54
28 93
29 -83
30 -42
31 77
32 -26
33 52
34 57
35 -72
36 -64
37 -47
38 81
39 -53
40 62
41 -76
42 -84
43 -7
44 45
45 46
46 24
47 30
48 -56
49 -100
50 8
51 -68
52 15
53 55
54 -23
55 -80
56 28
57 -54
58 -28
59 -27
60 63
61 24
62 94
63 -27
64 63
65 -79
66 16
67 -48
68 92
69 -11
70 -35
71 -51
72 86
73 -53
74 20
75 -9
76 18
77 75
78 46
79 58
80 33
81 -81
82 -28
83 18
84 -84
85 -18
86 8
87 63
88 -68
89 54
90 60
91 -13
92 -84
93 -38
94 -64
95 65
96 62
97 28
98 35
99 12
100 -88
101 -44
102 -39
103 87
104 -30
105 -53
106 12
107 -40
108 -22
109 -45
110 82
111 41
112 -71
113 -69
114 80
115 -37
116 -17
117 -69
118 91
119 -95
120 -23
121 -35
122 53
123 -27
124 53
125 -43
126 -39
127 9
