0 1
1 -51
2 83
3 -37
4 35
5 -54
6 30
7 -24
8 -86
9 49
10 -54
11 44
12 3
13 -82
14 4
15 -15
16 50
17 -80
18 -97
19 39
20 65
21 -84
22 -19
23 -6
24 81
25 -76
26 -90
27 -52
28 -57
29 -42
30 -20
31 -21
32 -28
33 62
34 11
35 39
36 3
37 86
38 -66
39 -98
40 11
41 31
42 -2
43 -42
44 84
45 99
46 -14
47 51
48 80
49 55
50 90
51 100
52 -17
53 -38
54 4
55 62
56 -7
57 84
58 44
59 88
60 77
61 -14
62 52
63 -13
64 81
65 -65
66 24
67 -41
68 -60
69 87
70 58
71 -92
72 57
73 -13
74 59
75 -42
76 -96
77 -79
78 2
79 -42
80 -15
81 5
82 20
83 71
84 -80
85 11
86 66
87 17
88 -24
89 27
90 23
91 -84
92 -98
93 -17
94 -77
95 16
96 11
97 79
98 -10
99 4
100 -92
101 -58
102 62
103 37
104 -72
105 -29
106 29
107 -32
108 -15
109 12
110 -35
111 70
112 -22
113 -7
114 -96
115 -97
116 -2
117 -15
118 89
119 -84
120 -30
121 17
122 69
123 34
124 -2
125 -51
126 27
127 -58
