0 -89
1 -33
2 -15
3 -3
4 86
5 -38
6 -98
7 -75
8 -47
9 88
10 -46
11 -2
12 -17
13 62
14 29
15 3
16 -96
17 -82
18 -100
19 33
20 -28
21 57
22 -17
23 -32
24 51
25 -90
26 -37
27 90
28 -25
29 97
30 82
31 -4
32 -5
33 -40
34 67
35 52
36 1
37 -99
38 -93
39 41
40 27
41 1
42 -62
43 -9
44 -41
45 -87
46 23
47 -86
48 64
49 -60
50 -89
51 -90
52 70
53 -68
54 15
55 -63
56 -35
57 76
58 -64
59 88
60 -90
61 -99
62 -42
63 -8
64 -14
65 -49
66 -97
67 -56
68 -60
69 -67
70 0
71 34
72 91
73 -87
74 -12
75 -76
76 -73
77 -36
78 82
79 -68
80 -14
81 66
82 84
83 80
84 -18
85 -78
86 100
87 -52
88 -15
89 -2
90 -94
91 -35
92 94
93 -46
94 -24
95 -62
96 34
97 -46
98 -60
99 88
100 -89
101 -24
102 66
103 12
104 -87
105 28
106 72
107 -38
108 76
109 -4
110 -45
111 -41
112 -81
113 -86
114 21
115 -96
116 92
117 46
118 -17
119 -64
120 95
121 93
122 24
123 -58
124 72
125 -36
126 -40
127 -97
