0 54
1 32
2 17
3 87
4 10
5 19
6 44
7 90
8 -18
9 14
10 -100
11 26
12 11
13 -78
14 30
15 -84
16 8
17 5
18 48
19 -99
20 -15
21 -94
22 61
23 -52
24 11
25 -72
26 -51
27 86
28 -66
29 -100
30 -30
31 39
32 -29
33 -8
34 99
35 -80
36 -18
37 -68
38 -4
39 16
40 -95
41 -36
42 29
43 -54
44 -45
45 46
46 56
47 82
48 71
49 83
50 73
51 -57
52 27
53 -63
54 73
55 -36
56 -19
57 -57
58 -14
59 37
60 -10
61 -2
62 2
63 73
64 87
65 -28
66 -35
67 15
68 -26
69 70
70 40
71 -52
72 68
73 56
74 93
75 -30
76 -96
77 -37
78 -85
79 -66
80 -44
81 62
82 -8
83 94
84 -36
85 -64
86 61
87 64
88 -65
89 31
90 -83
91 25
92 86
93 -94
94 -96
95 -100
96 -41
97 41
98 -41
99 -92
100 51
101 67
102 -51
103 33
104 5
105 -99
106 -6
107 60
108 -47
109 -85
110 3
111 68
112 -77
113 -29
114 -41
115 18
116 -33
117 89
118 5
119 32
120 20
121 -8
122 84
123 63
124 59
125 -24
126 -2
127 -81
