0 -28
1 -100
2 74
3 89
4 -24
5 7
6 -7
7 99
8 -82
9 -52
10 -31
11 -48
12 16
13 -34
14 -12
15 -36
16 100
17 85
18 82
19 -50
20 -57
21 -90
22 -16
23 -19
24 -43
25 -44
26 -9
27 90
28 -33
29 -51
30 -60
31 -100
32 69
33 80
34 64
35 19
36 71
37 -81
38 27
39 34
40 -4
41 -80
42 71
43 -27
44 32
45 -59
46 -15
47 55
48 -20
49 -5
50 22
51 12
52 29
53 -37
54 -71
55 -84
56 33
57 -6
58 89
59 -6
60 3
61 -76
62 86
63 36
64 27
65 -36
66 21
67 -77
68 25
69 -8
70 -92
71 -8
72 -93
73 98
74 -96
75 -14
76 -27
77 -51
78 -70
79 -3
80 -90
81 94
82 -49
83 -18
84 -86
85 -3
86 59
87 59
88 -12
89 54
90 -23
91 -4
92 37
93 52
94 -6
95 4
96 -20
97 -52
98 63
99 18
100 -18
101 -93
102 -34
103 -52
104 -54
105 75
106 84
107 38
108 -20
109 37
110 -37
111 64
112 -73
113 -23
114 -60
115 -48
116 -12
117 83
118 31
119 64
120 -8
121 -64
122 84
123 -4
124 -43
125 -16
126 59
127 -99
