0 -60
1 60
2 -86
3 63
4 -45
5 -34
6 -38
7 -4
8 58
9 -77
10 -73
11 -95
12 37
13 -50
14 77
15 20
16 67
17 -55
18 -32
19 100
20 23
21 78
22 68
23 49
24 82
25 -11
26 -8
27 77
28 -3
29 44
30 -44
31 45
32 50
33 47
34 -13
35 -89
36 76
37 -35
38 98
39 91
40 13
41 -16
42 -26
43 76
44 61
45 -39
46 79
47 -27
48 85
49 34
50 46
51 47
52 -28
53 67
54 95
55 -96
56 35
57 0
58 -96
59 38
60 -43
61 -55
62 -92
63 -91
64 -32
65 41
66 -7
67 43
68 23
69 11
70 14
71 -4
72 -54
73 -62
74 -38
75 -50
76 5
77 16
78 77
79 65
80 -66
81 -22
82 -93
83 -1
84 -61
85 -72
86 -23
87 17
88 98
89 15
90 99
91 73
92 -18
93 92
94 -26
95 -6
96 -53
97 -54
98 65
99 44
100 69
101 -62
102 82
103 56
104 -82
105 -63
106 78
107 89
108 -43
109 16
110 -50
111 85
112 72
113 -78
114 11
115 -65
116 -84
117 53
118 -1
119 49
120 -38
121 66
122 27
123 47
124 -73
125 96
126 100
127 -52
