0 -86
1 -49
2 40
3 38
4 32
5 -26
6 -95
7 18
8 -10
9 -90
10 -91
11 13
12 -54
13 4
14 65
15 51
16 -2
17 18
18 -17
19 -95
20 98
21 -9
22 52
23 -68
24 25
25 -37
26 55
27 42
28 44
29 -80
30 91
31 79
32 16
33 51
34 99
35 58
36 20
37 -8
38 19
39 -61
40 -67
41 60
42 -70
43 48
44 -100
45 -91
46 -27
47 -17
48 -73
49 -69
50 97
51 47
52 -6
53 -67
54 -34
55 16
56 72
57 99
58 39
59 59
60 53
61 -36
62 -65
63 66
64 -24
65 25
66 -59
67 49
68 -49
69 -40
70 -27
71 -21
72 62
73 7
74 -68
75 68
76 82
77 73
78 15
79 39
80 -11
81 -58
82 -32
83 -55
84 -48
85 50
86 -88
87 91
88 -79
89 51
90 -36
91 42
92 -37
93 -44
94 -70
95 97
96 88
97 -83
98 76
99 -39
100 14
101 -78
102 24
103 63
104 -87
105 -64
106 -8
107 -33
108 99
109 -71
110 -39
111 20
112 -89
113 43
114 -48
115 -54
116 -29
117 84
118 -8
119 -26
120 3
121 -48
122 60
123 -81
124 -70
125 -72
126 -97
127 -77
