0 55
1 54
2 96
3 -55
4 -56
5 19
6 49
7 34
8 12
9 -29
10 -68
11 -88
12 -69
13 -96
14 -66
15 87
16 -35
17 -16
18 -46
19 31
20 93
21 -13
22 -93
23 -87
24 55
25 72
26 80
27 -84
28 -38
29 5
30 -19
31 18
32 -50
33 19
34 8
35 -12
36 58
37 -27
38 48
39 -49
40 46
41 -32
42 2
43 38
44 -94
45 83
46 -39
47 61
48 -62
49 -63
50 -100
51 -60
52 82
53 -97
54 -28
55 -14
56 -55
57 -92
58 53
59 56
60 24
61 5
62 48
63 17
64 40
65 92
66 -52
67 -4
68 0
69 1
70 53
71 71
72 23
73 79
74 27
75 52
76 -79
77 15
78 -21
79 6
80 -21
81 99
82 -6
83 24
84 98
85 -19
86 43
87 -33
88 -44
89 -35
90 55
91 -76
92 -42
93 16
94 29
95 27
96 53
97 58
98 61
99 9
100 78
101 -44
102 79
103 -47
104 15
105 70
106 20
107 24
108 -80
109 -88
110 -99
111 -91
112 -9
113 -77
114 -58
115 -85
116 -14
117 -22
118 97
119 -97
120 -73
121 -18
122 -37
123 -26
124 69
125 -20
126 -17
127 -64
