0 -79
1 -75
2 -75
3 90
4 -4
5 43
6 36
7 -91
8 -95
9 91
10 24
11 6
12 -58
13 -20
14 64
15 -70
16 -9
17 60
18 17
19 -78
20 49
21 4
22 -32
23 -40
24 -56
25 -10
26 -94
27 -61
28 -61
29 6
30 22
31 -64
32 -4
33 -45
34 -62
35 -10
36 92
37 -82
38 -49
39 -30
40 82
41 37
42 84
43 -93
44 10
45 28
46 -50
47 -12
48 -44
49 -89
50 -34
51 -82
52 -53
53 -70
54 53
55 -75
56 -91
57 -49
58 41
59 -11
60 34
61 22
62 -30
63 0
64 55
65 91
66 -19
67 86
68 26
69 -23
70 72
71 -63
72 56
73 60
74 65
75 -36
76 37
77 -64
78 -86
79 4
80 -33
81 -50
82 41
83 23
84 -31
85 -64
86 -88
87 65
88 4
89 74
90 -53
91 -87
92 82
93 91
94 -39
95 8
96 17
97 -85
98 33
99 -98
100 17
101 48
102 -94
103 80
104 26
105 30
106 3
107 8
108 33
109 -16
110 82
111 50
112 -81
113 33
114 24
115 -46
116 -2
117 -13
118 -59
119 100
120 -44
121 79
122 -48
123 3
124 20
125 -39
126 55
127 -81
