0 67
1 65
2 -67
3 13
4 -71
5 -15
6 -42
7 -86
8 87
9 43
10 0
11 -84
12 33
13 -19
14 83
15 -94
16 -20
17 74
18 -42
19 96
20 94
21 33
22 -87
23 -6
24 20
25 -17
26 -67
27 47
28 28
29 -2
30 -29
31 98
32 -93
33 -61
34 1
35 91
36 36
37 63
38 20
39 8
40 -70
41 46
42 30
43 71
44 -38
45 71
46 21
47 51
48 99
49 -26
50 23
51 91
52 12
53 -63
54 10
55 2
56 42
57 65
58 -80
59 -93
60 29
61 -86
62 -41
63 -54
64 86
65 61
66 -71
67 56
68 -92
69 -83
70 -59
71 -2
72 93
73 74
74 -84
75 -66
76 -35
77 -94
78 -81
79 -6
80 57
81 17
82 -32
83 -99
84 -17
85 79
86 43
87 65
88 -90
89 -82
90 31
91 -54
92 -64
93 4
94 -42
95 -84
96 -63
97 67
98 60
99 -96
100 -73
101 9
102 -51
103 -94
104 94
105 -46
106 -29
107 79
108 -81
109 39
110 49
111 45
112 -70
113 9
114 -33
115 47
116 -49
117 54
118 -20
119 -11
120 -51
121 -45
122 71
123 72
124 53
125 34
126 40
127 -11
