0 -26
1 -67
2 -40
3 -96
4 25
5 52
6 82
7 95
8 23
9 88
10 -77
11 70
12 61
13 -49
14 -85
15 7
16 -25
17 60
18 15
19 -71
20 58
21 58
22 -96
23 -53
24 52
25 -100
26 81
27 -62
28 -60
29 -47
30 -51
31 -3
32 -66
33 -38
34 94
35 93
36 51
37 16
38 -91
39 51
40 -6
41 -18
42 48
43 -4
44 -60
45 -5
46 39
47 -47
48 -87
49 12
50 79
51 13
52 48
53 -36
54 82
55 -21
56 -97
57 86
58 -85
59 42
60 53
61 99
62 36
63 14
64 3
65 -55
66 69
67 98
68 63
69 70
70 95
71 -43
72 64
73 41
74 -12
75 90
76 65
77 -21
78 60
79 -42
80 -57
81 -42
82 65
83 50
84 12
85 -60
86 -50
87 -77
88 30
89 -61
90 12
91 -48
92 27
93 37
94 -17
95 16
96 -23
97 -52
98 6
99 6
100 91
101 -76
102 33
103 -54
104 17
105 22
106 -43
107 -65
108 3
109 28
110 -6
111 -63
112 45
113 -90
114 -15
115 -17
116 -27
117 -61
118 35
119 83
120 -21
121 86
122 -39
123 0
124 -13
125 -18
126 100
127 69
128 78
129 73
130 99
131 -77
132 44
133 14
134 -70
135 96
136 62
137 61
138 94
139 94
140 27
141 34
142 -10
143 48
144 -69
145 -97
146 -35
147 65
148 17
149 -63
150 -59
151 21
152 0
153 -10
154 -76
155 -42
156 45
157 10
158 -86
159 77
160 -45
161 47
162 -27
163 -73
164 -86
165 -34
166 67
167 15
168 48
169 -39
170 -55
171 39
172 -54
173 82
174 -52
175 -18
176 80
177 -87
178 28
179 85
180 8
181 56
182 16
183 -28
184 -39
185 35
186 -84
187 12
188 -36
189 -78
190 18
191 -76
192 -15
193 -65
194 57
195 37
196 89
197 85
198 97
199 -20
200 42
201 -10
202 -44
203 96
204 -91
205 9
206 54
207 -84
208 8
209 -35
210 80
211 -39
212 70
213 -49
214 14
215 83
216 90
217 -36
218 -51
219 -58
220 -40
221 93
222 48
223 68
224 48
225 -100
226 -92
227 29
228 -77
229 53
230 -84
231 21
232 -62
233 -13
234 39
235 -4
236 18
237 97
238 -84
239 -41
240 -94
241 -95
242 -99
243 -67
244 -87
245 -83
246 60
247 17
248 -54
249 23
250 -59
251 -42
252 -32
253 37
254 -11
255 38
