0 2
1 -88
2 -31
3 -47
4 100
5 -46
6 8
7 32
8 54
9 -76
10 52
11 -24
12 96
13 83
14 -10
15 -89
16 -82
17 -4
18 -4
19 80
20 -89
21 -20
22 -98
23 -94
24 -21
25 -29
26 -7
27 -41
28 65
29 93
30 -67
31 12
32 -48
33 -70
34 44
35 -46
36 -56
37 8
38 70
39 77
40 4
41 87
42 -47
43 8
44 29
45 -15
46 4
47 25
48 -63
49 -56
50 74
51 0
52 -61
53 0
54 -58
55 59
56 -22
57 70
58 27
59 -86
60 87
61 -45
62 -73
63 52
64 -50
65 -32
66 -97
67 21
68 0
69 76
70 -16
71 -45
72 27
73 -60
74 -72
75 36
76 70
77 -82
78 7
79 -95
80 -83
81 33
82 -100
83 -56
84 -1
85 23
86 39
87 19
88 -48
89 43
90 27
91 66
92 -43
93 27
94 61
95 59
96 -49
97 84
98 37
99 -40
100 -77
101 -93
102 -3
103 36
104 -38
105 14
106 -83
107 4
108 -81
109 -48
110 -75
111 -32
112 -69
113 -64
114 59
115 -16
116 84
117 64
118 -19
119 70
120 -54
121 41
122 -46
123 -21
124 -81
125 69
126 -79
127 -51
128 41
129 -66
130 9
131 -27
132 72
133 -72
134 -86
135 -25
136 -78
137 -93
138 -97
139 24
140 2
141 7
142 -27
143 37
144 37
145 72
146 -58
147 29
148 -28
149 -12
150 -69
151 12
152 -91
153 -70
154 -81
155 -96
156 -68
157 -80
158 -28
159 44
160 -56
161 -29
162 18
163 42
164 -12
165 51
166 78
167 -73
168 55
169 71
170 -64
171 82
172 -83
173 48
174 13
175 -49
176 -62
177 77
178 51
179 63
180 -97
181 -77
182 -60
183 16
184 -58
185 98
186 -25
187 -33
188 56
189 -65
190 -71
191 4
192 -2
193 -36
194 -16
195 25
196 85
197 1
198 -35
199 89
200 -74
201 26
202 -53
203 4
204 -97
205 -98
206 7
207 80
208 48
209 98
210 29
211 -12
212 42
213 -91
214 95
215 54
216 -21
217 -23
218 -45
219 -97
220 65
221 74
222 65
223 -49
224 28
225 -62
226 -5
227 -46
228 90
229 -69
230 -64
231 -15
232 -11
233 47
234 -55
235 -14
236 -33
237 40
238 -10
239 64
240 32
241 -13
242 -89
243 -58
244 55
245 -99
246 29
247 75
248 -70
249 -89
250 -88
251 -24
252 20
253 -35
254 -28
255 -15
