0 85
1 13
2 -93
3 58
4 -11
5 5
6 -53
7 97
8 78
9 89
10 -14
11 -37
12 -8
13 -86
14 -1
15 85
16 -31
17 -84
18 45
19 30
20 -1
21 -88
22 -56
23 52
24 77
25 65
26 -41
27 -78
28 -52
29 30
30 -98
31 -23
32 21
33 -36
34 -27
35 15
36 -48
37 -37
38 53
39 65
40 4
41 -9
42 3
43 -80
44 36
45 27
46 -90
47 -48
48 48
49 93
50 89
51 -37
52 75
53 77
54 -55
55 87
56 -35
57 76
58 -31
59 19
60 81
61 93
62 33
63 4
64 -43
65 -20
66 -97
67 50
68 89
69 -62
70 -90
71 -39
72 97
73 -48
74 -85
75 -71
76 -28
77 -65
78 89
79 -14
80 -53
81 -48
82 9
83 -72
84 -61
85 59
86 -33
87 94
88 -9
89 67
90 48
91 18
92 -29
93 87
94 34
95 -82
96 -74
97 56
98 -3
99 94
100 -38
101 -91
102 86
103 79
104 -40
105 -15
106 95
107 99
108 -100
109 12
110 -45
111 12
112 32
113 18
114 -79
115 24
116 -26
117 -33
118 -25
119 -40
120 -16
121 -46
122 0
123 45
124 36
125 -2
126 86
127 42
128 7
129 14
130 91
131 -44
132 42
133 2
134 -46
135 16
136 -43
137 50
138 54
139 -58
140 -3
141 -62
142 -82
143 -66
144 -25
145 -99
146 79
147 -62
148 -61
149 15
150 -18
151 -69
152 2
153 -20
154 -43
155 85
156 -100
157 -37
158 -84
159 39
160 16
161 -29
162 -97
163 76
164 80
165 -51
166 -16
167 35
168 89
169 -25
170 -83
171 -37
172 49
173 -26
174 70
175 -98
176 -56
177 2
178 10
179 0
180 92
181 72
182 15
183 -30
184 -11
185 -51
186 -29
187 35
188 -77
189 26
190 60
191 -90
192 -83
193 67
194 -97
195 -7
196 -32
197 30
198 -54
199 42
200 -8
201 77
202 32
203 51
204 23
205 -19
206 55
207 -74
208 13
209 -44
210 51
211 -4
212 72
213 42
214 9
215 -81
216 -6
217 94
218 36
219 -52
220 39
221 -48
222 -43
223 69
224 27
225 -79
226 74
227 2
228 55
229 -83
230 -91
231 -4
232 -61
233 -28
234 57
235 -88
236 26
237 96
238 -71
239 62
240 -32
241 -27
242 83
243 -56
244 0
245 -31
246 91
247 -10
248 -34
249 31
250 49
251 -63
252 99
253 -70
254 -7
255 -4
