0 8
1 68
2 -55
3 41
4 -45
5 30
6 -8
7 -85
8 -11
9 -98
10 -60
11 97
12 94
13 -81
14 -23
15 44
16 -31
17 -54
18 -28
19 -27
20 -7
21 50
22 100
23 33
24 76
25 44
26 -41
27 -13
28 66
29 -16
30 -93
31 5
32 -64
33 39
34 -5
35 -80
36 14
37 68
38 24
39 26
40 -18
41 13
42 77
43 -51
44 61
45 -47
46 80
47 -94
48 54
49 22
50 -78
51 -28
52 87
53 21
54 98
55 40
56 11
57 -8
58 -60
59 -89
60 -76
61 -5
62 35
63 -99
64 59
65 76
66 77
67 -72
68 -26
69 -94
70 43
71 -7
72 4
73 -11
74 50
75 -61
76 -73
77 72
78 41
79 -31
80 18
81 68
82 -58
83 75
84 -10
85 47
86 -66
87 -86
88 94
89 84
90 26
91 -88
92 -25
93 28
94 -2
95 91
96 -76
97 81
98 -48
99 -33
100 48
101 85
102 75
103 72
104 -56
105 -81
106 96
107 93
108 -92
109 -24
110 -91
111 -13
112 6
113 -81
114 -61
115 -60
116 91
117 -99
118 -65
119 -53
120 98
121 97
122 -28
123 -16
124 -39
125 -89
126 -99
127 49
128 58
129 83
130 -13
131 40
132 25
133 -13
134 -55
135 -38
136 56
137 -73
138 -14
139 -14
140 47
141 21
142 42
143 -36
144 80
145 62
146 -80
147 7
148 -13
149 47
150 -4
151 -90
152 28
153 -61
154 86
155 -91
156 86
157 50
158 -55
159 -56
160 69
161 -97
162 -34
163 -45
164 74
165 -63
166 -85
167 -24
168 -20
169 18
170 -77
171 -90
172 87
173 96
174 81
175 4
176 -63
177 21
178 -7
179 46
180 -1
181 2
182 -17
183 18
184 61
185 -21
186 28
187 6
188 63
189 -25
190 -1
191 -24
192 -14
193 83
194 -30
195 -27
196 27
197 30
198 -49
199 -39
200 -85
201 75
202 -33
203 28
204 69
205 80
206 26
207 -40
208 27
209 -67
210 -99
211 57
212 19
213 -3
214 88
215 4
216 94
217 -87
218 5
219 70
220 -64
221 100
222 14
223 -1
224 50
225 97
226 -29
227 -19
228 -75
229 67
230 23
231 58
232 -22
233 -46
234 -15
235 34
236 -23
237 -72
238 89
239 -67
240 84
241 29
242 84
243 76
244 53
245 -91
246 -2
247 -29
248 -53
249 9
250 8
251 -49
252 54
253 -80
254 48
255 76
