0 29
1 -40
2 -84
3 55
4 -94
5 14
6 -72
7 51
8 37
9 60
10 -7
11 -48
12 -35
13 -65
14 -33
15 -13
16 68
17 -30
18 -44
19 -1
20 75
21 37
22 -71
23 69
24 -95
25 89
26 -88
27 75
28 70
29 -31
30 -52
31 -83
32 -31
33 20
34 35
35 -22
36 -37
37 -68
38 -64
39 53
40 0
41 29
42 44
43 38
44 -67
45 -81
46 88
47 -20
48 -71
49 35
50 96
51 42
52 -47
53 -15
54 -71
55 23
56 -21
57 83
58 98
59 6
60 -54
61 -74
62 -88
63 59
64 -38
65 -18
66 43
67 -36
68 -1
69 -48
70 76
71 84
72 34
73 -77
74 -73
75 7
76 -26
77 24
78 -2
79 99
80 18
81 -44
82 -78
83 -86
84 84
85 -20
86 -95
87 44
88 93
89 7
90 -44
91 70
92 54
93 -54
94 -31
95 91
96 -77
97 -15
98 -26
99 0
100 -51
101 -33
102 -4
103 -46
104 -4
105 -3
106 58
107 -24
108 35
109 32
110 36
111 -65
112 -87
113 20
114 22
115 9
116 83
117 12
118 -9
119 -18
120 -36
121 -50
122 -66
123 46
124 -61
125 -69
126 19
127 3
128 -20
129 -56
130 15
131 92
132 -49
133 -27
134 -8
135 58
136 65
137 -3
138 -3
139 -12
140 -4
141 15
142 -4
143 -59
144 42
145 99
146 11
147 -24
148 10
149 63
150 92
151 9
152 -39
153 76
154 74
155 -62
156 64
157 39
158 -12
159 -85
160 -79
161 46
162 54
163 34
164 55
165 36
166 48
167 0
168 -50
169 9
170 81
171 51
172 47
173 75
174 54
175 83
176 36
177 2
178 -99
179 -93
180 -94
181 -12
182 -93
183 25
184 2
185 -95
186 -36
187 57
188 37
189 40
190 69
191 5
192 -90
193 58
194 -33
195 26
196 -58
197 -72
198 52
199 -6
200 -60
201 50
202 -68
203 -88
204 -78
205 -18
206 -76
207 18
208 -16
209 -71
210 54
211 -75
212 -63
213 -66
214 40
215 22
216 57
217 -98
218 -16
219 82
220 23
221 -27
222 -49
223 -62
224 37
225 56
226 60
227 -28
228 51
229 -46
230 -77
231 58
232 63
233 -56
234 -68
235 -83
236 50
237 -47
238 -40
239 -87
240 57
241 -81
242 45
243 -69
244 50
245 -52
246 38
247 -45
248 -57
249 60
250 68
251 82
252 -5
253 90
254 18
255 -72
