0 72
1 60
2 55
3 -78
4 71
5 90
6 -25
7 -73
8 10
9 -87
10 59
11 5
12 -73
13 -27
14 83
15 56
16 43
17 18
18 -51
19 -72
20 -46
21 52
22 -24
23 21
24 -86
25 -41
26 69
27 -86
28 22
29 -84
30 -83
31 -55
32 26
33 -39
34 55
35 -84
36 72
37 7
38 82
39 -74
40 66
41 -52
42 -7
43 27
44 -21
45 -76
46 -65
47 -92
48 70
49 30
50 -48
51 -40
52 -70
53 -13
54 -58
55 -80
56 80
57 -66
58 93
59 -63
60 78
61 90
62 40
63 88
64 -87
65 -17
66 63
67 -89
68 -69
69 94
70 -9
71 -40
72 -95
73 80
74 -31
75 38
76 -51
77 5
78 100
79 -76
80 36
81 -6
82 11
83 -10
84 -18
85 -69
86 52
87 -49
88 88
89 -50
90 -78
91 85
92 65
93 -28
94 75
95 -49
96 97
97 -14
98 -89
99 -23
100 33
101 72
102 -72
103 -13
104 -37
105 -85
106 33
107 -83
108 88
109 -89
110 6
111 42
112 45
113 -46
114 44
115 12
116 95
117 86
118 53
119 -44
120 -99
121 -83
122 -21
123 36
124 12
125 88
126 -30
127 93
128 66
129 -27
130 -10
131 -23
132 -67
133 -47
134 10
135 42
136 46
137 -87
138 -92
139 98
140 -77
141 15
142 19
143 40
144 12
145 10
146 -43
147 -67
148 -9
149 9
150 -56
151 -86
152 57
153 -30
154 99
155 -51
156 38
157 -82
158 -62
159 -60
160 50
161 -73
162 23
163 39
164 76
165 -53
166 18
167 -1
168 -23
169 -66
170 42
171 -63
172 -22
173 -77
174 47
175 92
176 53
177 -39
178 84
179 -53
180 25
181 -46
182 50
183 -4
184 3
185 -58
186 -72
187 -21
188 -27
189 49
190 -62
191 88
192 47
193 -15
194 33
195 75
196 46
197 -6
198 -20
199 7
200 31
201 36
202 -47
203 -60
204 -15
205 -97
206 83
207 49
208 -44
209 -91
210 36
211 -87
212 -26
213 19
214 -3
215 -20
216 21
217 57
218 -3
219 -41
220 32
221 -76
222 96
223 21
224 74
225 33
226 74
227 31
228 -46
229 -23
230 -57
231 -85
232 -35
233 23
234 62
235 26
236 -35
237 78
238 -59
239 57
240 -75
241 17
242 -39
243 22
244 -2
245 69
246 -81
247 74
248 -90
249 -70
250 -98
251 35
252 -17
253 69
254 1
255 -40
