0 -60
1 -33
2 64
3 17
4 39
5 -75
6 -11
7 1
8 -36
9 53
10 -7
11 11
12 -96
13 97
14 42
15 59
16 58
17 -27
18 -99
19 82
20 -33
21 52
22 -86
23 28
24 63
25 -30
26 75
27 -67
28 -37
29 42
30 94
31 -74
32 34
33 -55
34 86
35 98
36 86
37 59
38 -14
39 -80
40 -93
41 -9
42 100
43 -47
44 -27
45 19
46 -44
47 -96
48 -39
49 -74
50 -6
51 89
52 -17
53 14
54 -13
55 21
56 92
57 66
58 17
59 25
60 76
61 38
62 -23
63 -50
64 13
65 56
66 62
67 -97
68 37
69 -74
70 39
71 88
72 -40
73 20
74 -76
75 8
76 1
77 -56
78 -87
79 72
80 -21
81 -93
82 -67
83 -11
84 2
85 46
86 47
87 2
88 -31
89 -71
90 -58
91 -67
92 -47
93 12
94 -29
95 -36
96 -25
97 23
98 -54
99 -36
100 10
101 -5
102 71
103 43
104 -83
105 98
106 74
107 83
108 -97
109 -16
110 91
111 -4
112 94
113 53
114 6
115 -35
116 41
117 -8
118 -15
119 38
120 97
121 12
122 21
123 -7
124 47
125 -32
126 70
127 -29
128 15
129 -42
130 7
131 80
132 -89
133 71
134 -81
135 23
136 78
137 83
138 -72
139 23
140 -16
141 -8
142 -55
143 -36
144 -65
145 -70
146 32
147 54
148 -71
149 -56
150 9
151 -45
152 44
153 -34
154 64
155 83
156 56
157 38
158 85
159 -33
160 -24
161 67
162 95
163 87
164 64
165 -53
166 -39
167 40
168 76
169 -73
170 -75
171 -37
172 88
173 82
174 -60
175 54
176 77
177 69
178 50
179 76
180 -75
181 51
182 -7
183 26
184 20
185 -7
186 -70
187 -43
188 -33
189 37
190 -25
191 97
192 -77
193 85
194 46
195 46
196 44
197 32
198 95
199 72
200 57
201 0
202 -49
203 12
204 -30
205 -94
206 -99
207 -5
208 -51
209 -100
210 44
211 47
212 -18
213 -23
214 100
215 76
216 -16
217 -17
218 -17
219 -39
220 52
221 14
222 33
223 66
224 -21
225 25
226 -82
227 85
228 -70
229 -87
230 39
231 86
232 -19
233 4
234 96
235 -17
236 -48
237 18
238 -21
239 41
240 63
241 -9
242 -74
243 46
244 12
245 -71
246 -78
247 86
248 -14
249 -89
250 62
251 13
252 -24
253 99
254 83
255 -72
