0 6
1 -74
2 -80
3 33
4 -93
5 96
6 25
7 -81
8 71
9 42
10 -18
11 -56
12 77
13 -31
14 -93
15 62
16 -90
17 40
18 35
19 -66
20 -54
21 -99
22 -82
23 -40
24 23
25 7
26 -73
27 54
28 -6
29 62
30 -81
31 -57
32 -26
33 -69
34 -4
35 54
36 -42
37 51
38 -36
39 -60
40 -38
41 57
42 33
43 42
44 -36
45 73
46 87
47 67
48 35
49 71
50 -6
51 -63
52 81
53 -6
54 74
55 15
56 -49
57 99
58 -51
59 88
60 -74
61 0
62 5
63 36
64 93
65 52
66 -17
67 12
68 34
69 -3
70 27
71 99
72 -43
73 -96
74 5
75 -2
76 -13
77 74
78 -71
79 -65
80 -69
81 76
82 -77
83 -15
84 -79
85 34
86 -95
87 -39
88 -77
89 -1
90 -74
91 46
92 -90
93 -91
94 32
95 -45
96 -47
97 -81
98 -93
99 -43
100 96
101 -52
102 -39
103 0
104 59
105 -17
106 -52
107 0
108 100
109 -36
110 91
111 -10
112 47
113 19
114 6
115 -80
116 -95
117 98
118 50
119 39
120 53
121 77
122 77
123 -50
124 45
125 -73
126 -89
127 60
128 -17
129 -73
130 34
131 85
132 -92
133 88
134 -63
135 2
136 19
137 -65
138 -5
139 -56
140 -22
141 77
142 -39
143 -70
144 -24
145 -30
146 -44
147 94
148 80
149 -26
150 -27
151 -16
152 21
153 -25
154 80
155 -41
156 46
157 73
158 -24
159 -36
160 45
161 100
162 -53
163 -43
164 -62
165 -37
166 -38
167 43
168 -18
169 53
170 -38
171 63
172 -80
173 -11
174 -57
175 -100
176 58
177 -21
178 68
179 -99
180 53
181 -88
182 56
183 -1
184 90
185 26
186 -65
187 62
188 67
189 -90
190 26
191 40
192 68
193 96
194 -53
195 74
196 54
197 -77
198 60
199 21
200 -58
201 -64
202 -84
203 -64
204 -94
205 -21
206 70
207 -41
208 -17
209 49
210 -8
211 -46
212 -68
213 -77
214 -86
215 -77
216 35
217 -49
218 46
219 48
220 12
221 18
222 -78
223 12
224 -82
225 100
226 100
227 10
228 -53
229 -5
230 71
231 -72
232 -52
233 4
234 93
235 40
236 -90
237 -65
238 -50
239 83
240 -71
241 1
242 -33
243 -59
244 -50
245 -63
246 60
247 29
248 -99
249 -23
250 16
251 -79
252 76
253 9
254 1
255 30
