0 31
1 42
2 8
3 52
4 77
5 -53
6 35
7 -12
8 -25
9 12
10 -64
11 -49
12 41
13 45
14 31
15 -92
16 -96
17 -82
18 -80
19 -41
20 -28
21 13
22 -100
23 5
24 -14
25 44
26 0
27 -81
28 -3
29 0
30 23
31 7
32 51
33 7
34 -13
35 -25
36 48
37 -33
38 -35
39 -79
40 -36
41 -73
42 -50
43 -7
44 -14
45 -35
46 -23
47 -71
48 51
49 -7
50 5
51 3
52 -45
53 52
54 49
55 70
56 34
57 90
58 8
59 2
60 -91
61 30
62 -100
63 -43
64 -93
65 32
66 -11
67 31
68 75
69 15
70 -38
71 87
72 -32
73 -90
74 -62
75 13
76 8
77 6
78 -72
79 -82
80 12
81 -4
82 -92
83 11
84 93
85 -69
86 80
87 38
88 9
89 -26
90 -5
91 36
92 16
93 -87
94 60
95 -51
96 -71
97 -35
98 85
99 19
100 30
101 94
102 -75
103 -93
104 -55
105 98
106 -35
107 -12
108 -88
109 1
110 81
111 51
112 -90
113 61
114 48
115 57
116 43
117 -52
118 61
119 81
120 55
121 10
122 64
123 100
124 2
125 83
126 6
127 -57
128 -50
129 -38
130 84
131 20
132 -21
133 67
134 99
135 53
136 99
137 -17
138 -90
139 79
140 31
141 56
142 -30
143 -9
144 68
145 18
146 40
147 -42
148 29
149 -44
150 10
151 -5
152 -93
153 97
154 31
155 -22
156 56
157 -36
158 -95
159 -42
160 74
161 -99
162 68
163 -31
164 -91
165 47
166 45
167 -49
168 29
169 -95
170 -50
171 2
172 38
173 24
174 33
175 -71
176 -90
177 -1
178 12
179 36
180 61
181 -48
182 89
183 -71
184 94
185 91
186 27
187 -70
188 10
189 27
190 10
191 8
192 -35
193 88
194 -14
195 45
196 -3
197 -83
198 -88
199 62
200 -40
201 3
202 44
203 0
204 -1
205 85
206 -54
207 -38
208 50
209 -28
210 95
211 87
212 95
213 16
214 -79
215 6
216 -26
217 25
218 63
219 63
220 93
221 89
222 49
223 -56
224 43
225 -18
226 99
227 -79
228 43
229 63
230 8
231 -28
232 -61
233 -59
234 -75
235 24
236 -80
237 43
238 -67
239 -12
240 -82
241 88
242 78
243 -94
244 67
245 30
246 -70
247 -76
248 26
249 -20
250 -81
251 -73
252 84
253 46
254 -72
255 36
