0 -40
1 28
2 -14
3 67
4 -33
5 24
6 -39
7 40
8 -28
9 -46
10 -59
11 56
12 -83
13 -5
14 -73
15 72
16 -65
17 60
18 -98
19 -32
20 92
21 -81
22 11
23 -89
24 -82
25 19
26 -65
27 98
28 28
29 -89
30 80
31 94
32 88
33 -64
34 -26
35 62
36 -23
37 -65
38 -30
39 61
40 -89
41 49
42 71
43 52
44 -63
45 -78
46 -37
47 63
48 70
49 -92
50 -40
51 27
52 -48
53 58
54 -18
55 28
56 -16
57 21
58 95
59 75
60 25
61 -7
62 -44
63 56
64 12
65 -58
66 38
67 2
68 -18
69 -63
70 7
71 27
72 3
73 -38
74 43
75 60
76 52
77 27
78 -77
79 15
80 -36
81 -13
82 59
83 -13
84 -82
85 14
86 -77
87 -81
88 -14
89 73
90 -27
91 35
92 -36
93 -10
94 66
95 -39
96 -92
97 -96
98 92
99 13
100 -62
101 -58
102 -84
103 29
104 -92
105 42
106 72
107 95
108 64
109 6
110 -49
111 86
112 -47
113 -51
114 -43
115 -53
116 -39
117 -98
118 -5
119 -67
120 0
121 -91
122 73
123 59
124 -10
125 57
126 77
127 -4
128 -57
129 71
130 24
131 26
132 54
133 72
134 12
135 65
136 -62
137 90
138 20
139 -30
140 66
141 26
142 -13
143 48
144 92
145 -25
146 59
147 -56
148 35
149 27
150 -2
151 17
152 55
153 96
154 71
155 71
156 -28
157 -15
158 18
159 72
160 91
161 59
162 34
163 -5
164 54
165 -6
166 -57
167 71
168 60
169 60
170 -49
171 36
172 90
173 43
174 -49
175 -75
176 -48
177 21
178 88
179 -5
180 -65
181 -11
182 -30
183 6
184 -42
185 33
186 -75
187 -98
188 86
189 30
190 -63
191 -69
192 89
193 43
194 22
195 4
196 -29
197 -28
198 64
199 -25
200 -7
201 64
202 11
203 58
204 60
205 24
206 43
207 61
208 36
209 -73
210 -98
211 -4
212 -83
213 -13
214 87
215 -8
216 43
217 93
218 88
219 -58
220 -26
221 92
222 -19
223 -6
224 -95
225 -21
226 -18
227 -39
228 -45
229 -64
230 6
231 -6
232 -100
233 34
234 34
235 -12
236 -98
237 -52
238 99
239 -4
240 19
241 72
242 31
243 24
244 13
245 24
246 36
247 33
248 -38
249 -36
250 -56
251 -27
252 50
253 61
254 -38
255 -100
