0 93
1 -59
2 61
3 -19
4 22
5 41
6 -10
7 71
8 71
9 -49
10 36
11 51
12 54
13 4
14 8
15 77
16 -68
17 100
18 -52
19 -7
20 11
21 12
22 93
23 -64
24 -55
25 -47
26 96
27 -84
28 60
29 82
30 -52
31 69
32 15
33 -29
34 -2
35 96
36 14
37 -20
38 24
39 -86
40 51
41 88
42 73
43 93
44 -89
45 20
46 -21
47 41
48 28
49 33
50 34
51 17
52 39
53 44
54 19
55 11
56 -93
57 70
58 99
59 -10
60 99
61 -54
62 -41
63 -97
64 -15
65 7
66 67
67 51
68 75
69 13
70 30
71 -37
72 46
73 63
74 -16
75 -45
76 -28
77 84
78 -31
79 40
80 95
81 -59
82 60
83 -68
84 61
85 -71
86 -75
87 -29
88 -62
89 -29
90 58
91 -29
92 -44
93 -10
94 -63
95 78
96 -39
97 -12
98 15
99 66
100 78
101 13
102 91
103 10
104 -20
105 -51
106 18
107 -98
108 95
109 66
110 -24
111 -33
112 -36
113 27
114 35
115 -80
116 -4
117 -11
118 -73
119 14
120 75
121 -37
122 -9
123 -26
124 50
125 73
126 -82
127 62
128 -44
129 -39
130 -79
131 63
132 1
133 96
134 75
135 -40
136 -68
137 84
138 -72
139 100
140 -8
141 36
142 72
143 29
144 39
145 0
146 25
147 8
148 60
149 -82
150 -45
151 -15
152 58
153 -93
154 -60
155 -58
156 25
157 -33
158 5
159 38
160 9
161 1
162 81
163 65
164 94
165 100
166 -19
167 85
168 90
169 -29
170 22
171 -1
172 1
173 19
174 34
175 66
176 -100
177 -32
178 -71
179 4
180 -20
181 66
182 27
183 33
184 -88
185 9
186 35
187 25
188 -65
189 -28
190 -39
191 -2
192 21
193 -3
194 -2
195 51
196 -6
197 -73
198 80
199 -50
200 -96
201 -80
202 84
203 -78
204 74
205 -87
206 95
207 93
208 32
209 -47
210 -3
211 -12
212 -100
213 -14
214 58
215 34
216 -36
217 20
218 -6
219 -42
220 21
221 -26
222 96
223 22
224 -84
225 68
226 -31
227 -96
228 94
229 -91
230 -24
231 7
232 49
233 -8
234 21
235 62
236 -96
237 60
238 72
239 58
240 -48
241 -89
242 -32
243 -87
244 -57
245 -94
246 29
247 31
248 -13
249 -19
250 -41
251 25
252 -52
253 -21
254 -21
255 -62
