0 -39
1 -41
2 63
3 11
4 93
5 82
6 17
7 -98
8 -11
9 -73
10 34
11 99
12 12
13 90
14 -79
15 83
16 -9
17 98
18 74
19 99
20 -80
21 49
22 -25
23 33
24 62
25 -71
26 -53
27 -78
28 -20
29 -29
30 -50
31 76
32 -73
33 23
34 -50
35 34
36 51
37 33
38 79
39 -37
40 6
41 -86
42 25
43 -31
44 -83
45 -68
46 13
47 -41
48 44
49 4
50 39
51 -73
52 92
53 -69
54 -32
55 -4
56 93
57 62
58 -98
59 16
60 -54
61 -62
62 66
63 -66
64 -48
65 -79
66 -80
67 17
68 -43
69 18
70 -76
71 21
72 84
73 98
74 -15
75 -98
76 70
77 26
78 -18
79 26
80 -87
81 6
82 47
83 -27
84 -32
85 28
86 -73
87 -5
88 27
89 6
90 -94
91 -6
92 -85
93 52
94 -26
95 -14
96 31
97 39
98 -11
99 64
100 33
101 22
102 -92
103 89
104 77
105 71
106 24
107 -75
108 -45
109 -19
110 57
111 36
112 -5
113 11
114 87
115 -7
116 57
117 69
118 -32
119 9
120 74
121 -41
122 -91
123 -55
124 71
125 79
126 -54
127 -29
128 3
129 41
130 -49
131 100
132 32
133 63
134 39
135 -8
136 -83
137 41
138 87
139 -99
140 -31
141 30
142 92
143 -57
144 -72
145 -9
146 -99
147 -94
148 64
149 15
150 -71
151 20
152 55
153 33
154 38
155 -29
156 -25
157 53
158 92
159 -13
160 82
161 21
162 97
163 -87
164 1
165 -89
166 -24
167 25
168 -91
169 67
170 -77
171 46
172 -28
173 61
174 63
175 -31
176 -87
177 89
178 82
179 27
180 -16
181 -75
182 90
183 -15
184 87
185 -83
186 40
187 -36
188 36
189 -67
190 0
191 -90
192 40
193 -62
194 -85
195 16
196 27
197 51
198 -68
199 12
200 23
201 -37
202 -29
203 -58
204 96
205 80
206 -2
207 18
208 -70
209 22
210 19
211 42
212 52
213 99
214 97
215 -86
216 81
217 -99
218 -6
219 -42
220 25
221 -25
222 -16
223 72
224 10
225 30
226 -23
227 65
228 -58
229 55
230 30
231 -41
232 -73
233 -60
234 -15
235 55
236 25
237 52
238 35
239 50
240 -29
241 -80
242 69
243 90
244 -54
245 30
246 62
247 -57
248 -15
249 -19
250 -72
251 -3
252 -21
253 90
254 -85
255 86
256 -74
257 -68
258 -48
259 -86
260 100
261 -57
262 -33
263 -68
264 -35
265 72
266 -70
267 -23
268 -80
269 -11
270 50
271 54
272 -52
273 -41
274 62
275 81
276 -82
277 99
278 58
279 47
280 88
281 36
282 17
283 -5
284 -12
285 44
286 52
287 -76
288 -63
289 -21
290 39
291 -74
292 0
293 37
294 64
295 -34
296 16
297 -53
298 -13
299 21
300 -100
301 12
302 32
303 -34
304 7
305 1
306 99
307 -94
308 88
309 -19
310 -83
311 70
312 48
313 70
314 -13
315 -74
316 47
317 91
318 52
319 -64
320 57
321 -53
322 -50
323 -7
324 56
325 86
326 -12
327 95
328 16
329 -64
330 -71
331 -57
332 -51
333 -31
334 -83
335 47
336 46
337 78
338 13
339 -99
340 -29
341 -63
342 -11
343 -84
344 -47
345 36
346 -28
347 -91
348 -76
349 18
350 -17
351 56
352 74
353 55
354 58
355 -4
356 -17
357 14
358 64
359 30
360 20
361 38
362 18
363 -21
364 -6
365 -85
366 -15
367 -14
368 -43
369 -86
370 -20
371 -59
372 -80
373 -86
374 -92
375 38
376 -64
377 -72
378 28
379 70
380 -53
381 -53
382 -93
383 -52
384 -100
385 47
386 -18
387 28
388 88
389 -19
390 -34
391 94
392 -43
393 -12
394 -84
395 63
396 99
397 24
398 -49
399 60
400 -11
401 -53
402 6
403 -78
404 -33
405 -49
406 -97
407 73
408 -27
409 89
410 -44
411 -57
412 -73
413 40
414 -26
415 -81
416 11
417 38
418 -15
419 33
420 -54
421 54
422 -91
423 68
424 -10
425 -13
426 -19
427 -2
428 70
429 20
430 35
431 26
432 -84
433 -69
434 -40
435 -95
436 -74
437 -82
438 -53
439 -59
440 27
441 11
442 67
443 -72
444 63
445 -92
446 50
447 -31
448 -79
449 -17
450 -84
451 -84
452 39
453 -94
454 -75
455 -3
456 19
457 28
458 -70
459 8
460 -46
461 81
462 14
463 48
464 28
465 97
466 -27
467 -89
468 -85
469 89
470 -70
471 -15
472 28
473 45
474 63
475 48
476 -4
477 -62
478 5
479 57
480 21
481 14
482 -7
483 -10
484 54
485 93
486 18
487 39
488 32
489 99
490 2
491 32
492 -51
493 88
494 45
495 21
496 -76
497 4
498 74
499 95
500 82
501 6
502 22
503 59
504 2
505 -28
506 -93
507 -79
508 -100
509 100
510 -42
511 -67
