0 -9
1 14
2 60
3 -12
4 -59
5 -81
6 68
7 -88
8 -92
9 30
10 74
11 93
12 73
13 -97
14 -87
15 -41
16 62
17 -61
18 77
19 -7
20 1
21 -32
22 -25
23 -74
24 -6
25 22
26 -64
27 59
28 5
29 -64
30 9
31 11
32 11
33 29
34 33
35 -42
36 -33
37 9
38 -6
39 1
40 49
41 20
42 40
43 60
44 97
45 -81
46 64
47 19
48 72
49 -60
50 12
51 -56
52 -61
53 -80
54 89
55 68
56 45
57 -73
58 47
59 26
60 -18
61 -99
62 -69
63 1
64 -71
65 -78
66 -32
67 75
68 -1
69 -72
70 -21
71 51
72 -63
73 -33
74 84
75 59
76 -77
77 -55
78 0
79 -100
80 -9
81 19
82 69
83 -99
84 76
85 27
86 -31
87 -5
88 98
89 85
90 1
91 -65
92 -15
93 -23
94 0
95 26
96 -16
97 -22
98 65
99 -25
100 85
101 -37
102 4
103 56
104 3
105 4
106 -71
107 16
108 -57
109 75
110 -28
111 59
112 -15
113 100
114 -2
115 -59
116 -37
117 -46
118 -19
119 -72
120 70
121 -40
122 72
123 54
124 -59
125 94
126 -17
127 -95
128 2
129 77
130 -64
131 87
132 -68
133 80
134 -82
135 -71
136 -45
137 20
138 -26
139 -54
140 -7
141 31
142 26
143 -98
144 -52
145 77
146 -82
147 52
148 -69
149 -99
150 -48
151 44
152 89
153 -81
154 -70
155 47
156 -33
157 -65
158 -33
159 -99
160 -25
161 38
162 49
163 -36
164 29
165 -9
166 58
167 -65
168 46
169 8
170 -54
171 61
172 77
173 -3
174 19
175 76
176 20
177 85
178 -16
179 20
180 -19
181 -11
182 74
183 48
184 -80
185 99
186 -71
187 47
188 94
189 -42
190 -41
191 38
192 -35
193 59
194 77
195 -64
196 44
197 26
198 -53
199 -92
200 8
201 -7
202 60
203 -83
204 58
205 -93
206 6
207 -34
208 -88
209 19
210 -78
211 -46
212 -48
213 88
214 71
215 42
216 12
217 2
218 -40
219 -14
220 18
221 89
222 60
223 100
224 -65
225 47
226 20
227 82
228 -35
229 -81
230 -60
231 92
232 -78
233 57
234 69
235 -30
236 -39
237 -30
238 -22
239 32
240 -16
241 33
242 28
243 6
244 94
245 3
246 31
247 5
248 77
249 3
250 -8
251 -38
252 34
253 58
254 -90
255 80
256 -88
257 -58
258 -26
259 -56
260 -45
261 -76
262 67
263 -29
264 -13
265 -20
266 35
267 3
268 -51
269 -55
270 -98
271 -89
272 25
273 88
274 -72
275 18
276 -98
277 -86
278 94
279 -56
280 36
281 79
282 95
283 -19
284 -44
285 100
286 -14
287 -21
288 1
289 74
290 -26
291 85
292 -43
293 69
294 68
295 -53
296 -17
297 -3
298 -68
299 -1
300 -45
301 -15
302 -24
303 85
304 88
305 -50
306 81
307 -18
308 -59
309 57
310 81
311 2
312 54
313 1
314 -94
315 23
316 21
317 -31
318 -59
319 97
320 -61
321 72
322 -61
323 27
324 -5
325 -50
326 -79
327 69
328 -89
329 -75
330 73
331 14
332 32
333 7
334 -83
335 30
336 -80
337 10
338 -54
339 -68
340 -72
341 93
342 -57
343 91
344 59
345 54
346 19
347 -59
348 -78
349 -41
350 17
351 -33
352 -63
353 -49
354 -9
355 -16
356 -11
357 -94
358 97
359 15
360 28
361 -82
362 -50
363 7
364 30
365 -90
366 81
367 -21
368 42
369 55
370 51
371 -13
372 -72
373 -92
374 52
375 -87
376 12
377 98
378 15
379 -2
380 38
381 -98
382 56
383 48
384 -57
385 -43
386 46
387 89
388 -41
389 -61
390 -100
391 -65
392 -1
393 45
394 -89
395 -6
396 93
397 -97
398 -69
399 -80
400 -62
401 35
402 86
403 -88
404 38
405 -56
406 -9
407 2
408 52
409 -15
410 -100
411 -26
412 51
413 67
414 -61
415 -3
416 67
417 -48
418 57
419 -35
420 -94
421 95
422 -22
423 -40
424 -12
425 -20
426 65
427 -22
428 -33
429 96
430 -5
431 -96
432 57
433 -46
434 15
435 66
436 5
437 29
438 -76
439 -11
440 -59
441 -92
442 15
443 -17
444 -13
445 -71
446 29
447 7
448 -89
449 -48
450 -98
451 -30
452 93
453 -84
454 57
455 -44
456 8
457 87
458 38
459 -98
460 65
461 17
462 91
463 -74
464 88
465 51
466 64
467 -31
468 92
469 2
470 -14
471 -67
472 88
473 52
474 42
475 64
476 -70
477 -38
478 -68
479 68
480 36
481 4
482 21
483 79
484 2
485 -4
486 52
487 -10
488 -100
489 -52
490 73
491 24
492 -68
493 -20
494 79
495 43
496 28
497 -79
498 63
499 -95
500 27
501 20
502 44
503 71
504 44
505 -44
506 94
507 74
508 36
509 90
510 -74
511 78
