0 -54
1 -19
2 -71
3 15
4 9
5 77
6 -2
7 58
8 28
9 95
10 82
11 -6
12 95
13 -71
14 -59
15 -77
16 5
17 76
18 34
19 65
20 31
21 30
22 -38
23 42
24 -25
25 -85
26 -67
27 -71
28 66
29 -93
30 26
31 99
32 31
33 25
34 59
35 -55
36 37
37 45
38 -13
39 83
40 92
41 -58
42 19
43 -69
44 -10
45 75
46 20
47 -57
48 -11
49 -6
50 15
51 -37
52 -3
53 -66
54 -43
55 54
56 34
57 31
58 56
59 71
60 -97
61 -79
62 99
63 -60
64 -40
65 -1
66 -96
67 39
68 -96
69 58
70 -67
71 -64
72 65
73 87
74 69
75 -65
76 18
77 -24
78 34
79 14
80 28
81 -95
82 61
83 73
84 82
85 40
86 -19
87 -85
88 51
89 -91
90 83
91 -22
92 -7
93 -66
94 73
95 -95
96 39
97 -88
98 -66
99 -95
100 100
101 -8
102 48
103 -62
104 99
105 95
106 -87
107 97
108 -27
109 -17
110 81
111 -63
112 -49
113 56
114 23
115 52
116 82
117 84
118 -56
119 -13
120 53
121 -25
122 -67
123 66
124 -47
125 28
126 16
127 -91
128 74
129 57
130 34
131 -21
132 -1
133 43
134 44
135 -64
136 72
137 6
138 -87
139 -66
140 44
141 -34
142 -33
143 -60
144 26
145 -73
146 -45
147 -42
148 -19
149 -98
150 -23
151 -40
152 -61
153 -98
154 -63
155 83
156 59
157 -96
158 -41
159 -80
160 -98
161 -81
162 81
163 68
164 -93
165 -75
166 -18
167 12
168 18
169 -39
170 16
171 -97
172 -9
173 44
174 3
175 85
176 -86
177 -13
178 64
179 -8
180 -8
181 56
182 -70
183 -62
184 85
185 -64
186 82
187 -85
188 77
189 -27
190 -10
191 80
192 68
193 -94
194 65
195 37
196 -7
197 -49
198 -3
199 3
200 -77
201 -89
202 -50
203 84
204 96
205 10
206 84
207 42
208 7
209 -27
210 5
211 -78
212 36
213 15
214 49
215 -84
216 -13
217 55
218 -35
219 -52
220 7
221 74
222 -31
223 57
224 -56
225 -12
226 0
227 2
228 16
229 71
230 16
231 49
232 -28
233 0
234 -35
235 26
236 93
237 -66
238 87
239 -56
240 -12
241 35
242 85
243 91
244 80
245 -44
246 39
247 98
248 -37
249 -10
250 0
251 -46
252 -23
253 20
254 -11
255 -32
256 48
257 13
258 26
259 -32
260 29
261 94
262 -35
263 39
264 29
265 92
266 5
267 -69
268 -97
269 70
270 79
271 -3
272 -29
273 74
274 98
275 -54
276 14
277 -86
278 9
279 -30
280 -54
281 -24
282 92
283 -5
284 44
285 84
286 -30
287 20
288 59
289 3
290 -76
291 -41
292 -72
293 56
294 -70
295 64
296 88
297 44
298 -17
299 77
300 33
301 81
302 -91
303 -79
304 54
305 77
306 -5
307 11
308 26
309 76
310 18
311 28
312 100
313 -21
314 97
315 -26
316 81
317 75
318 -31
319 -41
320 57
321 41
322 11
323 8
324 -13
325 -69
326 60
327 -86
328 63
329 -97
330 -21
331 46
332 -88
333 6
334 -10
335 66
336 4
337 18
338 90
339 38
340 0
341 89
342 42
343 76
344 -21
345 -37
346 -90
347 -86
348 -60
349 -52
350 72
351 53
352 24
353 55
354 -67
355 32
356 -52
357 -94
358 16
359 -87
360 -91
361 -80
362 -90
363 -39
364 71
365 68
366 -76
367 98
368 32
369 -81
370 -57
371 16
372 7
373 1
374 52
375 -5
376 -68
377 76
378 -46
379 74
380 62
381 86
382 51
383 1
384 33
385 -48
386 -42
387 42
388 88
389 70
390 30
391 -62
392 66
393 -85
394 -61
395 55
396 59
397 -44
398 100
399 -97
400 -64
401 -31
402 -92
403 35
404 -71
405 50
406 50
407 14
408 52
409 -81
410 46
411 73
412 48
413 79
414 -95
415 -58
416 66
417 97
418 -83
419 86
420 -85
421 -19
422 79
423 7
424 -51
425 -7
426 -70
427 -28
428 -31
429 -9
430 61
431 1
432 -55
433 -2
434 40
435 6
436 -50
437 24
438 -24
439 -43
440 47
441 72
442 82
443 -9
444 84
445 -32
446 -74
447 -92
448 0
449 18
450 68
451 46
452 27
453 -70
454 4
455 -34
456 -88
457 4
458 -10
459 81
460 26
461 88
462 30
463 29
464 8
465 -36
466 59
467 48
468 89
469 81
470 -91
471 69
472 -3
473 42
474 83
475 -37
476 -85
477 82
478 -45
479 -72
480 20
481 -38
482 14
483 -100
484 -33
485 -62
486 -7
487 100
488 -18
489 60
490 5
491 54
492 -28
493 16
494 70
495 -89
496 85
497 69
498 80
499 13
500 48
501 4
502 97
503 -28
504 -60
505 39
506 -78
507 -17
508 59
509 -13
510 -12
511 18
