0 40
1 69
2 -17
3 19
4 -40
5 26
6 35
7 46
8 -88
9 -51
10 77
11 61
12 -9
13 96
14 23
15 9
16 -83
17 58
18 -58
19 79
20 -72
21 -51
22 6
23 -74
24 75
25 -29
26 -33
27 77
28 56
29 -11
30 59
31 -37
32 69
33 50
34 -54
35 -7
36 -9
37 62
38 11
39 -94
40 65
41 63
42 -40
43 -68
44 64
45 -33
46 14
47 -76
48 86
49 -97
50 -91
51 12
52 -51
53 47
54 -28
55 -7
56 99
57 -57
58 -12
59 -81
60 54
61 81
62 17
63 -2
64 -36
65 -63
66 -83
67 -37
68 63
69 -7
70 72
71 -79
72 -25
73 -64
74 99
75 16
76 -88
77 -11
78 44
79 19
80 -19
81 97
82 -41
83 25
84 -53
85 -1
86 10
87 -1
88 -56
89 -19
90 59
91 78
92 74
93 13
94 66
95 20
96 -81
97 -25
98 90
99 -42
100 -82
101 -51
102 80
103 -35
104 91
105 44
106 12
107 -97
108 100
109 31
110 -79
111 -36
112 9
113 38
114 71
115 42
116 42
117 -7
118 54
119 -71
120 20
121 17
122 87
123 74
124 -3
125 -64
126 51
127 -75
128 62
129 100
130 29
131 -24
132 -33
133 79
134 -47
135 9
136 8
137 51
138 -8
139 38
140 60
141 35
142 -8
143 -71
144 -97
145 -84
146 -46
147 -92
148 -1
149 60
150 1
151 -91
152 -37
153 95
154 53
155 86
156 -8
157 -22
158 -63
159 42
160 8
161 -65
162 47
163 24
164 7
165 82
166 84
167 -1
168 -68
169 31
170 -22
171 92
172 -43
173 76
174 -98
175 23
176 -38
177 -44
178 38
179 52
180 -80
181 94
182 -57
183 14
184 -57
185 24
186 36
187 -21
188 24
189 -81
190 -86
191 92
192 -50
193 -60
194 -71
195 94
196 -26
197 30
198 95
199 -24
200 -69
201 28
202 88
203 -92
204 70
205 16
206 80
207 -6
208 -100
209 62
210 -55
211 63
212 -70
213 -21
214 -42
215 84
216 -28
217 67
218 20
219 12
220 -97
221 -82
222 72
223 -43
224 -98
225 65
226 -13
227 -9
228 27
229 -62
230 28
231 -98
232 -45
233 -5
234 -56
235 98
236 72
237 65
238 38
239 -72
240 -21
241 -83
242 44
243 -36
244 86
245 31
246 -79
247 -25
248 26
249 10
250 -68
251 -12
252 45
253 -2
254 31
255 -31
256 -27
257 -80
258 -50
259 -38
260 7
261 -17
262 22
263 60
264 36
265 -82
266 -77
267 -93
268 80
269 15
270 3
271 -5
272 30
273 -40
274 -77
275 64
276 -97
277 -8
278 -70
279 29
280 -47
281 -52
282 80
283 -3
284 -18
285 53
286 -31
287 -46
288 96
289 -74
290 82
291 -35
292 59
293 96
294 -10
295 65
296 -45
297 76
298 16
299 -23
300 -42
301 8
302 17
303 73
304 -98
305 71
306 -23
307 82
308 10
309 3
310 -37
311 -55
312 92
313 63
314 83
315 -14
316 11
317 -78
318 22
319 -79
320 -57
321 19
322 44
323 -52
324 46
325 -63
326 78
327 -8
328 -98
329 -66
330 -4
331 30
332 -29
333 23
334 25
335 -50
336 -16
337 -65
338 33
339 -6
340 4
341 -56
342 59
343 99
344 -49
345 32
346 41
347 69
348 -43
349 -14
350 -73
351 -99
352 -95
353 -56
354 -91
355 7
356 -66
357 37
358 100
359 83
360 -78
361 -54
362 -77
363 -77
364 -94
365 87
366 6
367 -73
368 -6
369 17
370 16
371 -43
372 64
373 -63
374 -52
375 -29
376 -26
377 18
378 72
379 88
380 41
381 -95
382 83
383 -21
384 -75
385 -86
386 -1
387 -48
388 -96
389 -39
390 6
391 52
392 4
393 -2
394 93
395 -97
396 -95
397 -56
398 55
399 -73
400 9
401 84
402 18
403 34
404 -30
405 -27
406 14
407 14
408 -95
409 63
410 0
411 -63
412 -41
413 -86
414 56
415 14
416 -92
417 -27
418 68
419 79
420 91
421 58
422 71
423 -82
424 -22
425 49
426 56
427 2
428 -87
429 88
430 -12
431 71
432 56
433 -84
434 56
435 51
436 15
437 37
438 70
439 -71
440 -83
441 89
442 83
443 -20
444 -58
445 -58
446 -42
447 65
448 -33
449 89
450 -23
451 -40
452 38
453 81
454 77
455 37
456 97
457 -86
458 65
459 -21
460 75
461 21
462 -95
463 -64
464 74
465 48
466 -14
467 -22
468 96
469 -63
470 74
471 -43
472 -15
473 5
474 -56
475 -45
476 -60
477 73
478 -23
479 64
480 -36
481 26
482 46
483 16
484 -87
485 -5
486 20
487 38
488 27
489 -96
490 98
491 28
492 -67
493 17
494 4
495 -43
496 -53
497 -84
498 -83
499 5
500 -16
501 35
502 -16
503 42
504 -64
505 -5
506 -17
507 54
508 -52
509 43
510 -93
511 -42
