0 -95
1 96
2 -85
3 -1
4 69
5 51
6 -57
7 97
8 -87
9 82
10 24
11 9
12 -45
13 87
14 48
15 -32
16 -9
17 36
18 59
19 -37
20 23
21 33
22 -79
23 -73
24 6
25 10
26 -34
27 -51
28 -4
29 33
30 53
31 40
32 26
33 -100
34 -54
35 -10
36 -45
37 42
38 65
39 -87
40 -63
41 51
42 50
43 -7
44 33
45 -35
46 74
47 69
48 31
49 93
50 -18
51 96
52 99
53 -7
54 -25
55 84
56 -71
57 -19
58 37
59 -6
60 -48
61 -44
62 40
63 42
64 71
65 53
66 29
67 -83
68 -10
69 -21
70 -82
71 -8
72 99
73 97
74 80
75 -37
76 37
77 -41
78 84
79 12
80 56
81 3
82 14
83 -66
84 100
85 56
86 -13
87 -31
88 -70
89 -32
90 5
91 66
92 -20
93 75
94 -65
95 67
96 58
97 -11
98 59
99 -76
100 63
101 81
102 17
103 -52
104 29
105 24
106 33
107 -40
108 -17
109 98
110 56
111 -71
112 -27
113 95
114 -66
115 -13
116 -31
117 -55
118 -14
119 -54
120 -16
121 33
122 72
123 -98
124 -87
125 -26
126 80
127 -62
128 14
129 -87
130 -98
131 -71
132 5
133 -77
134 -40
135 -93
136 96
137 45
138 71
139 -79
140 -57
141 -41
142 41
143 42
144 5
145 11
146 12
147 -50
148 -38
149 41
150 -50
151 91
152 -59
153 -34
154 -23
155 100
156 50
157 -41
158 3
159 29
160 -37
161 -74
162 -57
163 -70
164 64
165 84
166 63
167 -22
168 -48
169 -37
170 -6
171 87
172 -37
173 -85
174 -91
175 90
176 -52
177 16
178 46
179 39
180 -58
181 -12
182 -13
183 -84
184 -87
185 -68
186 57
187 51
188 -55
189 77
190 31
191 34
192 26
193 99
194 -23
195 35
196 76
197 -85
198 -28
199 -78
200 -77
201 87
202 66
203 53
204 -26
205 -37
206 -32
207 -91
208 4
209 -51
210 -94
211 22
212 100
213 -23
214 -13
215 19
216 27
217 -34
218 50
219 82
220 100
221 59
222 -43
223 66
224 42
225 -87
226 56
227 -25
228 -81
229 62
230 -65
231 72
232 -68
233 39
234 28
235 19
236 -26
237 -81
238 -53
239 15
240 74
241 -68
242 -90
243 -65
244 -31
245 -78
246 -93
247 41
248 -19
249 75
250 96
251 -9
252 -79
253 -49
254 -49
255 44
256 76
257 7
258 59
259 -89
260 -93
261 -50
262 43
263 -26
264 -84
265 -27
266 -85
267 63
268 62
269 -49
270 -25
271 -88
272 -94
273 16
274 -3
275 81
276 48
277 26
278 -56
279 31
280 70
281 -19
282 -76
283 54
284 -40
285 -55
286 -13
287 -93
288 34
289 56
290 -49
291 66
292 57
293 47
294 -68
295 -58
296 90
297 93
298 -93
299 79
300 -10
301 -33
302 -93
303 -90
304 43
305 44
306 -86
307 -7
308 -20
309 -96
310 55
311 -82
312 56
313 4
314 -42
315 -91
316 -11
317 95
318 -29
319 83
320 -61
321 19
322 12
323 73
324 41
325 -25
326 -32
327 -75
328 42
329 -19
330 57
331 -2
332 -88
333 95
334 -26
335 0
336 43
337 46
338 63
339 79
340 -99
341 -8
342 24
343 -14
344 -52
345 -18
346 74
347 -88
348 -27
349 -41
350 -45
351 -17
352 59
353 -93
354 -12
355 -91
356 56
357 -62
358 100
359 -59
360 -34
361 67
362 28
363 -83
364 61
365 -99
366 0
367 99
368 -97
369 -87
370 30
371 1
372 -7
373 -97
374 49
375 -53
376 42
377 -54
378 86
379 -94
380 40
381 -91
382 51
383 -57
384 27
385 -59
386 -9
387 27
388 -57
389 -48
390 80
391 -77
392 64
393 -90
394 35
395 -71
396 -10
397 47
398 24
399 -58
400 -72
401 80
402 54
403 64
404 42
405 60
406 76
407 -18
408 -2
409 -49
410 -55
411 -79
412 59
413 -58
414 53
415 -45
416 68
417 82
418 18
419 73
420 -86
421 76
422 -65
423 96
424 -8
425 -66
426 47
427 -87
428 -71
429 -6
430 -51
431 0
432 -45
433 88
434 -14
435 75
436 -11
437 -27
438 -59
439 -39
440 32
441 51
442 67
443 -29
444 -40
445 23
446 63
447 -21
448 -1
449 74
450 7
451 -74
452 36
453 -29
454 41
455 -52
456 -100
457 97
458 -58
459 52
460 -44
461 52
462 26
463 21
464 -14
465 24
466 -11
467 -86
468 -64
469 44
470 -71
471 59
472 1
473 -78
474 -73
475 -85
476 -83
477 -71
478 95
479 -14
480 60
481 -51
482 57
483 51
484 39
485 26
486 -67
487 -12
488 -20
489 19
490 -67
491 -45
492 57
493 85
494 76
495 -41
496 -37
497 5
498 -19
499 -51
500 30
501 8
502 -75
503 79
504 72
505 58
506 -35
507 -93
508 44
509 -76
510 -85
511 91
