0 -98
1 58
2 17
3 29
4 -74
5 60
6 -18
7 49
8 -97
9 78
10 -26
11 54
12 -49
13 1
14 -38
15 -12
16 88
17 55
18 -42
19 -46
20 37
21 73
22 57
23 18
24 27
25 -57
26 -18
27 97
28 75
29 -79
30 -21
31 69
32 -80
33 -48
34 -28
35 94
36 49
37 -29
38 57
39 52
40 46
41 -63
42 42
43 34
44 -6
45 90
46 -47
47 -83
48 87
49 -12
50 -78
51 -28
52 66
53 54
54 0
55 11
56 -74
57 -21
58 -98
59 -29
60 85
61 -54
62 52
63 59
64 42
65 99
66 20
67 -88
68 -64
69 -94
70 95
71 71
72 -85
73 38
74 91
75 -12
76 -76
77 -58
78 -15
79 20
80 -84
81 37
82 46
83 -59
84 -7
85 -46
86 -57
87 13
88 -31
89 -53
90 -2
91 -74
92 -96
93 -23
94 5
95 27
96 62
97 84
98 -98
99 14
100 -16
101 -15
102 -37
103 -97
104 -69
105 6
106 70
107 50
108 28
109 -86
110 22
111 69
112 59
113 -79
114 75
115 -29
116 99
117 38
118 -65
119 82
120 -25
121 87
122 -3
123 23
124 67
125 5
126 29
127 97
128 66
129 40
130 -39
131 -37
132 29
133 97
134 14
135 -8
136 26
137 -42
138 -44
139 -8
140 -99
141 -13
142 -75
143 -99
144 96
145 90
146 30
147 36
148 18
149 -48
150 16
151 -24
152 90
153 -77
154 -96
155 -21
156 -99
157 -58
158 49
159 50
160 39
161 64
162 34
163 90
164 4
165 21
166 -59
167 -97
168 -79
169 -50
170 27
171 -6
172 52
173 -52
174 6
175 73
176 -5
177 81
178 4
179 80
180 42
181 81
182 4
183 48
184 -99
185 -27
186 28
187 -27
188 82
189 48
190 37
191 -50
192 -78
193 80
194 -86
195 -40
196 74
197 99
198 32
199 14
200 -20
201 -31
202 -37
203 -53
204 -1
205 -17
206 -100
207 -89
208 -94
209 40
210 36
211 41
212 -26
213 58
214 -91
215 -96
216 -53
217 74
218 14
219 82
220 97
221 45
222 -56
223 -60
224 89
225 -85
226 57
227 73
228 -19
229 81
230 47
231 -52
232 -44
233 -75
234 33
235 -17
236 1
237 76
238 100
239 43
240 -44
241 -31
242 94
243 -38
244 -90
245 -44
246 -48
247 68
248 -72
249 -1
250 -53
251 -11
252 34
253 -98
254 -100
255 -77
256 23
257 -36
258 -24
259 -5
260 44
261 -80
262 23
263 66
264 -75
265 -13
266 -22
267 -72
268 57
269 39
270 -92
271 31
272 -7
273 -47
274 -30
275 92
276 35
277 79
278 11
279 3
280 81
281 56
282 -32
283 16
284 -39
285 7
286 58
287 -20
288 -82
289 80
290 26
291 58
292 -74
293 16
294 72
295 -70
296 -27
297 7
298 51
299 -37
300 -77
301 28
302 -15
303 -94
304 -34
305 72
306 -84
307 -49
308 -91
309 13
310 65
311 -25
312 55
313 11
314 76
315 -42
316 37
317 50
318 -54
319 100
320 -20
321 -88
322 54
323 -24
324 -74
325 -57
326 34
327 47
328 44
329 23
330 -20
331 57
332 89
333 54
334 -59
335 21
336 74
337 85
338 -31
339 -93
340 17
341 14
342 -49
343 -60
344 48
345 95
346 -88
347 -27
348 29
349 -14
350 -90
351 54
352 87
353 -19
354 25
355 -56
356 -34
357 36
358 26
359 56
360 91
361 -88
362 -6
363 31
364 -21
365 -15
366 63
367 7
368 91
369 -23
370 -30
371 35
372 42
373 -93
374 7
375 -16
376 83
377 13
378 65
379 15
380 29
381 32
382 -83
383 1
384 70
385 -30
386 -3
387 8
388 1
389 28
390 0
391 29
392 -62
393 -46
394 -80
395 -74
396 -84
397 38
398 0
399 58
400 91
401 -5
402 57
403 -90
404 27
405 -86
406 -48
407 41
408 79
409 94
410 22
411 -36
412 -65
413 92
414 19
415 -78
416 -27
417 -77
418 -88
419 -87
420 -61
421 51
422 9
423 -26
424 15
425 66
426 -82
427 49
428 27
429 78
430 -67
431 82
432 58
433 72
434 -28
435 16
436 -43
437 -58
438 45
439 17
440 45
441 20
442 -76
443 -11
444 39
445 -79
446 -53
447 -8
448 59
449 31
450 -77
451 31
452 42
453 22
454 -64
455 -8
456 -86
457 26
458 7
459 -54
460 -78
461 83
462 44
463 -28
464 0
465 19
466 -66
467 67
468 -81
469 -77
470 -6
471 -36
472 -97
473 -74
474 94
475 80
476 -13
477 100
478 -67
479 -91
480 -61
481 50
482 39
483 82
484 78
485 18
486 -18
487 59
488 50
489 -84
490 79
491 -40
492 62
493 -16
494 30
495 94
496 -91
497 50
498 93
499 97
500 -30
501 -14
502 23
503 -47
504 4
505 -98
506 -15
507 -74
508 -61
509 96
510 60
511 78
