0 41
1 -55
2 35
3 -73
4 -64
5 -26
6 -78
7 32
8 -89
9 89
10 23
11 7
12 -61
13 -8
14 14
15 -67
16 21
17 46
18 70
19 -41
20 16
21 -52
22 79
23 34
24 -99
25 2
26 -86
27 100
28 -76
29 -92
30 -22
31 18
32 52
33 9
34 -49
35 50
36 25
37 -15
38 -89
39 8
40 45
41 -92
42 93
43 -37
44 -67
45 -68
46 -28
47 66
48 17
49 50
50 -81
51 -89
52 -26
53 25
54 73
55 -98
56 36
57 -37
58 -77
59 -76
60 1
61 85
62 97
63 43
64 -45
65 -30
66 39
67 -84
68 -39
69 54
70 -98
71 36
72 53
73 -21
74 -85
75 91
76 7
77 51
78 46
79 24
80 58
81 18
82 -18
83 58
84 -64
85 -96
86 -21
87 2
88 -95
89 -59
90 93
91 71
92 7
93 43
94 -18
95 -28
96 39
97 -40
98 5
99 88
100 68
101 39
102 53
103 -96
104 4
105 -60
106 -3
107 -40
108 39
109 -53
110 58
111 48
112 -79
113 -84
114 -52
115 -90
116 32
117 93
118 28
119 51
120 26
121 13
122 49
123 76
124 -63
125 -56
126 21
127 54
128 9
129 29
130 51
131 22
132 44
133 85
134 84
135 -36
136 -79
137 36
138 88
139 -38
140 -99
141 64
142 35
143 93
144 -74
145 35
146 -82
147 16
148 -72
149 53
150 -4
151 97
152 90
153 17
154 -42
155 -13
156 -50
157 -44
158 66
159 -26
160 85
161 -95
162 43
163 36
164 -28
165 50
166 80
167 75
168 -4
169 -60
170 1
171 -32
172 -46
173 13
174 53
175 21
176 -11
177 31
178 -40
179 23
180 -13
181 42
182 97
183 -8
184 -4
185 -28
186 29
187 37
188 85
189 87
190 93
191 66
192 72
193 83
194 -36
195 -42
196 -40
197 -13
198 -80
199 57
200 -19
201 -62
202 -45
203 -40
204 -80
205 13
206 63
207 28
208 70
209 96
210 -71
211 47
212 -89
213 23
214 -55
215 18
216 -100
217 -12
218 97
219 75
220 -27
221 41
222 -56
223 4
224 41
225 -57
226 -24
227 -49
228 77
229 -28
230 8
231 82
232 -27
233 32
234 1
235 -45
236 70
237 99
238 -91
239 34
240 1
241 -74
242 50
243 -94
244 -58
245 -53
246 -14
247 89
248 -98
249 -2
250 -100
251 -76
252 20
253 87
254 -49
255 43
256 71
257 -47
258 -80
259 92
260 -99
261 35
262 -2
263 20
264 -4
265 -46
266 61
267 4
268 -84
269 3
270 53
271 47
272 -90
273 -99
274 -24
275 19
276 98
277 -28
278 90
279 -22
280 90
281 -29
282 19
283 -44
284 6
285 -67
286 73
287 27
288 -72
289 -85
290 98
291 97
292 -33
293 39
294 1
295 86
296 -82
297 -61
298 -26
299 74
300 65
301 27
302 -70
303 -66
304 -81
305 19
306 85
307 91
308 71
309 -99
310 97
311 -97
312 69
313 -44
314 -97
315 45
316 -10
317 -83
318 88
319 -49
320 66
321 9
322 -19
323 63
324 -38
325 4
326 -67
327 11
328 -59
329 10
330 22
331 91
332 -66
333 46
334 -20
335 56
336 70
337 42
338 -76
339 -19
340 17
341 -9
342 -15
343 -4
344 -29
345 52
346 35
347 -67
348 75
349 35
350 44
351 -1
352 10
353 -97
354 77
355 48
356 -69
357 77
358 -23
359 -57
360 27
361 -27
362 83
363 69
364 64
365 -44
366 -12
367 -57
368 89
369 62
370 -98
371 -25
372 -16
373 -90
374 72
375 92
376 -88
377 -18
378 58
379 35
380 20
381 95
382 42
383 20
384 99
385 26
386 17
387 82
388 69
389 -87
390 -56
391 41
392 -81
393 88
394 -96
395 81
396 -32
397 -17
398 -87
399 4
400 -25
401 -97
402 -73
403 -44
404 -97
405 -44
406 -37
407 16
408 -65
409 37
410 -42
411 16
412 -76
413 -44
414 65
415 -26
416 13
417 3
418 -94
419 -26
420 -46
421 -4
422 -87
423 46
424 35
425 27
426 56
427 25
428 57
429 -20
430 26
431 72
432 11
433 5
434 71
435 33
436 81
437 24
438 44
439 57
440 -55
441 20
442 6
443 16
444 -27
445 75
446 -48
447 -38
448 74
449 -44
450 95
451 -40
452 70
453 -40
454 84
455 -23
456 90
457 72
458 -89
459 35
460 23
461 26
462 -43
463 87
464 26
465 46
466 -37
467 48
468 -16
469 -71
470 -75
471 0
472 -38
473 1
474 44
475 86
476 -68
477 97
478 53
479 44
480 -69
481 -31
482 30
483 -78
484 10
485 -50
486 -20
487 -69
488 7
489 32
490 3
491 81
492 99
493 60
494 -16
495 95
496 -99
497 98
498 57
499 28
500 -85
501 -1
502 -64
503 40
504 -28
505 -43
506 -56
507 44
508 -55
509 78
510 -68
511 -63
