0 -71
3.98444 -19
7.96887 10
11.9533 -100
15.9377 8
19.9222 52
23.9066 79
27.8911 -90
31.8755 -94
35.8599 82
39.8444 86
43.8288 -23
47.8132 -8
51.7977 77
55.7821 15
59.7665 62
63.751 13
67.7354 91
71.7198 -37
75.7043 49
79.6887 -1
83.6732 -25
87.6576 -1
91.642 70
95.6265 9
99.6109 -7
103.595 -15
107.58 -23
111.564 -64
115.549 -20
119.533 -41
123.518 -59
127.502 9
131.486 60
135.471 27
139.455 100
143.44 -69
147.424 80
151.409 -93
155.393 -50
159.377 -32
163.362 -4
167.346 -30
171.331 45
175.315 26
179.3 -70
183.284 -94
187.268 40
191.253 12
195.237 99
199.222 4
203.206 13
207.191 -85
211.175 -91
215.16 -65
219.144 33
223.128 52
227.113 -50
231.097 90
235.082 -43
239.066 -22
243.051 -48
247.035 79
251.019 41
255.004 37
258.988 80
262.973 -46
266.957 77
270.942 -53
274.926 7
278.911 -77
282.895 -26
286.879 -75
290.864 66
294.848 47
298.833 52
302.817 78
306.802 66
310.786 6
314.77 38
318.755 -69
322.739 -19
326.724 -84
330.708 15
334.693 47
338.677 -87
342.661 -12
346.646 0
350.63 -68
354.615 69
358.599 56
362.584 -36
366.568 -18
370.553 4
374.537 83
378.521 80
382.506 -99
386.49 51
390.475 -72
394.459 -71
398.444 -76
402.428 -61
406.412 26
410.397 45
414.381 -96
418.366 10
422.35 -14
426.335 -56
430.319 -49
434.304 -74
438.288 -47
442.272 69
446.257 75
450.241 -88
454.226 -39
458.21 -49
462.195 98
466.179 -66
470.163 -33
474.148 68
478.132 55
482.117 -10
486.101 -78
490.086 98
494.07 60
498.054 -34
502.039 36
506.023 -94
510.008 7
513.992 -68
517.977 64
521.961 -99
525.946 -38
529.93 -57
533.914 82
537.899 -94
541.883 53
545.868 55
549.852 4
553.837 68
557.821 22
561.805 18
565.79 -81
569.774 97
573.759 74
577.743 54
581.728 49
585.712 86
589.696 26
593.681 -62
597.665 -50
601.65 35
605.634 -51
609.619 55
613.603 67
617.588 -16
621.572 -59
625.556 -22
629.541 -64
633.525 -54
637.51 -24
641.494 -1
645.479 -80
649.463 -19
653.447 77
657.432 8
661.416 71
665.401 -40
669.385 -77
673.37 -78
677.354 -80
681.339 -54
685.323 -32
689.307 35
693.292 -100
697.276 -97
701.261 -93
705.245 -54
709.23 -61
713.214 -36
717.198 -11
721.183 -43
725.167 -51
729.152 -9
733.136 -94
737.121 -3
741.105 37
745.089 -62
749.074 -55
753.058 44
757.043 43
761.027 38
765.012 -49
768.996 10
772.981 64
776.965 30
780.949 -10
784.934 9
788.918 7
792.903 67
796.887 96
800.872 -86
804.856 -63
808.84 41
812.825 -54
816.809 -15
820.794 94
824.778 73
828.763 -83
832.747 23
836.732 72
840.716 -30
844.7 -14
848.685 -64
852.669 8
856.654 20
860.638 39
864.623 19
868.607 -7
872.591 48
876.576 21
880.56 95
884.545 -97
888.529 59
892.514 31
896.498 30
900.482 -46
904.467 -66
908.451 92
912.436 -10
916.42 20
920.405 -51
924.389 -47
928.374 18
932.358 -71
936.342 16
940.327 31
944.311 15
948.296 -96
952.28 76
956.265 -44
960.249 -65
964.233 -31
968.218 -70
972.202 99
976.187 92
980.171 -74
984.156 28
988.14 -65
992.125 5
996.109 82
1000.09 -100
1004.08 -47
1008.06 -22
1012.05 -71
1016.03 -15
1020.02 -44
1024 -19
