0 -62
7.93798 -42
15.876 -59
23.814 -84
31.7519 56
39.6899 -17
47.6279 40
55.5659 -9
63.5039 57
71.4419 31
79.3798 17
87.3178 -97
95.2558 50
103.194 -47
111.132 -37
119.07 47
127.008 54
134.946 81
142.884 -86
150.822 58
158.76 -2
166.698 8
174.636 99
182.574 -22
190.512 -53
198.45 -20
206.388 -77
214.326 14
222.264 44
230.202 5
238.14 -27
246.078 86
254.016 23
261.953 -46
269.891 -6
277.829 -52
285.767 -8
293.705 -26
301.643 -14
309.581 5
317.519 34
325.457 54
333.395 -31
341.333 -61
349.271 -35
357.209 -84
365.147 -100
373.085 48
381.023 50
388.961 -94
396.899 66
404.837 19
412.775 34
420.713 -84
428.651 95
436.589 35
444.527 95
452.465 8
460.403 -32
468.341 -21
476.279 44
484.217 -8
492.155 -64
500.093 75
508.031 85
515.969 97
523.907 -56
531.845 -34
539.783 -32
547.721 77
555.659 -93
563.597 53
571.535 -3
579.473 51
587.411 -69
595.349 -78
603.287 68
611.225 -31
619.163 -68
627.101 -44
635.039 -2
642.977 -30
650.915 51
658.853 -88
666.791 -74
674.729 35
682.667 45
690.605 61
698.543 -60
706.481 83
714.419 -69
722.357 -10
730.295 44
738.233 -62
746.171 -61
754.109 -46
762.047 100
769.984 92
777.922 96
785.86 36
793.798 6
801.736 79
809.674 -55
817.612 0
825.55 28
833.488 -17
841.426 -96
849.364 -70
857.302 -72
865.24 0
873.178 -9
881.116 -55
889.054 36
896.992 -37
904.93 -83
912.868 -91
920.806 17
928.744 77
936.682 81
944.62 -76
952.558 95
960.496 45
968.434 -36
976.372 13
984.31 99
992.248 71
1000.19 -6
1008.12 98
1016.06 -87
