0 -7
7.93798 43
15.876 83
23.814 -17
31.7519 77
39.6899 69
47.6279 -13
55.5659 -22
63.5039 59
71.4419 14
79.3798 59
87.3178 36
95.2558 85
103.194 -18
111.132 -17
119.07 -2
127.008 92
134.946 56
142.884 16
150.822 96
158.76 -48
166.698 35
174.636 -28
182.574 -97
190.512 88
198.45 -82
206.388 -93
214.326 -75
222.264 -58
230.202 -8
238.14 -5
246.078 79
254.016 -2
261.953 74
269.891 15
277.829 72
285.767 -46
293.705 95
301.643 -10
309.581 54
317.519 -40
325.457 -12
333.395 27
341.333 84
349.271 -85
357.209 10
365.147 78
373.085 38
381.023 28
388.961 -76
396.899 76
404.837 -9
412.775 55
420.713 -12
428.651 -44
436.589 79
444.527 -31
452.465 67
460.403 -82
468.341 -32
476.279 89
484.217 61
492.155 82
500.093 -61
508.031 61
515.969 -24
523.907 -57
531.845 -55
539.783 -30
547.721 -59
555.659 83
563.597 85
571.535 -42
579.473 -100
587.411 6
595.349 15
603.287 93
611.225 81
619.163 -38
627.101 5
635.039 33
642.977 -45
650.915 -78
658.853 -46
666.791 4
674.729 12
682.667 -85
690.605 -10
698.543 -57
706.481 17
714.419 4
722.357 -50
730.295 31
738.233 -42
746.171 -86
754.109 12
762.047 -64
769.984 -83
777.922 46
785.86 -55
793.798 1
801.736 -56
809.674 22
817.612 38
825.55 -21
833.488 -57
841.426 -3
849.364 -71
857.302 -27
865.24 -41
873.178 -36
881.116 85
889.054 25
896.992 -3
904.93 10
912.868 32
920.806 55
928.744 -60
936.682 38
944.62 -5
952.558 -28
960.496 40
968.434 -52
976.372 -17
984.31 -17
992.248 21
1000.19 1
1008.12 85
1016.06 8
