0 87
3.98444 22
7.96887 21
11.9533 -81
15.9377 -16
19.9222 46
23.9066 -8
27.8911 -86
31.8755 -61
35.8599 20
39.8444 67
43.8288 30
47.8132 13
51.7977 86
55.7821 73
59.7665 3
63.751 54
67.7354 -9
71.7198 -86
75.7043 -52
79.6887 -68
83.6732 -19
87.6576 -51
91.642 75
95.6265 74
99.6109 -46
103.595 -68
107.58 -22
111.564 16
115.549 -15
119.533 -14
123.518 -59
127.502 -49
131.486 18
135.471 -74
139.455 -16
143.44 -86
147.424 65
151.409 -47
155.393 -8
159.377 38
163.362 -48
167.346 -82
171.331 -30
175.315 36
179.3 17
183.284 -69
187.268 -27
191.253 -29
195.237 57
199.222 -84
203.206 -92
207.191 -19
211.175 81
215.16 -40
219.144 70
223.128 15
227.113 -58
231.097 -27
235.082 -86
239.066 -66
243.051 -56
247.035 -3
251.019 -41
255.004 60
258.988 64
262.973 -30
266.957 89
270.942 -80
274.926 2
278.911 -90
282.895 15
286.879 38
290.864 -94
294.848 46
298.833 -9
302.817 87
306.802 86
310.786 69
314.77 -88
318.755 24
322.739 -87
326.724 82
330.708 -33
334.693 -26
338.677 -56
342.661 -22
346.646 86
350.63 -43
354.615 64
358.599 94
362.584 -83
366.568 -59
370.553 18
374.537 -39
378.521 -31
382.506 -91
386.49 -34
390.475 11
394.459 -34
398.444 84
402.428 81
406.412 94
410.397 30
414.381 78
418.366 8
422.35 59
426.335 13
430.319 -83
434.304 40
438.288 73
442.272 -63
446.257 -83
450.241 13
454.226 66
458.21 7
462.195 -96
466.179 -11
470.163 -88
474.148 -8
478.132 -49
482.117 -59
486.101 70
490.086 88
494.07 -39
498.054 -43
502.039 55
506.023 75
510.008 -8
513.992 -60
517.977 -76
521.961 57
525.946 64
529.93 -38
533.914 75
537.899 46
541.883 -33
545.868 -43
549.852 -87
553.837 -43
557.821 48
561.805 -14
565.79 -17
569.774 -89
573.759 -70
577.743 -55
581.728 -8
585.712 4
589.696 -86
593.681 37
597.665 -18
601.65 73
605.634 -63
609.619 -22
613.603 -34
617.588 83
621.572 95
625.556 28
629.541 -90
633.525 -60
637.51 16
641.494 47
645.479 -41
649.463 -52
653.447 6
657.432 -48
661.416 -6
665.401 -13
669.385 -61
673.37 -57
677.354 88
681.339 98
685.323 19
689.307 -17
693.292 97
697.276 27
701.261 -11
705.245 -6
709.23 41
713.214 -49
717.198 -20
721.183 -97
725.167 62
729.152 -50
733.136 -4
737.121 -17
741.105 -59
745.089 22
749.074 -20
753.058 48
757.043 58
761.027 90
765.012 -18
768.996 -28
772.981 -5
776.965 -17
780.949 -52
784.934 -79
788.918 8
792.903 -41
796.887 -16
800.872 -49
804.856 -92
808.84 29
812.825 86
816.809 -65
820.794 67
824.778 17
828.763 -93
832.747 70
836.732 26
840.716 -29
844.7 -68
848.685 25
852.669 -21
856.654 16
860.638 100
864.623 71
868.607 -53
872.591 -74
876.576 -100
880.56 -100
884.545 -56
888.529 27
892.514 -99
896.498 93
900.482 66
904.467 68
908.451 -50
912.436 79
916.42 20
920.405 62
924.389 -4
928.374 9
932.358 85
936.342 57
940.327 -27
944.311 -93
948.296 83
952.28 97
956.265 -37
960.249 7
964.233 -17
968.218 -27
972.202 23
976.187 -6
980.171 -71
984.156 81
988.14 55
992.125 19
996.109 -66
1000.09 46
1004.08 -14
1008.06 -78
1012.05 -54
1016.03 2
1020.02 -78
1024 95
