0 -93
1.96923 -54
3.93846 46
5.90769 -62
7.87692 14
9.84615 13
11.8154 84
13.7846 85
15.7538 -54
17.7231 55
19.6923 2
21.6615 83
23.6308 39
25.6 -39
27.5692 55
29.5385 -3
31.5077 -96
33.4769 75
35.4462 -24
37.4154 16
39.3846 -11
41.3538 -93
43.3231 -93
45.2923 44
47.2615 -74
49.2308 -60
51.2 -93
53.1692 -77
55.1385 18
57.1077 14
59.0769 78
61.0462 -74
63.0154 73
64.9846 -87
66.9538 11
68.9231 61
70.8923 -97
72.8615 15
74.8308 -4
76.8 98
78.7692 37
80.7385 35
82.7077 -75
84.6769 -38
86.6462 -90
88.6154 -97
90.5846 37
92.5538 -38
94.5231 23
96.4923 -14
98.4615 39
100.431 -42
102.4 34
104.369 -91
106.338 -22
108.308 25
110.277 16
112.246 55
114.215 25
116.185 99
118.154 -90
120.123 84
122.092 -96
124.062 -51
126.031 4
128 95
