0 87
1.96923 -12
3.93846 10
5.90769 -80
7.87692 10
9.84615 -28
11.8154 -6
13.7846 41
15.7538 91
17.7231 -66
19.6923 47
21.6615 -79
23.6308 40
25.6 85
27.5692 62
29.5385 62
31.5077 59
33.4769 12
35.4462 -100
37.4154 68
39.3846 80
41.3538 41
43.3231 -19
45.2923 74
47.2615 -19
49.2308 -31
51.2 19
53.1692 34
55.1385 -9
57.1077 -93
59.0769 -87
61.0462 -42
63.0154 -89
64.9846 22
66.9538 44
68.9231 -51
70.8923 82
72.8615 46
74.8308 -17
76.8 -95
78.7692 47
80.7385 -78
82.7077 97
84.6769 -37
86.6462 30
88.6154 -93
90.5846 -75
92.5538 -19
94.5231 99
96.4923 77
98.4615 34
100.431 18
102.4 66
104.369 -47
106.338 32
108.308 42
110.277 35
112.246 76
114.215 74
116.185 90
118.154 -54
120.123 90
122.092 -45
124.062 -83
126.031 -32
128 97
