0 -29
1.9845 9
3.96899 37
5.95349 97
7.93798 73
9.92248 -89
11.907 57
13.8915 67
15.876 61
17.8605 36
19.845 86
21.8295 55
23.814 -95
25.7984 52
27.7829 12
29.7674 73
31.7519 -36
33.7364 58
35.7209 -87
37.7054 -14
39.6899 38
41.6744 37
43.6589 96
45.6434 6
47.6279 100
49.6124 -40
51.5969 4
53.5814 -7
55.5659 -4
57.5504 -83
59.5349 -47
61.5194 89
63.5039 87
65.4884 66
67.4729 -68
69.4574 -7
71.4419 -30
73.4264 -85
75.4109 -86
77.3953 51
79.3798 -62
81.3643 -50
83.3488 -12
85.3333 67
87.3178 -50
89.3023 47
91.2868 17
93.2713 -85
95.2558 67
97.2403 -32
99.2248 85
101.209 65
103.194 -89
105.178 58
107.163 67
109.147 16
111.132 -30
113.116 -23
115.101 -18
117.085 -2
119.07 -7
121.054 -25
123.039 -82
125.023 100
127.008 -13
128.992 57
130.977 58
132.961 12
134.946 34
136.93 -90
138.915 -40
140.899 -70
142.884 4
144.868 45
146.853 -90
148.837 53
150.822 80
152.806 30
154.791 9
156.775 -95
158.76 -31
160.744 -5
162.729 94
164.713 52
166.698 9
168.682 8
170.667 57
172.651 -49
174.636 -1
176.62 100
178.605 -50
180.589 20
182.574 -12
184.558 -48
186.543 -5
188.527 -29
190.512 6
192.496 89
194.481 -72
196.465 -33
198.45 32
200.434 15
202.419 63
204.403 39
206.388 -98
208.372 15
210.357 -22
212.341 -29
214.326 65
216.31 45
218.295 71
220.279 -23
222.264 -37
224.248 -11
226.233 -6
228.217 -10
230.202 34
232.186 83
234.171 19
236.155 -9
238.14 18
240.124 -65
242.109 -51
244.093 -76
246.078 -75
248.062 80
250.047 -36
252.031 -60
254.016 -7
