0 5
3.93846 22
7.87692 -84
11.8154 62
15.7538 48
19.6923 29
23.6308 -34
27.5692 -60
31.5077 100
35.4462 69
39.3846 -80
43.3231 0
47.2615 42
51.2 71
55.1385 -73
59.0769 34
63.0154 -6
66.9538 38
70.8923 98
74.8308 11
78.7692 71
82.7077 -15
86.6462 58
90.5846 24
94.5231 87
98.4615 -53
102.4 -74
106.338 19
110.277 -36
114.215 12
118.154 -83
122.092 53
126.031 3
129.969 40
133.908 28
137.846 -69
141.785 67
145.723 -66
149.662 -15
153.6 -48
157.538 -32
161.477 -92
165.415 -82
169.354 -67
173.292 -54
177.231 97
181.169 -89
185.108 44
189.046 -33
192.985 -50
196.923 -82
200.862 -28
204.8 24
208.738 95
212.677 -62
216.615 30
220.554 -35
224.492 11
228.431 7
232.369 -53
236.308 19
240.246 6
244.185 -98
248.123 50
252.062 -46
256 -85
