0 84
3.93846 -20
7.87692 -43
11.8154 -33
15.7538 -38
19.6923 50
23.6308 -83
27.5692 82
31.5077 -26
35.4462 -51
39.3846 35
43.3231 -51
47.2615 73
51.2 60
55.1385 76
59.0769 51
63.0154 34
66.9538 42
70.8923 22
74.8308 -96
78.7692 46
82.7077 59
86.6462 84
90.5846 96
94.5231 0
98.4615 -54
102.4 41
106.338 -57
110.277 -85
114.215 15
118.154 -19
122.092 81
126.031 81
129.969 -61
133.908 -95
137.846 76
141.785 10
145.723 61
149.662 5
153.6 43
157.538 77
161.477 -54
165.415 -17
169.354 -63
173.292 27
177.231 47
181.169 -73
185.108 14
189.046 -68
192.985 -12
196.923 25
200.862 72
204.8 46
208.738 -7
212.677 -68
216.615 2
220.554 -44
224.492 49
228.431 -16
232.369 95
236.308 59
240.246 87
244.185 -14
248.123 -50
252.062 6
256 49
