0 87
3.93846 85
7.87692 -19
11.8154 -83
15.7538 -33
19.6923 81
23.6308 -77
27.5692 31
31.5077 -44
35.4462 18
39.3846 91
43.3231 27
47.2615 48
51.2 -21
55.1385 68
59.0769 -90
63.0154 -65
66.9538 -11
70.8923 76
74.8308 -70
78.7692 72
82.7077 64
86.6462 -67
90.5846 35
94.5231 89
98.4615 -52
102.4 -69
106.338 78
110.277 -84
114.215 -22
118.154 0
122.092 -42
126.031 20
129.969 -66
133.908 98
137.846 23
141.785 20
145.723 75
149.662 -61
153.6 37
157.538 52
161.477 7
165.415 -80
169.354 89
173.292 64
177.231 -78
181.169 -91
185.108 -90
189.046 39
192.985 23
196.923 100
200.862 -52
204.8 -13
208.738 6
212.677 17
216.615 44
220.554 79
224.492 65
228.431 -63
232.369 -48
236.308 38
240.246 8
244.185 25
248.123 79
252.062 -72
256 95
