0 -17
3.96899 11
7.93798 -35
11.907 74
15.876 43
19.845 92
23.814 65
27.7829 -90
31.7519 97
35.7209 -79
39.6899 79
43.6589 45
47.6279 -4
51.5969 -36
55.5659 -65
59.5349 -81
63.5039 94
67.4729 31
71.4419 -30
75.4109 -28
79.3798 -79
83.3488 -96
87.3178 -20
91.2868 22
95.2558 -20
99.2248 43
103.194 -76
107.163 -41
111.132 -10
115.101 40
119.07 -33
123.039 89
127.008 26
130.977 19
134.946 -12
138.915 21
142.884 35
146.853 -81
150.822 52
154.791 -48
158.76 -7
162.729 -27
166.698 93
170.667 -42
174.636 -6
178.605 41
182.574 -69
186.543 79
190.512 3
194.481 -59
198.45 10
202.419 -22
206.388 -62
210.357 -80
214.326 0
218.295 99
222.264 -91
226.233 11
230.202 -48
234.171 -45
238.14 68
242.109 -87
246.078 -80
250.047 27
254.016 -45
257.984 -18
261.953 28
265.922 -77
269.891 28
273.86 -7
277.829 77
281.798 -9
285.767 38
289.736 42
293.705 32
297.674 13
301.643 -92
305.612 96
309.581 -82
313.55 87
317.519 -57
321.488 -10
325.457 51
329.426 10
333.395 28
337.364 -84
341.333 12
345.302 -13
349.271 24
353.24 29
357.209 41
361.178 -64
365.147 -100
369.116 -1
373.085 97
377.054 14
381.023 -51
384.992 -15
388.961 -1
392.93 -81
396.899 -57
400.868 -57
404.837 -77
408.806 -74
412.775 27
416.744 -71
420.713 100
424.682 -61
428.651 -16
432.62 -96
436.589 68
440.558 -9
444.527 -7
448.496 -11
452.465 9
456.434 20
460.403 -64
464.372 33
468.341 -49
472.31 22
476.279 37
480.248 8
484.217 51
488.186 -3
492.155 93
496.124 65
500.093 -38
504.062 -79
508.031 -98
