0 -59
3.96899 -30
7.93798 71
11.907 -36
15.876 -78
19.845 31
23.814 -82
27.7829 4
31.7519 20
35.7209 6
39.6899 34
43.6589 -43
47.6279 50
51.5969 53
55.5659 45
59.5349 -82
63.5039 59
67.4729 34
71.4419 92
75.4109 99
79.3798 -62
83.3488 -79
87.3178 -68
91.2868 81
95.2558 81
99.2248 74
103.194 -89
107.163 91
111.132 -70
115.101 -93
119.07 -61
123.039 94
127.008 -98
130.977 -98
134.946 90
138.915 -21
142.884 -88
146.853 -33
150.822 -28
154.791 -60
158.76 -22
162.729 55
166.698 -78
170.667 0
174.636 -11
178.605 100
182.574 -32
186.543 -30
190.512 -35
194.481 44
198.45 18
202.419 19
206.388 84
210.357 59
214.326 -66
218.295 -46
222.264 -22
226.233 -22
230.202 90
234.171 -76
238.14 -86
242.109 57
246.078 58
250.047 -98
254.016 48
257.984 -47
261.953 -44
265.922 15
269.891 -41
273.86 80
277.829 -80
281.798 5
285.767 55
289.736 -29
293.705 57
297.674 83
301.643 -33
305.612 -99
309.581 -38
313.55 9
317.519 -33
321.488 61
325.457 -21
329.426 -61
333.395 -89
337.364 52
341.333 -91
345.302 27
349.271 60
353.24 -65
357.209 -96
361.178 34
365.147 41
369.116 -45
373.085 25
377.054 31
381.023 2
384.992 -66
388.961 25
392.93 63
396.899 -63
400.868 59
404.837 -97
408.806 7
412.775 -39
416.744 -19
420.713 52
424.682 -68
428.651 -8
432.62 -62
436.589 -30
440.558 -3
444.527 -13
448.496 69
452.465 43
456.434 1
460.403 -97
464.372 91
468.341 -30
472.31 87
476.279 -21
480.248 82
484.217 67
488.186 -85
492.155 46
496.124 -56
500.093 80
504.062 -93
508.031 -37
