0 -55
7.87692 2
15.7538 -35
23.6308 -23
31.5077 -40
39.3846 -91
47.2615 73
55.1385 50
63.0154 -23
70.8923 -8
78.7692 -33
86.6462 60
94.5231 -11
102.4 63
110.277 -98
118.154 85
126.031 58
133.908 50
141.785 -89
149.662 7
157.538 -47
165.415 -85
173.292 85
181.169 -63
189.046 -30
196.923 58
204.8 26
212.677 98
220.554 -23
228.431 -41
236.308 -52
244.185 5
252.062 -82
259.938 39
267.815 -5
275.692 26
283.569 29
291.446 26
299.323 -11
307.2 -22
315.077 -100
322.954 -9
330.831 -71
338.708 -5
346.585 -36
354.462 -52
362.338 42
370.215 94
378.092 -35
385.969 -83
393.846 -66
401.723 -91
409.6 -18
417.477 -99
425.354 94
433.231 66
441.108 -69
448.985 28
456.862 42
464.738 94
472.615 -68
480.492 -13
488.369 -99
496.246 -68
504.123 38
512 -40
