0 -19
3.96899 63
7.93798 37
11.907 76
15.876 70
19.845 96
23.814 -11
27.7829 -92
31.7519 72
35.7209 -24
39.6899 82
43.6589 47
47.6279 -57
51.5969 93
55.5659 -31
59.5349 -12
63.5039 -9
67.4729 2
71.4419 -23
75.4109 -18
79.3798 84
83.3488 -75
87.3178 -58
91.2868 -11
95.2558 -21
99.2248 -40
103.194 -94
107.163 -90
111.132 -2
115.101 80
119.07 -10
123.039 74
127.008 64
130.977 -68
134.946 49
138.915 -84
142.884 87
146.853 49
150.822 -81
154.791 14
158.76 -5
162.729 -65
166.698 87
170.667 -80
174.636 -78
178.605 -43
182.574 -5
186.543 -19
190.512 53
194.481 12
198.45 1
202.419 3
206.388 56
210.357 80
214.326 36
218.295 60
222.264 0
226.233 -61
230.202 62
234.171 17
238.14 80
242.109 -31
246.078 -13
250.047 -74
254.016 -28
257.984 -71
261.953 44
265.922 -97
269.891 39
273.86 -63
277.829 -87
281.798 4
285.767 17
289.736 20
293.705 -61
297.674 29
301.643 35
305.612 -24
309.581 58
313.55 92
317.519 -9
321.488 -93
325.457 81
329.426 -68
333.395 -92
337.364 -98
341.333 10
345.302 -74
349.271 27
353.24 20
357.209 6
361.178 -27
365.147 38
369.116 -24
373.085 91
377.054 44
381.023 34
384.992 -64
388.961 -56
392.93 -8
396.899 -76
400.868 60
404.837 -86
408.806 38
412.775 85
416.744 -48
420.713 -72
424.682 -40
428.651 -4
432.62 27
436.589 19
440.558 -32
444.527 -70
448.496 13
452.465 -67
456.434 -37
460.403 -64
464.372 -61
468.341 100
472.31 37
476.279 -49
480.248 -47
484.217 -12
488.186 -1
492.155 97
496.124 -7
500.093 44
504.062 56
508.031 -94
