0 -78
1.99222 56
3.98444 -36
5.97665 11
7.96887 4
9.96109 70
11.9533 42
13.9455 -9
15.9377 90
17.93 -39
19.9222 -50
21.9144 -52
23.9066 32
25.8988 -84
27.8911 -35
29.8833 3
31.8755 62
33.8677 -73
35.8599 -50
37.8521 -16
39.8444 -33
41.8366 64
43.8288 2
45.821 -19
47.8132 68
49.8054 -53
51.7977 -37
53.7899 -83
55.7821 62
57.7743 -86
59.7665 -94
61.7588 97
63.751 74
65.7432 -87
67.7354 52
69.7276 27
71.7198 99
73.7121 7
75.7043 -63
77.6965 44
79.6887 1
81.6809 -58
83.6732 70
85.6654 75
87.6576 -96
89.6498 21
91.642 4
93.6342 -41
95.6265 -80
97.6187 85
99.6109 93
101.603 8
103.595 90
105.588 -28
107.58 -69
109.572 -31
111.564 94
113.556 -42
115.549 38
117.541 38
119.533 -35
121.525 -49
123.518 77
125.51 31
127.502 -46
129.494 -13
131.486 71
133.479 32
135.471 -74
137.463 40
139.455 99
141.447 -93
143.44 -13
145.432 -12
147.424 -78
149.416 -75
151.409 -81
153.401 49
155.393 -68
157.385 63
159.377 81
161.37 -45
163.362 16
165.354 -59
167.346 -2
169.339 -85
171.331 -7
173.323 -89
175.315 -13
177.307 27
179.3 -19
181.292 -37
183.284 33
185.276 -16
187.268 -58
189.261 -99
191.253 100
193.245 24
195.237 23
197.23 60
199.222 -64
201.214 1
203.206 65
205.198 67
207.191 -78
209.183 -52
211.175 31
213.167 75
215.16 69
217.152 37
219.144 8
221.136 61
223.128 19
225.121 13
227.113 11
229.105 -23
231.097 52
233.089 -44
235.082 -9
237.074 -69
239.066 -29
241.058 48
243.051 -36
245.043 -32
247.035 1
249.027 -11
251.019 80
253.012 98
255.004 45
256.996 47
258.988 -15
260.981 90
262.973 75
264.965 2
266.957 -96
268.949 -36
270.942 -73
272.934 -42
274.926 35
276.918 17
278.911 18
280.903 -59
282.895 -21
284.887 74
286.879 98
288.872 -9
290.864 -54
292.856 21
294.848 -88
296.84 -32
298.833 7
300.825 -64
302.817 75
304.809 -18
306.802 58
308.794 -43
310.786 86
312.778 64
314.77 -25
316.763 -2
318.755 57
320.747 -94
322.739 -74
324.732 81
326.724 98
328.716 -64
330.708 41
332.7 84
334.693 57
336.685 -86
338.677 -92
340.669 -86
342.661 35
344.654 30
346.646 14
348.638 -45
350.63 96
352.623 -20
354.615 86
356.607 29
358.599 -73
360.591 -87
362.584 69
364.576 42
366.568 34
368.56 91
370.553 46
372.545 -4
374.537 -34
376.529 29
378.521 -51
380.514 23
382.506 -3
384.498 -92
386.49 -53
388.482 65
390.475 34
392.467 68
394.459 -17
396.451 -89
398.444 -58
400.436 -49
402.428 33
404.42 -46
406.412 39
408.405 -79
410.397 12
412.389 -21
414.381 20
416.374 -25
418.366 -63
420.358 -38
422.35 40
424.342 61
426.335 -67
428.327 89
430.319 22
432.311 32
434.304 76
436.296 15
438.288 -90
440.28 -74
442.272 -12
444.265 -28
446.257 -36
448.249 -7
450.241 41
452.233 -71
454.226 -34
456.218 -82
458.21 -26
460.202 -23
462.195 97
464.187 -100
466.179 19
468.171 69
470.163 22
472.156 -25
474.148 39
476.14 -47
478.132 -68
480.125 18
482.117 94
484.109 -96
486.101 79
488.093 11
490.086 -9
492.078 -88
494.07 50
496.062 -9
498.054 -97
500.047 22
502.039 89
504.031 -57
506.023 -44
508.016 23
510.008 -11
512 -83
