0 49
7.87692 62
15.7538 67
23.6308 -18
31.5077 -85
39.3846 -68
47.2615 15
55.1385 55
63.0154 95
70.8923 88
78.7692 63
86.6462 12
94.5231 -68
102.4 21
110.277 -3
118.154 -71
126.031 -40
133.908 86
141.785 -75
149.662 -56
157.538 -22
165.415 -44
173.292 69
181.169 6
189.046 28
196.923 -43
204.8 -76
212.677 94
220.554 -54
228.431 -38
236.308 -66
244.185 -73
252.062 83
259.938 -23
267.815 -91
275.692 74
283.569 -16
291.446 15
299.323 93
307.2 51
315.077 55
322.954 11
330.831 28
338.708 -55
346.585 9
354.462 -24
362.338 45
370.215 47
378.092 1
385.969 -31
393.846 -85
401.723 73
409.6 27
417.477 -64
425.354 1
433.231 86
441.108 -30
448.985 -92
456.862 -93
464.738 90
472.615 31
480.492 -21
488.369 -49
496.246 73
504.123 76
512 5
