0 68
7.87692 2
15.7538 -27
23.6308 -87
31.5077 -62
39.3846 29
47.2615 -44
55.1385 -91
63.0154 -13
70.8923 -11
78.7692 -45
86.6462 21
94.5231 -10
102.4 45
110.277 37
118.154 -4
126.031 -32
133.908 -27
141.785 23
149.662 87
157.538 -77
165.415 17
173.292 88
181.169 98
189.046 -20
196.923 -76
204.8 -19
212.677 93
220.554 -72
228.431 89
236.308 -47
244.185 71
252.062 -37
259.938 -48
267.815 -65
275.692 -61
283.569 92
291.446 -6
299.323 -26
307.2 50
315.077 37
322.954 56
330.831 -94
338.708 7
346.585 52
354.462 21
362.338 -72
370.215 -83
378.092 76
385.969 19
393.846 21
401.723 63
409.6 36
417.477 84
425.354 75
433.231 40
441.108 -15
448.985 52
456.862 96
464.738 -60
472.615 18
480.492 17
488.369 58
496.246 83
504.123 -64
512 -12
