0 -13
0.998051 64
1.9961 5
2.99415 -84
3.9922 -22
4.99025 -21
5.9883 -18
6.98635 -99
7.98441 -27
8.98246 -82
9.98051 33
10.9786 -54
11.9766 39
12.9747 12
13.9727 -57
14.9708 -80
15.9688 81
16.9669 62
17.9649 -24
18.963 21
19.961 25
20.9591 -13
21.9571 -69
22.9552 70
23.9532 -74
24.9513 96
25.9493 94
26.9474 2
27.9454 87
28.9435 38
29.9415 -55
30.9396 12
31.9376 99
32.9357 -94
33.9337 -66
34.9318 -82
35.9298 58
36.9279 100
37.9259 -72
38.924 -9
39.922 -19
40.9201 50
41.9181 -43
42.9162 -14
43.9142 -84
44.9123 35
45.9103 -8
46.9084 -16
47.9064 -89
48.9045 -47
49.9025 48
50.9006 -78
51.8986 73
52.8967 19
53.8947 47
54.8928 13
55.8908 -8
56.8889 13
57.8869 -72
58.885 12
59.883 -65
60.8811 -60
61.8791 -94
62.8772 16
63.8752 -71
64.8733 57
65.8713 70
66.8694 -24
67.8674 -31
68.8655 -28
69.8635 -86
70.8616 -59
71.8596 83
72.8577 -53
73.8558 -90
74.8538 -39
75.8519 -3
76.8499 -66
77.848 -21
78.846 -39
79.8441 13
80.8421 25
81.8402 62
82.8382 61
83.8363 -56
84.8343 60
85.8324 -7
86.8304 42
87.8285 -40
88.8265 46
89.8246 82
90.8226 -27
91.8207 -98
92.8187 94
93.8168 94
94.8148 24
95.8129 91
96.8109 -81
97.809 -40
98.807 -94
99.8051 -69
100.803 -11
101.801 91
102.799 12
103.797 98
104.795 -52
105.793 -53
106.791 20
107.789 8
108.788 -46
109.786 79
110.784 -88
111.782 34
112.78 -38
113.778 -8
114.776 -1
115.774 49
116.772 24
117.77 -91
118.768 -2
119.766 -15
120.764 -12
121.762 -88
122.76 -98
123.758 -38
124.756 -85
125.754 37
126.752 -69
127.75 40
128.749 67
129.747 33
130.745 54
131.743 -14
132.741 85
133.739 43
134.737 64
135.735 0
136.733 60
137.731 -53
138.729 99
139.727 -73
140.725 74
141.723 7
142.721 -3
143.719 -29
144.717 -60
145.715 -56
146.713 -10
147.712 77
148.71 72
149.708 100
150.706 62
151.704 -74
152.702 96
153.7 -26
154.698 23
155.696 14
156.694 74
157.692 5
158.69 -28
159.688 -20
160.686 77
161.684 -50
162.682 44
163.68 -37
164.678 17
165.676 -2
166.674 63
167.673 -50
168.671 64
169.669 -88
170.667 94
171.665 9
172.663 -82
173.661 -78
174.659 12
175.657 -46
176.655 44
177.653 -93
178.651 19
179.649 17
180.647 -88
181.645 -81
182.643 -90
183.641 96
184.639 -100
185.637 -20
186.635 -12
187.634 -26
188.632 -73
189.63 -27
190.628 -75
191.626 -100
192.624 -22
193.622 30
194.62 -59
195.618 55
196.616 8
197.614 32
198.612 -15
199.61 38
200.608 -26
201.606 -24
202.604 -24
203.602 -70
204.6 -69
205.598 26
206.596 -44
207.595 -92
208.593 -74
209.591 98
210.589 -68
211.587 -86
212.585 44
213.583 63
214.581 88
215.579 -64
216.577 -56
217.575 -35
218.573 -16
219.571 -93
220.569 -35
221.567 -52
222.565 -4
223.563 36
224.561 87
225.559 -13
226.558 -10
227.556 -73
228.554 74
229.552 3
230.55 -64
231.548 -85
232.546 80
233.544 -92
234.542 -4
235.54 20
236.538 87
237.536 89
238.534 97
239.532 -81
240.53 -36
241.528 80
242.526 -35
243.524 21
244.522 33
245.52 -6
246.519 27
247.517 -27
248.515 -56
249.513 -87
250.511 -97
251.509 -76
252.507 -62
253.505 -94
254.503 64
255.501 -47
256.499 -83
257.497 74
258.495 -1
259.493 32
260.491 2
261.489 -22
262.487 -2
263.485 100
264.483 100
265.481 51
266.48 -94
267.478 4
268.476 39
269.474 67
270.472 -57
271.47 99
272.468 -60
273.466 86
274.464 -28
275.462 43
276.46 40
277.458 54
278.456 -80
279.454 33
280.452 -53
281.45 -50
282.448 -98
283.446 64
284.444 -55
285.442 -16
286.441 -16
287.439 28
288.437 11
289.435 66
290.433 61
291.431 32
292.429 -20
293.427 -27
294.425 99
295.423 58
296.421 -37
297.419 36
298.417 -7
299.415 92
300.413 -74
301.411 4
302.409 -59
303.407 16
304.405 -77
305.404 -79
306.402 -66
307.4 -41
308.398 -6
309.396 60
310.394 74
311.392 -35
312.39 -27
313.388 -85
314.386 18
315.384 43
316.382 -32
317.38 -92
318.378 66
319.376 -55
320.374 -70
321.372 -92
322.37 -87
323.368 -23
324.366 -97
325.365 -23
326.363 27
327.361 -46
328.359 -36
329.357 -28
330.355 -76
331.353 -52
332.351 3
333.349 -37
334.347 13
335.345 77
336.343 -38
337.341 -3
338.339 -21
339.337 -55
340.335 68
341.333 -29
342.331 66
343.329 -60
344.327 -78
345.326 0
346.324 94
347.322 -52
348.32 -32
349.318 63
350.316 64
351.314 1
352.312 -98
353.31 -1
354.308 -34
355.306 99
356.304 -6
357.302 -67
358.3 71
359.298 -1
360.296 -18
361.294 85
362.292 10
363.29 -99
364.288 -6
365.287 65
366.285 32
367.283 -21
368.281 93
369.279 82
370.277 -86
371.275 -72
372.273 -57
373.271 -19
374.269 -68
375.267 -86
376.265 4
377.263 -67
378.261 -45
379.259 86
380.257 80
381.255 -27
382.253 -25
383.251 43
384.25 54
385.248 29
386.246 -62
387.244 -50
388.242 46
389.24 73
390.238 43
391.236 -21
392.234 0
393.232 -38
394.23 62
395.228 -28
396.226 -64
397.224 31
398.222 39
399.22 -7
400.218 -9
401.216 94
402.214 43
403.212 97
404.211 -13
405.209 19
406.207 76
407.205 89
408.203 13
409.201 -82
410.199 16
411.197 11
412.195 -51
413.193 25
414.191 -3
415.189 -27
416.187 -31
417.185 -35
418.183 70
419.181 -61
420.179 71
421.177 100
422.175 -47
423.173 -59
424.172 85
425.17 -89
426.168 27
427.166 78
428.164 90
429.162 9
430.16 -17
431.158 -22
432.156 -29
433.154 -72
434.152 37
435.15 36
436.148 -64
437.146 -83
438.144 -9
439.142 -36
440.14 59
441.138 15
442.136 98
443.135 88
444.133 9
445.131 60
446.129 -80
447.127 51
448.125 -73
449.123 -81
450.121 -91
451.119 -40
452.117 13
453.115 -55
454.113 -48
455.111 95
456.109 -86
457.107 -65
458.105 33
459.103 76
460.101 3
461.099 1
462.097 -16
463.096 2
464.094 57
465.092 82
466.09 7
467.088 40
468.086 -46
469.084 24
470.082 -31
471.08 -64
472.078 95
473.076 21
474.074 12
475.072 55
476.07 -6
477.068 -40
478.066 12
479.064 -43
480.062 -9
481.06 37
482.058 -45
483.057 -49
484.055 92
485.053 56
486.051 35
487.049 91
488.047 94
489.045 63
490.043 -7
491.041 74
492.039 86
493.037 78
494.035 31
495.033 -37
496.031 -82
497.029 -50
498.027 -35
499.025 -42
500.023 12
501.021 28
502.019 -52
503.018 83
504.016 -78
505.014 9
506.012 -42
507.01 -82
508.008 62
509.006 42
510.004 12
511.002 -22
