0 1
1.9845 0
3.96899 1
5.95349 0
7.93798 1
9.92248 0
11.907 1
13.8915 0
15.876 1
17.8605 0
19.845 1
21.8295 0
23.814 1
25.7984 0
27.7829 1
29.7674 0
31.7519 1
33.7364 0
35.7209 1
37.7054 0
39.6899 1
41.6744 0
43.6589 1
45.6434 0
47.6279 1
49.6124 0
51.5969 1
53.5814 0
55.5659 1
57.5504 0
59.5349 1
61.5194 0
63.5039 1
65.4884 0
67.4729 1
69.4574 0
71.4419 1
73.4264 0
75.4109 1
77.3953 0
79.3798 1
81.3643 0
83.3488 1
85.3333 0
87.3178 1
89.3023 0
91.2868 1
93.2713 0
95.2558 1
97.2403 0
99.2248 1
101.209 0
103.194 1
105.178 0
107.163 1
109.147 0
111.132 1
113.116 0
115.101 1
117.085 0
119.07 1
121.054 0
123.039 1
125.023 0
127.008 1
128.992 0
130.977 1
132.961 0
134.946 1
136.93 0
138.915 1
140.899 0
142.884 1
144.868 0
146.853 1
148.837 0
150.822 1
152.806 0
154.791 1
156.775 0
158.76 1
160.744 0
162.729 1
164.713 0
166.698 1
168.682 0
170.667 1
172.651 0
174.636 1
176.62 0
178.605 1
180.589 0
182.574 1
184.558 0
186.543 1
188.527 0
190.512 1
192.496 0
194.481 1
196.465 0
198.45 1
200.434 0
202.419 1
204.403 0
206.388 1
208.372 0
210.357 1
212.341 0
214.326 1
216.31 0
218.295 1
220.279 0
222.264 1
224.248 0
226.233 1
228.217 0
230.202 1
232.186 0
234.171 1
236.155 0
238.14 1
240.124 0
242.109 1
244.093 0
246.078 1
248.062 0
250.047 1
252.031 0
254.016 1
