0 1
3.93846 0
7.87692 1
11.8154 0
15.7538 1
19.6923 0
23.6308 1
27.5692 0
31.5077 1
35.4462 0
39.3846 1
43.3231 0
47.2615 1
51.2 0
55.1385 1
59.0769 0
63.0154 1
66.9538 0
70.8923 1
74.8308 0
78.7692 1
82.7077 0
86.6462 1
90.5846 0
94.5231 1
98.4615 0
102.4 1
106.338 0
110.277 1
114.215 0
118.154 1
122.092 0
126.031 1
129.969 0
133.908 1
137.846 0
141.785 1
145.723 0
149.662 1
153.6 0
157.538 1
161.477 0
165.415 1
169.354 0
173.292 1
177.231 0
181.169 1
185.108 0
189.046 1
192.985 0
196.923 1
200.862 0
204.8 1
208.738 0
212.677 1
216.615 0
220.554 1
224.492 0
228.431 1
232.369 0
236.308 1
240.246 0
244.185 1
248.123 0
252.062 1
256 0
