0 1
0.984615 0
1.96923 1
2.95385 0
3.93846 1
4.92308 0
5.90769 1
6.89231 0
7.87692 1
8.86154 0
9.84615 1
10.8308 0
11.8154 1
12.8 0
13.7846 1
14.7692 0
15.7538 1
16.7385 0
17.7231 1
18.7077 0
19.6923 1
20.6769 0
21.6615 1
22.6462 0
23.6308 1
24.6154 0
25.6 1
26.5846 0
27.5692 1
28.5538 0
29.5385 1
30.5231 0
31.5077 1
32.4923 0
33.4769 1
34.4615 0
35.4462 1
36.4308 0
37.4154 1
38.4 0
39.3846 1
40.3692 0
41.3538 1
42.3385 0
43.3231 1
44.3077 0
45.2923 1
46.2769 0
47.2615 1
48.2462 0
49.2308 1
50.2154 0
51.2 1
52.1846 0
53.1692 1
54.1538 0
55.1385 1
56.1231 0
57.1077 1
58.0923 0
59.0769 1
60.0615 0
61.0462 1
62.0308 0
63.0154 1
64 0
