64000 1000 1000 1 1 4 0.000384993
64000 1000 1000 1 2 6 0.000516643
64000 1000 1000 1 4 10 0.000886303
64000 1000 1000 1 8 18 0.00148196
64000 1000 1000 1 16 34 0.00268592
64000 1000 1000 1 32 67 0.00532654
64000 1000 1000 1 64 130 0.0102847
64000 1000 1000 2 2 8 0.000704492
64000 1000 1000 2 4 12 0.000948184
64000 1000 1000 2 8 20 0.00157567
64000 1000 1000 2 16 36 0.00292261
64000 1000 1000 2 32 70 0.00545987
64000 1000 1000 2 64 134 0.010659
64000 1000 1000 4 4 16 0.00126914
64000 1000 1000 4 8 24 0.00190938
64000 1000 1000 4 16 40 0.00322708
64000 1000 1000 4 32 74 0.00595504
64000 1000 1000 4 64 138 0.0107768
64000 1000 1000 8 8 32 0.00255278
64000 1000 1000 8 16 48 0.00385468
64000 1000 1000 8 32 82 0.00655451
64000 1000 1000 8 64 146 0.0115691
64000 1000 1000 16 16 64 0.00506424
64000 1000 1000 16 32 98 0.00785959
64000 1000 1000 16 64 162 0.0132203
64000 1000 1000 32 32 132 0.0113124
64000 1000 1000 32 64 195 0.0165485
64000 1000 1000 64 64 131 0.0107403
64000 1000 2000 1 1 4 0.000393038
64000 1000 2000 1 2 6 0.000522366
64000 1000 2000 1 4 10 0.000819761
64000 1000 2000 1 8 18 0.00149998
64000 1000 2000 1 16 34 0.00276056
64000 1000 2000 1 32 68 0.00541215
64000 1000 2000 2 2 8 0.000696423
64000 1000 2000 2 4 12 0.0010064
64000 1000 2000 2 8 20 0.00165479
64000 1000 2000 2 16 36 0.00292735
64000 1000 2000 2 32 70 0.00561856
64000 1000 2000 4 4 16 0.00131932
64000 1000 2000 4 8 24 0.00192776
64000 1000 2000 4 16 40 0.00318114
64000 1000 2000 4 32 74 0.00593154
64000 1000 2000 8 8 32 0.00247631
64000 1000 2000 8 16 48 0.00382875
64000 1000 2000 8 32 82 0.00659637
64000 1000 2000 16 16 64 0.0051478
64000 1000 2000 16 32 98 0.00789113
64000 1000 2000 32 32 132 0.0103196
64000 1000 4000 1 1 4 0.000356949
64000 1000 4000 1 2 6 0.000509223
64000 1000 4000 1 4 10 0.000807498
64000 1000 4000 1 8 18 0.00144683
64000 1000 4000 2 2 8 0.00068799
64000 1000 4000 2 4 12 0.000963833
64000 1000 4000 2 8 20 0.00160575
64000 1000 4000 4 4 16 0.00127254
64000 1000 4000 4 8 24 0.00193601
64000 1000 4000 8 8 32 0.00262023
64000 1000 8000 1 1 4 0.000405119
64000 1000 8000 1 2 6 0.000575099
64000 1000 8000 1 4 10 0.000904464
64000 1000 8000 2 2 8 0.000706264
64000 1000 8000 2 4 12 0.00102325
64000 1000 8000 4 4 16 0.00135765
64000 2000 1000 1 1 4 0.000358247
64000 2000 1000 1 2 6 0.000553877
64000 2000 1000 1 4 10 0.000819343
64000 2000 1000 1 8 18 0.00144214
64000 2000 1000 1 16 34 0.00276452
64000 2000 1000 1 32 67 0.00539664
64000 2000 1000 1 64 130 0.0103183
64000 2000 1000 2 2 8 0.000726319
64000 2000 1000 2 4 12 0.000999669
64000 2000 1000 2 8 20 0.00168039
64000 2000 1000 2 16 36 0.00293751
64000 2000 1000 2 32 70 0.00560718
64000 2000 1000 2 64 134 0.0106067
64000 2000 1000 4 4 16 0.00129998
64000 2000 1000 4 8 24 0.00201608
64000 2000 1000 4 16 40 0.00326094
64000 2000 1000 4 32 74 0.00594426
64000 2000 1000 4 64 138 0.0111601
64000 2000 1000 8 8 32 0.00260612
64000 2000 1000 8 16 48 0.00383576
64000 2000 1000 8 32 82 0.00641466
64000 2000 1000 8 64 146 0.0116678
64000 2000 1000 16 16 64 0.0053654
64000 2000 1000 16 32 98 0.0081842
64000 2000 1000 16 64 162 0.0134547
64000 2000 1000 32 32 131 0.0120551
64000 2000 1000 32 64 194 0.0177933
64000 2000 1000 64 64 132 0.011507
64000 2000 2000 1 1 4 0.000371535
64000 2000 2000 1 2 6 0.000573642
64000 2000 2000 1 4 10 0.000888509
64000 2000 2000 1 8 18 0.00149848
64000 2000 2000 1 16 33 0.00270796
64000 2000 2000 1 32 66 0.00517232
64000 2000 2000 2 2 8 0.000713888
64000 2000 2000 2 4 12 0.00101938
64000 2000 2000 2 8 20 0.00161995
64000 2000 2000 2 16 36 0.0028566
64000 2000 2000 2 32 70 0.00545631
64000 2000 2000 4 4 16 0.00136311
64000 2000 2000 4 8 24 0.00199792
64000 2000 2000 4 16 40 0.00316395
64000 2000 2000 4 32 74 0.00574219
64000 2000 2000 8 8 32 0.00259071
64000 2000 2000 8 16 48 0.0038902
64000 2000 2000 8 32 82 0.00662832
64000 2000 2000 16 16 64 0.00542292
64000 2000 2000 16 32 98 0.00814807
64000 2000 2000 32 32 67 0.00542251
64000 2000 4000 1 1 4 0.000365847
64000 2000 4000 1 2 6 0.000558835
64000 2000 4000 1 4 10 0.000815912
64000 2000 4000 1 8 18 0.00152698
64000 2000 4000 1 16 34 0.00309418
64000 2000 4000 2 2 8 0.000667601
64000 2000 4000 2 4 12 0.000984464
64000 2000 4000 2 8 20 0.00160443
64000 2000 4000 2 16 36 0.00283382
64000 2000 4000 4 4 16 0.00132354
64000 2000 4000 4 8 24 0.00199933
64000 2000 4000 4 16 40 0.00318978
64000 2000 4000 8 8 32 0.00257333
64000 2000 4000 8 16 48 0.00393188
64000 2000 4000 16 16 64 0.00512457
64000 2000 8000 1 1 4 0.000411114
64000 2000 8000 1 2 6 0.000526386
64000 2000 8000 1 4 10 0.00089602
64000 2000 8000 2 2 8 0.000649522
64000 2000 8000 2 4 12 0.0010012
64000 2000 8000 4 4 16 0.00131805
64000 4000 1000 1 1 4 0.000387043
64000 4000 1000 1 2 6 0.000605739
64000 4000 1000 1 4 10 0.000903091
64000 4000 1000 1 8 18 0.00155088
64000 4000 1000 1 16 34 0.00283663
64000 4000 1000 1 32 67 0.0055062
64000 4000 1000 1 64 130 0.0104044
64000 4000 1000 2 2 8 0.000785907
64000 4000 1000 2 4 12 0.00103184
64000 4000 1000 2 8 20 0.00165123
64000 4000 1000 2 16 36 0.00297247
64000 4000 1000 2 32 70 0.00573296
64000 4000 1000 2 64 134 0.0104057
64000 4000 1000 4 4 16 0.00138162
64000 4000 1000 4 8 24 0.00196015
64000 4000 1000 4 16 40 0.00328093
64000 4000 1000 4 32 74 0.00602539
64000 4000 1000 4 64 138 0.0111611
64000 4000 1000 8 8 32 0.00275433
64000 4000 1000 8 16 48 0.00401839
64000 4000 1000 8 32 82 0.00681008
64000 4000 1000 8 64 146 0.0122205
64000 4000 1000 16 16 63 0.00721414
64000 4000 1000 16 32 97 0.0109277
64000 4000 1000 16 64 161 0.0144804
64000 4000 1000 32 32 129 0.0156276
64000 4000 1000 32 64 192 0.0221963
64000 4000 1000 64 64 134 0.0140654
64000 4000 2000 1 1 4 0.000439994
64000 4000 2000 1 2 6 0.000545625
64000 4000 2000 1 4 10 0.000887601
64000 4000 2000 1 8 18 0.00147962
64000 4000 2000 1 16 33 0.00256814
64000 4000 2000 1 32 66 0.005852
64000 4000 2000 2 2 8 0.00069803
64000 4000 2000 2 4 12 0.00101253
64000 4000 2000 2 8 20 0.00163298
64000 4000 2000 2 16 36 0.00295832
64000 4000 2000 2 32 70 0.00545269
64000 4000 2000 4 4 16 0.00135663
64000 4000 2000 4 8 24 0.00189783
64000 4000 2000 4 16 40 0.00325637
64000 4000 2000 4 32 74 0.00598181
64000 4000 2000 8 8 32 0.00273268
64000 4000 2000 8 16 48 0.00401395
64000 4000 2000 8 32 82 0.00668293
64000 4000 2000 16 16 63 0.0059176
64000 4000 2000 16 32 97 0.00887684
64000 4000 2000 32 32 68 0.00582221
64000 4000 4000 1 1 4 0.000372588
64000 4000 4000 1 2 6 0.000538388
64000 4000 4000 1 4 10 0.000855637
64000 4000 4000 1 8 17 0.0013926
64000 4000 4000 1 16 32 0.00254321
64000 4000 4000 2 2 8 0.000654586
64000 4000 4000 2 4 12 0.000949002
64000 4000 4000 2 8 20 0.00159614
64000 4000 4000 2 16 36 0.00290593
64000 4000 4000 4 4 16 0.00141102
64000 4000 4000 4 8 24 0.00209812
64000 4000 4000 4 16 40 0.0032136
64000 4000 4000 8 8 32 0.00261349
64000 4000 4000 8 16 48 0.00397891
64000 4000 4000 16 16 48 0.00415413
64000 4000 8000 1 1 4 0.000405636
64000 4000 8000 1 2 6 0.000546004
64000 4000 8000 1 4 10 0.000851341
64000 4000 8000 1 8 18 0.0014046
64000 4000 8000 2 2 8 0.000687348
64000 4000 8000 2 4 12 0.000983175
64000 4000 8000 2 8 20 0.00165935
64000 4000 8000 4 4 16 0.00131835
64000 4000 8000 4 8 24 0.0020238
64000 4000 8000 8 8 32 0.00266339
64000 8000 1000 1 1 4 0.000412054
64000 8000 1000 1 2 6 0.000552601
64000 8000 1000 1 4 10 0.00100409
64000 8000 1000 1 8 18 0.00165011
64000 8000 1000 1 16 34 0.00268721
64000 8000 1000 1 32 67 0.00537577
64000 8000 1000 1 64 130 0.0104542
64000 8000 1000 2 2 8 0.000717951
64000 8000 1000 2 4 12 0.0011442
64000 8000 1000 2 8 20 0.00166404
64000 8000 1000 2 16 36 0.0029054
64000 8000 1000 2 32 70 0.00565563
64000 8000 1000 2 64 134 0.0109454
64000 8000 1000 4 4 16 0.00150252
64000 8000 1000 4 8 24 0.00207311
64000 8000 1000 4 16 40 0.00352623
64000 8000 1000 4 32 74 0.00618147
64000 8000 1000 4 64 138 0.0114645
64000 8000 1000 8 8 31 0.00296894
64000 8000 1000 8 16 47 0.00502568
64000 8000 1000 8 32 81 0.00734009
64000 8000 1000 8 64 145 0.0128525
64000 8000 1000 16 16 62 0.00866819
64000 8000 1000 16 32 96 0.0109104
64000 8000 1000 16 64 160 0.0178445
64000 8000 1000 32 32 125 0.0264305
64000 8000 1000 32 64 188 0.0371032
64000 8000 1000 64 64 138 0.0230831
64000 8000 2000 1 1 4 0.000391291
64000 8000 2000 1 2 6 0.000545685
64000 8000 2000 1 4 10 0.000941588
64000 8000 2000 1 8 18 0.00142036
64000 8000 2000 1 16 33 0.00261294
64000 8000 2000 1 32 66 0.00529006
64000 8000 2000 2 2 8 0.00072258
64000 8000 2000 2 4 12 0.00111414
64000 8000 2000 2 8 20 0.00167448
64000 8000 2000 2 16 36 0.00297498
64000 8000 2000 2 32 70 0.00562823
64000 8000 2000 4 4 16 0.00143051
64000 8000 2000 4 8 24 0.00198926
64000 8000 2000 4 16 40 0.00331723
64000 8000 2000 4 32 74 0.0061359
64000 8000 2000 8 8 31 0.00294055
64000 8000 2000 8 16 47 0.00431681
64000 8000 2000 8 32 81 0.00719446
64000 8000 2000 16 16 61 0.00719149
64000 8000 2000 16 32 95 0.0108129
64000 8000 2000 32 32 70 0.00730767
64000 8000 4000 1 1 4 0.000381148
64000 8000 4000 1 2 6 0.000561793
64000 8000 4000 1 4 10 0.000806802
64000 8000 4000 1 8 17 0.00143921
64000 8000 4000 1 16 32 0.00250651
64000 8000 4000 2 2 8 0.000787793
64000 8000 4000 2 4 12 0.000962143
64000 8000 4000 2 8 20 0.00164393
64000 8000 4000 2 16 36 0.00294942
64000 8000 4000 4 4 16 0.00133562
64000 8000 4000 4 8 24 0.00199288
64000 8000 4000 4 16 40 0.00343731
64000 8000 4000 8 8 31 0.00284335
64000 8000 4000 8 16 47 0.00425727
64000 8000 4000 16 16 48 0.00444132
64000 8000 8000 1 1 4 0.000361715
64000 8000 8000 1 2 6 0.00056458
64000 8000 8000 1 4 9 0.000745956
64000 8000 8000 1 8 16 0.00134198
64000 8000 8000 2 2 8 0.00072443
64000 8000 8000 2 4 12 0.00105176
64000 8000 8000 2 8 20 0.00165316
64000 8000 8000 4 4 16 0.00148288
64000 8000 8000 4 8 24 0.00196602
64000 8000 8000 8 8 24 0.002001
128000 1000 1000 1 1 4 0.000358488
128000 1000 1000 1 2 6 0.000556744
128000 1000 1000 1 4 10 0.000805977
128000 1000 1000 1 8 18 0.00148078
128000 1000 1000 1 16 34 0.00262867
128000 1000 1000 1 32 68 0.00542441
128000 1000 1000 1 64 131 0.0103827
128000 1000 1000 1 128 256 0.0209958
128000 1000 1000 2 2 8 0.000679832
128000 1000 1000 2 4 12 0.00100954
128000 1000 1000 2 8 20 0.00160404
128000 1000 1000 2 16 36 0.00289486
128000 1000 1000 2 32 70 0.00565634
128000 1000 1000 2 64 134 0.0107373
128000 1000 1000 2 128 260 0.0212198
128000 1000 1000 4 4 16 0.00132882
128000 1000 1000 4 8 24 0.00187481
128000 1000 1000 4 16 40 0.00325841
128000 1000 1000 4 32 74 0.00582382
128000 1000 1000 4 64 138 0.0110748
128000 1000 1000 4 128 264 0.021491
128000 1000 1000 8 8 32 0.00254099
128000 1000 1000 8 16 48 0.0038748
128000 1000 1000 8 32 82 0.00661026
128000 1000 1000 8 64 146 0.0117659
128000 1000 1000 8 128 272 0.0224332
128000 1000 1000 16 16 64 0.00506597
128000 1000 1000 16 32 98 0.00790304
128000 1000 1000 16 64 162 0.0130886
128000 1000 1000 16 128 288 0.0237124
128000 1000 1000 32 32 132 0.0105479
128000 1000 1000 32 64 196 0.0160152
128000 1000 1000 32 128 321 0.0269775
128000 1000 1000 64 64 260 0.0226619
128000 1000 1000 64 128 385 0.0337225
128000 1000 1000 128 128 384 0.0349927
128000 1000 2000 1 1 4 0.000386994
128000 1000 2000 1 2 6 0.000497303
128000 1000 2000 1 4 10 0.000828088
128000 1000 2000 1 8 18 0.00148293
128000 1000 2000 1 16 34 0.00274262
128000 1000 2000 1 32 68 0.00545889
128000 1000 2000 1 64 132 0.0116964
128000 1000 2000 2 2 8 0.000701541
128000 1000 2000 2 4 12 0.000998802
128000 1000 2000 2 8 20 0.00161951
128000 1000 2000 2 16 36 0.00286187
128000 1000 2000 2 32 70 0.00545256
128000 1000 2000 2 64 134 0.0114732
128000 1000 2000 4 4 16 0.00135118
128000 1000 2000 4 8 24 0.00203109
128000 1000 2000 4 16 40 0.00310098
128000 1000 2000 4 32 74 0.00579089
128000 1000 2000 4 64 138 0.0110672
128000 1000 2000 8 8 32 0.00255044
128000 1000 2000 8 16 48 0.00388006
128000 1000 2000 8 32 82 0.00657419
128000 1000 2000 8 64 146 0.0116893
128000 1000 2000 16 16 64 0.00518196
128000 1000 2000 16 32 98 0.00790135
128000 1000 2000 16 64 162 0.0129716
128000 1000 2000 32 32 132 0.0106484
128000 1000 2000 32 64 196 0.0159003
128000 1000 2000 64 64 260 0.0213193
128000 1000 4000 1 1 4 0.000446834
128000 1000 4000 1 2 6 0.000542391
128000 1000 4000 1 4 10 0.000817648
128000 1000 4000 1 8 18 0.00145696
128000 1000 4000 1 16 34 0.00274938
128000 1000 4000 2 2 8 0.000695612
128000 1000 4000 2 4 12 0.000974832
128000 1000 4000 2 8 20 0.00159739
128000 1000 4000 2 16 36 0.00293763
128000 1000 4000 4 4 16 0.00130805
128000 1000 4000 4 8 24 0.00198234
128000 1000 4000 4 16 40 0.00322993
128000 1000 4000 8 8 32 0.00263855
128000 1000 4000 8 16 48 0.0039074
128000 1000 4000 16 16 64 0.00520002
128000 1000 8000 1 1 4 0.000390522
128000 1000 8000 1 2 6 0.000511177
128000 1000 8000 1 4 10 0.000842093
128000 1000 8000 1 8 18 0.00155875
128000 1000 8000 2 2 8 0.000665411
128000 1000 8000 2 4 12 0.000978614
128000 1000 8000 2 8 20 0.0016138
128000 1000 8000 4 4 16 0.0013416
128000 1000 8000 4 8 24 0.00192801
128000 1000 8000 8 8 32 0.00254575
128000 2000 1000 1 1 4 0.00039862
128000 2000 1000 1 2 6 0.000553947
128000 2000 1000 1 4 10 0.000808147
128000 2000 1000 1 8 18 0.00141833
128000 2000 1000 1 16 34 0.00268975
128000 2000 1000 1 32 68 0.00527237
128000 2000 1000 1 64 131 0.010397
128000 2000 1000 1 128 256 0.0231368
128000 2000 1000 2 2 8 0.0006887
128000 2000 1000 2 4 12 0.000994214
128000 2000 1000 2 8 20 0.00164598
128000 2000 1000 2 16 36 0.00290683
128000 2000 1000 2 32 70 0.00558968
128000 2000 1000 2 64 134 0.010661
128000 2000 1000 2 128 260 0.0211339
128000 2000 1000 4 4 16 0.00129818
128000 2000 1000 4 8 24 0.00183881
128000 2000 1000 4 16 40 0.00314217
128000 2000 1000 4 32 74 0.00595767
128000 2000 1000 4 64 138 0.0109317
128000 2000 1000 4 128 264 0.0225031
128000 2000 1000 8 8 32 0.00251296
128000 2000 1000 8 16 48 0.00387575
128000 2000 1000 8 32 82 0.00657055
128000 2000 1000 8 64 146 0.0114858
128000 2000 1000 8 128 272 0.0229188
128000 2000 1000 16 16 64 0.0052205
128000 2000 1000 16 32 98 0.00769136
128000 2000 1000 16 64 162 0.0129592
128000 2000 1000 16 128 288 0.0243469
128000 2000 1000 32 32 132 0.0111415
128000 2000 1000 32 64 196 0.0165358
128000 2000 1000 32 128 321 0.0278202
128000 2000 1000 64 64 259 0.0243878
128000 2000 1000 64 128 384 0.0367142
128000 2000 1000 128 128 384 0.047248
128000 2000 2000 1 1 4 0.000367673
128000 2000 2000 1 2 6 0.000567341
128000 2000 2000 1 4 10 0.000887002
128000 2000 2000 1 8 18 0.00150236
128000 2000 2000 1 16 34 0.00265664
128000 2000 2000 1 32 67 0.00541776
128000 2000 2000 1 64 130 0.0101267
128000 2000 2000 2 2 8 0.000722641
128000 2000 2000 2 4 12 0.00106994
128000 2000 2000 2 8 20 0.00161454
128000 2000 2000 2 16 36 0.00280702
128000 2000 2000 2 32 70 0.00565324
128000 2000 2000 2 64 134 0.0106738
128000 2000 2000 4 4 16 0.00128322
128000 2000 2000 4 8 24 0.00193242
128000 2000 2000 4 16 40 0.00329896
128000 2000 2000 4 32 74 0.00588972
128000 2000 2000 4 64 138 0.011132
128000 2000 2000 8 8 32 0.0026398
128000 2000 2000 8 16 48 0.00380607
128000 2000 2000 8 32 82 0.0066492
128000 2000 2000 8 64 146 0.0116753
128000 2000 2000 16 16 64 0.00500755
128000 2000 2000 16 32 98 0.00792502
128000 2000 2000 16 64 162 0.0132333
128000 2000 2000 32 32 132 0.0111676
128000 2000 2000 32 64 195 0.0163878
128000 2000 2000 64 64 131 0.0107341
128000 2000 4000 1 1 4 0.000369867
128000 2000 4000 1 2 6 0.000549182
128000 2000 4000 1 4 10 0.000803817
128000 2000 4000 1 8 18 0.00140647
128000 2000 4000 1 16 34 0.00267967
128000 2000 4000 1 32 68 0.00542315
128000 2000 4000 2 2 8 0.000683875
128000 2000 4000 2 4 12 0.000990897
128000 2000 4000 2 8 20 0.0016366
128000 2000 4000 2 16 36 0.00296492
128000 2000 4000 2 32 70 0.00544311
128000 2000 4000 4 4 16 0.00131681
128000 2000 4000 4 8 24 0.00201932
128000 2000 4000 4 16 40 0.00324946
128000 2000 4000 4 32 74 0.00583591
128000 2000 4000 8 8 32 0.0025845
128000 2000 4000 8 16 48 0.00377809
128000 2000 4000 8 32 82 0.00643623
128000 2000 4000 16 16 64 0.00513367
128000 2000 4000 16 32 98 0.00785457
128000 2000 4000 32 32 132 0.0105234
128000 2000 8000 1 1 4 0.000404481
128000 2000 8000 1 2 6 0.000498815
128000 2000 8000 1 4 10 0.00080501
128000 2000 8000 1 8 18 0.00147885
128000 2000 8000 2 2 8 0.00069763
128000 2000 8000 2 4 12 0.00102656
128000 2000 8000 2 8 20 0.00162574
128000 2000 8000 4 4 16 0.00143189
128000 2000 8000 4 8 24 0.00203337
128000 2000 8000 8 8 32 0.00262621
128000 4000 1000 1 1 4 0.000363605
128000 4000 1000 1 2 6 0.000553569
128000 4000 1000 1 4 10 0.000916912
128000 4000 1000 1 8 18 0.00149929
128000 4000 1000 1 16 34 0.00277838
128000 4000 1000 1 32 68 0.00545762
128000 4000 1000 1 64 131 0.0105248
128000 4000 1000 1 128 256 0.0206614
128000 4000 1000 2 2 8 0.000676626
128000 4000 1000 2 4 12 0.00108695
128000 4000 1000 2 8 20 0.00160906
128000 4000 1000 2 16 36 0.00282377
128000 4000 1000 2 32 70 0.00560292
128000 4000 1000 2 64 134 0.010819
128000 4000 1000 2 128 260 0.0213023
128000 4000 1000 4 4 16 0.00145434
128000 4000 1000 4 8 24 0.00201415
128000 4000 1000 4 16 40 0.00308307
128000 4000 1000 4 32 74 0.00588255
128000 4000 1000 4 64 138 0.0112064
128000 4000 1000 4 128 264 0.0217159
128000 4000 1000 8 8 32 0.00267102
128000 4000 1000 8 16 48 0.00383484
128000 4000 1000 8 32 82 0.00668543
128000 4000 1000 8 64 146 0.0120209
128000 4000 1000 8 128 272 0.0225114
128000 4000 1000 16 16 64 0.00531961
128000 4000 1000 16 32 98 0.0081094
128000 4000 1000 16 64 162 0.0135422
128000 4000 1000 16 128 288 0.0244083
128000 4000 1000 32 32 131 0.0122249
128000 4000 1000 32 64 195 0.0180538
128000 4000 1000 32 128 320 0.0296865
128000 4000 1000 64 64 257 0.0315383
128000 4000 1000 64 128 382 0.0458789
128000 4000 1000 128 128 384 0.04803
128000 4000 2000 1 1 4 0.000372911
128000 4000 2000 1 2 6 0.000543614
128000 4000 2000 1 4 10 0.000875323
128000 4000 2000 1 8 18 0.0014698
128000 4000 2000 1 16 34 0.00275813
128000 4000 2000 1 32 67 0.00547876
128000 4000 2000 1 64 130 0.0103288
128000 4000 2000 2 2 8 0.000677076
128000 4000 2000 2 4 12 0.000965535
128000 4000 2000 2 8 20 0.00158361
128000 4000 2000 2 16 36 0.00275556
128000 4000 2000 2 32 70 0.00558255
128000 4000 2000 2 64 134 0.0106512
128000 4000 2000 4 4 16 0.00140444
128000 4000 2000 4 8 24 0.00194873
128000 4000 2000 4 16 40 0.00318976
128000 4000 2000 4 32 74 0.00585429
128000 4000 2000 4 64 138 0.0110378
128000 4000 2000 8 8 32 0.00263102
128000 4000 2000 8 16 48 0.00389015
128000 4000 2000 8 32 82 0.00650113
128000 4000 2000 8 64 146 0.0118401
128000 4000 2000 16 16 64 0.00535652
128000 4000 2000 16 32 98 0.00821572
128000 4000 2000 16 64 162 0.0134498
128000 4000 2000 32 32 131 0.012207
128000 4000 2000 32 64 194 0.0178
128000 4000 2000 64 64 132 0.0113665
128000 4000 4000 1 1 4 0.000408837
128000 4000 4000 1 2 6 0.000507655
128000 4000 4000 1 4 10 0.000864057
128000 4000 4000 1 8 18 0.00150198
128000 4000 4000 1 16 33 0.00268275
128000 4000 4000 1 32 66 0.00521755
128000 4000 4000 2 2 8 0.000698158
128000 4000 4000 2 4 12 0.00103073
128000 4000 4000 2 8 20 0.0015833
128000 4000 4000 2 16 36 0.00278479
128000 4000 4000 2 32 70 0.00551084
128000 4000 4000 4 4 16 0.00136261
128000 4000 4000 4 8 24 0.00198562
128000 4000 4000 4 16 40 0.00328029
128000 4000 4000 4 32 74 0.00588812
128000 4000 4000 8 8 32 0.00256093
128000 4000 4000 8 16 48 0.00384377
128000 4000 4000 8 32 82 0.00643403
128000 4000 4000 16 16 64 0.00534585
128000 4000 4000 16 32 98 0.00811603
128000 4000 4000 32 32 67 0.0055352
128000 4000 8000 1 1 4 0.000367179
128000 4000 8000 1 2 6 0.000527194
128000 4000 8000 1 4 10 0.000859063
128000 4000 8000 1 8 18 0.00151375
128000 4000 8000 1 16 34 0.00275298
128000 4000 8000 2 2 8 0.000663475
128000 4000 8000 2 4 12 0.00101495
128000 4000 8000 2 8 20 0.00157651
128000 4000 8000 2 16 36 0.00279536
128000 4000 8000 4 4 16 0.00125759
128000 4000 8000 4 8 24 0.0019534
128000 4000 8000 4 16 40 0.00326382
128000 4000 8000 8 8 32 0.00267372
128000 4000 8000 8 16 48 0.00373707
128000 4000 8000 16 16 64 0.00506565
128000 8000 1000 1 1 4 0.000402744
128000 8000 1000 1 2 6 0.000553097
128000 8000 1000 1 4 10 0.000973425
128000 8000 1000 1 8 18 0.00154538
128000 8000 1000 1 16 34 0.00283224
128000 8000 1000 1 32 68 0.00545715
128000 8000 1000 1 64 131 0.0106272
128000 8000 1000 1 128 256 0.0209702
128000 8000 1000 2 2 8 0.000746316
128000 8000 1000 2 4 12 0.0011987
128000 8000 1000 2 8 20 0.00180421
128000 8000 1000 2 16 36 0.00287034
128000 8000 1000 2 32 70 0.00565381
128000 8000 1000 2 64 134 0.0107447
128000 8000 1000 2 128 260 0.0211098
128000 8000 1000 4 4 16 0.00141854
128000 8000 1000 4 8 24 0.00201396
128000 8000 1000 4 16 40 0.00321249
128000 8000 1000 4 32 74 0.00594096
128000 8000 1000 4 64 138 0.0110519
128000 8000 1000 4 128 264 0.0217159
128000 8000 1000 8 8 32 0.00281174
128000 8000 1000 8 16 48 0.00404075
128000 8000 1000 8 32 82 0.00670821
128000 8000 1000 8 64 146 0.0121145
128000 8000 1000 8 128 272 0.0227231
128000 8000 1000 16 16 63 0.0059577
128000 8000 1000 16 32 97 0.00885124
128000 8000 1000 16 64 161 0.0146937
128000 8000 1000 16 128 287 0.0262323
128000 8000 1000 32 32 130 0.0186999
128000 8000 1000 32 64 194 0.0270891
128000 8000 1000 32 128 319 0.0367194
128000 8000 1000 64 64 253 0.0557264
128000 8000 1000 64 128 378 0.0778208
128000 8000 1000 128 128 384 0.0825331
128000 8000 2000 1 1 4 0.000390036
128000 8000 2000 1 2 6 0.000523933
128000 8000 2000 1 4 10 0.000891
128000 8000 2000 1 8 18 0.00146345
128000 8000 2000 1 16 34 0.00274943
128000 8000 2000 1 32 67 0.00521262
128000 8000 2000 1 64 130 0.0103743
128000 8000 2000 2 2 8 0.000727295
128000 8000 2000 2 4 12 0.00104636
128000 8000 2000 2 8 20 0.00163513
128000 8000 2000 2 16 36 0.0029177
128000 8000 2000 2 32 70 0.00560826
128000 8000 2000 2 64 134 0.0107143
128000 8000 2000 4 4 16 0.0013488
128000 8000 2000 4 8 24 0.0019619
128000 8000 2000 4 16 40 0.00325772
128000 8000 2000 4 32 74 0.00584238
128000 8000 2000 4 64 138 0.0109007
128000 8000 2000 8 8 32 0.00266417
128000 8000 2000 8 16 48 0.00412541
128000 8000 2000 8 32 82 0.00680762
128000 8000 2000 8 64 146 0.0120027
128000 8000 2000 16 16 63 0.00731859
128000 8000 2000 16 32 97 0.0109168
128000 8000 2000 16 64 161 0.0145079
128000 8000 2000 32 32 129 0.0187205
128000 8000 2000 32 64 192 0.0222388
128000 8000 2000 64 64 134 0.0140326
128000 8000 4000 1 1 4 0.000367339
128000 8000 4000 1 2 6 0.000578165
128000 8000 4000 1 4 10 0.000804397
128000 8000 4000 1 8 18 0.00145858
128000 8000 4000 1 16 33 0.00266209
128000 8000 4000 1 32 66 0.00522383
128000 8000 4000 2 2 8 0.000740736
128000 8000 4000 2 4 12 0.00100396
128000 8000 4000 2 8 20 0.0015957
128000 8000 4000 2 16 36 0.00284713
128000 8000 4000 2 32 70 0.00564638
128000 8000 4000 4 4 16 0.0013151
128000 8000 4000 4 8 24 0.00191587
128000 8000 4000 4 16 40 0.00320465
128000 8000 4000 4 32 74 0.005868
128000 8000 4000 8 8 32 0.0027483
128000 8000 4000 8 16 48 0.00403682
128000 8000 4000 8 32 82 0.00679393
128000 8000 4000 16 16 63 0.0058828
128000 8000 4000 16 32 97 0.00884473
128000 8000 4000 32 32 68 0.00583977
128000 8000 8000 1 1 4 0.000358617
128000 8000 8000 1 2 6 0.000531223
128000 8000 8000 1 4 10 0.000806238
128000 8000 8000 1 8 17 0.00135945
128000 8000 8000 1 16 32 0.00260467
128000 8000 8000 2 2 8 0.000715746
128000 8000 8000 2 4 12 0.00097619
128000 8000 8000 2 8 20 0.00159298
128000 8000 8000 2 16 36 0.00292044
128000 8000 8000 4 4 16 0.00135905
128000 8000 8000 4 8 24 0.0020571
128000 8000 8000 4 16 40 0.00330805
128000 8000 8000 8 8 32 0.00267485
128000 8000 8000 8 16 48 0.00389922
128000 8000 8000 16 16 48 0.00397399
256000 1000 1000 1 1 4 0.000372609
256000 1000 1000 1 2 6 0.000517537
256000 1000 1000 1 4 10 0.000853524
256000 1000 1000 1 8 18 0.00149947
256000 1000 1000 1 16 34 0.00275301
256000 1000 1000 1 32 68 0.00539318
256000 1000 1000 1 64 132 0.0104623
256000 1000 1000 1 128 257 0.0207355
256000 1000 1000 1 256 514 0.0437116
256000 1000 1000 2 2 8 0.000677
256000 1000 1000 2 4 12 0.000988192
256000 1000 1000 2 8 20 0.00154173
256000 1000 1000 2 16 36 0.00274942
256000 1000 1000 2 32 70 0.00543589
256000 1000 1000 2 64 134 0.01048
256000 1000 1000 2 128 260 0.0212084
256000 1000 1000 2 256 518 0.0433076
256000 1000 1000 4 4 16 0.00122126
256000 1000 1000 4 8 24 0.00184142
256000 1000 1000 4 16 40 0.00302495
256000 1000 1000 4 32 74 0.00569953
256000 1000 1000 4 64 138 0.0110357
256000 1000 1000 4 128 264 0.0213743
256000 1000 1000 4 256 522 0.0444269
256000 1000 1000 8 8 32 0.00255669
256000 1000 1000 8 16 48 0.00378537
256000 1000 1000 8 32 82 0.00650813
256000 1000 1000 8 64 146 0.011581
256000 1000 1000 8 128 272 0.0219545
256000 1000 1000 8 256 530 0.0453427
256000 1000 1000 16 16 64 0.0050807
256000 1000 1000 16 32 98 0.0080259
256000 1000 1000 16 64 162 0.0131328
256000 1000 1000 16 128 288 0.0235482
256000 1000 1000 16 256 546 0.0476971
256000 1000 1000 32 32 132 0.010635
256000 1000 1000 32 64 196 0.0157486
256000 1000 1000 32 128 322 0.0266525
256000 1000 1000 32 256 579 0.0504532
256000 1000 1000 64 64 260 0.0212392
256000 1000 1000 64 128 386 0.0323468
256000 1000 1000 64 256 643 0.0569663
256000 1000 1000 128 128 512 0.0467299
256000 1000 1000 128 256 770 0.0728027
256000 1000 1000 256 256 515 0.0484184
256000 1000 2000 1 1 4 0.000388656
256000 1000 2000 1 2 6 0.000510027
256000 1000 2000 1 4 10 0.000855067
256000 1000 2000 1 8 18 0.00149475
256000 1000 2000 1 16 34 0.00257546
256000 1000 2000 1 32 68 0.0051326
256000 1000 2000 1 64 132 0.0103936
256000 1000 2000 1 128 258 0.0207631
256000 1000 2000 2 2 8 0.00072376
256000 1000 2000 2 4 12 0.000978981
256000 1000 2000 2 8 20 0.00165955
256000 1000 2000 2 16 36 0.00296605
256000 1000 2000 2 32 70 0.00590476
256000 1000 2000 2 64 134 0.0106949
256000 1000 2000 2 128 260 0.0220751
256000 1000 2000 4 4 16 0.00137285
256000 1000 2000 4 8 24 0.00205588
256000 1000 2000 4 16 40 0.00319297
256000 1000 2000 4 32 74 0.00582917
256000 1000 2000 4 64 138 0.0110085
256000 1000 2000 4 128 264 0.0216588
256000 1000 2000 8 8 32 0.00257567
256000 1000 2000 8 16 48 0.00379594
256000 1000 2000 8 32 82 0.00643271
256000 1000 2000 8 64 146 0.0117538
256000 1000 2000 8 128 272 0.0220408
256000 1000 2000 16 16 64 0.0051178
256000 1000 2000 16 32 98 0.00768284
256000 1000 2000 16 64 162 0.012911
256000 1000 2000 16 128 288 0.0234916
256000 1000 2000 32 32 132 0.0107412
256000 1000 2000 32 64 196 0.0162929
256000 1000 2000 32 128 322 0.026743
256000 1000 2000 64 64 260 0.0212963
256000 1000 2000 64 128 386 0.0321703
256000 1000 2000 128 128 512 0.0440406
256000 1000 4000 1 1 4 0.00041837
256000 1000 4000 1 2 6 0.00051968
256000 1000 4000 1 4 10 0.000885769
256000 1000 4000 1 8 18 0.00150573
256000 1000 4000 1 16 34 0.00278107
256000 1000 4000 1 32 68 0.00537266
256000 1000 4000 2 2 8 0.000667405
256000 1000 4000 2 4 12 0.000963718
256000 1000 4000 2 8 20 0.00160754
256000 1000 4000 2 16 36 0.00280172
256000 1000 4000 2 32 70 0.00557205
256000 1000 4000 4 4 16 0.00131181
256000 1000 4000 4 8 24 0.00187601
256000 1000 4000 4 16 40 0.00319186
256000 1000 4000 4 32 74 0.00567925
256000 1000 4000 8 8 32 0.00254805
256000 1000 4000 8 16 48 0.00374548
256000 1000 4000 8 32 82 0.00641365
256000 1000 4000 16 16 64 0.0050481
256000 1000 4000 16 32 98 0.00787958
256000 1000 4000 32 32 132 0.0105732
256000 1000 8000 1 1 4 0.000356843
256000 1000 8000 1 2 6 0.000508995
256000 1000 8000 1 4 10 0.000901875
256000 1000 8000 1 8 18 0.00140983
256000 1000 8000 1 16 34 0.00273687
256000 1000 8000 2 2 8 0.000718084
256000 1000 8000 2 4 12 0.00105631
256000 1000 8000 2 8 20 0.00157716
256000 1000 8000 2 16 36 0.00287572
256000 1000 8000 4 4 16 0.00126393
256000 1000 8000 4 8 24 0.00186062
256000 1000 8000 4 16 40 0.003138
256000 1000 8000 8 8 32 0.00257128
256000 1000 8000 8 16 48 0.00386401
256000 1000 8000 16 16 64 0.00509629
256000 2000 1000 1 1 4 0.000372303
256000 2000 1000 1 2 6 0.000522499
256000 2000 1000 1 4 10 0.00084095
256000 2000 1000 1 8 18 0.00142118
256000 2000 1000 1 16 34 0.00262005
256000 2000 1000 1 32 68 0.00520952
256000 2000 1000 1 64 132 0.010484
256000 2000 1000 1 128 257 0.0206964
256000 2000 1000 1 256 514 0.044103
256000 2000 1000 2 2 8 0.000708578
256000 2000 1000 2 4 12 0.00100043
256000 2000 1000 2 8 20 0.00162007
256000 2000 1000 2 16 36 0.00282998
256000 2000 1000 2 32 70 0.00553334
256000 2000 1000 2 64 134 0.0107243
256000 2000 1000 2 128 260 0.0208845
256000 2000 1000 2 256 518 0.0440096
256000 2000 1000 4 4 16 0.00132671
256000 2000 1000 4 8 24 0.0019538
256000 2000 1000 4 16 40 0.00318084
256000 2000 1000 4 32 74 0.00591456
256000 2000 1000 4 64 138 0.0110017
256000 2000 1000 4 128 264 0.0215215
256000 2000 1000 4 256 522 0.0464662
256000 2000 1000 8 8 32 0.00258102
256000 2000 1000 8 16 48 0.00377689
256000 2000 1000 8 32 82 0.00656435
256000 2000 1000 8 64 146 0.0117063
256000 2000 1000 8 128 272 0.021985
256000 2000 1000 8 256 530 0.0455788
256000 2000 1000 16 16 64 0.00499408
256000 2000 1000 16 32 98 0.00779439
256000 2000 1000 16 64 162 0.0131693
256000 2000 1000 16 128 288 0.0236744
256000 2000 1000 16 256 546 0.0477838
256000 2000 1000 32 32 132 0.0106304
256000 2000 1000 32 64 196 0.0160472
256000 2000 1000 32 128 322 0.0267289
256000 2000 1000 32 256 579 0.0510363
256000 2000 1000 64 64 260 0.0225384
256000 2000 1000 64 128 386 0.0337301
256000 2000 1000 64 256 643 0.0585033
256000 2000 1000 128 128 511 0.0644468
256000 2000 1000 128 256 769 0.0955507
256000 2000 1000 256 256 516 0.0507869
256000 2000 2000 1 1 4 0.000367593
256000 2000 2000 1 2 6 0.000522513
256000 2000 2000 1 4 10 0.000836272
256000 2000 2000 1 8 18 0.0014601
256000 2000 2000 1 16 34 0.00274954
256000 2000 2000 1 32 68 0.00518702
256000 2000 2000 1 64 131 0.0103648
256000 2000 2000 1 128 256 0.0207553
256000 2000 2000 2 2 8 0.000740196
256000 2000 2000 2 4 12 0.00104505
256000 2000 2000 2 8 20 0.00165435
256000 2000 2000 2 16 36 0.00286859
256000 2000 2000 2 32 70 0.00550752
256000 2000 2000 2 64 134 0.0105806
256000 2000 2000 2 128 260 0.0211038
256000 2000 2000 4 4 16 0.00134921
256000 2000 2000 4 8 24 0.00198492
256000 2000 2000 4 16 40 0.00319205
256000 2000 2000 4 32 74 0.00581432
256000 2000 2000 4 64 138 0.0109705
256000 2000 2000 4 128 264 0.0213051
256000 2000 2000 8 8 32 0.0026293
256000 2000 2000 8 16 48 0.00390906
256000 2000 2000 8 32 82 0.00641948
256000 2000 2000 8 64 146 0.011677
256000 2000 2000 8 128 272 0.0221142
256000 2000 2000 16 16 64 0.00522824
256000 2000 2000 16 32 98 0.0076753
256000 2000 2000 16 64 162 0.0129625
256000 2000 2000 16 128 288 0.0234523
256000 2000 2000 32 32 132 0.0105218
256000 2000 2000 32 64 196 0.0157073
256000 2000 2000 32 128 321 0.026744
256000 2000 2000 64 64 260 0.0224095
256000 2000 2000 64 128 385 0.0334895
256000 2000 2000 128 128 384 0.0346077
256000 2000 4000 1 1 4 0.000369918
256000 2000 4000 1 2 6 0.000529662
256000 2000 4000 1 4 10 0.00085831
256000 2000 4000 1 8 18 0.00149781
256000 2000 4000 1 16 34 0.00276833
256000 2000 4000 1 32 68 0.00521609
256000 2000 4000 1 64 132 0.0104549
256000 2000 4000 2 2 8 0.000678835
256000 2000 4000 2 4 12 0.00102419
256000 2000 4000 2 8 20 0.00164037
256000 2000 4000 2 16 36 0.00293323
256000 2000 4000 2 32 70 0.00560479
256000 2000 4000 2 64 134 0.0106155
256000 2000 4000 4 4 16 0.00133753
256000 2000 4000 4 8 24 0.00196583
256000 2000 4000 4 16 40 0.00323985
256000 2000 4000 4 32 74 0.00575151
256000 2000 4000 4 64 138 0.0108514
256000 2000 4000 8 8 32 0.00253305
256000 2000 4000 8 16 48 0.00380229
256000 2000 4000 8 32 82 0.00634903
256000 2000 4000 8 64 146 0.0116463
256000 2000 4000 16 16 64 0.00506883
256000 2000 4000 16 32 98 0.00762114
256000 2000 4000 16 64 162 0.0127759
256000 2000 4000 32 32 132 0.0107569
256000 2000 4000 32 64 196 0.0158188
256000 2000 4000 64 64 260 0.0210246
256000 2000 8000 1 1 4 0.00038969
256000 2000 8000 1 2 6 0.000575878
256000 2000 8000 1 4 10 0.00080914
256000 2000 8000 1 8 18 0.00149117
256000 2000 8000 1 16 34 0.00270349
256000 2000 8000 2 2 8 0.000697468
256000 2000 8000 2 4 12 0.00100841
256000 2000 8000 2 8 20 0.00168453
256000 2000 8000 2 16 36 0.00291615
256000 2000 8000 4 4 16 0.00128532
256000 2000 8000 4 8 24 0.00199041
256000 2000 8000 4 16 40 0.00326806
256000 2000 8000 8 8 32 0.00262031
256000 2000 8000 8 16 48 0.00379996
256000 2000 8000 16 16 64 0.00514622
256000 4000 1000 1 1 4 0.000454113
256000 4000 1000 1 2 6 0.000550892
256000 4000 1000 1 4 10 0.000868766
256000 4000 1000 1 8 18 0.00146655
256000 4000 1000 1 16 34 0.00267808
256000 4000 1000 1 32 68 0.00551259
256000 4000 1000 1 64 132 0.0104973
256000 4000 1000 1 128 257 0.0208712
256000 4000 1000 1 256 514 0.0482255
256000 4000 1000 2 2 8 0.00070685
256000 4000 1000 2 4 12 0.00107109
256000 4000 1000 2 8 20 0.00161874
256000 4000 1000 2 16 36 0.00285762
256000 4000 1000 2 32 70 0.0054893
256000 4000 1000 2 64 134 0.0106923
256000 4000 1000 2 128 260 0.021123
256000 4000 1000 2 256 518 0.04421
256000 4000 1000 4 4 16 0.0013447
256000 4000 1000 4 8 24 0.00198565
256000 4000 1000 4 16 40 0.00320736
256000 4000 1000 4 32 74 0.00586578
256000 4000 1000 4 64 138 0.011091
256000 4000 1000 4 128 264 0.0212878
256000 4000 1000 4 256 522 0.0468575
256000 4000 1000 8 8 32 0.00258878
256000 4000 1000 8 16 48 0.00371696
256000 4000 1000 8 32 82 0.00650011
256000 4000 1000 8 64 146 0.0118315
256000 4000 1000 8 128 272 0.0221888
256000 4000 1000 8 256 530 0.0456565
256000 4000 1000 16 16 64 0.00507783
256000 4000 1000 16 32 98 0.00773951
256000 4000 1000 16 64 162 0.0131279
256000 4000 1000 16 128 288 0.0238546
256000 4000 1000 16 256 546 0.0484594
256000 4000 1000 32 32 132 0.0110861
256000 4000 1000 32 64 196 0.0164162
256000 4000 1000 32 128 322 0.0276529
256000 4000 1000 32 256 579 0.0519144
256000 4000 1000 64 64 259 0.0245054
256000 4000 1000 64 128 385 0.0364327
256000 4000 1000 64 256 642 0.0628887
256000 4000 1000 128 128 509 0.0653795
256000 4000 1000 128 256 767 0.114465
256000 4000 1000 256 256 518 0.0599666
256000 4000 2000 1 1 4 0.000447113
256000 4000 2000 1 2 6 0.000571396
256000 4000 2000 1 4 10 0.000835512
256000 4000 2000 1 8 18 0.00147349
256000 4000 2000 1 16 34 0.00268869
256000 4000 2000 1 32 68 0.00540837
256000 4000 2000 1 64 131 0.0104477
256000 4000 2000 1 128 256 0.0227804
256000 4000 2000 2 2 8 0.000710473
256000 4000 2000 2 4 12 0.00100051
256000 4000 2000 2 8 20 0.00169065
256000 4000 2000 2 16 36 0.0028143
256000 4000 2000 2 32 70 0.00546992
256000 4000 2000 2 64 134 0.0107104
256000 4000 2000 2 128 260 0.0210222
256000 4000 2000 4 4 16 0.00128888
256000 4000 2000 4 8 24 0.00190242
256000 4000 2000 4 16 40 0.00322976
256000 4000 2000 4 32 74 0.00593505
256000 4000 2000 4 64 138 0.0110432
256000 4000 2000 4 128 264 0.0223334
256000 4000 2000 8 8 32 0.00257943
256000 4000 2000 8 16 48 0.0037172
256000 4000 2000 8 32 82 0.00654078
256000 4000 2000 8 64 146 0.0115468
256000 4000 2000 8 128 272 0.0224376
256000 4000 2000 16 16 64 0.00496451
256000 4000 2000 16 32 98 0.00771488
256000 4000 2000 16 64 162 0.0131395
256000 4000 2000 16 128 288 0.0240873
256000 4000 2000 32 32 132 0.0113234
256000 4000 2000 32 64 196 0.0165022
256000 4000 2000 32 128 321 0.0274443
256000 4000 2000 64 64 259 0.0245922
256000 4000 2000 64 128 384 0.0364007
256000 4000 2000 128 128 384 0.0464325
256000 4000 4000 1 1 4 0.000363963
256000 4000 4000 1 2 6 0.000560064
256000 4000 4000 1 4 10 0.000857127
256000 4000 4000 1 8 18 0.00146712
256000 4000 4000 1 16 34 0.00274186
256000 4000 4000 1 32 67 0.00518913
256000 4000 4000 1 64 130 0.0112209
256000 4000 4000 2 2 8 0.000722733
256000 4000 4000 2 4 12 0.00100467
256000 4000 4000 2 8 20 0.00159491
256000 4000 4000 2 16 36 0.00286369
256000 4000 4000 2 32 70 0.00545375
256000 4000 4000 2 64 134 0.0112575
256000 4000 4000 4 4 16 0.00127697
256000 4000 4000 4 8 24 0.00189561
256000 4000 4000 4 16 40 0.00324822
256000 4000 4000 4 32 74 0.0058747
256000 4000 4000 4 64 138 0.0108907
256000 4000 4000 8 8 32 0.00260893
256000 4000 4000 8 16 48 0.00395217
256000 4000 4000 8 32 82 0.00653074
256000 4000 4000 8 64 146 0.0119924
256000 4000 4000 16 16 64 0.0051483
256000 4000 4000 16 32 98 0.00780793
256000 4000 4000 16 64 162 0.0132046
256000 4000 4000 32 32 132 0.0113103
256000 4000 4000 32 64 195 0.0165283
256000 4000 4000 64 64 131 0.0109298
256000 4000 8000 1 1 4 0.000372454
256000 4000 8000 1 2 6 0.000573466
256000 4000 8000 1 4 10 0.000850523
256000 4000 8000 1 8 18 0.00148194
256000 4000 8000 1 16 34 0.00264268
256000 4000 8000 1 32 68 0.00595583
256000 4000 8000 2 2 8 0.000736869
256000 4000 8000 2 4 12 0.000972916
256000 4000 8000 2 8 20 0.00164541
256000 4000 8000 2 16 36 0.00289386
256000 4000 8000 2 32 70 0.0060621
256000 4000 8000 4 4 16 0.00130887
256000 4000 8000 4 8 24 0.00193373
256000 4000 8000 4 16 40 0.00321841
256000 4000 8000 4 32 74 0.00599479
256000 4000 8000 8 8 32 0.00251467
256000 4000 8000 8 16 48 0.00386991
256000 4000 8000 8 32 82 0.00648731
256000 4000 8000 16 16 64 0.00499005
256000 4000 8000 16 32 98 0.00778164
256000 4000 8000 32 32 132 0.0106892
256000 8000 1000 1 1 4 0.000388775
256000 8000 1000 1 2 6 0.000516871
256000 8000 1000 1 4 10 0.000971658
256000 8000 1000 1 8 18 0.00156335
256000 8000 1000 1 16 34 0.00264557
256000 8000 1000 1 32 68 0.00527858
256000 8000 1000 1 64 132 0.0103223
256000 8000 1000 1 128 257 0.0206883
256000 8000 1000 1 256 514 0.0438086
256000 8000 1000 2 2 8 0.000697554
256000 8000 1000 2 4 12 0.00115295
256000 8000 1000 2 8 20 0.00175177
256000 8000 1000 2 16 36 0.00284888
256000 8000 1000 2 32 70 0.00556457
256000 8000 1000 2 64 134 0.0105504
256000 8000 1000 2 128 260 0.0207125
256000 8000 1000 2 256 518 0.0445612
256000 8000 1000 4 4 16 0.00145561
256000 8000 1000 4 8 24 0.00200239
256000 8000 1000 4 16 40 0.00313314
256000 8000 1000 4 32 74 0.00562239
256000 8000 1000 4 64 138 0.0109327
256000 8000 1000 4 128 264 0.0214667
256000 8000 1000 4 256 522 0.044455
256000 8000 1000 8 8 32 0.00267859
256000 8000 1000 8 16 48 0.00378516
256000 8000 1000 8 32 82 0.00647332
256000 8000 1000 8 64 146 0.0113707
256000 8000 1000 8 128 272 0.022272
256000 8000 1000 8 256 530 0.0458441
256000 8000 1000 16 16 64 0.0054011
256000 8000 1000 16 32 98 0.00801201
256000 8000 1000 16 64 162 0.01346
256000 8000 1000 16 128 288 0.0243688
256000 8000 1000 16 256 546 0.0575878
256000 8000 1000 32 32 131 0.015136
256000 8000 1000 32 64 195 0.0220658
256000 8000 1000 32 128 321 0.0303701
256000 8000 1000 32 256 578 0.0665656
256000 8000 1000 64 64 258 0.0379581
256000 8000 1000 64 128 384 0.0456523
256000 8000 1000 64 256 641 0.0899424
256000 8000 1000 128 128 505 0.114875
256000 8000 1000 128 256 763 0.180416
256000 8000 1000 256 256 522 0.10183
256000 8000 2000 1 1 4 0.000370928
256000 8000 2000 1 2 6 0.000518763
256000 8000 2000 1 4 10 0.000863503
256000 8000 2000 1 8 18 0.00150513
256000 8000 2000 1 16 34 0.00267049
256000 8000 2000 1 32 68 0.00531764
256000 8000 2000 1 64 131 0.0103103
256000 8000 2000 1 128 256 0.0205588
256000 8000 2000 2 2 8 0.000690085
256000 8000 2000 2 4 12 0.00105226
256000 8000 2000 2 8 20 0.0016301
256000 8000 2000 2 16 36 0.00288367
256000 8000 2000 2 32 70 0.00549517
256000 8000 2000 2 64 134 0.0106523
256000 8000 2000 2 128 260 0.021143
256000 8000 2000 4 4 16 0.00137919
256000 8000 2000 4 8 24 0.0019604
256000 8000 2000 4 16 40 0.00308932
256000 8000 2000 4 32 74 0.00582573
256000 8000 2000 4 64 138 0.0110283
256000 8000 2000 4 128 264 0.02148
256000 8000 2000 8 8 32 0.00257802
256000 8000 2000 8 16 48 0.00382526
256000 8000 2000 8 32 82 0.00652191
256000 8000 2000 8 64 146 0.0117134
256000 8000 2000 8 128 272 0.0223002
256000 8000 2000 16 16 64 0.00521932
256000 8000 2000 16 32 98 0.00804793
256000 8000 2000 16 64 162 0.0135438
256000 8000 2000 16 128 288 0.02426
256000 8000 2000 32 32 131 0.0121902
256000 8000 2000 32 64 195 0.0177923
256000 8000 2000 32 128 320 0.0292557
256000 8000 2000 64 64 257 0.0315172
256000 8000 2000 64 128 382 0.0457376
256000 8000 2000 128 128 384 0.0479327
256000 8000 4000 1 1 4 0.000383769
256000 8000 4000 1 2 6 0.000519662
256000 8000 4000 1 4 10 0.000807481
256000 8000 4000 1 8 18 0.00140612
256000 8000 4000 1 16 34 0.00264918
256000 8000 4000 1 32 67 0.00523797
256000 8000 4000 1 64 130 0.0104256
256000 8000 4000 2 2 8 0.000691829
256000 8000 4000 2 4 12 0.000995895
256000 8000 4000 2 8 20 0.00167169
256000 8000 4000 2 16 36 0.00283762
256000 8000 4000 2 32 70 0.00543502
256000 8000 4000 2 64 134 0.0105457
256000 8000 4000 4 4 16 0.00130003
256000 8000 4000 4 8 24 0.00193126
256000 8000 4000 4 16 40 0.00316455
256000 8000 4000 4 32 74 0.00586033
256000 8000 4000 4 64 138 0.0109771
256000 8000 4000 8 8 32 0.00255528
256000 8000 4000 8 16 48 0.00381772
256000 8000 4000 8 32 82 0.00657118
256000 8000 4000 8 64 146 0.011775
256000 8000 4000 16 16 64 0.00533643
256000 8000 4000 16 32 98 0.00841549
256000 8000 4000 16 64 162 0.0134642
256000 8000 4000 32 32 131 0.0154946
256000 8000 4000 32 64 194 0.0177712
256000 8000 4000 64 64 132 0.011416
256000 8000 8000 1 1 4 0.000397831
256000 8000 8000 1 2 6 0.000506587
256000 8000 8000 1 4 10 0.000799611
256000 8000 8000 1 8 18 0.00146746
256000 8000 8000 1 16 33 0.002608
256000 8000 8000 1 32 66 0.00510061
256000 8000 8000 2 2 8 0.000693686
256000 8000 8000 2 4 12 0.00095485
256000 8000 8000 2 8 20 0.00163104
256000 8000 8000 2 16 36 0.00289082
256000 8000 8000 2 32 70 0.00550562
256000 8000 8000 4 4 16 0.00138872
256000 8000 8000 4 8 24 0.00196602
256000 8000 8000 4 16 40 0.00312965
256000 8000 8000 4 32 74 0.00588737
256000 8000 8000 8 8 32 0.00255709
256000 8000 8000 8 16 48 0.00381405
256000 8000 8000 8 32 82 0.00660993
256000 8000 8000 16 16 64 0.0054957
256000 8000 8000 16 32 98 0.00825809
256000 8000 8000 32 32 67 0.00541681
