0 62
7.93798 -98
15.876 73
23.814 36
31.7519 -97
39.6899 3
47.6279 1
55.5659 -3
63.5039 -19
71.4419 78
79.3798 -8
87.3178 11
95.2558 -49
103.194 85
111.132 -57
119.07 58
127.008 -69
134.946 -73
142.884 -91
150.822 22
158.76 -11
166.698 -55
174.636 -62
182.574 -1
190.512 -41
198.45 45
206.388 -85
214.326 -52
222.264 -51
230.202 -42
238.14 11
246.078 -29
254.016 -81
261.953 -91
269.891 75
277.829 -70
285.767 -86
293.705 86
301.643 28
309.581 -9
317.519 -100
325.457 -23
333.395 21
341.333 35
349.271 -7
357.209 -34
365.147 25
373.085 -56
381.023 87
388.961 -86
396.899 88
404.837 50
412.775 -73
420.713 -4
428.651 48
436.589 21
444.527 -52
452.465 -60
460.403 -58
468.341 -4
476.279 43
484.217 -26
492.155 -96
500.093 22
508.031 -12
515.969 38
523.907 -31
531.845 -46
539.783 65
547.721 36
555.659 7
563.597 -39
571.535 14
579.473 -46
587.411 -70
595.349 16
603.287 -11
611.225 -73
619.163 -23
627.101 65
635.039 -23
642.977 76
650.915 -27
658.853 -98
666.791 35
674.729 55
682.667 -52
690.605 -93
698.543 -76
706.481 -36
714.419 -14
722.357 30
730.295 -78
738.233 -42
746.171 6
754.109 -93
762.047 -94
769.984 -3
777.922 -26
785.86 13
793.798 -8
801.736 52
809.674 31
817.612 -36
825.55 -7
833.488 79
841.426 -39
849.364 -69
857.302 44
865.24 -3
873.178 59
881.116 0
889.054 -59
896.992 -42
904.93 37
912.868 -31
920.806 75
928.744 84
936.682 -48
944.62 -58
952.558 -53
960.496 -9
968.434 38
976.372 -65
984.31 17
992.248 -29
1000.19 -56
1008.12 -67
1016.06 22
