0 59
0.996109 5
1.99222 -83
2.98833 -38
3.98444 64
4.98054 45
5.97665 -5
6.97276 21
7.96887 100
8.96498 -20
9.96109 5
10.9572 42
11.9533 1
12.9494 -2
13.9455 -33
14.9416 77
15.9377 -78
16.9339 77
17.93 46
18.9261 87
19.9222 76
20.9183 52
21.9144 52
22.9105 57
23.9066 -13
24.9027 -44
25.8988 90
26.8949 -57
27.8911 52
28.8872 77
29.8833 13
30.8794 -11
31.8755 55
32.8716 -85
33.8677 3
34.8638 43
35.8599 -93
36.856 97
37.8521 68
38.8482 -72
39.8444 15
40.8405 -50
41.8366 -50
42.8327 12
43.8288 73
44.8249 37
45.821 -83
46.8171 -57
47.8132 2
48.8093 -76
49.8054 29
50.8016 -48
51.7977 -6
52.7938 56
53.7899 -66
54.786 90
55.7821 -86
56.7782 -17
57.7743 -26
58.7704 68
59.7665 -25
60.7626 -41
61.7588 12
62.7549 24
63.751 -83
64.7471 43
65.7432 -8
66.7393 -74
67.7354 -23
68.7315 25
69.7276 30
70.7237 -1
71.7198 53
72.716 1
73.7121 -86
74.7082 87
75.7043 90
76.7004 6
77.6965 31
78.6926 39
79.6887 48
80.6848 -27
81.6809 -48
82.677 6
83.6732 69
84.6693 -30
85.6654 76
86.6615 -19
87.6576 40
88.6537 10
89.6498 -25
90.6459 -98
91.642 45
92.6381 -45
93.6342 -89
94.6304 100
95.6265 29
96.6226 -83
97.6187 -26
98.6148 -49
99.6109 31
100.607 37
101.603 30
102.599 -80
103.595 -80
104.591 54
105.588 41
106.584 23
107.58 -64
108.576 -79
109.572 13
110.568 -11
111.564 98
112.56 -43
113.556 -29
114.553 -11
115.549 34
116.545 44
117.541 28
118.537 -46
119.533 17
120.529 25
121.525 -37
122.521 4
123.518 -77
124.514 -40
125.51 64
126.506 81
127.502 -86
128.498 8
129.494 -50
130.49 -99
131.486 73
132.482 -62
133.479 -36
134.475 -50
135.471 -39
136.467 8
137.463 -28
138.459 34
139.455 36
140.451 89
141.447 65
142.444 -68
143.44 -84
144.436 82
145.432 -30
146.428 -80
147.424 60
148.42 67
149.416 57
150.412 -66
151.409 36
152.405 -10
153.401 69
154.397 -88
155.393 33
156.389 -94
157.385 21
158.381 71
159.377 -69
160.374 -4
161.37 -93
162.366 -80
163.362 3
164.358 70
165.354 -50
166.35 29
167.346 -95
168.342 -97
169.339 -14
170.335 56
171.331 80
172.327 -85
173.323 99
174.319 71
175.315 -36
176.311 -44
177.307 -63
178.304 98
179.3 72
180.296 -1
181.292 7
182.288 -52
183.284 -9
184.28 29
185.276 -34
186.272 -77
187.268 88
188.265 32
189.261 -75
190.257 -28
191.253 84
192.249 18
193.245 33
194.241 -62
195.237 92
196.233 -75
197.23 28
198.226 91
199.222 12
200.218 -77
201.214 -25
202.21 -38
203.206 -55
204.202 -23
205.198 84
206.195 -28
207.191 -97
208.187 -74
209.183 63
210.179 -51
211.175 -34
212.171 49
213.167 -89
214.163 -65
215.16 45
216.156 27
217.152 -69
218.148 94
219.144 -71
220.14 -20
221.136 -28
222.132 18
223.128 50
224.125 93
225.121 25
226.117 -35
227.113 -70
228.109 67
229.105 -12
230.101 -44
231.097 -41
232.093 -64
233.089 61
234.086 75
235.082 -99
236.078 -4
237.074 -20
238.07 32
239.066 82
240.062 -27
241.058 -79
242.054 -4
243.051 60
244.047 -93
245.043 -73
246.039 49
247.035 11
248.031 82
249.027 -46
250.023 -13
251.019 79
252.016 4
253.012 87
254.008 10
255.004 -24
256 81
