0 88
7.87692 35
15.7538 -44
23.6308 92
31.5077 79
39.3846 -61
47.2615 60
55.1385 -100
63.0154 -57
70.8923 -59
78.7692 98
86.6462 28
94.5231 38
102.4 9
110.277 56
118.154 84
126.031 83
133.908 -83
141.785 -74
149.662 -27
157.538 63
165.415 91
173.292 -8
181.169 -72
189.046 86
196.923 33
204.8 -57
212.677 46
220.554 41
228.431 -35
236.308 32
244.185 92
252.062 -45
259.938 35
267.815 55
275.692 -49
283.569 -40
291.446 -61
299.323 -8
307.2 75
315.077 -26
322.954 -67
330.831 -54
338.708 74
346.585 100
354.462 23
362.338 -76
370.215 -49
378.092 -54
385.969 11
393.846 33
401.723 -30
409.6 -31
417.477 -83
425.354 18
433.231 99
441.108 -68
448.985 99
456.862 36
464.738 -75
472.615 -67
480.492 -10
488.369 -62
496.246 30
504.123 57
512 -96
