0 -100
1.99222 -5
3.98444 39
5.97665 -31
7.96887 -44
9.96109 91
11.9533 -84
13.9455 65
15.9377 -99
17.93 12
19.9222 12
21.9144 37
23.9066 73
25.8988 -16
27.8911 24
29.8833 -42
31.8755 78
33.8677 27
35.8599 -76
37.8521 -30
39.8444 93
41.8366 72
43.8288 -97
45.821 27
47.8132 35
49.8054 -40
51.7977 8
53.7899 35
55.7821 20
57.7743 -33
59.7665 -15
61.7588 57
63.751 -41
65.7432 50
67.7354 94
69.7276 -84
71.7198 27
73.7121 74
75.7043 21
77.6965 66
79.6887 -78
81.6809 12
83.6732 9
85.6654 -24
87.6576 56
89.6498 33
91.642 -39
93.6342 -26
95.6265 -6
97.6187 20
99.6109 -82
101.603 -26
103.595 33
105.588 -30
107.58 43
109.572 -79
111.564 40
113.556 40
115.549 19
117.541 31
119.533 67
121.525 95
123.518 -11
125.51 35
127.502 -31
129.494 97
131.486 -66
133.479 74
135.471 80
137.463 -19
139.455 -60
141.447 -44
143.44 -4
145.432 37
147.424 -37
149.416 -7
151.409 -76
153.401 87
155.393 52
157.385 -89
159.377 -85
161.37 64
163.362 3
165.354 58
167.346 67
169.339 91
171.331 98
173.323 99
175.315 9
177.307 98
179.3 34
181.292 -97
183.284 90
185.276 -12
187.268 13
189.261 -69
191.253 -81
193.245 -39
195.237 93
197.23 96
199.222 -51
201.214 80
203.206 8
205.198 -53
207.191 -96
209.183 -44
211.175 88
213.167 100
215.16 -100
217.152 -89
219.144 -7
221.136 51
223.128 -54
225.121 45
227.113 -97
229.105 -74
231.097 91
233.089 57
235.082 -90
237.074 42
239.066 64
241.058 47
243.051 95
245.043 60
247.035 7
249.027 -63
251.019 -59
253.012 -20
255.004 68
256.996 73
258.988 -77
260.981 84
262.973 74
264.965 -82
266.957 -99
268.949 -69
270.942 100
272.934 -6
274.926 -77
276.918 10
278.911 -52
280.903 14
282.895 -64
284.887 -92
286.879 -27
288.872 25
290.864 59
292.856 -77
294.848 93
296.84 -9
298.833 -51
300.825 87
302.817 92
304.809 -26
306.802 -85
308.794 -89
310.786 -44
312.778 -5
314.77 14
316.763 -74
318.755 6
320.747 -45
322.739 -18
324.732 -58
326.724 -12
328.716 -68
330.708 -71
332.7 -25
334.693 -30
336.685 -62
338.677 16
340.669 7
342.661 -17
344.654 -67
346.646 66
348.638 -9
350.63 -16
352.623 86
354.615 -15
356.607 -84
358.599 -62
360.591 -67
362.584 23
364.576 -68
366.568 -38
368.56 -69
370.553 35
372.545 -33
374.537 16
376.529 34
378.521 -88
380.514 -56
382.506 87
384.498 -89
386.49 -56
388.482 41
390.475 71
392.467 25
394.459 50
396.451 -91
398.444 -18
400.436 -12
402.428 -84
404.42 -89
406.412 -44
408.405 94
410.397 55
412.389 -50
414.381 -46
416.374 -30
418.366 -45
420.358 -87
422.35 100
424.342 -87
426.335 -80
428.327 71
430.319 2
432.311 -35
434.304 -73
436.296 82
438.288 -97
440.28 -80
442.272 29
444.265 39
446.257 -29
448.249 -6
450.241 -60
452.233 -53
454.226 -47
456.218 -82
458.21 21
460.202 -24
462.195 32
464.187 -7
466.179 -67
468.171 13
470.163 63
472.156 -2
474.148 3
476.14 78
478.132 -56
480.125 -64
482.117 -70
484.109 72
486.101 -47
488.093 -26
490.086 81
492.078 -23
494.07 -46
496.062 -87
498.054 74
500.047 -21
502.039 -32
504.031 -91
506.023 94
508.016 -84
510.008 63
512 -40
